Episode: 1: [[0.2 0.2 0.2 0.2 0.2]] 
Episode: 2: [[0.19500034 0.1950005  0.19500083 0.19500041 0.2049999 ]] 
Episode: 3: [[0.19733633 0.19742563 0.19780979 0.1970645  0.20261078]] 
Episode: 4: [[0.19556598 0.19540107 0.19602567 0.19778559 0.20418409]] 
Episode: 5: [[0.19660169 0.19620065 0.19683152 0.19879442 0.20323785]] 
Episode: 6: [[0.19444916 0.19385804 0.19442959 0.19667369 0.20552818]] 
Episode: 7: [[0.19389515 0.1933234  0.19347602 0.19357339 0.20689428]] 
Episode: 8: [[0.1933028  0.19279021 0.19256479 0.1908768  0.20816909]] 
Episode: 9: [[0.19281405 0.19231911 0.19169913 0.18839516 0.20932332]] 
Episode: 10: [[0.19261159 0.1921484  0.19113399 0.19054948 0.20762172]] 
Episode: 11: [[0.19178501 0.19132477 0.18991297 0.19244096 0.20647036]] 
Episode: 12: [[0.19064748 0.19019353 0.1895562  0.19328359 0.20617339]] 
Episode: 13: [[0.18911484 0.18859427 0.18909581 0.19311386 0.2068624 ]] 
Episode: 14: [[0.18824285 0.18750201 0.1889862  0.19295505 0.20731993]] 
Episode: 15: [[0.1868514  0.18590103 0.18822794 0.1927917  0.20804048]] 
Episode: 16: [[0.18513958 0.1839641  0.18716206 0.1926716  0.20888358]] 
Episode: 17: [[0.18465813 0.18298422 0.18647626 0.19225752 0.20957628]] 
Episode: 18: [[0.18472913 0.18199037 0.1869724  0.19238578 0.2095539 ]] 
Episode: 19: [[0.18475346 0.18102199 0.18735115 0.19242577 0.209625  ]] 
Episode: 20: [[0.1845913  0.17988631 0.18748926 0.19229089 0.20993532]] 
Episode: 21: [[0.18395816 0.17832166 0.18719494 0.19211881 0.21049778]] 
Episode: 22: [[0.18294683 0.17639305 0.18639839 0.19194561 0.2112706 ]] 
Episode: 23: [[0.18248154 0.17509356 0.18607756 0.19180933 0.21174026]] 
Episode: 24: [[0.18208982 0.17371033 0.18554975 0.1916715  0.21224326]] 
Episode: 25: [[0.18138131 0.17205095 0.18464439 0.19154596 0.2129023 ]] 
Episode: 26: [[0.18024497 0.17001034 0.18331234 0.19144121 0.21376511]] 
Episode: 27: [[0.17872123 0.16769518 0.18167605 0.19142573 0.21473606]] 
Episode: 28: [[0.17816323 0.16620564 0.18070585 0.19135875 0.215324  ]] 
Episode: 29: [[0.17766485 0.1647596  0.17975684 0.19129677 0.21588509]] 
Episode: 30: [[0.17767572 0.16384834 0.17922783 0.19122729 0.21619019]] 
Episode: 31: [[0.1768751  0.16223854 0.17809305 0.19109473 0.21694425]] 
Episode: 32: [[0.17623308 0.16081405 0.1770647  0.19096395 0.2176124 ]] 
Episode: 33: [[0.17607492 0.1596549  0.17503512 0.19230683 0.2170451 ]] 
Episode: 34: [[0.17599663 0.15855129 0.17314339 0.1933402  0.21668845]] 
Episode: 35: [[0.1755316  0.15712652 0.17104243 0.19425151 0.21660349]] 
Episode: 36: [[0.1746829  0.15531522 0.1686269  0.19505332 0.2168135 ]] 
Episode: 37: [[0.17400825 0.1536941  0.16642104 0.1953523  0.21733382]] 
Episode: 38: [[0.17316246 0.15193956 0.16417587 0.19560759 0.21795557]] 
Episode: 39: [[0.17270005 0.15044117 0.16195343 0.19544485 0.21880056]] 
Episode: 40: [[0.17207895 0.14881803 0.15968776 0.19528121 0.21970744]] 
Episode: 41: [[0.1719543  0.14781961 0.1580222  0.19602008 0.21954569]] 
Episode: 42: [[0.17198429 0.14700271 0.15638885 0.1967304  0.2193428 ]] 
Episode: 43: [[0.1719288  0.14608686 0.15475763 0.19732781 0.21926656]] 
Episode: 44: [[0.17231126 0.14534855 0.15372221 0.19786756 0.21903664]] 
Episode: 45: [[0.17400283 0.14583865 0.15233447 0.20083715 0.21630773]] 
Episode: 46: [[0.17582528 0.14639026 0.15125841 0.20372401 0.21359913]] 
Episode: 47: [[0.17773245 0.14697005 0.15062368 0.2064759  0.21095374]] 
Episode: 48: [[0.17924888 0.14716461 0.14975837 0.20898087 0.20864007]] 
Episode: 49: [[0.18029015 0.14691906 0.14866975 0.21129124 0.20662916]] 
Episode: 50: [[0.18179622 0.14728345 0.14874277 0.21383746 0.20418932]] 
Episode: 51: [[0.18359809 0.147774   0.14947568 0.21603858 0.20192535]] 
Episode: 52: [[0.18567917 0.1483766  0.15024795 0.21797441 0.19983529]] 
Episode: 53: [[0.18787801 0.14908251 0.15129209 0.21983744 0.19775368]] 
Episode: 54: [[0.19045572 0.15039209 0.15335344 0.2217547  0.19540079]] 
Episode: 55: [[0.1943373  0.15265211 0.1568473  0.2223347  0.19358115]] 
Episode: 56: [[0.1992057  0.15627354 0.16141272 0.22297528 0.19107553]] 
Episode: 57: [[0.20497125 0.16120848 0.16669746 0.22397713 0.18751526]] 
Episode: 58: [[0.21134877 0.16648763 0.16926146 0.2241461  0.18457392]] 
Episode: 59: [[0.21599452 0.17074828 0.17324536 0.2220309  0.18026938]] 
Episode: 60: [[0.22165895 0.17603637 0.17839295 0.21931483 0.17487031]] 
Episode: 61: [[0.22548234 0.17985977 0.17456955 0.21549143 0.17104691]] 
Episode: 62: [[0.22901957 0.18345101 0.17103243 0.21208863 0.16737415]] 
Episode: 63: [[0.23223035 0.18671751 0.16782276 0.20900005 0.16403872]] 
Episode: 64: [[0.23506032 0.18902795 0.16500308 0.20629147 0.16112785]] 
Episode: 65: [[0.2395421  0.19338845 0.16036825 0.20234361 0.15641311]] 
Episode: 66: [[0.24398604 0.19862087 0.15944852 0.19879703 0.15066202]] 
Episode: 67: [[0.2480168  0.20336665 0.15861431 0.19558026 0.14544566]] 
Episode: 68: [[0.25167245 0.20767078 0.15785773 0.19266286 0.14071475]] 
Episode: 69: [[0.25498754 0.21157393 0.15717162 0.19001724 0.13642456]] 
Episode: 70: [[0.25799352 0.21511312 0.15654951 0.18761829 0.1325344 ]] 
Episode: 71: [[0.26071894 0.21832198 0.15598546 0.18544324 0.12900734]] 
Episode: 72: [[0.26318976 0.22123106 0.15547411 0.18347138 0.12580979]] 
Episode: 73: [[0.26542956 0.2238681  0.15501058 0.18168388 0.12291122]] 
Episode: 74: [[0.26745972 0.22625835 0.15459043 0.18006366 0.12028392]] 
Episode: 75: [[0.26929972 0.2284247  0.15420963 0.17859522 0.11790273]] 
Episode: 76: [[0.27096725 0.23038796 0.15386453 0.17726442 0.11574475]] 
