53702.808594 14207.693359 12100.033203 18995.666016 53531.347656 
68002.375000 24945.679688 25069.804688 22236.705078 54009.531250 
65371.539062 16501.656250 18309.001953 15932.170898 37957.902344 
64779.570312 15135.267578 14795.155273 12633.772461 61026.382812 
45829.742188 7460.427246 5642.726074 11911.494141 12835.660156 
56492.164062 12832.728516 10706.463867 8916.681641 46515.128906 
72518.140625 17197.511719 13730.349609 13226.006836 75353.312500 
49851.203125 14248.459961 12982.986328 10841.881836 35474.753906 
57320.867188 17982.544922 15148.354492 9020.561523 28712.785156 
71739.601562 19138.599609 16583.373047 17906.197266 73318.687500 
62173.308594 13215.480469 9981.968750 11382.684570 50943.039062 
54058.585938 11567.572266 9006.789062 11732.285156 27766.214844 
48482.070312 7117.163086 6224.394043 6135.180664 28008.046875 
56093.949219 10545.023438 8031.293457 8114.016602 33525.667969 
56626.437500 11554.465820 10969.037109 10066.616211 30239.259766 
60079.285156 16121.910156 14587.295898 13459.518555 42465.050781 
50229.210938 9792.107422 7540.301270 7453.157715 40176.480469 
65536.562500 15510.344727 11252.324219 13499.785156 64333.296875 
60421.273438 14572.326172 11649.532227 12822.335938 41911.535156 
58036.953125 16189.518555 11217.296875 9279.726562 50679.480469 
