22205.898438 4593.160156 3312.349365 2787.312744 2300.817383 2400.613770 1829.733032 1767.905396 1761.458618 85880.156250 
24170.541016 6113.104980 4592.133301 4067.670166 3524.720703 3799.165039 3051.562744 3286.605713 2882.990723 192645.343750 
19064.177734 5357.330566 4236.350098 4030.030518 4313.676270 4033.317871 4064.212402 4038.157227 4008.020996 314703.343750 
25145.033203 5790.673340 4656.489258 3598.857422 3214.980957 2730.615723 2349.902344 2026.618042 1942.723999 165065.671875 
25920.439453 6521.713379 5436.915527 3953.685791 4349.410156 3937.991455 2962.014160 3258.771973 4274.747559 240448.125000 
24756.080078 6316.499512 5890.611816 4925.793457 5912.380371 5051.837402 3362.550537 6151.183594 3020.322998 215076.031250 
26359.076172 6731.859863 5903.844727 5072.817871 4633.892578 4522.935059 4624.621582 3683.399658 3366.929688 281438.093750 
24961.666016 6684.493164 4889.532715 3732.400146 3265.851562 3637.786865 2694.992676 2363.274414 2447.967529 173195.734375 
23235.740234 5689.527344 4777.398438 4576.989258 4954.478027 4483.086914 3875.351318 4475.257812 4464.645020 272003.312500 
23377.904297 6145.274414 4660.347656 3686.949219 3401.436768 3163.227783 2507.417725 1934.332642 2562.876221 143036.953125 
22318.470703 6047.148438 5098.130371 4183.079102 3995.389160 3917.778809 3226.129883 3277.063232 4738.354980 291930.093750 
25402.365234 6273.434570 4749.110352 3790.326660 3367.075684 3220.815674 2750.816406 2261.253906 2161.113037 156211.156250 
25674.820312 6594.679688 5475.592285 5032.154785 4626.673340 3632.529541 3412.061768 3347.457031 5083.522949 295049.531250 
22782.460938 6848.185059 5309.499023 4130.542480 4043.282959 3265.860596 3485.054688 3653.112305 4960.250488 239017.062500 
16816.078125 3993.101807 2933.120117 2250.917969 2053.650635 2033.273926 1427.633545 1309.206299 1555.741943 76703.453125 
23770.054688 6104.904297 5168.793945 4317.628418 3924.673828 4606.363281 3335.365723 3581.051514 3128.351318 307412.718750 
22688.322266 5313.063477 4743.565918 4258.799316 4234.906250 3847.951172 3284.001221 3629.189209 4423.663574 253547.312500 
25084.593750 6146.533691 4760.406250 4088.483398 4115.337402 3811.561768 3096.886230 2939.375732 3569.151855 184637.937500 
19044.917969 4899.996582 3898.085938 3583.485596 3536.771729 3603.956055 3260.385010 3541.641113 3937.635254 334646.437500 
21440.291016 4962.051758 4331.207031 3482.816895 3143.234375 2599.534180 2584.498047 2297.426514 2531.191895 171039.062500 
