86.368179 94.764771 101.028831 84.109184 109.235031 0.000000 
86.611778 95.959320 99.165291 90.554176 97.679420 0.019782 
84.666580 98.584206 94.445274 91.618660 103.243294 0.000000 
81.798370 104.685188 76.576225 104.065277 79.836212 0.000000 
88.317116 111.810463 95.507530 110.011627 87.972443 0.000000 
89.847420 95.075737 98.905128 88.954521 95.564766 0.000000 
76.014870 111.506424 77.291412 109.703232 86.650841 0.019782 
86.895447 109.062027 96.668411 97.653496 95.442993 0.027976 
94.033379 111.470467 94.279137 109.198875 85.910446 0.000000 
71.443565 90.500946 73.048592 83.272217 86.004982 0.000000 
77.641563 109.798126 86.710464 98.815079 94.466110 0.000000 
86.825050 77.485687 92.172630 69.399864 90.337540 0.027976 
90.783951 79.165543 95.366669 86.709198 87.579376 0.000000 
85.762283 119.420326 92.636543 129.637344 98.281456 0.000000 
94.498238 89.655731 109.990944 75.296249 107.299942 0.034264 
94.243378 90.362671 114.965714 91.649124 92.341232 0.000000 
89.099037 85.356255 89.711617 85.421944 94.424828 0.000000 
86.590614 89.539680 76.615334 84.292809 87.205032 0.000000 
88.897263 93.854774 87.159943 83.626320 92.245354 0.000000 
80.388634 110.189621 80.152931 101.798386 78.227341 0.000000 
