86.672066 73.454865 80.101997 84.425362 89.769302 0.000000 
86.828461 105.680344 98.606567 103.500183 93.486275 0.000000 
89.330132 90.646896 95.255753 94.919930 97.309845 0.000000 
78.240517 79.497932 76.679901 86.829353 91.375320 0.000000 
88.595840 68.123032 77.158409 82.408394 73.732811 0.019782 
79.554863 68.318939 75.439102 76.448334 80.264801 0.000000 
85.112267 81.231697 90.913414 87.171082 95.955383 0.027976 
96.622223 92.994606 88.562531 87.340981 93.767242 0.019782 
91.717041 98.699425 103.553833 102.826103 98.078514 0.034264 
92.863678 105.614723 98.475021 104.449860 98.582848 0.000000 
82.437553 61.868896 64.578430 63.187096 54.868656 0.019782 
92.548386 89.063354 87.505638 93.412468 95.860184 0.034264 
87.912376 50.916485 68.217796 63.123951 66.582176 0.000000 
94.818062 75.148857 73.794304 78.354584 84.101532 0.000000 
85.678772 61.050671 51.495708 63.395573 57.830006 0.000000 
86.660934 48.279346 59.022884 54.611221 56.744713 0.000000 
80.739906 55.894093 68.811989 59.997726 71.305527 0.019782 
92.042404 64.713913 68.999146 74.651489 68.622513 0.019782 
86.487335 71.669807 86.039352 83.487061 93.888580 0.027976 
81.613922 46.630871 65.849983 58.510723 70.709129 0.027976 
