87.690170 57.156612 69.897148 86.322418 55.464108 0.000000 
94.007576 141.247726 120.699463 108.485527 90.592690 0.000000 
76.288567 100.531006 82.824196 109.863747 78.314835 0.000000 
77.892502 53.715904 61.784794 78.541611 71.519844 0.019782 
94.652512 117.312263 106.474213 91.520668 101.642685 0.019782 
71.338409 85.161964 75.512352 97.555267 59.263275 0.027976 
75.009644 60.520538 66.244965 80.661125 72.755722 0.000000 
77.311165 81.990547 71.543633 105.967873 71.122276 0.000000 
92.169945 120.929298 109.876907 90.565529 95.184364 0.000000 
83.612312 72.956154 68.094154 92.923531 75.786537 0.027976 
86.427330 74.847534 70.708298 93.164253 67.592056 0.000000 
72.675430 67.309280 56.486469 77.153816 69.561584 0.000000 
65.459343 94.122765 69.196381 93.313637 62.883656 0.027976 
