86.884384 87.707451 89.048248 88.970535 63.318165 
88.952820 88.963409 91.496834 92.664246 46.222958 
88.713104 88.605515 89.548920 89.525772 48.610321 
89.044739 89.273132 89.767685 89.679306 46.819019 
88.669815 88.924065 90.839325 90.533722 45.294117 
88.805878 88.659760 88.718285 89.825882 45.901878 
88.403885 89.171844 89.826660 89.896950 45.356777 
88.463524 88.381874 89.975349 90.108231 47.182926 
90.004257 89.729980 91.215050 90.941269 41.414814 
88.045166 87.633614 90.460739 89.277496 44.839584 
89.517464 89.135391 90.196671 89.572823 47.171406 
88.875587 88.337357 90.713593 89.735176 49.467308 
87.245461 87.684753 88.558662 89.348259 48.664459 
87.478294 87.551170 88.557465 89.246239 54.243019 
88.796257 88.359093 88.807655 89.157967 45.505478 
88.764534 89.382477 89.463699 89.382500 48.691341 
86.636124 87.170662 88.533493 90.423973 50.952408 
88.637863 88.569710 88.607689 89.749329 57.163651 
88.970329 88.678040 90.210907 90.479622 49.405113 
87.973183 87.827293 88.856056 89.980865 49.140148 
