90.741486 83.439476 80.595901 83.814034 93.431694 0.000000 
87.790688 82.660316 84.123138 87.456123 89.767349 0.000000 
85.690414 86.479095 86.245865 90.565041 91.931328 0.000000 
93.665314 89.193230 88.989998 90.537727 91.168533 0.000000 
93.478477 70.598221 72.287308 74.201874 78.981148 0.000000 
88.240601 74.643654 82.129715 82.404518 87.496750 0.034264 
92.224922 89.276070 86.925293 86.321419 85.821846 0.000000 
88.996895 60.018440 60.424892 60.276989 69.500946 0.019782 
87.819061 86.245354 81.888382 81.295876 86.176697 0.000000 
89.375854 85.497742 88.535423 89.325279 92.021759 0.019782 
91.663887 93.048187 94.895523 94.977219 90.555374 0.000000 
96.696770 94.656021 96.747864 98.123558 97.046326 0.019782 
86.144951 70.849930 76.807739 81.143585 82.036369 0.000000 
81.796768 82.679657 80.954338 84.885147 86.362282 0.000000 
93.991394 78.963791 79.416634 79.387405 81.169006 0.000000 
93.611053 77.230675 79.846718 87.267586 92.950058 0.000000 
86.084625 72.354141 73.550659 77.520210 82.230537 0.000000 
81.119141 90.464470 91.748283 86.718391 91.314041 0.027976 
90.399841 82.150261 78.226151 81.284325 83.121162 0.019782 
86.550232 83.177437 82.968033 86.297363 86.944008 0.000000 
