1.251552 
1.957830 
1.678399 
1.602106 
1.338200 
3.225653 
1.826437 
1.773028 
3.131605 
1.693328 
4.022521 
3.286370 
1.806047 
1.429239 
2.190930 
2.372792 
3.858215 
1.422655 
2.270967 
2.474868 
1.636111 
2.147127 
1.605279 
2.066366 
2.029083 
1.732511 
1.775248 
1.805613 
1.794817 
2.222442 
1.610243 
7.335639 
2.299351 
1.764934 
1.703843 
2.911490 
2.128303 
2.961067 
1.589373 
3.885185 
3.062121 
1.967813 
2.733992 
4.350063 
3.247464 
2.413646 
1.115632 
1.601679 
2.783772 
2.358506 
1.798215 
1.769165 
1.516969 
1.900349 
1.716935 
2.412406 
2.910974 
1.877336 
1.404372 
1.568706 
2.507090 
2.859059 
5.464378 
4.105141 
1.531086 
4.138339 
1.283119 
1.912332 
2.800481 
3.936184 
1.628735 
3.505757 
1.804308 
1.402737 
1.761723 
1.632778 
1.897428 
1.804937 
1.662169 
1.965812 
1.859214 
1.704998 
1.884072 
1.556191 
1.531529 
1.922975 
6.166632 
1.492036 
1.678536 
1.964694 
2.684506 
3.125799 
2.052809 
1.730593 
1.449846 
1.286239 
2.072758 
2.577846 
2.141704 
1.643090 
2.460172 
2.318461 
1.640404 
1.499701 
1.996716 
1.233598 
2.433378 
1.910059 
1.510927 
1.597047 
1.276190 
1.930286 
1.682082 
1.340544 
1.558415 
2.000418 
1.957978 
1.528720 
1.556376 
1.789319 
1.628284 
1.961732 
2.603827 
1.850866 
1.956885 
4.640265 
1.241335 
1.485503 
2.613797 
1.529085 
1.977069 
2.477095 
1.401646 
1.754864 
1.680847 
1.480256 
1.852531 
2.326376 
3.049857 
2.311753 
1.475011 
1.746393 
1.778039 
1.586073 
1.430784 
1.265327 
1.595450 
2.694297 
1.353296 
1.360704 
