81.533318 83.670471 85.342659 84.129128 79.149689 
82.096657 83.107079 85.644180 79.145485 74.788628 
81.783318 81.464241 81.929764 79.447342 80.463341 
84.402054 86.985352 89.106621 84.004509 75.581390 
83.483894 84.985550 85.648857 82.726845 81.938019 
82.691299 83.054543 83.919456 82.166039 79.269920 
82.574600 84.510956 86.910950 86.658791 76.984871 
80.233070 83.493896 85.028328 82.224892 80.114838 
81.650421 82.871292 82.950226 75.112778 78.863739 
86.184891 87.257301 86.762161 83.552147 76.954964 
81.954666 83.299675 84.374031 83.283768 78.642235 
82.846748 85.435211 88.346634 84.119339 79.815575 
82.322571 84.217590 86.379417 85.991806 79.684204 
82.623199 85.009773 86.183418 84.796242 76.786003 
82.601242 85.233681 87.979797 85.085167 78.909546 
81.525253 84.477516 85.368439 81.143730 78.190201 
82.413605 83.306229 85.265411 79.447479 78.692291 
84.101738 85.200020 87.428268 85.398026 73.424156 
84.255058 85.176758 85.871086 84.102432 77.977150 
82.981575 85.194870 86.223167 83.142990 75.900856 
