51052.207031 7480.060547 5907.417480 4385.595703 188299.125000 
55554.718750 9266.477539 7322.595703 6961.956543 371649.500000 
57421.062500 9037.416016 6782.612793 5319.479492 208830.421875 
56167.597656 8450.536133 7394.302246 7918.395508 309273.593750 
62599.625000 9967.016602 10760.682617 9404.652344 260085.750000 
68951.953125 11137.417969 9297.600586 6665.784668 297353.687500 
60547.453125 10372.801758 8274.813477 10071.728516 362255.000000 
56476.468750 9777.077148 7578.987305 4926.769043 233193.437500 
56104.378906 8395.026367 6399.865723 5009.527344 276101.187500 
55001.429688 9934.684570 6355.727539 7312.678223 254653.078125 
60660.472656 8851.707031 8211.319336 9496.952148 381026.343750 
46549.003906 7111.097656 5875.353516 5273.617188 189117.093750 
47654.085938 7129.023926 5223.355957 3886.277588 170821.390625 
52721.390625 9704.333008 7723.803223 6523.795898 214244.703125 
51378.914062 7212.197754 5535.067383 4545.205078 235130.015625 
61297.437500 9497.011719 7082.323242 6230.023438 299361.125000 
55075.585938 8838.177734 7769.695312 7762.866699 256795.937500 
56386.500000 10007.611328 6669.511230 7981.792969 305641.000000 
51337.496094 5175.362793 4326.342773 3407.476807 168787.296875 
49614.851562 7455.261719 7984.390137 6289.419922 207704.859375 
