Episode: 1: [[-0.8948833  -0.28724754  0.3657992   2.0664299   0.41003013]] 
Episode: 2: [[-0.89518327 -0.28694755  0.36609918  2.06613     0.41033012]] 
Episode: 3: [[-0.89548343 -0.28677624  0.36591417  2.0662549   0.41029572]] 
Episode: 4: [[-0.8957299  -0.28660014  0.36568522  2.0663495   0.4102674 ]] 
Episode: 5: [[-0.8959792  -0.28637713  0.3657951   2.0663376   0.41036636]] 
Episode: 6: [[-0.89624584 -0.28637707  0.3657517   2.0664873   0.4103392 ]] 
Episode: 7: [[-0.8965014  -0.28635892  0.3657685   2.066615    0.41031024]] 
Episode: 8: [[-0.8967414  -0.28639868  0.36574262  2.0667782   0.4102058 ]] 
Episode: 9: [[-0.896969   -0.2864725   0.36565992  2.0669656   0.41005725]] 
Episode: 10: [[-0.8970796  -0.28655273  0.36552498  2.0670953   0.41001394]] 
Episode: 11: [[-0.8972496  -0.28648686  0.36533704  2.0671911   0.41007194]] 
Episode: 12: [[-0.8974411  -0.286417    0.36520252  2.067291    0.41013217]] 
Episode: 13: [[-0.8976516  -0.2863712   0.36511207  2.067427    0.4101363 ]] 
Episode: 14: [[-0.8978769  -0.28635457  0.3650248   2.0676026   0.4100698 ]] 
Episode: 15: [[-0.8980971  -0.2863201   0.36494336  2.067757    0.41002485]] 
Episode: 16: [[-0.8982698  -0.28617874  0.36502624  2.067733    0.41002575]] 
Episode: 17: [[-0.8984446  -0.28604952  0.365123    2.0677202   0.40999222]] 
Episode: 18: [[-0.8986347  -0.28592873  0.36523747  2.0677433   0.4098696 ]] 
Episode: 19: [[-0.8987563  -0.2857656   0.3653371   2.0676749   0.40987396]] 
Episode: 20: [[-0.8989112  -0.28560382  0.36543158  2.0676212   0.40987954]] 
Episode: 21: [[-0.8990996  -0.28541768  0.3654898   2.0675664   0.40989634]] 
Episode: 22: [[-0.8992895  -0.28524172  0.36554873  2.0675163   0.40991944]] 
Episode: 23: [[-0.899496   -0.2850625   0.36563596  2.067467    0.40993422]] 
Episode: 24: [[-0.8997336  -0.28488606  0.36573672  2.0674367   0.40995723]] 
Episode: 25: [[-0.9000013  -0.28470752  0.3658336   2.0674329   0.41000628]] 
Episode: 26: [[-0.9002493  -0.28454596  0.3659102   2.0674293   0.41006988]] 
Episode: 27: [[-0.90049493 -0.28435987  0.36600122  2.0674021   0.41012275]] 
Episode: 28: [[-0.900757   -0.28419206  0.36611867  2.0673964   0.41017562]] 
Episode: 29: [[-0.9010214  -0.2840258   0.3661994   2.0674052   0.41022083]] 
Episode: 30: [[-0.90124047 -0.28389317  0.36623493  2.0674236   0.41026092]] 
Episode: 31: [[-0.90146357 -0.28379902  0.36622533  2.0674815   0.41030055]] 
Episode: 32: [[-0.901664   -0.28370926  0.36619172  2.0675302   0.4103565 ]] 
Episode: 33: [[-0.90190256 -0.2836049   0.36624083  2.0676267   0.4102726 ]] 
Episode: 34: [[-0.90209204 -0.2835095   0.36620468  2.0676968   0.4102578 ]] 
Episode: 35: [[-0.90228385 -0.28344423  0.3660924   2.0678048   0.4102574 ]] 
Episode: 36: [[-0.9024832  -0.28333974  0.36596224  2.0678875   0.41027728]] 
Episode: 37: [[-0.9026803  -0.28323463  0.3658558   2.0679622   0.41029483]] 
Episode: 38: [[-0.902846   -0.28314805  0.365706    2.0680382   0.41033334]] 
Episode: 39: [[-0.90298784 -0.2830616   0.36556572  2.0680907   0.41038674]] 
Episode: 40: [[-0.9031431  -0.28299326  0.36545625  2.0681615   0.41042015]] 
Episode: 41: [[-0.90330946 -0.2829188   0.36537525  2.0682297   0.410445  ]] 
Episode: 42: [[-0.9034856  -0.28284916  0.3653163   2.0683072   0.41045228]] 
Episode: 43: [[-0.9036546  -0.28278652  0.36527005  2.0683808   0.41045976]] 
Episode: 44: [[-0.90380985 -0.28272972  0.36520895  2.0684469   0.4104876 ]] 
Episode: 45: [[-0.9039753  -0.28271016  0.3651779   2.0685544   0.410459  ]] 
Episode: 46: [[-0.9041516  -0.2826787   0.36516005  2.0686538   0.41043824]] 
Episode: 47: [[-0.9043198  -0.28261843  0.3650956   2.0687163   0.41048378]] 
Episode: 48: [[-0.9044782  -0.28255996  0.3650105   2.068778    0.41053644]] 
Episode: 49: [[-0.90464014 -0.28249544  0.3649532   2.0688317   0.41058254]] 
Episode: 50: [[-0.90480536 -0.2824197   0.36491126  2.0688818   0.41061184]] 
Episode: 51: [[-0.9049657  -0.28235206  0.36488265  2.068941    0.41061443]] 
Episode: 52: [[-0.9051541  -0.28226516  0.36488944  2.0689898   0.4106287 ]] 
Episode: 53: [[-0.90533257 -0.2821915   0.36486956  2.0690498   0.4106437 ]] 
Episode: 54: [[-0.90551084 -0.2821229   0.36486274  2.0691118   0.4106518 ]] 
Episode: 55: [[-0.9056799  -0.28201604  0.3648876   2.0691156   0.41069353]] 
Episode: 56: [[-0.90584624 -0.28191593  0.36493573  2.0691135   0.4107379 ]] 
Episode: 57: [[-0.9060363  -0.28179914  0.36502093  2.069107    0.41077152]] 
Episode: 58: [[-0.90621513 -0.28169122  0.36507902  2.0691087   0.41080594]] 
Episode: 59: [[-0.90640116 -0.2815873   0.36512145  2.069126    0.41083413]] 
Episode: 60: [[-0.9066034  -0.28147775  0.36514995  2.0691493   0.41087636]] 
Episode: 61: [[-0.90679777 -0.2813723   0.3651768   2.0691726   0.41091567]] 
Episode: 62: [[-0.9069761  -0.281275    0.36519697  2.069188    0.41096863]] 
Episode: 63: [[-0.9071465  -0.28118828  0.36521137  2.0692186   0.41099516]] 
Episode: 64: [[-0.90733665 -0.28107908  0.36527184  2.0692897   0.41089436]] 
Episode: 65: [[-0.90752685 -0.28095248  0.36534756  2.069332    0.41081798]] 
Episode: 66: [[-0.90770155 -0.280861    0.36542153  2.0693936   0.41072986]] 
Episode: 67: [[-0.9079106  -0.28075287  0.3655337   2.069451    0.41064888]] 
Episode: 68: [[-0.9081575  -0.2805788   0.36565873  2.069479    0.41057295]] 
Episode: 69: [[-0.9084065  -0.2804037   0.36574048  2.069513    0.41051814]] 
Episode: 70: [[-0.90865904 -0.28023574  0.3658299   2.0695617   0.41044417]] 
Episode: 71: [[-0.9089226  -0.28006423  0.36596036  2.069636    0.41030312]] 
Episode: 72: [[-0.9091709  -0.27989972  0.36601916  2.0697167   0.41018954]] 
Episode: 73: [[-0.9094163  -0.27973774  0.36606947  2.069784    0.41011006]] 
Episode: 74: [[-0.90967494 -0.27955928  0.36612174  2.0698342   0.41005895]] 
Episode: 75: [[-0.909924   -0.2793946   0.3661563   2.0698848   0.41002795]] 
Episode: 76: [[-0.9101836  -0.2792383   0.36621055  2.0699472   0.40998778]] 
Episode: 77: [[-0.91044056 -0.27908596  0.36616609  2.069995    0.41004935]] 
Episode: 78: [[-0.91071415 -0.27888006  0.3661564   2.0699894   0.41012794]] 
Episode: 79: [[-0.91098195 -0.27871436  0.3660974   2.0700347   0.41019413]] 
Episode: 80: [[-0.91125405 -0.27854905  0.3660553   2.0700827   0.41025072]] 
Episode: 81: [[-0.91151506 -0.27839848  0.3660221   2.0701382   0.41029257]] 
Episode: 82: [[-0.9117863  -0.27825037  0.36599436  2.0702064   0.41032538]] 
Episode: 83: [[-0.91204697 -0.27810717  0.3659862   2.0702608   0.41036427]] 
Episode: 84: [[-0.9122885  -0.27796847  0.36596283  2.0703003   0.410424  ]] 
Episode: 85: [[-0.9125637  -0.2777461   0.3659866   2.0702717   0.41049156]] 
Episode: 86: [[-0.91283417 -0.2775315   0.3660016   2.0702481   0.41056207]] 
Episode: 87: [[-0.91310257 -0.2773222   0.36603066  2.070221    0.41063493]] 
Episode: 88: [[-0.91338867 -0.27711236  0.36610612  2.0702317   0.4106254 ]] 
Episode: 89: [[-0.9136695  -0.27693352  0.36621132  2.0702572   0.41060388]] 
Episode: 90: [[-0.91393775 -0.27676347  0.36629176  2.0702896   0.41058376]] 
Episode: 91: [[-0.9141823  -0.27660602  0.3662558   2.0703099   0.41065827]] 
Episode: 92: [[-0.9144203  -0.27647072  0.36621642  2.0703573   0.41070828]] 
Episode: 93: [[-0.91466296 -0.27634794  0.3662029   2.0704212   0.41073328]] 
Episode: 94: [[-0.91491985 -0.27621865  0.36616606  2.070485    0.41078663]] 
Episode: 95: [[-0.91516733 -0.2761369   0.36614263  2.070571    0.41084185]] 
Episode: 96: [[-0.9154046  -0.27604726  0.36611202  2.070644    0.41090274]] 
Episode: 97: [[-0.915672   -0.27593103  0.36612982  2.0707066   0.4109521 ]] 
Episode: 98: [[-0.9159361  -0.27582887  0.36615905  2.0707753   0.41099817]] 
Episode: 99: [[-0.9161736  -0.2757195   0.36619687  2.070815    0.4110457 ]] 
Episode: 100: [[-0.9163885  -0.27561325  0.3662311   2.0708346   0.41110867]] 
Episode: 101: [[-0.916645   -0.27557454  0.36633116  2.0709178   0.4111525 ]] 
Episode: 102: [[-0.91689193 -0.27553326  0.36642298  2.070998    0.4111931 ]] 
Episode: 103: [[-0.91713697 -0.27550212  0.36649016  2.0710976   0.41122815]] 
Episode: 104: [[-0.91739047 -0.2754622   0.36653194  2.0712018   0.4112749 ]] 
Episode: 105: [[-0.91763467 -0.27543056  0.3665534   2.0713196   0.41131127]] 
Episode: 106: [[-0.9178382  -0.27540007  0.3665375   2.0713964   0.41140082]] 
Episode: 107: [[-0.9180488  -0.27535552  0.3665224   2.0714655   0.41149452]] 
Episode: 108: [[-0.9182588  -0.27529225  0.36650473  2.0715222   0.4115868 ]] 
Episode: 109: [[-0.9184671  -0.27522853  0.36650088  2.0715814   0.41166174]] 
Episode: 110: [[-0.9186689  -0.27519724  0.36650357  2.071658    0.41173503]] 
Episode: 111: [[-0.9188844  -0.27516153  0.36650136  2.0717473   0.41180152]] 
Episode: 112: [[-0.91907823 -0.27510202  0.36648336  2.0718138   0.41186118]] 
Episode: 113: [[-0.91927725 -0.27503213  0.36645156  2.0718856   0.4119146 ]] 
Episode: 114: [[-0.9194775  -0.27496353  0.36641416  2.0719657   0.4119607 ]] 
Episode: 115: [[-0.9196845  -0.2748936   0.36640424  2.072049    0.4119877 ]] 
Episode: 116: [[-0.91988754 -0.27482334  0.36639327  2.072129    0.41201577]] 
Episode: 117: [[-0.92008054 -0.27474836  0.36638907  2.0722125   0.41201243]] 
Episode: 118: [[-0.9202706  -0.27468586  0.36638573  2.0723107   0.4119947 ]] 
Episode: 119: [[-0.9204562  -0.2746357   0.36638603  2.0724087   0.41198546]] 
Episode: 120: [[-0.9206396  -0.27457827  0.3663372   2.0724812   0.41204798]] 
Episode: 121: [[-0.92081505 -0.2745183   0.36628792  2.0725362   0.41212878]] 
Episode: 122: [[-0.92101717 -0.27446428  0.3662467   2.0725985   0.4122341 ]] 
Episode: 123: [[-0.921232   -0.2744089   0.36622208  2.072667    0.4123316 ]] 
Episode: 124: [[-0.92143345 -0.27436072  0.3661988   2.0727406   0.41241106]] 
Episode: 125: [[-0.9216902  -0.27436444  0.36624932  2.072867    0.4124856 ]] 
Episode: 126: [[-0.92193764 -0.27428806  0.3662632   2.0729282   0.41258284]] 
Episode: 127: [[-0.92220837 -0.2741982   0.3662964   2.0730188   0.41262546]] 
Episode: 128: [[-0.92245865 -0.2741553   0.36634243  2.073131    0.4126542 ]] 
Episode: 129: [[-0.9226909 -0.2741094  0.3663659  2.0732331  0.4126912]] 
Episode: 130: [[-0.9229229  -0.27406317  0.36639675  2.0733368   0.41271958]] 
Episode: 131: [[-0.9231567  -0.2739912   0.3664119   2.0734274   0.41275108]] 
Episode: 132: [[-0.9233712  -0.27391538  0.3664308   2.073504    0.41277477]] 
Episode: 133: [[-0.92361176 -0.273823    0.36642435  2.0736072   0.4127822 ]] 
Episode: 134: [[-0.92384213 -0.2737092   0.36638042  2.0736964   0.41280138]] 
Episode: 135: [[-0.92406076 -0.27359092  0.36633745  2.0737743   0.4128182 ]] 
Episode: 136: [[-0.92429346 -0.2734784   0.3663193   2.0738664   0.4128179 ]] 
Episode: 137: [[-0.9244979  -0.27335757  0.3662992   2.073913    0.41285318]] 
Episode: 138: [[-0.92469376 -0.27325943  0.36627167  2.0739768   0.41288245]] 
Episode: 139: [[-0.92486435 -0.27316347  0.36624634  2.0740225   0.41291237]] 
Episode: 140: [[-0.92502683 -0.2730818   0.36623418  2.0740778   0.41292346]] 
Episode: 141: [[-0.92517793 -0.27300605  0.36621946  2.0741386   0.41291916]] 
Episode: 142: [[-0.9253237  -0.272948    0.36618143  2.0742092   0.41293186]] 
Episode: 143: [[-0.9254934  -0.27288568  0.3661436   2.0742908   0.41295126]] 
Episode: 144: [[-0.9256563  -0.27281845  0.36610016  2.07436     0.4129821 ]] 
Episode: 145: [[-0.9258107  -0.27275825  0.36606202  2.0744216   0.41302112]] 
Episode: 146: [[-0.92595917 -0.27271128  0.36603048  2.0744927   0.41304782]] 
Episode: 147: [[-0.92612684 -0.27264562  0.36601028  2.074562    0.4130697 ]] 
Episode: 148: [[-0.92629963 -0.27258617  0.36598563  2.074631    0.41311195]] 
Episode: 149: [[-0.92646617 -0.272526    0.3659697   2.0746968   0.41314378]] 
Episode: 150: [[-0.92666495 -0.2725055   0.36601076  2.0747936   0.41317412]] 
Episode: 151: [[-0.9268408  -0.27248406  0.3660243   2.0748816   0.41320977]] 
Episode: 152: [[-0.9270461  -0.27247438  0.36604548  2.0750062   0.4132282 ]] 
Episode: 153: [[-0.9272742  -0.27244946  0.3660773   2.075141    0.41323105]] 
Episode: 154: [[-0.927498   -0.27243182  0.36610493  2.075282    0.41322926]] 
Episode: 155: [[-0.9277094  -0.2724107   0.36611196  2.0754158   0.41323563]] 
Episode: 156: [[-0.9279319  -0.27239588  0.3661203   2.0755608   0.41324443]] 
Episode: 157: [[-0.9281646  -0.27237448  0.36616242  2.0757008   0.41324258]] 
Episode: 158: [[-0.9284328  -0.27229494  0.3661765   2.075837    0.41324255]] 
Episode: 159: [[-0.928733   -0.27220866  0.36617985  2.0759702   0.41329768]] 
Episode: 160: [[-0.92900926 -0.2721417   0.36618465  2.076114    0.41332445]] 
Episode: 161: [[-0.9292829  -0.27207696  0.3662116   2.0762544   0.41334033]] 
Episode: 162: [[-0.92954504 -0.272014    0.3662301   2.0763958   0.41334713]] 
Episode: 163: [[-0.9298217  -0.27199727  0.3663207   2.076541    0.41337654]] 
Episode: 164: [[-0.93009776 -0.27197662  0.3663759   2.0767004   0.41340074]] 
Episode: 165: [[-0.93033296 -0.2719708   0.36638013  2.0768359   0.41347253]] 
Episode: 166: [[-0.9305716  -0.2719516   0.36635807  2.0769694   0.41355565]] 
Episode: 167: [[-0.9308095  -0.27192774  0.36634642  2.077089    0.41364935]] 
Episode: 168: [[-0.93103784 -0.27191705  0.36632168  2.0772154   0.41374558]] 
Episode: 169: [[-0.93122435 -0.2719091   0.36626598  2.0773258   0.4138407 ]] 
Episode: 170: [[-0.9314047  -0.27185357  0.36623865  2.0773768   0.41394725]] 
Episode: 171: [[-0.9315995  -0.2717592   0.36621714  2.077408    0.41405287]] 
Episode: 172: [[-0.9317928  -0.27166313  0.36619723  2.0774457   0.41414064]] 
Episode: 173: [[-0.9320117  -0.2715812   0.3662103   2.0775132   0.41420484]] 
Episode: 174: [[-0.93223304 -0.27149826  0.3662071   2.0775924   0.41426253]] 
Episode: 175: [[-0.93242484 -0.2714035   0.366167    2.0776432   0.4143434 ]] 
Episode: 176: [[-0.93261683 -0.27132294  0.36614174  2.0777185   0.4143858 ]] 
Episode: 177: [[-0.9328021  -0.27123937  0.3661119   2.0777853   0.4144345 ]] 
Episode: 178: [[-0.93298054 -0.27116024  0.36607608  2.0778558   0.41447696]] 
Episode: 179: [[-0.933155   -0.27107835  0.36604732  2.077919    0.4145184 ]] 
Episode: 180: [[-0.93334866 -0.27096206  0.36599925  2.077973    0.4145724 ]] 
Episode: 181: [[-0.93350244 -0.27085808  0.3659511   2.0780087   0.41462025]] 
Episode: 182: [[-0.93365186 -0.27075443  0.3658638   2.0780249   0.4147293 ]] 
Episode: 183: [[-0.93379694 -0.2706542   0.36578098  2.078049    0.41481888]] 
Episode: 184: [[-0.93391734 -0.2705639   0.36574453  2.0780756   0.41484532]] 
Episode: 185: [[-0.93405753 -0.27046433  0.3656885   2.078108    0.41489246]] 
Episode: 186: [[-0.9342068  -0.27037936  0.3656306   2.078165    0.41492882]] 
Episode: 187: [[-0.9343471  -0.27030212  0.36558256  2.0782282   0.41494405]] 
Episode: 188: [[-0.93446654 -0.27023762  0.36553875  2.078292    0.4149427 ]] 
Episode: 189: [[-0.93459624 -0.27016923  0.3655068   2.0783584   0.4149362 ]] 
Episode: 190: [[-0.93466514 -0.27012134  0.36540765  2.078387    0.41499504]] 
Episode: 191: [[-0.9347332  -0.27008784  0.36532366  2.078417    0.41505766]] 
Episode: 192: [[-0.9347987  -0.2700573   0.36524358  2.0784423   0.4151261 ]] 
Episode: 193: [[-0.9348588  -0.27004156  0.36517826  2.078475    0.4151818 ]] 
Episode: 194: [[-0.93494207 -0.27004597  0.36511567  2.0785525   0.41521317]] 
Episode: 195: [[-0.9350207  -0.27003908  0.36505687  2.0786273   0.4152245 ]] 
Episode: 196: [[-0.9351002  -0.27003366  0.36500794  2.0787077   0.41522154]] 
Episode: 197: [[-0.9351788  -0.27003533  0.36495778  2.0787902   0.4152239 ]] 
Episode: 198: [[-0.9352481  -0.27004787  0.36492273  2.0788863   0.41519058]] 
Episode: 199: [[-0.93531513 -0.2700682   0.36489573  2.078975    0.415172  ]] 
Episode: 200: [[-0.93538797 -0.27008432  0.3648733   2.07907     0.4151407 ]] 
Episode: 201: [[-0.9354531  -0.27009904  0.3648311   2.079163    0.41511607]] 
Episode: 202: [[-0.93551624 -0.27010557  0.36479434  2.0792453   0.4150927 ]] 
Episode: 203: [[-0.9355902  -0.2700975   0.36479402  2.0793395   0.41501507]] 
Episode: 204: [[-0.93568605 -0.2700399   0.3647827   2.0793996   0.41497165]] 
Episode: 205: [[-0.9357628  -0.26998624  0.36477074  2.0794582   0.41491026]] 
Episode: 206: [[-0.93585706 -0.2698814   0.36469343  2.0794888   0.41490564]] 
Episode: 207: [[-0.9359426  -0.269817    0.36455682  2.0795214   0.4149857 ]] 
Episode: 208: [[-0.9360217  -0.26977313  0.36443436  2.0795698   0.41504535]] 
Episode: 209: [[-0.9360724  -0.26975796  0.3642961   2.079607    0.4151362 ]] 
Episode: 210: [[-0.93615294 -0.26974687  0.36416653  2.0796697   0.41522133]] 
Episode: 211: [[-0.93626666 -0.26973206  0.36407405  2.0797477   0.41529188]] 
Episode: 212: [[-0.93638074 -0.26974836  0.36398083  2.079847    0.41536665]] 
Episode: 213: [[-0.9364945  -0.2697823   0.36391887  2.0799553   0.41542417]] 
Episode: 214: [[-0.9366306  -0.2698044   0.36385414  2.0800734   0.41548204]] 
Episode: 215: [[-0.93676007 -0.26982957  0.3638056   2.0801952   0.41551512]] 
Episode: 216: [[-0.93689525 -0.26986098  0.36376017  2.0803342   0.41553125]] 
Episode: 217: [[-0.9370244  -0.2698962   0.36370784  2.0804696   0.41555575]] 
Episode: 218: [[-0.9371541  -0.2699457   0.36367443  2.0806153   0.41556698]] 
Episode: 219: [[-0.93727446 -0.26997945  0.3636438   2.0807476   0.41556603]] 
Episode: 220: [[-0.937408   -0.26999572  0.36358535  2.0808911   0.41556168]] 
Episode: 221: [[-0.9375165  -0.27001897  0.36351043  2.0810165   0.41557753]] 
Episode: 222: [[-0.9376322  -0.27003294  0.36344945  2.0811186   0.4156212 ]] 
Episode: 223: [[-0.9377442  -0.2700373   0.3633917   2.0812092   0.41566497]] 
Episode: 224: [[-0.93787277 -0.2700277   0.36333787  2.0812974   0.41571444]] 
Episode: 225: [[-0.9379375  -0.27003625  0.36323038  2.081354    0.4157993 ]] 
Episode: 226: [[-0.93801004 -0.27004617  0.3631338   2.081431    0.4158517 ]] 
Episode: 227: [[-0.9380724  -0.27006534  0.36304525  2.081514    0.41588536]] 
Episode: 228: [[-0.9381502  -0.27011472  0.36298224  2.081629    0.4159028 ]] 
Episode: 229: [[-0.9382343  -0.2701532   0.36292094  2.081746    0.41590944]] 
Episode: 230: [[-0.93831974 -0.27016845  0.36287442  2.0818563   0.41588867]] 
Episode: 231: [[-0.93839586 -0.2701589   0.36281082  2.0819495   0.4158654 ]] 
Episode: 232: [[-0.93850285 -0.27021018  0.3627944   2.0820947   0.4158346 ]] 
Episode: 233: [[-0.9386426  -0.27026713  0.36279634  2.0822513   0.41582203]] 
Episode: 234: [[-0.93884885 -0.27039486  0.36278948  2.0825038   0.41582185]] 
Episode: 235: [[-0.93903625 -0.27050376  0.3627783   2.0827336   0.4158152 ]] 
Episode: 236: [[-0.9392276  -0.2705994   0.36277947  2.0829618   0.41578943]] 
Episode: 237: [[-0.93938154 -0.27069393  0.36273238  2.0831642   0.41579568]] 
Episode: 238: [[-0.93951404 -0.2707881   0.36268878  2.0833557   0.4157889 ]] 
Episode: 239: [[-0.9396624  -0.27088398  0.36268625  2.083559    0.41575193]] 
Episode: 240: [[-0.9398282  -0.2709537   0.36267033  2.0837579   0.4157239 ]] 
Episode: 241: [[-0.94000024 -0.27102074  0.36267447  2.0839555   0.41568738]] 
Episode: 242: [[-0.94019717 -0.27104476  0.36266014  2.0841353   0.41567743]] 
Episode: 243: [[-0.9403769  -0.27108133  0.3626469   2.0843122   0.41566432]] 
Episode: 244: [[-0.94055444 -0.27112296  0.36264732  2.084495    0.41563275]] 
Episode: 245: [[-0.94072294 -0.27117422  0.36265862  2.084697    0.41555676]] 
Episode: 246: [[-0.9409097  -0.2712163   0.36266625  2.0849044   0.4154868 ]] 
Episode: 247: [[-0.94108206 -0.27126396  0.36266786  2.0850987   0.4154329 ]] 
Episode: 248: [[-0.9412266  -0.27134585  0.36265835  2.0853047   0.41537237]] 
Episode: 249: [[-0.94139063 -0.27148235  0.36258343  2.0855403   0.41540828]] 
Episode: 250: [[-0.94154453 -0.27154148  0.36252135  2.0857155   0.4154278 ]] 
Episode: 251: [[-0.94168115 -0.27159345  0.36247292  2.0858705   0.41544026]] 
Episode: 252: [[-0.94181395 -0.27163815  0.36243302  2.0860221   0.41543698]] 
Episode: 253: [[-0.9419459  -0.27167258  0.36241338  2.086172    0.41540635]] 
Episode: 254: [[-0.942095   -0.2717056   0.36241233  2.0863383   0.4153532 ]] 
Episode: 255: [[-0.942229   -0.2717083   0.3623982   2.0864522   0.41534388]] 
Episode: 256: [[-0.942357   -0.2717088   0.3623876   2.0865626   0.41532713]] 
Episode: 257: [[-0.9424644  -0.27175173  0.3623553   2.0867016   0.41530234]] 
Episode: 258: [[-0.9426077  -0.27179518  0.36230865  2.0868585   0.41530603]] 
Episode: 259: [[-0.9427461  -0.27182224  0.36227918  2.0869985   0.41529906]] 
Episode: 260: [[-0.9428892  -0.27183366  0.36226878  2.0871143   0.4153077 ]] 
Episode: 261: [[-0.94302714 -0.27185974  0.36227703  2.0872302   0.41531405]] 
Episode: 262: [[-0.9431456  -0.27190143  0.362294    2.087358    0.41528544]] 
Episode: 263: [[-0.94327015 -0.2719301   0.36231533  2.0874789   0.4152576 ]] 
Episode: 264: [[-0.94339126 -0.27196595  0.36232018  2.087621    0.41520768]] 
Episode: 265: [[-0.9435153  -0.27199346  0.36233127  2.0877488   0.41517252]] 
Episode: 266: [[-0.9436337  -0.27202845  0.3623401   2.0878868   0.41512185]] 
Episode: 267: [[-0.94376016 -0.27204207  0.36236313  2.0880096   0.41507152]] 
Episode: 268: [[-0.94388187 -0.27205864  0.362377    2.088135    0.41502064]] 
Episode: 269: [[-0.94402736 -0.27202126  0.3624033   2.08822     0.41499537]] 
Episode: 270: [[-0.94419515 -0.27196434  0.362398    2.0883029   0.41500348]] 
Episode: 271: [[-0.9443639  -0.27190205  0.3623734   2.0883772   0.41503623]] 
Episode: 272: [[-0.9445154  -0.27187318  0.3623285   2.088458    0.41509345]] 
Episode: 273: [[-0.94467676 -0.27183792  0.36229256  2.08855     0.41512865]] 
Episode: 274: [[-0.94486564 -0.27176505  0.36220345  2.0886347   0.41520637]] 
Episode: 275: [[-0.945048   -0.27168402  0.36209744  2.0887148   0.41528562]] 
Episode: 276: [[-0.9452303  -0.27160835  0.36200872  2.0888014   0.41534734]] 
Episode: 277: [[-0.9454044  -0.27153507  0.3619463   2.0888762   0.41540194]] 
Episode: 278: [[-0.94558173 -0.27146304  0.3618758   2.0889611   0.41545093]] 
Episode: 279: [[-0.94576365 -0.2713649   0.36177424  2.0890317   0.4155213 ]] 
Episode: 280: [[-0.94595915 -0.2712639   0.36166465  2.0891025   0.41561264]] 
Episode: 281: [[-0.94615805 -0.27112514  0.3615413   2.0891423   0.41572464]] 
Episode: 282: [[-0.9463474  -0.2710063   0.36144033  2.08919     0.41581875]] 
Episode: 283: [[-0.94653285 -0.27089062  0.36135232  2.0892427   0.4158927 ]] 
Episode: 284: [[-0.94673705 -0.27079093  0.36126444  2.089318    0.41597304]] 
Episode: 285: [[-0.9469643  -0.2706658   0.36121532  2.0893836   0.41604066]] 
Episode: 286: [[-0.94717616 -0.27050272  0.36113274  2.0894022   0.41614524]] 
Episode: 287: [[-0.9473729  -0.27036372  0.3610503   2.0894372   0.41623133]] 
Episode: 288: [[-0.947573   -0.2702286   0.36099544  2.089488    0.41627765]] 
Episode: 289: [[-0.94777995 -0.27008933  0.36092368  2.0895483   0.41632372]] 
Episode: 290: [[-0.94797117 -0.26993284  0.36085272  2.089562    0.41640824]] 
Episode: 291: [[-0.9481475  -0.2697852   0.36079124  2.089579    0.41647008]] 
Episode: 292: [[-0.9483245  -0.26963252  0.36070913  2.0895998   0.41653568]] 
Episode: 293: [[-0.94848454 -0.26949564  0.36063346  2.0896168   0.4166009 ]] 
Episode: 294: [[-0.9486542  -0.26936668  0.36056885  2.0896509   0.41665074]] 
Episode: 295: [[-0.9488084  -0.26924714  0.36052975  2.0896733   0.41669342]] 
Episode: 296: [[-0.9489818  -0.26914096  0.3604732   2.0897202   0.41675016]] 
Episode: 297: [[-0.94918466 -0.26904422  0.3603939   2.0897808   0.4168537 ]] 
Episode: 298: [[-0.94940627 -0.2689311   0.3603481   2.0898318   0.41695374]] 
Episode: 299: [[-0.94965917 -0.2688108   0.3603248   2.0899017   0.41703862]] 
Episode: 300: [[-0.94991654 -0.26870665  0.3603317   2.08999     0.4170952 ]] 
Episode: 301: [[-0.9501387  -0.26862416  0.3603335   2.090081    0.41713008]] 
Episode: 302: [[-0.95035875 -0.26852477  0.36032847  2.090161    0.4171649 ]] 
Episode: 303: [[-0.9505844  -0.26842016  0.36031723  2.0902414   0.417205  ]] 
Episode: 304: [[-0.9507959  -0.26837143  0.36033574  2.090354    0.41721782]] 
Episode: 305: [[-0.9510008  -0.2683259   0.36035046  2.0904734   0.4172162 ]] 
Episode: 306: [[-0.9512221  -0.26829913  0.36035046  2.0906086   0.41724563]] 
Episode: 307: [[-0.95145804 -0.26827216  0.360386    2.090747    0.41726267]] 
Episode: 308: [[-0.9516716  -0.26825675  0.36040506  2.0908895   0.4172695 ]] 
Episode: 309: [[-0.9518886  -0.26822776  0.3604598   2.09103     0.41723913]] 
Episode: 310: [[-0.9521043  -0.26818836  0.36053175  2.0911512   0.4172148 ]] 
Episode: 311: [[-0.95229775 -0.2681606   0.36058286  2.0912743   0.4171873 ]] 
Episode: 312: [[-0.9524622  -0.26814014  0.36060074  2.0913827   0.41718063]] 
Episode: 313: [[-0.95260656 -0.2681296   0.36058486  2.0914733   0.41721743]] 
Episode: 314: [[-0.95285064 -0.26804918  0.36051902  2.0916164   0.417252  ]] 
Episode: 315: [[-0.9530969  -0.26789433  0.36041883  2.0916777   0.41736066]] 
Episode: 316: [[-0.95333844 -0.26775253  0.36036238  2.0917513   0.41742426]] 
Episode: 317: [[-0.95356745 -0.26762822  0.3603238   2.0918314   0.41746804]] 
Episode: 318: [[-0.9537873  -0.26751158  0.3603019   2.091919    0.41748312]] 
Episode: 319: [[-0.95399916 -0.26739454  0.36027896  2.0920024   0.4174944 ]] 
Episode: 320: [[-0.95419526 -0.2672771   0.36023858  2.0920699   0.41752478]] 
Episode: 321: [[-0.95436513 -0.2672326   0.36019006  2.0921779   0.41754705]] 
Episode: 322: [[-0.95452315 -0.26719743  0.36015216  2.092288    0.41755295]] 
Episode: 323: [[-0.95467615 -0.26711833  0.36011398  2.0923417   0.41759443]] 
Episode: 324: [[-0.95482403 -0.26705196  0.36010414  2.0924058   0.4176054 ]] 
Episode: 325: [[-0.95494246 -0.26698533  0.36009246  2.0924761   0.41756457]] 
Episode: 326: [[-0.95504874 -0.26691702  0.36010474  2.092522    0.41753066]] 
Episode: 327: [[-0.9551588  -0.26685214  0.36009613  2.0925908   0.41748038]] 
Episode: 328: [[-0.95527047 -0.26679382  0.36009157  2.0926716   0.41741663]] 
Episode: 329: [[-0.9553681  -0.26676595  0.36005887  2.0927637   0.41737482]] 
Episode: 330: [[-0.9554661  -0.26673493  0.36002967  2.0928607   0.41731778]] 
Episode: 331: [[-0.9555381  -0.26671684  0.35989502  2.0929382   0.4173586 ]] 
Episode: 332: [[-0.9556292  -0.26669782  0.35977456  2.0930357   0.41737807]] 
Episode: 333: [[-0.95570856 -0.26670003  0.35969904  2.0931344   0.41737264]] 
Episode: 334: [[-0.95579904 -0.26670188  0.35964125  2.0932388   0.41735834]] 
Episode: 335: [[-0.955884   -0.26670623  0.35958564  2.0933485   0.4173288 ]] 
Episode: 336: [[-0.95601225 -0.26664028  0.3595729   2.093417    0.4173075 ]] 
Episode: 337: [[-0.9561385  -0.2665959   0.359565    2.0935004   0.41728112]] 
Episode: 338: [[-0.9562912  -0.26652238  0.35954428  2.0935807   0.41726878]] 
Episode: 339: [[-0.9564638  -0.26644486  0.35949746  2.0936713   0.41728106]] 
Episode: 340: [[-0.95661277 -0.26638505  0.35945323  2.0937629   0.41728002]] 
Episode: 341: [[-0.9567561  -0.26633048  0.35940394  2.0938573   0.41727677]] 
Episode: 342: [[-0.9569397  -0.2662168   0.35926375  2.0939262   0.4173671 ]] 
Episode: 343: [[-0.9571111  -0.2661278   0.3591486   2.0939858   0.41747007]] 
Episode: 344: [[-0.9572648  -0.2660743   0.35904223  2.094065    0.41755384]] 
Episode: 345: [[-0.9574099  -0.2660227   0.35893044  2.094148    0.4176262 ]] 
Episode: 346: [[-0.95754033 -0.26597834  0.35883874  2.0942307   0.41767254]] 
Episode: 347: [[-0.95766836 -0.2659326   0.35876486  2.0943034   0.4177179 ]] 
Episode: 348: [[-0.9578211  -0.2658885   0.35867697  2.0943651   0.41782883]] 
Episode: 349: [[-0.9579719  -0.26585633  0.3585852   2.0944471   0.4179204 ]] 
Episode: 350: [[-0.9581239  -0.26582512  0.3585134   2.0945354   0.4179889 ]] 
Episode: 351: [[-0.9582267  -0.26577482  0.35837412  2.094557    0.41813132]] 
Episode: 352: [[-0.95834917 -0.26571053  0.35829327  2.0946217   0.41816345]] 
Episode: 353: [[-0.9584781  -0.26565078  0.35822538  2.0946972   0.4181814 ]] 
Episode: 354: [[-0.9586006  -0.2655805   0.35815865  2.0947633   0.418193  ]] 
Episode: 355: [[-0.95872724 -0.2655122   0.35810226  2.0948439   0.41818   ]] 
Episode: 356: [[-0.95885175 -0.26546094  0.3580636   2.0949469   0.4181342 ]] 
Episode: 357: [[-0.9589779  -0.26539373  0.35802966  2.0950477   0.41807067]] 
Episode: 358: [[-0.9591463  -0.26530656  0.35797575  2.0951571   0.41803947]] 
Episode: 359: [[-0.9593247  -0.26516     0.35788062  2.0952256   0.41804567]] 
Episode: 360: [[-0.95950866 -0.26497433  0.35775545  2.0952914   0.41803592]] 
Episode: 361: [[-0.95961726 -0.2648276   0.35766372  2.0952926   0.41806084]] 
Episode: 362: [[-0.959724   -0.26470613  0.35759473  2.0953038   0.41808134]] 
Episode: 363: [[-0.95985496 -0.26458967  0.357552    2.0953207   0.4181118 ]] 
Episode: 364: [[-0.95996493 -0.2645448   0.35753128  2.095376    0.4181229 ]] 
Episode: 365: [[-0.9600751  -0.26448494  0.35749233  2.095416    0.4181546 ]] 
Episode: 366: [[-0.96018356 -0.2644009   0.35747632  2.0954406   0.41816208]] 
Episode: 367: [[-0.96028954 -0.26432106  0.35747066  2.0954719   0.41815245]] 
Episode: 368: [[-0.9603986  -0.26424667  0.3574598   2.0955162   0.4181353 ]] 
Episode: 369: [[-0.96052796 -0.2641748   0.3574807   2.0955813   0.4180899 ]] 
Episode: 370: [[-0.96065557 -0.2641111   0.35749507  2.0956562   0.41804087]] 
Episode: 371: [[-0.9607786  -0.26406223  0.35746735  2.095736    0.41802728]] 
Episode: 372: [[-0.9608879  -0.26401797  0.3574423   2.0958092   0.4180107 ]] 
Episode: 373: [[-0.96103126 -0.26400504  0.35742652  2.0959268   0.41799694]] 
Episode: 374: [[-0.9611676  -0.26398772  0.35741007  2.0960367   0.41798165]] 
Episode: 375: [[-0.9613022  -0.2639706   0.35742068  2.096156    0.41792828]] 
Episode: 376: [[-0.96145844 -0.26392108  0.35732841  2.0962694   0.4179504 ]] 
Episode: 377: [[-0.9616271  -0.26386923  0.3572183   2.0964036   0.4179644 ]] 
Episode: 378: [[-0.96180505 -0.26384997  0.3571371   2.096564    0.41796532]] 
Episode: 379: [[-0.96198475 -0.26382995  0.3570685   2.0967271   0.4179538 ]] 
Episode: 380: [[-0.96223253 -0.26382005  0.35700804  2.0969353   0.41796514]] 
Episode: 381: [[-0.9624591  -0.263836    0.35694438  2.0971622   0.4179499 ]] 
Episode: 382: [[-0.96268487 -0.26384568  0.35688013  2.0973976   0.41791135]] 
Episode: 383: [[-0.96291554 -0.263855    0.35685176  2.0976417   0.41783652]] 
Episode: 384: [[-0.9631474  -0.26384747  0.35682505  2.0978684   0.41777098]] 
Episode: 385: [[-0.9633481  -0.26382682  0.35674664  2.098061    0.41774413]] 
Episode: 386: [[-0.9635823  -0.26378244  0.3566842   2.0982516   0.4177256 ]] 
Episode: 387: [[-0.9638025  -0.26371768  0.35661507  2.0984037   0.41773307]] 
Episode: 388: [[-0.9640351  -0.2636439   0.356538    2.0985584   0.41774794]] 
Episode: 389: [[-0.96425974 -0.2635688   0.35644558  2.0987022   0.41778105]] 
Episode: 390: [[-0.9644972  -0.26347277  0.3563798   2.0988472   0.41778332]] 
Episode: 391: [[-0.96472543 -0.26338995  0.3563282   2.098987    0.41778776]] 
Episode: 392: [[-0.964938   -0.2633102   0.35627648  2.0991216   0.4177841 ]] 
Episode: 393: [[-0.9651565  -0.2632633   0.35622576  2.0992756   0.41779554]] 
Episode: 394: [[-0.9653623  -0.26322153  0.35620046  2.0994246   0.41778573]] 
Episode: 395: [[-0.96554816 -0.26317337  0.35618415  2.0995574   0.41776183]] 
Episode: 396: [[-0.96574384 -0.26311597  0.35617647  2.0996892   0.41773513]] 
Episode: 397: [[-0.96592766 -0.26307374  0.3561678   2.099819    0.41771585]] 
Episode: 398: [[-0.96612763 -0.26302284  0.35616735  2.099963    0.41767678]] 
Episode: 399: [[-0.9663218  -0.26296502  0.35617223  2.100103    0.41762444]] 
Episode: 400: [[-0.96651447 -0.2629227   0.3561809   2.1002512   0.4175721 ]] 
Episode: 401: [[-0.96670276 -0.26287612  0.3562174   2.1003733   0.41753247]] 
Episode: 402: [[-0.9668867  -0.2628371   0.35622114  2.1005166   0.41748455]] 
Episode: 403: [[-0.96706766 -0.26278904  0.35622084  2.1006665   0.41741252]] 
Episode: 404: [[-0.9672499  -0.26274142  0.35619617  2.1008239   0.41734836]] 
Episode: 405: [[-0.96741366 -0.2626778   0.3561592   2.1009495   0.41730282]] 
Episode: 406: [[-0.96752596 -0.26262832  0.3561291   2.101046    0.4172499 ]] 
Episode: 407: [[-0.9676193  -0.26258272  0.35608643  2.1011283   0.41721016]] 
Episode: 408: [[-0.9677312  -0.26253298  0.3560585   2.1012259   0.4171534 ]] 
Episode: 409: [[-0.9678529  -0.2624692   0.3560403   2.1013036   0.41711918]] 
Episode: 410: [[-0.9679648  -0.26237735  0.3559444   2.1013415   0.417163  ]] 
Episode: 411: [[-0.96806806 -0.2622773   0.3558609   2.1013725   0.41718742]] 
Episode: 412: [[-0.9681623  -0.2622309   0.3557712   2.1014287   0.41722813]] 
Episode: 413: [[-0.9682851  -0.2621342   0.35569516  2.1014972   0.41721278]] 
Episode: 414: [[-0.968396   -0.26202428  0.35562724  2.1015399   0.41720223]] 
Episode: 415: [[-0.96848726 -0.26192102  0.35553092  2.101605    0.41715685]] 
Episode: 416: [[-0.96856904 -0.26182044  0.35543358  2.1016605   0.41711923]] 
Episode: 417: [[-0.96866953 -0.2616537   0.35534018  2.1016688   0.4170989 ]] 
Episode: 418: [[-0.9687764  -0.26154044  0.35522777  2.101719    0.41709805]] 
Episode: 419: [[-0.9688716  -0.26142132  0.35510147  2.1017585   0.41710207]] 
Episode: 420: [[-0.968962   -0.26130763  0.35495955  2.1018      0.4171153 ]] 
Episode: 421: [[-0.9690657  -0.26120126  0.35484442  2.101845    0.41712987]] 
Episode: 422: [[-0.969153   -0.26118365  0.35474312  2.10194     0.41713807]] 
Episode: 423: [[-0.9692466  -0.26116824  0.35465744  2.1020377   0.41714117]] 
Episode: 424: [[-0.9692982  -0.2611613   0.35454908  2.10211     0.41715947]] 
Episode: 425: [[-0.969359  -0.2611788  0.3544266  2.1022158  0.4171744]] 
Episode: 426: [[-0.9694263  -0.26120713  0.35433146  2.1023407   0.41715828]] 
Episode: 427: [[-0.9694593  -0.26123995  0.35427004  2.102434    0.41713083]] 
Episode: 428: [[-0.9695056  -0.26119334  0.35417145  2.102468    0.41714883]] 
Episode: 429: [[-0.9695786  -0.2611424   0.35411185  2.1025162   0.41714334]] 
Episode: 430: [[-0.9696495  -0.2611078   0.35405958  2.102571    0.4171392 ]] 
Episode: 431: [[-0.9697017  -0.26108244  0.35400274  2.1026247   0.41712716]] 
Episode: 432: [[-0.9697456  -0.2610703   0.35394728  2.102678    0.41712046]] 
Episode: 433: [[-0.96976894 -0.26105645  0.35391068  2.1027117   0.4171037 ]] 
Episode: 434: [[-0.9698391  -0.2610179   0.35387728  2.1027596   0.41709134]] 
Episode: 435: [[-0.96992767 -0.26100802  0.35388097  2.1028247   0.4170835 ]] 
Episode: 436: [[-0.9700192  -0.2610083   0.35390294  2.1029036   0.41705504]] 
Episode: 437: [[-0.9701856  -0.26104033  0.35400057  2.1030452   0.41700333]] 
Episode: 438: [[-0.97033364 -0.26106718  0.3540737   2.1031759   0.41695756]] 
Episode: 439: [[-0.97046095 -0.26109973  0.35411212  2.1032994   0.41692987]] 
Episode: 440: [[-0.97058856 -0.26111382  0.35413036  2.1034124   0.4169122 ]] 
Episode: 441: [[-0.9707271  -0.26109678  0.35413387  2.1035192   0.4168914 ]] 
Episode: 442: [[-0.970856   -0.26111028  0.35414585  2.103649    0.41685036]] 
Episode: 443: [[-0.9709781  -0.2611289   0.35415542  2.103783    0.41680107]] 
Episode: 444: [[-0.97111875 -0.2611323   0.354118    2.10393     0.41677064]] 
Episode: 445: [[-0.9712881  -0.2611259   0.35410726  2.1040912   0.41672212]] 
Episode: 446: [[-0.9714721  -0.26109567  0.35408267  2.1042297   0.41671336]] 
Episode: 447: [[-0.97166777 -0.26104906  0.35405326  2.1043599   0.41671824]] 
Episode: 448: [[-0.9718623  -0.26102757  0.3540249   2.1045249   0.41669154]] 
Episode: 449: [[-0.97203743 -0.26102495  0.35398573  2.104699    0.41665456]] 
Episode: 450: [[-0.97221595 -0.2610274   0.35393673  2.1048717   0.41663873]] 
Episode: 451: [[-0.9723792  -0.26103663  0.35388666  2.1050434   0.4166136 ]] 
Episode: 452: [[-0.9725306  -0.2610378   0.35386527  2.1052132   0.41654342]] 
Episode: 453: [[-0.9726787  -0.26107246  0.35384545  2.105393    0.41649276]] 
Episode: 454: [[-0.9728134  -0.26114398  0.3538305   2.1055841   0.41644728]] 
Episode: 455: [[-0.97291905 -0.26122046  0.3538068   2.105764    0.4163955 ]] 
Episode: 456: [[-0.9730286  -0.2613004   0.35377425  2.1059558   0.41633874]] 
Episode: 457: [[-0.97312546 -0.2613851   0.35373285  2.1061442   0.41628364]] 
Episode: 458: [[-0.9732073  -0.26149318  0.35368705  2.1063342   0.41623864]] 
Episode: 459: [[-0.9732422  -0.26162246  0.3536321   2.106501    0.41620466]] 
Episode: 460: [[-0.9732799  -0.26173893  0.35356477  2.106663    0.41617596]] 
Episode: 461: [[-0.9733263  -0.2618662   0.35351065  2.1068432   0.41613078]] 
Episode: 462: [[-0.9733823  -0.2619894   0.35346273  2.107031    0.41607484]] 
Episode: 463: [[-0.9734337  -0.2620936   0.35341987  2.1072047   0.4160091 ]] 
Episode: 464: [[-0.9734622  -0.2621934   0.35332057  2.1073706   0.4159633 ]] 
Episode: 465: [[-0.97349626 -0.2622756   0.35323822  2.1075346   0.41589278]] 
Episode: 466: [[-0.97354573 -0.26232964  0.35315782  2.1076899   0.4158209 ]] 
Episode: 467: [[-0.9735973  -0.2623985   0.35309538  2.1078358   0.41577342]] 
Episode: 468: [[-0.97365326 -0.2624821   0.35305536  2.107988    0.4157225 ]] 
Episode: 469: [[-0.97367066 -0.26257837  0.3530102   2.108136    0.4156475 ]] 
Episode: 470: [[-0.9736876  -0.26269203  0.3529192   2.108306    0.4155903 ]] 
Episode: 471: [[-0.97371113 -0.26279727  0.3528522   2.108465    0.415532  ]] 
Episode: 472: [[-0.97373503 -0.26287767  0.35277948  2.1086056   0.4154786 ]] 
Episode: 473: [[-0.97376615 -0.2629448   0.35273674  2.1087208   0.41543943]] 
Episode: 474: [[-0.97380924 -0.26300752  0.35271233  2.1088433   0.4153841 ]] 
Episode: 475: [[-0.97383696 -0.26306564  0.35267428  2.1089435   0.4153515 ]] 
Episode: 476: [[-0.97385585 -0.26318267  0.35264078  2.1090984   0.41528296]] 
Episode: 477: [[-0.9738806  -0.26328674  0.3525977   2.1092546   0.41521052]] 
Episode: 478: [[-0.97392666 -0.26335564  0.35250258  2.1093812   0.41521385]] 
Episode: 479: [[-0.97397786 -0.2634163   0.35239938  2.1095152   0.41520658]] 
Episode: 480: [[-0.97403413 -0.26346835  0.35228816  2.1096528   0.41519505]] 
Episode: 481: [[-0.974088   -0.26351002  0.35218525  2.1097841   0.41517147]] 
Episode: 482: [[-0.9741519  -0.26360252  0.35214102  2.1099503   0.4151211 ]] 
Episode: 483: [[-0.9742009  -0.26369995  0.35209402  2.1101046   0.41507998]] 
Episode: 484: [[-0.9742606  -0.26375997  0.35203665  2.1102257   0.4150709 ]] 
Episode: 485: [[-0.9743418  -0.26379648  0.35197726  2.1103425   0.41506955]] 
Episode: 486: [[-0.9744155  -0.26384366  0.35192478  2.110458    0.41506904]] 
Episode: 487: [[-0.9745278  -0.26383966  0.3519144   2.110556    0.4150532 ]] 
Episode: 488: [[-0.9746693  -0.26382306  0.35195708  2.1106362   0.4150509 ]] 
Episode: 489: [[-0.97480273 -0.2638188   0.3519752   2.11073     0.41504952]] 
Episode: 490: [[-0.97494197 -0.2638075   0.35202408  2.1108165   0.4150356 ]] 
Episode: 491: [[-0.97508675 -0.26376268  0.35207683  2.1109014   0.41498587]] 
Episode: 492: [[-0.97522515 -0.2637142   0.35213727  2.1109738   0.41493812]] 
Episode: 493: [[-0.9753499  -0.2636399   0.3521652   2.1110206   0.41490817]] 
Episode: 494: [[-0.975462   -0.26358765  0.3521792   2.111076    0.41488487]] 
Episode: 495: [[-0.9755912  -0.26346928  0.3521692   2.111072    0.41492036]] 
Episode: 496: [[-0.9757366  -0.26342702  0.35221186  2.1111372   0.41491506]] 
Episode: 497: [[-0.9758746  -0.2633969   0.35225987  2.1112037   0.41490906]] 
Episode: 498: [[-0.975997   -0.26335293  0.35228774  2.1112564   0.41490337]] 
Episode: 499: [[-0.9761343  -0.2632859   0.3523173   2.1112964   0.41490862]] 
Episode: 500: [[-0.9762484  -0.26325023  0.35234907  2.1113498   0.41489825]] 
Episode: 501: [[-0.97634876 -0.26327056  0.3523625   2.1114466   0.41488048]] 
Episode: 502: [[-0.9764256  -0.263299    0.35235754  2.1115417   0.41485873]] 
Episode: 503: [[-0.9765105  -0.2632711   0.35233667  2.111602    0.41484687]] 
Episode: 504: [[-0.9765769  -0.2632906   0.3523007   2.111658    0.41489184]] 
Episode: 505: [[-0.97665906 -0.2632333   0.35224742  2.1116598   0.41496426]] 
Episode: 506: [[-0.97674286 -0.2631554   0.35219055  2.11163     0.41506937]] 
Episode: 507: [[-0.97681206 -0.26309067  0.35214132  2.1116126   0.41514486]] 
Episode: 508: [[-0.97687674 -0.26304322  0.35208586  2.1116152   0.41520652]] 
Episode: 509: [[-0.97695357 -0.26301596  0.35205343  2.1116362   0.4152617 ]] 
Episode: 510: [[-0.97702444 -0.26298958  0.3520204   2.111651    0.4153215 ]] 
Episode: 511: [[-0.9771008  -0.26299343  0.35199     2.1117036   0.41536003]] 
Episode: 512: [[-0.9771785  -0.26300725  0.3519264   2.1117835   0.41539115]] 
Episode: 513: [[-0.9772877  -0.26300973  0.3518678   2.111857    0.41545716]] 
Episode: 514: [[-0.977409   -0.26299903  0.3518079   2.1119153   0.41554943]] 
Episode: 515: [[-0.9775107  -0.26299226  0.3517331   2.1119726   0.41563416]] 
Episode: 516: [[-0.97761214 -0.26298544  0.35166243  2.1120183   0.4157353 ]] 
Episode: 517: [[-0.97774047 -0.26297575  0.3516025   2.112085    0.41582397]] 
Episode: 518: [[-0.9778804  -0.26295647  0.3515689   2.112162    0.41587746]] 
Episode: 519: [[-0.97799754 -0.26295653  0.35154784  2.1122355   0.4159226 ]] 
Episode: 520: [[-0.9780969  -0.26295462  0.35152948  2.1123059   0.4159445 ]] 
Episode: 521: [[-0.9782     -0.26294816  0.35151407  2.1123743   0.41596657]] 
Episode: 522: [[-0.97831357 -0.26289105  0.3514725   2.1124427   0.4159556 ]] 
Episode: 523: [[-0.9784538  -0.26282075  0.35143852  2.112508    0.41596305]] 
Episode: 524: [[-0.9786405  -0.2627099   0.35140115  2.1125805   0.41597027]] 
Episode: 525: [[-0.97881204 -0.26257697  0.3513757   2.1126027   0.4160062 ]] 
Episode: 526: [[-0.97898614 -0.262453    0.35135558  2.1126392   0.4160284 ]] 
Episode: 527: [[-0.9791573  -0.2623329   0.35133818  2.1126518   0.41609156]] 
Episode: 528: [[-0.9793401  -0.26216877  0.3513091   2.112636    0.41616988]] 
Episode: 529: [[-0.9794936  -0.26201797  0.35128155  2.112609    0.41624516]] 
Episode: 530: [[-0.9796609  -0.26193365  0.35121897  2.1126428   0.41634655]] 
Episode: 531: [[-0.9798085  -0.2618239   0.35117456  2.1126316   0.41645256]] 
Episode: 532: [[-0.9799341  -0.2617321   0.35112903  2.112625    0.41654602]] 
Episode: 533: [[-0.9800532  -0.26165563  0.35109544  2.1126366   0.4166095 ]] 
Episode: 534: [[-0.9802275  -0.26159063  0.35110733  2.1126733   0.4166858 ]] 
Episode: 535: [[-0.9803586  -0.26164365  0.3511011   2.11278     0.41675135]] 
Episode: 536: [[-0.9805086  -0.26169214  0.35107687  2.112916    0.41679808]] 
Episode: 537: [[-0.9805207  -0.26182964  0.35097143  2.1130548   0.41683796]] 
Episode: 538: [[-0.98048896 -0.26199892  0.35083047  2.1131923   0.41689062]] 
Episode: 539: [[-0.9804579  -0.26215878  0.3507186   2.1133103   0.4169437 ]] 
Episode: 540: [[-0.9804114  -0.26234704  0.3506013   2.1134298   0.41701666]] 
Episode: 541: [[-0.9803947  -0.26251173  0.3504707   2.113545    0.41711646]] 
Episode: 542: [[-0.98037726 -0.26265538  0.35035694  2.113648    0.41719455]] 
Episode: 543: [[-0.9803578  -0.26282758  0.35023195  2.1137679   0.4172884 ]] 
Episode: 544: [[-0.9803613  -0.26297373  0.3500859   2.113885    0.41739947]] 
Episode: 545: [[-0.98035216 -0.26310527  0.34992886  2.113987    0.4175079 ]] 
Episode: 546: [[-0.98034155 -0.26323208  0.3497318   2.1141043   0.4176121 ]] 
Episode: 547: [[-0.9803177  -0.26336497  0.34956336  2.1142187   0.41768932]] 
Episode: 548: [[-0.9802822  -0.26348078  0.34940487  2.1143124   0.41775593]] 
Episode: 549: [[-0.9802616  -0.2635963   0.34925586  2.1144161   0.41781756]] 
Episode: 550: [[-0.98025465 -0.2636981   0.34913135  2.1145203   0.41785926]] 
Episode: 551: [[-0.980263   -0.26379758  0.34903133  2.1146467   0.41786048]] 
Episode: 552: [[-0.98026943 -0.26376334  0.34885448  2.1146748   0.41790864]] 
Episode: 553: [[-0.98023164 -0.2637276   0.34869128  2.1146543   0.41796958]] 
Episode: 554: [[-0.98020905 -0.26370224  0.34854472  2.1146655   0.4179966 ]] 
Episode: 555: [[-0.98019356 -0.26369032  0.34843066  2.1146684   0.41804165]] 
Episode: 556: [[-0.9801815  -0.26367095  0.34832397  2.1146698   0.41807827]] 
Episode: 557: [[-0.980192   -0.26362854  0.3482249   2.114663    0.41812274]] 
Episode: 558: [[-0.9802171  -0.26358426  0.3481565   2.1146803   0.41811755]] 
Episode: 559: [[-0.9802524  -0.2635294   0.34808862  2.1146805   0.4181416 ]] 
Episode: 560: [[-0.9802928  -0.26346302  0.3479833   2.1146684   0.41820794]] 
Episode: 561: [[-0.9802842  -0.263429    0.34780708  2.11467     0.4182832 ]] 
Episode: 562: [[-0.98028916 -0.26336744  0.34762487  2.1146598   0.41836476]] 
Episode: 563: [[-0.98028994 -0.2633176   0.34747058  2.114654    0.41842678]] 
Episode: 564: [[-0.980256   -0.2632953   0.3473299   2.1146533   0.41845974]] 
Episode: 565: [[-0.98021054 -0.26329434  0.34715968  2.1146822   0.4184774 ]] 
Episode: 566: [[-0.9801939  -0.26330018  0.34700674  2.1147363   0.41848564]] 
Episode: 567: [[-0.9802108  -0.26332128  0.3468919   2.1148162   0.41848546]] 
Episode: 568: [[-0.9802141  -0.2633614   0.3467726   2.114912    0.41846806]] 
Episode: 569: [[-0.9802194  -0.263368    0.34666383  2.1149719   0.4184626 ]] 
Episode: 570: [[-0.98025393 -0.26334113  0.3465837   2.1150012   0.41848293]] 
Episode: 571: [[-0.9803023  -0.2632786   0.34646726  2.1149988   0.41855764]] 
Episode: 572: [[-0.98035526 -0.2632236   0.3463645   2.1150181   0.41859978]] 
Episode: 573: [[-0.9804144  -0.2631929   0.34627327  2.11506     0.41863453]] 
Episode: 574: [[-0.9804696  -0.26317656  0.34617308  2.1151195   0.41866025]] 
Episode: 575: [[-0.98052603 -0.2631546   0.34606996  2.1151772   0.41868493]] 
Episode: 576: [[-0.9805887  -0.26322344  0.34598833  2.1153023   0.41870698]] 
Episode: 577: [[-0.98065215 -0.26327777  0.34590006  2.115425    0.4187191 ]] 
Episode: 578: [[-0.9807484  -0.2632912   0.34579352  2.1155424   0.41874352]] 
Episode: 579: [[-0.98084414 -0.26328647  0.34568438  2.1156404   0.41877824]] 
Episode: 580: [[-0.9809372  -0.26327246  0.34556735  2.1157343   0.41880947]] 
Episode: 581: [[-0.9810134 -0.2632845  0.3454528  2.1158435  0.4188249]] 
Episode: 582: [[-0.9811025  -0.2633007   0.3453686   2.1159697   0.41880983]] 
Episode: 583: [[-0.98120195 -0.26328793  0.34528682  2.1160798   0.41879478]] 
Episode: 584: [[-0.9812898  -0.26328683  0.3451994   2.1161878   0.4187888 ]] 
Episode: 585: [[-0.9813726  -0.26331314  0.34507814  2.1163106   0.41881445]] 
Episode: 586: [[-0.9814548  -0.2633687   0.34495255  2.1164508   0.41885233]] 
Episode: 587: [[-0.98152846 -0.26342002  0.34483027  2.116572    0.41890424]] 
Episode: 588: [[-0.98160726 -0.26347345  0.34473535  2.1166809   0.41896656]] 
Episode: 589: [[-0.9817037  -0.2635406   0.34464157  2.11681     0.41903493]] 
Episode: 590: [[-0.98182184 -0.26355505  0.34448847  2.116922    0.41913736]] 
Episode: 591: [[-0.98193806 -0.2635769   0.34435397  2.1170359   0.41922927]] 
Episode: 592: [[-0.98203856 -0.26359367  0.34423417  2.1171336   0.41930965]] 
Episode: 593: [[-0.98211116 -0.26360315  0.34411496  2.1172032   0.41939148]] 
Episode: 594: [[-0.9821902  -0.2636067   0.34401304  2.1172798   0.41944778]] 
Episode: 595: [[-0.98228824 -0.2636081   0.34394428  2.1173377   0.41953456]] 
Episode: 596: [[-0.98237467 -0.26357457  0.34388214  2.1173472   0.41963756]] 
Episode: 597: [[-0.9824445  -0.26354295  0.34380755  2.117349    0.4197445 ]] 
Episode: 598: [[-0.9824951  -0.26353064  0.3437273   2.1173494   0.4198587 ]] 
Episode: 599: [[-0.98254967 -0.26353252  0.34365502  2.1173756   0.41994548]] 
Episode: 600: [[-0.9825642  -0.26352206  0.3435305   2.1173573   0.420081  ]] 
Episode: 601: [[-0.98259807 -0.26350644  0.34342557  2.117367    0.42017004]] 
Episode: 602: [[-0.9826567  -0.2634658   0.34330553  2.1173768   0.42026958]] 
Episode: 603: [[-0.9827138  -0.2634293   0.34319785  2.117396    0.4203461 ]] 
Episode: 604: [[-0.9827846 -0.2633427  0.3430712  2.1173732  0.4204612]] 
Episode: 605: [[-0.9828544  -0.26324072  0.34294078  2.1173377   0.42057878]] 
Episode: 606: [[-0.98293686 -0.2631915   0.34280354  2.1173666   0.42067736]] 
Episode: 607: [[-0.98302674 -0.26314634  0.34267333  2.11742     0.4207422 ]] 
Episode: 608: [[-0.98310727 -0.26312026  0.3425617   2.117481    0.42079285]] 
Episode: 609: [[-0.98317665 -0.26310164  0.34246522  2.1175401   0.42083043]] 
Episode: 610: [[-0.9832431  -0.26308632  0.342339    2.1176028   0.42088586]] 
Episode: 611: [[-0.9833063  -0.263061    0.34220508  2.1176512   0.42095432]] 
Episode: 612: [[-0.9833608  -0.2630871   0.34206593  2.1177464   0.42100304]] 
Episode: 613: [[-0.98339134 -0.26313695  0.34190762  2.11785     0.42105213]] 
Episode: 614: [[-0.9834294  -0.2631916   0.34176192  2.1179695   0.4210798 ]] 
Episode: 615: [[-0.9834909  -0.26322895  0.3416374   2.118092    0.42109296]] 
Episode: 616: [[-0.98356813 -0.26323068  0.341567    2.1181908   0.4210784 ]] 
Episode: 617: [[-0.9836475  -0.26321733  0.3414821   2.118277    0.42107892]] 
Episode: 618: [[-0.98370653 -0.2631946   0.3413993   2.1183276   0.421101  ]] 
Episode: 619: [[-0.9837845  -0.26312155  0.34132904  2.1183455   0.4211269 ]] 
Episode: 620: [[-0.9838632  -0.26305744  0.3412802   2.118381    0.42111778]] 
Episode: 621: [[-0.9839418  -0.26301056  0.34121594  2.1184378   0.4211068 ]] 
Episode: 622: [[-0.98404163 -0.2629658   0.34116513  2.118519    0.42107305]] 
Episode: 623: [[-0.9841548  -0.2629005   0.3411243   2.1185822   0.42105326]] 
Episode: 624: [[-0.9842472  -0.26284385  0.34106994  2.1186204   0.42107317]] 
Episode: 625: [[-0.98435265 -0.26278207  0.34100357  2.118654    0.42112097]] 
Episode: 626: [[-0.98445445 -0.26272693  0.3409286   2.1187053   0.42114845]] 
Episode: 627: [[-0.98455065 -0.2627029   0.34087518  2.1187744   0.4211629 ]] 
Episode: 628: [[-0.98463607 -0.26265973  0.34082484  2.1187942   0.421222  ]] 
Episode: 629: [[-0.9847184  -0.26263836  0.3406985   2.1188853   0.42123812]] 
Episode: 630: [[-0.98481673 -0.26259118  0.3405642   2.118958    0.42127892]] 
Episode: 631: [[-0.9849075  -0.26255757  0.34046608  2.119035    0.4212927 ]] 
Episode: 632: [[-0.98499995 -0.26254016  0.3403812   2.11913     0.42128873]] 
Episode: 633: [[-0.98507565 -0.2625323   0.34031323  2.119222    0.42126727]] 
Episode: 634: [[-0.9851631  -0.26253602  0.340255    2.1193237   0.4212525 ]] 
Episode: 635: [[-0.9852637  -0.2625249   0.34021524  2.1194143   0.42124054]] 
Episode: 636: [[-0.98536545 -0.26255643  0.34020928  2.119545    0.42119077]] 
Episode: 637: [[-0.9854688  -0.26256886  0.34017795  2.1196787   0.42113084]] 
Episode: 638: [[-0.98559415 -0.2625513   0.34016326  2.1198022   0.42106405]] 
Episode: 639: [[-0.98571146 -0.2625253   0.3401416   2.119909    0.42101038]] 
Episode: 640: [[-0.98584914 -0.2624659   0.34011203  2.120034    0.42091072]] 
Episode: 641: [[-0.9859879  -0.26240265  0.34009466  2.1201558   0.4208034 ]] 
Episode: 642: [[-0.9861047  -0.26234975  0.34006286  2.1202598   0.4207243 ]] 
Episode: 643: [[-0.9862143  -0.2623161   0.34002396  2.12038     0.42063874]] 
Episode: 644: [[-0.98632175 -0.26229173  0.33999038  2.1205106   0.42054   ]] 
Episode: 645: [[-0.98642486 -0.26226494  0.33995724  2.1206272   0.4204572 ]] 
Episode: 646: [[-0.986529   -0.26224354  0.3399394   2.1207576   0.42034635]] 
Episode: 647: [[-0.9866292  -0.26223686  0.33993006  2.1208951   0.42023134]] 
Episode: 648: [[-0.986741   -0.26223117  0.3399494   2.1210434   0.42009166]] 
Episode: 649: [[-0.98681885 -0.2622448   0.33996263  2.121173    0.4199718 ]] 
Episode: 650: [[-0.98688364 -0.26225552  0.33994436  2.1212928   0.41987205]] 
Episode: 651: [[-0.9869348  -0.26227733  0.33992583  2.1214056   0.4197825 ]] 
Episode: 652: [[-0.9869943  -0.26229042  0.33990186  2.1215208   0.41969213]] 
Episode: 653: [[-0.98704547 -0.262333    0.33984768  2.1216488   0.41963196]] 
Episode: 654: [[-0.98708636 -0.26239204  0.33980322  2.1217713   0.41958332]] 
Episode: 655: [[-0.98711073 -0.26246366  0.33976054  2.1218948   0.41952682]] 
Episode: 656: [[-0.9871732  -0.26248896  0.33972797  2.1220033   0.41947624]] 
Episode: 657: [[-0.9872036  -0.2625413   0.33966306  2.1220868   0.41949105]] 
Episode: 658: [[-0.9872506  -0.26252174  0.33952245  2.1221404   0.4195404 ]] 
Episode: 659: [[-0.98729426 -0.26252115  0.33934224  2.1222174   0.41960147]] 
Episode: 660: [[-0.9873225  -0.26257178  0.33913738  2.1223185   0.4196898 ]] 
Episode: 661: [[-0.9873698  -0.26261464  0.33891022  2.122411    0.41982552]] 
Episode: 662: [[-0.98745066 -0.26262775  0.33870116  2.1225083   0.41994214]] 
Episode: 663: [[-0.9875095  -0.2626066   0.3384669   2.1225605   0.42008176]] 
Episode: 664: [[-0.98758554 -0.2625762   0.33823872  2.1226184   0.42021674]] 
Episode: 665: [[-0.98764056 -0.26256716  0.33803758  2.122684    0.4203184 ]] 
Episode: 666: [[-0.987676   -0.26254943  0.33783063  2.122734    0.42041376]] 
Episode: 667: [[-0.9877225  -0.2625564   0.33766595  2.1228046   0.420489  ]] 
Episode: 668: [[-0.98777556 -0.26257786  0.33753645  2.1228917   0.42053598]] 
Episode: 669: [[-0.9878651  -0.2625913   0.33742234  2.1229866   0.42059466]] 
Episode: 670: [[-0.9879596  -0.2626332   0.33734533  2.1231067   0.4206255 ]] 
Episode: 671: [[-0.988054  -0.2626849  0.3372685  2.1232347  0.4206552]] 
Episode: 672: [[-0.98816895 -0.2627133   0.3371729   2.123357    0.4207054 ]] 
Episode: 673: [[-0.9882784  -0.2627397   0.33710587  2.1234596   0.4207581 ]] 
Episode: 674: [[-0.9884067  -0.2627449   0.3370717   2.1235695   0.42076764]] 
Episode: 675: [[-0.9885287  -0.26276594  0.3370257   2.1236844   0.4207909 ]] 
Episode: 676: [[-0.9886207  -0.26280394  0.33697408  2.1237862   0.42082587]] 
Episode: 677: [[-0.98870164 -0.2628477   0.33693445  2.123887    0.42084652]] 
Episode: 678: [[-0.98876584 -0.2628697   0.33689886  2.1239564   0.42086697]] 
Episode: 679: [[-0.9888336  -0.26289365  0.33686835  2.1240478   0.4208518 ]] 
Episode: 680: [[-0.9888854  -0.26293465  0.3368469   2.1241527   0.42080763]] 
Episode: 681: [[-0.9889376  -0.26296943  0.33683014  2.124247    0.42077056]] 
Episode: 682: [[-0.98901427 -0.2629994   0.3368276   2.1243622   0.42071092]] 
Episode: 683: [[-0.9891368  -0.26293987  0.3368182   2.1244318   0.42067432]] 
Episode: 684: [[-0.98926866 -0.26288536  0.33677793  2.1245172   0.42065325]] 
Episode: 685: [[-0.9893999  -0.262811    0.33671457  2.1245937   0.42063752]] 
Episode: 686: [[-0.9895492  -0.26272368  0.33665282  2.1246703   0.42062658]] 
Episode: 687: [[-0.98971295 -0.26263505  0.33657274  2.1247537   0.42063528]] 
Episode: 688: [[-0.98984283 -0.26257634  0.33650234  2.1248279   0.42064962]] 
Episode: 689: [[-0.98997146 -0.2625303   0.33639404  2.1248963   0.42072   ]] 
Episode: 690: [[-0.9900888  -0.2624499   0.3362823   2.1249309   0.42078996]] 
Episode: 691: [[-0.9902027  -0.26237845  0.33618388  2.1249769   0.42083707]] 
Episode: 692: [[-0.9903064  -0.26234394  0.336112    2.1250405   0.4208699 ]] 
Episode: 693: [[-0.99042434 -0.26220995  0.33606774  2.124993    0.4209572 ]] 
Episode: 694: [[-0.9905247  -0.26208192  0.33601716  2.1249318   0.4210593 ]] 
Episode: 695: [[-0.9906025  -0.26197886  0.3359509   2.1248827   0.42115703]] 
Episode: 696: [[-0.99067014 -0.261849    0.33585674  2.1248186   0.42125204]] 
Episode: 697: [[-0.990759   -0.2617267   0.3357867   2.124782    0.42131746]] 
Episode: 698: [[-0.99089277 -0.2615795   0.33578172  2.124806    0.42124927]] 
Episode: 699: [[-0.991025   -0.26146513  0.33578947  2.1248677   0.42114788]] 
Episode: 700: [[-0.9911721 -0.261378   0.3358404  2.1249626  0.421012 ]] 
Episode: 701: [[-0.9913042  -0.26127592  0.33587566  2.1250336   0.42089003]] 
Episode: 702: [[-0.9914182  -0.26119816  0.33589995  2.1250958   0.42080197]] 
Episode: 703: [[-0.9915377  -0.26113525  0.33592805  2.1251757   0.42070764]] 
Episode: 704: [[-0.9916463  -0.26105902  0.335925    2.1252303   0.4206496 ]] 
Episode: 705: [[-0.9917264  -0.26099762  0.3359221   2.1252787   0.42058548]] 
Episode: 706: [[-0.99179554 -0.26096603  0.3359189   2.1253445   0.4205177 ]] 
Episode: 707: [[-0.9918566  -0.26095447  0.3358788   2.125427    0.42046615]] 
Episode: 708: [[-0.9919562  -0.26091987  0.33583862  2.1255176   0.42041877]] 
Episode: 709: [[-0.9920551  -0.26087368  0.33580172  2.1255999   0.42036673]] 
Episode: 710: [[-0.99216324 -0.2608209   0.33575764  2.1256843   0.42031905]] 
Episode: 711: [[-0.99227524 -0.26077393  0.3357146   2.1257782   0.4202672 ]] 
Episode: 712: [[-0.99236614 -0.260723    0.33569136  2.1258385   0.42022637]] 
Episode: 713: [[-0.9924796  -0.26067364  0.33574593  2.1258736   0.42020243]] 
Episode: 714: [[-0.99259615 -0.2606014   0.33579406  2.1258945   0.4201804 ]] 
Episode: 715: [[-0.99272025 -0.26053175  0.3358144   2.1259098   0.42020354]] 
Episode: 716: [[-0.99284387 -0.2604587   0.33585507  2.1259212   0.42021254]] 
Episode: 717: [[-0.99297523 -0.26038232  0.3359066   2.1259441   0.42019832]] 
Episode: 718: [[-0.9931124  -0.26031724  0.33593222  2.125983    0.42019933]] 
Episode: 719: [[-0.99323225 -0.26026803  0.33595106  2.1260285   0.42019284]] 
Episode: 720: [[-0.9933679  -0.260219    0.3359815   2.1260748   0.42019734]] 
Episode: 721: [[-0.9935045  -0.26016855  0.33599395  2.1261458   0.42017105]] 
Episode: 722: [[-0.9936387  -0.2601139   0.33600286  2.1262019   0.42016527]] 
Episode: 723: [[-0.99376535 -0.26005697  0.33600062  2.1262648   0.4201427 ]] 
Episode: 724: [[-0.99386704 -0.2600268   0.33603394  2.1263118   0.42012548]] 
Episode: 725: [[-0.9939797  -0.25999284  0.33605367  2.1263669   0.42011327]] 
Episode: 726: [[-0.9940997  -0.25995156  0.336022    2.1264155   0.42015195]] 
Episode: 727: [[-0.99422747 -0.2598858   0.33600488  2.126455    0.42017135]] 
Episode: 728: [[-0.9943274  -0.25982141  0.33596525  2.1264849   0.4201913 ]] 
Episode: 729: [[-0.99443036 -0.25976518  0.33594316  2.1265414   0.42016542]] 
Episode: 730: [[-0.9945202  -0.25970027  0.3359032   2.1265848   0.42014745]] 
Episode: 731: [[-0.99460316 -0.25967586  0.3358643   2.1266642   0.42011163]] 
Episode: 732: [[-0.9946799  -0.25964066  0.33584052  2.1267276   0.42006952]] 
Episode: 733: [[-0.9947445  -0.25962722  0.33583036  2.1268103   0.41999692]] 
Episode: 734: [[-0.9948132  -0.2596015   0.33581793  2.1268792   0.41993892]] 
Episode: 735: [[-0.9948833  -0.25956932  0.33578274  2.1269474   0.41989243]] 
Episode: 736: [[-0.9949803  -0.25953034  0.33571467  2.1270194   0.41989052]] 
Episode: 737: [[-0.9950711  -0.2595058   0.3356449   2.1271007   0.41988575]] 
Episode: 738: [[-0.99515927 -0.25947663  0.3355814   2.1271758   0.41987687]] 
Episode: 739: [[-0.9952406  -0.25945273  0.33549947  2.127255    0.41987342]] 
Episode: 740: [[-0.99530834 -0.2594504   0.335413    2.1273334   0.41988698]] 
Episode: 741: [[-0.9953627  -0.25952363  0.33532652  2.1274712   0.4198823 ]] 
Episode: 742: [[-0.9953993  -0.2595915   0.33522946  2.1276042   0.41986364]] 
Episode: 743: [[-0.9954331  -0.25965777  0.3351541   2.1277347   0.41982707]] 
Episode: 744: [[-0.9954676  -0.25971603  0.33508393  2.1278589   0.41978693]] 
Episode: 745: [[-0.99553007 -0.25974515  0.33501542  2.1279867   0.41973516]] 
Episode: 746: [[-0.9955741  -0.25977942  0.33496082  2.1281056   0.41967174]] 
Episode: 747: [[-0.9956177 -0.2598059  0.3349012  2.128217   0.4196142]] 
Episode: 748: [[-0.9956686  -0.25982875  0.3348697   2.1283188   0.41955614]] 
Episode: 749: [[-0.9957356  -0.25979105  0.33480325  2.1283948   0.41950756]] 
Episode: 750: [[-0.99581635 -0.2597727   0.3346969   2.1285064   0.41947168]] 
Episode: 751: [[-0.9958917  -0.25968525  0.3346094   2.1285195   0.4194919 ]] 
Episode: 752: [[-0.99597365 -0.2596362   0.33453536  2.128573    0.41949183]] 
Episode: 753: [[-0.9960544  -0.25961435  0.33446318  2.1286592   0.41946784]] 
Episode: 754: [[-0.996165   -0.25956568  0.33444571  2.128776    0.41934934]] 
Episode: 755: [[-0.99628264 -0.25951442  0.33443847  2.1288931   0.41922814]] 
Episode: 756: [[-0.99639994 -0.25945914  0.3344493   2.1290252   0.41906068]] 
Episode: 757: [[-0.996502   -0.25943986  0.3344533   2.1291676   0.4189104 ]] 
Episode: 758: [[-0.9966209  -0.25948513  0.33445728  2.12933     0.41883606]] 
Episode: 759: [[-0.99672693 -0.2595408   0.33446681  2.129493    0.41875407]] 
Episode: 760: [[-0.996849   -0.25958782  0.33446893  2.1296558   0.4186865 ]] 
Episode: 761: [[-0.99696124 -0.25962183  0.33441836  2.1298008   0.41866037]] 
Episode: 762: [[-0.99707574 -0.2596822   0.334383    2.1299798   0.418601  ]] 
Episode: 763: [[-0.9971997  -0.25973833  0.33436373  2.1301553   0.41854194]] 
Episode: 764: [[-0.9973236  -0.2597564   0.3343248   2.1302645   0.41856185]] 
Episode: 765: [[-0.9974806  -0.25974578  0.33428198  2.1303759   0.41858384]] 
Episode: 766: [[-0.99755204 -0.2597526   0.33419955  2.1304574   0.41860366]] 
Episode: 767: [[-0.9976254  -0.2597537   0.3341398   2.1305332   0.41861114]] 
Episode: 768: [[-0.9976782  -0.25973687  0.3340678   2.130572    0.41864172]] 
Episode: 769: [[-0.99774146 -0.25973094  0.33401307  2.1306336   0.4186477 ]] 
Episode: 770: [[-0.9978103  -0.25972143  0.33394036  2.1307034   0.41865498]] 
Episode: 771: [[-0.99788165 -0.25970894  0.33383197  2.1307793   0.41867813]] 
Episode: 772: [[-0.99793816 -0.25970694  0.33373347  2.1308627   0.41867563]] 
Episode: 773: [[-0.99798906 -0.2597589   0.33360085  2.130975    0.418715  ]] 
Episode: 774: [[-0.9980481  -0.25980338  0.33349374  2.1310656   0.4187734 ]] 
Episode: 775: [[-0.99812275 -0.25985983  0.3333329   2.1311777   0.41887164]] 
Episode: 776: [[-0.99818426 -0.2599202   0.33318803  2.1312773   0.41896817]] 
Episode: 777: [[-0.99824107 -0.25999156  0.33305582  2.1313972   0.41902795]] 
Episode: 778: [[-0.9982976  -0.26005954  0.3329269   2.1315274   0.41906217]] 
Episode: 779: [[-0.998348   -0.26012328  0.33279452  2.1316786   0.4190483 ]] 
Episode: 780: [[-0.9984078  -0.26016873  0.33268377  2.1318138   0.41903284]] 
Episode: 781: [[-0.99848384 -0.26018995  0.33254528  2.131946    0.4190315 ]] 
Episode: 782: [[-0.9985854  -0.26018262  0.3323936   2.1320803   0.41903046]] 
Episode: 783: [[-0.99863595 -0.26019388  0.33218017  2.1322055   0.41905355]] 
Episode: 784: [[-0.99867785 -0.26020736  0.33199102  2.1323287   0.4190535 ]] 
Episode: 785: [[-0.99873817 -0.26021802  0.33182308  2.1324472   0.41906556]] 
Episode: 786: [[-0.9988021  -0.26025513  0.33169276  2.1325762   0.41907117]] 
Episode: 787: [[-0.99887025 -0.2602813   0.33158123  2.132693    0.41907382]] 
Episode: 788: [[-0.9989727  -0.26028842  0.33153528  2.1328335   0.41900316]] 
Episode: 789: [[-0.99907863 -0.2602934   0.33148605  2.1329634   0.41895494]] 
Episode: 790: [[-0.9991634  -0.26033586  0.33145505  2.1330945   0.41891477]] 
Episode: 791: [[-0.99925977 -0.26037776  0.3313838   2.1332433   0.41888848]] 
Episode: 792: [[-0.999347   -0.26043427  0.33133978  2.1333897   0.41885385]] 
Episode: 793: [[-0.99943    -0.26048988  0.3313009   2.1335452   0.41879278]] 
Episode: 794: [[-0.99951553 -0.26054057  0.331273    2.133712    0.41869977]] 
Episode: 795: [[-0.999591   -0.26061454  0.3312319   2.1338925   0.41861156]] 
Episode: 796: [[-0.99968433 -0.2606829   0.33122796  2.1340868   0.4184861 ]] 
Episode: 797: [[-0.99977344 -0.26074052  0.33120754  2.134278    0.41835856]] 
Episode: 798: [[-0.99986774 -0.26078534  0.33118033  2.1344333   0.41828853]] 
Episode: 799: [[-0.9999233  -0.2608582   0.33110315  2.1345932   0.4182374 ]] 
Episode: 800: [[-0.99996185 -0.26083604  0.3310036   2.1346457   0.41823953]] 
Episode: 801: [[-1.00001    -0.26082033  0.33085105  2.1347146   0.41827455]] 
Episode: 802: [[-1.0000638  -0.26081803  0.33072287  2.1347966   0.41829333]] 
Episode: 803: [[-1.0001289  -0.2607659   0.33051163  2.134881    0.41831872]] 
Episode: 804: [[-1.00016    -0.26073372  0.3303189   2.134958    0.41832715]] 
Episode: 805: [[-1.000195   -0.26070097  0.33015442  2.1350353   0.41831794]] 
Episode: 806: [[-1.0002408  -0.26067457  0.33003828  2.1351254   0.41827118]] 
Episode: 807: [[-1.0003079  -0.26062226  0.32993713  2.1351917   0.4182461 ]] 
Episode: 808: [[-1.0003748  -0.26056314  0.32983068  2.1352427   0.4182421 ]] 
Episode: 809: [[-1.0004514  -0.26050055  0.32974538  2.13529     0.41823626]] 
Episode: 810: [[-1.000524   -0.26043916  0.32965747  2.1353395   0.4182247 ]] 
Episode: 811: [[-1.000576   -0.26039156  0.32960567  2.1353686   0.41821417]] 
Episode: 812: [[-1.0006144  -0.2603506   0.3295563   2.1353981   0.41819307]] 
Episode: 813: [[-1.0006546  -0.26030922  0.32948235  2.1354334   0.41818255]] 
Episode: 814: [[-1.0006946  -0.26027557  0.3294083   2.1354766   0.41816872]] 
Episode: 815: [[-1.0007256  -0.26025018  0.32931662  2.1355224   0.41816354]] 
Episode: 816: [[-1.000755   -0.26023492  0.32924375  2.1355836   0.4181283 ]] 
Episode: 817: [[-1.0007865  -0.26021823  0.3291751   2.1356363   0.4181057 ]] 
Episode: 818: [[-1.000812   -0.26019108  0.3290831   2.13568     0.4180953 ]] 
Episode: 819: [[-1.0008291  -0.26016405  0.32897896  2.1357086   0.41811016]] 
Episode: 820: [[-1.0008295  -0.2601785   0.32887962  2.135764    0.41811028]] 
Episode: 821: [[-1.0008454  -0.26018095  0.3287794   2.1357949   0.41815683]] 
Episode: 822: [[-1.000852   -0.2601811   0.32865518  2.135842    0.41817823]] 
Episode: 823: [[-1.0008612  -0.26022294  0.3285768   2.1358914   0.41822103]] 
Episode: 824: [[-1.0008886  -0.26023212  0.3284568   2.135922    0.4183073 ]] 
Episode: 825: [[-1.0009261  -0.26024616  0.32832536  2.1359756   0.41838127]] 
Episode: 826: [[-1.0009735  -0.26026332  0.32810563  2.1360538   0.4184983 ]] 
Episode: 827: [[-1.0010005  -0.2602505   0.3278814   2.1360803   0.41864273]] 
Episode: 828: [[-1.0010303  -0.26024526  0.32769153  2.1361222   0.4187473 ]] 
Episode: 829: [[-1.0010711  -0.26024377  0.32754603  2.1361725   0.4188214 ]] 
Episode: 830: [[-1.0011151  -0.2602306   0.32743427  2.1362255   0.41885313]] 
Episode: 831: [[-1.0011746  -0.26022023  0.3273586   2.136295    0.41885066]] 
Episode: 832: [[-1.0012176  -0.26025707  0.32730782  2.1363869   0.41883382]] 
Episode: 833: [[-1.0012639  -0.26030093  0.3272165   2.1365066   0.41881344]] 
Episode: 834: [[-1.0013138  -0.26032352  0.32712024  2.1366096   0.41880158]] 
Episode: 835: [[-1.001388   -0.2603022   0.32704747  2.1366906   0.41878027]] 
Episode: 836: [[-1.0014579  -0.26028442  0.32699147  2.1367717   0.41874573]] 
Episode: 837: [[-1.0015414  -0.2602557   0.3269617   2.136847    0.41870284]] 
Episode: 838: [[-1.0016333  -0.26020446  0.3269401   2.1369002   0.4186718 ]] 
Episode: 839: [[-1.0016915  -0.2601521   0.32687932  2.1369243   0.41867858]] 
Episode: 840: [[-1.001751   -0.2600057   0.32681033  2.136875    0.4186921 ]] 
Episode: 841: [[-1.0017989  -0.25990954  0.32673675  2.136879    0.41866985]] 
Episode: 842: [[-1.0018615 -0.2598138  0.3266206  2.1369107  0.4186513]] 
Episode: 843: [[-1.0019623  -0.25969762  0.32653847  2.1369362   0.41863692]] 
Episode: 844: [[-1.0020695  -0.25960568  0.3264523   2.1369882   0.4186204 ]] 
Episode: 845: [[-1.0021881  -0.25951466  0.32638884  2.1370447   0.4185938 ]] 
Episode: 846: [[-1.0023161  -0.25943583  0.32631385  2.137125    0.41856313]] 
Episode: 847: [[-1.0024261  -0.25936905  0.32621035  2.137196    0.41856495]] 
Episode: 848: [[-1.0024879  -0.25933737  0.32610753  2.1372604   0.41856566]] 
Episode: 849: [[-1.0025663  -0.25930333  0.32602832  2.137336    0.41854608]] 
Episode: 850: [[-1.0025258  -0.25928342  0.32591105  2.137334    0.4185625 ]] 
Episode: 851: [[-1.002506   -0.25926584  0.32582837  2.1373487   0.41855234]] 
Episode: 852: [[-1.0024974  -0.25925636  0.32577106  2.1373806   0.41851702]] 
Episode: 853: [[-1.002474   -0.25927982  0.32570374  2.137429    0.41848665]] 
Episode: 854: [[-1.0024695  -0.25930703  0.3256321   2.1374907   0.41846552]] 
Episode: 855: [[-1.0024295  -0.25930828  0.32553315  2.1374846   0.41850492]] 
Episode: 856: [[-1.0023785  -0.2593398   0.32542768  2.1374977   0.4185427 ]] 
Episode: 857: [[-1.0023364  -0.25937784  0.32530862  2.1375322   0.41857353]] 
Episode: 858: [[-1.0022873  -0.25942114  0.32515585  2.1375647   0.418633  ]] 
Episode: 859: [[-1.0022745  -0.25943357  0.3250142   2.1375942   0.41869238]] 
Episode: 860: [[-1.0022829  -0.25943908  0.32487926  2.137635    0.41874382]] 
Episode: 861: [[-1.002309   -0.25944328  0.32479867  2.1376808   0.4187649 ]] 
Episode: 862: [[-1.0023507  -0.259451    0.32469007  2.137747    0.41879597]] 
Episode: 863: [[-1.0024145  -0.25944775  0.3245969   2.1378222   0.41881272]] 
Episode: 864: [[-1.0024849  -0.25941703  0.3244623   2.137891    0.4188437 ]] 
Episode: 865: [[-1.0025244  -0.25939953  0.3243346   2.1379442   0.418876  ]] 
Episode: 866: [[-1.0025921  -0.25936437  0.32421595  2.1380074   0.41889507]] 
Episode: 867: [[-1.0026516  -0.25931326  0.32410347  2.1380534   0.4189073 ]] 
Episode: 868: [[-1.0027846  -0.25923303  0.32403618  2.1381202   0.41890147]] 
Episode: 869: [[-1.0028954  -0.2591396   0.32393044  2.138147    0.4189495 ]] 
Episode: 870: [[-1.0030121  -0.25901628  0.32380536  2.1381617   0.41900134]] 
Episode: 871: [[-1.0031191  -0.25889727  0.32365987  2.138176    0.41906318]] 
Episode: 872: [[-1.0032052  -0.25881496  0.32352018  2.138207    0.41911477]] 
Episode: 873: [[-1.0032858  -0.25874555  0.32339302  2.1382387   0.4191661 ]] 
Episode: 874: [[-1.0033678  -0.2586383   0.32324225  2.138231    0.41925475]] 
Episode: 875: [[-1.0034218  -0.2586038   0.32309836  2.1382575   0.41934228]] 
Episode: 876: [[-1.0034885  -0.258534    0.3229323   2.1382556   0.41946435]] 
Episode: 877: [[-1.0035566  -0.25847945  0.3227779   2.1382651   0.41957974]] 
Episode: 878: [[-1.0036101  -0.25846645  0.32264054  2.1383061   0.41966522]] 
Episode: 879: [[-1.0036526  -0.25845504  0.32252705  2.138342    0.41972932]] 
Episode: 880: [[-1.0036867  -0.25845557  0.322433    2.1383843   0.41977224]] 
Episode: 881: [[-1.0037364  -0.25846153  0.32233045  2.138436    0.41983244]] 
Episode: 882: [[-1.0037979  -0.25839677  0.3221938   2.138437    0.41992646]] 
Episode: 883: [[-1.0038595  -0.2583396   0.32208088  2.1384633   0.4199678 ]] 
Episode: 884: [[-1.0039446  -0.25823423  0.3219216   2.1384897   0.4200085 ]] 
Episode: 885: [[-1.0040454  -0.25811622  0.32174572  2.1385205   0.42005706]] 
Episode: 886: [[-1.0041711  -0.25796834  0.32158056  2.1385336   0.42011812]] 
Episode: 887: [[-1.0042883  -0.25781402  0.32140815  2.138537    0.4201825 ]] 
Episode: 888: [[-1.0043961  -0.25765336  0.32122308  2.1384852   0.4203322 ]] 
Episode: 889: [[-1.0044799  -0.2575378   0.32099804  2.1384468   0.42052132]] 
Episode: 890: [[-1.0045626  -0.25744683  0.32081637  2.138435    0.4206628 ]] 
Episode: 891: [[-1.0046413  -0.25736147  0.32064337  2.1384294   0.42078882]] 
Episode: 892: [[-1.0047175  -0.25730133  0.32047218  2.1384475   0.42090386]] 
Episode: 893: [[-1.0047803  -0.25724006  0.32031685  2.138464    0.42099118]] 
Episode: 894: [[-1.004849   -0.25718102  0.3201659   2.1385016   0.42104828]] 
Episode: 895: [[-1.0049133  -0.25716197  0.3200364   2.13857     0.42108417]] 
Episode: 896: [[-1.0049509  -0.25718585  0.31997386  2.1386328   0.42110312]] 
Episode: 897: [[-1.0049728  -0.25717568  0.3198913   2.138633    0.4211807 ]] 
Episode: 898: [[-1.0049934  -0.2571756   0.31980747  2.1386495   0.42124274]] 
Episode: 899: [[-1.005015   -0.2572042   0.31969866  2.1386817   0.42133737]] 
Episode: 900: [[-1.0050477  -0.25723237  0.31957436  2.1387382   0.4214146 ]] 
Episode: 901: [[-1.0050759  -0.25723642  0.31942326  2.1387937   0.42147648]] 
Episode: 902: [[-1.0051152  -0.25722304  0.31928653  2.1388488   0.42151782]] 
Episode: 903: [[-1.0051588  -0.25720772  0.3191569   2.1389105   0.42154452]] 
Episode: 904: [[-1.0052123  -0.2571792   0.3190423   2.138974    0.42155072]] 
Episode: 905: [[-1.0052735  -0.25714713  0.31894645  2.139037    0.42154798]] 
Episode: 906: [[-1.0053347  -0.2571242   0.31887555  2.1391003   0.42153755]] 
Episode: 907: [[-1.005394   -0.2570889   0.31877923  2.13916     0.4215342 ]] 
Episode: 908: [[-1.0054625  -0.25706     0.31870148  2.1392238   0.42152914]] 
Episode: 909: [[-1.005501   -0.2570414   0.31861392  2.1392834   0.4215162 ]] 
Episode: 910: [[-1.0055711  -0.25698283  0.31852606  2.139332    0.42150694]] 
Episode: 911: [[-1.0056592  -0.25692463  0.31843397  2.139391    0.4215061 ]] 
Episode: 912: [[-1.0057678  -0.2568429   0.31835228  2.139457    0.4214781 ]] 
Episode: 913: [[-1.0058746  -0.25677392  0.31827074  2.1395156   0.42147785]] 
Episode: 914: [[-1.005976   -0.2567175   0.3182013   2.1395776   0.42147282]] 
Episode: 915: [[-1.0060885  -0.25666547  0.31816646  2.139658    0.42142877]] 
Episode: 916: [[-1.0061909  -0.25665578  0.31813702  2.1397648   0.42137948]] 
Episode: 917: [[-1.0063128  -0.25661245  0.31812584  2.1398597   0.42131543]] 
Episode: 918: [[-1.0064237  -0.25657794  0.31812397  2.1399498   0.4212507 ]] 
Episode: 919: [[-1.006569   -0.25645605  0.31810728  2.1399882   0.42120954]] 
Episode: 920: [[-1.0067168  -0.25631267  0.31808478  2.14001     0.42117476]] 
Episode: 921: [[-1.0068904  -0.25618318  0.31809133  2.1400516   0.42113486]] 
Episode: 922: [[-1.0071087  -0.2560192   0.31813225  2.1401424   0.42099178]] 
Episode: 923: [[-1.0073218  -0.2558109   0.31813988  2.1401865   0.42088738]] 
Episode: 924: [[-1.0075188  -0.2556535   0.31811407  2.1402552   0.42081577]] 
Episode: 925: [[-1.0076958  -0.25552702  0.31809077  2.140336    0.4207392 ]] 
Episode: 926: [[-1.0078619  -0.2553939   0.3180604   2.140399    0.42067632]] 
Episode: 927: [[-1.0080127  -0.2552863   0.31802747  2.140489    0.4205842 ]] 
Episode: 928: [[-1.0081375 -0.255218   0.3179866  2.1405923  0.4204971]] 
Episode: 929: [[-1.0082511  -0.25513038  0.31795606  2.1406634   0.42041755]] 
Episode: 930: [[-1.0083588  -0.25504822  0.31794012  2.1407192   0.4203534 ]] 
Episode: 931: [[-1.0084387  -0.2549956   0.31786713  2.1407914   0.42031094]] 
Episode: 932: [[-1.0085117  -0.25497195  0.31779563  2.1408927   0.42024806]] 
Episode: 933: [[-1.0085706  -0.25494695  0.31768084  2.1409903   0.42020637]] 
Episode: 934: [[-1.0086353  -0.25490782  0.3175745   2.1410687   0.4201788 ]] 
Episode: 935: [[-1.0087266  -0.25485313  0.31749877  2.141147    0.42013952]] 
Episode: 936: [[-1.0088106  -0.25481296  0.31740478  2.141225    0.4201258 ]] 
Episode: 937: [[-1.0088975  -0.25476053  0.31728706  2.141301    0.42012104]] 
Episode: 938: [[-1.009014   -0.25468317  0.31719685  2.1413724   0.42010468]] 
Episode: 939: [[-1.0091264  -0.25460514  0.31704152  2.1414456   0.42013103]] 
Episode: 940: [[-1.0092363  -0.25452077  0.3168789   2.141512    0.42016318]] 
Episode: 941: [[-1.0093807  -0.25440535  0.31669772  2.1415842   0.42019975]] 
Episode: 942: [[-1.009546   -0.2543435   0.31656379  2.1417398   0.42015278]] 
Episode: 943: [[-1.0097097  -0.2543419   0.3163817   2.141912    0.42019522]] 
Episode: 944: [[-1.0098675  -0.25437146  0.31620497  2.14211     0.42022333]] 
Episode: 945: [[-1.01003    -0.25440162  0.31606606  2.1423023   0.42023924]] 
Episode: 946: [[-1.0101906  -0.25443277  0.3159619   2.1424882   0.42023778]] 
Episode: 947: [[-1.0103474  -0.2544756   0.3158732   2.1426954   0.42019844]] 
Episode: 948: [[-1.0104796  -0.2545104   0.3157855   2.1428783   0.42015955]] 
Episode: 949: [[-1.0106286  -0.2545242   0.31569722  2.1430447   0.42014146]] 
Episode: 950: [[-1.0107682  -0.25454423  0.31562304  2.143197    0.42013404]] 
Episode: 951: [[-1.0108978  -0.2545745   0.315553    2.1433535   0.42011797]] 
Episode: 952: [[-1.0110215  -0.2546222   0.31548873  2.1435144   0.42010608]] 
Episode: 953: [[-1.0111544  -0.25466353  0.31544155  2.1436725   0.42008844]] 
Episode: 954: [[-1.0112861  -0.25467566  0.31540772  2.1438026   0.42006737]] 
Episode: 955: [[-1.0113829  -0.25466758  0.3153648   2.1438699   0.42009148]] 
Episode: 956: [[-1.0114466  -0.2547097   0.31535497  2.143961    0.42007673]] 
Episode: 957: [[-1.0115312  -0.25471565  0.31533077  2.14402     0.4201046 ]] 
Episode: 958: [[-1.0115943  -0.2547206   0.31528527  2.1440866   0.4201087 ]] 
Episode: 959: [[-1.0116707  -0.2547121   0.31522033  2.1441622   0.42010993]] 
Episode: 960: [[-1.0117604  -0.2547285   0.3151499   2.1442692   0.42011103]] 
Episode: 961: [[-1.0118737  -0.25471854  0.31509754  2.1443646   0.4201115 ]] 
Episode: 962: [[-1.0119307  -0.2547826   0.3150025   2.1444976   0.42011195]] 
Episode: 963: [[-1.0120214  -0.2548435   0.31493118  2.1446538   0.42009085]] 
Episode: 964: [[-1.0121211  -0.25489497  0.3148536   2.1448112   0.4200708 ]] 
Episode: 965: [[-1.0121958  -0.25497353  0.31480885  2.144961    0.42004463]] 
Episode: 966: [[-1.0122694  -0.25505114  0.3147848   2.145104    0.42001212]] 
Episode: 967: [[-1.0123348  -0.25509545  0.31471798  2.145228    0.4199898 ]] 
Episode: 968: [[-1.0123943  -0.2551378   0.31466126  2.145343    0.41996488]] 
Episode: 969: [[-1.0124443  -0.25522503  0.3146147   2.1454806   0.4199434 ]] 
Episode: 970: [[-1.0124974  -0.2553167   0.31457195  2.1456215   0.41992304]] 
Episode: 971: [[-1.0125974  -0.2553341   0.31455365  2.1457121   0.41992652]] 
Episode: 972: [[-1.0127015  -0.25533414  0.3145265   2.1458004   0.41992217]] 
Episode: 973: [[-1.0128183  -0.25533256  0.31451616  2.1458914   0.41991335]] 
Episode: 974: [[-1.0129164  -0.255336    0.31450707  2.1459746   0.4199011 ]] 
Episode: 975: [[-1.0130275  -0.25531146  0.31448114  2.1460395   0.41991112]] 
Episode: 976: [[-1.0131534  -0.25527814  0.31443426  2.1461082   0.4199369 ]] 
Episode: 977: [[-1.0132604  -0.25525132  0.31437644  2.1461732   0.4199634 ]] 
Episode: 978: [[-1.0133705  -0.25521013  0.3143209   2.1462386   0.41997164]] 
Episode: 979: [[-1.0134904  -0.2551546   0.31421626  2.1463027   0.4200126 ]] 
Episode: 980: [[-1.0136061  -0.25510386  0.31412876  2.1463728   0.42003098]] 
Episode: 981: [[-1.0137303  -0.25502098  0.31401244  2.1464207   0.42007646]] 
Episode: 982: [[-1.0138355  -0.25495452  0.3138866   2.1464677   0.4201304 ]] 
Episode: 983: [[-1.0139575  -0.25483033  0.31382388  2.1464345   0.42021495]] 
Episode: 984: [[-1.0140426  -0.25472292  0.31371793  2.146404    0.42030656]] 
Episode: 985: [[-1.0140697  -0.25465962  0.31358153  2.1463492   0.4204537 ]] 
Episode: 986: [[-1.0140892  -0.25459433  0.31344116  2.1462982   0.42058524]] 
Episode: 987: [[-1.0141073  -0.2545237   0.31329995  2.1462605   0.4206855 ]] 
Episode: 988: [[-1.0141263  -0.25446612  0.31317604  2.146247    0.4207494 ]] 
Episode: 989: [[-1.0141569  -0.25437352  0.313041    2.1462116   0.42082566]] 
Episode: 990: [[-1.0141628  -0.25429788  0.31290257  2.146166    0.42091548]] 
Episode: 991: [[-1.0141608  -0.25424445  0.3127611   2.1461313   0.42100987]] 
Episode: 992: [[-1.0141943  -0.25417176  0.3126436   2.1461096   0.42107987]] 
Episode: 993: [[-1.0142341  -0.2540937   0.31253174  2.1461062   0.42111364]] 
Episode: 994: [[-1.0142883  -0.25402552  0.31242615  2.146115    0.42115292]] 
Episode: 995: [[-1.0143424  -0.25395304  0.31237876  2.1460934   0.4211939 ]] 
Episode: 996: [[-1.0144061  -0.25388825  0.31232187  2.1460817   0.42124718]] 
Episode: 997: [[-1.0144602  -0.25382444  0.31223676  2.1460626   0.42132482]] 
Episode: 998: [[-1.0144955  -0.25376245  0.31218117  2.1460168   0.42140526]] 
Episode: 999: [[-1.0145487  -0.25370437  0.31212902  2.145996    0.4214668 ]] 
Episode: 1000: [[-1.0146202  -0.25362384  0.31205466  2.145981    0.42152733]] 
Episode: 1001: [[-1.0146936  -0.253558    0.31197545  2.145993    0.42156786]] 
Episode: 1002: [[-1.0147585  -0.2534831   0.31187415  2.146007    0.42159873]] 
Episode: 1003: [[-1.0148299  -0.2534147   0.31175694  2.146033    0.42163846]] 
Episode: 1004: [[-1.0149382  -0.25332412  0.31159437  2.1460845   0.42168438]] 
Episode: 1005: [[-1.015044   -0.25325245  0.31143162  2.1461525   0.42172503]] 
Episode: 1006: [[-1.0150844  -0.25320402  0.31127575  2.1461864   0.42177135]] 
Episode: 1007: [[-1.0151615  -0.25307742  0.31105736  2.146208    0.421825  ]] 
Episode: 1008: [[-1.0151877  -0.25298423  0.31085452  2.1462188   0.42186904]] 
Episode: 1009: [[-1.0152088  -0.25291973  0.31066108  2.1462488   0.4219057 ]] 
Episode: 1010: [[-1.0152613  -0.25289184  0.31052598  2.1463366   0.42188522]] 
Episode: 1011: [[-1.0152875  -0.25286967  0.31038883  2.1463885   0.42190418]] 
Episode: 1012: [[-1.0153335  -0.25285077  0.3102693   2.1464539   0.42191505]] 
Episode: 1013: [[-1.0153841  -0.2528342   0.3101286   2.1465323   0.42192838]] 
Episode: 1014: [[-1.0154525  -0.25278497  0.30992156  2.1466067   0.42197892]] 
Episode: 1015: [[-1.0155298  -0.25273415  0.30975738  2.1466837   0.42199966]] 
Episode: 1016: [[-1.0156174  -0.25266016  0.30960277  2.1467562   0.42200145]] 
Episode: 1017: [[-1.0157202  -0.25261167  0.30945733  2.1468604   0.42199448]] 
Episode: 1018: [[-1.0157927  -0.2525818   0.30930063  2.1469512   0.4220085 ]] 
Episode: 1019: [[-1.0158588  -0.25256363  0.3091132   2.1470485   0.42204392]] 
Episode: 1020: [[-1.015958   -0.2525461   0.3088924   2.147165    0.42211428]] 
Episode: 1021: [[-1.016055   -0.2525371   0.30868673  2.1472723   0.422198  ]] 
Episode: 1022: [[-1.0161647  -0.25252557  0.30849597  2.1473925   0.42225936]] 
Episode: 1023: [[-1.0162748  -0.2525132   0.3083551   2.1475      0.42230254]] 
Episode: 1024: [[-1.0163478 -0.252545   0.3082293  2.1476018  0.4223593]] 
Episode: 1025: [[-1.0164177  -0.2525776   0.30812648  2.147704    0.4223949 ]] 
Episode: 1026: [[-1.0164831  -0.25264892  0.30801767  2.1478293   0.42244214]] 
Episode: 1027: [[-1.0165579  -0.25272238  0.30795482  2.1479483   0.42247903]] 
Episode: 1028: [[-1.016632   -0.2527742   0.30789647  2.148057    0.42249918]] 
Episode: 1029: [[-1.0167     -0.25280708  0.30787182  2.1481428   0.42249894]] 
Episode: 1030: [[-1.0167807  -0.2527878   0.30782807  2.1481986   0.4225094 ]] 
Episode: 1031: [[-1.0168692  -0.25274596  0.30776915  2.1482487   0.42251992]] 
Episode: 1032: [[-1.016946   -0.2527254   0.30771968  2.1483057   0.4225259 ]] 
Episode: 1033: [[-1.016991   -0.25271916  0.30764306  2.148341    0.42257226]] 
Episode: 1034: [[-1.0170401  -0.25268272  0.30753094  2.1483562   0.42264456]] 
Episode: 1035: [[-1.0171005  -0.252634    0.3074416   2.14837     0.42269814]] 
Episode: 1036: [[-1.0172175  -0.25257823  0.30737215  2.1483924   0.42278123]] 
Episode: 1037: [[-1.0173126  -0.25252432  0.30732638  2.148417    0.42281717]] 
Episode: 1038: [[-1.0173945  -0.2524691   0.3072876   2.1484375   0.42283666]] 
Episode: 1039: [[-1.0174704  -0.252408    0.30723903  2.1484613   0.42284256]] 
Episode: 1040: [[-1.0175315  -0.2523664   0.30718976  2.1484976   0.42283645]] 
Episode: 1041: [[-1.0176171  -0.25232846  0.30714378  2.1485484   0.4228378 ]] 
Episode: 1042: [[-1.0177089  -0.2522757   0.30713043  2.1485908   0.42281482]] 
Episode: 1043: [[-1.0178093  -0.25221866  0.30710572  2.1486464   0.42278314]] 
Episode: 1044: [[-1.017934   -0.25216088  0.30706924  2.1487324   0.42273664]] 
Episode: 1045: [[-1.0180527  -0.25209188  0.30707762  2.1488118   0.42264345]] 
Episode: 1046: [[-1.0181726  -0.25201112  0.30710086  2.1488678   0.4225642 ]] 
Episode: 1047: [[-1.0182998  -0.25195533  0.30712143  2.1489475   0.42248943]] 
Episode: 1048: [[-1.0184165  -0.25189164  0.30714828  2.1490207   0.42239696]] 
Episode: 1049: [[-1.018522   -0.25182036  0.30714563  2.1490939   0.42230392]] 
Episode: 1050: [[-1.0185503  -0.25178462  0.3071005   2.149135    0.4222541 ]] 
Episode: 1051: [[-1.018569   -0.25176743  0.30704907  2.1491914   0.42219678]] 
Episode: 1052: [[-1.0185884  -0.25174382  0.30698663  2.1492515   0.4221339 ]] 
Episode: 1053: [[-1.0186192  -0.25171727  0.306892    2.149335    0.42206594]] 
Episode: 1054: [[-1.0186474  -0.25170806  0.3067464   2.149447    0.4220098 ]] 
Episode: 1055: [[-1.0186471  -0.25171885  0.3066234   2.1495519   0.42194065]] 
Episode: 1056: [[-1.0186377  -0.25177577  0.3064982   2.149695    0.4218593 ]] 
Episode: 1057: [[-1.0186299  -0.25185105  0.30640247  2.1498444   0.42177096]] 
Episode: 1058: [[-1.0186332  -0.25191176  0.30628863  2.1499763   0.42172116]] 
Episode: 1059: [[-1.0186769  -0.2519417   0.306187    2.1500847   0.42170924]] 
Episode: 1060: [[-1.0186995  -0.25195265  0.30608207  2.1501653   0.42169634]] 
Episode: 1061: [[-1.0187315  -0.2519598   0.30601373  2.1502411   0.42166853]] 
Episode: 1062: [[-1.0187638  -0.2519978   0.30598772  2.1503198   0.4216452 ]] 
Episode: 1063: [[-1.0188383  -0.2519769   0.30600306  2.1503556   0.42163378]] 
Episode: 1064: [[-1.0189164  -0.25195435  0.30603302  2.150392    0.42161182]] 
Episode: 1065: [[-1.0189573  -0.25192663  0.30606857  2.150414    0.4215577 ]] 
Episode: 1066: [[-1.0190095  -0.25188053  0.30609637  2.1504295   0.42150936]] 
Episode: 1067: [[-1.0190713  -0.25184107  0.30608803  2.1504529   0.4214975 ]] 
Episode: 1068: [[-1.0191336  -0.25179338  0.30608934  2.1504712   0.42147523]] 
Episode: 1069: [[-1.019147   -0.25179926  0.30607525  2.1505098   0.42144442]] 
Episode: 1070: [[-1.0191649  -0.25178373  0.30607674  2.150522    0.42142293]] 
Episode: 1071: [[-1.0191791  -0.25176954  0.30605775  2.1505399   0.42140496]] 
Episode: 1072: [[-1.0191832  -0.25175324  0.30599943  2.1505544   0.42140886]] 
Episode: 1073: [[-1.0191932  -0.25173962  0.30594766  2.150581    0.42139772]] 
Episode: 1074: [[-1.0191952  -0.251764    0.30589196  2.1506467   0.42136434]] 
Episode: 1075: [[-1.019188   -0.2517832   0.3057893   2.1507087   0.42135686]] 
Episode: 1076: [[-1.0191743  -0.25180563  0.30569685  2.1507595   0.42135695]] 
Episode: 1077: [[-1.0191594  -0.25183338  0.30558938  2.1507974   0.4213973 ]] 
Episode: 1078: [[-1.0191256  -0.251888    0.30549863  2.150831    0.42144543]] 
Episode: 1079: [[-1.019098   -0.2519218   0.30539197  2.1508584   0.4214962 ]] 
Episode: 1080: [[-1.0190581  -0.25195998  0.3052826   2.1508758   0.42155695]] 
Episode: 1081: [[-1.0190439  -0.25199887  0.3051481   2.1509228   0.4216198 ]] 
Episode: 1082: [[-1.0190468  -0.25202385  0.30501854  2.150986    0.4216521 ]] 
Episode: 1083: [[-1.0190765  -0.25204152  0.30484894  2.151069    0.42170534]] 
Episode: 1084: [[-1.0190912  -0.2521053   0.30467683  2.1511836   0.4217512 ]] 
Episode: 1085: [[-1.0192316 -0.2520194  0.3044594  2.1512341  0.4218909]] 
Episode: 1086: [[-1.0193638  -0.25195158  0.30423996  2.1513064   0.42201027]] 
Episode: 1087: [[-1.0194964  -0.25191426  0.30406162  2.1513894   0.42212147]] 
Episode: 1088: [[-1.0196097  -0.25189367  0.30391958  2.151475    0.42219877]] 
Episode: 1089: [[-1.019724   -0.2518476   0.30373594  2.151543    0.42230526]] 
Episode: 1090: [[-1.0197688  -0.2518417   0.30354187  2.1516044   0.42240196]] 
Episode: 1091: [[-1.0198185  -0.25183854  0.30337954  2.151676    0.42246553]] 
Episode: 1092: [[-1.0198584  -0.25187516  0.30320105  2.1517549   0.42257306]] 
Episode: 1093: [[-1.0199099  -0.25189143  0.30299592  2.1518538   0.42265344]] 
Episode: 1094: [[-1.0199572  -0.25189844  0.30281907  2.1519377   0.42271882]] 
Episode: 1095: [[-1.0200169  -0.25190824  0.3026786   2.1520245   0.42276964]] 
Episode: 1096: [[-1.0200692  -0.2519127   0.3025832   2.152096    0.42279407]] 
Episode: 1097: [[-1.0201524  -0.25187302  0.30255562  2.1521418   0.4227848 ]] 
Episode: 1098: [[-1.0202252  -0.25194702  0.30246252  2.1523921   0.4225971 ]] 
Episode: 1099: [[-1.0203133  -0.25199214  0.30240956  2.1526241   0.42239037]] 
Episode: 1100: [[-1.0203831  -0.25204247  0.3023488   2.1528268   0.42222735]] 
Episode: 1101: [[-1.0204048  -0.25213796  0.30227172  2.1530404   0.42206374]] 
Episode: 1102: [[-1.0204382  -0.2521974   0.3022076   2.153214    0.42192507]] 
Episode: 1103: [[-1.0204705  -0.25228342  0.30214816  2.1534307   0.4217434 ]] 
Episode: 1104: [[-1.0205166  -0.25236964  0.3021167   2.15365     0.42155322]] 
Episode: 1105: [[-1.0205564  -0.252436    0.30208504  2.153851    0.42136112]] 
Episode: 1106: [[-1.0206026  -0.2524698   0.30203658  2.1540272   0.4211885 ]] 
Episode: 1107: [[-1.0206202  -0.25250876  0.30196753  2.154191    0.42102703]] 
Episode: 1108: [[-1.020655   -0.25251997  0.30189726  2.1543398   0.42087597]] 
Episode: 1109: [[-1.0207031 -0.2525112  0.3018192  2.1544802  0.4207342]] 
Episode: 1110: [[-1.0207757  -0.25252053  0.30177462  2.1546433   0.42058173]] 
Episode: 1111: [[-1.0208325  -0.2525409   0.30170038  2.1548083   0.42044565]] 
Episode: 1112: [[-1.0209075  -0.25254375  0.3016152   2.1549742   0.42031473]] 
Episode: 1113: [[-1.0209345 -0.2526443  0.3015569  2.155212   0.4201148]] 
Episode: 1114: [[-1.0209228  -0.25279024  0.30152708  2.155464    0.41988498]] 
Episode: 1115: [[-1.0209354  -0.2528981   0.30151588  2.1556683   0.41970047]] 
Episode: 1116: [[-1.0209095  -0.25303438  0.30150002  2.1558495   0.41955307]] 
Episode: 1117: [[-1.0209125  -0.25309652  0.30153403  2.155988    0.41937426]] 
Episode: 1118: [[-1.020949  -0.2531282  0.3015916  2.1561089  0.4192056]] 
Episode: 1119: [[-1.021013   -0.2531276   0.30162218  2.1562111   0.41907907]] 
Episode: 1120: [[-1.0210316  -0.25317618  0.3016076   2.1563585   0.41892308]] 
Episode: 1121: [[-1.0210667  -0.25320223  0.30157575  2.1564884   0.41879904]] 
Episode: 1122: [[-1.0211333  -0.25316283  0.3015711   2.156553    0.4187142 ]] 
Episode: 1123: [[-1.0212027 -0.2531116  0.3015191  2.1565948  0.4186932]] 
Episode: 1124: [[-1.0211917  -0.25309768  0.30145887  2.1565683   0.41875213]] 
Episode: 1125: [[-1.0211985  -0.25308344  0.30137885  2.1565616   0.41881305]] 
Episode: 1126: [[-1.0211769  -0.2530992   0.3013568   2.1565535   0.41883922]] 
Episode: 1127: [[-1.0211765  -0.2530855   0.30136123  2.1565409   0.4188374 ]] 
Episode: 1128: [[-1.0211706  -0.2530786   0.30135006  2.1565387   0.41883284]] 
Episode: 1129: [[-1.0210832  -0.25318915  0.30129868  2.1566026   0.41881064]] 
Episode: 1130: [[-1.0210098  -0.25327983  0.30125982  2.1566577   0.4187831 ]] 
Episode: 1131: [[-1.0209615  -0.25339177  0.30123332  2.156747    0.41874617]] 
Episode: 1132: [[-1.0209228  -0.2534719   0.30120057  2.1568117   0.4187244 ]] 
Episode: 1133: [[-1.0209204  -0.25351804  0.30119127  2.1568885   0.41865957]] 
Episode: 1134: [[-1.0209265 -0.2535571  0.3011672  2.1569765  0.418587 ]] 
Episode: 1135: [[-1.020937   -0.25358313  0.30116493  2.1570532   0.4185042 ]] 
Episode: 1136: [[-1.0209444  -0.2536298   0.30116048  2.1571462   0.41841993]] 
Episode: 1137: [[-1.020951   -0.2536723   0.30113325  2.1572375   0.4183496 ]] 
Episode: 1138: [[-1.0209516  -0.25371048  0.30110848  2.1573243   0.41827202]] 
Episode: 1139: [[-1.0209605  -0.25374886  0.30112427  2.1574094   0.4181761 ]] 
Episode: 1140: [[-1.0209732  -0.25375542  0.3011026   2.1574786   0.41809726]] 
Episode: 1141: [[-1.0209723  -0.2537415   0.30101815  2.1575224   0.4180661 ]] 
Episode: 1142: [[-1.0209851  -0.25371277  0.30093777  2.1575716   0.41801894]] 
Episode: 1143: [[-1.0209985  -0.25368303  0.30088282  2.157612    0.41796595]] 
Episode: 1144: [[-1.0210279  -0.25361964  0.30080894  2.1576257   0.41794637]] 
Episode: 1145: [[-1.0210602  -0.25356218  0.30075568  2.1576169   0.4179612 ]] 
Episode: 1146: [[-1.0211073  -0.25352117  0.30069876  2.157635    0.41797325]] 
Episode: 1147: [[-1.0211533  -0.25349116  0.3006527   2.1576548   0.41798797]] 
Episode: 1148: [[-1.0212009  -0.25348088  0.3006285   2.1576874   0.41799244]] 
Episode: 1149: [[-1.0212637  -0.25347236  0.30062738  2.1577132   0.41801193]] 
Episode: 1150: [[-1.0213287  -0.25343493  0.3006473   2.1576762   0.41808575]] 
Episode: 1151: [[-1.0213933  -0.25339115  0.30066746  2.1576471   0.41813642]] 
Episode: 1152: [[-1.0214151  -0.25337073  0.30068728  2.1576152   0.41817412]] 
Episode: 1153: [[-1.0214379  -0.25341088  0.30061066  2.1576602   0.4182384 ]] 
Episode: 1154: [[-1.021476   -0.25341702  0.30056298  2.1576948   0.41826966]] 
Episode: 1155: [[-1.021496   -0.2534296   0.30050528  2.1577373   0.41828236]] 
Episode: 1156: [[-1.021506   -0.25346014  0.3004207   2.1577883   0.41831374]] 
Episode: 1157: [[-1.0215043  -0.25350636  0.3003214   2.1578596   0.4183297 ]] 
Episode: 1158: [[-1.0215356  -0.25354606  0.3002331   2.1579518   0.41833094]] 
Episode: 1159: [[-1.021573   -0.2536127   0.300134    2.158094    0.41829786]] 
Episode: 1160: [[-1.021686   -0.25365603  0.30000213  2.1582568   0.41831228]] 
Episode: 1161: [[-1.0218072  -0.25370154  0.2999092   2.158421    0.41830698]] 
Episode: 1162: [[-1.0218924  -0.25374964  0.29975447  2.1585712   0.4183355 ]] 
Episode: 1163: [[-1.0219418  -0.25383964  0.29964474  2.158716    0.41835395]] 
Episode: 1164: [[-1.022028   -0.25382912  0.29949862  2.1587696   0.41846249]] 
Episode: 1165: [[-1.0221217  -0.25378925  0.2993197   2.158804    0.4185979 ]] 
Episode: 1166: [[-1.0222288  -0.25376287  0.2991111   2.158865    0.41874516]] 
Episode: 1167: [[-1.0222833  -0.25377685  0.2989023   2.1589217   0.41889375]] 
Episode: 1168: [[-1.0223582  -0.25375846  0.29867217  2.1589797   0.41903657]] 
Episode: 1169: [[-1.0224288  -0.25373322  0.2984353   2.1590195   0.41920125]] 
Episode: 1170: [[-1.022504   -0.25368923  0.29825604  2.1590376   0.41933784]] 
Episode: 1171: [[-1.0226293  -0.25355974  0.29805046  2.1590219   0.41949347]] 
Episode: 1172: [[-1.022742   -0.25344333  0.2978578   2.1590188   0.41962087]] 
Episode: 1173: [[-1.0228447  -0.25335965  0.29769066  2.1590338   0.4197307 ]] 
Episode: 1174: [[-1.0229446  -0.25328854  0.29751942  2.159067    0.4198263 ]] 
Episode: 1175: [[-1.023024   -0.25324485  0.297369    2.159122    0.41988164]] 
Episode: 1176: [[-1.0230916  -0.2532261   0.29725063  2.159181    0.41992578]] 
Episode: 1177: [[-1.023126   -0.25323153  0.2971584   2.1592424   0.41994026]] 
Episode: 1178: [[-1.0231974  -0.25315225  0.29704732  2.1592593   0.41997144]] 
Episode: 1179: [[-1.0232897 -0.2530704  0.2969682  2.1592927  0.4199704]] 
Episode: 1180: [[-1.023414   -0.25295657  0.29692176  2.1593227   0.4199426 ]] 
Episode: 1181: [[-1.0235243  -0.25288475  0.2969173   2.1593537   0.41992283]] 
Episode: 1182: [[-1.0236027  -0.25284207  0.29690546  2.1593988   0.41988772]] 
Episode: 1183: [[-1.0236614  -0.25283334  0.29688737  2.1594667   0.41984177]] 
Episode: 1184: [[-1.0237219  -0.25284082  0.29687202  2.1595323   0.4198232 ]] 
Episode: 1185: [[-1.0237768  -0.25285968  0.2968695   2.1596127   0.4197778 ]] 
Episode: 1186: [[-1.0238113  -0.25289112  0.29685378  2.159695    0.41973314]] 
Episode: 1187: [[-1.0238091  -0.25295296  0.29682943  2.1597836   0.41968322]] 
Episode: 1188: [[-1.0238234  -0.2529396   0.29680693  2.1597552   0.41974774]] 
Episode: 1189: [[-1.0238364  -0.25294027  0.29674396  2.1597388   0.41984132]] 
Episode: 1190: [[-1.0238558  -0.25292188  0.2966864   2.1597142   0.41992548]] 
Episode: 1191: [[-1.023897   -0.25291234  0.29660958  2.1597168   0.4200157 ]] 
Episode: 1192: [[-1.0239277  -0.2529573   0.29652715  2.159771    0.42008495]] 
Episode: 1193: [[-1.0239542  -0.25300238  0.29645672  2.159825    0.42014003]] 
Episode: 1194: [[-1.0239383  -0.25313005  0.2963122   2.159985    0.4201342 ]] 
Episode: 1195: [[-1.0239371  -0.25323877  0.29612845  2.1601396   0.42015913]] 
Episode: 1196: [[-1.02392    -0.25335294  0.29594725  2.1602917   0.42017522]] 
Episode: 1197: [[-1.0238916  -0.25347596  0.29576558  2.1604278   0.42021868]] 
Episode: 1198: [[-1.0238739  -0.25357798  0.29560348  2.1605468   0.4202601 ]] 
Episode: 1199: [[-1.0238594  -0.25361255  0.29534754  2.1605856   0.4204224 ]] 
Episode: 1200: [[-1.0238367  -0.25363684  0.29510346  2.1606088   0.42057908]] 
