80.882446 58.284721 55.938961 44.454540 51.224522 0.000000 
81.273369 80.140755 78.685989 79.803230 60.834415 0.000000 
84.150742 71.018784 52.438828 47.217129 51.084656 0.000000 
88.412361 70.522751 64.582230 57.680454 52.315651 0.000000 
85.153290 81.512505 73.575462 73.853943 53.950974 0.027976 
88.514938 62.099964 60.798302 46.914272 47.854660 0.000000 
82.399284 66.815811 55.327396 44.250225 44.771854 0.027976 
85.094681 66.840302 81.769737 43.830112 60.776493 0.000000 
82.594398 77.128738 65.890160 61.407005 54.837452 0.000000 
90.091507 75.114059 66.780678 57.942348 46.697418 0.000000 
82.168526 74.232651 57.674824 50.564701 35.475071 0.000000 
83.031578 66.996429 49.691010 50.535057 48.405056 0.000000 
85.964272 65.079689 61.005573 48.745720 53.039993 0.000000 
81.261475 54.376404 53.332027 47.396687 55.476540 0.019782 
80.999985 71.583054 64.937698 68.221199 60.944214 0.000000 
81.352989 64.561485 61.520477 56.579994 64.865295 0.027976 
85.549835 72.866516 58.012039 51.789886 66.460342 0.019782 
87.422729 65.622734 57.324177 49.904568 51.106365 0.034264 
82.215378 61.400051 52.631557 45.988956 48.798615 0.000000 
81.443489 70.365974 58.353218 50.190868 54.564877 0.000000 
86.012268 69.822052 65.701210 63.407444 53.787334 0.000000 
77.074516 49.866779 51.366905 48.542988 54.235077 0.000000 
80.146339 60.937565 59.897533 53.735432 44.453369 0.019782 
81.372559 58.710636 60.787167 52.811306 49.621464 0.000000 
92.835770 69.611603 66.992950 56.296577 59.039211 0.000000 
85.714737 58.162037 54.212311 61.508816 54.908054 0.000000 
86.853386 68.573418 62.226295 58.334946 58.741554 0.000000 
80.390526 60.538910 59.886864 58.757812 46.175720 0.000000 
81.506004 57.259987 68.019920 54.774765 60.085514 0.000000 
81.080399 64.035919 68.194290 61.092911 52.544247 0.000000 
87.154457 62.004250 64.811012 52.865589 54.789383 0.027976 
84.798111 73.963860 63.699356 61.180740 52.003010 0.019782 
84.784538 56.261829 67.009193 52.407898 58.589081 0.000000 
87.965729 66.955490 54.434292 51.659981 54.320786 0.000000 
77.702003 69.191345 65.169212 55.723442 56.067265 0.000000 
86.049820 66.220428 66.382828 64.900131 46.824322 0.000000 
88.263199 77.825974 64.763832 66.465233 44.424923 0.000000 
83.098869 70.885529 63.850040 73.484062 61.645348 0.027976 
84.396416 68.982857 52.001270 53.157845 46.283588 0.027976 
90.900131 80.892860 66.641266 55.278938 53.100925 0.027976 
79.609177 64.098396 56.540718 45.821091 50.490025 0.000000 
79.310287 64.071434 63.393532 57.528015 59.973854 0.000000 
86.156555 67.715042 63.724785 59.148178 60.432877 0.019782 
86.030968 63.257889 69.681229 65.847214 63.077847 0.034264 
85.047974 73.943733 66.241470 58.972874 55.444679 0.000000 
82.588951 66.367104 64.360252 52.891548 58.814266 0.000000 
92.024055 66.215828 63.644848 47.938686 55.954845 0.019782 
81.776634 55.886356 61.611801 47.645721 57.436302 0.000000 
86.120209 81.913055 76.102066 66.190361 60.829742 0.019782 
87.969017 75.396492 64.525925 62.161224 55.140377 0.000000 
