Episode: 1: [[0.19786826 0.18596384 0.19998631 0.21086538 0.21447238]] 
Episode: 2: [[0.19796826 0.18586384 0.1998863  0.21076538 0.21437238]] 
Episode: 3: [[0.19806835 0.18576424 0.19978635 0.21066524 0.21427226]] 
Episode: 4: [[0.19816543 0.18566829 0.19969025 0.21057026 0.21417713]] 
Episode: 5: [[0.19825272 0.18560366 0.19959335 0.21047407 0.21408011]] 
Episode: 6: [[0.19834307 0.18553405 0.1994958  0.21037707 0.21398222]] 
Episode: 7: [[0.19843662 0.18547733 0.19941773 0.21029025 0.2138974 ]] 
Episode: 8: [[0.19852515 0.18543023 0.19934118 0.21020724 0.21381608]] 
Episode: 9: [[0.19860207 0.18539411 0.19927387 0.21013165 0.21374144]] 
Episode: 10: [[0.19868498 0.18536592 0.1991967  0.21004881 0.21365939]] 
Episode: 11: [[0.19876002 0.18534788 0.19912416 0.2099715  0.21358265]] 
Episode: 12: [[0.19883448 0.18536761 0.19904347 0.20988715 0.21349868]] 
Episode: 13: [[0.19891177 0.18540825 0.19895728 0.2097979  0.21340965]] 
Episode: 14: [[0.19898568 0.18544504 0.19887608 0.20971489 0.21332681]] 
Episode: 15: [[0.19905369 0.18548374 0.19879879 0.20963679 0.21324877]] 
Episode: 16: [[0.19911829 0.18551797 0.1987277  0.20956422 0.21317616]] 
Episode: 17: [[0.19918787 0.18555452 0.19865264 0.20948938 0.2131011 ]] 
Episode: 18: [[0.19926447 0.185603   0.19857162 0.20940699 0.2130184 ]] 
Episode: 19: [[0.1993365  0.1856509  0.19849424 0.20932905 0.21294008]] 
Episode: 20: [[0.19940868 0.18569824 0.19841745 0.20925252 0.21286295]] 
Episode: 21: [[0.19947617 0.18574508 0.19834477 0.20917997 0.21278973]] 
Episode: 22: [[0.1995468  0.18577881 0.1982761  0.20911102 0.21271992]] 
Episode: 23: [[0.19961275 0.18581137 0.19821133 0.20904645 0.21265456]] 
Episode: 24: [[0.19967504 0.18584387 0.19814906 0.2089852  0.21259245]] 
Episode: 25: [[0.19973126 0.18588004 0.19808973 0.20892642 0.21253283]] 
Episode: 26: [[0.19978589 0.1859171  0.19803256 0.2088682  0.21247378]] 
Episode: 27: [[0.1998352  0.18595377 0.19798006 0.2088137  0.21241847]] 
Episode: 28: [[0.1998858  0.18598688 0.19792731 0.20876119 0.21236496]] 
Episode: 29: [[0.19993486 0.18601777 0.19787575 0.20871171 0.21231455]] 
Episode: 30: [[0.1999806  0.18604794 0.19782828 0.20866439 0.21226628]] 
Episode: 31: [[0.20001163 0.18608041 0.19779243 0.2086238  0.21222535]] 
Episode: 32: [[0.20004682 0.18610664 0.1977572  0.20858347 0.21218441]] 
Episode: 33: [[0.20009653 0.18615396 0.19769785 0.20851943 0.21211986]] 
Episode: 34: [[0.20013523 0.18620382 0.19764502 0.20846127 0.21206138]] 
Episode: 35: [[0.20016813 0.18624991 0.19760104 0.20840763 0.21200779]] 
Episode: 36: [[0.20017941 0.1863035  0.19757666 0.20835833 0.21195891]] 
Episode: 37: [[0.20020036 0.18635803 0.1975451  0.20830512 0.21190575]] 
Episode: 38: [[0.200218   0.18640709 0.19751921 0.20825684 0.2118576 ]] 
Episode: 39: [[0.20024721 0.18646136 0.19748285 0.20820156 0.21180215]] 
Episode: 40: [[0.20027108 0.18650918 0.19745435 0.20815225 0.21175292]] 
Episode: 41: [[0.20030923 0.18656662 0.19741347 0.20809154 0.21169198]] 
Episode: 42: [[0.20034835 0.18662207 0.19737275 0.20803204 0.21163215]] 
Episode: 43: [[0.20038807 0.18666856 0.19733599 0.20797645 0.21157618]] 
Episode: 44: [[0.20041366 0.18671522 0.19730866 0.20792924 0.2115288 ]] 
Episode: 45: [[0.20043503 0.18677601 0.19727722 0.20787789 0.21147718]] 
Episode: 46: [[0.20044805 0.1868415  0.19724742 0.20783007 0.21142912]] 
Episode: 47: [[0.200453   0.18690725 0.1972228  0.20778702 0.2113861 ]] 
Episode: 48: [[0.20044678 0.18697152 0.19721064 0.20774928 0.21134864]] 
Episode: 49: [[0.20044404 0.18702972 0.19719884 0.20771283 0.2113123 ]] 
Episode: 50: [[0.20044285 0.1870891  0.19718398 0.20767604 0.21127543]] 
