1999.963135 2576.007324 1834.679321 1638.411743 163670.296875 
3253.104248 2563.157471 3004.311768 1833.304077 199618.718750 
2139.317871 4167.299805 1669.737305 1384.505127 162290.781250 
2251.475342 2269.229248 2552.766846 1575.858398 170313.156250 
1631.939697 2476.359375 1541.694336 1534.979736 130497.882812 
2592.925049 2981.100586 2311.854492 1295.269775 165141.265625 
2062.532715 2108.427979 2314.155273 1463.756226 196453.625000 
2526.377930 3558.476318 2190.719238 1482.341064 193334.406250 
2860.676270 2735.761230 2617.263184 1649.409546 203383.718750 
2892.549316 3737.920410 1456.267700 1453.284668 206493.609375 
2133.043457 2747.428223 2663.473145 1198.102173 169545.250000 
2300.131592 1756.978882 2460.804443 1283.268921 142031.406250 
2071.802246 3455.523193 1936.281616 1693.283691 193481.906250 
2621.909180 2130.314941 2357.712891 1511.281616 180985.328125 
2070.304932 2038.125122 1800.203247 1062.704224 182532.109375 
1885.641113 2130.358887 5360.289551 1750.290039 165807.000000 
2077.235107 1813.918823 1384.338989 1383.582642 150202.531250 
3979.987549 3549.954834 2917.787354 1633.303833 195226.437500 
2337.561035 1997.229736 2481.124512 1419.535522 149629.156250 
3165.988037 4076.610352 2165.226562 1983.721680 189310.500000 
2178.646973 2200.028076 1581.774048 1590.632935 164346.781250 
2348.025146 2891.571045 1977.143677 1484.858032 190178.234375 
2124.172852 3518.135986 1835.709106 1567.815796 156605.593750 
2486.101074 2272.870605 2059.299805 1724.620972 175089.375000 
2561.243652 2516.097168 1969.544189 1363.672241 161484.906250 
2114.960693 2438.000732 1691.948730 1711.642212 179105.515625 
2226.457764 2075.360840 1939.399414 1283.591431 165692.296875 
1962.538940 1876.610107 1423.558594 1413.816162 144060.421875 
1976.079590 2622.875488 1778.014404 1676.872925 165301.078125 
3031.989746 2007.432617 2271.292236 2286.468994 193975.734375 
1720.707153 1932.587891 2259.255371 936.242004 147157.140625 
2365.798584 1816.063110 1520.741455 1158.579102 194411.421875 
3001.466309 2118.175293 1651.193115 1365.711060 194373.187500 
2673.820557 2485.909668 3501.825928 1306.910645 203506.531250 
1672.914673 2175.130859 1875.959106 1029.311523 151712.062500 
2650.955078 2132.721680 1865.967529 1151.896118 175853.859375 
2113.493164 1955.766479 1563.329346 1175.201172 130310.906250 
2387.206543 2615.546875 1956.998535 1845.035889 204196.500000 
2285.767334 2346.076416 3043.303955 1498.825562 142776.687500 
2201.452148 2462.476318 3773.880615 1390.195068 163752.109375 
1986.602905 3058.005615 2444.569092 1006.289429 141199.546875 
2500.311279 2045.368164 1791.456421 1917.582520 179661.687500 
2373.529541 2753.712402 2102.977051 1282.025146 175982.406250 
1980.043213 2159.894043 2010.660522 1393.253418 130550.093750 
1875.865234 1964.986084 1427.141846 1141.414917 164542.031250 
2241.312988 2029.397217 2338.325439 1488.624634 132720.625000 
2595.661133 2271.713135 1581.715698 1461.158325 219023.687500 
2701.964844 3713.029785 2145.218262 1676.526123 185797.625000 
3461.346191 3000.162109 1297.792236 2029.580078 168631.562500 
1939.537109 2176.337891 1528.490723 1340.477661 132583.281250 
