2462.983643 2113.029785 1427.470459 1221.056274 485347.031250 
2729.971924 1922.416870 1620.505371 1567.726685 526564.875000 
1520.904541 1737.537842 1838.307861 1387.775391 410808.937500 
2711.806152 2633.310791 1873.018921 1454.081421 467963.375000 
2300.989746 1938.003296 1625.749390 1472.335815 485295.062500 
2815.106201 2175.320068 1779.212646 2163.664062 460335.906250 
7495.242188 7215.413086 7574.717285 4447.790527 935754.500000 
6632.701172 10039.870117 9662.197266 7237.308594 930465.375000 
1908.565674 1959.139282 1663.404053 1336.608032 537053.187500 
1577.504883 2077.534912 1368.115112 1474.876587 357600.937500 
1886.533081 1378.342041 1057.656128 1238.183838 500771.656250 
1965.623291 1824.843384 1548.821411 1851.485596 662129.062500 
1919.020386 1787.182495 1767.969849 1433.797607 168296.828125 
1981.000732 2432.407471 2430.554199 1469.014404 323694.125000 
2340.108398 2198.504883 1637.021118 1300.138062 341354.406250 
3159.044189 2451.126709 1917.052002 1730.598877 502602.156250 
2980.364258 2487.574951 2119.557617 1727.927490 447254.156250 
3696.898682 3715.811768 2374.253662 2501.270020 764878.062500 
3744.233154 4311.614746 4737.036621 3258.475342 1117666.000000 
4280.535645 4555.468262 3767.691406 2792.990967 808644.500000 
