1.418206 
1.115158 
1.210135 
1.860349 
2.115444 
1.340060 
0.873384 
1.172055 
0.810555 
1.097260 
0.901273 
1.088546 
1.069458 
1.272515 
1.870621 
1.907756 
1.197819 
1.186700 
1.745807 
1.668920 
1.442716 
1.012582 
1.025592 
1.467013 
1.418339 
1.380859 
1.083881 
1.336373 
1.743385 
1.265452 
0.648159 
1.521549 
0.855871 
1.577063 
1.054927 
0.859285 
1.015272 
0.812656 
1.722989 
1.774428 
1.180605 
1.817479 
1.817797 
1.385767 
0.886579 
1.471346 
1.044859 
0.925364 
1.088609 
1.586820 
1.622364 
1.124369 
1.894413 
0.846860 
1.012681 
0.768898 
0.702574 
1.823831 
1.741437 
1.443862 
1.401288 
0.938842 
1.529701 
1.714338 
1.672884 
1.591717 
1.458028 
1.477361 
1.063272 
1.149871 
1.757151 
1.181453 
1.615025 
1.123482 
1.731065 
0.834876 
1.795776 
1.555449 
1.321869 
1.408332 
1.381193 
1.377554 
1.150395 
1.859468 
1.168139 
1.010163 
1.760305 
1.081124 
0.979161 
1.127596 
1.035192 
1.147835 
1.027628 
1.302259 
1.056214 
1.528692 
1.018271 
1.871685 
1.553098 
1.036543 
1.305073 
1.808524 
1.710661 
1.124471 
1.367822 
0.902542 
1.629499 
1.617571 
1.404363 
1.105360 
1.542311 
1.581215 
1.254622 
1.109039 
1.900857 
1.756514 
1.884280 
1.668218 
1.886757 
0.862263 
1.096617 
1.845112 
1.824292 
1.421326 
1.566035 
0.857462 
1.146102 
1.076172 
1.399740 
1.757661 
1.545230 
1.328036 
1.118175 
1.358510 
1.616411 
1.852386 
1.460025 
1.766973 
1.184766 
1.329367 
1.393464 
1.751960 
2.046441 
1.433434 
1.511524 
1.679551 
1.697531 
1.225368 
1.220370 
1.788286 
1.309222 
0.649511 
1.529796 
1.508288 
0.536269 
1.694084 
0.727904 
1.880965 
1.585755 
1.208355 
0.873717 
1.448519 
1.398117 
1.586666 
0.764786 
1.120898 
1.431031 
1.022326 
1.157675 
1.981308 
1.408711 
1.746628 
1.227329 
1.012524 
1.407369 
1.490933 
1.217144 
0.890485 
0.964467 
1.005564 
1.236847 
1.041122 
1.742068 
1.147128 
0.868079 
1.445270 
1.581804 
1.126811 
1.175286 
1.218024 
1.262282 
1.728605 
1.587857 
1.618940 
1.014385 
1.854808 
0.888597 
1.108086 
1.200262 
1.783795 
1.089863 
1.500622 
0.955815 
1.107188 
0.704802 
1.759574 
1.507823 
1.444316 
0.932854 
1.475605 
1.280193 
1.714063 
1.234441 
0.955390 
1.408058 
1.503189 
0.976576 
1.186091 
1.036469 
0.860082 
1.690764 
1.107202 
1.167216 
1.674430 
1.094755 
2.122846 
1.203534 
1.773418 
1.642587 
1.288966 
1.146993 
0.849111 
1.701799 
1.081617 
0.792992 
0.798750 
0.457403 
1.100114 
0.857543 
1.608703 
1.611096 
1.636540 
1.018600 
1.628616 
1.784381 
0.889057 
1.422784 
1.691733 
1.278405 
1.439034 
0.587141 
1.809825 
1.128448 
1.319249 
1.372149 
1.332654 
1.489317 
1.759212 
1.550281 
1.362738 
1.318580 
0.363239 
1.462533 
2.083925 
1.089620 
1.078971 
0.973047 
1.882611 
1.132912 
0.915828 
1.064856 
1.788925 
1.279604 
1.084642 
1.768836 
0.553097 
1.074670 
1.310907 
1.058524 
1.317450 
1.146282 
0.949655 
1.253183 
1.782000 
1.048469 
1.799041 
0.975818 
1.306637 
1.599862 
1.248994 
1.495142 
1.292802 
1.301651 
1.246101 
1.434552 
0.991183 
1.405279 
0.854190 
0.803887 
1.314448 
1.628369 
1.774532 
1.693532 
1.193824 
1.084124 
1.104348 
1.691715 
1.115835 
1.322452 
1.292216 
1.137764 
0.974708 
1.632642 
1.247782 
1.032849 
1.013762 
1.185468 
0.698260 
1.013475 
0.749798 
2.105335 
1.203006 
0.893127 
1.219674 
1.590866 
0.636907 
1.791215 
1.308117 
1.192998 
1.644498 
1.118908 
0.751057 
0.947266 
1.235477 
1.560232 
1.453257 
1.148436 
2.028654 
0.858314 
1.704712 
1.323303 
1.630050 
1.312834 
1.057697 
1.743253 
1.205197 
1.517452 
1.230827 
1.460098 
1.663726 
1.370452 
0.835313 
1.506456 
1.537233 
1.749855 
1.216759 
1.668844 
1.316470 
1.400598 
1.137378 
0.735100 
1.513862 
1.133170 
1.009203 
1.371619 
1.487547 
0.432593 
1.696295 
1.772736 
1.482447 
1.109147 
0.683445 
1.632217 
1.586635 
1.089253 
2.042281 
1.525626 
1.227817 
1.170245 
1.695594 
1.220841 
0.894142 
0.848155 
0.655962 
0.955549 
1.145294 
0.763416 
1.045179 
1.749432 
0.867066 
1.254185 
1.117678 
1.178232 
1.097779 
0.900232 
0.950857 
1.500400 
1.738250 
1.958987 
1.518528 
1.301260 
1.004597 
1.409267 
1.106108 
1.405918 
1.375707 
1.295767 
1.246851 
1.415657 
1.074264 
1.116436 
1.828490 
1.497859 
1.469051 
1.865721 
0.900397 
1.127103 
1.098655 
1.519807 
0.915618 
1.396512 
1.046003 
1.241272 
1.200371 
1.429713 
1.097569 
1.144888 
0.772474 
1.331157 
0.847366 
1.082247 
1.054928 
1.076551 
0.621299 
1.758837 
0.984420 
1.070112 
1.730398 
2.029145 
1.007464 
1.523866 
1.826998 
1.819756 
1.439011 
1.259688 
1.658140 
1.746281 
0.995218 
0.791266 
1.435590 
1.071728 
0.575217 
1.332622 
1.129296 
1.138747 
1.470312 
2.002444 
1.139800 
1.412491 
1.235540 
1.750272 
1.852267 
0.822467 
0.871894 
0.902859 
0.984058 
1.678161 
1.463449 
1.043178 
1.769023 
1.357481 
1.480685 
2.317674 
0.791680 
1.824574 
1.832554 
0.918306 
0.904375 
1.283160 
1.695181 
1.168847 
1.754199 
1.311647 
1.640193 
1.549542 
1.384751 
2.347255 
1.506394 
1.216874 
1.122968 
1.408635 
1.213856 
1.294447 
1.795580 
1.593290 
1.134495 
0.910369 
1.222285 
1.169293 
1.427793 
1.426671 
1.779854 
1.926611 
1.236093 
1.357569 
0.650651 
1.793526 
1.528601 
0.790825 
0.886362 
1.281213 
1.612700 
1.473519 
1.049161 
0.779060 
1.067765 
0.821450 
1.285635 
1.827244 
1.644879 
1.071299 
1.568056 
0.943949 
1.699592 
1.663685 
1.167638 
1.488348 
1.288168 
2.003151 
1.087033 
0.724328 
0.732096 
1.885509 
0.899254 
1.490519 
1.885663 
1.588391 
0.903553 
1.826658 
0.776484 
0.753937 
1.762848 
1.740140 
0.871990 
1.576839 
1.737431 
1.242712 
1.069294 
1.939537 
1.110345 
0.965276 
1.858429 
1.875311 
1.232734 
1.225069 
1.295056 
1.959843 
1.521661 
1.678859 
1.955915 
1.260693 
1.487166 
0.808968 
1.566364 
1.704099 
1.825852 
0.983968 
1.247326 
1.687436 
1.738322 
1.151784 
1.625136 
1.388014 
0.915769 
1.164759 
1.509889 
0.847367 
1.834844 
1.404861 
1.658195 
1.042481 
0.862455 
1.471434 
1.113193 
0.809076 
0.791331 
1.260985 
1.043562 
1.681098 
1.458956 
1.030741 
1.303135 
1.458770 
1.849319 
1.570924 
1.040673 
1.165758 
1.306823 
1.736943 
1.277164 
1.325576 
1.690293 
0.517255 
1.181799 
1.577882 
1.100961 
1.312063 
0.994199 
1.190791 
1.181018 
1.798432 
0.304277 
0.844458 
1.133358 
1.675022 
1.308627 
1.558678 
1.258517 
1.806028 
1.227760 
0.895038 
1.264853 
1.291413 
0.990235 
1.528517 
1.304561 
0.921460 
1.270877 
1.434498 
1.485890 
2.127994 
0.905199 
1.415051 
1.440447 
1.530639 
1.082018 
0.983053 
1.618099 
1.100216 
1.423779 
1.165182 
1.802810 
1.211242 
1.319218 
0.699474 
1.284838 
1.333189 
1.706553 
1.185301 
0.513519 
0.873477 
0.583493 
1.016130 
1.508661 
1.123899 
0.976660 
1.895432 
1.589962 
1.166618 
1.363426 
0.888707 
0.933166 
1.199563 
1.796289 
1.228278 
1.242368 
1.528393 
1.189505 
1.590128 
0.539486 
1.030605 
1.394583 
1.190375 
1.286009 
1.152014 
1.411853 
1.583934 
1.155558 
0.650818 
1.340757 
1.654278 
1.373949 
1.441248 
1.265795 
0.811195 
1.339422 
1.076245 
1.927509 
1.550137 
1.742746 
1.648089 
1.261487 
1.233636 
0.609678 
1.551382 
0.986444 
0.742598 
1.224401 
1.239872 
1.359138 
1.163194 
1.246023 
1.875972 
1.204104 
1.715389 
1.560189 
1.096821 
1.681760 
1.096637 
1.508148 
1.204784 
0.996262 
1.419355 
1.169304 
1.668734 
1.653836 
1.337238 
0.922686 
1.378140 
1.262370 
1.400000 
1.562091 
1.011290 
1.206423 
0.870680 
1.148201 
1.039102 
1.768942 
1.012926 
1.027049 
1.158118 
1.446342 
0.877739 
1.560069 
1.294321 
1.174361 
1.064793 
1.136682 
1.078820 
0.551771 
1.488446 
0.725758 
1.413018 
1.601099 
1.680375 
1.098821 
1.686052 
1.356869 
1.085046 
1.504420 
1.286397 
1.090506 
1.115700 
0.957904 
1.426578 
1.167257 
1.037287 
1.172419 
0.899562 
1.900995 
1.519206 
0.635028 
1.734058 
1.735814 
1.561517 
0.825154 
1.740618 
1.528413 
0.940845 
1.039673 
1.373361 
0.967994 
1.447922 
0.805120 
1.543888 
1.348177 
1.000980 
1.705190 
1.199593 
1.150530 
1.168767 
1.758239 
1.738737 
0.993034 
0.963796 
1.181693 
1.269446 
0.591478 
1.739759 
0.684364 
1.140539 
0.756046 
1.217141 
0.990099 
0.642829 
1.200740 
1.459429 
1.086497 
1.653308 
1.095055 
1.493921 
1.116054 
1.182647 
1.719215 
1.714902 
1.117795 
1.493173 
0.741600 
1.534839 
1.425936 
1.322275 
1.244114 
0.831929 
1.333387 
1.208481 
1.845519 
1.013509 
1.831468 
1.867719 
1.328248 
1.878732 
1.443709 
0.739011 
1.197345 
1.000812 
1.447500 
1.161049 
1.104224 
1.425028 
1.281253 
1.226065 
1.687298 
0.823228 
1.040192 
1.505485 
0.847006 
1.663582 
1.950256 
1.757709 
1.090896 
1.638631 
1.654449 
0.748526 
1.530958 
0.975474 
1.417538 
1.639883 
0.444177 
1.107249 
1.524437 
1.974964 
1.641606 
0.818330 
0.806307 
1.188536 
0.981325 
1.745626 
1.697314 
0.773025 
1.105951 
0.624255 
1.509363 
1.363654 
0.863201 
1.396833 
1.036777 
1.026013 
1.035050 
2.075266 
1.325058 
1.238616 
1.592502 
0.636804 
0.974248 
1.713163 
1.056849 
1.596309 
1.148901 
1.182243 
1.208549 
1.783972 
1.250938 
1.366546 
1.917681 
1.231166 
1.267958 
1.309868 
1.517564 
1.231148 
0.385180 
1.845968 
0.991294 
1.073667 
2.108535 
1.482326 
1.679643 
1.596987 
1.544862 
1.372017 
0.959547 
1.777295 
0.825789 
1.277686 
1.418452 
2.001014 
1.275083 
1.127041 
1.041398 
1.602587 
1.889254 
1.514683 
1.791755 
1.098477 
1.317316 
1.578661 
1.674436 
1.739836 
1.446658 
1.751787 
1.269313 
1.259796 
1.264193 
1.211103 
1.182813 
1.049560 
1.340705 
1.000675 
1.265940 
1.803438 
1.763300 
1.466129 
1.221531 
1.388084 
1.670804 
1.244386 
1.109992 
1.194726 
1.320977 
1.583628 
1.178039 
1.256196 
1.572305 
0.922460 
1.122696 
1.720754 
0.889058 
1.720553 
0.715197 
1.658267 
1.580556 
1.025059 
1.355818 
1.617650 
1.775996 
1.230558 
1.495362 
1.608573 
0.647040 
0.995662 
1.436509 
0.972015 
0.694522 
0.968261 
1.539446 
1.456866 
0.812843 
0.584806 
0.634388 
1.522627 
1.198362 
1.604587 
1.294976 
1.013517 
1.045143 
1.263667 
1.355984 
1.203287 
1.606586 
1.229763 
1.658041 
1.114199 
1.542134 
1.429846 
0.879400 
1.174361 
1.221062 
1.319214 
2.215093 
1.208227 
0.815957 
1.072108 
1.329587 
1.475209 
0.954134 
1.044076 
1.052078 
1.232083 
0.930594 
1.691483 
1.344052 
1.807553 
1.630351 
1.558069 
1.430729 
1.160827 
1.444660 
1.275821 
1.411665 
1.502580 
1.389912 
0.678475 
1.138482 
1.193621 
1.391029 
1.442374 
1.516498 
1.152602 
1.946219 
1.362637 
1.268249 
1.062363 
1.521746 
1.565647 
1.906842 
0.817630 
1.041531 
1.484078 
1.740511 
0.924267 
0.865080 
1.039959 
1.536621 
1.319180 
1.118620 
1.514098 
1.120296 
1.195941 
1.137017 
1.637319 
1.329488 
0.832632 
1.755019 
0.490449 
1.151085 
1.462924 
0.959866 
1.389247 
0.985246 
1.076066 
0.873439 
0.980154 
1.509633 
1.934104 
1.354642 
0.999145 
1.699753 
0.970096 
1.031843 
0.977994 
1.219147 
1.736748 
0.901615 
1.416940 
1.084406 
1.580960 
0.970783 
0.963565 
1.611488 
1.425357 
1.913195 
1.183072 
1.659369 
1.256701 
1.899463 
1.528556 
0.818160 
1.178243 
1.739496 
1.600280 
1.889048 
1.770330 
1.235254 
1.876204 
0.808051 
0.733379 
1.002714 
1.507319 
0.925937 
1.624736 
1.825949 
1.222150 
1.025275 
0.801253 
1.488945 
1.206380 
1.692817 
1.180479 
1.177158 
0.976270 
1.496972 
0.939403 
1.711722 
1.679135 
1.506488 
1.076712 
0.998747 
0.477764 
1.619416 
1.417099 
1.479264 
1.522263 
1.224176 
0.913087 
1.177703 
1.015800 
1.125796 
1.568967 
1.198955 
1.018281 
1.416839 
1.137998 
1.202622 
0.954553 
1.778400 
1.643501 
1.483563 
1.146673 
1.014776 
1.966344 
1.261157 
1.609874 
1.106421 
1.111403 
1.552028 
1.091625 
1.414880 
0.977176 
1.161210 
1.433679 
1.006816 
1.255577 
1.878117 
1.282270 
0.814510 
1.438009 
0.992537 
1.262226 
1.324636 
1.605175 
1.172006 
1.744560 
1.535003 
1.767555 
1.016616 
1.141469 
0.893546 
1.571689 
1.134556 
0.790280 
1.678176 
0.924111 
1.083330 
0.979150 
1.028526 
1.318767 
1.582684 
1.799481 
1.283431 
0.874460 
1.065111 
0.813838 
1.273315 
0.885391 
1.007683 
1.621415 
1.226730 
1.659057 
1.688136 
1.550790 
0.662609 
1.480865 
1.649963 
1.528983 
1.074195 
1.716307 
1.531055 
1.590354 
1.041528 
1.786555 
1.471968 
1.258408 
1.161870 
1.108655 
1.673341 
0.847555 
1.030647 
0.908990 
1.848497 
1.097720 
1.289880 
1.578430 
1.034264 
0.726566 
1.273268 
1.663608 
1.308387 
1.263319 
1.675256 
1.720396 
1.482861 
1.051479 
1.238598 
0.903701 
1.699253 
1.144242 
1.336929 
1.738784 
0.976019 
1.905447 
1.162320 
0.692663 
1.375865 
0.443565 
1.222462 
1.173781 
1.791197 
1.436428 
1.340122 
1.793184 
1.098119 
1.396255 
1.233688 
1.217674 
1.075897 
1.766541 
1.079415 
1.591611 
1.086861 
1.798242 
0.926693 
1.017177 
1.044929 
1.161568 
1.136241 
1.253886 
1.427631 
1.832566 
1.529532 
1.951746 
0.919456 
0.724953 
0.776777 
0.964286 
1.299133 
1.606491 
1.168719 
1.973698 
1.469153 
1.832083 
1.221189 
1.040574 
1.156841 
1.705165 
1.408321 
1.392514 
1.608653 
1.333294 
1.482590 
1.226680 
1.590184 
1.492120 
1.435349 
0.960856 
1.392376 
1.462766 
0.748085 
1.795119 
1.200134 
1.556685 
1.117446 
0.675776 
1.047284 
1.817086 
1.649056 
1.083711 
1.668979 
1.687081 
1.890857 
0.776965 
1.308074 
1.043670 
1.129081 
1.319405 
1.072503 
1.508022 
1.190636 
1.045884 
1.289658 
1.538986 
1.388962 
0.958676 
1.497714 
1.798425 
1.129362 
1.162320 
1.179009 
1.364127 
1.208751 
1.661324 
1.301598 
1.172925 
0.893846 
1.161878 
1.234511 
1.862828 
1.079350 
1.068542 
1.923352 
1.254452 
1.377283 
1.797475 
1.098613 
1.245215 
1.047393 
1.887079 
0.772296 
1.756652 
0.783304 
1.188836 
0.661493 
1.600167 
0.864942 
1.276194 
1.458812 
1.073844 
1.640943 
1.073196 
1.638117 
1.574128 
1.541417 
1.267095 
0.562536 
1.547425 
1.391732 
1.691602 
0.986318 
0.951096 
1.221923 
1.541845 
1.666155 
1.194029 
1.797073 
1.086125 
1.813741 
1.181457 
1.270820 
0.835540 
0.972338 
0.818838 
1.037597 
1.095229 
1.001965 
1.809877 
1.528748 
1.018900 
0.795864 
0.733504 
1.709239 
0.805936 
1.262059 
0.106920 
1.230941 
1.302603 
1.650770 
1.656798 
1.057327 
1.075199 
1.411857 
1.003588 
1.973527 
1.407655 
1.180531 
1.785907 
1.378064 
0.949776 
2.013676 
1.482218 
1.274238 
1.111446 
1.492183 
1.487546 
1.067077 
1.851437 
1.080410 
1.664320 
0.553333 
1.287175 
1.149767 
0.901512 
0.945541 
0.509961 
1.094064 
0.514072 
1.207387 
1.271135 
1.589400 
1.447475 
2.406361 
1.597743 
1.452768 
0.936740 
1.521478 
1.747944 
1.588423 
1.124785 
1.443773 
1.601663 
1.083668 
1.416988 
0.814840 
0.837441 
0.992850 
1.004183 
1.423220 
1.549383 
0.997220 
1.372987 
1.307598 
1.166812 
1.197081 
2.046369 
1.601965 
1.622399 
1.622582 
1.093716 
1.397111 
1.222513 
1.377952 
1.645634 
1.293258 
1.008058 
1.650993 
1.508063 
1.196614 
1.291873 
1.499007 
1.361025 
1.199316 
1.437833 
1.368701 
1.158288 
1.293572 
0.853728 
0.902952 
0.684304 
1.039982 
1.476811 
1.026580 
1.180349 
0.850397 
1.174550 
0.920730 
1.520184 
0.692736 
1.702682 
1.558900 
0.626856 
1.391827 
1.834774 
1.719854 
1.789173 
1.108505 
1.132493 
1.179604 
2.892917 
1.541487 
1.830862 
1.677441 
1.597933 
1.281789 
1.621867 
1.050128 
1.422769 
0.902527 
1.340028 
1.768762 
1.380222 
1.329867 
0.626377 
1.034794 
1.089136 
1.366305 
1.069338 
1.648731 
1.482091 
1.476660 
1.761262 
0.753627 
0.968636 
1.762215 
1.447391 
1.484056 
0.856301 
1.074626 
0.866061 
0.979113 
1.495813 
1.215160 
1.250259 
0.881976 
1.611228 
1.689696 
1.301014 
1.631157 
1.436574 
1.322544 
0.967440 
1.079422 
1.647555 
1.563470 
1.395017 
0.873787 
0.865840 
1.099537 
0.867159 
1.291232 
1.157103 
1.796877 
1.070105 
1.181683 
1.195160 
0.549614 
1.126149 
0.688019 
1.636538 
1.383841 
1.183738 
1.031794 
1.060364 
0.992756 
1.392162 
1.772449 
0.991882 
1.314714 
1.051971 
1.200994 
1.119112 
1.760375 
1.085664 
1.321819 
0.829001 
1.619265 
1.659984 
1.116500 
0.938917 
0.837910 
1.118176 
1.648029 
1.505376 
1.078176 
0.921656 
1.048175 
1.843080 
0.830185 
0.658114 
1.270912 
1.336397 
1.036110 
1.802742 
1.061214 
0.645127 
1.017613 
1.244892 
1.737063 
1.383301 
1.217342 
1.190648 
0.574047 
1.333119 
1.127520 
1.514719 
1.503013 
1.645280 
1.449817 
1.756137 
0.583845 
1.049420 
0.758287 
0.615858 
1.492176 
1.556515 
1.327464 
1.402112 
1.498473 
1.668514 
1.291755 
0.948484 
1.520645 
1.052773 
1.197759 
1.103383 
0.854959 
1.118023 
1.441405 
0.848580 
1.180832 
1.229050 
1.238002 
1.579522 
1.812086 
1.399879 
1.816119 
1.069579 
1.102722 
0.922303 
1.208500 
0.827602 
1.252128 
0.819189 
1.198418 
0.978755 
1.020254 
1.163526 
1.258800 
1.621923 
0.834187 
1.867424 
1.678837 
1.148030 
1.387770 
1.421803 
1.257928 
1.747949 
1.398961 
1.072514 
0.912695 
2.042748 
1.177025 
1.530109 
1.654463 
1.930661 
1.188989 
1.652758 
1.723325 
1.287142 
1.481897 
0.643392 
1.416430 
1.492400 
1.713172 
1.242582 
1.509436 
1.405575 
1.182261 
1.084406 
1.834971 
1.717103 
1.254448 
0.830754 
1.560741 
0.590443 
1.669533 
0.871142 
1.117959 
1.753611 
1.474339 
1.418727 
0.615863 
1.374260 
1.613472 
0.521477 
1.041059 
1.039975 
1.148649 
1.167697 
1.025415 
1.605054 
1.509289 
1.585629 
0.733280 
0.406028 
1.459845 
0.941003 
1.023331 
0.905009 
1.448383 
1.326518 
1.222925 
1.587405 
1.439974 
0.993913 
1.198518 
1.253356 
0.490053 
1.375266 
0.807696 
1.080278 
1.281070 
1.680740 
1.137418 
1.084567 
1.850940 
1.399673 
0.437594 
1.074838 
1.799951 
0.846890 
1.692745 
1.014928 
1.595538 
1.770913 
1.059318 
1.289462 
1.474610 
1.054724 
0.901603 
1.125596 
1.288951 
1.674441 
1.274331 
1.167527 
0.624603 
1.241300 
1.336150 
1.001152 
0.984693 
1.857417 
0.911800 
1.842939 
1.160139 
1.735555 
0.994369 
0.988809 
1.432843 
1.479257 
0.837077 
1.424954 
0.991100 
1.253674 
1.334646 
1.246886 
0.844140 
0.646481 
0.886112 
1.018278 
1.713806 
1.408646 
0.878552 
0.685647 
1.721490 
1.231211 
1.483423 
1.287188 
1.467889 
1.892238 
1.397573 
1.279464 
1.295781 
1.463683 
1.701128 
1.096471 
1.075319 
1.273445 
1.781726 
1.763543 
1.002959 
1.105756 
1.342898 
1.587957 
1.091116 
0.841290 
0.888311 
1.752598 
0.919359 
0.965906 
1.255744 
1.526506 
1.700434 
1.182754 
1.241513 
1.448499 
1.682705 
0.964106 
1.953082 
1.302463 
0.751971 
1.156267 
1.407354 
1.458839 
0.993658 
1.216336 
1.135727 
0.950909 
1.430583 
0.748567 
1.522124 
1.144675 
1.525964 
1.448367 
1.121576 
0.685671 
1.326196 
0.880758 
1.668674 
1.528417 
0.771485 
1.554647 
0.925794 
0.996760 
1.192456 
1.377534 
1.048568 
1.077021 
1.021471 
1.772372 
1.557127 
1.529088 
0.713841 
1.188881 
1.579147 
1.585705 
1.713952 
1.482266 
1.600862 
1.288811 
0.969335 
1.037100 
1.045886 
1.337530 
1.295107 
0.922753 
0.803052 
1.808548 
1.468692 
1.149478 
0.570755 
1.817037 
0.828627 
1.022648 
1.124716 
0.937036 
0.941725 
1.292311 
0.805938 
1.194126 
0.814765 
1.083524 
1.706933 
1.243514 
1.188887 
0.787696 
1.195260 
0.986235 
0.634222 
1.172486 
1.259837 
0.705149 
1.629946 
1.550538 
1.045535 
1.400278 
1.978303 
1.584458 
1.060486 
0.781026 
1.270034 
0.752018 
1.478484 
1.732556 
1.062716 
1.632869 
1.033952 
1.150153 
1.503085 
1.610729 
1.448635 
1.874830 
1.301846 
0.973288 
1.178668 
1.398786 
1.197452 
2.129953 
0.815908 
1.002952 
1.819939 
1.322294 
1.918103 
1.287843 
1.239075 
1.204048 
1.630192 
1.527145 
0.930847 
0.893826 
0.760612 
1.636379 
1.224820 
1.492952 
1.481581 
1.573291 
0.736680 
1.428966 
0.937686 
1.156497 
1.557164 
1.007147 
0.989980 
0.624024 
1.130506 
0.769436 
0.939139 
1.165028 
1.619550 
1.383919 
1.273529 
1.256153 
0.999479 
1.435822 
1.248434 
1.801452 
1.467726 
1.080416 
1.910214 
0.569875 
1.699041 
1.280204 
1.036071 
1.511194 
1.220734 
1.059139 
1.192968 
1.384931 
1.689872 
1.343844 
1.138720 
0.799756 
0.818806 
1.192300 
1.792763 
1.450323 
0.898867 
0.701080 
0.519693 
1.201119 
0.594667 
1.858387 
0.822975 
1.241247 
1.372598 
1.437627 
1.476375 
0.780374 
1.406649 
1.214238 
1.780953 
0.908391 
1.999870 
1.030806 
0.867997 
1.368004 
1.223729 
0.988010 
1.424722 
1.581997 
1.107926 
1.162781 
0.500359 
1.230545 
0.970168 
1.050197 
1.444896 
1.417502 
1.675668 
1.610617 
1.629606 
0.661407 
1.470628 
1.568332 
1.084341 
1.511472 
1.294092 
1.051428 
1.299326 
1.332299 
1.368489 
1.309155 
0.669197 
1.525813 
1.367250 
1.413448 
1.150117 
0.947769 
0.839658 
1.770661 
1.833820 
0.776521 
1.373515 
1.392220 
1.332356 
1.993050 
1.056707 
1.119496 
1.335974 
1.355787 
1.132491 
1.488144 
1.661548 
1.704346 
1.412301 
1.532001 
1.150106 
1.050197 
0.852598 
1.667560 
0.920529 
1.805024 
0.881987 
1.729260 
1.337965 
1.525497 
1.040078 
1.058897 
0.970233 
1.480531 
1.424926 
1.467725 
1.379655 
1.634509 
1.318437 
0.959879 
1.188244 
1.036903 
0.848540 
1.165835 
1.507838 
0.972929 
1.137651 
1.012472 
0.873057 
0.960831 
1.236545 
1.742694 
0.926599 
0.791568 
1.644202 
0.875753 
1.414972 
1.704560 
1.825893 
1.226405 
1.774458 
1.663146 
0.909654 
0.859734 
1.001778 
1.057819 
0.608860 
1.229113 
0.967553 
1.662881 
1.314315 
0.289705 
1.369488 
1.483320 
0.738934 
1.223584 
1.269794 
1.237098 
1.338150 
0.937893 
1.208959 
1.282027 
1.342866 
1.718298 
1.393287 
1.320818 
0.895710 
1.497145 
1.013000 
1.878839 
1.704571 
1.904094 
1.301181 
1.487681 
0.875140 
1.164224 
1.357710 
1.057893 
1.374659 
1.556793 
1.626036 
0.818036 
1.088784 
1.233043 
1.869709 
1.572531 
1.087610 
1.564635 
0.701491 
1.231277 
1.660509 
1.406203 
1.097374 
1.341367 
1.407584 
1.557305 
0.820536 
1.436047 
1.186515 
1.133499 
0.846967 
0.902840 
1.430480 
1.279464 
0.878399 
0.894118 
1.580427 
1.961039 
1.127955 
1.681779 
1.176880 
1.087880 
1.166641 
1.913838 
1.058052 
1.170857 
1.445755 
1.501628 
1.051405 
1.662444 
0.847678 
1.327572 
1.420743 
1.203082 
1.485139 
1.273004 
1.685590 
1.468287 
1.699776 
1.794145 
1.156567 
0.661624 
0.972505 
1.656381 
1.271337 
1.551575 
0.977048 
0.570674 
1.358908 
1.484337 
1.139001 
1.810443 
1.463208 
1.164981 
1.080259 
1.853812 
1.542678 
1.455689 
1.158638 
1.490745 
1.418478 
0.971018 
0.720448 
0.984474 
1.689413 
1.767247 
1.624155 
1.064550 
0.874966 
1.603160 
1.236247 
0.707408 
1.034366 
1.105896 
1.313644 
1.605030 
1.321123 
1.634336 
1.200051 
1.472549 
1.405939 
1.589365 
1.565396 
1.402697 
1.738346 
0.485710 
1.013174 
1.197730 
1.886351 
1.453905 
1.201361 
1.082804 
1.578583 
1.584623 
1.821628 
1.436708 
1.519189 
1.236095 
1.444205 
1.635286 
1.722206 
1.206707 
1.203480 
0.834922 
1.273333 
0.618140 
0.857826 
0.823721 
1.602527 
1.142419 
0.824697 
1.222095 
1.041093 
1.081175 
0.422901 
1.120813 
0.952606 
1.503414 
1.285781 
0.923672 
1.009643 
1.103582 
1.390654 
1.293599 
0.718354 
1.155847 
0.747809 
1.338871 
1.848898 
0.812517 
1.506582 
0.622171 
1.349684 
1.243447 
1.928082 
1.800009 
1.369920 
0.751437 
0.988198 
1.254695 
1.895221 
2.089768 
1.461879 
1.520153 
1.007035 
0.645656 
1.647174 
1.202818 
1.647840 
1.920329 
1.788300 
0.943775 
1.061571 
1.459175 
1.251508 
1.068504 
0.780665 
1.535208 
1.374461 
0.814552 
1.158549 
1.418874 
1.432078 
1.556817 
0.620361 
1.690430 
0.794455 
1.778340 
1.761974 
1.608977 
1.758275 
1.185500 
1.238694 
1.210396 
0.809576 
1.766481 
1.683063 
1.099234 
1.614994 
1.539171 
1.892268 
1.208580 
1.732054 
1.391261 
1.814322 
1.263958 
1.139529 
0.926225 
1.400570 
1.738291 
1.217519 
1.622282 
1.565755 
1.137093 
1.227978 
1.185577 
0.755000 
0.872089 
1.212787 
1.377607 
0.372896 
1.145134 
1.605968 
1.357996 
0.493832 
0.979801 
1.607249 
1.229497 
1.925333 
0.952532 
1.980909 
1.589633 
1.668313 
1.256902 
1.401264 
1.889571 
1.714237 
1.028512 
0.940420 
0.846727 
1.555251 
1.697617 
0.931600 
1.540880 
1.066265 
1.400545 
1.107828 
1.550717 
1.393221 
1.604667 
1.466122 
1.406910 
1.360755 
1.858185 
1.107366 
1.117813 
1.754559 
1.200166 
1.465013 
1.453939 
1.366942 
1.065819 
1.497530 
1.722080 
0.917411 
0.903117 
1.836753 
1.204064 
1.972687 
1.371250 
1.423467 
1.136986 
0.901200 
1.573872 
0.389093 
0.874966 
0.867718 
1.735385 
1.409632 
1.655806 
1.049555 
1.928545 
1.892702 
1.160136 
1.758585 
1.131997 
1.175637 
0.448829 
1.127200 
2.069108 
1.292678 
1.205364 
1.602535 
1.551929 
0.607096 
1.139510 
1.041207 
1.049073 
0.492342 
1.816221 
1.478007 
1.275844 
1.153243 
1.383951 
1.655986 
0.832133 
1.421263 
1.556136 
1.588217 
1.235225 
1.028628 
1.276753 
0.986176 
0.827765 
1.281020 
1.420327 
0.924785 
0.971557 
1.164371 
0.988922 
1.456588 
1.432861 
1.221415 
1.533775 
1.775549 
1.380000 
1.657245 
1.774139 
1.192367 
0.976849 
0.686387 
1.371241 
0.858807 
1.209510 
1.666720 
1.271011 
1.518610 
1.055575 
1.253065 
1.491660 
1.836267 
1.444291 
1.913463 
1.386532 
1.698292 
0.933596 
1.252215 
1.337791 
1.211250 
1.004563 
1.742834 
1.109953 
0.595733 
0.812321 
1.399509 
1.435957 
1.964840 
1.604849 
1.344069 
1.676439 
1.567616 
0.983924 
1.446710 
1.847233 
0.930907 
1.050529 
1.360335 
1.721197 
1.535817 
0.890265 
0.788322 
1.501499 
1.208804 
1.466335 
0.952324 
1.541926 
0.825326 
1.866110 
1.825108 
1.360670 
1.477845 
1.577411 
1.705678 
1.783438 
1.904084 
1.231447 
1.037858 
1.004967 
1.941617 
1.684536 
0.809331 
1.247212 
1.254856 
0.554134 
1.301204 
1.590575 
1.392588 
1.093699 
1.342820 
1.746131 
0.908826 
0.964282 
1.506894 
1.413267 
1.063426 
1.127713 
1.509102 
1.250976 
1.113795 
0.661398 
1.310863 
1.461490 
0.813119 
1.761396 
1.093303 
1.201657 
1.265140 
1.597921 
1.524443 
1.114893 
1.357846 
0.891977 
1.133224 
1.191112 
0.914486 
0.619867 
1.659749 
1.718899 
1.201295 
1.798514 
0.966524 
1.153479 
1.195040 
0.681024 
1.461540 
0.744920 
1.135248 
0.999973 
1.423891 
1.261145 
1.520557 
0.889087 
0.894669 
1.553712 
0.895102 
1.674532 
1.858166 
1.574677 
1.539350 
1.376327 
0.864117 
1.450325 
1.132072 
1.158421 
1.376447 
1.704105 
1.703704 
1.169289 
1.068071 
1.670237 
1.230518 
1.216913 
1.326435 
1.451854 
1.599813 
1.153126 
1.591957 
1.478050 
1.302845 
1.147127 
1.844449 
1.139143 
1.192598 
1.235380 
0.415952 
1.019952 
1.307901 
1.862957 
1.813901 
1.132620 
1.427462 
0.889997 
0.953689 
0.900060 
1.181087 
1.472339 
1.166019 
1.030168 
0.781722 
1.185851 
1.514979 
1.632239 
1.331063 
1.432351 
1.106717 
1.349377 
1.020020 
0.864180 
1.187897 
1.069620 
0.976305 
1.014295 
1.617602 
0.703091 
1.064385 
0.722215 
1.825433 
0.970677 
1.137253 
1.444726 
1.271690 
1.720585 
0.162605 
1.781822 
1.125461 
1.399998 
0.835204 
0.965543 
0.912417 
1.154619 
0.820415 
1.161512 
1.229889 
0.989193 
0.846050 
1.412118 
1.124202 
0.904935 
0.694436 
1.346866 
1.418215 
1.571526 
1.446159 
1.572407 
1.670795 
1.397111 
1.203777 
1.192531 
0.502993 
1.281743 
1.292700 
1.235134 
1.621758 
1.374545 
1.116267 
0.763000 
1.698264 
1.366019 
1.378304 
0.781530 
1.467830 
1.573079 
0.951978 
1.482881 
1.514141 
1.330188 
1.434462 
1.308388 
1.153177 
1.015160 
0.842122 
1.437842 
1.072423 
1.047650 
0.691602 
1.621119 
1.101783 
1.395317 
1.533618 
1.151618 
2.003995 
1.331925 
1.304545 
0.775962 
0.750755 
1.329139 
1.102388 
1.714847 
0.892571 
1.372824 
1.468156 
1.730001 
1.040442 
1.216400 
0.862728 
0.995961 
1.800762 
1.424940 
1.257751 
0.937541 
1.463152 
1.138017 
1.392150 
1.693597 
0.527044 
1.491628 
1.487029 
1.807222 
1.473531 
1.242700 
1.052517 
2.175140 
1.721287 
0.980178 
1.624512 
1.559088 
1.279601 
1.802189 
1.089770 
1.271213 
1.195995 
1.061305 
1.348092 
1.369889 
1.684586 
1.715921 
1.042499 
1.401464 
1.064794 
1.228412 
0.941204 
1.723406 
1.634085 
0.928902 
1.098347 
1.569079 
1.269105 
1.101743 
0.923208 
0.725231 
1.108951 
1.112430 
0.748772 
0.892603 
1.455462 
0.965021 
1.076951 
1.558857 
1.411971 
1.242330 
1.399482 
1.434240 
1.408953 
1.164003 
0.846111 
1.697134 
1.124449 
1.398302 
1.515206 
0.737274 
0.876024 
1.518647 
0.851284 
1.124847 
1.739138 
1.251487 
1.348352 
1.310153 
0.452477 
1.876045 
0.881911 
1.163037 
1.672150 
1.281473 
0.941510 
1.160362 
1.305557 
1.802160 
1.000019 
1.107518 
0.890094 
1.193418 
0.911423 
1.070977 
1.134301 
1.297280 
1.635653 
1.025293 
1.091862 
0.571801 
1.157457 
1.162465 
2.006779 
1.415524 
0.600307 
1.295273 
0.736728 
1.717025 
1.043686 
1.008899 
1.149203 
1.794122 
1.895719 
1.071764 
1.046807 
0.825248 
0.518541 
1.523545 
0.981925 
1.321157 
1.524088 
1.428584 
0.995607 
1.628208 
0.988488 
0.584785 
1.460359 
0.928446 
1.729310 
1.538925 
1.720872 
1.763142 
1.195880 
1.638798 
1.072390 
1.076410 
1.278709 
1.038512 
1.682159 
1.023671 
0.907341 
1.559713 
1.097827 
0.717763 
0.840659 
0.803279 
1.564464 
1.528964 
1.789457 
1.477626 
0.778511 
1.360330 
0.911722 
1.152950 
0.948548 
0.917958 
1.799016 
0.764057 
1.111155 
0.525107 
1.703129 
1.874734 
1.072775 
1.592274 
0.488480 
1.373867 
1.728395 
1.260753 
1.865051 
0.915392 
1.749521 
1.116607 
1.427135 
1.427550 
1.250992 
1.594551 
1.763962 
1.867865 
1.320132 
1.272112 
1.244387 
1.201322 
1.616054 
1.114160 
0.982444 
1.411634 
1.296581 
1.589387 
1.202736 
1.399669 
1.766033 
0.847500 
1.462050 
1.072684 
1.332854 
1.697914 
0.961139 
1.798514 
1.202095 
1.068953 
1.151036 
1.015672 
1.396848 
1.162387 
1.046178 
0.880298 
0.503110 
1.519955 
1.431155 
1.196791 
1.218274 
1.158173 
0.538118 
1.152037 
1.550052 
1.010037 
1.179906 
1.300650 
1.389450 
1.710067 
1.466060 
1.282456 
0.912168 
2.353123 
1.314955 
1.346097 
0.603328 
1.715021 
0.686226 
1.626227 
1.315550 
1.078490 
1.582685 
1.405830 
0.783002 
1.147127 
1.339626 
1.906699 
1.818504 
1.519666 
1.330739 
1.327899 
0.906154 
1.332896 
1.123007 
1.153116 
1.817885 
1.052084 
1.651488 
0.995690 
1.606465 
1.732161 
1.832997 
1.154095 
1.167837 
0.744309 
1.746475 
1.092092 
1.253802 
1.112823 
1.684214 
1.557335 
1.377387 
1.924597 
0.815899 
1.460304 
1.141135 
1.554815 
1.110990 
1.507989 
0.822694 
1.198341 
1.557994 
1.954428 
0.782862 
0.508106 
1.668431 
1.171246 
1.700981 
1.057247 
1.347898 
1.694506 
1.433045 
0.626248 
1.381147 
1.894529 
1.274877 
1.069309 
1.174707 
1.051426 
1.056859 
0.987165 
1.397914 
1.564638 
1.842381 
1.131124 
0.792383 
0.955337 
1.447876 
1.552604 
1.258687 
1.322694 
0.771966 
1.389990 
1.889941 
0.647649 
1.759321 
0.800594 
1.509169 
1.026156 
1.420209 
1.559513 
1.200124 
0.810542 
1.246531 
1.158503 
1.756968 
0.853406 
1.701419 
1.469120 
1.824532 
0.916450 
1.403085 
1.076457 
0.722323 
1.179372 
0.998784 
1.812482 
1.445108 
1.421327 
1.066239 
1.709734 
1.737076 
1.487330 
0.927488 
1.768552 
1.723591 
1.510184 
1.517525 
1.334619 
1.541880 
0.910773 
1.063261 
1.033848 
1.001592 
0.752375 
1.079677 
1.660879 
1.284285 
1.083385 
1.545719 
1.167778 
0.989500 
1.747071 
1.229084 
1.819199 
1.149683 
1.188123 
1.038385 
1.412737 
1.243419 
1.353647 
1.562371 
0.858873 
0.432026 
1.077118 
0.986923 
1.369253 
1.780920 
1.242945 
1.725643 
1.435040 
0.838851 
1.089300 
1.116594 
1.434597 
1.843350 
1.042307 
1.114663 
0.983422 
1.645295 
1.033854 
1.412346 
1.974874 
0.777634 
1.075778 
1.421994 
0.888529 
1.402219 
1.521806 
1.358948 
1.682585 
1.537599 
1.476173 
1.676360 
1.390402 
0.736324 
1.607680 
1.325527 
1.682436 
1.151197 
1.514720 
2.239108 
1.273102 
1.360267 
1.058221 
1.357615 
1.540849 
1.302453 
1.331930 
1.229774 
1.722522 
1.233454 
1.465812 
1.552702 
1.483994 
1.270760 
1.471858 
1.436290 
1.505751 
1.490796 
1.387884 
1.690521 
0.963933 
0.775787 
1.722229 
1.360843 
0.990625 
1.003253 
1.248189 
1.828041 
0.932845 
0.809482 
1.548442 
1.394296 
1.035996 
0.759987 
0.604551 
1.651522 
1.432918 
1.145571 
1.483598 
1.219296 
1.473213 
1.473001 
0.681368 
1.709884 
1.118043 
1.345340 
1.504323 
0.891988 
1.648375 
1.385762 
1.336978 
1.164219 
0.871710 
1.397796 
1.342560 
1.642681 
1.257433 
0.524593 
0.956225 
1.736245 
0.851963 
1.608889 
1.817435 
1.033299 
1.313584 
1.486169 
1.490197 
1.163478 
1.863636 
0.999206 
1.576874 
1.149342 
1.656054 
1.027285 
1.390963 
1.494234 
1.641251 
1.797391 
1.120670 
1.498461 
1.176932 
1.603736 
1.690928 
0.469793 
1.347946 
0.906331 
1.488253 
0.871427 
1.216464 
1.030705 
1.326289 
0.951112 
1.734369 
0.509724 
1.581747 
0.870686 
1.232451 
1.318732 
0.976790 
1.237263 
1.300076 
1.715855 
0.885254 
0.958214 
1.039474 
0.760313 
0.957389 
1.524877 
1.154773 
0.525044 
1.720370 
1.523622 
1.403840 
1.360772 
1.312480 
1.081091 
1.125020 
0.947921 
1.138730 
1.781217 
0.915910 
0.495498 
0.920698 
1.172230 
0.886202 
0.659569 
1.220128 
1.341266 
1.448236 
0.906471 
0.940190 
1.015432 
1.725687 
1.000504 
1.786121 
0.691581 
1.247581 
1.712802 
1.281648 
2.174899 
1.270503 
1.157573 
0.969588 
1.922825 
1.358387 
1.266914 
1.435988 
1.005359 
1.301493 
1.565521 
0.814696 
1.396695 
0.750882 
0.605866 
1.361395 
1.488566 
1.362742 
0.635375 
1.263719 
1.178712 
1.296559 
1.055786 
1.239684 
1.758310 
1.704662 
0.874455 
1.342945 
0.794176 
1.625257 
1.303390 
0.910717 
1.349028 
0.717969 
0.574538 
0.582101 
1.658139 
1.645488 
1.331632 
1.272512 
1.417974 
1.264069 
1.433104 
1.527049 
0.828795 
1.066772 
1.757091 
1.274502 
1.501655 
1.064430 
0.978251 
0.984336 
1.669511 
1.105275 
1.283071 
1.402164 
1.427606 
1.618980 
1.333307 
0.956130 
1.351183 
2.720637 
1.166878 
1.338097 
1.471967 
1.157859 
0.997281 
1.214586 
1.551275 
0.856113 
0.991080 
1.899473 
0.784837 
1.092338 
1.337673 
0.869023 
1.195719 
1.148721 
1.332065 
1.583223 
0.898640 
1.034013 
1.638927 
1.012127 
0.950043 
1.138915 
0.999840 
1.730118 
0.955321 
1.084810 
1.547869 
1.421017 
1.427334 
0.806327 
1.221146 
0.901214 
1.593361 
1.506841 
1.184128 
1.199888 
1.315620 
1.835106 
1.564485 
0.827053 
1.452698 
0.911049 
1.353703 
0.943348 
1.618281 
1.717826 
0.913314 
1.276987 
1.613098 
0.809967 
1.238321 
1.404175 
0.833958 
0.986678 
1.234005 
1.478529 
1.183970 
1.280170 
1.245808 
0.932099 
1.163869 
1.142670 
1.644724 
1.180962 
2.045178 
1.505144 
0.653481 
1.529496 
0.888924 
1.342311 
1.039017 
1.797597 
1.273309 
1.938560 
0.716358 
1.320587 
1.136579 
1.174305 
0.917444 
1.601524 
1.541176 
0.959106 
1.816365 
0.517331 
1.012323 
1.703627 
0.961916 
1.124124 
1.961847 
1.557451 
1.238086 
1.159969 
0.939731 
0.825872 
1.142579 
1.427652 
1.654201 
1.505847 
1.785455 
1.558633 
0.781538 
1.179935 
0.668081 
1.156685 
0.734622 
1.737036 
1.199593 
1.544821 
0.851298 
1.185726 
0.861585 
1.051750 
1.182337 
1.384944 
1.313246 
1.159829 
1.448319 
0.915984 
1.561718 
1.322389 
1.190223 
1.271725 
1.008195 
1.375790 
0.899700 
1.002522 
1.492470 
1.971319 
1.299800 
1.034384 
1.330640 
1.047399 
1.417653 
1.316762 
0.662976 
1.425109 
0.635680 
0.986041 
1.240999 
1.741171 
1.555740 
1.313774 
1.306480 
1.836472 
1.098809 
1.110646 
1.346366 
1.519569 
1.589388 
0.997914 
0.888860 
1.755355 
1.616560 
1.467931 
1.476837 
1.708357 
1.394915 
1.102779 
1.247753 
1.346083 
1.238660 
0.936641 
1.264055 
1.861319 
0.920840 
0.793443 
1.263503 
1.215731 
1.288829 
1.367787 
1.135575 
1.140715 
0.600289 
1.820325 
1.027612 
2.203857 
0.795716 
0.914472 
1.549636 
0.942358 
0.672069 
1.113667 
0.926754 
1.425500 
1.597209 
1.751796 
1.135831 
0.897492 
1.529041 
1.665771 
0.916412 
1.601554 
1.811794 
1.807864 
1.599849 
0.975298 
1.454109 
1.900020 
1.739573 
1.697157 
0.888905 
0.970542 
1.475043 
1.547485 
1.188130 
1.192804 
0.971368 
0.545148 
0.937167 
1.270126 
1.234352 
1.173359 
1.007409 
1.346756 
1.287353 
0.924830 
0.957270 
0.973903 
1.126362 
1.682080 
1.264547 
1.424941 
1.634150 
1.239223 
1.583952 
1.163669 
0.985306 
1.139258 
1.352483 
1.600203 
1.272983 
0.981720 
1.204863 
1.468140 
1.003175 
1.271042 
1.547967 
1.384967 
1.205478 
0.811272 
0.908696 
1.767380 
0.558966 
0.795072 
1.274242 
1.491010 
1.094897 
1.234693 
1.204600 
1.468133 
0.982588 
1.173060 
1.678859 
1.517689 
1.178516 
1.268662 
1.065690 
0.921279 
1.063295 
1.726116 
1.149702 
0.579021 
1.171611 
0.926692 
1.294420 
0.672933 
1.344143 
1.488262 
1.656162 
1.228183 
1.833310 
1.031572 
1.719875 
1.680244 
1.348805 
1.218914 
0.914748 
1.200918 
0.943293 
1.133441 
1.107584 
1.706307 
1.696520 
0.685835 
1.018871 
1.191630 
0.902704 
0.958546 
0.845848 
1.627120 
1.395524 
1.853541 
1.582232 
2.192293 
1.546820 
0.851837 
1.887002 
1.759144 
1.514575 
1.019201 
1.699344 
1.330407 
1.655825 
1.204560 
1.665620 
1.176228 
1.579213 
1.605719 
1.109853 
1.739356 
1.027982 
1.678320 
1.751457 
0.925881 
1.208510 
1.091865 
0.744347 
1.192403 
0.652497 
1.434031 
0.908058 
1.618981 
0.622497 
1.410492 
1.085543 
1.323427 
1.298589 
2.320732 
1.028928 
1.137727 
1.093294 
1.028879 
1.729851 
1.783214 
1.691372 
1.568260 
1.100690 
0.783923 
1.134715 
1.417723 
1.416783 
1.025027 
1.466064 
1.227102 
1.160103 
1.109181 
1.045959 
1.610154 
1.334098 
1.595138 
1.518447 
2.039447 
1.724202 
1.100502 
1.074872 
1.170140 
1.162645 
0.975915 
1.492306 
1.256933 
0.992056 
1.669445 
1.476279 
1.338954 
1.899638 
1.305091 
0.716583 
1.762445 
1.279595 
1.433956 
1.071619 
1.188056 
0.835229 
0.707200 
1.194847 
1.187193 
1.041039 
0.705406 
1.762867 
1.093401 
1.248233 
1.958068 
1.430820 
1.641076 
1.410947 
0.668967 
1.387209 
1.042101 
1.489232 
1.731471 
0.667737 
0.638382 
1.876799 
1.499636 
1.403575 
1.314446 
0.895537 
1.371438 
1.671065 
1.678673 
1.655891 
1.176745 
0.966144 
1.546707 
1.519240 
1.299167 
0.807266 
1.001346 
1.019725 
0.767662 
1.532020 
1.274235 
1.734061 
1.306065 
1.204939 
1.057507 
1.130430 
0.900666 
1.129536 
1.331058 
1.426864 
1.305581 
1.027342 
1.276783 
1.111399 
1.645719 
0.915915 
1.145139 
1.163720 
1.224006 
1.478233 
1.647168 
0.887247 
1.728758 
1.580838 
1.533065 
1.219961 
1.117686 
1.282562 
1.045894 
1.084472 
1.228908 
0.864840 
1.417518 
1.552070 
1.394787 
0.968157 
1.960776 
1.545351 
1.201272 
1.319350 
0.932563 
1.149066 
1.008239 
1.302344 
1.158137 
0.740363 
1.437507 
1.469705 
1.020542 
0.919890 
0.921767 
1.743953 
1.167617 
1.555666 
1.299311 
1.530575 
1.216510 
1.118026 
1.818250 
1.910613 
2.108349 
1.038519 
1.036843 
1.187945 
1.624747 
1.400306 
1.356948 
1.241660 
1.825050 
1.356885 
1.820634 
1.333267 
1.005942 
1.140961 
1.188021 
1.014708 
1.558660 
1.792492 
0.625460 
0.526705 
1.251733 
1.286679 
1.148379 
1.750502 
0.958930 
1.044387 
0.806090 
1.681189 
1.526986 
1.655565 
0.633488 
1.388731 
1.408507 
1.132562 
1.181684 
1.184170 
1.120074 
0.623814 
1.664102 
0.817681 
0.861172 
1.250354 
1.320328 
0.877399 
1.000903 
0.945363 
1.610683 
1.370160 
0.916903 
0.902038 
0.965577 
1.288971 
1.604715 
1.744498 
1.057576 
1.228490 
1.100095 
1.395274 
1.472226 
1.160431 
1.503959 
1.737127 
1.542611 
0.956495 
1.419858 
1.018103 
1.249699 
1.224967 
0.536787 
1.452597 
1.016581 
1.870970 
0.906139 
1.264174 
0.906098 
0.938289 
1.423273 
1.039133 
1.285586 
1.128943 
1.466185 
1.332825 
1.623900 
0.844468 
2.116267 
1.542598 
1.224998 
1.611714 
1.162962 
1.381189 
1.320953 
1.177387 
0.971966 
1.733795 
0.971738 
1.681414 
0.941236 
1.570464 
1.539957 
1.886810 
1.431045 
1.776285 
1.229643 
1.637752 
1.826545 
1.111200 
0.960395 
1.096844 
1.644499 
1.038879 
1.019267 
1.245104 
1.571275 
1.553916 
1.335904 
1.195805 
1.496204 
1.334281 
1.061342 
1.410154 
1.125534 
1.220551 
1.076811 
1.714984 
1.570489 
1.599232 
1.662317 
0.863887 
0.867596 
1.302651 
2.010414 
1.448544 
1.352370 
1.483593 
1.195330 
1.009804 
0.844265 
1.706836 
1.863033 
1.377034 
1.398573 
1.618454 
1.249668 
1.160403 
1.585192 
1.240349 
1.889808 
0.680618 
1.373844 
1.318630 
1.381966 
1.776255 
0.985698 
1.096621 
1.858168 
1.491609 
0.910515 
1.868010 
1.715288 
1.376868 
0.851163 
1.613587 
1.280218 
0.877426 
1.448438 
1.341640 
1.083481 
1.295225 
0.719624 
1.335947 
1.162800 
0.718734 
1.369662 
0.747026 
1.378288 
1.465369 
1.656325 
0.447950 
1.841467 
0.784276 
1.359578 
1.180489 
1.076605 
1.247011 
1.018651 
0.477655 
0.770304 
0.861226 
1.807994 
0.808589 
1.082376 
0.859582 
0.670529 
0.973915 
1.708717 
1.317866 
1.253457 
1.522366 
1.437704 
1.728400 
1.342518 
0.963781 
1.034230 
1.031037 
2.004418 
1.445653 
1.645499 
1.725563 
1.323428 
1.197523 
0.733057 
1.895425 
0.839972 
1.676912 
0.927612 
1.456367 
1.081706 
1.506764 
1.294883 
0.956432 
1.203752 
1.102899 
1.475772 
1.141865 
0.825588 
1.519400 
0.965872 
1.334953 
0.910166 
1.719637 
0.944673 
0.839337 
1.876422 
1.544715 
0.525517 
0.963987 
1.410314 
1.170015 
1.326860 
1.150091 
1.450101 
1.238195 
1.462535 
1.559103 
0.955896 
1.674167 
1.457275 
0.644963 
1.531426 
1.010426 
0.658204 
1.620663 
1.773563 
0.299683 
0.939784 
1.978383 
0.838910 
1.067914 
1.248268 
0.570265 
1.129726 
1.337769 
0.787710 
1.772464 
1.922072 
1.694538 
1.975945 
1.787017 
1.554714 
1.485139 
1.357724 
1.132421 
1.301641 
1.214812 
0.931103 
1.763093 
1.560515 
1.274027 
0.595749 
1.533205 
1.398869 
1.385328 
1.079782 
1.163346 
1.401212 
1.206368 
1.338669 
1.712060 
1.716670 
1.042319 
1.239472 
1.137326 
0.937134 
1.844489 
1.956105 
1.218777 
0.868421 
0.995884 
1.870198 
1.064373 
1.031644 
1.605764 
1.233886 
1.016634 
0.856582 
1.433152 
1.277895 
0.552535 
1.056174 
1.450143 
0.576934 
1.044013 
1.602941 
1.376796 
1.707899 
1.468930 
1.719574 
1.718515 
1.160201 
1.125120 
0.916492 
1.320848 
1.378884 
0.883345 
0.911111 
1.541034 
0.974426 
1.206552 
0.816442 
1.141371 
1.267992 
0.884765 
1.088759 
0.614792 
0.975487 
1.353991 
1.563498 
1.133920 
0.882800 
1.609735 
1.398975 
1.264349 
1.023981 
0.657223 
1.364441 
1.562638 
1.471848 
1.427302 
1.791388 
0.288492 
1.227158 
1.663041 
1.070133 
1.268236 
0.938286 
0.836584 
1.116321 
1.147348 
1.663615 
1.140737 
1.126293 
1.778978 
0.912441 
0.918225 
1.232007 
1.321747 
1.001442 
1.159036 
1.092659 
0.892432 
0.653702 
1.707169 
1.454973 
1.482376 
1.265720 
1.466206 
1.822323 
1.495454 
1.601309 
0.998844 
1.800713 
1.280099 
1.154568 
1.120579 
1.685195 
1.269699 
1.293149 
1.639775 
1.332687 
1.287706 
1.041046 
0.772821 
0.772961 
1.036901 
1.173943 
1.353220 
0.653793 
1.430792 
1.389801 
1.027761 
1.622628 
1.309289 
1.404108 
1.838265 
0.980926 
1.439838 
1.404163 
1.623860 
1.764172 
0.810231 
0.753760 
1.207881 
1.466209 
1.112221 
0.824870 
0.493538 
1.009804 
1.358054 
0.881534 
1.056610 
1.470905 
1.116909 
1.613355 
1.107483 
1.135196 
1.644096 
1.157523 
1.802706 
0.999265 
0.980702 
0.956178 
1.557672 
1.178029 
1.393632 
1.850575 
1.480135 
0.963442 
1.336803 
2.065749 
1.682325 
1.238267 
1.062899 
1.382530 
1.816171 
1.768393 
1.130660 
1.110565 
1.114789 
1.374381 
0.974075 
0.790172 
1.380038 
1.258855 
1.565577 
1.014029 
1.553931 
0.739094 
0.962516 
1.092084 
0.765217 
1.385269 
1.232127 
1.195949 
0.848027 
0.893520 
1.000969 
1.741648 
0.964314 
0.920694 
1.432826 
1.717886 
1.436080 
0.986057 
1.525937 
1.240016 
0.815045 
0.527230 
1.318762 
1.138605 
1.628687 
1.629610 
1.943883 
1.026691 
0.666092 
1.173033 
1.229835 
0.812938 
1.743535 
0.928506 
1.133940 
0.883081 
1.001414 
0.885124 
1.428858 
1.155545 
1.387307 
0.941564 
1.486530 
1.568330 
1.335994 
1.694362 
0.592734 
1.261114 
1.658590 
1.478845 
1.662131 
1.819345 
0.977080 
1.178838 
1.264055 
1.070355 
1.691915 
1.061284 
1.354158 
0.601512 
1.134080 
1.080367 
1.334888 
1.530584 
1.264163 
1.538222 
1.027385 
0.862750 
1.775463 
0.614711 
1.556827 
1.700152 
1.788201 
1.683149 
1.587152 
0.434187 
1.212990 
1.551319 
1.670753 
0.615754 
1.355016 
1.707853 
0.813848 
1.144670 
0.828571 
1.761414 
1.223915 
1.125238 
1.098903 
1.215275 
1.669022 
1.440861 
1.199120 
1.396668 
1.530277 
1.745267 
1.325662 
1.501676 
0.829014 
1.357190 
1.024776 
1.075235 
1.225447 
1.492545 
0.873165 
1.077538 
0.546552 
0.785537 
1.074756 
2.029260 
1.471719 
0.863733 
1.804349 
1.145362 
1.065701 
1.449648 
1.107981 
0.839226 
1.674713 
1.653280 
1.801447 
1.459385 
0.543699 
1.215680 
1.394028 
1.494820 
1.322332 
1.029725 
1.723242 
1.337365 
1.249108 
1.374248 
0.919879 
0.946811 
1.416699 
1.602039 
1.125713 
1.020822 
1.134334 
1.311379 
1.313859 
0.869205 
0.954467 
1.578743 
1.785354 
1.254517 
1.340456 
1.055859 
1.474573 
0.883837 
1.625868 
1.695881 
0.928561 
1.586998 
1.019408 
1.858130 
1.015455 
1.783637 
1.122888 
0.940629 
1.372301 
1.850092 
1.163107 
0.988688 
1.164125 
1.381437 
1.093782 
1.689636 
1.082706 
1.142526 
1.347692 
0.935714 
1.701460 
1.406180 
1.585762 
1.291228 
1.220864 
0.938342 
1.340576 
0.800622 
1.683553 
1.147616 
1.439525 
0.967522 
1.374224 
1.781882 
0.807556 
1.360338 
1.089602 
0.732920 
1.280500 
1.213778 
1.772724 
1.549666 
1.796522 
1.017659 
1.286773 
1.229828 
0.972258 
1.500035 
1.138040 
1.887319 
0.770491 
0.918353 
1.249982 
1.172891 
1.863853 
1.301942 
1.061694 
0.957707 
1.673175 
0.974106 
1.751918 
0.910366 
1.136403 
1.139137 
1.441485 
0.948002 
1.860198 
1.538634 
1.032471 
0.621299 
1.694392 
0.890289 
1.094773 
0.938114 
1.826257 
1.251353 
1.146587 
1.517274 
1.457631 
1.757452 
1.504494 
1.296712 
1.106102 
1.689005 
1.798770 
1.733329 
0.979325 
1.235214 
1.043290 
1.506266 
1.235679 
0.975498 
1.180447 
1.519272 
1.648024 
0.968466 
0.749450 
1.720347 
1.852688 
1.477218 
1.378383 
1.212319 
1.514428 
1.760970 
1.534194 
1.468735 
1.141294 
0.860183 
1.081223 
0.784429 
1.514114 
1.664208 
1.071927 
1.480725 
1.708800 
1.760235 
1.201916 
1.708344 
1.367153 
1.580373 
1.255028 
1.234396 
0.878450 
0.703218 
1.077800 
1.797638 
1.134167 
1.066842 
2.009431 
1.432499 
0.880961 
1.899235 
1.101513 
0.827546 
1.918875 
1.164053 
1.829947 
1.463439 
1.413789 
0.872028 
1.754470 
1.113003 
1.564588 
0.857567 
0.700927 
1.388948 
0.791610 
1.910647 
1.357411 
1.209577 
1.539966 
1.025927 
1.753041 
1.330903 
1.175128 
