126.777565 50.468056 62.837044 85.904655 89.552704 0.019782 
87.899475 71.900085 82.799110 63.645607 48.020958 0.019782 
117.457748 63.466454 57.063438 94.847542 79.096596 0.000000 
147.004471 71.360634 77.691475 72.098228 87.285286 0.000000 
80.876068 60.908794 68.759117 88.754471 84.961121 0.019782 
43.015289 98.917938 102.145744 81.282356 79.069298 0.027976 
153.251404 36.232658 57.353451 72.602936 93.827538 0.000000 
145.321396 82.221260 42.541306 89.875511 70.148994 0.027976 
63.770321 86.610130 97.598946 50.890778 71.591278 0.019782 
51.916779 51.363495 105.546440 72.277908 88.981766 0.000000 
140.297516 102.281281 31.466694 108.461815 79.065628 0.019782 
78.219612 66.739227 73.142220 54.531281 119.565033 0.000000 
75.810844 87.244476 68.437798 91.858444 86.647362 0.019782 
90.621078 88.717583 64.796158 75.465477 86.368149 0.019782 
141.733276 62.209782 75.926636 100.765564 73.730354 0.019782 
122.297287 70.921616 78.313858 68.224655 99.873276 0.019782 
72.155075 84.308662 98.460693 73.123543 86.632339 0.000000 
130.341187 70.880951 76.974335 87.420609 77.577080 0.000000 
41.592163 113.106033 102.893082 76.379982 64.755402 0.000000 
141.729294 36.636234 42.016388 84.062683 81.309883 0.034264 
