Episode: 1: [[0.001 0.    0.    0.    0.    0.    0.    0.    0.    0.   ]
 [0.001 0.    0.    0.    0.    0.    0.    0.    0.    0.   ]
 [0.001 0.    0.    0.    0.    0.    0.    0.    0.    0.   ]] 
Episode: 2: [[ 0.0014     -0.00039961  0.0004     -0.0004     -0.00039999  0.
   0.          0.          0.00022048  0.00039999]
 [ 0.0014      0.00039995  0.0004     -0.0004      0.0004      0.
   0.          0.         -0.00035508  0.0004    ]
 [ 0.0014      0.00039964 -0.0004     -0.0004     -0.0004      0.
   0.          0.          0.0002709   0.0004    ]] 
Episode: 3: [[ 0.00179156 -0.00050489  0.00076191 -0.00079986 -0.00049213  0.
   0.          0.          0.0003952   0.00079735]
 [ 0.00179386  0.00080028  0.00072315 -0.00069121  0.00079931  0.
   0.          0.         -0.00026116  0.00079887]
 [ 0.00179891  0.00076807 -0.00013587 -0.00026761 -0.0007953   0.
   0.          0.          0.00057037  0.0008001 ]] 
Episode: 4: [[ 0.00217876 -0.00076991  0.00113717 -0.00118567 -0.00075608  0.
   0.          0.          0.00064753  0.00119019]
 [ 0.00218398  0.00111284  0.00093961 -0.00102019  0.00096101  0.
   0.          0.         -0.00016098  0.00119246]
 [ 0.0021957   0.00103955 -0.00019444 -0.00038409 -0.0005982   0.
   0.          0.          0.00047636  0.00118812]] 
Episode: 5: [[ 0.00256545 -0.00106727  0.00151629 -0.00157083 -0.00104906  0.
   0.          0.          0.00092659  0.00157287]
 [ 0.00257369  0.00144353  0.00106111 -0.00137206  0.00116353  0.
   0.          0.         -0.00028451  0.00157518]
 [ 0.00259208  0.0013403  -0.00037099 -0.00061382 -0.00066325  0.
   0.          0.          0.00054697  0.00156567]] 
Episode: 6: [[ 0.00295281 -0.0013566   0.00187596 -0.00195834 -0.001345    0.
   0.          0.          0.00120818  0.00196067]
 [ 0.00296405  0.0017971   0.00130077 -0.0017383   0.00138952  0.
   0.          0.         -0.00049604  0.00196221]
 [ 0.00298869  0.00166335 -0.00035206 -0.00090286 -0.00056792  0.
   0.          0.          0.00042711  0.00194909]] 
Episode: 7: [[ 0.00334223 -0.00133979  0.00221174 -0.00234533 -0.00146336  0.
   0.          0.          0.00101367  0.00221655]
 [ 0.00335626  0.0020774   0.0015489  -0.0021097   0.00166306  0.
   0.          0.         -0.00070561  0.00221745]
 [ 0.00338648  0.00193677 -0.00024478 -0.00122789 -0.00034815  0.
   0.          0.          0.00021746  0.00220729]] 
Episode: 8: [[ 3.7344613e-03 -1.1946296e-03  2.3661654e-03 -2.7308227e-03
  -1.4839850e-03  0.0000000e+00  0.0000000e+00  0.0000000e+00
   7.5497542e-04  2.5107088e-03]
 [ 3.7509936e-03  2.3939535e-03  1.6344661e-03 -2.4851086e-03
   1.9732127e-03  0.0000000e+00  0.0000000e+00  0.0000000e+00
  -9.7145070e-04  2.5120126e-03]
 [ 3.7861057e-03  2.2484758e-03 -2.7594215e-04 -1.5743034e-03
  -6.9878239e-05  0.0000000e+00  0.0000000e+00  0.0000000e+00
  -4.5482753e-05  2.5028388e-03]] 
Episode: 9: [[ 0.00395131 -0.00099626  0.00217892 -0.0029319  -0.00128581  0.
   0.          0.          0.00055667  0.00270965]
 [ 0.00396721  0.00259237  0.00143931 -0.00268618  0.00217193  0.
   0.          0.         -0.00116976  0.00271093]
 [ 0.0040034   0.00244689 -0.0004751  -0.00177533  0.00012877  0.
   0.          0.         -0.00024379  0.00270176]] 
Episode: 10: [[ 0.00422212 -0.00073401  0.00192501 -0.00319577 -0.00102286  0.
   0.          0.          0.00030136  0.00297274]
 [ 0.00423677  0.00285315  0.00118041 -0.00294995  0.00243525  0.
   0.          0.         -0.00141679  0.00297425]
 [ 0.00427562  0.00270858 -0.00073484 -0.00203885  0.00039206  0.
   0.          0.         -0.0004949   0.00296519]] 
Episode: 11: [[ 4.4980831e-03 -4.4984987e-04  1.6664171e-03 -3.4967875e-03
  -7.2014681e-04  0.0000000e+00  0.0000000e+00  0.0000000e+00
   5.0473667e-05  3.2766075e-03]
 [ 4.5298138e-03  3.1497406e-03  9.0462441e-04 -3.2515107e-03
   2.7395342e-03  0.0000000e+00  0.0000000e+00  0.0000000e+00
  -1.6954256e-03  3.2785318e-03]
 [ 4.5732358e-03  3.0093153e-03 -1.0230602e-03 -2.3387461e-03
   6.9656491e-04  0.0000000e+00  0.0000000e+00  0.0000000e+00
  -7.8031328e-04  3.2695208e-03]] 
Episode: 12: [[ 0.00477555 -0.00017315  0.00142251 -0.00381501 -0.00041488  0.
   0.          0.         -0.00018072  0.00360652]
 [ 0.00482684  0.0034399   0.00062904 -0.00356881  0.00304825  0.
   0.          0.         -0.00195387  0.00360484]
 [ 0.00487122  0.00330069 -0.00130847 -0.00264673  0.00100207  0.
   0.          0.         -0.00104346  0.00359007]] 
Episode: 13: [[ 5.04587591e-03  5.94850571e-05  1.18757039e-03 -4.15970711e-03
  -1.16872485e-04  0.00000000e+00  0.00000000e+00  0.00000000e+00
  -3.39114718e-04  3.90609424e-03]
 [ 5.15555451e-03  3.75538948e-03  3.19224433e-04 -3.91294295e-03
   3.37406807e-03  0.00000000e+00  0.00000000e+00  0.00000000e+00
  -2.24437285e-03  3.93224647e-03]
 [ 5.20117301e-03  3.62347276e-03 -1.62921078e-03 -2.98388908e-03
   1.33156008e-03  0.00000000e+00  0.00000000e+00  0.00000000e+00
  -1.34519581e-03  3.91982729e-03]] 
Episode: 14: [[ 5.3318134e-03  2.7379344e-04  9.4201649e-04 -4.5207087e-03
   1.8079660e-04  0.0000000e+00  0.0000000e+00  0.0000000e+00
  -4.6945392e-04  4.1895397e-03]
 [ 5.5043525e-03  4.0772734e-03 -2.8981885e-06 -4.2733643e-03
   3.7028671e-03  0.0000000e+00  0.0000000e+00  0.0000000e+00
  -2.5391057e-03  4.2557842e-03]
 [ 5.5517592e-03  3.9544739e-03 -1.9620510e-03 -3.3351816e-03
   1.6635351e-03  0.0000000e+00  0.0000000e+00  0.0000000e+00
  -1.6531765e-03  4.2500789e-03]] 
Episode: 15: [[ 0.00564853  0.0005106   0.00068262 -0.00489434  0.00046894  0.
   0.          0.         -0.00062853  0.00449113]
 [ 0.00586877  0.00440657 -0.0003352  -0.00464696  0.00402964  0.
   0.          0.         -0.00283725  0.00457565]
 [ 0.00591902  0.00429281 -0.0023081  -0.00370205  0.00199446  0.
   0.          0.         -0.0019642   0.00457306]] 
Episode: 16: [[ 0.00595159  0.00075101  0.00042579 -0.00527464  0.00076221  0.
   0.          0.         -0.00078188  0.00476608]
 [ 0.00623154  0.00474715 -0.00065892 -0.00502884  0.00435358  0.
   0.          0.         -0.00315711  0.00487127]
 [ 0.00629432  0.0046339  -0.00265127 -0.00407953  0.00231819  0.
   0.          0.         -0.00228418  0.00487999]] 
Episode: 17: [[ 0.00624224  0.0009222   0.0001853  -0.00565844  0.00099743  0.
   0.          0.         -0.00088639  0.00500188]
 [ 0.00659168  0.00506841 -0.00096412 -0.00541477  0.00465092  0.
   0.          0.         -0.00345148  0.00514831]
 [ 0.00667107  0.0049573  -0.00297303 -0.00446323  0.00261736  0.
   0.          0.         -0.00258667  0.00517341]] 
Episode: 18: [[ 6.5451218e-03  1.1262677e-03 -5.4893433e-05 -6.0560489e-03
   1.2611677e-03  0.0000000e+00  0.0000000e+00  0.0000000e+00
  -1.0218070e-03  5.2027032e-03]
 [ 6.9597755e-03  5.3910753e-03 -1.2646415e-03 -5.8137248e-03
   4.9519283e-03  0.0000000e+00  0.0000000e+00  0.0000000e+00
  -3.7393149e-03  5.4234504e-03]
 [ 7.0557264e-03  5.2800300e-03 -3.2871237e-03 -4.8605623e-03
   2.9174190e-03  0.0000000e+00  0.0000000e+00  0.0000000e+00
  -2.8800645e-03  5.4640616e-03]] 
Episode: 19: [[ 0.00686534  0.00130898 -0.00030333 -0.00642742  0.00149736  0.
   0.          0.         -0.00118617  0.00539328]
 [ 0.00733053  0.00566903 -0.00156948 -0.00618735  0.00522242  0.
   0.          0.         -0.00400141  0.00565273]
 [ 0.00743924  0.00556732 -0.00361088 -0.00523444  0.00319234  0.
   0.          0.         -0.00315074  0.00570854]] 
Episode: 20: [[ 0.00719412  0.00150792 -0.00055985 -0.00680943  0.00173574  0.
   0.          0.         -0.00135819  0.00557049]
 [ 0.00769303  0.00593878 -0.00186433 -0.00657195  0.0054794   0.
   0.          0.         -0.00424915  0.00587652]
 [ 0.00781728  0.00584871 -0.0039198  -0.00562048  0.0034523   0.
   0.          0.         -0.00340762  0.00594948]] 
Episode: 21: [[ 0.00752721  0.00170013 -0.00080554 -0.00720369  0.00197067  0.
   0.          0.         -0.00152195  0.00576247]
 [ 0.00806055  0.00619623 -0.00214161 -0.00696713  0.00572428  0.
   0.          0.         -0.00448218  0.00610395]
 [ 0.00819806  0.00612038 -0.00421377 -0.00601092  0.00369965  0.
   0.          0.         -0.00364988  0.00618905]] 
Episode: 22: [[ 0.00785908  0.00190915 -0.00105037 -0.00760229  0.00222311  0.
   0.          0.         -0.00168461  0.0059492 ]
 [ 0.00840993  0.00643975 -0.00240662 -0.00736947  0.00595643  0.
   0.          0.         -0.0047008   0.00632666]
 [ 0.00856662  0.00638527 -0.00449681 -0.0064106   0.00393791  0.
   0.          0.         -0.00388344  0.00642344]] 
Episode: 23: [[ 0.00819204  0.00209915 -0.00128048 -0.00800876  0.00245238  0.
   0.          0.         -0.00180729  0.00612442]
 [ 0.0087525   0.00666353 -0.00265967 -0.00777963  0.00617159  0.
   0.          0.         -0.00489852  0.0065461 ]
 [ 0.00892768  0.00663416 -0.00476773 -0.00681817  0.00416053  0.
   0.          0.         -0.00410258  0.00665536]] 
Episode: 24: [[ 0.00849378  0.00224745 -0.00151682 -0.00843382  0.0026722   0.
   0.          0.         -0.00188731  0.00624667]
 [ 0.00908972  0.00689407 -0.00293557 -0.00820733  0.00639694  0.
   0.          0.         -0.00509194  0.00676302]
 [ 0.00928982  0.00689967 -0.00506536 -0.007244    0.00439584  0.
   0.          0.         -0.0043351   0.00689775]] 
Episode: 25: [[ 0.00877644  0.00237577 -0.0017674  -0.00885911  0.00288307  0.
   0.          0.         -0.00195893  0.00635811]
 [ 0.00939874  0.00711201 -0.00322397 -0.0086378   0.00661608  0.
   0.          0.         -0.00527051  0.00697048]
 [ 0.00963107  0.00715501 -0.00537775 -0.00767452  0.00462599  0.
   0.          0.         -0.00455497  0.00713483]] 
Episode: 26: [[ 0.00904677  0.00251299 -0.00200376 -0.0092838   0.0030955   0.
   0.          0.         -0.00203158  0.00650066]
 [ 0.00970043  0.00731842 -0.00349514 -0.00906527  0.00682388  0.
   0.          0.         -0.0054356   0.00718504]
 [ 0.00996452  0.00739599 -0.00567193 -0.00809588  0.00484197  0.
   0.          0.         -0.0047578   0.00736785]] 
Episode: 27: [[ 0.00928891  0.00264729 -0.00224217 -0.00971106  0.00329662  0.
   0.          0.         -0.00209817  0.00665112]
 [ 0.0099837   0.00751266 -0.00377093 -0.00949472  0.00702195  0.
   0.          0.         -0.00558716  0.0073964 ]
 [ 0.01028008  0.00762305 -0.00596897 -0.00851961  0.00504846  0.
   0.          0.         -0.00494643  0.00759707]] 
Episode: 28: [[ 0.00918293  0.0024761  -0.00220858 -0.01015207  0.0031953   0.
   0.          0.         -0.00188034  0.00688026]
 [ 0.01003391  0.00743268 -0.00381084 -0.0099415   0.00712163  0.
   0.          0.         -0.00537941  0.00766866]
 [ 0.01047078  0.0078389  -0.00618703 -0.00896334  0.00531793  0.
   0.          0.         -0.00494161  0.00787066]] 
Episode: 29: [[ 0.0090362   0.00228866 -0.00220119 -0.01060376  0.00308428  0.
   0.          0.         -0.0016804   0.00709133]
 [ 0.01006573  0.00735248 -0.00388284 -0.01039791  0.00720819  0.
   0.          0.         -0.00518918  0.0079195 ]
 [ 0.01065075  0.00804611 -0.00643238 -0.00941729  0.00556551  0.
   0.          0.         -0.00494619  0.00813364]] 
Episode: 30: [[ 0.0089023   0.00207756 -0.00225886 -0.01106915  0.00294838  0.
   0.          0.         -0.00149713  0.00728778]
 [ 0.01011717  0.0072526  -0.00401637 -0.01086717  0.00728904  0.
   0.          0.         -0.00501313  0.00814788]
 [ 0.01085563  0.00822164 -0.00672691 -0.00988415  0.00580554  0.
   0.          0.         -0.00497424  0.00836487]] 
Episode: 31: [[ 0.008772    0.00188326 -0.00234152 -0.01153385  0.0028283   0.
   0.          0.         -0.0013304   0.00746443]
 [ 0.0101798   0.00716448 -0.00417966 -0.01133227  0.00737573  0.
   0.          0.         -0.00485335  0.00835596]
 [ 0.0110593   0.00838879 -0.00704196 -0.01034239  0.0060368   0.
   0.          0.         -0.00500185  0.0085822 ]] 
Episode: 32: [[ 0.00861143  0.00169183 -0.00243855 -0.01201296  0.00270589  0.
   0.          0.         -0.00117833  0.00762297]
 [ 0.01022489  0.00708309 -0.00436151 -0.01181003  0.0074551   0.
   0.          0.         -0.00470832  0.00854569]
 [ 0.01125221  0.00855285 -0.00737453 -0.01081395  0.00625423  0.
   0.          0.         -0.00503629  0.00878897]] 
Episode: 33: [[ 0.00845328  0.00151824 -0.0025722  -0.01250365  0.00260007  0.
   0.          0.         -0.00103944  0.0077695 ]
 [ 0.01028518  0.00701527 -0.00458421 -0.01229582  0.00754112  0.
   0.          0.         -0.00457627  0.00872798]
 [ 0.01145159  0.0087163  -0.00773479 -0.01128505  0.00646594  0.
   0.          0.         -0.00507416  0.00899495]] 
