Episode: 1: [[-0.8948833  -0.28724754  0.3657992   2.0664299   0.41003013]] 
Episode: 2: [[-0.89518327 -0.28694755  0.36609918  2.0667298   0.40973014]] 
Episode: 3: [[-0.8954639  -0.2866878   0.36590156  2.0670125   0.40944007]] 
Episode: 4: [[-0.89574397 -0.28643295  0.36574584  2.067298    0.4091498 ]] 
Episode: 5: [[-0.89601725 -0.28619722  0.3657768   2.0674686   0.4088644 ]] 
Episode: 6: [[-0.8962682  -0.28597796  0.3657876   2.0675664   0.40880162]] 
Episode: 7: [[-0.89651406 -0.2857469   0.365737    2.067626    0.4088157 ]] 
Episode: 8: [[-0.89673316 -0.28554484  0.36570466  2.0676997   0.408785  ]] 
Episode: 9: [[-0.8969769  -0.2853145   0.3657123   2.0678008   0.40870476]] 
Episode: 10: [[-0.8971747  -0.28507343  0.3656232   2.0677497   0.40878707]] 
Episode: 11: [[-0.89736474 -0.28482264  0.36557022  2.067635    0.40890822]] 
Episode: 12: [[-0.8975863  -0.2845673   0.36562723  2.0675864   0.40893468]] 
Episode: 13: [[-0.8978262  -0.2843008   0.365717    2.0675426   0.40894684]] 
Episode: 14: [[-0.898022   -0.28403652  0.36576766  2.0674477   0.40899363]] 
Episode: 15: [[-0.89820904 -0.2837824   0.3658129   2.0673206   0.40909582]] 
Episode: 16: [[-0.8984031  -0.28352627  0.36587945  2.067204    0.40917116]] 
Episode: 17: [[-0.898593   -0.28328693  0.3659668   2.0670981   0.4092329 ]] 
Episode: 18: [[-0.8987577  -0.28307137  0.36604366  2.067004    0.4092773 ]] 
Episode: 19: [[-0.89890015 -0.28287682  0.36610776  2.0669153   0.4093162 ]] 
Episode: 20: [[-0.8990545  -0.28265715  0.3661689   2.0667808   0.40940318]] 
Episode: 21: [[-0.89921    -0.28243884  0.36624336  2.0666203   0.40952748]] 
Episode: 22: [[-0.89937085 -0.28221253  0.3662782   2.0664442   0.4096887 ]] 
Episode: 23: [[-0.8995653  -0.28195876  0.36635324  2.0662355   0.4098791 ]] 
Episode: 24: [[-0.89979357 -0.28169698  0.36649665  2.0660405   0.41005692]] 
Episode: 25: [[-0.8999922  -0.28149438  0.36663038  2.065893    0.41020727]] 
Episode: 26: [[-0.9002097  -0.28125948  0.36673713  2.0657678   0.41029745]] 
Episode: 27: [[-0.9004289  -0.28102     0.36682057  2.065628    0.41041774]] 
Episode: 28: [[-0.90065396 -0.2808064   0.36695093  2.065522    0.41050762]] 
Episode: 29: [[-0.9009146  -0.28055212  0.36711413  2.0653453   0.4106773 ]] 
Episode: 30: [[-0.90113056 -0.28031716  0.3672492   2.0651648   0.4108347 ]] 
Episode: 31: [[-0.9013292  -0.2800753   0.3673611   2.064967    0.41099313]] 
Episode: 32: [[-0.9015103  -0.27985713  0.36748362  2.064773    0.41114834]] 
Episode: 33: [[-0.90173554 -0.27962434  0.36765423  2.0646358   0.4112587 ]] 
Episode: 34: [[-0.90194464 -0.27940807  0.36779514  2.0645094   0.41136968]] 
Episode: 35: [[-0.9021221  -0.27924088  0.36792925  2.06442     0.4114525 ]] 
Episode: 36: [[-0.90234745 -0.27902192  0.36811632  2.064261    0.41162506]] 
Episode: 37: [[-0.9025726  -0.27880484  0.3682898   2.0641007   0.41180444]] 
Episode: 38: [[-0.9027779  -0.27860048  0.3684426   2.0639455   0.41197404]] 
Episode: 39: [[-0.90294075 -0.27837497  0.36854675  2.0637407   0.41215667]] 
Episode: 40: [[-0.903111   -0.27814132  0.36866084  2.0635357   0.41232848]] 
Episode: 41: [[-0.9033296  -0.27788487  0.36883667  2.0633771   0.41245657]] 
Episode: 42: [[-0.90354323 -0.2776724   0.36904243  2.063279    0.41252953]] 
Episode: 43: [[-0.90373826 -0.2774721   0.36922792  2.0631688   0.4126175 ]] 
Episode: 44: [[-0.90390587 -0.27728358  0.3693846   2.063051    0.4127069 ]] 
Episode: 45: [[-0.90407383 -0.27709767  0.36955166  2.0629437   0.41277567]] 
Episode: 46: [[-0.90424865 -0.27690497  0.3696855   2.0628247   0.41287717]] 
Episode: 47: [[-0.9043997  -0.27672684  0.36981812  2.0626788   0.41300195]] 
Episode: 48: [[-0.90453863 -0.27656946  0.36994398  2.0625474   0.41311884]] 
Episode: 49: [[-0.90468276 -0.2764114   0.3700753   2.0624278   0.4132206 ]] 
Episode: 50: [[-0.9048633  -0.27621326  0.3701944   2.0622916   0.41334614]] 
Episode: 51: [[-0.9050401  -0.27603093  0.3703217   2.0621805   0.41344753]] 
Episode: 52: [[-0.9052251  -0.27584636  0.37044743  2.0620916   0.41352734]] 
Episode: 53: [[-0.9053891  -0.2756864   0.37057963  2.0620086   0.41359687]] 
Episode: 54: [[-0.9055181  -0.27554238  0.37065572  2.0619135   0.41368538]] 
Episode: 55: [[-0.9056577  -0.27537307  0.3707718   2.06177     0.41379791]] 
Episode: 56: [[-0.90579784 -0.27521163  0.37090233  2.0616567   0.4138691 ]] 
Episode: 57: [[-0.90595233 -0.2749991   0.37104008  2.06148     0.4139836 ]] 
Episode: 58: [[-0.9061093  -0.27478907  0.37117004  2.0613194   0.41408432]] 
Episode: 59: [[-0.90623736 -0.27460843  0.37127605  2.0611742   0.41417548]] 
Episode: 60: [[-0.90636384 -0.2744492   0.37142092  2.061043    0.41424772]] 
Episode: 61: [[-0.90647316 -0.27429077  0.37154177  2.0608978   0.41433132]] 
Episode: 62: [[-0.90659267 -0.27412933  0.37167612  2.0607448   0.41442776]] 
Episode: 63: [[-0.9067138  -0.27400306  0.3718367   2.0606472   0.41447738]] 
Episode: 64: [[-0.90685034 -0.27387843  0.37198743  2.0605638   0.4145367 ]] 
Episode: 65: [[-0.9070109  -0.27371505  0.37213805  2.0604362   0.414639  ]] 
Episode: 66: [[-0.9071559  -0.27356303  0.37227437  2.0603213   0.41472435]] 
Episode: 67: [[-0.9073289  -0.27337623  0.3724517   2.06018     0.41481107]] 
Episode: 68: [[-0.9074639  -0.27317676  0.37256196  2.0599954   0.4149335 ]] 
Episode: 69: [[-0.90759146 -0.27296832  0.37269637  2.059773    0.4150811 ]] 
Episode: 70: [[-0.90771616 -0.2727958   0.3728528   2.0595944   0.4151935 ]] 
Episode: 71: [[-0.9078752  -0.27260965  0.37304708  2.059459    0.41524243]] 
Episode: 72: [[-0.9080152  -0.2724541   0.37323788  2.059332    0.41529673]] 
Episode: 73: [[-0.9081678  -0.27231357  0.3734233   2.0592334   0.4153506 ]] 
Episode: 74: [[-0.90832967 -0.27213344  0.37363303  2.059072    0.41546097]] 
Episode: 75: [[-0.90849257 -0.27194086  0.3738416   2.058883    0.4155981 ]] 
Episode: 76: [[-0.90866095 -0.27174133  0.37403145  2.0586786   0.41576603]] 
Episode: 77: [[-0.9088103  -0.27155796  0.37420106  2.0584803   0.4159324 ]] 
Episode: 78: [[-0.908932   -0.27138576  0.3743995   2.0582347   0.41614187]] 
Episode: 79: [[-0.90906    -0.27121073  0.3745943   2.0579996   0.41633978]] 
Episode: 80: [[-0.9091868  -0.27102405  0.3747725   2.057767    0.41652498]] 
Episode: 81: [[-0.90929455 -0.27087703  0.37493643  2.0575795   0.41667524]] 
Episode: 82: [[-0.90941715 -0.2707461   0.37511498  2.057437    0.416787  ]] 
Episode: 83: [[-0.90954316 -0.2706251   0.37528718  2.057323    0.41687465]] 
Episode: 84: [[-0.90965825 -0.27051246  0.37543592  2.057207    0.41697502]] 
Episode: 85: [[-0.9098059  -0.27040482  0.37561432  2.0571427   0.4170268 ]] 
Episode: 86: [[-0.909962   -0.27029872  0.37577283  2.0570946   0.41707766]] 
Episode: 87: [[-0.91009575 -0.27021375  0.37591803  2.057053    0.41712406]] 
Episode: 88: [[-0.91026336 -0.2701035   0.37610617  2.0570269   0.41713074]] 
Episode: 89: [[-0.9104326  -0.2699994   0.3762937   2.0570087   0.41713494]] 
Episode: 90: [[-0.91060555 -0.2698834   0.3764693   2.0570061   0.4171107 ]] 
Episode: 91: [[-0.9107673  -0.2697693   0.3766508   2.0569947   0.41708392]] 
Episode: 92: [[-0.91092414 -0.2696376   0.37679818  2.056969    0.41706863]] 
Episode: 93: [[-0.911091   -0.2695      0.37695655  2.056949    0.41704285]] 
Episode: 94: [[-0.91126436 -0.26935     0.37714022  2.056895    0.41704577]] 
Episode: 95: [[-0.9114453  -0.26919547  0.37731063  2.0568476   0.4170508 ]] 
Episode: 96: [[-0.91160977 -0.2690518   0.3775055   2.0567613   0.41709444]] 
Episode: 97: [[-0.91177887 -0.26891688  0.37769276  2.056693    0.41713214]] 
Episode: 98: [[-0.91192764 -0.26879624  0.37786812  2.0566251   0.41716912]] 
Episode: 99: [[-0.91209716 -0.26866361  0.378044    2.0565524   0.41722518]] 
Episode: 100: [[-0.9122585  -0.26853067  0.3781876   2.0564785   0.4172911 ]] 
Episode: 101: [[-0.9124682 -0.268416   0.3784171  2.056446   0.4173249]] 
Episode: 102: [[-0.91267926 -0.26829752  0.37863946  2.0564253   0.41734186]] 
Episode: 103: [[-0.9128814  -0.26818502  0.3788441   2.0564184   0.41734445]] 
Episode: 104: [[-0.913067   -0.2680902   0.37903735  2.056408    0.4173611 ]] 
Episode: 105: [[-0.91323483 -0.2680206   0.37922272  2.0564163   0.41736248]] 
Episode: 106: [[-0.9133749  -0.2679473   0.3793561   2.0564096   0.41737834]] 
Episode: 107: [[-0.91350156 -0.26789585  0.37951857  2.056407    0.41737852]] 
Episode: 108: [[-0.9136491  -0.2678396   0.37970048  2.056402    0.4173915 ]] 
Episode: 109: [[-0.9138008  -0.26776633  0.37988698  2.0563846   0.41740382]] 
Episode: 110: [[-0.9139731  -0.26768047  0.3800819   2.0563805   0.4174017 ]] 
Episode: 111: [[-0.91411424 -0.2675889   0.38027972  2.0563173   0.41744164]] 
Episode: 112: [[-0.91424274 -0.26750582  0.3804516   2.056263    0.41747883]] 
Episode: 113: [[-0.91434586 -0.2674431   0.38061136  2.0562203   0.41749787]] 
Episode: 114: [[-0.9144548  -0.26738322  0.38078204  2.056187    0.41750658]] 
Episode: 115: [[-0.9145908  -0.26727444  0.38089988  2.0561464   0.41753185]] 
Episode: 116: [[-0.91472214 -0.26719803  0.38103753  2.0561361   0.41753265]] 
Episode: 117: [[-0.9148336  -0.2671528   0.38117245  2.056146    0.4175179 ]] 
Episode: 118: [[-0.9149365  -0.26711214  0.3812994   2.0561485   0.41751435]] 
Episode: 119: [[-0.9150318  -0.267071    0.381417    2.0561562   0.41749808]] 
Episode: 120: [[-0.91512626 -0.2670284   0.38152003  2.056167    0.41748345]] 
Episode: 121: [[-0.9152365  -0.26692632  0.38158754  2.0561218   0.41752073]] 
Episode: 122: [[-0.9153459  -0.26684022  0.3816805   2.0560744   0.41756532]] 
Episode: 123: [[-0.9154618  -0.26675382  0.38178426  2.0560315   0.41760364]] 
Episode: 124: [[-0.91558623 -0.26666582  0.38188076  2.0560105   0.41762167]] 
Episode: 125: [[-0.9156679  -0.26659146  0.38197947  2.0559504   0.4176623 ]] 
Episode: 126: [[-0.9157335  -0.26653174  0.38207915  2.0558815   0.4177143 ]] 
Episode: 127: [[-0.91585207 -0.26640135  0.38223293  2.0557938   0.41773272]] 
Episode: 128: [[-0.915953   -0.26628062  0.3823618   2.0556936   0.4177771 ]] 
Episode: 129: [[-0.91604745 -0.26618162  0.38248858  2.0556107   0.41781664]] 
Episode: 130: [[-0.91615164 -0.26612076  0.38265     2.0555718   0.41782728]] 
Episode: 131: [[-0.91621405 -0.26609343  0.38276348  2.055559    0.4178182 ]] 
Episode: 132: [[-0.916285   -0.26606733  0.3828971   2.0555425   0.4178143 ]] 
Episode: 133: [[-0.91636026 -0.26601166  0.3829991   2.0555186   0.41780862]] 
Episode: 134: [[-0.9164207  -0.26598644  0.38311058  2.0555136   0.4177881 ]] 
Episode: 135: [[-0.9164568 -0.265981   0.3832101  2.055508   0.4177709]] 
Episode: 136: [[-0.9165497  -0.2659728   0.38339484  2.0554917   0.41778225]] 
Episode: 137: [[-0.9166781  -0.2658793   0.38353136  2.0553937   0.41790622]] 
Episode: 138: [[-0.916797   -0.2657925   0.38366073  2.055312    0.4180045 ]] 
Episode: 139: [[-0.91692215 -0.2656789   0.38377386  2.055212    0.41811183]] 
Episode: 140: [[-0.91705877 -0.26557267  0.3838982   2.0551357   0.4181985 ]] 
Episode: 141: [[-0.91718525 -0.26547292  0.3840056   2.0550718   0.41827127]] 
Episode: 142: [[-0.91731    -0.26537368  0.3840936   2.0550098   0.418351  ]] 
Episode: 143: [[-0.91743165 -0.26529542  0.38418305  2.0549686   0.4184206 ]] 
Episode: 144: [[-0.9175352  -0.26522946  0.3842638   2.0549247   0.4184919 ]] 
Episode: 145: [[-0.9176271  -0.26516446  0.3843241   2.054869    0.41858038]] 
Episode: 146: [[-0.9177245  -0.26511642  0.3844073   2.0548408   0.41863945]] 
Episode: 147: [[-0.9178187  -0.26507735  0.3845038   2.0548189   0.41868702]] 
Episode: 148: [[-0.9179194  -0.2650454   0.38461164  2.0548172   0.41871282]] 
Episode: 149: [[-0.9180163  -0.26500556  0.3847129   2.054806    0.41874167]] 
Episode: 150: [[-0.91811466 -0.26495954  0.3848232   2.0547776   0.41878384]] 
Episode: 151: [[-0.9182068  -0.26491687  0.3849335   2.054757    0.41880962]] 
Episode: 152: [[-0.9182908  -0.26487625  0.3850347   2.0547397   0.4188284 ]] 
Episode: 153: [[-0.9184058  -0.26480943  0.38516477  2.054724    0.4188301 ]] 
Episode: 154: [[-0.9185239 -0.2647266  0.3852877  2.0546951  0.4188392]] 
Episode: 155: [[-0.9186287  -0.26466215  0.38540623  2.0546708   0.41885072]] 
Episode: 156: [[-0.9187381  -0.26459414  0.38553587  2.0546567   0.4188399 ]] 
Episode: 157: [[-0.9188538  -0.2645359   0.38566226  2.0546663   0.4188159 ]] 
Episode: 158: [[-0.9189779  -0.2644358   0.38576177  2.0546308   0.41883367]] 
Episode: 159: [[-0.9190901  -0.2643213   0.38583815  2.0545642   0.41887975]] 
Episode: 160: [[-0.9191833  -0.26424125  0.38591412  2.0545213   0.41891074]] 
Episode: 161: [[-0.9193068  -0.26414332  0.38600627  2.0544875   0.41893265]] 
Episode: 162: [[-0.91941696 -0.26405564  0.38608658  2.054459    0.41895005]] 
Episode: 163: [[-0.91951627 -0.26401812  0.38619477  2.0544448   0.41897967]] 
Episode: 164: [[-0.91961646 -0.26397553  0.3863      2.0544388   0.41899237]] 
Episode: 165: [[-0.91971505 -0.26393977  0.38639802  2.0544407   0.4190048 ]] 
Episode: 166: [[-0.91980755 -0.26389968  0.38649306  2.0544245   0.41903335]] 
Episode: 167: [[-0.9199354  -0.2638109   0.3866197   2.0543556   0.41910255]] 
Episode: 168: [[-0.9200554 -0.263731   0.3867311  2.0542967  0.4191681]] 
Episode: 169: [[-0.92015594 -0.26366046  0.38683465  2.054237    0.41922796]] 
Episode: 170: [[-0.9202566  -0.26356196  0.38692388  2.0541673   0.41927418]] 
Episode: 171: [[-0.9203684  -0.26344225  0.3869921   2.0540853   0.4193387 ]] 
Episode: 172: [[-0.92047393 -0.263333    0.3870691   2.054012    0.41938975]] 
Episode: 173: [[-0.92056745 -0.2632328   0.38714153  2.053936    0.41944504]] 
Episode: 174: [[-0.9206498  -0.26317057  0.38723582  2.0538752   0.41949898]] 
Episode: 175: [[-0.9207235  -0.26309848  0.38728583  2.0538218   0.4195461 ]] 
Episode: 176: [[-0.92081344 -0.26302463  0.3873544   2.0537739   0.4195909 ]] 
Episode: 177: [[-0.92089623 -0.26294568  0.3874025   2.0537124   0.41965434]] 
Episode: 178: [[-0.9209835  -0.26288062  0.38746822  2.0536714   0.4196989 ]] 
Episode: 179: [[-0.9210138  -0.26285964  0.3875019   2.0536344   0.4197448 ]] 
Episode: 180: [[-0.92103976 -0.26285094  0.38755402  2.053611    0.41976815]] 
Episode: 181: [[-0.9210656  -0.26281944  0.38759947  2.0535662   0.41979808]] 
Episode: 182: [[-0.9210977  -0.2627832   0.38764784  2.053525    0.41982174]] 
Episode: 183: [[-0.92111063 -0.26275945  0.3876901   2.0534787   0.41984957]] 
Episode: 184: [[-0.9211006  -0.26276937  0.3877003   2.0534458   0.4198944 ]] 
Episode: 185: [[-0.9210727  -0.26279274  0.3877119   2.0534105   0.4199371 ]] 
Episode: 186: [[-0.9210651  -0.26281577  0.38772815  2.0533965   0.41996995]] 
Episode: 187: [[-0.9210535  -0.26285377  0.3877527   2.0533853   0.42000818]] 
Episode: 188: [[-0.9210135  -0.26290715  0.38775727  2.0533698   0.4200503 ]] 
Episode: 189: [[-0.9210049  -0.26293772  0.38776818  2.0533593   0.42009044]] 
Episode: 190: [[-0.920959   -0.26295397  0.38770986  2.053309    0.42017055]] 
Episode: 191: [[-0.9209281  -0.26295257  0.38765422  2.053251    0.42025623]] 
Episode: 192: [[-0.92088485 -0.26295763  0.38761222  2.053178    0.4203485 ]] 
Episode: 193: [[-0.9208434  -0.2629721   0.38757536  2.0531242   0.420423  ]] 
Episode: 194: [[-0.92081386 -0.26298693  0.38752422  2.0530899   0.42049316]] 
Episode: 195: [[-0.92082924 -0.26297814  0.38749614  2.0530615   0.42056507]] 
Episode: 196: [[-0.9208416  -0.262988    0.38749728  2.053041    0.42062646]] 
Episode: 197: [[-0.92085433 -0.263       0.3874977   2.0530272   0.42068148]] 
Episode: 198: [[-0.9208343  -0.26302984  0.38748893  2.0529995   0.4207454 ]] 
Episode: 199: [[-0.9208296  -0.26306072  0.38751113  2.0529864   0.42078692]] 
Episode: 200: [[-0.9208283  -0.26307392  0.3875232   2.0529695   0.42082155]] 
Episode: 201: [[-0.9208204  -0.26309237  0.38753086  2.0529506   0.42086074]] 
Episode: 202: [[-0.92084813 -0.26306215  0.3875511   2.0529187   0.42089158]] 
Episode: 203: [[-0.92087924 -0.26303264  0.3875825   2.0529      0.4208997 ]] 
Episode: 204: [[-0.92096657 -0.2629449   0.38764387  2.0528631   0.42090946]] 
Episode: 205: [[-0.9210575  -0.26285693  0.3876986   2.0528295   0.4209233 ]] 
Episode: 206: [[-0.9211385  -0.26277298  0.38774276  2.0527925   0.42094174]] 
Episode: 207: [[-0.92123264 -0.26268458  0.3877989   2.0527413   0.42098573]] 
Episode: 208: [[-0.9213001  -0.2626106   0.38781276  2.0526774   0.42106265]] 
Episode: 209: [[-0.9213248  -0.262592    0.38785523  2.052618    0.42113262]] 
Episode: 210: [[-0.9213658  -0.26253903  0.38786593  2.0525496   0.42121196]] 
Episode: 211: [[-0.9214041  -0.26238713  0.38774586  2.052393    0.42139456]] 
Episode: 212: [[-0.921451   -0.262235    0.38763422  2.0522513   0.4215567 ]] 
Episode: 213: [[-0.92147297 -0.2620863   0.38751686  2.0521052   0.4217007 ]] 
Episode: 214: [[-0.92149043 -0.2619496   0.38740495  2.0519633   0.4218433 ]] 
Episode: 215: [[-0.9215188  -0.26182377  0.387315    2.0518436   0.4219647 ]] 
Episode: 216: [[-0.9215701  -0.26168948  0.3872462   2.0517418   0.42206022]] 
Episode: 217: [[-0.92161286 -0.26157504  0.3871903   2.0516543   0.4221402 ]] 
Episode: 218: [[-0.92167467 -0.26142493  0.38714042  2.0515618   0.42219585]] 
Episode: 219: [[-0.9217353  -0.26128107  0.3871001   2.0514817   0.4222318 ]] 
Episode: 220: [[-0.9217888  -0.26117367  0.38708743  2.0514314   0.42224383]] 
Episode: 221: [[-0.9218457  -0.2610764   0.38708818  2.0513868   0.42225558]] 
Episode: 222: [[-0.9218636  -0.26100048  0.3870875   2.051317    0.42228627]] 
Episode: 223: [[-0.92183113 -0.26099798  0.38709468  2.0513031   0.42226255]] 
Episode: 224: [[-0.92177707 -0.26100764  0.3870788   2.0512836   0.42225212]] 
Episode: 225: [[-0.92168605 -0.26104742  0.38705152  2.051257    0.4222542 ]] 
Episode: 226: [[-0.9216114  -0.26107806  0.3870427   2.0512376   0.42223996]] 
Episode: 227: [[-0.9215267  -0.26111695  0.38701782  2.0512142   0.42224118]] 
Episode: 228: [[-0.92144746 -0.26114392  0.38702455  2.0511825   0.4222233 ]] 
Episode: 229: [[-0.9213754  -0.26117226  0.3870372   2.051157    0.4222025 ]] 
Episode: 230: [[-0.9213254  -0.2611891   0.38706416  2.0511377   0.42217442]] 
Episode: 231: [[-0.92127097 -0.26120612  0.38708377  2.051109    0.42215997]] 
Episode: 232: [[-0.9212261  -0.2612185   0.38709694  2.0510876   0.4221446 ]] 
Episode: 233: [[-0.9211898  -0.26122877  0.38710755  2.051064    0.42214242]] 
Episode: 234: [[-0.9211537  -0.26124132  0.38711408  2.0510437   0.4221413 ]] 
Episode: 235: [[-0.9211116  -0.26126176  0.38711178  2.0510292   0.42214057]] 
Episode: 236: [[-0.9211081  -0.2612657   0.38711825  2.0510352   0.42212933]] 
Episode: 237: [[-0.92109275 -0.2612932   0.38713622  2.0510461   0.42212024]] 
Episode: 238: [[-0.92107606 -0.26132113  0.38715783  2.0510535   0.4221127 ]] 
Episode: 239: [[-0.9210788  -0.26134336  0.38721517  2.0510566   0.42210412]] 
Episode: 240: [[-0.9210809  -0.2613725   0.3872713   2.0510616   0.42210227]] 
Episode: 241: [[-0.92107505 -0.26142037  0.3873262   2.0510814   0.42209503]] 
Episode: 242: [[-0.9210394  -0.26149064  0.38739192  2.0510752   0.42211264]] 
Episode: 243: [[-0.92100453 -0.26155788  0.38745788  2.0510674   0.42212906]] 
Episode: 244: [[-0.9209711  -0.26162964  0.38752678  2.051072    0.42213288]] 
Episode: 245: [[-0.9209446  -0.26169688  0.38760874  2.0510788   0.42212623]] 
Episode: 246: [[-0.92093843 -0.26178753  0.38769096  2.0511208   0.4221261 ]] 
Episode: 247: [[-0.9209386  -0.26186618  0.38778183  2.0511549   0.42212307]] 
Episode: 248: [[-0.92091477 -0.26195872  0.3878601   2.0511923   0.42211187]] 
Episode: 249: [[-0.9209073  -0.26206288  0.38796028  2.051243    0.4221029 ]] 
Episode: 250: [[-0.92089945 -0.26215795  0.38805056  2.0512867   0.42209822]] 
Episode: 251: [[-0.92088985 -0.26224712  0.38811392  2.0513322   0.4220989 ]] 
Episode: 252: [[-0.9208729 -0.2623354  0.3881737  2.0513737  0.4220972]] 
Episode: 253: [[-0.92088145 -0.26240334  0.38826996  2.0514255   0.42205834]] 
Episode: 254: [[-0.9208944  -0.2624578   0.38836664  2.051467    0.42202154]] 
Episode: 255: [[-0.9209425  -0.2624816   0.38843733  2.0515072   0.42200777]] 
Episode: 256: [[-0.9209988  -0.2624892   0.38851932  2.0515234   0.42201042]] 
Episode: 257: [[-0.9210385  -0.26252115  0.388601    2.0515532   0.42200541]] 
Episode: 258: [[-0.9210708  -0.26256278  0.38868353  2.051579    0.4220102 ]] 
Episode: 259: [[-0.92110395 -0.2625854   0.38874495  2.0515912   0.4220245 ]] 
Episode: 260: [[-0.92119616 -0.2625366   0.38881692  2.0515556   0.4220807 ]] 
Episode: 261: [[-0.9212605  -0.2625105   0.38887784  2.051511    0.42215416]] 
Episode: 262: [[-0.9213146  -0.26250163  0.38892978  2.051493    0.42220452]] 
Episode: 263: [[-0.9213813  -0.26247436  0.38898832  2.05147     0.42224807]] 
Episode: 264: [[-0.92144066 -0.26245546  0.38903382  2.0514557   0.42228964]] 
Episode: 265: [[-0.92148805 -0.26244417  0.3890748   2.0514429   0.42232743]] 
Episode: 266: [[-0.9215269  -0.26244533  0.3891239   2.0514376   0.4223545 ]] 
Episode: 267: [[-0.9215826  -0.26243058  0.38917437  2.0514383   0.4223707 ]] 
Episode: 268: [[-0.9216367  -0.26243243  0.3892423   2.051453    0.422375  ]] 
Episode: 269: [[-0.92171574 -0.262383    0.3893074   2.0514328   0.42239407]] 
Episode: 270: [[-0.921796   -0.26233718  0.3893632   2.0514278   0.4224029 ]] 
Episode: 271: [[-0.92187744 -0.26229438  0.38943112  2.0514235   0.42240784]] 
Episode: 272: [[-0.9219448  -0.26226363  0.38948557  2.0514252   0.42241177]] 
Episode: 273: [[-0.92203623 -0.26219055  0.38952938  2.0514057   0.42242655]] 
Episode: 274: [[-0.92211705 -0.262134    0.38957113  2.0514023   0.42242777]] 
Episode: 275: [[-0.9221877  -0.2620892   0.38961697  2.051402    0.4224246 ]] 
Episode: 276: [[-0.9222616  -0.2620531   0.38967618  2.0514019   0.4224291 ]] 
Episode: 277: [[-0.92237914 -0.2619798   0.38978133  2.0513747   0.42244706]] 
Episode: 278: [[-0.9224863  -0.26191548  0.38988847  2.0513504   0.4224583 ]] 
Episode: 279: [[-0.92260015 -0.26184535  0.3899859   2.051334    0.42246485]] 
Episode: 280: [[-0.92270756 -0.26177645  0.39007607  2.051312    0.4224781 ]] 
Episode: 281: [[-0.922802   -0.2617091   0.39014643  2.0512948   0.42248297]] 
Episode: 282: [[-0.92287785 -0.2616536   0.39019853  2.0512774   0.42249355]] 
Episode: 283: [[-0.92296714 -0.2615891   0.39025202  2.0512652   0.42250007]] 
Episode: 284: [[-0.9230354  -0.2615266   0.39028293  2.0512564   0.42249182]] 
Episode: 285: [[-0.9231781  -0.26141825  0.39036778  2.0512285   0.42250928]] 
Episode: 286: [[-0.9233033  -0.26131776  0.39043665  2.051204    0.42252094]] 
Episode: 287: [[-0.9234141  -0.26122043  0.39049202  2.0511782   0.42252895]] 
Episode: 288: [[-0.92352265 -0.26115215  0.39058262  2.051185    0.42250115]] 
Episode: 289: [[-0.9236215  -0.26109648  0.39067158  2.0512004   0.42246646]] 
Episode: 290: [[-0.92371815 -0.26103756  0.39074492  2.0512092   0.42244557]] 
Episode: 291: [[-0.923815   -0.26100132  0.39081353  2.0512354   0.4224347 ]] 
Episode: 292: [[-0.92390597 -0.2609787   0.3908934   2.0512774   0.42240342]] 
Episode: 293: [[-0.923988   -0.26095846  0.3909665   2.0513165   0.42237276]] 
Episode: 294: [[-0.92407894 -0.2609216   0.39106432  2.0513053   0.4223897 ]] 
Episode: 295: [[-0.9241798  -0.26088545  0.39117727  2.051274    0.42244095]] 
Episode: 296: [[-0.92426676 -0.26085818  0.39128256  2.051247    0.42248562]] 
Episode: 297: [[-0.9243516  -0.26083538  0.39138943  2.0512342   0.4225104 ]] 
Episode: 298: [[-0.924447   -0.26080418  0.39151067  2.0512285   0.42251623]] 
Episode: 299: [[-0.9245329  -0.26076984  0.3916214   2.0512097   0.42253217]] 
Episode: 300: [[-0.9246349  -0.2606689   0.39173314  2.0511081   0.42259997]] 
Episode: 301: [[-0.9247157  -0.26056033  0.3918015   2.0509963   0.42267486]] 
Episode: 302: [[-0.924814   -0.2604568   0.391887    2.0508988   0.42274612]] 
Episode: 303: [[-0.9249087  -0.26034722  0.39197293  2.050792    0.42281806]] 
Episode: 304: [[-0.92497987 -0.26028842  0.39205858  2.0507157   0.42288518]] 
Episode: 305: [[-0.9250538  -0.26022887  0.39215013  2.050649    0.42293596]] 
Episode: 306: [[-0.925126   -0.26019147  0.3922743   2.050586    0.4229875 ]] 
Episode: 307: [[-0.9251855  -0.26016486  0.39238515  2.050528    0.42303967]] 
Episode: 308: [[-0.92524606 -0.26011223  0.39247578  2.0504532   0.42309555]] 
Episode: 309: [[-0.9253197  -0.2600509   0.39256424  2.0503922   0.42313635]] 
Episode: 310: [[-0.92545134 -0.25995553  0.39270097  2.050324    0.4231824 ]] 
Episode: 311: [[-0.9256009  -0.25983015  0.39282265  2.0502546   0.42322087]] 
Episode: 312: [[-0.9257378  -0.25971296  0.3929169   2.0501938   0.4232604 ]] 
Episode: 313: [[-0.92586315 -0.25960517  0.39299592  2.050131    0.42331207]] 
Episode: 314: [[-0.92598826 -0.25948596  0.39310312  2.0500534   0.42334947]] 
Episode: 315: [[-0.92617553 -0.25927797  0.39319786  2.0499094   0.4234495 ]] 
Episode: 316: [[-0.92634666 -0.2591004   0.3932867   2.0497987   0.4235253 ]] 
Episode: 317: [[-0.9265065  -0.2589459   0.39336777  2.0497062   0.42359766]] 
Episode: 318: [[-0.9266429  -0.25879833  0.39344785  2.0496109   0.42365357]] 
Episode: 319: [[-0.92676663 -0.25866407  0.3935206   2.049526    0.4237013 ]] 
Episode: 320: [[-0.92687994 -0.25855047  0.39359486  2.049457    0.4237397 ]] 
Episode: 321: [[-0.92698675 -0.25844777  0.39366114  2.0494113   0.4237554 ]] 
Episode: 322: [[-0.9270494  -0.25838923  0.3937053   2.0493793   0.42377138]] 
Episode: 323: [[-0.9271312  -0.2583263   0.39375806  2.0493572   0.42378548]] 
Episode: 324: [[-0.9272298  -0.2582535   0.3938168   2.0493376   0.42379954]] 
Episode: 325: [[-0.9274028  -0.25810036  0.39389354  2.049309    0.42379528]] 
Episode: 326: [[-0.9275676  -0.2579286   0.39395115  2.049207    0.42387956]] 
Episode: 327: [[-0.9276967  -0.25780275  0.394004    2.0491304   0.42394784]] 
Episode: 328: [[-0.927817   -0.2576897   0.394059    2.0490682   0.42399967]] 
Episode: 329: [[-0.9279499  -0.25758126  0.39416558  2.0490096   0.4240338 ]] 
Episode: 330: [[-0.9280874  -0.25748146  0.3942794   2.0489671   0.4240568 ]] 
Episode: 331: [[-0.92821366 -0.25738752  0.3943906   2.0489185   0.42408493]] 
Episode: 332: [[-0.9283377  -0.25729868  0.39448777  2.048883    0.42410728]] 
Episode: 333: [[-0.9283952  -0.25728557  0.39457616  2.04888     0.42410856]] 
Episode: 334: [[-0.9284637  -0.25728202  0.39467254  2.0489056   0.4240895 ]] 
Episode: 335: [[-0.9285188  -0.25728986  0.39474812  2.048951    0.42405334]] 
Episode: 336: [[-0.9285392  -0.2573664   0.39490914  2.0489836   0.42403275]] 
Episode: 337: [[-0.9285623  -0.25742745  0.39503983  2.0490112   0.42402145]] 
Episode: 338: [[-0.9286168  -0.25744724  0.39515954  2.0490205   0.42402667]] 
Episode: 339: [[-0.92866546 -0.25745434  0.39526743  2.049004    0.42405307]] 
Episode: 340: [[-0.9287094  -0.25746503  0.39536384  2.0489986   0.42406973]] 
Episode: 341: [[-0.92876416 -0.25748605  0.3954758   2.0490022   0.4240916 ]] 
Episode: 342: [[-0.9288168  -0.25753266  0.39560118  2.04902     0.42411816]] 
Episode: 343: [[-0.9288637  -0.2575753   0.39571205  2.049049    0.42412397]] 
Episode: 344: [[-0.9289067  -0.2576181   0.39580274  2.0490801   0.42413524]] 
Episode: 345: [[-0.9289458  -0.2576593   0.39588407  2.0491168   0.42413703]] 
Episode: 346: [[-0.9289721  -0.25770384  0.39595842  2.0491536   0.4241314 ]] 
Episode: 347: [[-0.9290151  -0.25777447  0.39607245  2.0492225   0.4241097 ]] 
Episode: 348: [[-0.9290803  -0.2578006   0.3961811   2.0492482   0.42412153]] 
Episode: 349: [[-0.92916536 -0.25781703  0.39629185  2.0492895   0.42412   ]] 
Episode: 350: [[-0.92923445 -0.25785318  0.39641458  2.0493488   0.4240899 ]] 
Episode: 351: [[-0.9292974  -0.2578872   0.39653087  2.0494077   0.42405343]] 
Episode: 352: [[-0.9293655  -0.2579188   0.3966649   2.0495      0.42395574]] 
Episode: 353: [[-0.92940986 -0.25796446  0.3968076   2.0495756   0.42386654]] 
Episode: 354: [[-0.9294449  -0.25798222  0.39691186  2.0495956   0.42383605]] 
Episode: 355: [[-0.92952335 -0.25795415  0.3970068   2.049604    0.42381963]] 
Episode: 356: [[-0.9295976  -0.25793457  0.3970936   2.0496185   0.42380655]] 
Episode: 357: [[-0.92969006 -0.2578935   0.39717177  2.0496292   0.42379773]] 
Episode: 358: [[-0.9297725  -0.2578616   0.39724544  2.049645    0.4237847 ]] 
Episode: 359: [[-0.92986923 -0.257815    0.39732733  2.0496528   0.42377508]] 
Episode: 360: [[-0.9299771  -0.25775695  0.3974275   2.0496516   0.42376444]] 
Episode: 361: [[-0.9301036  -0.25767672  0.39754185  2.0495946   0.42382166]] 
Episode: 362: [[-0.9302235  -0.25758982  0.3976427   2.0495236   0.42389122]] 
Episode: 363: [[-0.9303476  -0.25751278  0.39775947  2.0494688   0.42394528]] 
Episode: 364: [[-0.9304366  -0.25747976  0.39785933  2.0494447   0.42398262]] 
Episode: 365: [[-0.9305177  -0.2574517   0.3979482   2.0494275   0.42401403]] 
Episode: 366: [[-0.9307179  -0.25731078  0.39805046  2.049424    0.4240423 ]] 
Episode: 367: [[-0.93091035 -0.2571843   0.39815515  2.0494375   0.42405045]] 
Episode: 368: [[-0.9310875  -0.25704536  0.39820367  2.0494332   0.42408156]] 
Episode: 369: [[-0.9312542  -0.2569536   0.39827123  2.049479    0.42407736]] 
Episode: 370: [[-0.93140346 -0.25687414  0.3983299   2.0495348   0.4240562 ]] 
Episode: 371: [[-0.93152076 -0.25680977  0.39834875  2.0495915   0.42403853]] 
Episode: 372: [[-0.9316267  -0.25676575  0.39836326  2.0496635   0.42401394]] 
Episode: 373: [[-0.9317246  -0.25675553  0.398392    2.0497692   0.42396602]] 
Episode: 374: [[-0.93181324 -0.25674665  0.3984213   2.0498643   0.42392173]] 
Episode: 375: [[-0.9319246  -0.2567354   0.39842495  2.0499678   0.42390913]] 
Episode: 376: [[-0.9320253  -0.25669792  0.3984088   2.0500267   0.42392296]] 
Episode: 377: [[-0.9321128  -0.2566982   0.3983898   2.0501246   0.42391646]] 
Episode: 378: [[-0.9321782  -0.25671422  0.3983728   2.0502293   0.42389077]] 
Episode: 379: [[-0.9322319  -0.2567289   0.39835516  2.0503228   0.42386353]] 
Episode: 380: [[-0.93227905 -0.25676972  0.3983483   2.050438    0.42382538]] 
Episode: 381: [[-0.93233603 -0.25679916  0.39834154  2.0505455   0.4237945 ]] 
Episode: 382: [[-0.93237025 -0.25687727  0.39833006  2.050703    0.42373136]] 
Episode: 383: [[-0.9324073  -0.2569516   0.39832163  2.0508606   0.42366317]] 
Episode: 384: [[-0.9324533  -0.2570155   0.39832962  2.0510132   0.42358682]] 
Episode: 385: [[-0.9324877  -0.25708693  0.39833936  2.0511734   0.42349222]] 
Episode: 386: [[-0.9325523  -0.25713208  0.39836437  2.0513237   0.42340323]] 
Episode: 387: [[-0.9326047  -0.25716004  0.39834514  2.0514247   0.42337823]] 
Episode: 388: [[-0.9326489  -0.25717407  0.39833242  2.0514953   0.42336324]] 
Episode: 389: [[-0.93270916 -0.2571673   0.3983142   2.0515597   0.4233511 ]] 
Episode: 390: [[-0.93281966 -0.2571181   0.39833406  2.05162     0.42332244]] 
Episode: 391: [[-0.9329193  -0.25706983  0.39833662  2.0516884   0.42327935]] 
Episode: 392: [[-0.9330297  -0.25700748  0.3983497   2.0517573   0.4232207 ]] 
Episode: 393: [[-0.93312967 -0.2569325   0.39837185  2.05178     0.42319342]] 
Episode: 394: [[-0.93320876 -0.25687212  0.3983788   2.0518005   0.42317402]] 
Episode: 395: [[-0.93327034 -0.25681603  0.39838654  2.0518055   0.42316052]] 
Episode: 396: [[-0.9333249  -0.25675175  0.39838848  2.0517855   0.42316774]] 
Episode: 397: [[-0.9333434  -0.25670713  0.39840344  2.051762    0.42315146]] 
Episode: 398: [[-0.9333737  -0.25666082  0.39842045  2.051741    0.42314386]] 
Episode: 399: [[-0.9334428  -0.2565871   0.39845496  2.0517175   0.42313856]] 
Episode: 400: [[-0.9335163  -0.25652167  0.39850688  2.0517118   0.42311236]] 
Episode: 401: [[-0.93357736 -0.2564704   0.39855793  2.051714    0.4230792 ]] 
Episode: 402: [[-0.9336384  -0.25641236  0.39857996  2.0517178   0.4230531 ]] 
Episode: 403: [[-0.9336944  -0.2563781   0.39862895  2.0517278   0.42302808]] 
Episode: 404: [[-0.93374455 -0.25635907  0.39867562  2.0517619   0.42298248]] 
Episode: 405: [[-0.93378067 -0.25634995  0.39871055  2.0517838   0.4229601 ]] 
Episode: 406: [[-0.9337621  -0.25636443  0.3986584   2.0517688   0.42301756]] 
Episode: 407: [[-0.933804   -0.25627947  0.39855632  2.051706    0.42311293]] 
Episode: 408: [[-0.93380404 -0.2562112   0.39844164  2.0516312   0.423204  ]] 
Episode: 409: [[-0.93382233 -0.25614858  0.3983704   2.0515366   0.42332932]] 
Episode: 410: [[-0.93386    -0.25604382  0.3983168   2.0513809   0.4234987 ]] 
Episode: 411: [[-0.9339529  -0.2558985   0.398274    2.0512211   0.42367956]] 
Episode: 412: [[-0.93404526 -0.25576875  0.3982451   2.0510838   0.4238394 ]] 
Episode: 413: [[-0.9341335  -0.25561804  0.39819157  2.0509467   0.4239771 ]] 
Episode: 414: [[-0.93421537 -0.25548598  0.39815202  2.050826    0.4240996 ]] 
Episode: 415: [[-0.9342828  -0.25537026  0.39810273  2.0507264   0.42420214]] 
Episode: 416: [[-0.9343434  -0.2552689   0.39805788  2.0506406   0.4242929 ]] 
Episode: 417: [[-0.9344093  -0.25516096  0.39801338  2.0505488   0.42438978]] 
Episode: 418: [[-0.9345025  -0.25500816  0.39795503  2.0504248   0.4245132 ]] 
Episode: 419: [[-0.93460596 -0.25486606  0.39792097  2.0503123   0.4246331 ]] 
Episode: 420: [[-0.9347198  -0.25472292  0.39786178  2.0502307   0.42473528]] 
Episode: 421: [[-0.93483734 -0.2545987   0.39783376  2.050166    0.42482424]] 
Episode: 422: [[-0.93494815 -0.2544831   0.39779967  2.0501258   0.42488307]] 
Episode: 423: [[-0.9350553  -0.25437555  0.3977854   2.0500915   0.4249266 ]] 
Episode: 424: [[-0.9351583  -0.2542436   0.39774713  2.0500298   0.42498544]] 
Episode: 425: [[-0.9352617  -0.25410843  0.39771616  2.049969    0.42503315]] 
Episode: 426: [[-0.9353571  -0.25398248  0.39768898  2.0499065   0.42508408]] 
Episode: 427: [[-0.93544847 -0.25385785  0.39766476  2.0498261   0.4251574 ]] 
Episode: 428: [[-0.93552375 -0.25376865  0.39765394  2.0497763   0.42520684]] 
Episode: 429: [[-0.9356145  -0.2536643   0.39765465  2.0497108   0.42527062]] 
Episode: 430: [[-0.93569326 -0.2535765   0.39765048  2.049658    0.42532673]] 
Episode: 431: [[-0.9357525  -0.25349802  0.3976326   2.0496106   0.425372  ]] 
Episode: 432: [[-0.93579006 -0.25341862  0.3976069   2.0495362   0.42543364]] 
Episode: 433: [[-0.93580097 -0.25336072  0.397579    2.049449    0.4255137 ]] 
Episode: 434: [[-0.93585384 -0.25329483  0.39760244  2.0493927   0.4255552 ]] 
Episode: 435: [[-0.9358988  -0.2532843   0.39765584  2.0493705   0.42559814]] 
Episode: 436: [[-0.9359519  -0.25326818  0.3977149   2.0493598   0.4256218 ]] 
Episode: 437: [[-0.93613183 -0.25318593  0.3978917   2.0493634   0.42561752]] 
Episode: 438: [[-0.93629986 -0.25307485  0.3980039   2.0493245   0.42566234]] 
Episode: 439: [[-0.9364183  -0.25297186  0.39807615  2.0492587   0.42572036]] 
Episode: 440: [[-0.9365226  -0.25286603  0.39813474  2.049176    0.42578998]] 
Episode: 441: [[-0.93666625 -0.25273     0.3981844   2.0491      0.42586392]] 
Episode: 442: [[-0.936786   -0.25261596  0.39823377  2.0490303   0.42592886]] 
Episode: 443: [[-0.93690217 -0.25249514  0.39827266  2.0489655   0.4259775 ]] 
Episode: 444: [[-0.9370109  -0.2523839   0.39830366  2.048921    0.42600438]] 
Episode: 445: [[-0.9371579  -0.25225267  0.39834604  2.0489047   0.4260029 ]] 
Episode: 446: [[-0.9373053  -0.25212908  0.39839146  2.0488968   0.42599815]] 
Episode: 447: [[-0.9374893  -0.25195047  0.39841947  2.0488563   0.42602158]] 
Episode: 448: [[-0.93764734 -0.2517781   0.39844707  2.0487852   0.4260656 ]] 
Episode: 449: [[-0.93778515 -0.25164032  0.39846995  2.048748    0.4260859 ]] 
Episode: 450: [[-0.93790543 -0.25153148  0.3985169   2.0487158   0.4261019 ]] 
Episode: 451: [[-0.93803424 -0.25143823  0.39856768  2.0487194   0.4260964 ]] 
Episode: 452: [[-0.93812495 -0.25136185  0.39860573  2.0487115   0.4260904 ]] 
Episode: 453: [[-0.9382078  -0.25129434  0.39864293  2.048714    0.42607173]] 
Episode: 454: [[-0.93827915 -0.25123724  0.3986717   2.0487213   0.42605138]] 
Episode: 455: [[-0.9383217  -0.25118572  0.39866918  2.0487142   0.4260439 ]] 
Episode: 456: [[-0.9383513  -0.25115263  0.39867634  2.048704    0.42604485]] 
Episode: 457: [[-0.93837744 -0.25112665  0.39868158  2.0486999   0.42604396]] 
Episode: 458: [[-0.9383906  -0.25113752  0.39870405  2.048726    0.42602333]] 
Episode: 459: [[-0.93837875 -0.2511701   0.39873248  2.048761    0.42598358]] 
Episode: 460: [[-0.93838257 -0.2511824   0.39875993  2.0487847   0.42595172]] 
Episode: 461: [[-0.9383926  -0.25120315  0.39879528  2.048831    0.4259014 ]] 
Episode: 462: [[-0.93839276 -0.2512093   0.39881596  2.048845    0.4258748 ]] 
Episode: 463: [[-0.93839854 -0.25119773  0.39881566  2.0488596   0.42584202]] 
Episode: 464: [[-0.93833184 -0.25126928  0.3987853   2.0489242   0.42578143]] 
Episode: 465: [[-0.938254   -0.25135228  0.3987497   2.0489876   0.42572844]] 
Episode: 466: [[-0.9382015  -0.25140408  0.39870268  2.0490463   0.4256777 ]] 
Episode: 467: [[-0.93813986 -0.2514797   0.39865598  2.0491154   0.42563564]] 
Episode: 468: [[-0.9380956  -0.25155395  0.39863217  2.0491896   0.42559206]] 
Episode: 469: [[-0.9379683  -0.25167587  0.3985933   2.049252    0.4255334 ]] 
Episode: 470: [[-0.9378577  -0.25175434  0.3985303   2.049281    0.42549914]] 
Episode: 471: [[-0.9377584  -0.25181773  0.39846095  2.0492945   0.42548564]] 
Episode: 472: [[-0.93766415 -0.25188866  0.39840928  2.04932     0.42545998]] 
Episode: 473: [[-0.9375644  -0.25198203  0.39837998  2.0493543   0.425433  ]] 
Episode: 474: [[-0.9374878  -0.25207198  0.3983827   2.0493844   0.42541772]] 
Episode: 475: [[-0.937434   -0.25213066  0.39838484  2.049371    0.42545375]] 
Episode: 476: [[-0.93737847 -0.25220555  0.3983861   2.049393    0.4254587 ]] 
Episode: 477: [[-0.93732244 -0.25228617  0.39838836  2.0494287   0.4254497 ]] 
Episode: 478: [[-0.9372867  -0.2523375   0.39837784  2.0494509   0.42545363]] 
Episode: 479: [[-0.9372635  -0.252355    0.39834502  2.0494576   0.42546123]] 
Episode: 480: [[-0.9372489  -0.25236577  0.39831755  2.0494657   0.4254643 ]] 
Episode: 481: [[-0.9372352  -0.25237575  0.3983036   2.0494676   0.4254678 ]] 
Episode: 482: [[-0.9372184  -0.25239024  0.39829886  2.0494564   0.42548805]] 
Episode: 483: [[-0.937223   -0.25237295  0.39830774  2.0494149   0.4255257 ]] 
Episode: 484: [[-0.9373218  -0.25225556  0.39829895  2.04934     0.42560232]] 
Episode: 485: [[-0.93741167 -0.25214666  0.39829063  2.0492678   0.42567506]] 
Episode: 486: [[-0.93749505 -0.25203502  0.3982768   2.0491943   0.4257396 ]] 
Episode: 487: [[-0.9376449  -0.2518942   0.39833498  2.0491412   0.42577142]] 
Episode: 488: [[-0.9378479  -0.2517497   0.39849463  2.0491223   0.425749  ]] 
Episode: 489: [[-0.9380265  -0.25162336  0.3986334   2.0491023   0.42573732]] 
Episode: 490: [[-0.93818015 -0.25147358  0.3987565   2.0489924   0.4258033 ]] 
Episode: 491: [[-0.93832755 -0.25132236  0.39887708  2.0488887   0.42585003]] 
Episode: 492: [[-0.93845856 -0.2511898   0.39898834  2.0487995   0.42588687]] 
Episode: 493: [[-0.9385759  -0.2510552   0.39907727  2.0487108   0.42591545]] 
Episode: 494: [[-0.9386842  -0.25093636  0.39915895  2.0486212   0.425963  ]] 
Episode: 495: [[-0.9388049  -0.2508111   0.3992357   2.0485408   0.42600748]] 
Episode: 496: [[-0.9389135  -0.25072646  0.39935297  2.048475    0.42604777]] 
Episode: 497: [[-0.939044   -0.25059858  0.39943653  2.0483916   0.4261013 ]] 
Episode: 498: [[-0.9391491  -0.25049204  0.39950392  2.0483146   0.42615408]] 
Episode: 499: [[-0.9392734  -0.25036433  0.39957213  2.0482323   0.42620817]] 
Episode: 500: [[-0.93939584 -0.25022897  0.39963013  2.0481522   0.426251  ]] 
Episode: 501: [[-0.93951386 -0.2501118   0.39966622  2.0480905   0.42630413]] 
Episode: 502: [[-0.9396183  -0.24999563  0.39970034  2.048013    0.42636517]] 
Episode: 503: [[-0.93975645 -0.24985637  0.39972422  2.0479403   0.4264379 ]] 
Episode: 504: [[-0.9398282  -0.24983247  0.3997946   2.0479286   0.4264718 ]] 
Episode: 505: [[-0.9398675  -0.24983971  0.3998562   2.0479069   0.42653129]] 
Episode: 506: [[-0.9399208  -0.24983656  0.39991373  2.0479014   0.42657197]] 
Episode: 507: [[-0.9399661  -0.24983257  0.39996445  2.0478938   0.42660752]] 
Episode: 508: [[-0.9399815  -0.24985775  0.40003538  2.0478778   0.4266461 ]] 
Episode: 509: [[-0.93999875 -0.24989748  0.4001256   2.0478797   0.42666933]] 
Episode: 510: [[-0.94001335 -0.24993002  0.40021014  2.047867    0.42670345]] 
Episode: 511: [[-0.939999   -0.24998061  0.4002631   2.047858    0.4267422 ]] 
Episode: 512: [[-0.9399789  -0.2500237   0.40029964  2.047839    0.4267877 ]] 
Episode: 513: [[-0.9399822  -0.2500571   0.40033358  2.0478377   0.42682526]] 
Episode: 514: [[-0.9399785  -0.2500891   0.400351    2.0478268   0.42687777]] 
Episode: 515: [[-0.9399768  -0.25011408  0.4003761   2.047806    0.42693144]] 
Episode: 516: [[-0.9399785  -0.25015083  0.40044641  2.0477731   0.42699552]] 
Episode: 517: [[-0.9399894  -0.25019708  0.40052754  2.0477653   0.42704195]] 
Episode: 518: [[-0.94004244 -0.25022435  0.4006356   2.0477803   0.42706364]] 
Episode: 519: [[-0.94006896 -0.25027636  0.40071824  2.0478106   0.42708164]] 
Episode: 520: [[-0.9400812  -0.2503445   0.40079996  2.0478458   0.42709795]] 
Episode: 521: [[-0.94007874 -0.2504194   0.40085623  2.04788     0.42712402]] 
Episode: 522: [[-0.94009995 -0.25050548  0.40093243  2.0479505   0.42713165]] 
Episode: 523: [[-0.9401318  -0.25057063  0.4010352   2.0479662   0.4271872 ]] 
Episode: 524: [[-0.9401557  -0.25064078  0.40113646  2.047988    0.42723107]] 
Episode: 525: [[-0.94019145 -0.25068647  0.40120944  2.0479913   0.42730147]] 
Episode: 526: [[-0.9402241  -0.25072625  0.40127942  2.0479991   0.4273523 ]] 
Episode: 527: [[-0.9402692  -0.2507562   0.40135366  2.047995    0.42742115]] 
Episode: 528: [[-0.9403375  -0.25076196  0.40145883  2.0479896   0.42746398]] 
Episode: 529: [[-0.9404067  -0.25075197  0.40156147  2.047961    0.4275201 ]] 
Episode: 530: [[-0.94046026 -0.2507703   0.40166387  2.0479598   0.4275572 ]] 
Episode: 531: [[-0.94051594 -0.2507476   0.40174884  2.047914    0.4276124 ]] 
Episode: 532: [[-0.9405705  -0.2507023   0.4018304   2.0478313   0.42768937]] 
Episode: 533: [[-0.9406124  -0.25067195  0.4019016   2.0477734   0.42774105]] 
Episode: 534: [[-0.940651   -0.25063786  0.40196043  2.0477152   0.4277909 ]] 
Episode: 535: [[-0.94068056 -0.25062016  0.40202552  2.0476663   0.42783535]] 
Episode: 536: [[-0.94071317 -0.25060257  0.4020837   2.047628    0.42787284]] 
Episode: 537: [[-0.9406935 -0.2506067  0.4021241  2.0475926  0.4278771]] 
Episode: 538: [[-0.9406766  -0.25060874  0.4021561   2.0475612   0.42788208]] 
Episode: 539: [[-0.94065017 -0.25059858  0.40216553  2.0474975   0.42792004]] 
Episode: 540: [[-0.9406174  -0.2505941   0.40216923  2.0474503   0.42793593]] 
Episode: 541: [[-0.9406101  -0.25057912  0.40219635  2.047416    0.4279349 ]] 
Episode: 542: [[-0.9406009  -0.25056925  0.40221772  2.0473893   0.4279315 ]] 
Episode: 543: [[-0.94059545 -0.25055838  0.4022488   2.0473502   0.4279445 ]] 
Episode: 544: [[-0.9405947  -0.25051254  0.40221828  2.047273    0.42801166]] 
Episode: 545: [[-0.9405751  -0.25047433  0.40217042  2.0472088   0.42805567]] 
Episode: 546: [[-0.9405419  -0.25047404  0.40212238  2.047195    0.42806298]] 
Episode: 547: [[-0.9404886  -0.25046292  0.40204236  2.0471556   0.42808625]] 
Episode: 548: [[-0.94039273 -0.2505235   0.40202445  2.047106    0.428137  ]] 
Episode: 549: [[-0.9403038  -0.25057843  0.40199962  2.0470614   0.42818543]] 
Episode: 550: [[-0.9402343  -0.2506247   0.40199673  2.04701     0.428243  ]] 
Episode: 551: [[-0.9401818  -0.2506536   0.40199083  2.0469656   0.4282879 ]] 
Episode: 552: [[-0.94018006 -0.2506454   0.40197617  2.0469148   0.42836237]] 
Episode: 553: [[-0.94024646 -0.25054488  0.40194967  2.0467906   0.42850792]] 
Episode: 554: [[-0.94031    -0.25047165  0.40193573  2.0467105   0.428616  ]] 
Episode: 555: [[-0.9403327  -0.25045863  0.4019427   2.046636    0.42873985]] 
Episode: 556: [[-0.94035655 -0.25043643  0.40195036  2.046567    0.42884117]] 
Episode: 557: [[-0.94039124 -0.25040472  0.40194756  2.0465152   0.42892283]] 
Episode: 558: [[-0.94043577 -0.25035265  0.40195295  2.0464602   0.42898452]] 
Episode: 559: [[-0.9404888  -0.25029907  0.40196243  2.0464163   0.42903548]] 
Episode: 560: [[-0.940531   -0.25030345  0.402011    2.0464242   0.42905763]] 
Episode: 561: [[-0.94053394 -0.25032884  0.4020254   2.046433    0.42908013]] 
Episode: 562: [[-0.9405296  -0.2503724   0.40204942  2.0464528   0.42909813]] 
Episode: 563: [[-0.94052625 -0.25043023  0.402091    2.046483    0.42911226]] 
Episode: 564: [[-0.9404595  -0.25052294  0.40210345  2.0464964   0.42913917]] 
Episode: 565: [[-0.9404025  -0.25060606  0.4021201   2.0465221   0.42914146]] 
Episode: 566: [[-0.94037837 -0.2506751   0.4021506   2.046573    0.4291193 ]] 
Episode: 567: [[-0.94034976 -0.250763    0.40217912  2.046643    0.4290932 ]] 
Episode: 568: [[-0.94031245 -0.25082153  0.40217108  2.0466857   0.4290747 ]] 
Episode: 569: [[-0.94032294 -0.25080988  0.40213484  2.0466979   0.42907754]] 
Episode: 570: [[-0.9403998  -0.25073117  0.40212858  2.0466654   0.4291147 ]] 
Episode: 571: [[-0.94049126 -0.25056738  0.40206614  2.0465515   0.42919728]] 
Episode: 572: [[-0.94056517 -0.2504461   0.40201753  2.0464795   0.42924955]] 
Episode: 573: [[-0.94063705 -0.25033462  0.40197653  2.046417    0.42929476]] 
Episode: 574: [[-0.9406788  -0.25027463  0.40195167  2.0463896   0.4293159 ]] 
Episode: 575: [[-0.9406928  -0.25028074  0.40195316  2.0464172   0.42930177]] 
Episode: 576: [[-0.9407055  -0.25028953  0.40195048  2.046446    0.4292915 ]] 
Episode: 577: [[-0.94071376 -0.25029793  0.40192735  2.0464823   0.4292771 ]] 
Episode: 578: [[-0.9407311  -0.25030634  0.4019082   2.0465217   0.42926842]] 
Episode: 579: [[-0.9407089  -0.25035065  0.4018875   2.0465362   0.42930338]] 
Episode: 580: [[-0.94067544 -0.25041005  0.40186697  2.0465677   0.42932034]] 
Episode: 581: [[-0.940644   -0.25050282  0.4018802   2.0466661   0.42926612]] 
Episode: 582: [[-0.9406533  -0.25057566  0.40191436  2.0467503   0.42924553]] 
Episode: 583: [[-0.9406675  -0.2506444   0.40193486  2.0468407   0.42922524]] 
Episode: 584: [[-0.94069    -0.25070703  0.4019693   2.0468972   0.42925066]] 
Episode: 585: [[-0.9406906  -0.25079724  0.40202057  2.0469565   0.42927453]] 
Episode: 586: [[-0.94067967 -0.25090504  0.40208602  2.0470269   0.42928377]] 
Episode: 587: [[-0.9406724  -0.25100482  0.40216476  2.0470803   0.4293022 ]] 
Episode: 588: [[-0.94067955 -0.25106832  0.40223727  2.047102    0.4293348 ]] 
Episode: 589: [[-0.9406764  -0.25112575  0.40229973  2.04711     0.42937055]] 
Episode: 590: [[-0.9406601  -0.2511984   0.40236595  2.0471296   0.42939228]] 
Episode: 591: [[-0.94063884 -0.25127912  0.40242437  2.0471501   0.42942446]] 
Episode: 592: [[-0.9406083  -0.25136462  0.40247175  2.0471563   0.4294821 ]] 
Episode: 593: [[-0.9405745  -0.25143903  0.40249184  2.0471435   0.4295656 ]] 
Episode: 594: [[-0.9405567  -0.25149956  0.4025018   2.0471423   0.42963743]] 
Episode: 595: [[-0.94055873 -0.25150338  0.4025026   2.047087    0.42973468]] 
Episode: 596: [[-0.940564   -0.25150162  0.4025051   2.0470362   0.42981866]] 
Episode: 597: [[-0.9405581  -0.25150955  0.402513    2.0469868   0.42989662]] 
Episode: 598: [[-0.9405249 -0.251497   0.402497   2.0468538  0.4300506]] 
Episode: 599: [[-0.9404888  -0.25148994  0.40247846  2.046734    0.43019012]] 
Episode: 600: [[-0.9404483  -0.25150132  0.40246543  2.0466378   0.4303132 ]] 
Episode: 601: [[-0.94043684 -0.25147498  0.4024496   2.0465374   0.43042323]] 
Episode: 602: [[-0.94045836 -0.25143415  0.40244284  2.0464332   0.4305565 ]] 
Episode: 603: [[-0.94046926 -0.25140122  0.40241745  2.0463402   0.43068296]] 
Episode: 604: [[-0.94048965 -0.25137737  0.4024052   2.0462582   0.43081182]] 
Episode: 605: [[-0.9405083  -0.25136906  0.40241557  2.0461798   0.43094283]] 
Episode: 606: [[-0.94051427 -0.25138983  0.402467    2.0461135   0.4310559 ]] 
Episode: 607: [[-0.9405181  -0.25141424  0.40252084  2.046051    0.4311644 ]] 
Episode: 608: [[-0.9404695  -0.25149605  0.4025403   2.0459979   0.43130356]] 
Episode: 609: [[-0.9404095  -0.25157988  0.40255216  2.0459218   0.43147108]] 
Episode: 610: [[-0.9403518  -0.25167325  0.40256092  2.0458715   0.43161944]] 
Episode: 611: [[-0.94030434 -0.25174582  0.40256375  2.04581     0.43176952]] 
Episode: 612: [[-0.94024354 -0.25182894  0.4025587   2.0457582   0.43190792]] 
Episode: 613: [[-0.94018096 -0.25192297  0.4025559   2.0457308   0.4320224 ]] 
Episode: 614: [[-0.940137   -0.25200364  0.40258083  2.0457034   0.43212172]] 
Episode: 615: [[-0.94016796 -0.25201827  0.40261537  2.0456784   0.4322076 ]] 
Episode: 616: [[-0.9401954  -0.25203654  0.40264398  2.045666    0.43227872]] 
Episode: 617: [[-0.9402266  -0.2520506   0.40266913  2.0456493   0.43235752]] 
Episode: 618: [[-0.94025755 -0.2520527   0.40268722  2.045631    0.43242294]] 
Episode: 619: [[-0.9404113  -0.25193337  0.40263653  2.0455058   0.43257096]] 
Episode: 620: [[-0.940547   -0.2518314   0.40258783  2.045408    0.43268782]] 
Episode: 621: [[-0.94067335 -0.25171417  0.4025465   2.0452833   0.4328121 ]] 
Episode: 622: [[-0.9408129  -0.25159353  0.40254107  2.0451667   0.43292102]] 
Episode: 623: [[-0.9409363  -0.2514839   0.40256453  2.0450277   0.4330483 ]] 
Episode: 624: [[-0.9410278  -0.25141153  0.40261567  2.044893    0.43317336]] 
Episode: 625: [[-0.9410855  -0.25137344  0.40267438  2.0447588   0.4333078 ]] 
Episode: 626: [[-0.9411248  -0.25134593  0.4027112   2.0446486   0.43341577]] 
Episode: 627: [[-0.9411594  -0.2513436   0.40277293  2.044562    0.43350998]] 
Episode: 628: [[-0.9411743  -0.2513301   0.40281513  2.044455    0.43360734]] 
Episode: 629: [[-0.941182   -0.2513276   0.40285578  2.0443604   0.4336985 ]] 
Episode: 630: [[-0.9412113  -0.25128314  0.40287468  2.0442383   0.4338125 ]] 
Episode: 631: [[-0.9412453  -0.25119418  0.40299338  2.0440261   0.4339367 ]] 
Episode: 632: [[-0.94127023 -0.25112283  0.4031119   2.0438426   0.43403468]] 
Episode: 633: [[-0.94126445 -0.25108728  0.4032054   2.043699    0.4341051 ]] 
Episode: 634: [[-0.94125926 -0.25105733  0.403316    2.0435622   0.43416515]] 
Episode: 635: [[-0.9412807  -0.2509958   0.40341645  2.0434113   0.43424276]] 
Episode: 636: [[-0.9412971  -0.2509516   0.40350765  2.0432944   0.4342959 ]] 
Episode: 637: [[-0.94137484 -0.25083292  0.40359005  2.0431426   0.43437552]] 
Episode: 638: [[-0.94147635 -0.2507033   0.40365526  2.0430126   0.4344501 ]] 
Episode: 639: [[-0.9415691  -0.25058368  0.40370733  2.0428874   0.43453193]] 
Episode: 640: [[-0.94164234 -0.25046223  0.4037237   2.0427442   0.4346383 ]] 
Episode: 641: [[-0.94170624 -0.2503594   0.4037515   2.0426154   0.43473223]] 
Episode: 642: [[-0.9417294  -0.25030336  0.40377703  2.0424984   0.43483096]] 
Episode: 643: [[-0.9417589  -0.25025082  0.40379867  2.0424123   0.43489847]] 
Episode: 644: [[-0.9417929  -0.25020063  0.40381184  2.042348    0.43494868]] 
Episode: 645: [[-0.9418314  -0.25014833  0.40382615  2.042289    0.43499297]] 
Episode: 646: [[-0.9418366  -0.25016022  0.40386158  2.0422862   0.4349944 ]] 
Episode: 647: [[-0.94182074 -0.25019005  0.40387216  2.0423098   0.43497124]] 
Episode: 648: [[-0.94181895 -0.25021303  0.40389043  2.0423267   0.43496293]] 
Episode: 649: [[-0.941797   -0.2502448   0.40390328  2.042344    0.43494353]] 
Episode: 650: [[-0.94177693 -0.2502821   0.40392286  2.0423758   0.43490896]] 
Episode: 651: [[-0.9417534  -0.25029668  0.40391973  2.0423765   0.43489653]] 
Episode: 652: [[-0.94172233 -0.25032622  0.40391904  2.0423934   0.4348713 ]] 
Episode: 653: [[-0.9417558  -0.25029698  0.40394637  2.0423856   0.4348602 ]] 
Episode: 654: [[-0.94178957 -0.25026375  0.40395477  2.0423725   0.4348648 ]] 
Episode: 655: [[-0.9418067  -0.2502403   0.40392518  2.0423684   0.4348744 ]] 
Episode: 656: [[-0.94187057 -0.25016773  0.40389028  2.0423439   0.4349049 ]] 
Episode: 657: [[-0.9419142  -0.25012395  0.40384206  2.042328    0.43495154]] 
Episode: 658: [[-0.9419569  -0.25007707  0.40380222  2.0423052   0.43499622]] 
Episode: 659: [[-0.94197667 -0.25007644  0.40376854  2.0423324   0.43500283]] 
Episode: 660: [[-0.9419786  -0.2500747   0.40371388  2.042352    0.43500835]] 
Episode: 661: [[-0.94198364 -0.2500721   0.40368688  2.0423362   0.4350547 ]] 
Episode: 662: [[-0.9420012  -0.25007355  0.4036725   2.042351    0.4350685 ]] 
Episode: 663: [[-0.9420245  -0.25005007  0.40363964  2.0423343   0.43511134]] 
Episode: 664: [[-0.94205964 -0.2500078   0.40358472  2.0423086   0.4351695 ]] 
Episode: 665: [[-0.94207966 -0.24997549  0.40351993  2.0422752   0.4352423 ]] 
Episode: 666: [[-0.9420819  -0.24992189  0.40340966  2.042206    0.43534222]] 
Episode: 667: [[-0.9420835  -0.24989258  0.40332836  2.0421655   0.43541652]] 
Episode: 668: [[-0.9420647  -0.24989451  0.4032772   2.0421305   0.43548498]] 
Episode: 669: [[-0.94201964 -0.24991812  0.40322432  2.0420785   0.43558118]] 
Episode: 670: [[-0.94198    -0.2499426   0.40319046  2.0420313   0.4356653 ]] 
Episode: 671: [[-0.9419463  -0.2499693   0.40316442  2.0419946   0.43573993]] 
Episode: 672: [[-0.9419079  -0.25000238  0.40314358  2.0419612   0.4358096 ]] 
Episode: 673: [[-0.94187605 -0.25005203  0.40316987  2.0419357   0.4358717 ]] 
Episode: 674: [[-0.9418929  -0.25007662  0.40327543  2.0418918   0.435935  ]] 
Episode: 675: [[-0.94191575 -0.25009146  0.4033917   2.0418403   0.4359948 ]] 
Episode: 676: [[-0.9419414  -0.25014502  0.40352124  2.041854    0.436011  ]] 
Episode: 677: [[-0.9419594  -0.25018638  0.4036196   2.0418584   0.43603176]] 
Episode: 678: [[-0.9419564  -0.25022438  0.40367487  2.041846    0.4360739 ]] 
Episode: 679: [[-0.9419472  -0.25024924  0.40369394  2.041825    0.436124  ]] 
Episode: 680: [[-0.9419046  -0.25030074  0.40367034  2.0418155   0.43618318]] 
Episode: 681: [[-0.9418576  -0.25036213  0.40366295  2.0418024   0.43624735]] 
Episode: 682: [[-0.94184303 -0.25039825  0.40366703  2.0417955   0.43629718]] 
Episode: 683: [[-0.94183487 -0.25042182  0.40365633  2.0417836   0.43635333]] 
Episode: 684: [[-0.94185805 -0.25043115  0.40365922  2.0417805   0.43640715]] 
Episode: 685: [[-0.9418958  -0.25039783  0.40363225  2.0417452   0.43648192]] 
Episode: 686: [[-0.9419334  -0.25035957  0.40359297  2.0417109   0.43655506]] 
Episode: 687: [[-0.9419494  -0.2503525   0.40356982  2.0416932   0.43661198]] 
Episode: 688: [[-0.94195944 -0.25034776  0.40352958  2.0416791   0.43667042]] 
Episode: 689: [[-0.9419608  -0.2503488   0.40348572  2.0416582   0.43674022]] 
Episode: 690: [[-0.9419834  -0.25026593  0.4034015   2.041548    0.43686852]] 
Episode: 691: [[-0.94200295 -0.25019598  0.403333    2.0414548   0.4369761 ]] 
Episode: 692: [[-0.94203824 -0.25010842  0.4032696   2.0413425   0.43710366]] 
Episode: 693: [[-0.94207263 -0.25002354  0.40320835  2.0412395   0.4372178 ]] 
Episode: 694: [[-0.94208676 -0.2499348   0.40311307  2.0411253   0.43733808]] 
Episode: 695: [[-0.9421082  -0.24982439  0.40296885  2.0409877   0.4375044 ]] 
Episode: 696: [[-0.94214374 -0.24969447  0.40281552  2.0408452   0.43767205]] 
Episode: 697: [[-0.9421714  -0.24958706  0.40267727  2.0407252   0.43781954]] 
Episode: 698: [[-0.94218284 -0.24949335  0.4025693   2.0406249   0.4379135 ]] 
Episode: 699: [[-0.9422044  -0.24940687  0.40247798  2.0405521   0.4379777 ]] 
Episode: 700: [[-0.94222564 -0.2493036   0.40237367  2.0404482   0.43807253]] 
Episode: 701: [[-0.9422376  -0.24920854  0.40227136  2.040339    0.4381754 ]] 
Episode: 702: [[-0.94224465 -0.24912998  0.4021792   2.0402348   0.43828425]] 
Episode: 703: [[-0.9422435  -0.24906655  0.4020885   2.0401533   0.43836984]] 
Episode: 704: [[-0.9422419  -0.24901028  0.4020067   2.0400825   0.43844318]] 
Episode: 705: [[-0.94221646 -0.24898575  0.40192991  2.0400255   0.43851084]] 
Episode: 706: [[-0.94219494 -0.24897274  0.40186656  2.0399804   0.43857527]] 
Episode: 707: [[-0.94218    -0.24895284  0.4017954   2.0399303   0.43865117]] 
Episode: 708: [[-0.94218165 -0.2489148   0.4017427   2.0398796   0.43870774]] 
Episode: 709: [[-0.94220346 -0.24887109  0.4016921   2.0398417   0.43876147]] 
Episode: 710: [[-0.94220316 -0.24883094  0.40163484  2.0397737   0.4388427 ]] 
Episode: 711: [[-0.94222206 -0.24878418  0.40158725  2.0397189   0.43891197]] 
Episode: 712: [[-0.9422389  -0.24873592  0.40154076  2.0396495   0.4389986 ]] 
Episode: 713: [[-0.94229895 -0.24865639  0.40154797  2.0395536   0.43909892]] 
Episode: 714: [[-0.9424172  -0.24849325  0.4015172   2.0394013   0.4392564 ]] 
Episode: 715: [[-0.9425507  -0.24830256  0.4014718   2.0392466   0.43940172]] 
Episode: 716: [[-0.94266206 -0.2481075   0.40136987  2.0390668   0.43958798]] 
Episode: 717: [[-0.942779   -0.24793263  0.4013078   2.0389202   0.43973562]] 
Episode: 718: [[-0.9429017  -0.24775864  0.40125337  2.0387821   0.43987364]] 
Episode: 719: [[-0.9430177  -0.24760558  0.4012074   2.0386727   0.43998632]] 
Episode: 720: [[-0.9431365  -0.24744426  0.40114465  2.0385678   0.44009295]] 
Episode: 721: [[-0.9432416  -0.24731238  0.40107003  2.038493    0.4401909 ]] 
Episode: 722: [[-0.9433412  -0.24718028  0.40101105  2.0383885   0.44031745]] 
Episode: 723: [[-0.94342405 -0.24706462  0.4009712   2.0382912   0.44042262]] 
Episode: 724: [[-0.9435037  -0.24693686  0.40090516  2.0381827   0.44053882]] 
Episode: 725: [[-0.94358766 -0.24679978  0.40083015  2.0380728   0.44065407]] 
Episode: 726: [[-0.9436712  -0.24666955  0.40075964  2.0379672   0.44077048]] 
Episode: 727: [[-0.9437601  -0.24654377  0.4007001   2.0378804   0.440864  ]] 
Episode: 728: [[-0.94379807 -0.24647078  0.40065834  2.0378027   0.44094786]] 
Episode: 729: [[-0.9438578  -0.24638136  0.4006356   2.0377471   0.44098493]] 
Episode: 730: [[-0.94391227 -0.24630578  0.40061948  2.0377095   0.4410046 ]] 
Episode: 731: [[-0.94397134 -0.24625376  0.40063456  2.037707    0.44099265]] 
Episode: 732: [[-0.94399565 -0.2462244   0.4006442   2.0377033   0.44097582]] 
Episode: 733: [[-0.9440164  -0.24621472  0.40066752  2.0376878   0.4409978 ]] 
Episode: 734: [[-0.94403267 -0.24620216  0.40069294  2.0376647   0.4410189 ]] 
Episode: 735: [[-0.94404    -0.24618462  0.40069243  2.0376394   0.44104016]] 
Episode: 736: [[-0.94405067 -0.24615966  0.40067333  2.0376098   0.44107366]] 
Episode: 737: [[-0.9439894  -0.24622457  0.40064523  2.0376348   0.4410777 ]] 
Episode: 738: [[-0.94397265 -0.24625173  0.4006279   2.0376554   0.44107994]] 
Episode: 739: [[-0.94395167 -0.24632111  0.40065864  2.0377119   0.44105786]] 
Episode: 740: [[-0.94390976 -0.24641114  0.40068308  2.0377598   0.4410602 ]] 
Episode: 741: [[-0.94386744 -0.24649835  0.40070522  2.0378106   0.44105393]] 
Episode: 742: [[-0.94380003 -0.24659126  0.40070212  2.037857    0.4410457 ]] 
Episode: 743: [[-0.94372416 -0.24668722  0.40068853  2.0379066   0.44103318]] 
Episode: 744: [[-0.9436538  -0.24678107  0.4006748   2.0379574   0.44102293]] 
Episode: 745: [[-0.9436022  -0.24686255  0.4006795   2.0380116   0.44099975]] 
Episode: 746: [[-0.9434914  -0.2469641   0.4006579   2.0380366   0.44099042]] 
Episode: 747: [[-0.94339967 -0.24704473  0.40063816  2.0380428   0.44100165]] 
Episode: 748: [[-0.94330895 -0.24712372  0.40064606  2.0380485   0.44099256]] 
Episode: 749: [[-0.9432103  -0.24721557  0.40062556  2.0380723   0.44098532]] 
Episode: 750: [[-0.94314736 -0.24726196  0.4006197   2.0380504   0.44101432]] 
Episode: 751: [[-0.9431158  -0.24726722  0.40062782  2.037969    0.4411036 ]] 
Episode: 752: [[-0.9430785  -0.24730267  0.40066108  2.0379183   0.44117057]] 
Episode: 753: [[-0.94303995 -0.24734579  0.40065944  2.0378911   0.44123578]] 
Episode: 754: [[-0.9430363  -0.2473691   0.40065983  2.037882    0.4412864 ]] 
Episode: 755: [[-0.9430724  -0.2473765   0.4006785   2.0378985   0.44131255]] 
Episode: 756: [[-0.9430957  -0.24738683  0.40069985  2.0379205   0.44131407]] 
Episode: 757: [[-0.94311434 -0.24741276  0.40072536  2.0379593   0.44130605]] 
Episode: 758: [[-0.9431416  -0.24743144  0.4007446   2.0380173   0.44127128]] 
Episode: 759: [[-0.9431799  -0.24744913  0.40077838  2.0380816   0.4412301 ]] 
Episode: 760: [[-0.94322926 -0.2474625   0.40082756  2.0381513   0.44117802]] 
Episode: 761: [[-0.94329333 -0.24743779  0.4008544   2.0382113   0.44111156]] 
Episode: 762: [[-0.9433636  -0.24743077  0.40089232  2.0383146   0.4410071 ]] 
Episode: 763: [[-0.9434199  -0.24743351  0.40093789  2.0384104   0.44090593]] 
Episode: 764: [[-0.943451   -0.24744421  0.40097663  2.038466    0.44085252]] 
Episode: 765: [[-0.94350135 -0.24743716  0.40099445  2.0385237   0.4408074 ]] 
Episode: 766: [[-0.9434715  -0.24747278  0.4009779   2.0385516   0.44079274]] 
Episode: 767: [[-0.9434803  -0.24748462  0.4009903   2.0385687   0.44078976]] 
Episode: 768: [[-0.943493   -0.24750356  0.40103412  2.0385802   0.440792  ]] 
Episode: 769: [[-0.9435015  -0.24753614  0.40107942  2.0386221   0.4407614 ]] 
Episode: 770: [[-0.94345176 -0.24767739  0.4011657   2.0387294   0.44070327]] 
Episode: 771: [[-0.9433989  -0.24780948  0.40122485  2.0388405   0.44063693]] 
Episode: 772: [[-0.94332236 -0.24794444  0.40126118  2.0389447   0.44056833]] 
Episode: 773: [[-0.9432554  -0.24806906  0.4013043   2.0390365   0.440511  ]] 
Episode: 774: [[-0.9432206  -0.2481678   0.40136024  2.0391223   0.44045568]] 
Episode: 775: [[-0.9431778  -0.24824129  0.40138552  2.039181    0.44040942]] 
Episode: 776: [[-0.9431425  -0.24829918  0.4014152   2.0392234   0.44036964]] 
Episode: 777: [[-0.9430918  -0.24837168  0.401448    2.0392675   0.4403287 ]] 
Episode: 778: [[-0.9430901  -0.24839683  0.40147275  2.03931     0.4402841 ]] 
Episode: 779: [[-0.94308585 -0.24843393  0.4015055   2.0393715   0.44022027]] 
Episode: 780: [[-0.94310296 -0.24844526  0.4015438   2.0394118   0.44017255]] 
Episode: 781: [[-0.94311416 -0.24847312  0.40158263  2.039465    0.44012448]] 
Episode: 782: [[-0.9431364  -0.24849494  0.40163967  2.0395193   0.44006708]] 
Episode: 783: [[-0.9431601  -0.2485007   0.40166053  2.0395608   0.44002977]] 
Episode: 784: [[-0.94315815 -0.24851544  0.40165335  2.039586    0.4400169 ]] 
Episode: 785: [[-0.943132   -0.24852577  0.40161568  2.0395918   0.44001415]] 
Episode: 786: [[-0.94311684 -0.24851775  0.40158066  2.0395877   0.4400088 ]] 
Episode: 787: [[-0.9431024  -0.2485184   0.40155968  2.0395944   0.4399924 ]] 
Episode: 788: [[-0.943115   -0.24850972  0.4015864   2.039618    0.4399377 ]] 
Episode: 789: [[-0.94314206 -0.24849394  0.4016125   2.0396392   0.4398963 ]] 
Episode: 790: [[-0.9431787  -0.24847591  0.40165055  2.0396366   0.43989563]] 
Episode: 791: [[-0.94320345 -0.2484841   0.40171084  2.0396457   0.43988886]] 
Episode: 792: [[-0.943223   -0.24851874  0.40178844  2.0396779   0.43987173]] 
Episode: 793: [[-0.94323254 -0.24856772  0.40185928  2.0397308   0.43983647]] 
Episode: 794: [[-0.94323015 -0.24862468  0.4019134   2.0397987   0.43978512]] 
Episode: 795: [[-0.94321615 -0.24869232  0.40196538  2.0398695   0.43973228]] 
Episode: 796: [[-0.9432049  -0.24876896  0.40202138  2.039969    0.43965024]] 
Episode: 797: [[-0.94321615 -0.24881567  0.40206218  2.040066    0.4395627 ]] 
Episode: 798: [[-0.9432199  -0.24887283  0.4021187   2.0401466   0.43949822]] 
Episode: 799: [[-0.9432218  -0.24890271  0.4021218   2.0401928   0.43947652]] 
Episode: 800: [[-0.9431195  -0.24899383  0.4020892   2.0401874   0.43951902]] 
Episode: 801: [[-0.94300854 -0.24907644  0.40202338  2.040168    0.4395797 ]] 
Episode: 802: [[-0.9428813  -0.24916832  0.40195924  2.04015     0.43962923]] 
Episode: 803: [[-0.9428162  -0.24923447  0.40197483  2.0401094   0.43970472]] 
Episode: 804: [[-0.94268847 -0.24932598  0.40193993  2.0400558   0.4397889 ]] 
Episode: 805: [[-0.9425894  -0.24940002  0.40191966  2.040016    0.439852  ]] 
Episode: 806: [[-0.9425224  -0.2494653   0.40192163  2.0399957   0.4398997 ]] 
Episode: 807: [[-0.94248456 -0.24951003  0.40192726  2.0399752   0.43995208]] 
Episode: 808: [[-0.9424347  -0.24957141  0.4019414   2.0399764   0.43997487]] 
Episode: 809: [[-0.942385   -0.24962483  0.40194955  2.039961    0.44001442]] 
Episode: 810: [[-0.94237053 -0.24964213  0.4019733   2.0399246   0.44006583]] 
Episode: 811: [[-0.9423166  -0.24968842  0.40198123  2.0399036   0.44009605]] 
Episode: 812: [[-0.94226146 -0.24973208  0.40198606  2.0398881   0.440113  ]] 
Episode: 813: [[-0.94220597 -0.2497805   0.40199503  2.039886    0.44011298]] 
Episode: 814: [[-0.9421369  -0.24984823  0.40200433  2.039897    0.44010565]] 
Episode: 815: [[-0.9420802  -0.24990861  0.40201694  2.0399134   0.44009253]] 
Episode: 816: [[-0.9419356  -0.25002208  0.40194282  2.0399237   0.4401135 ]] 
Episode: 817: [[-0.9418167  -0.25011626  0.40187594  2.0399344   0.44013292]] 
Episode: 818: [[-0.9417187  -0.2501709   0.4017887   2.0398853   0.44022512]] 
Episode: 819: [[-0.94163257 -0.25021225  0.401719    2.039819    0.44032666]] 
Episode: 820: [[-0.94156384 -0.25024188  0.40163562  2.0397599   0.44043174]] 
Episode: 821: [[-0.9414962  -0.2502991   0.40160468  2.0397015   0.44054887]] 
Episode: 822: [[-0.94144356 -0.25033507  0.40156537  2.0396342   0.44067112]] 
Episode: 823: [[-0.9414084  -0.25035068  0.40153247  2.039548    0.44080958]] 
Episode: 824: [[-0.9413872  -0.25038466  0.40155035  2.0394893   0.44092053]] 
Episode: 825: [[-0.9413652  -0.25041866  0.40156016  2.039436    0.4410272 ]] 
Episode: 826: [[-0.94132787 -0.25047186  0.4015833   2.039396    0.4411141 ]] 
Episode: 827: [[-0.9412958  -0.25048086  0.401561    2.0393074   0.4412421 ]] 
Episode: 828: [[-0.9412672  -0.25050694  0.401551    2.0392687   0.44131538]] 
Episode: 829: [[-0.94124115 -0.25053757  0.40154174  2.0392482   0.4413708 ]] 
Episode: 830: [[-0.9412039  -0.25057995  0.40152705  2.039246    0.4414043 ]] 
Episode: 831: [[-0.9411677  -0.25065607  0.40155157  2.0392866   0.4414022 ]] 
Episode: 832: [[-0.9411363  -0.25072694  0.40156066  2.039331    0.44140285]] 
Episode: 833: [[-0.94112706 -0.25077602  0.4015681   2.0393703   0.44140726]] 
Episode: 834: [[-0.94109017 -0.25084096  0.40163645  2.0393696   0.44141933]] 
Episode: 835: [[-0.9410616  -0.25091416  0.40169963  2.0394232   0.4413738 ]] 
Episode: 836: [[-0.9410143  -0.25103065  0.4017714   2.0395226   0.44129673]] 
Episode: 837: [[-0.9409675  -0.25113797  0.40183863  2.039605    0.4412357 ]] 
Episode: 838: [[-0.9409467  -0.2512188   0.4019188   2.0396612   0.44119924]] 
Episode: 839: [[-0.94094634 -0.251274    0.4020025   2.0396862   0.44119605]] 
Episode: 840: [[-0.9409898  -0.2512496   0.40204248  2.039641    0.44126254]] 
Episode: 841: [[-0.9409359  -0.25128132  0.4019813   2.0395827   0.44137684]] 
Episode: 842: [[-0.9408954  -0.25131547  0.40193757  2.0395584   0.44144794]] 
Episode: 843: [[-0.9408675 -0.2513421  0.4019128  2.0395377  0.4415051]] 
Episode: 844: [[-0.9408536  -0.25135034  0.4018801   2.0394976   0.44158757]] 
Episode: 845: [[-0.94085526 -0.2513661   0.40187582  2.0394926   0.44162935]] 
Episode: 846: [[-0.9408528  -0.25139567  0.40189874  2.0394921   0.4416624 ]] 
Episode: 847: [[-0.94083494 -0.25143296  0.4019015   2.0395017   0.4416844 ]] 
Episode: 848: [[-0.9407526  -0.25150454  0.4018753   2.0394998   0.44170997]] 
Episode: 849: [[-0.9406965  -0.25154826  0.40185034  2.0394921   0.44173357]] 
Episode: 850: [[-0.9405675  -0.2515899   0.40179506  2.0394206   0.44176912]] 
Episode: 851: [[-0.9404406  -0.25162637  0.40171254  2.0393553   0.44180828]] 
Episode: 852: [[-0.94032574 -0.25167742  0.40165606  2.0393224   0.44182006]] 
Episode: 853: [[-0.9401697  -0.2517967   0.401655    2.0392902   0.44185022]] 
Episode: 854: [[-0.94005954 -0.25186247  0.40165353  2.0391903   0.44196466]] 
Episode: 855: [[-0.9399544  -0.25192797  0.401653    2.0390813   0.44210002]] 
Episode: 856: [[-0.93986195 -0.25198382  0.40165496  2.0389724   0.44223568]] 
Episode: 857: [[-0.9397554  -0.2520586   0.40165576  2.0388763   0.44236377]] 
Episode: 858: [[-0.9396262  -0.25216863  0.4017322   2.0387936   0.44244418]] 
Episode: 859: [[-0.93958056 -0.2522      0.40182117  2.038676    0.44255766]] 
Episode: 860: [[-0.9395666  -0.25220728  0.40191218  2.0385664   0.44266197]] 
Episode: 861: [[-0.9395874  -0.25219363  0.40203834  2.038457    0.44275552]] 
Episode: 862: [[-0.93960345 -0.252187    0.40215185  2.03836     0.44284314]] 
Episode: 863: [[-0.9396426  -0.25215676  0.40225667  2.0382533   0.44294578]] 
Episode: 864: [[-0.93967766 -0.25213537  0.4023609   2.0381708   0.4430191 ]] 
Episode: 865: [[-0.93967557 -0.25213     0.4024344   2.0380836   0.4430949 ]] 
Episode: 866: [[-0.9396509  -0.25214785  0.4025228   2.0379953   0.44316876]] 
Episode: 867: [[-0.93962735 -0.25215724  0.40260902  2.0378916   0.44325596]] 
Episode: 868: [[-0.939609   -0.2521749   0.40269417  2.0378156   0.44332176]] 
Episode: 869: [[-0.93957204 -0.25223044  0.4027541   2.0377812   0.44337744]] 
Episode: 870: [[-0.9395366  -0.2522878   0.40280968  2.0377758   0.443395  ]] 
Episode: 871: [[-0.9394908  -0.25235668  0.40286288  2.037782    0.4434003 ]] 
Episode: 872: [[-0.9394325  -0.25245044  0.4029271   2.0378082   0.44339085]] 
Episode: 873: [[-0.93937397 -0.25253877  0.40299115  2.0378208   0.44339353]] 
Episode: 874: [[-0.93932754 -0.25261202  0.40304542  2.0378225   0.44341245]] 
Episode: 875: [[-0.9392557  -0.2527034   0.40308687  2.0378      0.44347334]] 
Episode: 876: [[-0.9392153  -0.25274786  0.40314388  2.0377393   0.44354916]] 
Episode: 877: [[-0.93917805 -0.25278503  0.4032038   2.037655    0.44365278]] 
Episode: 878: [[-0.9391534  -0.2528026   0.40325227  2.0375607   0.4437651 ]] 
Episode: 879: [[-0.9391067  -0.25282234  0.40327856  2.0374656   0.44386545]] 
Episode: 880: [[-0.93903077 -0.25286096  0.40331414  2.0373724   0.44394526]] 
Episode: 881: [[-0.9389717  -0.25289485  0.4033477   2.0372987   0.4440121 ]] 
Episode: 882: [[-0.938949   -0.25292584  0.40341952  2.037245    0.44406837]] 
Episode: 883: [[-0.9389135 -0.2529546  0.4034775  2.0371838  0.4441239]] 
Episode: 884: [[-0.9388927  -0.25297043  0.4035324   2.0371306   0.44416758]] 
Episode: 885: [[-0.9388855  -0.25298223  0.40358686  2.0370798   0.44422084]] 
Episode: 886: [[-0.93888277 -0.25298756  0.4036614   2.0370119   0.44428262]] 
Episode: 887: [[-0.93888557 -0.25296193  0.4036852   2.0369241   0.44436646]] 
Episode: 888: [[-0.93892395 -0.25289205  0.40372053  2.036785    0.44450027]] 
Episode: 889: [[-0.9389514  -0.2528457   0.40376395  2.0366845   0.44459084]] 
Episode: 890: [[-0.9389883  -0.252808    0.40382484  2.0366273   0.44462845]] 
Episode: 891: [[-0.93901026 -0.252781    0.4038632   2.036587    0.44465125]] 
Episode: 892: [[-0.93899983 -0.25275213  0.40385386  2.036521    0.4446981 ]] 
Episode: 893: [[-0.93901616 -0.25268444  0.403815    2.0364275   0.44478163]] 
Episode: 894: [[-0.9390426  -0.25259823  0.40376493  2.0363104   0.44489402]] 
Episode: 895: [[-0.9390547  -0.25254443  0.4037224   2.0362225   0.44498986]] 
Episode: 896: [[-0.93906474 -0.25250444  0.40370488  2.0361474   0.4450682 ]] 
Episode: 897: [[-0.9390645  -0.25247717  0.40370128  2.0360403   0.44519535]] 
Episode: 898: [[-0.9390702  -0.25246114  0.403704    2.0359578   0.4453072 ]] 
Episode: 899: [[-0.9390222  -0.2524846   0.403665    2.035902    0.44539502]] 
Episode: 900: [[-0.93897307 -0.2525341   0.40363386  2.0358994   0.4454358 ]] 
Episode: 901: [[-0.9389121  -0.252606    0.40361488  2.0359135   0.44546258]] 
Episode: 902: [[-0.9388567  -0.25267687  0.403603    2.035945    0.44546294]] 
Episode: 903: [[-0.9388098  -0.2527264   0.40357977  2.0359704   0.4454559 ]] 
Episode: 904: [[-0.9387872  -0.25275916  0.40355995  2.0359952   0.44545418]] 
Episode: 905: [[-0.938763   -0.25279668  0.40354297  2.0360234   0.44545102]] 
Episode: 906: [[-0.9387436  -0.2528359   0.40353155  2.0360606   0.44543916]] 
Episode: 907: [[-0.9387333  -0.25285882  0.40353695  2.0360785   0.44543162]] 
Episode: 908: [[-0.93870306 -0.25288922  0.4035323   2.036081    0.4454394 ]] 
Episode: 909: [[-0.9386418  -0.252909    0.40347284  2.0360432   0.44548655]] 
Episode: 910: [[-0.9386094  -0.25289807  0.4034156   2.0359886   0.44554815]] 
Episode: 911: [[-0.93858767 -0.25288305  0.40337273  2.0359373   0.4456027 ]] 
Episode: 912: [[-0.9385701  -0.25287116  0.40333235  2.0359044   0.44563752]] 
Episode: 913: [[-0.93854207 -0.25286937  0.40330896  2.0358446   0.44570607]] 
Episode: 914: [[-0.9385159  -0.2528738   0.40329742  2.035797    0.44576004]] 
Episode: 915: [[-0.9385724  -0.25282627  0.4033263   2.0357635   0.4457948 ]] 
Episode: 916: [[-0.9386201  -0.2527866   0.40334433  2.0357409   0.4458199 ]] 
Episode: 917: [[-0.93871176 -0.2527123   0.40336624  2.0357165   0.4458498 ]] 
Episode: 918: [[-0.9387843  -0.25266376  0.40339628  2.0357165   0.44585145]] 
Episode: 919: [[-0.9388754  -0.25261214  0.40343243  2.035692    0.44591087]] 
Episode: 920: [[-0.9389527  -0.25255308  0.4034527   2.0356488   0.44597784]] 
Episode: 921: [[-0.9390382  -0.25251555  0.40349337  2.035635    0.44603318]] 
Episode: 922: [[-0.9391655  -0.25243938  0.40359017  2.0356457   0.4460035 ]] 
Episode: 923: [[-0.93927145 -0.25238132  0.4036637   2.0356739   0.44596252]] 
Episode: 924: [[-0.9393537  -0.25235906  0.4037413   2.035721    0.44591513]] 
Episode: 925: [[-0.93941945 -0.25234947  0.40381184  2.0357707   0.4458667 ]] 
Episode: 926: [[-0.93949026 -0.25233427  0.40387148  2.0358095   0.44584104]] 
Episode: 927: [[-0.9395549  -0.25233716  0.40393335  2.0358922   0.4457658 ]] 
Episode: 928: [[-0.9395963  -0.25235182  0.4039673   2.0359666   0.44570985]] 
Episode: 929: [[-0.9396556  -0.2523369   0.40393054  2.036053    0.4456597 ]] 
Episode: 930: [[-0.93970597 -0.25233388  0.40390363  2.0361297   0.44562548]] 
Episode: 931: [[-0.9397474  -0.25233993  0.40388542  2.0362084   0.44558427]] 
Episode: 932: [[-0.93977803 -0.2523569   0.40385944  2.0363083   0.4455175 ]] 
Episode: 933: [[-0.93980825 -0.25237638  0.40385348  2.0364075   0.4454415 ]] 
Episode: 934: [[-0.9398206  -0.2524272   0.40387264  2.0365317   0.4453359 ]] 
Episode: 935: [[-0.93986034 -0.2524508   0.40388677  2.0366502   0.44523636]] 
Episode: 936: [[-0.9398881  -0.25247872  0.40390137  2.0367491   0.44515726]] 
Episode: 937: [[-0.93990785 -0.25251028  0.40392667  2.036841    0.44507667]] 
Episode: 938: [[-0.9399229  -0.25254446  0.40398037  2.0369189   0.44499567]] 
Episode: 939: [[-0.93996644 -0.25255063  0.4040127   2.0369797   0.4449509 ]] 
Episode: 940: [[-0.94000053 -0.2525655   0.40405527  2.037043    0.4448957 ]] 
Episode: 941: [[-0.94004816 -0.25257415  0.40412554  2.0370853   0.44486412]] 
Episode: 942: [[-0.9401003  -0.2525774   0.40419054  2.0371215   0.44484317]] 
Episode: 943: [[-0.9401829  -0.25254688  0.40425593  2.0371323   0.44484913]] 
Episode: 944: [[-0.94026405 -0.25252053  0.40431523  2.0371552   0.44484493]] 
Episode: 945: [[-0.9403097  -0.25244087  0.40423235  2.0370538   0.44499403]] 
Episode: 946: [[-0.9404239  -0.2522975   0.40415743  2.036928    0.4451668 ]] 
Episode: 947: [[-0.9405656  -0.25214422  0.4040882   2.0368278   0.44531798]] 
Episode: 948: [[-0.94069886 -0.251988    0.40402567  2.036708    0.4454779 ]] 
Episode: 949: [[-0.9408062  -0.25185224  0.4039822   2.036583    0.44563082]] 
Episode: 950: [[-0.9408999  -0.2517368   0.40393877  2.0364733   0.44577402]] 
Episode: 951: [[-0.9409821  -0.25164023  0.4039146   2.0363748   0.44590136]] 
Episode: 952: [[-0.94105    -0.2515775   0.40391725  2.0363092   0.44599473]] 
Episode: 953: [[-0.9411199  -0.25153202  0.40393177  2.0362678   0.44607452]] 
Episode: 954: [[-0.94118875 -0.2514768   0.4039523   2.0362155   0.44614854]] 
Episode: 955: [[-0.9412341 -0.2514294  0.403949   2.0361316  0.4462691]] 
Episode: 956: [[-0.9412429  -0.25142813  0.4039488   2.0360758   0.44636863]] 
Episode: 957: [[-0.94124556 -0.25143245  0.40395507  2.0360365   0.44643837]] 
Episode: 958: [[-0.94121015 -0.25145176  0.40391174  2.0360272   0.4464653 ]] 
Episode: 959: [[-0.9411825  -0.25146687  0.403865    2.0360305   0.44647864]] 
Episode: 960: [[-0.9411615  -0.25149322  0.4038158   2.0360696   0.446466  ]] 
Episode: 961: [[-0.9411342  -0.25151742  0.40375492  2.0361032   0.44645727]] 
Episode: 962: [[-0.94103914 -0.2516246   0.40368134  2.0361917   0.44641438]] 
Episode: 963: [[-0.94096017 -0.2517148   0.4035912   2.036271    0.4463918 ]] 
Episode: 964: [[-0.9408941  -0.25179157  0.40351966  2.036344    0.44636196]] 
Episode: 965: [[-0.94084823 -0.25183597  0.4034574   2.0363955   0.44633356]] 
Episode: 966: [[-0.9408093  -0.25187877  0.40341783  2.0364377   0.44631138]] 
Episode: 967: [[-0.9407497  -0.25189605  0.40339532  2.036427    0.44628683]] 
Episode: 968: [[-0.94069153 -0.25191414  0.4033699   2.036416    0.4462683 ]] 
Episode: 969: [[-0.9406526  -0.25190663  0.40333718  2.0363941   0.44625634]] 
Episode: 970: [[-0.9406165  -0.25189927  0.40331027  2.0363774   0.44623637]] 
Episode: 971: [[-0.9406805  -0.25180343  0.40330485  2.0363035   0.44628564]] 
Episode: 972: [[-0.9407313  -0.2517523   0.40332332  2.036274    0.44630548]] 
Episode: 973: [[-0.9408071  -0.25169098  0.40335914  2.0362492   0.44632494]] 
Episode: 974: [[-0.9408627  -0.25164893  0.40339503  2.0362406   0.4463221 ]] 
Episode: 975: [[-0.9409213  -0.2516138   0.40343586  2.0362456   0.44631043]] 
Episode: 976: [[-0.9409865  -0.25157762  0.40348855  2.0362465   0.4463049 ]] 
Episode: 977: [[-0.94102216 -0.251568    0.40353566  2.036258    0.44628954]] 
Episode: 978: [[-0.94105285 -0.25156525  0.40356854  2.0362842   0.446265  ]] 
Episode: 979: [[-0.94108117 -0.25155836  0.4035998   2.0363047   0.4462401 ]] 
Episode: 980: [[-0.94111586 -0.25155747  0.4036441   2.0363503   0.44618586]] 
Episode: 981: [[-0.9411561  -0.25150794  0.4036381   2.0363321   0.44619206]] 
Episode: 982: [[-0.9411925  -0.25147906  0.40363732  2.0363426   0.44617906]] 
Episode: 983: [[-0.9412496  -0.25137937  0.40360922  2.036273    0.4462204 ]] 
Episode: 984: [[-0.94129425 -0.25129315  0.40356654  2.036216    0.44625664]] 
Episode: 985: [[-0.9413322  -0.25120014  0.40348643  2.03616     0.44629622]] 
Episode: 986: [[-0.9413531  -0.2511149   0.40339628  2.0360963   0.44634342]] 
Episode: 987: [[-0.94140905 -0.25099456  0.40333605  2.036006    0.44640237]] 
Episode: 988: [[-0.9414545  -0.25089383  0.40327904  2.0359406   0.44643816]] 
Episode: 989: [[-0.9415051  -0.2507834   0.4032176   2.0358624   0.44648814]] 
Episode: 990: [[-0.9415355  -0.2506868   0.40314126  2.03578     0.44655   ]] 
Episode: 991: [[-0.94154364 -0.2506224   0.4030703   2.0357137   0.44660553]] 
Episode: 992: [[-0.9415588  -0.2505738   0.40302238  2.0356836   0.4466249 ]] 
Episode: 993: [[-0.9415725  -0.25051194  0.40295053  2.035649    0.44664302]] 
Episode: 994: [[-0.9416134  -0.25044936  0.4029177   2.035618    0.4466664 ]] 
Episode: 995: [[-0.94164556 -0.25037763  0.40285584  2.0355606   0.446724  ]] 
Episode: 996: [[-0.9416683  -0.25032112  0.40279883  2.035513    0.446775  ]] 
Episode: 997: [[-0.9416857  -0.2502636   0.40272784  2.0354521   0.44684756]] 
Episode: 998: [[-0.9416408  -0.25023237  0.4025834   2.035374    0.44695413]] 
Episode: 999: [[-0.94165444 -0.25014138  0.40244722  2.0352745   0.44707024]] 
Episode: 1000: [[-0.9416636  -0.25007203  0.40233976  2.0352113   0.44713953]] 
Episode: 1001: [[-0.9416519  -0.25002256  0.4022466   2.0351458   0.4472064 ]] 
Episode: 1002: [[-0.941643   -0.2499635   0.40214768  2.0350804   0.44726452]] 
Episode: 1003: [[-0.9416444 -0.249904   0.4020453  2.0350251  0.4473231]] 
Episode: 1004: [[-0.9416458  -0.24985316  0.4019506   2.0349746   0.44738397]] 
Episode: 1005: [[-0.94164157 -0.24981679  0.40186584  2.0349417   0.44742668]] 
Episode: 1006: [[-0.94162375 -0.24977934  0.40177262  2.0348957   0.44747424]] 
Episode: 1007: [[-0.9416075  -0.24974895  0.40168133  2.034857    0.44752327]] 
Episode: 1008: [[-0.9415432  -0.24977686  0.4015937   2.034857    0.44753927]] 
Episode: 1009: [[-0.94147944 -0.2498134   0.4015229   2.0348678   0.44754192]] 
Episode: 1010: [[-0.9414403  -0.24986282  0.40150228  2.0349152   0.447509  ]] 
Episode: 1011: [[-0.9413805  -0.24992986  0.40147233  2.0349686   0.44747356]] 
Episode: 1012: [[-0.9413556  -0.24996136  0.4014206   2.035002    0.44747493]] 
Episode: 1013: [[-0.94133776 -0.24998368  0.40135828  2.0350406   0.4474696 ]] 
Episode: 1014: [[-0.94132656 -0.25001085  0.40130854  2.0350976   0.44744438]] 
Episode: 1015: [[-0.9413287  -0.25003922  0.40128073  2.035177    0.44738942]] 
Episode: 1016: [[-0.941354   -0.2500232   0.4012478   2.0352275   0.44734058]] 
Episode: 1017: [[-0.9413744 -0.2500277  0.4012378  2.0352917  0.4472829]] 
Episode: 1018: [[-0.9413911  -0.2500323   0.4012377   2.0353434   0.44723263]] 
Episode: 1019: [[-0.9414197  -0.25003022  0.40124     2.0354047   0.4471714 ]] 
Episode: 1020: [[-0.94145125 -0.2500212   0.40124997  2.0354598   0.44710675]] 
Episode: 1021: [[-0.941486   -0.25000057  0.40124583  2.0355072   0.44704878]] 
Episode: 1022: [[-0.94149745 -0.25002074  0.40123886  2.0356033   0.4469516 ]] 
Episode: 1023: [[-0.94148934 -0.25006914  0.4012303   2.0356925   0.44688752]] 
Episode: 1024: [[-0.94144136 -0.25017396  0.40123892  2.0358186   0.4467927 ]] 
Episode: 1025: [[-0.94140244 -0.25025594  0.4012352   2.035913    0.44673038]] 
Episode: 1026: [[-0.9413965  -0.25032523  0.40125987  2.0359898   0.4467028 ]] 
Episode: 1027: [[-0.9414241  -0.25038755  0.40133584  2.0360882   0.44664145]] 
Episode: 1028: [[-0.94143724 -0.25045547  0.40138596  2.0361853   0.4465891 ]] 
Episode: 1029: [[-0.9415161  -0.25047728  0.40149572  2.0362484   0.4465648 ]] 
Episode: 1030: [[-0.9416133  -0.25044602  0.40153557  2.036259    0.44660807]] 
Episode: 1031: [[-0.9416963  -0.25042742  0.40158153  2.0362706   0.44664624]] 
Episode: 1032: [[-0.9417585  -0.2504219   0.4016192   2.0362902   0.44667035]] 
Episode: 1033: [[-0.9418017  -0.25037456  0.4015949   2.0362172   0.44678447]] 
Episode: 1034: [[-0.9418191  -0.25037056  0.40159822  2.0361807   0.4468588 ]] 
Episode: 1035: [[-0.94185907 -0.25034094  0.40159363  2.0361423   0.4469301 ]] 
Episode: 1036: [[-0.9419426  -0.25028354  0.40164155  2.036071    0.44703245]] 
Episode: 1037: [[-0.94203496 -0.25020617  0.40169466  2.0359998   0.44710934]] 
Episode: 1038: [[-0.9421578  -0.25007343  0.40170127  2.035908    0.44719902]] 
Episode: 1039: [[-0.94234765 -0.24987377  0.40169695  2.0357935   0.4473132 ]] 
Episode: 1040: [[-0.94250965 -0.249708    0.40168723  2.035701    0.4474149 ]] 
Episode: 1041: [[-0.94267505 -0.24953851  0.40169358  2.0355937   0.44752732]] 
Episode: 1042: [[-0.9428461  -0.24937856  0.4018007   2.0354354   0.4476758 ]] 
Episode: 1043: [[-0.9429777  -0.24924938  0.40189987  2.0352876   0.44780895]] 
Episode: 1044: [[-0.94310284 -0.24913391  0.40200803  2.0351515   0.44793174]] 
Episode: 1045: [[-0.94320303 -0.24903312  0.40207833  2.0350208   0.44806144]] 
Episode: 1046: [[-0.94329774 -0.24893701  0.4021407   2.0349126   0.44816104]] 
Episode: 1047: [[-0.9433839  -0.24885452  0.40220052  2.0348337   0.4482268 ]] 
Episode: 1048: [[-0.943461   -0.24877267  0.402209    2.0347488   0.44832626]] 
Episode: 1049: [[-0.94357187 -0.2486313   0.40218043  2.0346203   0.44846618]] 
Episode: 1050: [[-0.94367516 -0.24844646  0.40207145  2.0344262   0.44868013]] 
Episode: 1051: [[-0.94375926 -0.24828732  0.40196103  2.0342538   0.4488778 ]] 
Episode: 1052: [[-0.9438342  -0.24814461  0.40186077  2.0341022   0.4490505 ]] 
Episode: 1053: [[-0.9438935  -0.24802934  0.40178162  2.0339742   0.44919583]] 
Episode: 1054: [[-0.94392246 -0.247934    0.40169185  2.0338435   0.4493432 ]] 
Episode: 1055: [[-0.94395775 -0.24781324  0.40156054  2.0337076   0.4494932 ]] 
Episode: 1056: [[-0.9439898  -0.24771744  0.40146244  2.033606    0.4496041 ]] 
Episode: 1057: [[-0.94401205 -0.24763958  0.4013802   2.0335288   0.44968173]] 
Episode: 1058: [[-0.9440487  -0.24757084  0.4012902   2.0334942   0.4497338 ]] 
Episode: 1059: [[-0.94408756 -0.24749911  0.40121546  2.0334454   0.44979605]] 
Episode: 1060: [[-0.9441203  -0.24741618  0.4011199   2.0333776   0.44987437]] 
Episode: 1061: [[-0.94414544 -0.24736972  0.4010744   2.0333505   0.4499055 ]] 
Episode: 1062: [[-0.9441727  -0.24732213  0.4010312   2.0333087   0.4499593 ]] 
Episode: 1063: [[-0.9442713  -0.24722438  0.4010288   2.0332286   0.45006174]] 
Episode: 1064: [[-0.94439954 -0.247092    0.40105146  2.0331194   0.45017543]] 
Episode: 1065: [[-0.9445278  -0.24696347  0.40107855  2.0329986   0.45031148]] 
Episode: 1066: [[-0.94463944 -0.24684982  0.40111342  2.0328767   0.45044515]] 
Episode: 1067: [[-0.944726   -0.2467659   0.40112352  2.032797    0.45054436]] 
Episode: 1068: [[-0.9447827  -0.24672781  0.40115935  2.0327406   0.45062497]] 
Episode: 1069: [[-0.9447973  -0.24670649  0.4011774   2.032673    0.4507043 ]] 
Episode: 1070: [[-0.94480103 -0.24671485  0.40119603  2.0326545   0.45074064]] 
Episode: 1071: [[-0.9448081  -0.24671417  0.4011979   2.0326385   0.450774  ]] 
Episode: 1072: [[-0.94479847 -0.24674113  0.40122446  2.032644    0.45077965]] 
Episode: 1073: [[-0.9448095  -0.24674147  0.40125054  2.032641    0.45078298]] 
Episode: 1074: [[-0.9448103  -0.24676019  0.40127075  2.0326588   0.45077392]] 
Episode: 1075: [[-0.9447799  -0.2467886   0.40130734  2.0326169   0.45082057]] 
Episode: 1076: [[-0.944734   -0.24685632  0.40136313  2.0326061   0.45085013]] 
Episode: 1077: [[-0.94466496 -0.24697012  0.4014357   2.0326452   0.45083532]] 
Episode: 1078: [[-0.9445967 -0.2470719  0.4015062  2.0326943  0.4507859]] 
Episode: 1079: [[-0.9445201  -0.2471696   0.4015648   2.0327365   0.45073694]] 
Episode: 1080: [[-0.9444449  -0.24725983  0.40163076  2.0327537   0.4507115 ]] 
Episode: 1081: [[-0.9443718  -0.24734178  0.40167493  2.0327632   0.45070234]] 
Episode: 1082: [[-0.94430095 -0.24742258  0.40171373  2.0327835   0.45068088]] 
Episode: 1083: [[-0.944237   -0.24750465  0.40176016  2.0328107   0.4506554 ]] 
Episode: 1084: [[-0.9441725  -0.24758427  0.40179053  2.0328352   0.45064044]] 
Episode: 1085: [[-0.9442122  -0.24754263  0.40183333  2.032765    0.4507076 ]] 
Episode: 1086: [[-0.9442602  -0.24749812  0.40186793  2.032709    0.45076472]] 
Episode: 1087: [[-0.9443024  -0.24747889  0.40192282  2.0326774   0.45080414]] 
Episode: 1088: [[-0.9443041  -0.24749522  0.40196174  2.0326555   0.45084336]] 
Episode: 1089: [[-0.9442968  -0.2475148   0.40198204  2.0326266   0.45089906]] 
Episode: 1090: [[-0.9442403  -0.247567    0.40197963  2.0326033   0.4509476 ]] 
Episode: 1091: [[-0.9442077  -0.24760185  0.40197527  2.0325866   0.45099112]] 
Episode: 1092: [[-0.944158   -0.24764097  0.40192914  2.0325634   0.4510567 ]] 
Episode: 1093: [[-0.94411564 -0.24766724  0.40187207  2.0325341   0.45112774]] 
Episode: 1094: [[-0.9440834  -0.24768615  0.4018042   2.0324965   0.45122164]] 
Episode: 1095: [[-0.9440575  -0.2476935   0.40174276  2.0324504   0.4513132 ]] 
Episode: 1096: [[-0.9440228  -0.2477204   0.40169874  2.0324264   0.45137906]] 
Episode: 1097: [[-0.94400996 -0.2477356   0.40167016  2.0324295   0.45140207]] 
Episode: 1098: [[-0.9439728  -0.24776275  0.40161344  2.0324178   0.45145383]] 
Episode: 1099: [[-0.9439749  -0.24776113  0.40160182  2.0324101   0.4514744 ]] 
Episode: 1100: [[-0.9439727  -0.24775451  0.40155065  2.0324051   0.45150343]] 
Episode: 1101: [[-0.94390684 -0.24773774  0.40149128  2.0323396   0.45152482]] 
Episode: 1102: [[-0.94383734 -0.24774075  0.40145367  2.0322905   0.4515337 ]] 
Episode: 1103: [[-0.9437602  -0.24777204  0.40142256  2.0322795   0.45151567]] 
Episode: 1104: [[-0.9436936  -0.24780987  0.40141988  2.0322812   0.45148423]] 
Episode: 1105: [[-0.94363   -0.2478446  0.4014167  2.032281   0.451455 ]] 
Episode: 1106: [[-0.9435533  -0.24789034  0.40139377  2.032275    0.451449  ]] 
Episode: 1107: [[-0.94345146 -0.24794625  0.4013717   2.0322437   0.45146394]] 
Episode: 1108: [[-0.9433656  -0.2479945   0.40135127  2.032219    0.45147738]] 
Episode: 1109: [[-0.9432935  -0.24802656  0.40131128  2.0321984   0.45148918]] 
Episode: 1110: [[-0.9432442  -0.24804416  0.4012857   2.032182    0.4514923 ]] 
Episode: 1111: [[-0.9432242  -0.24805242  0.40128523  2.0321794   0.45148224]] 
Episode: 1112: [[-0.943204   -0.24806601  0.40130857  2.0321567   0.45149654]] 
Episode: 1113: [[-0.94314355 -0.24815379  0.40134656  2.0321982   0.4514693 ]] 
Episode: 1114: [[-0.94311315 -0.24810503  0.40126655  2.0321312   0.45150295]] 
Episode: 1115: [[-0.9430648  -0.24809636  0.40121973  2.0321002   0.4515005 ]] 
Episode: 1116: [[-0.94301796 -0.24807563  0.4011583   2.03203     0.45155197]] 
Episode: 1117: [[-0.9431014  -0.24797152  0.4011788   2.031985    0.45154753]] 
Episode: 1118: [[-0.9432131  -0.2478536   0.40121973  2.0319328   0.45155698]] 
Episode: 1119: [[-0.94333124 -0.24773648  0.40125728  2.031882    0.45157725]] 
Episode: 1120: [[-0.94339657 -0.24764714  0.40125036  2.0318387   0.45158896]] 
Episode: 1121: [[-0.9434777  -0.24756025  0.40124857  2.0318305   0.45156795]] 
Episode: 1122: [[-0.9436132  -0.24739325  0.40123203  2.0317206   0.4516579 ]] 
Episode: 1123: [[-0.94372946 -0.24727967  0.40125376  2.0316532   0.4517193 ]] 
Episode: 1124: [[-0.9438703  -0.2471234   0.40123633  2.031525    0.45186526]] 
Episode: 1125: [[-0.94400996 -0.24696046  0.40120924  2.0313966   0.45200425]] 
Episode: 1126: [[-0.9440775  -0.24687028  0.40118733  2.0312862   0.45213482]] 
Episode: 1127: [[-0.9441607  -0.24675508  0.40115532  2.031154    0.45228603]] 
Episode: 1128: [[-0.94422054 -0.24667193  0.40112215  2.0310504   0.4524144 ]] 
Episode: 1129: [[-0.94424826 -0.24662873  0.40106797  2.030971    0.4525429 ]] 
Episode: 1130: [[-0.9442831  -0.2465832   0.40101424  2.030897    0.45266885]] 
Episode: 1131: [[-0.9443261  -0.24653326  0.4009733   2.0308237   0.45278847]] 
Episode: 1132: [[-0.9443899  -0.24646536  0.40094316  2.0307534   0.4528944 ]] 
Episode: 1133: [[-0.9445607  -0.24627429  0.40087646  2.0306277   0.45300847]] 
Episode: 1134: [[-0.94471055 -0.24610771  0.40082243  2.0305274   0.4530906 ]] 
Episode: 1135: [[-0.94484854 -0.24596119  0.40078944  2.030425    0.45318365]] 
Episode: 1136: [[-0.944966   -0.2458497   0.40072736  2.0303738   0.45325086]] 
Episode: 1137: [[-0.9450878  -0.2457358   0.4006622   2.0303304   0.45331258]] 
Episode: 1138: [[-0.9451757  -0.24565366  0.4005911   2.0303102   0.45335147]] 
Episode: 1139: [[-0.9452613  -0.24557902  0.40050787  2.030281    0.45342538]] 
Episode: 1140: [[-0.9453612  -0.2454915   0.40042445  2.0302546   0.45349547]] 
Episode: 1141: [[-0.94544584 -0.24541995  0.40035343  2.0302384   0.45354858]] 
Episode: 1142: [[-0.9455458  -0.24532938  0.4002703   2.0302174   0.45360768]] 
Episode: 1143: [[-0.94564223 -0.2452486   0.40021923  2.030198    0.4536561 ]] 
Episode: 1144: [[-0.94572556 -0.24517378  0.4001889   2.0301611   0.4537115 ]] 
Episode: 1145: [[-0.9457945  -0.24512376  0.40020213  2.030123    0.45376325]] 
Episode: 1146: [[-0.94582963 -0.24510342  0.4001936   2.0300884   0.4538288 ]] 
Episode: 1147: [[-0.94586337 -0.24508955  0.40018377  2.030076    0.4538703 ]] 
Episode: 1148: [[-0.94586855 -0.24509807  0.400171    2.0300808   0.45388573]] 
Episode: 1149: [[-0.9458686  -0.24509712  0.40015727  2.030077    0.4538921 ]] 
Episode: 1150: [[-0.9458892  -0.24508063  0.4001842   2.0300314   0.4539399 ]] 
Episode: 1151: [[-0.9459133  -0.24506934  0.4002055   2.0300055   0.45397565]] 
Episode: 1152: [[-0.94592243 -0.24508558  0.4002182   2.0300126   0.4539921 ]] 
Episode: 1153: [[-0.9459079  -0.2451341   0.40025494  2.030036    0.45398974]] 
Episode: 1154: [[-0.9459609  -0.2451164   0.40030363  2.030044    0.45398423]] 
Episode: 1155: [[-0.94597536 -0.2451192   0.40031037  2.030045    0.45400015]] 
Episode: 1156: [[-0.9459983  -0.24511598  0.40031636  2.0300527   0.4540078 ]] 
Episode: 1157: [[-0.9460159  -0.24513693  0.4003273   2.030083    0.4540116 ]] 
Episode: 1158: [[-0.94602835 -0.24516356  0.40033996  2.0301178   0.45400983]] 
Episode: 1159: [[-0.9459954  -0.24523546  0.40037173  2.0301518   0.4540112 ]] 
Episode: 1160: [[-0.9460113  -0.24529204  0.40042308  2.0302114   0.45400274]] 
Episode: 1161: [[-0.9460014  -0.24537589  0.4004554   2.0303118   0.45395288]] 
Episode: 1162: [[-0.94599324 -0.2454424   0.40046918  2.0304022   0.45390376]] 
Episode: 1163: [[-0.94595337 -0.24553037  0.4004724   2.0304856   0.45386535]] 
Episode: 1164: [[-0.94594115 -0.24557103  0.40047246  2.0305111   0.4538777 ]] 
Episode: 1165: [[-0.9459627  -0.24557845  0.4004546   2.0305202   0.45391923]] 
Episode: 1166: [[-0.9459849  -0.24557234  0.40042508  2.030515    0.4539686 ]] 
Episode: 1167: [[-0.94599724 -0.24556589  0.40037894  2.0305073   0.4540181 ]] 
Episode: 1168: [[-0.9460037  -0.24557349  0.40032932  2.0305285   0.4540404 ]] 
Episode: 1169: [[-0.9460677  -0.24550307  0.40025607  2.0304878   0.45412275]] 
Episode: 1170: [[-0.9461404  -0.24544568  0.40020886  2.0304608   0.45420143]] 
Episode: 1171: [[-0.9462492  -0.24534039  0.40015966  2.030393    0.45431405]] 
Episode: 1172: [[-0.94633627 -0.24525437  0.40011805  2.0303342   0.45440936]] 
Episode: 1173: [[-0.9464107  -0.2451603   0.4000646   2.0302575   0.45450878]] 
Episode: 1174: [[-0.9464888  -0.24507447  0.40001622  2.0301864   0.4546158 ]] 
Episode: 1175: [[-0.9465542  -0.24500597  0.39997333  2.0301318   0.4547053 ]] 
Episode: 1176: [[-0.9466022  -0.24496825  0.399947    2.0301106   0.45475972]] 
Episode: 1177: [[-0.9466315  -0.24495092  0.39993522  2.0301073   0.4547846 ]] 
Episode: 1178: [[-0.9467006  -0.24489243  0.39988095  2.0301037   0.45482343]] 
Episode: 1179: [[-0.9467878  -0.24482429  0.39983895  2.030099    0.45486525]] 
Episode: 1180: [[-0.9470128  -0.24463347  0.39982277  2.030061    0.454923  ]] 
Episode: 1181: [[-0.9472027  -0.24447605  0.39981347  2.030037    0.45496276]] 
Episode: 1182: [[-0.94736254 -0.24433954  0.39978588  2.0300233   0.4549915 ]] 
Episode: 1183: [[-0.9475066  -0.24421161  0.39975467  2.0300093   0.45501596]] 
Episode: 1184: [[-0.947639   -0.24409945  0.39974633  2.0299976   0.45503196]] 
Episode: 1185: [[-0.94771206 -0.24403916  0.39972505  2.029996    0.4550472 ]] 
Episode: 1186: [[-0.9477856  -0.24398339  0.3997193   2.0299816   0.45508105]] 
Episode: 1187: [[-0.94784844 -0.2439401   0.39974353  2.0299563   0.45511886]] 
Episode: 1188: [[-0.9478898  -0.2439235   0.39974985  2.0299625   0.4551351 ]] 
Episode: 1189: [[-0.94792527 -0.24391262  0.3997571   2.0299718   0.45514774]] 
Episode: 1190: [[-0.9479613  -0.24390337  0.39977926  2.0299838   0.45514944]] 
Episode: 1191: [[-0.9479757  -0.24392971  0.3998118   2.0300395   0.45510656]] 
Episode: 1192: [[-0.9479865  -0.24394827  0.3998163   2.0300922   0.45506814]] 
Episode: 1193: [[-0.94800466 -0.24395508  0.39982316  2.0301454   0.4550171 ]] 
Episode: 1194: [[-0.9480161  -0.24395466  0.3997915   2.0301707   0.45501414]] 
Episode: 1195: [[-0.94805026 -0.24392608  0.39974508  2.030196    0.45500395]] 
Episode: 1196: [[-0.94806355 -0.24391623  0.39968207  2.0302234   0.45500478]] 
Episode: 1197: [[-0.948066   -0.24390952  0.3995992   2.0302312   0.45504037]] 
Episode: 1198: [[-0.9480758  -0.24390393  0.39951658  2.0302603   0.45505473]] 
Episode: 1199: [[-0.94808686 -0.24388935  0.39942208  2.0302916   0.45505935]] 
Episode: 1200: [[-0.94812274 -0.24383713  0.39933953  2.0302718   0.45510605]] 
