290201.656250 470805.468750 1035686.500000 930882.000000 496498.031250 984829.125000 708294.750000 707160.062500 433169.250000 381981.406250 
355179.031250 572301.750000 722099.875000 407010.031250 561851.375000 283894.875000 438171.031250 756380.250000 2725198.000000 278033.750000 
429273.125000 776598.125000 344019.406250 545069.687500 1066945.000000 10164329.000000 5447305.500000 1448330.875000 371509.968750 58507.972656 
353856.218750 495857.250000 527112.875000 207152.625000 178892.875000 417252.593750 1342838.250000 599369.000000 194397.328125 36810.101562 
449841.375000 1095101.500000 385109.406250 398267.312500 424452.656250 498142.593750 1027319.187500 891356.000000 89732.789062 72023.976562 
282181.937500 447552.593750 398105.000000 790000.437500 2891211.250000 877080.812500 1048224.500000 509224.562500 822917.500000 261473.640625 
344532.531250 489268.656250 648816.687500 2495367.750000 2253897.500000 695480.687500 1469640.000000 547192.125000 242277.828125 13492.861328 
286703.500000 377539.968750 496070.812500 654710.750000 468167.312500 1600540.625000 1014229.687500 196882.296875 146602.000000 548849.125000 
321035.812500 1965368.125000 9358773.000000 16817012.000000 11152534.000000 6025621.500000 9079172.000000 24516070.000000 38032396.000000 216779.250000 
326486.562500 272289.062500 185614.187500 318572.750000 600044.375000 422126.125000 3289316.250000 182488.671875 114336.976562 3022.225342 
271698.062500 276324.687500 179359.328125 82579.531250 83528.445312 195007.625000 243159.109375 141739.593750 125464.546875 11453.251953 
399956.125000 715712.000000 867341.750000 1311708.625000 1725488.125000 636954.187500 2366704.750000 1117774.500000 1995806.000000 428489.156250 
347440.375000 447355.218750 619757.687500 690041.750000 1555185.000000 1206248.750000 5193857.500000 1020814.500000 1204277.750000 33890.578125 
291775.968750 490121.593750 285878.375000 148800.890625 271148.656250 301040.343750 245754.812500 752998.000000 599536.437500 173307.156250 
363182.343750 307098.750000 298006.312500 325617.906250 608873.625000 1176884.625000 1627596.000000 1488927.000000 1065287.500000 124004.843750 
339153.750000 1133197.375000 1441005.875000 1983453.125000 1366960.250000 918239.187500 1499006.500000 1173151.000000 422185.687500 62413.070312 
302311.312500 443461.281250 437058.250000 462934.562500 662682.125000 1141817.250000 342413.281250 1662972.750000 382293.218750 103665.078125 
259589.531250 396197.343750 229497.281250 174842.250000 213159.375000 147311.093750 396050.500000 177052.875000 129021.992188 252101.406250 
308686.718750 423846.937500 281644.656250 619939.375000 548008.125000 292543.125000 522949.562500 1788866.375000 777217.000000 143895.296875 
259829.406250 299410.156250 337176.437500 341236.812500 116428.234375 179020.281250 96607.789062 79283.093750 434888.812500 26179.833984 
