101388.664062 17647.093750 23813.990234 39583.558594 171112.546875 
86250.609375 15453.418945 13937.700195 16628.621094 161781.390625 
105888.812500 28914.367188 22695.677734 20047.437500 158854.187500 
85914.695312 17138.634766 17231.490234 21713.939453 160811.625000 
97056.000000 14856.655273 13290.708984 11412.841797 88579.656250 
88386.539062 15250.893555 12537.643555 13037.483398 106144.757812 
101306.796875 18132.728516 15645.957031 14105.753906 174223.984375 
100218.695312 20773.203125 30219.314453 18723.765625 166473.234375 
105840.890625 19418.066406 14893.342773 18165.750000 129609.796875 
102154.210938 30995.720703 28594.193359 18824.316406 186127.812500 
94665.664062 20360.906250 17538.947266 26533.667969 131832.343750 
94299.992188 20591.203125 23804.451172 20446.289062 158637.562500 
94365.453125 20027.544922 18245.263672 16013.354492 144748.765625 
112834.851562 23332.300781 18830.429688 16824.250000 189383.187500 
95186.054688 24244.851562 25940.205078 49137.250000 230946.796875 
109758.687500 32680.320312 33450.324219 27995.025391 241349.109375 
107034.765625 18562.466797 19031.939453 22963.689453 136383.906250 
102442.679688 20711.753906 18544.832031 23885.072266 130763.039062 
103239.195312 19983.500000 12341.494141 13030.548828 107130.476562 
123675.171875 40424.820312 29863.279297 27330.527344 275843.968750 
