85.753136 92.254135 94.273026 86.700150 80.855484 0.019782 
90.738800 102.696594 94.850204 87.595116 81.943642 0.000000 
86.715019 84.664085 81.297096 92.572281 96.260025 0.000000 
89.281555 85.678383 88.017166 87.062080 86.246307 0.000000 
86.874077 91.201363 83.625542 90.210709 80.695084 0.000000 
91.476654 80.094414 92.673943 81.005333 80.749390 0.027976 
83.485916 78.020195 78.766632 85.591515 78.937088 0.000000 
90.792023 86.254272 86.669868 78.409378 84.722153 0.019782 
90.635201 89.337616 90.011772 87.033676 81.803528 0.027976 
82.633080 79.041473 88.590530 86.033607 78.170403 0.000000 
90.598320 91.672897 83.280617 79.329475 84.227249 0.000000 
87.321266 92.423691 79.415543 84.242203 76.314186 0.019782 
87.666580 94.049438 91.871513 95.469833 78.161736 0.000000 
89.613388 94.946373 94.706223 91.175758 75.692429 0.000000 
90.167374 82.996048 80.782593 80.322212 72.168251 0.027976 
90.176796 87.192764 96.252991 95.007172 80.133934 0.034264 
89.999321 81.908302 85.468979 84.637596 89.358368 0.000000 
89.196747 77.836754 81.423653 85.626579 81.010094 0.000000 
84.231689 83.911148 89.455345 77.550430 83.122040 0.000000 
83.177719 75.691925 80.842545 90.870934 87.112328 0.000000 
