76.369179 48.659267 61.317757 52.306755 54.926136 0.000000 
79.550941 53.481510 59.193066 65.147659 64.772415 0.000000 
79.457458 79.531189 81.974800 75.472824 53.924324 0.027976 
76.074844 59.265713 45.147694 49.625458 52.948925 0.034264 
74.588737 73.314018 80.426826 77.287178 60.088661 0.019782 
70.991821 37.554928 40.370556 45.124466 46.367493 0.019782 
69.650482 57.389256 66.196526 60.099236 50.865234 0.000000 
87.846512 46.862652 47.136269 51.045689 50.388584 0.019782 
70.209129 40.789024 48.597729 53.627670 51.536053 0.027976 
67.153671 43.429539 31.702776 39.844521 54.345055 0.000000 
74.875328 50.126461 50.075138 64.579391 50.616680 0.000000 
72.060013 58.826996 57.343140 70.437805 58.203957 0.000000 
70.845360 49.143108 53.987698 52.734337 59.046436 0.000000 
82.158516 74.677841 66.576729 76.332863 61.703838 0.000000 
66.679924 45.478741 49.274548 56.009098 48.966518 0.000000 
79.981018 44.047752 52.207001 44.244877 51.993484 0.000000 
83.491585 40.440483 58.911217 46.389332 50.843864 0.019782 
73.259430 47.761196 54.725075 65.992371 52.428257 0.000000 
69.890274 42.794056 47.186790 47.089798 63.446178 0.000000 
74.463928 57.606472 57.210083 63.442196 64.255898 0.019782 
