84.646004 86.850273 87.550285 84.631447 73.118843 
85.298203 86.380119 87.173477 84.031075 70.525703 
85.971466 85.759003 86.938049 84.958542 75.307610 
86.215866 88.332985 89.086472 87.039368 70.174484 
86.501328 88.019539 88.147308 84.889763 76.655441 
85.737404 86.206497 85.680359 85.274689 73.617699 
84.977226 85.884056 87.279678 86.127396 70.876366 
84.986290 88.439812 89.133514 88.324051 74.377701 
85.288849 86.632889 84.916367 80.699692 74.376213 
87.491249 87.628914 87.314522 85.789276 69.915909 
85.087791 85.441170 86.550911 84.580399 71.293938 
85.996712 87.548836 88.759789 86.158661 73.090378 
85.067970 86.306953 88.245422 88.600281 72.056984 
85.800247 87.861618 88.618156 87.106277 69.781754 
85.845947 87.912872 89.553017 88.458801 73.097542 
84.836365 87.566780 88.279823 84.862411 72.200119 
84.992363 86.327530 88.094734 85.395065 72.891541 
86.140656 86.579216 88.199051 86.470657 65.670517 
85.993240 86.799599 87.544250 86.970169 71.084480 
85.803047 86.709305 87.957558 83.517136 67.025047 
