27412.001953 4386.838867 1814.288940 1574.819702 41769.089844 
26390.646484 3826.478516 2684.122070 1598.831421 37947.250000 
21112.574219 3229.748291 1725.620850 1181.068481 27206.533203 
17469.876953 1907.825439 1484.183350 793.079773 27782.652344 
21697.326172 2156.125000 1741.731323 1097.837402 31314.072266 
24026.035156 2923.332520 1324.207886 890.473999 39205.226562 
27999.140625 3824.469727 1908.751343 1287.102905 41439.667969 
20586.072266 2534.772461 1376.752686 1181.884033 31996.335938 
27333.671875 4691.367676 2842.014893 1472.305176 48351.800781 
22650.746094 2696.548340 2065.010254 859.117676 29797.636719 
23590.472656 3414.840576 2135.694824 1359.596802 34480.390625 
22686.746094 2388.302246 1280.623535 1044.475830 31636.867188 
23680.902344 2666.307861 2422.767334 1089.799561 33306.316406 
24919.220703 3817.614258 3925.397461 1712.406494 47374.953125 
24779.273438 2691.039795 2036.741455 1581.836792 35484.222656 
23569.880859 2891.519287 1284.782349 890.346375 34140.703125 
23904.001953 2814.660645 2356.710938 1465.505493 36293.324219 
22190.910156 6509.853516 3443.623047 2355.608154 53461.699219 
25133.164062 2886.058594 2089.166260 1307.409302 29978.906250 
24476.476562 3288.816162 1776.063477 1289.795776 32976.218750 
