1934.052124 1490.020508 920.146790 787.893372 22728.474609 
6186.905273 2024.013794 6841.802246 8281.111328 95192.210938 
25587.345703 20319.125000 15278.592773 11591.659180 118652.453125 
7888.831055 4524.219727 3693.742188 4685.832520 73426.906250 
4758.559570 1626.316772 1341.340088 1631.315430 20801.296875 
4551.183105 5519.187988 2048.412598 4273.410645 81452.250000 
7287.788574 7665.449219 3100.671875 4694.388672 158978.640625 
9290.364258 5200.698242 12704.368164 9678.154297 120690.273438 
4039.930420 1694.075195 6425.886719 1841.177124 74713.765625 
8637.219727 15128.769531 15345.864258 4351.129883 134888.484375 
19743.585938 5521.858887 21940.029297 7762.595215 74525.750000 
3749.243164 4468.126465 3057.968506 4470.150391 40953.695312 
5857.194336 5845.542480 1886.315308 1172.060303 41664.363281 
3419.404785 1216.976929 975.072693 510.708282 31944.361328 
4016.136230 13216.346680 3395.093750 4319.890625 133605.203125 
2754.663330 3487.371338 1231.149048 2240.793945 46033.785156 
4870.166992 1644.234741 2377.885742 707.616211 91672.679688 
2569.064941 1891.896606 1511.169800 2756.607178 20702.830078 
5455.479980 3152.447754 8071.777344 6423.011230 74149.476562 
4862.623535 4619.170410 4496.915527 1696.228516 59845.707031 
