4132.190918 1290.937500 503.916473 535.880859 189.655075 
12152.261719 9888.433594 7199.070312 8966.768555 4571.187500 
18402.824219 15155.745117 12562.549805 9265.938477 252563.515625 
17886.781250 14988.697266 12371.719727 8706.971680 444288.406250 
14891.400391 12300.438477 10935.254883 8348.787109 267263.812500 
11837.544922 10290.471680 8908.026367 7881.405762 27096.542969 
12309.367188 9815.454102 7720.390625 5589.368164 123261.164062 
14849.569336 12509.739258 10303.732422 7731.973633 786874.437500 
12363.491211 12828.160156 11056.755859 14254.459961 15201.714844 
14228.773438 11907.071289 9972.166016 7811.648438 414405.656250 
11407.831055 6834.795410 9615.661133 10072.070312 4663.223145 
10351.528320 8464.515625 8090.547852 7610.404785 28146.498047 
12031.660156 10033.999023 7307.968262 5642.824707 382934.656250 
10082.631836 8805.353516 7468.301270 5572.162598 830812.125000 
10358.284180 8489.247070 6668.823242 5431.288086 151033.359375 
10682.684570 8405.644531 6646.581055 4900.326660 47239.312500 
7493.400391 5329.681641 3393.274902 1680.603027 1369.975464 
9606.509766 8111.550781 6755.910156 5171.375488 257718.031250 
11252.813477 8632.055664 7718.539062 5117.158691 117815.117188 
10514.050781 9012.608398 6611.770020 5205.421387 141761.531250 
10481.282227 8244.765625 6353.371582 5054.656738 999651.125000 
10963.766602 9099.467773 7545.701660 5853.814453 340563.281250 
11553.896484 10255.278320 7804.226074 5990.186035 904648.625000 
11277.016602 9810.919922 8447.986328 6898.206543 415683.031250 
11284.063477 9656.374023 7934.144531 5798.529785 473034.406250 
11736.982422 10585.496094 8592.275391 6871.252930 312148.375000 
13274.751953 11348.153320 9810.732422 8081.228516 533912.312500 
12122.469727 9440.612305 7590.316406 5586.320312 491778.093750 
12943.141602 9866.458008 8216.678711 6046.454102 815612.625000 
12304.753906 9860.115234 7439.738770 5924.834473 306451.250000 
14491.137695 11285.512695 8296.031250 6614.649902 988642.312500 
8167.806152 6088.001953 7312.540039 8188.290527 2217.121338 
11614.506836 9788.134766 8102.835938 6460.423828 107081.460938 
12497.873047 10607.205078 8827.620117 7233.839355 944099.125000 
11599.042969 8391.538086 6758.993164 4677.260742 1154841.750000 
12472.882812 9495.816406 8184.377930 6095.864746 73328.156250 
12691.125977 10714.307617 9012.913086 6519.529785 616790.375000 
12140.632812 9049.346680 7905.900391 5575.955078 68334.312500 
11305.468750 8899.181641 7208.874512 6324.666504 857210.750000 
11129.738281 9473.702148 6689.838867 5847.249023 22480.613281 
9980.535156 7316.550293 6209.985352 3563.170654 30758.152344 
10371.858398 8862.389648 7307.994629 5940.645508 616080.812500 
11523.545898 9002.220703 7151.469238 6151.974609 75120.789062 
11051.699219 9308.899414 9334.559570 8314.380859 5498.438965 
12344.783203 10417.558594 9241.884766 6958.924316 161004.031250 
10415.146484 8627.672852 6879.466797 5448.730957 340648.062500 
6183.628906 5559.646973 7230.395020 7691.723145 822642.437500 
6510.982422 5901.420410 4641.574707 5170.564941 679348.500000 
15034.710938 12372.268555 9377.625977 7578.939941 178424.171875 
13437.590820 11286.348633 9410.547852 7356.174316 177162.656250 
9921.146484 7752.367676 6677.422852 5765.437988 854725.750000 
8387.070312 6550.919434 6197.562988 4495.818359 704533.812500 
18095.503906 49266.480469 37392.734375 26642.427734 1249525.250000 
12233.860352 10280.961914 8033.848145 6749.713379 166870.609375 
7413.429199 6814.744629 7388.624512 4130.857910 615685.937500 
13991.219727 12114.733398 10098.031250 7157.367676 134635.656250 
14551.671875 10169.563477 9500.510742 7185.864258 61145.480469 
8830.200195 7611.755859 7010.726074 5185.309570 623962.500000 
5453.289062 4963.722168 4860.912598 3204.442627 484446.843750 
36652.503906 21515.033203 17144.144531 12506.616211 1899569.750000 
12290.350586 9876.188477 8261.853516 6239.084473 241857.765625 
12960.410156 11222.290039 9805.937500 7395.171875 109130.804688 
11373.709961 9909.333984 11118.122070 10285.692383 11158.211914 
11216.505859 8666.929688 6819.772949 4285.494141 30550.869141 
22449.304688 14341.105469 12660.537109 10488.273438 1784753.125000 
10393.999023 7744.220215 6025.793457 4529.977539 33207.125000 
31537.236328 14903.720703 12136.916992 11427.109375 1763210.250000 
3006.103271 3380.576172 4131.468262 2575.291748 231035.968750 
9051.457031 6801.870117 5061.214355 4140.010254 41471.535156 
10043.854492 7994.615234 7498.745605 6683.880859 4178.378906 
26913.119141 13563.551758 9831.721680 6651.876465 1814425.125000 
11658.491211 8751.140625 6868.088379 6324.991699 57638.730469 
22060.525391 13201.845703 10798.453125 8511.588867 1783986.375000 
27585.597656 15514.237305 12585.244141 9674.018555 1971185.125000 
3396.476074 3595.791992 3590.109375 2718.342773 258686.906250 
3483.385742 4044.361084 4372.859863 5841.952148 383769.812500 
4207.512695 3591.753906 3695.415771 2768.534180 382772.875000 
4328.649414 3984.527832 5963.312500 4302.394043 508879.343750 
9169.383789 11636.948242 11023.471680 10108.542969 649613.500000 
6519.438965 5026.140625 4466.145020 4246.873047 651744.000000 
7566.921387 6179.291016 5832.448242 4261.673340 778125.562500 
5428.104004 6061.150879 4004.118408 4867.072266 732618.687500 
7045.740723 5458.594238 5093.794922 3917.486572 570891.687500 
63024.808594 26935.738281 12354.945312 8958.509766 1843680.000000 
5092.459961 4471.422852 4091.647217 3284.100830 537473.875000 
3436.101562 8517.094727 6006.833984 6035.140137 543786.875000 
10279.902344 9688.191406 9091.223633 4619.722168 3306.427734 
16228.861328 9610.494141 7801.546387 8017.179688 1119275.625000 
12467.975586 9498.092773 9200.878906 7680.936523 1047218.062500 
4753.623535 4681.810059 3909.685791 3289.558838 235963.328125 
4574.245605 4324.927734 4130.242188 3651.597412 153436.328125 
7912.180664 6136.727051 5618.928223 4196.336426 76698.437500 
3089.199463 3159.051025 3137.119873 2006.473633 166086.140625 
7057.325195 7429.168945 6638.282227 5831.454590 831724.875000 
10313.889648 9823.161133 8301.505859 6861.747070 951594.437500 
7184.722168 8614.896484 6867.393066 4964.174805 1018940.750000 
4877.969238 4524.432129 4130.874512 3649.254150 301372.656250 
7957.037109 6772.284668 5908.560059 5318.848145 99065.453125 
6321.265625 5100.785645 4446.546875 3033.399902 97512.625000 
5379.925781 8166.617188 7967.665527 6178.751465 1209875.625000 
8930.168945 8930.168945 6805.343750 5925.547363 216217.796875 
8028.451172 7606.345215 6435.669922 5794.025879 229441.109375 
4007.403320 3704.506592 3590.292725 2664.367432 423081.656250 
1462.257202 1553.293579 1402.678223 1314.490967 191601.468750 
6285.541992 5759.800293 5302.532227 3954.864990 425764.843750 
1784.889038 1286.715332 751.565735 475.422699 20687.117188 
10876.547852 9388.495117 7378.413086 5754.940918 633456.875000 
12996.752930 9445.223633 7787.623535 6307.526367 859603.062500 
18839.007812 12514.400391 9566.761719 6852.724121 1579236.500000 
5407.939941 4935.542969 4416.051270 3697.172363 1090859.375000 
6942.663574 6611.787109 6231.367188 6116.257324 1411868.500000 
35270.140625 19893.802734 13981.129883 10024.106445 1961210.125000 
21314.337891 7937.857910 6132.167969 4860.307129 1529761.375000 
8941.352539 8685.609375 8359.806641 7437.152832 1835757.375000 
11219.793945 6357.385742 5717.707520 4920.070312 1367275.750000 
16253.175781 9124.150391 7284.246094 4492.380371 856152.875000 
48292.765625 20662.882812 15540.196289 11339.050781 2590200.750000 
5798.541504 4965.605957 3844.779541 3230.499512 1016791.562500 
16041.434570 10180.146484 8232.405273 6442.186035 1157351.750000 
25309.865234 9707.458984 6326.769531 4633.530273 1310511.000000 
8200.387695 4751.824707 3668.259521 2941.225098 895196.375000 
13006.014648 7545.938965 6060.494141 4001.668213 834316.312500 
9800.036133 7949.598633 6001.978027 5079.538574 292295.250000 
27147.484375 11616.504883 7794.839844 5951.645996 1554942.000000 
19853.195312 13783.381836 9840.730469 7989.271973 1413299.250000 
6031.717285 4996.304199 3589.813232 4648.537598 13016.938477 
19835.058594 9295.865234 6580.635742 5858.829590 1229201.750000 
4670.760742 3473.628906 3067.076660 3106.501221 821660.500000 
5643.920410 4915.219727 3973.220215 3327.056885 108280.445312 
6238.942383 4125.007324 3411.343018 2415.755371 690093.312500 
6710.101074 5660.575195 5226.640625 4022.628906 400299.031250 
6966.129395 6256.747070 5753.452637 5427.798340 91480.070312 
8826.577148 5355.419434 4106.508789 3137.734863 634108.750000 
12195.254883 8050.320801 5379.369629 3713.957764 692899.062500 
13720.903320 9125.152344 8369.590820 5192.166016 972226.937500 
5918.376465 3617.664307 2909.957520 2080.347900 504357.531250 
6078.212402 5302.309082 5154.542480 3794.011475 413777.312500 
4912.651367 4093.943115 3115.727051 3088.019043 74155.507812 
6622.474121 5473.675293 5078.197754 4034.782227 63465.546875 
5565.582031 5041.200195 4875.814453 3706.238525 258203.234375 
3943.718262 2824.917725 1956.289795 1865.792480 463188.656250 
6225.728027 4462.550293 3190.619385 3353.324707 667633.687500 
8092.065918 6401.781250 5062.978516 4182.248047 556618.562500 
4503.751953 3049.503418 2117.146973 1713.111816 609580.500000 
3542.053711 2640.308350 1958.694824 1686.930054 494891.125000 
6861.118652 5810.597168 4572.553711 3474.887695 373959.718750 
3752.261963 2024.931030 1948.415283 1704.097534 514580.406250 
6068.746582 5516.711426 4839.667480 4079.769043 116129.632812 
8720.543945 4538.785156 3244.437988 2416.646973 611433.312500 
2477.127686 1753.499023 1410.006714 1343.502197 358233.812500 
2252.357422 2046.650513 1670.046875 1721.280029 469570.906250 
4630.544434 4529.620117 3648.203857 3220.055176 38267.253906 
6073.611816 4760.857910 4173.291992 3978.947510 165205.781250 
3578.608643 2576.540527 1971.815063 1747.500488 506092.687500 
6300.739258 3647.423828 3276.598633 2689.443115 589902.187500 
7934.568359 6637.020508 5844.091309 4540.522461 454717.593750 
5556.924805 5248.315430 4890.296875 4010.309814 146468.906250 
2484.516602 2306.045410 2125.745117 2111.544922 477867.562500 
7073.520508 6168.565430 5349.200684 3738.324951 71990.039062 
11089.883789 8031.057129 6772.315918 5149.777344 526003.562500 
7012.722168 4074.965576 3172.995605 2851.364258 677605.687500 
9687.601562 6506.363770 5295.300293 3974.616455 610178.750000 
2612.345703 2082.055664 1942.388428 1529.025269 554054.312500 
2088.863037 1775.880127 1377.335571 1412.182861 445038.656250 
2726.337646 2312.600342 2611.333496 2598.507568 561166.500000 
8983.783203 4669.830566 3652.125732 3051.608154 541860.312500 
2564.263428 2055.514404 1734.868774 1372.908813 481833.500000 
5838.585449 5137.554199 4545.231934 3928.232422 171449.921875 
2720.913574 2054.020508 1839.696411 1347.424072 351792.843750 
6750.963379 6110.639160 5037.770996 4172.075684 153542.796875 
6932.400879 3573.614990 2953.385010 2427.839600 486426.125000 
3141.055908 2288.837646 1929.556396 2295.779297 427347.718750 
2435.375000 2007.237793 1568.979004 1145.127563 435298.250000 
3513.799316 2429.942627 1885.588745 1389.624268 393792.343750 
6421.315430 5523.161621 4612.175781 3090.291016 60053.332031 
6479.925781 6729.759277 6659.100098 6623.141113 226268.406250 
3142.502686 2056.773682 1473.071899 1070.077515 348347.156250 
7690.406250 6737.071777 5764.594727 5212.580566 313013.875000 
9301.171875 7506.643066 6615.071777 5063.341309 520902.281250 
5363.031250 4297.430176 3505.583740 2562.408691 30785.222656 
10148.034180 6518.949707 4538.981445 3586.295166 566986.500000 
6621.170410 5276.751465 4601.316895 3258.084473 330343.875000 
5553.503906 4635.638672 3550.634521 2840.089600 10860.210938 
2847.464355 1880.468140 2334.603516 1844.036133 567725.625000 
2824.649658 2025.712769 1851.022095 1632.395264 469823.968750 
6722.393555 6690.373047 5409.513184 5289.356934 165302.515625 
5840.434570 5144.879395 3763.375732 3362.669434 68360.835938 
4892.384277 4380.667969 3732.786621 3242.340332 74846.828125 
6039.675293 5408.683594 4643.816406 3668.225342 76476.046875 
6692.462402 3488.555664 2377.151367 2115.041260 413987.375000 
6714.567871 6498.403809 5973.162598 5864.486328 279438.531250 
6473.962402 5546.656250 4686.283691 3514.232666 280437.812500 
7533.783691 6277.323242 4771.660645 4204.790039 382135.500000 
5073.961426 4799.189453 4499.189453 3717.110352 201091.406250 
3579.417236 1766.162598 1387.628662 1245.079346 324071.062500 
6384.406250 5774.762695 4651.242676 3803.566895 360710.656250 
4884.755859 4619.366211 3489.570312 3107.366211 192176.515625 
2734.074219 1590.418091 1293.698608 1197.548462 336586.156250 
6589.162109 3433.609375 2487.415283 1620.044678 484233.093750 
3904.996094 2108.126465 1592.814209 1188.937134 436018.968750 
6459.624512 6549.398438 5261.807129 4196.115234 61830.324219 
5294.629883 4432.620117 3253.118164 2594.538330 24884.763672 
8093.878906 6544.224121 5142.674316 4072.847656 556184.000000 
5427.833008 4011.341064 3124.190430 2098.542969 23622.203125 
6707.635254 5179.107910 4386.288086 3079.727051 352198.343750 
2255.263916 1698.522461 1372.775635 1357.789185 486029.812500 
5758.795410 3949.822998 2783.561523 2779.131836 22460.558594 
3369.926758 2217.330811 1807.495972 1513.124023 414309.718750 
7789.426758 4538.469727 3844.399658 3629.030518 650239.375000 
9138.569336 4629.182129 4156.673340 3312.161865 701187.875000 
5841.916992 4213.285645 4015.686279 3769.281982 519621.781250 
10034.692383 7011.381836 5065.005859 3836.350342 672831.000000 
3547.786377 2460.042480 2112.447998 1922.102539 654531.187500 
5670.983398 5185.000000 4542.657227 4524.720703 203252.625000 
4684.669922 4319.420410 4118.099121 3981.545898 90700.328125 
2461.936035 1676.707275 1367.076294 1164.738037 330200.625000 
7652.836426 6692.634766 5319.750977 4150.044434 394191.062500 
5812.906250 5349.699219 4739.275879 4225.662598 102745.820312 
2431.552246 1848.015015 1664.132935 1231.273804 432070.218750 
2160.386719 1540.751221 1313.145508 1139.839233 302792.468750 
2399.801514 1790.010986 1435.981567 1162.170288 498410.312500 
2162.239258 1587.560547 1373.753662 990.320374 324633.156250 
1910.183228 1370.567383 1150.561646 1048.886719 369898.718750 
7364.316895 3646.086914 2612.789062 2088.697266 541765.625000 
6900.399414 5802.155762 5064.351074 4588.800293 470988.812500 
6391.018555 4251.335938 3136.219971 2504.662109 15642.680664 
8058.781250 6397.911621 4844.289551 4252.557129 594795.187500 
6621.114746 5552.967285 5521.940430 4200.121094 476627.156250 
5827.591309 4584.001465 3654.908203 3268.957520 36127.722656 
2214.589111 1754.561157 1795.878540 1331.893311 545931.500000 
2078.929199 1503.088989 1352.682739 926.235657 301367.812500 
3283.118652 2275.316895 2767.695801 2638.637451 655203.125000 
4332.336426 2066.091309 1866.813965 1188.188599 341068.406250 
3842.598633 2749.592285 2829.174805 2693.893799 840660.687500 
4987.129883 4062.853027 3328.166260 3042.328369 268410.375000 
3868.687744 2896.338135 3175.796631 3361.971924 677654.125000 
2342.925049 1840.239990 1723.038818 1380.381104 406822.000000 
6172.743652 5379.351562 5245.785645 4565.784180 163926.734375 
2644.825684 2022.744995 2692.626221 4377.792969 514740.125000 
2656.628174 2343.921875 3324.138428 10259.997070 345363.968750 
2030.188843 1537.167114 1308.654907 935.178528 267925.843750 
5745.365234 5689.360352 3930.394531 3794.570557 91940.242188 
