107.617477 41.466515 39.165833 35.960361 28.598171 0.000000 
101.311760 66.543335 66.379044 69.174927 71.952820 0.000000 
120.878601 69.447075 67.256355 70.020172 77.023987 0.000000 
113.941025 91.745659 93.812424 101.154175 98.718170 0.000000 
95.096573 56.429646 64.034317 74.029160 77.923126 0.027976 
107.408943 103.575348 99.172310 99.242516 98.498543 0.000000 
106.480392 85.425079 85.746643 86.370811 91.187645 0.000000 
105.922165 87.676125 89.888588 88.977577 89.724976 0.027976 
116.113319 72.649727 72.123360 78.131111 77.804146 0.000000 
111.446770 78.747597 78.512451 79.408875 78.089142 0.000000 
111.356056 58.949783 61.605316 64.259888 61.814247 0.019782 
107.662956 56.474678 55.332306 54.654125 52.833256 0.000000 
108.710419 38.197285 45.787258 50.073761 62.925331 0.000000 
96.890785 80.222343 87.664497 86.821503 84.687477 0.000000 
102.650414 108.505760 105.358147 101.456131 99.580429 0.027976 
83.958687 80.437134 85.282463 85.810989 86.120956 0.000000 
104.812920 77.308945 75.255661 79.271294 82.778946 0.000000 
109.767197 86.526840 87.984283 85.160637 84.429207 0.000000 
114.035378 92.797424 89.522041 85.556541 83.568794 0.000000 
103.518463 44.961636 40.520054 50.948799 51.860039 0.000000 
