Episode: 1: [[ 0.00069996  0.00069996  0.00069996  0.00069998  0.00069999]
 [ 0.00069996  0.00069996  0.00069997  0.00069998  0.00069999]
 [ 0.00069997  0.00069997  0.00069997  0.00069998  0.00069999]
 [ 0.00069998  0.00069998  0.00069998  0.00069999  0.00069999]
 [ 0.00069999  0.00069999  0.00069999  0.00069999 -0.00069999]] 
Episode: 11: [[ 0.00355389  0.00295155  0.00296526  0.00351619  0.00519992]
 [ 0.0016439   0.00109448  0.00157523  0.00253056  0.00215532]
 [ 0.00209119  0.00191736  0.00229894  0.00288933  0.00196509]
 [ 0.00378404  0.0036771   0.00352547  0.00356704  0.0033034 ]
 [ 0.00163076  0.00182573  0.00179233  0.0014176  -0.00190861]] 
Episode: 21: [[ 0.00701211  0.00657255  0.00664824  0.0074587   0.00943997]
 [ 0.006066    0.00522277  0.00581438  0.00704257  0.00696473]
 [ 0.00679966  0.00645453  0.00682598  0.00734731  0.006438  ]
 [ 0.00888566  0.00855248  0.00814995  0.0079247   0.00799965]
 [ 0.00527218  0.00527037  0.00511365  0.00458528 -0.00145556]] 
Episode: 31: [[ 0.00428655  0.00447895  0.00549451  0.00758592  0.01011822]
 [ 0.00424067  0.00391357  0.00511615  0.00738564  0.00720376]
 [ 0.00665822  0.00653443  0.00726139  0.00808181  0.00669488]
 [ 0.00961216  0.00930739  0.00890618  0.00857768  0.00774582]
 [ 0.00583256  0.00567306  0.00538031  0.00472529 -0.00326133]] 
Episode: 41: [[ 0.00097251  0.00159948  0.00237601  0.00450392  0.00835934]
 [ 0.00155179  0.0016095   0.00234759  0.00458508  0.00535463]
 [ 0.00435677  0.00417096  0.00460993  0.00559728  0.0049056 ]
 [ 0.00738682  0.00693957  0.00648047  0.0063467   0.00586319]
 [ 0.00422197  0.00397232  0.00360213  0.00294245 -0.00523988]] 
Episode: 51: [[-0.00328861 -0.00228659 -0.00119962  0.00133499  0.0043884 ]
 [-0.0031152  -0.00256606 -0.0016357   0.00098976  0.0017827 ]
 [ 0.00014333  0.00018251  0.00078367  0.00214224  0.00114117]
 [ 0.00396481  0.00352839  0.0032169   0.00327973  0.00259784]
 [ 0.00083002  0.00049754  0.00012263 -0.0006222  -0.00702155]] 
Episode: 61: [[-0.00394473 -0.00184822 -0.00057189  0.00156692  0.00282004]
 [-0.00533495 -0.003978   -0.00300125 -0.00047132  0.00018292]
 [-0.00136731 -0.0010972  -0.00051538  0.00082353 -0.00059689]
 [ 0.00290033  0.00235193  0.0021177   0.0022104   0.00135382]
 [-0.00055922 -0.00117325 -0.00160725 -0.00244668 -0.00774491]] 
Episode: 71: [[-4.5863111e-03 -1.5527338e-03 -2.2962545e-04  1.5924018e-03
   2.1925599e-03]
 [-5.9624529e-03 -4.0394017e-03 -3.0440842e-03 -6.6067360e-04
   7.4594296e-05]
 [-1.2790931e-03 -9.4847614e-04 -2.0205435e-04  1.4006965e-03
   1.2416420e-04]
 [ 3.7837029e-03  3.2145432e-03  3.0805389e-03  3.1942611e-03
   2.3975132e-03]
 [-7.9687638e-04 -1.6127500e-03 -2.1233768e-03 -2.9793535e-03
  -8.7010013e-03]] 
Episode: 81: [[-5.2254624e-03 -1.5396106e-03 -1.3105017e-04  1.9212923e-03
   2.8835570e-03]
 [-6.0186479e-03 -3.7991069e-03 -2.6422464e-03  9.2285976e-05
   1.4495756e-03]
 [-1.3091743e-04  4.8811801e-04  1.5843089e-03  3.2949764e-03
   1.8897004e-03]
 [ 5.8110412e-03  5.2989088e-03  5.3674546e-03  5.6085098e-03
   5.5207261e-03]
 [-1.1777405e-03 -2.1238117e-03 -2.6814553e-03 -3.5613314e-03
  -8.9483410e-03]] 
Episode: 91: [[-0.00621486 -0.00232388 -0.0010831   0.00080251  0.00178232]
 [-0.00648994 -0.00428154 -0.00317419 -0.00027679  0.00160817]
 [ 0.00187459  0.0027825   0.00430808  0.00624403  0.00473205]
 [ 0.00843305  0.00797584  0.00830455  0.00877654  0.0094943 ]
 [-0.00046226 -0.001456   -0.00196991 -0.0028117  -0.00915182]] 
Episode: 101: [[-8.0454340e-03 -3.5496787e-03 -1.9822784e-03  4.1073472e-05
   8.8527153e-04]
 [-6.8694772e-03 -4.3274513e-03 -2.5600339e-03  9.2038198e-04
   3.1557637e-03]
 [ 4.5991889e-03  5.5910605e-03  7.4647632e-03  9.6517690e-03
   7.5984783e-03]
 [ 1.2712229e-02  1.2527962e-02  1.3588173e-02  1.4760995e-02
   1.6275637e-02]
 [ 2.5138108e-03  1.4867040e-03  1.0595244e-03  2.9612813e-04
  -9.2109358e-03]] 
Episode: 111: [[-0.0096021  -0.0043696  -0.00255428 -0.00043119 -0.00022433]
 [-0.00613604 -0.00324702 -0.00059435  0.00358141  0.00558037]
 [ 0.00935388  0.01103855  0.01373886  0.01627296  0.0111386 ]
 [ 0.0190648   0.01914717  0.02079403  0.02255233  0.0235032 ]
 [ 0.00782535  0.00668898  0.00631109  0.00558212 -0.01118041]] 
Episode: 121: [[-0.01317194 -0.00558344 -0.00298752 -0.00118193 -0.00216118]
 [-0.00712692 -0.00347657  0.00023896  0.00516029  0.00595653]
 [ 0.01285341  0.01522768  0.01863201  0.0212858   0.01263415]
 [ 0.024068    0.02434377  0.02640382  0.0285662   0.02821787]
 [ 0.01213651  0.01068508  0.01021783  0.00946948 -0.01339065]] 
