Episode: 1: [[-0.001573   -0.02344734 -0.20249426 -0.24660008 -0.03348801  0.01108703
  -0.01473354]
 [-0.00168323  0.10139792 -0.2341682  -0.23812206  0.04981392  0.02579706
  -0.02541518]
 [ 0.13718122  0.2683743  -0.25639346 -0.18080933  0.10596796  0.00847454
  -0.00983852]
 [ 0.3514663   0.3599962  -0.25721925 -0.0236478   0.10494614 -0.01174595
   0.02554554]
 [ 0.22537683  0.08644938 -0.11242631 -0.03549848  0.03378589  0.01420199
   0.01489773]] 
Episode: 11: [[-0.00155096 -0.02344627 -0.20246397 -0.24660416 -0.03347988  0.01108045
  -0.01474765]
 [-0.00169832  0.101431   -0.23418589 -0.23810455  0.04981514  0.02582809
  -0.02537227]
 [ 0.13718998  0.2684084  -0.25641438 -0.18081036  0.10595095  0.00845194
  -0.0098869 ]
 [ 0.35147563  0.3599726  -0.2572131  -0.02366433  0.10491027 -0.01173722
   0.02555245]
 [ 0.2253812   0.08642845 -0.11243474 -0.03549715  0.03376544  0.0142688
   0.01491717]] 
Episode: 21: [[-0.00153277 -0.02347    -0.20245741 -0.24658488 -0.03346032  0.01107397
  -0.01475042]
 [-0.00172381  0.10143047 -0.23420265 -0.2381177   0.04979957  0.02583835
  -0.02534018]
 [ 0.1371898   0.26840717 -0.2563615  -0.18083121  0.1059478   0.00842674
  -0.0098933 ]
 [ 0.3514778   0.35994884 -0.25721374 -0.02363466  0.10490456 -0.01171953
   0.02553299]
 [ 0.22537939  0.08638709 -0.11243488 -0.03552963  0.03375321  0.0143227
   0.014903  ]] 
Episode: 31: [[-0.00148595 -0.02346494 -0.20243895 -0.2465895  -0.0334512   0.01108663
  -0.01474855]
 [-0.00174142  0.1014006  -0.234204   -0.23810004  0.04983102  0.0258502
  -0.02532964]
 [ 0.13714588  0.2683913  -0.25630498 -0.180851    0.10594355  0.00839712
  -0.00989734]
 [ 0.3514986   0.35995418 -0.25719973 -0.02361892  0.1049014  -0.01169726
   0.02552127]
 [ 0.22537747  0.0863654  -0.11244737 -0.03552675  0.03372889  0.01434422
   0.01488816]] 
Episode: 41: [[-0.00150716 -0.02345704 -0.20245011 -0.24658199 -0.0334578   0.01109227
  -0.01474393]
 [-0.0017332   0.10138576 -0.2341897  -0.23811164  0.04982641  0.02582572
  -0.02530207]
 [ 0.13716242  0.26842412 -0.25629154 -0.18088667  0.10591438  0.00842708
  -0.00992349]
 [ 0.35151     0.35992742 -0.25722072 -0.02361028  0.10490032 -0.01170022
   0.02552232]
 [ 0.22536555  0.08638041 -0.11243431 -0.03554375  0.0337428   0.01435852
   0.01484538]] 
Episode: 51: [[-0.00149476 -0.02344493 -0.20246503 -0.2465886  -0.03345959  0.01109843
  -0.01474596]
 [-0.00172429  0.10136285 -0.23415896 -0.23810363  0.0498606   0.02582544
  -0.02525917]
 [ 0.13716285  0.2684098  -0.2562837  -0.18090641  0.10587862  0.00843844
  -0.00997351]
 [ 0.3515109   0.35993356 -0.25722566 -0.02356234  0.104888   -0.01170159
   0.02554064]
 [ 0.22533612  0.08640744 -0.11245091 -0.03552664  0.03375703  0.01435773
   0.01482403]] 
Episode: 61: [[-0.00148095 -0.02342305 -0.20246862 -0.24659483 -0.03345432  0.01110175
  -0.0147559 ]
 [-0.00173315  0.10135872 -0.23416062 -0.23810391  0.04987169  0.02582681
  -0.02522185]
 [ 0.1371514   0.2684063  -0.256265   -0.1808995   0.10587822  0.00843866
  -0.00999151]
 [ 0.3515117   0.35991186 -0.25720453 -0.02351982  0.10488769 -0.01169296
   0.02553421]
 [ 0.22529013  0.08642064 -0.1124476  -0.03551479  0.03373972  0.01437424
   0.01479772]] 
Episode: 71: [[-0.00141205 -0.02344481 -0.20252062 -0.2465969  -0.03346141  0.01111617
  -0.01479184]
 [-0.00175419  0.10138221 -0.23410976 -0.23806967  0.04986186  0.0257625
  -0.02515385]
 [ 0.1370995   0.26837566 -0.25622904 -0.18090641  0.10584849  0.00846979
  -0.0100406 ]
 [ 0.3514509   0.3599479  -0.25719073 -0.02342781  0.10484901 -0.01170217
   0.02557904]
 [ 0.22525193  0.08648687 -0.1124656  -0.03545071  0.03373774  0.01438823
   0.01478016]] 
Episode: 81: [[-0.00139222 -0.0234171  -0.20250407 -0.24658257 -0.03345545  0.01108486
  -0.01479118]
 [-0.00178124  0.10138561 -0.23414902 -0.23807532  0.04987512  0.02580655
  -0.02511895]
 [ 0.13708763  0.26837397 -0.2562307  -0.18092258  0.10582934  0.00842737
  -0.01005396]
 [ 0.35150364  0.35989144 -0.25716624 -0.02341343  0.1048782  -0.01167657
   0.02556434]
 [ 0.2252326   0.08644813 -0.11247899 -0.03546224  0.03370854  0.0144035
   0.01474205]] 
Episode: 91: [[-0.00140384 -0.02338529 -0.2025006  -0.24658215 -0.03345553  0.01109532
  -0.01479159]
 [-0.00179716  0.10137815 -0.234138   -0.2380452   0.0498507   0.02577473
  -0.02510065]
 [ 0.13707612  0.26841083 -0.2562524  -0.18093677  0.10582794  0.00843428
  -0.01007768]
 [ 0.3514835   0.35987172 -0.25716394 -0.0234234   0.10487121 -0.01167068
   0.02557029]
 [ 0.22521956  0.0864626  -0.11246895 -0.03544864  0.03371213  0.01444129
   0.01472291]] 
Episode: 101: [[-0.00138217 -0.02338394 -0.20246959 -0.24655263 -0.03348978  0.01107231
  -0.01477041]
 [-0.00181105  0.10137353 -0.23413724 -0.23801914  0.04982146  0.02583119
  -0.02512185]
 [ 0.13702403  0.26842967 -0.2562639  -0.18097031  0.10579811  0.00843139
  -0.01008587]
 [ 0.35156092  0.35990506 -0.25719097 -0.02345241  0.10487108 -0.01168572
   0.02557671]
 [ 0.22525366  0.08641008 -0.11253834 -0.03547202  0.03372119  0.01442084
   0.0147006 ]] 
Episode: 111: [[-0.00137039 -0.02336451 -0.20248583 -0.24652183 -0.03351595  0.01106536
  -0.01477257]
 [-0.00183725  0.10138679 -0.2341306  -0.23801029  0.04977852  0.02581684
  -0.0250927 ]
 [ 0.13696074  0.2684241  -0.25624508 -0.18100691  0.10580223  0.00845024
  -0.01010059]
 [ 0.3516001   0.35988092 -0.2571962  -0.02342622  0.10486651 -0.01168705
   0.02557454]
 [ 0.22523026  0.08640761 -0.11253153 -0.03547201  0.03370821  0.0144557
   0.01466682]] 
Episode: 121: [[-0.00137    -0.02334755 -0.20246014 -0.24648042 -0.03351079  0.01107156
  -0.01473987]
 [-0.00186014  0.10137179 -0.23412961 -0.23796874  0.04973313  0.02579309
  -0.0251035 ]
 [ 0.13688293  0.26843742 -0.25624982 -0.18102174  0.10583659  0.00844439
  -0.01012056]
 [ 0.3516115   0.35985467 -0.25719452 -0.02343401  0.10485194 -0.01166542
   0.02557216]
 [ 0.22522423  0.08635768 -0.11252446 -0.03546936  0.03367872  0.01450045
   0.01466633]] 
Episode: 131: [[-0.00136296 -0.02337915 -0.20243013 -0.2464628  -0.0335298   0.01104771
  -0.01475174]
 [-0.00185817  0.10138477 -0.23412511 -0.2379743   0.04971226  0.02580359
  -0.02505846]
 [ 0.13688006  0.26844698 -0.25623366 -0.18104577  0.10580741  0.00845505
  -0.01014937]
 [ 0.3516474   0.35987133 -0.25722703 -0.02342769  0.10484084 -0.01166098
   0.02556587]
 [ 0.22522233  0.08632854 -0.11254878 -0.03548251  0.0336925   0.01452221
   0.01466265]] 
Episode: 141: [[-0.00136769 -0.02340884 -0.20240112 -0.24646062 -0.03354333  0.01105475
  -0.01474365]
 [-0.00183936  0.10138199 -0.23410253 -0.2379608   0.04970058  0.02579549
  -0.02504893]
 [ 0.13686453  0.26845482 -0.2562202  -0.18104856  0.10579099  0.0084795
  -0.01018066]
 [ 0.351669    0.35992035 -0.25726232 -0.02343972  0.10480485 -0.01166665
   0.02557152]
 [ 0.22523712  0.08631749 -0.11256373 -0.03549474  0.03370216  0.01453735
   0.01469199]] 
Episode: 151: [[-0.00133885 -0.02341292 -0.20238605 -0.24645746 -0.03353314  0.01104324
  -0.01473974]
 [-0.001849    0.10138451 -0.23411174 -0.2379453   0.04969629  0.0258153
  -0.02503497]
 [ 0.13685648  0.26846665 -0.25622797 -0.18105952  0.10577052  0.00846255
  -0.01018862]
 [ 0.35167313  0.35991108 -0.2572641  -0.02344036  0.10479725 -0.01165298
   0.02556438]
 [ 0.22523792  0.08630899 -0.11257762 -0.03548472  0.03369022  0.01454834
   0.01467457]] 
Episode: 161: [[-0.00135229 -0.02341822 -0.20239036 -0.24644132 -0.03354213  0.01103449
  -0.01474949]
 [-0.00186086  0.10136854 -0.23410578 -0.23796543  0.04969634  0.02581434
  -0.02499723]
 [ 0.13685988  0.26845115 -0.25616    -0.18108808  0.10575037  0.00845512
  -0.01020199]
 [ 0.35170716  0.3599062  -0.2572746  -0.02339704  0.10482122 -0.01163831
   0.02555272]
 [ 0.22522914  0.08627793 -0.11258238 -0.03552488  0.03369281  0.01456872
   0.01463721]] 
Episode: 171: [[-0.00140452 -0.02344929 -0.20238635 -0.24646644 -0.03356907  0.01107024
  -0.01478063]
 [-0.00182582  0.10138179 -0.23401658 -0.23791562  0.04962503  0.02569823
  -0.0249472 ]
 [ 0.13688925  0.26850933 -0.2562031  -0.18106852  0.10575961  0.00857449
  -0.01026226]
 [ 0.35158598  0.3599637  -0.25733864 -0.02338765  0.10473396 -0.01168809
   0.02560219]
 [ 0.22518009  0.08636462 -0.11254529 -0.03547677  0.03375311  0.01462171
   0.01466873]] 
Episode: 181: [[-0.00139476 -0.02350087 -0.20233592 -0.24646847 -0.03357599  0.01107332
  -0.01478229]
 [-0.0018088   0.10137305 -0.23399173 -0.23789659  0.04961028  0.02568975
  -0.0249317 ]
 [ 0.1368999   0.26854178 -0.25619236 -0.18109618  0.10573186  0.00858708
  -0.01028352]
 [ 0.3515742   0.3600144  -0.25738904 -0.02342226  0.10469831 -0.01168942
   0.02559959]
 [ 0.225214    0.08634236 -0.1125629  -0.03547494  0.03378239  0.01464517
   0.01469029]] 
Episode: 191: [[-0.00135604 -0.02350923 -0.20231049 -0.24646617 -0.03357403  0.01108635
  -0.01476337]
 [-0.00181493  0.10137191 -0.23399143 -0.23787388  0.04960446  0.02568468
  -0.02492057]
 [ 0.13685645  0.26855254 -0.2561751  -0.18111879  0.10569219  0.00858591
  -0.01031736]
 [ 0.3516105   0.36004612 -0.25739512 -0.02344878  0.10466529 -0.01168088
   0.02560037]
 [ 0.22525367  0.08634287 -0.11259745 -0.03546935  0.03376754  0.01467788
   0.01468745]] 
Episode: 201: [[-0.00135494 -0.02354286 -0.20230164 -0.24644443 -0.03356678  0.01108437
  -0.01476074]
 [-0.00182827  0.10137069 -0.23400179 -0.23789208  0.04958968  0.02569262
  -0.02490095]
 [ 0.13687213  0.2685881  -0.25610575 -0.18115814  0.10566102  0.00856957
  -0.01032539]
 [ 0.3516379   0.36002624 -0.25741714 -0.02344869  0.10466411 -0.01166607
   0.02558468]
 [ 0.22528788  0.08628979 -0.11259556 -0.03553174  0.03375615  0.01472154
   0.01466093]] 
Episode: 211: [[-0.00136505 -0.02343637 -0.20233987 -0.24651197 -0.03347903  0.01109368
  -0.01476004]
 [-0.00185903  0.10134996 -0.2340268  -0.23782079  0.04962004  0.02568769
  -0.02485691]
 [ 0.13700978  0.26876152 -0.25625223 -0.18108384  0.10555765  0.00856264
  -0.01040615]
 [ 0.35150817  0.3599193  -0.25734568 -0.02343681  0.10465169 -0.01166188
   0.02566889]
 [ 0.22521976  0.0864128  -0.11264706 -0.03552166  0.03374632  0.0147462
   0.01454218]] 
Episode: 221: [[-0.00134653 -0.02343263 -0.20239472 -0.24649398 -0.03344745  0.01109794
  -0.01475905]
 [-0.00189567  0.10136462 -0.23401289 -0.23779699  0.04961168  0.02569104
  -0.02482018]
 [ 0.13698553  0.26868924 -0.25624335 -0.18106617  0.10556492  0.00853764
  -0.01046578]
 [ 0.35147765  0.35991874 -0.25732315 -0.02334473  0.10460906 -0.01165275
   0.0257039 ]
 [ 0.22519605  0.08642199 -0.11266322 -0.03552571  0.03372886  0.01481708
   0.01456888]] 
Episode: 231: [[-0.00131321 -0.02345463 -0.20239866 -0.24647611 -0.0334469   0.01109532
  -0.01475521]
 [-0.00191235  0.10137044 -0.23401128 -0.23778963  0.04959251  0.02566467
  -0.02479363]
 [ 0.13694428  0.26867527 -0.25620866 -0.18110426  0.10554437  0.00854193
  -0.01048186]
 [ 0.3514942   0.3599151  -0.25733542 -0.02332903  0.10459245 -0.01164066
   0.0256978 ]
 [ 0.22520202  0.08642004 -0.11265926 -0.03552327  0.03371609  0.0148479
   0.01454711]] 
Episode: 241: [[-0.00129492 -0.02341613 -0.20246476 -0.2465133  -0.03340535  0.01112089
  -0.01476557]
 [-0.00193374  0.10135493 -0.23400317 -0.23777896  0.04958033  0.02560817
  -0.02474695]
 [ 0.13699558  0.26875162 -0.2562171  -0.18109098  0.10547083  0.00858185
  -0.01051043]
 [ 0.3514151   0.3598936  -0.25730652 -0.02327915  0.10457833 -0.0116458
   0.02571921]
 [ 0.22515242  0.08655186 -0.11268868 -0.03551307  0.03373366  0.01486319
   0.01444081]] 
Episode: 251: [[-0.00126555 -0.02337507 -0.20253058 -0.24652697 -0.03336152  0.01112969
  -0.01476222]
 [-0.00193693  0.10130095 -0.23396884 -0.23773515  0.04961574  0.02555894
  -0.02470855]
 [ 0.1370136   0.26879534 -0.25626308 -0.18107569  0.10543459  0.00864263
  -0.01057   ]
 [ 0.35132024  0.35982472 -0.25728664 -0.02316666  0.10455362 -0.01165041
   0.0257806 ]
 [ 0.22501607  0.08665492 -0.11270633 -0.03547041  0.03374298  0.01483249
   0.01432449]] 
Episode: 261: [[-0.00125501 -0.02338753 -0.2025293  -0.24651472 -0.0333514   0.0111303
  -0.01476092]
 [-0.00195363  0.10129647 -0.23397416 -0.237739    0.04961947  0.02555535
  -0.02469838]
 [ 0.13699889  0.26875967 -0.25622556 -0.18109669  0.10543242  0.00861254
  -0.01057862]
 [ 0.35133818  0.3598353  -0.25728622 -0.02316306  0.1045527  -0.01162737
   0.02577219]
 [ 0.22504434  0.08663051 -0.11271314 -0.03548611  0.03373914  0.01487388
   0.01434142]] 
Episode: 271: [[-0.00122438 -0.02340543 -0.20252511 -0.24647385 -0.03334803  0.01111289
  -0.01475407]
 [-0.00197476  0.10132112 -0.2340127  -0.23775057  0.04960127  0.02552521
  -0.02468516]
 [ 0.13695636  0.26878425 -0.25621146 -0.18112613  0.10543216  0.00863864
  -0.01059853]
 [ 0.35138354  0.3597598  -0.25728318 -0.02316612  0.10453928 -0.01161759
   0.02577874]
 [ 0.22502683  0.08660173 -0.11270386 -0.0355042   0.03370092  0.01490641
   0.01429478]] 
Episode: 281: [[-0.0012254  -0.02338609 -0.20251656 -0.24645764 -0.03338027  0.01110013
  -0.0147717 ]
 [-0.0019994   0.10131648 -0.23403296 -0.237788    0.04961173  0.02555176
  -0.0246464 ]
 [ 0.13692927  0.26874992 -0.25613737 -0.18115973  0.10542939  0.0086295
  -0.01060475]
 [ 0.3514843   0.35975185 -0.25727826 -0.02314913  0.10456439 -0.0116151
   0.02576647]
 [ 0.22502355  0.08656225 -0.11272592 -0.03555797  0.03369754  0.01495343
   0.01427649]] 
Episode: 291: [[-0.00121088 -0.02337679 -0.20251566 -0.24645454 -0.03338688  0.01109897
  -0.01477076]
 [-0.00200889  0.10132277 -0.23401529 -0.23775668  0.04957927  0.02552295
  -0.02461394]
 [ 0.13688488  0.2687485  -0.2561496  -0.1811627   0.10541426  0.00864138
  -0.01063034]
 [ 0.35147914  0.35977006 -0.25728005 -0.02312927  0.10455041 -0.01160605
   0.02576454]
 [ 0.22500092  0.08658914 -0.11273023 -0.03552525  0.03369391  0.01496421
   0.01426746]] 
Episode: 301: [[-0.00116861 -0.02338268 -0.20260796 -0.24641906 -0.0333644   0.01110002
  -0.01474636]
 [-0.00202551  0.10128696 -0.2340358  -0.237827    0.04965359  0.02551836
  -0.02461395]
 [ 0.13689443  0.26871753 -0.25609586 -0.18122639  0.10534234  0.00865407
  -0.01066996]
 [ 0.3515444   0.35973322 -0.2572588  -0.02308014  0.10456376 -0.0116226
   0.02581611]
 [ 0.22502315  0.08661141 -0.11280838 -0.03559586  0.03372743  0.01494015
   0.01420801]] 
Episode: 311: [[-0.00116023 -0.02338362 -0.20260355 -0.24639656 -0.03337507  0.01109056
  -0.014752  ]
 [-0.00204497  0.10129996 -0.23403637 -0.23782662  0.04960969  0.02551612
  -0.02458079]
 [ 0.13686372  0.26872897 -0.25606883 -0.18124104  0.10534281  0.00865532
  -0.01067365]
 [ 0.35155585  0.35971949 -0.25726002 -0.02305261  0.10456743 -0.01161665
   0.02579857]
 [ 0.2250042   0.08659049 -0.11280596 -0.03559961  0.03371467  0.01496451
   0.0141821 ]] 
Episode: 321: [[-0.00114919 -0.02341713 -0.20258848 -0.24638917 -0.03339801  0.01108444
  -0.01475346]
 [-0.00203168  0.10129308 -0.23401476 -0.23782891  0.04961077  0.02551075
  -0.02456363]
 [ 0.13685198  0.2687165  -0.2560365  -0.18128222  0.10530213  0.00867054
  -0.01069149]
 [ 0.3516      0.35976878 -0.25730297 -0.0230645   0.10455566 -0.01161405
   0.02579783]
 [ 0.22503686  0.08658547 -0.11283163 -0.03560944  0.03373823  0.01496883
   0.01418351]] 
Episode: 331: [[-0.00115293 -0.02343491 -0.20256586 -0.2463879  -0.03339425  0.01108331
  -0.01476562]
 [-0.00204109  0.10129587 -0.2340163  -0.23782599  0.04959331  0.02551839
  -0.02454261]
 [ 0.13686894  0.2687353  -0.2560161  -0.18128967  0.1053047   0.00866213
  -0.01069861]
 [ 0.3515934   0.35977116 -0.25732    -0.02307127  0.10453768 -0.01160825
   0.02579056]
 [ 0.22504342  0.08656022 -0.11283112 -0.03563283  0.03374373  0.01502371
   0.01419699]] 
Episode: 341: [[-0.0011171  -0.02346935 -0.20254906 -0.2463593  -0.03337026  0.0110923
  -0.014756  ]
 [-0.00206628  0.10129854 -0.23402946 -0.23781699  0.04958245  0.02551736
  -0.02453456]
 [ 0.1368402   0.2687529  -0.2559663  -0.18131265  0.10530894  0.00864313
  -0.01072519]
 [ 0.3515956   0.3597481  -0.25732002 -0.02306418  0.1045038  -0.01159166
   0.02578937]
 [ 0.22506133  0.08650091 -0.11283635 -0.03566048  0.03371478  0.01508564
   0.01419653]] 
Episode: 351: [[-0.00106527 -0.02354846 -0.20251265 -0.24636443 -0.03345985  0.01111758
  -0.01477269]
 [-0.00204982  0.10137055 -0.23396467 -0.23776951  0.04949758  0.02547775
  -0.0245098 ]
 [ 0.13673832  0.26878005 -0.2559444  -0.1813966   0.10528159  0.00871423
  -0.01074457]
 [ 0.35162887  0.35985494 -0.25741678 -0.02314341  0.10440087 -0.01165376
   0.02578201]
 [ 0.22513959  0.08651892 -0.11279172 -0.03561939  0.0337328   0.01512319
   0.01426992]] 
Episode: 361: [[-0.00103858 -0.02360232 -0.20252056 -0.24633771 -0.03347027  0.01112681
  -0.01476578]
 [-0.00205156  0.10136586 -0.23394479 -0.2377845   0.04947712  0.02544064
  -0.02449177]
 [ 0.13670322  0.26875982 -0.25586215 -0.18144543  0.10525078  0.00874516
  -0.01076261]
 [ 0.35165608  0.35988957 -0.25745007 -0.02311882  0.10437828 -0.01165806
   0.02578037]
 [ 0.22516762  0.08650818 -0.11280853 -0.03564092  0.03373959  0.01514268
   0.01424357]] 
Episode: 371: [[-0.00101611 -0.02353057 -0.20256144 -0.24634503 -0.03350845  0.01110631
  -0.01476055]
 [-0.00205939  0.10128414 -0.23386547 -0.23771842  0.04948882  0.02547053
  -0.02447203]
 [ 0.13665414  0.26869947 -0.25586805 -0.18151318  0.1051784   0.00874121
  -0.01076197]
 [ 0.3516868   0.35995284 -0.25748703 -0.023047    0.10442519 -0.01163923
   0.02578335]
 [ 0.2251313   0.08657957 -0.11287209 -0.03558587  0.03378627  0.01507679
   0.01412948]] 
Episode: 381: [[-0.00099111 -0.02355902 -0.20256867 -0.2463212  -0.03352     0.01111226
  -0.01475973]
 [-0.00207071  0.10126504 -0.233853   -0.23773324  0.04949411  0.02546437
  -0.0244517 ]
 [ 0.13662219  0.2686867  -0.25578403 -0.18157113  0.10515407  0.00874664
  -0.01077915]
 [ 0.3517358   0.35996562 -0.2575125  -0.02302534  0.10441452 -0.01163495
   0.02577976]
 [ 0.2251497   0.08655111 -0.11288851 -0.03562729  0.03379413  0.01510745
   0.01411051]] 
Episode: 391: [[-0.00097415 -0.02354767 -0.20256011 -0.24628353 -0.03353624  0.01110889
  -0.01474671]
 [-0.00210675  0.10126099 -0.23386085 -0.23771118  0.04945664  0.02545584
  -0.02446098]
 [ 0.13653551  0.2686784  -0.25575557 -0.18159707  0.10517809  0.00874351
  -0.01078108]
 [ 0.35178843  0.35995737 -0.25751144 -0.02302712  0.10441127 -0.01162652
   0.02577865]
 [ 0.22515076  0.08650628 -0.11290008 -0.03564993  0.03377296  0.01514345
   0.01410208]] 
Episode: 401: [[-0.00096341 -0.02354372 -0.20255868 -0.24623846 -0.03354668  0.01109796
  -0.01474371]
 [-0.00214154  0.10127601 -0.23387988 -0.23772186  0.04941741  0.02546738
  -0.0244416 ]
 [ 0.13648193  0.26867536 -0.25571436 -0.1816226   0.10519765  0.00873174
  -0.01078968]
 [ 0.35183853  0.35992333 -0.25750333 -0.02300653  0.10441412 -0.01161806
   0.0257664 ]
 [ 0.22514546  0.08644912 -0.11290539 -0.03568346  0.03374892  0.01519317
   0.01409002]] 
Episode: 411: [[-0.00092193 -0.02355651 -0.20259382 -0.24625929 -0.03353389  0.01111256
  -0.01473858]
 [-0.00216379  0.10126631 -0.2338533  -0.23770271  0.04945659  0.02546594
  -0.02441095]
 [ 0.13646324  0.26847625 -0.25571835 -0.18169133  0.10516729  0.00871157
  -0.01085903]
 [ 0.35187346  0.3600292  -0.25754398 -0.02301224  0.10432263 -0.01162142
   0.02580282]
 [ 0.22523086  0.08653014 -0.11295641 -0.03566239  0.0338093   0.01534218
   0.01417967]] 
Episode: 421: [[-0.000895   -0.02355592 -0.20260958 -0.24621561 -0.03355427  0.01110133
  -0.01472556]
 [-0.00219803  0.10128462 -0.23385765 -0.23768885  0.04941497  0.02545992
  -0.02440851]
 [ 0.13638517  0.2684563  -0.25569624 -0.18174538  0.10515758  0.00870696
  -0.01087064]
 [ 0.35193986  0.3600211  -0.25755697 -0.02301884  0.10431315 -0.01161247
   0.02580547]
 [ 0.22526315  0.08650586 -0.11296735 -0.03568011  0.0337914   0.01538379
   0.01416671]] 
Episode: 431: [[-0.0008848  -0.02354093 -0.20262069 -0.24622436 -0.03353886  0.0110899
  -0.01472629]
 [-0.00220319  0.10127586 -0.233866   -0.23768276  0.04946743  0.02548618
  -0.02437524]
 [ 0.13643946  0.26847568 -0.2557249  -0.18178248  0.10510114  0.0087072
  -0.01092986]
 [ 0.3519495   0.35995716 -0.25756463 -0.02300864  0.10429628 -0.01161988
   0.02584533]
 [ 0.22525425  0.08651591 -0.1129784  -0.03569358  0.03379292  0.01541168
   0.0141088 ]] 
Episode: 441: [[-0.00077252 -0.02366111 -0.20284119 -0.24605687 -0.03363268  0.01111492
  -0.01466463]
 [-0.00227166  0.10121444 -0.23378366 -0.23776351  0.04941084  0.02550072
  -0.02451365]
 [ 0.13625064  0.26838633 -0.2553684  -0.18194179  0.10498656  0.00878907
  -0.01087371]
 [ 0.35214773  0.3601199  -0.25762048 -0.02284424  0.10433675 -0.01173071
   0.0259523 ]
 [ 0.22542672  0.08642443 -0.113221   -0.03592709  0.03383595  0.01526039
   0.01393046]] 
Episode: 451: [[-0.00074152 -0.02362231 -0.20286919 -0.24604377 -0.03363205  0.01111864
  -0.01465337]
 [-0.00232142  0.10119282 -0.23378894 -0.23773405  0.04938159  0.02548909
  -0.02451356]
 [ 0.13619064  0.26840264 -0.25533155 -0.18197069  0.1049625   0.00877757
  -0.01086344]
 [ 0.35217065  0.36010206 -0.25760075 -0.02282008  0.1043565  -0.01172005
   0.02595139]
 [ 0.22542046  0.08643331 -0.11324345 -0.0359452   0.03381375  0.0152717
   0.01385019]] 
Episode: 461: [[-0.00070963 -0.02381794 -0.20280504 -0.24600632 -0.03354016  0.0111038
  -0.01463322]
 [-0.00234838  0.1011945  -0.23393677 -0.23787577  0.04944053  0.02554808
  -0.02448906]
 [ 0.13637953  0.26858705 -0.2553252  -0.18201156  0.10491217  0.00885829
  -0.01100541]
 [ 0.3522097   0.35999054 -0.25766158 -0.02290311  0.10417257 -0.01185515
   0.02605308]
 [ 0.22544236  0.08628275 -0.11336784 -0.03625744  0.03394255  0.01544101
   0.0139427 ]] 
Episode: 471: [[-0.00070735 -0.02385182 -0.20279953 -0.24600418 -0.03351926  0.01108979
  -0.01463126]
 [-0.00234182  0.10117327 -0.23391691 -0.23786448  0.04945345  0.02557249
  -0.02445718]
 [ 0.13644499  0.26861572 -0.25532502 -0.18203956  0.10484557  0.00885763
  -0.01105551]
 [ 0.35218704  0.35999396 -0.25770253 -0.02287542  0.10415151 -0.01185133
   0.02607204]
 [ 0.22544721  0.08627053 -0.1134067  -0.03628127  0.03397197  0.01545367
   0.0138981 ]] 
Episode: 481: [[-0.00069405 -0.02388486 -0.20272723 -0.24602695 -0.03350979  0.01110598
  -0.01460222]
 [-0.00231956  0.10115985 -0.23391715 -0.23778933  0.049426    0.0255338
  -0.02450134]
 [ 0.13644849  0.268796   -0.25544047 -0.1820351   0.10482342  0.00893251
  -0.0110897 ]
 [ 0.35214436  0.35999224 -0.25775808 -0.02300415  0.10405599 -0.01189237
   0.02611458]
 [ 0.22544566  0.08628679 -0.11341608 -0.03629227  0.03400622  0.0154534
   0.01392794]] 
Episode: 491: [[-0.00063307 -0.02388665 -0.2027249  -0.24601851 -0.0335027   0.01112435
  -0.01456867]
 [-0.00234703  0.10114779 -0.23390427 -0.23772818  0.04939011  0.02551632
  -0.02452684]
 [ 0.1363552   0.2687853  -0.25543147 -0.18206473  0.10480605  0.00891973
  -0.01108707]
 [ 0.35214832  0.36003432 -0.25776336 -0.02302386  0.10402256 -0.0118823
   0.02611286]
 [ 0.22548884  0.08629964 -0.11343827 -0.03626422  0.03398371  0.01547197
   0.01391964]] 
Episode: 501: [[-0.0006486  -0.02389566 -0.20277314 -0.24602656 -0.03350123  0.01114149
  -0.01458574]
 [-0.0023435   0.10113952 -0.23386693 -0.2377344   0.04942662  0.02544704
  -0.02443282]
 [ 0.13642973  0.26885158 -0.25541422 -0.18211338  0.10469414  0.00898914
  -0.01121565]
 [ 0.352129    0.35999644 -0.25778553 -0.02297266  0.10398168 -0.01191728
   0.02619935]
 [ 0.22547023  0.08635596 -0.1134588  -0.03630433  0.03402124  0.01551661
   0.01384501]] 
Episode: 511: [[-0.00064375 -0.0239283  -0.20276932 -0.24598336 -0.03350256  0.01114226
  -0.01455921]
 [-0.00235217  0.1011311  -0.23387459 -0.23775525  0.04940839  0.02541836
  -0.02443592]
 [ 0.13638507  0.26882437 -0.2553509  -0.18215865  0.10468746  0.00899038
  -0.01122403]
 [ 0.35218123  0.35999388 -0.25780147 -0.02297295  0.10398348 -0.01190335
   0.02618795]
 [ 0.22550933  0.08630718 -0.11345971 -0.0363405   0.0340085   0.01554072
   0.01383428]] 
Episode: 521: [[-0.00058581 -0.0239592  -0.20277168 -0.24596822 -0.03349221  0.01114108
  -0.01454559]
 [-0.00236346  0.10113442 -0.23387587 -0.2377455   0.04940332  0.02540771
  -0.02442054]
 [ 0.1363444   0.2688215  -0.25531057 -0.18219988  0.10463645  0.00897853
  -0.01123763]
 [ 0.35220653  0.36000675 -0.2578108  -0.02296999  0.10396866 -0.01188003
   0.02617892]
 [ 0.22554527  0.08630746 -0.11348067 -0.03633368  0.03398807  0.0155504
   0.01380565]] 
Episode: 531: [[-0.00055075 -0.02398733 -0.20277189 -0.2459456  -0.03350282  0.011131
  -0.01452668]
 [-0.00239252  0.10116147 -0.23384754 -0.23768401  0.0493242   0.02539097
  -0.02439643]
 [ 0.13628371  0.26879448 -0.2553461  -0.18222648  0.10457906  0.00900178
  -0.01130576]
 [ 0.35222146  0.3600931  -0.25785282 -0.02297148  0.10389779 -0.01189523
   0.02621378]
 [ 0.22559096  0.086333   -0.1135582  -0.03632087  0.03401315  0.01560845
   0.01381314]] 
Episode: 541: [[-0.00053518 -0.02402133 -0.2027815  -0.24595967 -0.03350255  0.01114322
  -0.0145293 ]
 [-0.00238368  0.10112645 -0.23380654 -0.23767677  0.04933557  0.02534931
  -0.02435502]
 [ 0.13629371  0.26878494 -0.25527108 -0.18226163  0.10449662  0.00902491
  -0.01133831]
 [ 0.35222453  0.3601572  -0.25788888 -0.02293295  0.10388839 -0.01188422
   0.02621894]
 [ 0.22560738  0.08637111 -0.11359146 -0.03633254  0.03403594  0.01560958
   0.01375803]] 
Episode: 551: [[-0.00054863 -0.02403816 -0.20276493 -0.24595948 -0.0335024   0.01116304
  -0.01452512]
 [-0.0023807   0.10109554 -0.23379546 -0.23768356  0.04934409  0.02531588
  -0.02434988]
 [ 0.13629758  0.2687972  -0.25521207 -0.18228932  0.10448276  0.00903006
  -0.01134768]
 [ 0.35223624  0.36017457 -0.25790665 -0.02294671  0.10388801 -0.01187571
   0.02621357]
 [ 0.22563381  0.08635182 -0.11358888 -0.03636554  0.03404685  0.0156364
   0.01375228]] 
Episode: 561: [[-0.00055089 -0.02409847 -0.20273203 -0.24594507 -0.03347868  0.01115398
  -0.01453964]
 [-0.00238504  0.10111719 -0.2338031  -0.23768012  0.04931973  0.02528322
  -0.0243317 ]
 [ 0.1363123   0.26879296 -0.25520238 -0.18227929  0.10450234  0.00901046
  -0.01136079]
 [ 0.35220236  0.3601916  -0.25792444 -0.0229654   0.10386026 -0.01184176
   0.02620711]
 [ 0.22565645  0.08631249 -0.11357952 -0.03637379  0.03405065  0.01570197
   0.01382116]] 
Episode: 571: [[-0.00053351 -0.02406938 -0.20280088 -0.24592769 -0.03353735  0.01117999
  -0.01452574]
 [-0.00238584  0.10108181 -0.2337559  -0.237678    0.04930646  0.02519908
  -0.02432944]
 [ 0.13624147  0.26883644 -0.2551809  -0.1823626   0.10442404  0.00913022
  -0.01140338]
 [ 0.35229102  0.36022973 -0.25796586 -0.02298301  0.10383122 -0.01189213
   0.02627314]
 [ 0.22566545  0.08641935 -0.11364787 -0.03640716  0.03411385  0.01569445
   0.01375082]] 
Episode: 581: [[-0.00052733 -0.02407915 -0.2027628  -0.24589115 -0.03355242  0.01117557
  -0.01450487]
 [-0.00241782  0.1010832  -0.23376957 -0.23765013  0.04925587  0.02521777
  -0.02434649]
 [ 0.13618796  0.2688714  -0.2551459  -0.1824038   0.1044183   0.00911483
  -0.01140901]
 [ 0.35236013  0.3602299  -0.2579946  -0.02303183  0.10381337 -0.01188318
   0.0262688 ]
 [ 0.2257214   0.08634237 -0.11366809 -0.0364664   0.0340903   0.01576031
   0.01374352]] 
Episode: 591: [[-0.00047959 -0.0241901  -0.20267022 -0.24593057 -0.03356694  0.01117786
  -0.01450697]
 [-0.0023834   0.10114296 -0.23375213 -0.23759189  0.04923156  0.02521822
  -0.02431037]
 [ 0.13615721  0.26885092 -0.25523973 -0.18241453  0.1044063   0.00916419
  -0.01149692]
 [ 0.35237998  0.36036095 -0.25810498 -0.02315035  0.10361718 -0.01192453
   0.0262894 ]
 [ 0.2257736   0.08637557 -0.11367059 -0.03645127  0.03414973  0.01588906
   0.01396661]] 
Episode: 601: [[-0.00045539 -0.02424764 -0.20266496 -0.24590614 -0.03352539  0.01117075
  -0.0145147 ]
 [-0.00242052  0.10115617 -0.23374403 -0.23756331  0.04917146  0.02523606
  -0.02427827]
 [ 0.13618413  0.2688589  -0.2552333  -0.18242535  0.10441093  0.00913876
  -0.01152885]
 [ 0.35230315  0.36037087 -0.25813577 -0.02311742  0.10355097 -0.01191741
   0.02629752]
 [ 0.22578432  0.08633762 -0.11369735 -0.0364742   0.03417031  0.01599953
   0.01399389]] 
Episode: 611: [[-0.00038306 -0.02425006 -0.202719   -0.24594606 -0.0335934   0.01121125
  -0.01452767]
 [-0.00243313  0.10120781 -0.23365645 -0.23747472  0.04914335  0.02512066
  -0.0241889 ]
 [ 0.1360563   0.26877934 -0.25534213 -0.18250671  0.10433755  0.00926348
  -0.01169166]
 [ 0.35233116  0.3605155  -0.258204   -0.02315744  0.10336033 -0.01201379
   0.02640761]
 [ 0.22580616  0.08654124 -0.11373441 -0.03639315  0.03427449  0.0161209
   0.01412915]] 
Episode: 621: [[-3.57055862e-04 -2.42513828e-02 -2.02710345e-01 -2.45941624e-01
  -3.35815251e-02  1.12058939e-02 -1.45265171e-02]
 [-2.44795298e-03  1.01211555e-01 -2.33667254e-01 -2.37463191e-01
   4.91402484e-02  2.51231361e-02 -2.41670590e-02]
 [ 1.36040151e-01  2.68790424e-01 -2.55342871e-01 -1.82512134e-01
   1.04325458e-01  9.25265998e-03 -1.17101446e-02]
 [ 3.52332145e-01  3.60499799e-01 -2.58195400e-01 -2.31475364e-02
   1.03349537e-01 -1.20027075e-02  2.64052600e-02]
 [ 2.25793719e-01  8.65345523e-02 -1.13742478e-01 -3.63883264e-02
   3.42616811e-02  1.61395185e-02  1.41187040e-02]] 
Episode: 631: [[-3.1504771e-04 -2.4289764e-02 -2.0273066e-01 -2.4591926e-01
  -3.3560582e-02  1.1213568e-02 -1.4525766e-02]
 [-2.4530378e-03  1.0122552e-01 -2.3366269e-01 -2.3747639e-01
   4.9141258e-02  2.5096305e-02 -2.4122177e-02]
 [ 1.3602045e-01  2.6877946e-01 -2.5530356e-01 -1.8253806e-01
   1.0431193e-01  9.2678405e-03 -1.1756306e-02]
 [ 3.5231936e-01  3.6047518e-01 -2.5819713e-01 -2.3095883e-02
   1.0330782e-01 -1.1995358e-02  2.6408359e-02]
 [ 2.2577441e-01  8.6537540e-02 -1.1373426e-01 -3.6380865e-02
   3.4248184e-02  1.6179023e-02  1.4110095e-02]] 
Episode: 641: [[-2.97559425e-04 -2.42805164e-02 -2.02745587e-01 -2.45891929e-01
  -3.35637815e-02  1.12008629e-02 -1.45200146e-02]
 [-2.47981609e-03  1.01196215e-01 -2.33658195e-01 -2.37474382e-01
   4.91644628e-02  2.51046531e-02 -2.40775403e-02]
 [ 1.35968104e-01  2.68717349e-01 -2.55250692e-01 -1.82584018e-01
   1.04305990e-01  9.25767701e-03 -1.18009076e-02]
 [ 3.52378428e-01  3.60446304e-01 -2.58203268e-01 -2.30225287e-02
   1.03304811e-01 -1.19800372e-02  2.64112763e-02]
 [ 2.25729063e-01  8.65048021e-02 -1.13735579e-01 -3.64125744e-02
   3.42394970e-02  1.62163973e-02  1.40820285e-02]] 
Episode: 651: [[-2.84481473e-04 -2.43159980e-02 -2.02746689e-01 -2.45880693e-01
  -3.35587487e-02  1.12143420e-02 -1.45061500e-02]
 [-2.46989680e-03  1.01153955e-01 -2.33618036e-01 -2.37474695e-01
   4.91793975e-02  2.50762422e-02 -2.40374319e-02]
 [ 1.35947838e-01  2.68676907e-01 -2.55190611e-01 -1.82624891e-01
   1.04272351e-01  9.27270390e-03 -1.18508544e-02]
 [ 3.52382779e-01  3.60490531e-01 -2.58235395e-01 -2.29686927e-02
   1.03279285e-01 -1.19744251e-02  2.64118221e-02]
 [ 2.25722685e-01  8.65018368e-02 -1.13753781e-01 -3.64206694e-02
   3.42683531e-02  1.62317231e-02  1.40789552e-02]] 
Episode: 661: [[-2.65482347e-04 -2.43267100e-02 -2.02718556e-01 -2.45866254e-01
  -3.35490555e-02  1.12224333e-02 -1.44847985e-02]
 [-2.48555071e-03  1.01140425e-01 -2.33621240e-01 -2.37449661e-01
   4.91741784e-02  2.50839982e-02 -2.40497030e-02]
 [ 1.35915950e-01  2.68678695e-01 -2.55166143e-01 -1.82652712e-01
   1.04261912e-01  9.24072042e-03 -1.18636237e-02]
 [ 3.52405012e-01  3.60503107e-01 -2.58243442e-01 -2.29974519e-02
   1.03265688e-01 -1.19553581e-02  2.64073703e-02]
 [ 2.25772977e-01  8.64555836e-02 -1.13769293e-01 -3.64351943e-02
   3.42517011e-02  1.62694417e-02  1.40866321e-02]] 
Episode: 671: [[-2.4322275e-04 -2.4136720e-02 -2.0288044e-01 -2.4589586e-01
  -3.3606347e-02  1.1248197e-02 -1.4471756e-02]
 [-2.5188883e-03  1.0110156e-01 -2.3353449e-01 -2.3733866e-01
   4.9229212e-02  2.5032565e-02 -2.4058085e-02]
 [ 1.3579732e-01  2.6859808e-01 -2.5531808e-01 -1.8263251e-01
   1.0421775e-01  9.3236519e-03 -1.1955736e-02]
 [ 3.5240677e-01  3.6052480e-01 -2.5816849e-01 -2.2900052e-02
   1.0326357e-01 -1.2041485e-02  2.6588243e-02]
 [ 2.2567797e-01  8.6668275e-02 -1.1386123e-01 -3.6332026e-02
   3.4282684e-02  1.6174225e-02  1.4016521e-02]] 
Episode: 681: [[-1.91721047e-04 -2.41559092e-02 -2.02872559e-01 -2.45859638e-01
  -3.36105078e-02  1.12417005e-02 -1.44537454e-02]
 [-2.54879473e-03  1.01101369e-01 -2.33535096e-01 -2.37313285e-01
   4.91999425e-02  2.50526182e-02 -2.40651872e-02]
 [ 1.35719538e-01  2.68578619e-01 -2.55281121e-01 -1.82668358e-01
   1.04209810e-01  9.30474792e-03 -1.19630573e-02]
 [ 3.52452368e-01  3.60546321e-01 -2.58180082e-01 -2.28940565e-02
   1.03243060e-01 -1.20289112e-02  2.65843160e-02]
 [ 2.25707293e-01  8.66246000e-02 -1.13899909e-01 -3.63441966e-02
   3.42639163e-02  1.62023678e-02  1.40098324e-02]] 
Episode: 691: [[-1.96145556e-04 -2.41820700e-02 -2.02825308e-01 -2.45845109e-01
  -3.36387865e-02  1.12406565e-02 -1.44500565e-02]
 [-2.54589575e-03  1.01119734e-01 -2.33500645e-01 -2.37261951e-01
   4.91611585e-02  2.50491854e-02 -2.40436494e-02]
 [ 1.35672212e-01  2.68561304e-01 -2.55307466e-01 -1.82688624e-01
   1.04216792e-01  9.32007004e-03 -1.20230969e-02]
 [ 3.52473259e-01  3.60600501e-01 -2.58231848e-01 -2.29218137e-02
   1.03176236e-01 -1.20376833e-02  2.66026817e-02]
 [ 2.25730553e-01  8.65922123e-02 -1.13905624e-01 -3.63329835e-02
   3.42766158e-02  1.62713081e-02  1.40805915e-02]] 
Episode: 701: [[-1.66004029e-04 -2.42101569e-02 -2.02791855e-01 -2.45831579e-01
  -3.36267985e-02  1.12266680e-02 -1.44361751e-02]
 [-2.55220127e-03  1.01107247e-01 -2.33487576e-01 -2.37217292e-01
   4.91467193e-02  2.50780266e-02 -2.40231603e-02]
 [ 1.35666206e-01  2.68599659e-01 -2.55299479e-01 -1.82709575e-01
   1.04163893e-01  9.30779148e-03 -1.20625328e-02]
 [ 3.52478713e-01  3.60611677e-01 -2.58265048e-01 -2.29107011e-02
   1.03148036e-01 -1.20186238e-02  2.66096368e-02]
 [ 2.25740418e-01  8.65546688e-02 -1.13945335e-01 -3.63436528e-02
   3.42641808e-02  1.62903052e-02  1.40423942e-02]] 
Episode: 711: [[-1.54883630e-04 -2.42372453e-02 -2.02821463e-01 -2.45941505e-01
  -3.36760990e-02  1.12692555e-02 -1.44457174e-02]
 [-2.52702949e-03  1.01082206e-01 -2.33337373e-01 -2.37055078e-01
   4.90569957e-02  2.49845237e-02 -2.39825957e-02]
 [ 1.35725811e-01  2.68745840e-01 -2.55352587e-01 -1.82754278e-01
   1.03930444e-01  9.46515240e-03 -1.21348146e-02]
 [ 3.52376789e-01  3.60803843e-01 -2.58414984e-01 -2.29417700e-02
   1.03026971e-01 -1.21117197e-02  2.67063100e-02]
 [ 2.25790188e-01  8.67944509e-02 -1.14017703e-01 -3.63127030e-02
   3.43596190e-02  1.62758119e-02  1.38953626e-02]] 
Episode: 721: [[-1.33499765e-04 -2.42625009e-02 -2.02825531e-01 -2.45928064e-01
  -3.36689912e-02  1.12805050e-02 -1.44469617e-02]
 [-2.54794373e-03  1.01071842e-01 -2.33346596e-01 -2.37074375e-01
   4.90646213e-02  2.49529127e-02 -2.39703506e-02]
 [ 1.35687664e-01  2.68695980e-01 -2.55249113e-01 -1.82780161e-01
   1.03933349e-01  9.44347866e-03 -1.21239638e-02]
 [ 3.52404714e-01  3.60808909e-01 -2.58405328e-01 -2.29153391e-02
   1.03040226e-01 -1.20854350e-02  2.66849399e-02]
 [ 2.25812584e-01  8.67635757e-02 -1.14002891e-01 -3.63381431e-02
   3.43306512e-02  1.63088311e-02  1.38830664e-02]] 
Episode: 731: [[-1.2355327e-04 -2.4286972e-02 -2.0278391e-01 -2.4594271e-01
  -3.3656482e-02  1.1290054e-02 -1.4420084e-02]
 [-2.5435102e-03  1.0100372e-01 -2.3335478e-01 -2.3706393e-01
   4.9102161e-02  2.4949947e-02 -2.3998810e-02]
 [ 1.3569522e-01  2.6872167e-01 -2.5518647e-01 -1.8281366e-01
   1.0388161e-01  9.4410004e-03 -1.2114775e-02]
 [ 3.5245362e-01  3.6083749e-01 -2.5843993e-01 -2.2959078e-02
   1.0304140e-01 -1.2071163e-02  2.6682325e-02]
 [ 2.2585723e-01  8.6737894e-02 -1.1403600e-01 -3.6402617e-02
   3.4335960e-02  1.6309625e-02  1.3840719e-02]] 
Episode: 741: [[-1.04897947e-04 -2.43271384e-02 -2.02748820e-01 -2.45931968e-01
  -3.36757042e-02  1.12871947e-02 -1.44205475e-02]
 [-2.53212336e-03  1.01010889e-01 -2.33327612e-01 -2.37033248e-01
   4.90593426e-02  2.49468703e-02 -2.40030251e-02]
 [ 1.35681137e-01  2.68775582e-01 -2.55187690e-01 -1.82834566e-01
   1.03854291e-01  9.46237613e-03 -1.21180946e-02]
 [ 3.52449775e-01  3.60887319e-01 -2.58486211e-01 -2.29963735e-02
   1.03013925e-01 -1.20734358e-02  2.66833175e-02]
 [ 2.25892156e-01  8.67238268e-02 -1.14065960e-01 -3.63918357e-02
   3.43516357e-02  1.63092762e-02  1.38400486e-02]] 
Episode: 751: [[-9.19095110e-05 -2.43238583e-02 -2.02754393e-01 -2.45900795e-01
  -3.37021537e-02  1.12988045e-02 -1.43995592e-02]
 [-2.55232863e-03  1.01006605e-01 -2.33312741e-01 -2.37015039e-01
   4.90002446e-02  2.49158442e-02 -2.40007490e-02]
 [ 1.35617360e-01  2.68817574e-01 -2.55127817e-01 -1.82901442e-01
   1.03816204e-01  9.48415417e-03 -1.21160271e-02]
 [ 3.52500260e-01  3.60881269e-01 -2.58514076e-01 -2.30109375e-02
   1.03013948e-01 -1.20702330e-02  2.66708862e-02]
 [ 2.25931436e-01  8.67135078e-02 -1.14061430e-01 -3.64140421e-02
   3.43273431e-02  1.63349397e-02  1.37643171e-02]] 
Episode: 761: [[-2.96089056e-05 -2.42792442e-02 -2.02765644e-01 -2.45896950e-01
  -3.37119214e-02  1.12686269e-02 -1.43998787e-02]
 [-2.61077005e-03  1.01015225e-01 -2.33368039e-01 -2.37008527e-01
   4.90450561e-02  2.49787718e-02 -2.39965748e-02]
 [ 1.35542914e-01  2.68709809e-01 -2.55133629e-01 -1.82895824e-01
   1.03806362e-01  9.44692083e-03 -1.21396249e-02]
 [ 3.52622896e-01  3.60893846e-01 -2.58466184e-01 -2.30016969e-02
   1.03009999e-01 -1.20775457e-02  2.67170519e-02]
 [ 2.25939140e-01  8.67101327e-02 -1.14156671e-01 -3.64446677e-02
   3.43067348e-02  1.63785722e-02  1.37800472e-02]] 
Episode: 771: [[ 1.33099957e-05 -2.44021714e-02 -2.02783510e-01 -2.45871231e-01
  -3.36408764e-02  1.12660015e-02 -1.44018997e-02]
 [-2.64743832e-03  1.01025015e-01 -2.33345672e-01 -2.36967310e-01
   4.90307584e-02  2.49783490e-02 -2.39556562e-02]
 [ 1.35608107e-01  2.68694639e-01 -2.55121022e-01 -1.82949394e-01
   1.03774726e-01  9.42429621e-03 -1.22339521e-02]
 [ 3.52515668e-01  3.60890180e-01 -2.58536726e-01 -2.29549408e-02
   1.02882735e-01 -1.20825088e-02  2.67757662e-02]
 [ 2.25978702e-01  8.66607204e-02 -1.14168465e-01 -3.64996791e-02
   3.43434289e-02  1.65273659e-02  1.38290850e-02]] 
Episode: 781: [[ 3.70502403e-06 -2.44016163e-02 -2.02762336e-01 -2.45862871e-01
  -3.36286388e-02  1.12438099e-02 -1.43982274e-02]
 [-2.66087777e-03  1.01015203e-01 -2.33364284e-01 -2.36964047e-01
   4.90454175e-02  2.50027291e-02 -2.39382330e-02]
 [ 1.35608792e-01  2.68662214e-01 -2.55122870e-01 -1.82949692e-01
   1.03779227e-01  9.38422699e-03 -1.22501822e-02]
 [ 3.52541655e-01  3.60875815e-01 -2.58536011e-01 -2.29443964e-02
   1.02892324e-01 -1.20575642e-02  2.67682262e-02]
 [ 2.25969791e-01  8.66151303e-02 -1.14168622e-01 -3.65252197e-02
   3.43377627e-02  1.65530462e-02  1.38517348e-02]] 
Episode: 791: [[ 2.14680422e-05 -2.44435128e-02 -2.02734992e-01 -2.45822027e-01
  -3.36408615e-02  1.12400893e-02 -1.43660596e-02]
 [-2.68370984e-03  1.01014927e-01 -2.33406082e-01 -2.36990601e-01
   4.90428470e-02  2.50332076e-02 -2.39787344e-02]
 [ 1.35608479e-01  2.68689245e-01 -2.55096704e-01 -1.83037356e-01
   1.03735842e-01  9.39131808e-03 -1.22748092e-02]
 [ 3.52654070e-01  3.60873967e-01 -2.58581698e-01 -2.30520647e-02
   1.02852792e-01 -1.20910816e-02  2.68041156e-02]
 [ 2.26097748e-01  8.65417123e-02 -1.14239275e-01 -3.66304889e-02
   3.43634412e-02  1.66323073e-02  1.38555076e-02]] 
Episode: 801: [[-3.91808244e-05 -2.43020002e-02 -2.02912658e-01 -2.45911524e-01
  -3.37294750e-02  1.12831024e-02 -1.43915769e-02]
 [-2.48697773e-03  1.01062290e-01 -2.33037129e-01 -2.36811474e-01
   4.89777587e-02  2.48370264e-02 -2.37223450e-02]
 [ 1.35810897e-01  2.68987477e-01 -2.55638003e-01 -1.83043137e-01
   1.03338115e-01  9.74769890e-03 -1.26988105e-02]
 [ 3.52297187e-01  3.61042321e-01 -2.58673102e-01 -2.29329802e-02
   1.02707922e-01 -1.22621674e-02  2.70794872e-02]
 [ 2.25945994e-01  8.71197134e-02 -1.14444025e-01 -3.61802578e-02
   3.46610881e-02  1.63780041e-02  1.36702443e-02]] 
Episode: 811: [[-1.53188976e-05 -2.43388582e-02 -2.02868953e-01 -2.45920613e-01
  -3.37322317e-02  1.12641845e-02 -1.44039793e-02]
 [-2.47755041e-03  1.01087682e-01 -2.33011514e-01 -2.36761808e-01
   4.89718057e-02  2.48732772e-02 -2.36720350e-02]
 [ 1.35811836e-01  2.68981993e-01 -2.55697936e-01 -1.83038116e-01
   1.03323184e-01  9.74668097e-03 -1.27678746e-02]
 [ 3.52274716e-01  3.61079574e-01 -2.58713275e-01 -2.29243804e-02
   1.02634981e-01 -1.22703891e-02  2.70988774e-02]
 [ 2.25925803e-01  8.71070698e-02 -1.14458606e-01 -3.61482948e-02
   3.46791260e-02  1.64180733e-02  1.37369139e-02]] 
Episode: 821: [[-1.25661541e-06 -2.43961699e-02 -2.02872038e-01 -2.45941639e-01
  -3.37306075e-02  1.12885721e-02 -1.44132795e-02]
 [-2.45256489e-03  1.01078793e-01 -2.32911989e-01 -2.36689121e-01
   4.89680059e-02  2.48149354e-02 -2.36085840e-02]
 [ 1.35837719e-01  2.68955916e-01 -2.55703390e-01 -1.83080733e-01
   1.03246264e-01  9.78088938e-03 -1.28675634e-02]
 [ 3.52190822e-01  3.61174375e-01 -2.58789212e-01 -2.28956714e-02
   1.02544546e-01 -1.22760031e-02  2.71556638e-02]
 [ 2.25963339e-01  8.71678293e-02 -1.14473574e-01 -3.60901430e-02
   3.47241350e-02  1.64818168e-02  1.37568051e-02]] 
Episode: 831: [[ 1.9953843e-05 -2.4433749e-02 -2.0281704e-01 -2.4594316e-01
  -3.3741903e-02  1.1285191e-02 -1.4411399e-02]
 [-2.4561053e-03  1.0107680e-01 -2.3292056e-01 -2.3667854e-01
   4.8980184e-02  2.4814479e-02 -2.3583105e-02]
 [ 1.3581814e-01  2.6894897e-01 -2.5568843e-01 -1.8311103e-01
   1.0321991e-01  9.7902706e-03 -1.2915891e-02]
 [ 3.5224620e-01  3.6120909e-01 -2.5882226e-01 -2.2937171e-02
   1.0249663e-01 -1.2285624e-02  2.7171498e-02]
 [ 2.2599532e-01  8.7134570e-02 -1.1450390e-01 -3.6120150e-02
   3.4738760e-02  1.6541243e-02  1.3795578e-02]] 
Episode: 841: [[ 7.99318223e-05 -2.44679525e-02 -2.02813849e-01 -2.45914623e-01
  -3.37395221e-02  1.12986602e-02 -1.43947676e-02]
 [-2.48430436e-03  1.01074852e-01 -2.32923806e-01 -2.36671969e-01
   4.89587821e-02  2.48023700e-02 -2.35802121e-02]
 [ 1.35738462e-01  2.68929273e-01 -2.55597621e-01 -1.83152169e-01
   1.03198081e-01  9.77629051e-03 -1.29214171e-02]
 [ 3.52295220e-01  3.61241192e-01 -2.58826375e-01 -2.29307320e-02
   1.02474585e-01 -1.22672757e-02  2.71582734e-02]
 [ 2.26043865e-01  8.71029794e-02 -1.14533499e-01 -3.61426584e-02
   3.47088985e-02  1.65827554e-02  1.37836197e-02]] 
Episode: 851: [[ 9.25477580e-05 -2.44849045e-02 -2.02811167e-01 -2.45885119e-01
  -3.37460898e-02  1.12828929e-02 -1.43832788e-02]
 [-2.50658602e-03  1.01058342e-01 -2.32915625e-01 -2.36657754e-01
   4.89397310e-02  2.47974824e-02 -2.35590506e-02]
 [ 1.35696873e-01  2.68881559e-01 -2.55580813e-01 -1.83205217e-01
   1.03188790e-01  9.77950450e-03 -1.29521377e-02]
 [ 3.52335513e-01  3.61250967e-01 -2.58863151e-01 -2.29135193e-02
   1.02450676e-01 -1.22620929e-02  2.71630250e-02]
 [ 2.26045623e-01  8.70797411e-02 -1.14551082e-01 -3.61657590e-02
   3.47288698e-02  1.66347176e-02  1.37802409e-02]] 
Episode: 861: [[ 1.29781736e-04 -2.44915504e-02 -2.02813879e-01 -2.45882466e-01
  -3.37538496e-02  1.12855127e-02 -1.43764997e-02]
 [-2.53260741e-03  1.01056099e-01 -2.32898742e-01 -2.36608192e-01
   4.89206538e-02  2.47844495e-02 -2.35575121e-02]
 [ 1.35637924e-01  2.68859029e-01 -2.55564064e-01 -1.83240235e-01
   1.03162073e-01  9.77095962e-03 -1.29661420e-02]
 [ 3.52354586e-01  3.61285537e-01 -2.58882970e-01 -2.29178946e-02
   1.02425136e-01 -1.22537091e-02  2.71721594e-02]
 [ 2.26074874e-01  8.70865509e-02 -1.14563532e-01 -3.61599140e-02
   3.47187556e-02  1.66642182e-02  1.37702003e-02]] 
Episode: 871: [[ 1.77968468e-04 -2.44959686e-02 -2.02801213e-01 -2.45877177e-01
  -3.37526277e-02  1.12986853e-02 -1.43756382e-02]
 [-2.55853077e-03  1.01065122e-01 -2.32900009e-01 -2.36580208e-01
   4.89037596e-02  2.47821491e-02 -2.35391073e-02]
 [ 1.35577574e-01  2.68867821e-01 -2.55522937e-01 -1.83257416e-01
   1.03156425e-01  9.75719094e-03 -1.29795866e-02]
 [ 3.52369040e-01  3.61289293e-01 -2.58875281e-01 -2.29129866e-02
   1.02397390e-01 -1.22423721e-02  2.71637551e-02]
 [ 2.26083413e-01  8.70723054e-02 -1.14564762e-01 -3.61541621e-02
   3.46830674e-02  1.67090632e-02  1.37648471e-02]] 
Episode: 881: [[ 1.80519128e-04 -2.44846921e-02 -2.02776745e-01 -2.45869413e-01
  -3.37546244e-02  1.12922713e-02 -1.43853072e-02]
 [-2.57711671e-03  1.01065405e-01 -2.32912958e-01 -2.36575603e-01
   4.88913134e-02  2.47720964e-02 -2.35036090e-02]
 [ 1.35564223e-01  2.68884838e-01 -2.55501300e-01 -1.83275029e-01
   1.03153117e-01  9.74906515e-03 -1.29937371e-02]
 [ 3.52390915e-01  3.61261755e-01 -2.58872151e-01 -2.29148082e-02
   1.02402285e-01 -1.22210337e-02  2.71506924e-02]
 [ 2.26070985e-01  8.70516673e-02 -1.14558645e-01 -3.61611061e-02
   3.46670635e-02  1.67582724e-02  1.37406010e-02]] 
Episode: 891: [[ 2.69531389e-04 -2.44971216e-02 -2.02697664e-01 -2.45928735e-01
  -3.37728783e-02  1.12826210e-02 -1.43857030e-02]
 [-2.57189898e-03  1.00939319e-01 -2.32856631e-01 -2.36494854e-01
   4.90069799e-02  2.48166732e-02 -2.34679207e-02]
 [ 1.35503620e-01  2.68790126e-01 -2.55431533e-01 -1.83321923e-01
   1.03049494e-01  9.70334280e-03 -1.30254645e-02]
 [ 3.52459759e-01  3.61429393e-01 -2.58913904e-01 -2.28863228e-02
   1.02409087e-01 -1.21894563e-02  2.71570180e-02]
 [ 2.26075232e-01  8.70516747e-02 -1.14679173e-01 -3.61354239e-02
   3.47154588e-02  1.67043079e-02  1.37212751e-02]] 
Episode: 901: [[ 3.00460844e-04 -2.45227125e-02 -2.02669218e-01 -2.45913044e-01
  -3.37801948e-02  1.12917563e-02 -1.43737886e-02]
 [-2.59071984e-03  1.00943565e-01 -2.32839316e-01 -2.36449331e-01
   4.89734486e-02  2.47993339e-02 -2.34585311e-02]
 [ 1.35425597e-01  2.68763989e-01 -2.55420208e-01 -1.83351442e-01
   1.03063233e-01  9.69389919e-03 -1.30520621e-02]
 [ 3.52469385e-01  3.61467957e-01 -2.58938164e-01 -2.29010787e-02
   1.02358885e-01 -1.21841533e-02  2.71549076e-02]
 [ 2.26099193e-01  8.70221183e-02 -1.14673473e-01 -3.61244604e-02
   3.47100198e-02  1.67628489e-02  1.37761924e-02]] 
Episode: 911: [[ 3.11459036e-04 -2.44961400e-02 -2.02660441e-01 -2.45913595e-01
  -3.37768085e-02  1.12879565e-02 -1.43499440e-02]
 [-2.58088578e-03  1.00912288e-01 -2.32832327e-01 -2.36423641e-01
   4.90151681e-02  2.48072390e-02 -2.34565139e-02]
 [ 1.35407224e-01  2.68755108e-01 -2.55465180e-01 -1.83360413e-01
   1.03037335e-01  9.70914960e-03 -1.31041687e-02]
 [ 3.52498800e-01  3.61460179e-01 -2.58939594e-01 -2.28962768e-02
   1.02343671e-01 -1.21858027e-02  2.71859970e-02]
 [ 2.26074383e-01  8.70357901e-02 -1.14707708e-01 -3.61080877e-02
   3.47159393e-02  1.67456437e-02  1.37553336e-02]] 
Episode: 921: [[ 3.34762939e-04 -2.45347247e-02 -2.02665284e-01 -2.45961264e-01
  -3.37683745e-02  1.12819327e-02 -1.43508138e-02]
 [-2.55828141e-03  1.00925326e-01 -2.32733563e-01 -2.36301675e-01
   4.89549674e-02  2.47868989e-02 -2.33996101e-02]
 [ 1.35446787e-01  2.68755108e-01 -2.55577385e-01 -1.83348686e-01
   1.02931015e-01  9.75887757e-03 -1.31881507e-02]
 [ 3.52367252e-01  3.61579090e-01 -2.59020299e-01 -2.28529777e-02
   1.02244154e-01 -1.22118965e-02  2.72402409e-02]
 [ 2.26067439e-01  8.71610045e-02 -1.14753045e-01 -3.60049084e-02
   3.47663723e-02  1.67488232e-02  1.37314666e-02]] 
Episode: 931: [[ 3.43000283e-04 -2.45640352e-02 -2.02629298e-01 -2.45951563e-01
  -3.37762311e-02  1.12728728e-02 -1.43507663e-02]
 [-2.55652727e-03  1.00935951e-01 -2.32716203e-01 -2.36274526e-01
   4.89360690e-02  2.47944314e-02 -2.33701710e-02]
 [ 1.35426730e-01  2.68739581e-01 -2.55578667e-01 -1.83362275e-01
   1.02921329e-01  9.75326262e-03 -1.32262288e-02]
 [ 3.52376401e-01  3.61611098e-01 -2.59051591e-01 -2.28529461e-02
   1.02209799e-01 -1.22037539e-02  2.72401050e-02]
 [ 2.26078898e-01  8.71303082e-02 -1.14759944e-01 -3.59957740e-02
   3.47673185e-02  1.67878624e-02  1.37638142e-02]] 
Episode: 941: [[ 0.00037917 -0.02457867 -0.20274375 -0.24598159 -0.03374373  0.0112951
  -0.01434097]
 [-0.00259363  0.10093462 -0.23257713 -0.2361197   0.04878416  0.02475591
  -0.02336101]
 [ 0.13544656  0.26867974 -0.2556342  -0.18338972  0.10282055  0.00977335
  -0.01323798]
 [ 0.35217038  0.36176932 -0.25913888 -0.02276224  0.10211709 -0.01221546
   0.02728135]
 [ 0.22613643  0.08732343 -0.11481491 -0.03588798  0.03482251  0.01685092
   0.01366767]] 
Episode: 951: [[ 0.00038958 -0.02457237 -0.20270705 -0.24597894 -0.03373219  0.01128531
  -0.01434585]
 [-0.00260749  0.10095496 -0.23260666 -0.2361059   0.04876894  0.02475137
  -0.02333548]
 [ 0.13542823  0.26870602 -0.25565782 -0.18336144  0.10284287  0.00977208
  -0.01325691]
 [ 0.35216647  0.36172926 -0.25911686 -0.02276423  0.10210179 -0.01220479
   0.02727744]
 [ 0.22609551  0.08730282 -0.11480392 -0.03587701  0.03479018  0.01688528
   0.01367291]] 
Episode: 961: [[ 0.00040893 -0.02458438 -0.20271385 -0.24595423 -0.03373043  0.01128213
  -0.01434059]
 [-0.00262785  0.10096539 -0.23259366 -0.23608364  0.04872595  0.02472077
  -0.02330052]
 [ 0.13539565  0.2687156  -0.25564075 -0.1834043   0.10281046  0.00977514
  -0.01328907]
 [ 0.3521698   0.36172396 -0.259136   -0.02275052  0.10208295 -0.01218535
   0.02727316]
 [ 0.22610691  0.08730418 -0.11480443 -0.03586989  0.0347819   0.01693076
   0.01363947]] 
Episode: 971: [[ 0.0004203  -0.02459696 -0.20269163 -0.24594364 -0.03371723  0.01127054
  -0.01433694]
 [-0.0026546   0.10095515 -0.2326111  -0.236071    0.04872854  0.02472376
  -0.02327794]
 [ 0.13537522  0.2686928  -0.25560656 -0.18342419  0.1028029   0.00974273
  -0.01330867]
 [ 0.35219973  0.36171302 -0.25914124 -0.02274198  0.10207768 -0.01215875
   0.02726513]
 [ 0.22611143  0.08725914 -0.1148041  -0.03590315  0.03476475  0.01698233
   0.01363995]] 
Episode: 981: [[ 0.00044302 -0.0246127  -0.20267725 -0.24593653 -0.033714    0.01126275
  -0.01433078]
 [-0.0026622   0.10094538 -0.23261972 -0.23607542  0.04874131  0.02475492
  -0.02325783]
 [ 0.1353753   0.2687013  -0.25557128 -0.18345971  0.10276606  0.00972416
  -0.01332443]
 [ 0.3522398   0.36170685 -0.2591576  -0.02274082  0.10207071 -0.01214974
   0.0272564 ]
 [ 0.22613005  0.0872287  -0.11482067 -0.03593496  0.03475935  0.01700447
   0.01362092]] 
Episode: 991: [[ 0.0004484  -0.02466241 -0.20266695 -0.24594438 -0.03373362  0.0112742
  -0.01432812]
 [-0.00263513  0.10093769 -0.2325949  -0.23608467  0.04874967  0.02472641
  -0.0232576 ]
 [ 0.1353778   0.26869544 -0.25555897 -0.18349458  0.10274249  0.0097693
  -0.01334007]
 [ 0.35225162  0.36175936 -0.2592078  -0.02277127  0.10203125 -0.01218029
   0.02726922]
 [ 0.22616078  0.08724662 -0.11482471 -0.03594401  0.03480401  0.01700281
   0.01365479]] 
