90.956299 117.692276 107.244980 103.329956 98.235046 0.000000 
89.805534 86.467613 84.396324 84.419388 82.195961 0.000000 
82.398804 61.287178 60.025112 63.009686 63.516201 0.027976 
81.563644 68.808968 70.465523 78.463676 87.040253 0.034264 
81.152641 81.164658 82.847816 86.308159 89.976036 0.019782 
100.246803 81.442665 78.449326 79.979500 81.510307 0.027976 
95.233139 109.766663 108.628189 102.079407 96.898491 0.019782 
96.906975 51.180687 50.575562 55.524696 62.135597 0.019782 
108.824814 76.222359 76.963959 80.433502 80.587700 0.000000 
118.272278 72.752609 76.684212 77.023949 78.888901 0.000000 
95.376808 93.909477 95.933540 97.059166 96.219963 0.000000 
94.201080 75.470604 75.609291 72.235191 74.558540 0.000000 
106.746063 91.603325 91.135338 89.825661 89.635292 0.019782 
85.351967 106.242188 100.538834 93.927147 90.668152 0.019782 
92.215446 80.426086 82.725975 81.405121 88.149910 0.000000 
95.056664 98.526131 92.693741 89.516579 88.865883 0.000000 
86.030762 87.526901 89.501572 91.013710 89.908669 0.000000 
92.447647 84.854744 83.835236 82.903839 84.714607 0.019782 
88.134789 97.098526 99.852859 98.740471 99.267120 0.000000 
96.560837 108.758286 103.021454 100.645805 96.072212 0.000000 
