82.232811 85.516823 80.496407 81.962425 59.492775 0.019782 
58.681774 64.156044 67.214943 59.280727 53.094337 0.034264 
71.224838 63.855701 66.207756 59.226173 47.797665 0.000000 
69.775261 83.177574 69.910484 62.567291 56.352856 0.027976 
57.791553 63.519699 62.932842 75.760277 47.096680 0.000000 
62.720627 76.586739 66.736771 68.317207 40.188839 0.000000 
74.263985 76.528748 70.277573 70.132599 37.908363 0.000000 
69.757446 71.041519 66.927483 67.586372 49.549244 0.000000 
100.057480 82.144859 84.528595 69.620171 52.916000 0.000000 
56.057236 75.766327 68.009682 51.244156 62.405293 0.034264 
