7971.318848 1315.564697 1139.566162 905.038208 210742.359375 
8789.841797 1487.029663 1226.552246 1315.941284 211435.109375 
7447.928711 1530.151611 1286.328125 1226.806030 188471.375000 
7928.379883 1710.240723 1716.138916 1519.390747 262017.859375 
11647.300781 1289.613037 962.356995 782.240723 142272.156250 
8283.415039 1563.635498 1271.282715 1086.643677 151772.156250 
10657.876953 1286.393555 1225.536499 849.073975 182411.203125 
7773.193848 1536.316162 1296.114014 983.010986 245101.109375 
5487.340332 1791.270386 1572.025513 1832.044067 260890.156250 
5445.777344 1197.290527 988.997314 869.850342 160123.078125 
4128.072266 1511.351929 1391.016479 1435.517334 177680.187500 
14903.562500 1713.703369 1542.497559 1310.911255 247384.468750 
6223.662109 1199.618530 1027.710083 921.680420 145603.890625 
12719.865234 1146.636841 1163.493164 812.341675 173316.203125 
18635.691406 2542.476562 1878.370850 2338.711426 178405.718750 
7801.885742 1239.668823 1134.775391 1077.829590 171863.765625 
10634.400391 1787.453491 2036.156494 1376.952026 192238.390625 
16477.390625 1332.109985 1537.071411 1088.088013 207683.171875 
19399.582031 1691.046021 1822.187866 1274.375977 221767.875000 
10638.024414 1353.731567 1203.119751 1098.263306 187903.937500 
