74.494583 35.327816 31.991085 35.158089 37.237064 0.000000 
71.297379 34.552494 36.384266 41.122700 43.371235 0.027976 
70.360786 33.312752 35.512520 39.274822 33.893242 0.000000 
83.311317 48.940216 54.463284 48.313717 44.079269 0.000000 
65.007370 24.367483 27.213972 40.266666 38.256664 0.027976 
67.344757 37.911526 43.022751 39.483250 43.774654 0.000000 
61.140034 36.042885 45.437439 44.517872 47.383312 0.000000 
73.575920 32.697380 35.054649 36.396046 47.017048 0.019782 
74.298111 30.430235 34.358246 38.930626 35.992115 0.000000 
70.726532 35.541977 42.451664 44.497406 51.023220 0.000000 
75.034920 24.460726 38.523930 37.650200 41.312206 0.027976 
78.296577 34.326252 43.744595 40.440979 35.843487 0.019782 
72.800728 30.586279 34.588108 41.780804 31.707661 0.000000 
61.595554 29.098438 31.832432 31.785748 46.201900 0.000000 
71.863678 29.658411 34.812634 37.094620 37.636662 0.019782 
71.552238 29.950315 46.534260 40.577900 49.713036 0.019782 
57.583878 26.792915 46.220665 41.165192 37.720299 0.000000 
69.630463 40.587811 57.084682 61.750961 36.703491 0.000000 
80.844315 34.274525 42.294827 39.389355 39.275654 0.000000 
66.896278 39.878265 41.054424 55.168278 36.193848 0.000000 
