352066.812500 7199.020020 5654.199707 4881.003906 21822.722656 
311548.156250 4686.437012 2993.900635 1139.314819 17079.820312 
179388.859375 5301.903320 2818.736816 1756.503052 22446.734375 
317937.937500 6658.275879 3690.355225 2084.930420 20013.087891 
256170.453125 3960.926270 2421.424561 3123.953369 20237.597656 
409004.500000 4986.174316 1713.342651 1219.568848 22257.060547 
301969.312500 6059.645996 5607.916504 4226.119629 22882.650391 
282690.750000 5174.202637 3257.112549 1493.661865 22377.560547 
272295.687500 5962.416016 3517.193115 1776.948120 19589.837891 
281682.281250 7646.698730 3734.110107 2961.409668 25417.060547 
438849.406250 6768.524414 5364.333984 3450.235840 22910.658203 
435551.031250 6568.704590 2672.661377 1056.901001 31049.923828 
393370.906250 8315.367188 6276.822754 2546.718262 21451.861328 
390980.312500 5890.036621 5074.510254 2885.841309 20644.212891 
267796.406250 3973.199219 3525.427246 1912.338501 17683.457031 
272107.218750 5804.880371 3564.346436 2607.905518 15733.278320 
444179.062500 9050.956055 4325.604980 1565.771851 30928.226562 
281135.343750 6649.903809 4504.937012 1978.454468 21558.730469 
221874.484375 7622.677246 8778.482422 5185.567871 17801.216797 
350031.031250 6791.496582 3038.091553 1135.554565 19278.664062 
