37050.375000 9289.282227 6399.138184 6174.709961 348268.562500 
46177.527344 8155.304688 5489.570801 5990.580566 363512.281250 
44841.734375 6145.940430 5151.855469 6880.212402 366155.812500 
51365.039062 11916.932617 9780.761719 8774.224609 491779.906250 
36992.941406 6304.474121 3952.996094 3953.018555 303527.343750 
53074.089844 10144.127930 5606.409668 6471.983398 401992.218750 
38072.644531 5821.432129 7840.226074 4792.666504 345691.250000 
41213.738281 10234.436523 6736.449219 6469.858887 605580.937500 
46245.328125 7695.066406 9082.947266 10503.916992 422923.968750 
37988.121094 5480.251953 4131.456055 4056.883301 344232.093750 
50287.828125 18178.035156 15606.658203 10104.636719 521718.687500 
42223.785156 7317.112793 5950.439453 5293.556152 391772.687500 
42051.199219 7713.435059 7019.856445 4845.241211 302185.531250 
48689.207031 9629.964844 6782.556641 10901.144531 514185.031250 
34695.785156 6068.732422 4359.331055 4021.222412 273132.375000 
45967.980469 10613.791016 7027.447266 6645.537109 374831.000000 
37280.589844 7368.034668 10808.957031 7512.582520 381478.968750 
42733.574219 9330.607422 7534.717285 5075.038574 288727.343750 
46086.687500 9123.705078 5499.492188 5698.681152 442065.250000 
42203.113281 7805.048340 6960.608398 6260.513184 385942.687500 
