91.403259 88.900970 78.780434 97.418304 80.708168 0.027976 
92.400269 74.522926 88.790390 86.625389 102.882057 0.034264 
88.567650 98.568703 87.821831 87.359459 73.379791 0.000000 
92.363182 102.437614 97.977745 87.900009 89.191177 0.000000 
87.092812 82.299896 106.692482 81.870827 108.862556 0.000000 
88.718987 96.546158 103.394447 84.534042 100.298889 0.000000 
84.437096 86.821747 60.315559 70.929047 86.586052 0.000000 
91.936607 53.505688 74.398735 91.923241 88.210144 0.000000 
94.014900 84.632812 83.389923 94.716072 106.058952 0.000000 
93.645828 83.724823 76.544769 93.810081 90.079147 0.000000 
91.348862 66.153267 85.447975 67.186111 77.644066 0.000000 
95.220833 102.347038 98.933220 97.940865 74.424942 0.019782 
89.618599 67.635216 72.657204 80.407227 65.223526 0.000000 
93.794220 69.443283 76.332703 76.876945 80.764633 0.000000 
91.815331 89.361458 82.913361 84.241882 80.918159 0.000000 
92.063042 86.980698 88.436775 90.862625 97.909645 0.000000 
83.008751 84.034134 78.970406 91.379578 91.426430 0.000000 
91.273277 83.494019 84.780785 96.167740 80.613640 0.000000 
87.787704 87.993561 92.306412 82.795357 83.919502 0.000000 
86.177414 81.260048 87.706810 93.171104 75.055382 0.000000 
93.613808 84.143341 78.148270 76.287643 76.022697 0.034264 
87.739990 90.054077 81.616936 91.845345 89.876358 0.027976 
90.084183 80.809082 93.480415 95.173592 76.151711 0.000000 
91.804283 90.932159 85.725227 78.374542 83.604973 0.027976 
93.217484 89.741096 89.997627 83.459778 67.954147 0.027976 
88.550613 85.364639 89.098167 93.617531 74.576385 0.000000 
93.118439 82.435944 89.629623 81.409653 77.338753 0.000000 
86.294434 78.196091 79.112305 91.683891 79.796936 0.000000 
88.189713 84.630615 88.934074 83.164673 64.053551 0.000000 
93.569214 87.238983 90.165436 83.720032 103.139122 0.000000 
92.139778 88.804131 91.939285 78.812210 80.634010 0.000000 
95.320480 96.290726 91.632530 70.178383 72.690224 0.019782 
84.898872 97.171005 90.447121 74.376686 77.594620 0.000000 
87.382957 86.564636 89.271194 84.347984 81.977470 0.034264 
85.911804 68.472214 78.497025 77.967674 69.925171 0.000000 
81.497734 77.218445 78.634903 78.660454 79.045723 0.019782 
88.792999 72.126656 75.840034 73.439774 69.006805 0.000000 
88.661598 88.329796 85.127548 79.768570 84.364708 0.000000 
92.775246 93.436539 83.818535 89.647240 73.060562 0.019782 
79.897186 68.341446 81.384567 65.160606 68.486404 0.027976 
87.646927 61.243420 77.747711 68.700905 70.589905 0.000000 
86.256081 84.612938 68.300591 71.686836 71.393440 0.019782 
86.754951 77.790718 80.508934 72.539650 52.698029 0.000000 
86.582985 87.365883 85.352219 80.839424 90.697403 0.019782 
64.001785 52.284290 61.248627 61.929405 70.548424 0.000000 
89.883331 80.375381 95.693993 82.461983 69.491135 0.000000 
90.611023 93.025047 92.292297 92.903519 85.629814 0.019782 
84.800995 89.773232 74.161995 77.617188 77.178581 0.019782 
77.729889 97.851753 85.272087 74.082687 62.780006 0.000000 
89.873108 82.396599 78.221581 73.368660 72.264053 0.027976 
84.594482 85.633408 81.378311 70.337494 80.341835 0.000000 
93.220558 87.960960 83.362068 80.962212 83.773170 0.000000 
77.029701 84.495003 73.811073 74.089836 51.904381 0.000000 
85.921768 93.161118 90.399361 82.082756 95.843658 0.000000 
87.172554 81.671730 78.087120 71.080750 60.330975 0.027976 
86.516571 83.519630 83.146950 79.650642 83.083443 0.027976 
89.947281 91.922379 82.182251 80.793411 80.461006 0.000000 
75.822350 69.035065 74.575714 71.219963 69.010025 0.000000 
84.159477 73.560028 74.748894 63.849548 76.742004 0.000000 
87.449341 90.179192 80.359055 79.312340 85.038376 0.019782 
81.661217 74.314499 81.325867 70.519493 65.098091 0.000000 
81.842438 86.079865 87.569138 87.896416 68.004189 0.000000 
89.024902 84.580757 93.851158 85.341980 80.540878 0.000000 
93.054413 91.068275 93.282188 89.269592 97.793640 0.019782 
85.093346 88.020081 88.061920 80.522919 73.892487 0.034264 
91.936951 94.638741 82.463188 82.722290 83.186012 0.000000 
93.631638 95.112694 74.878174 83.941833 83.064636 0.000000 
86.756607 79.605782 81.823357 69.923653 77.350739 0.000000 
83.747047 83.537750 82.698662 82.128601 84.435257 0.000000 
90.200974 89.782013 95.484055 84.110840 86.236237 0.000000 
88.898346 85.165855 92.015556 64.028572 77.389702 0.000000 
73.967010 78.119171 67.296516 79.065109 55.712372 0.000000 
78.622993 70.186218 70.155182 66.711601 68.511414 0.034264 
74.385864 74.286560 78.185852 60.624653 75.411140 0.034264 
84.121407 71.783989 71.040985 80.267174 71.511757 0.000000 
80.366737 81.144249 78.324661 70.224449 76.738609 0.000000 
88.124374 85.767220 82.974030 86.952904 88.024460 0.000000 
87.940025 75.234718 76.007919 68.283821 75.528725 0.000000 
92.660767 93.637802 93.494736 76.708313 77.083199 0.000000 
80.718628 77.385330 79.319519 89.431046 68.286743 0.019782 
92.848160 85.780411 92.651237 91.959274 78.879745 0.000000 
86.034767 85.594391 87.099571 86.331169 71.092468 0.000000 
79.071075 70.049034 78.218597 76.843857 66.413078 0.000000 
87.930855 87.040413 84.025024 81.282928 67.338600 0.000000 
81.814209 79.224525 76.881401 67.170250 69.404907 0.019782 
93.490891 96.287354 84.943916 78.748711 75.989128 0.027976 
88.183540 89.373764 86.095650 85.487717 84.472778 0.039565 
86.479927 87.774666 83.878761 62.622284 61.291683 0.019782 
86.368317 89.276169 83.549500 82.887115 60.221474 0.000000 
90.316261 94.166595 90.403664 84.670700 75.190269 0.000000 
94.362129 80.213959 92.226906 77.538544 74.098946 0.000000 
89.619270 85.476006 83.332512 87.806847 75.661934 0.000000 
86.625854 85.681870 86.397972 75.344086 82.580284 0.000000 
69.396095 69.666618 70.021721 58.754570 73.435173 0.027976 
72.277138 70.758835 69.541847 70.182915 59.359749 0.027976 
81.765244 87.499214 85.706894 77.706146 70.615257 0.000000 
88.370979 74.795097 77.481339 76.704285 77.097382 0.000000 
86.195999 81.685669 81.140930 84.815186 80.540466 0.000000 
68.160614 77.073837 78.673134 70.728516 71.824707 0.000000 
83.107750 89.804726 85.344131 70.634018 76.955688 0.000000 
86.142937 83.279968 78.252411 73.577133 68.586494 0.000000 
90.291000 86.998070 82.917511 82.514450 74.228767 0.000000 
90.682556 65.642197 76.037949 70.381729 73.326469 0.019782 
85.461151 77.848747 79.241470 56.372059 52.015495 0.000000 
80.546394 72.320694 74.933487 68.820274 81.781654 0.000000 
81.622597 71.705658 76.229248 69.045677 60.615986 0.000000 
85.390778 82.373734 82.499268 84.306519 79.958839 0.000000 
83.562500 71.963020 71.892036 74.205948 74.285172 0.027976 
86.247704 85.203964 78.498077 79.765549 64.710503 0.000000 
82.793015 77.139320 79.644958 73.839806 64.523468 0.027976 
79.782112 72.646431 76.611176 69.030693 72.818253 0.000000 
83.803329 72.901405 74.223244 65.602158 54.859791 0.000000 
67.596375 63.537155 72.227432 60.937122 63.512573 0.039565 
79.895935 66.255623 79.947418 80.762207 78.775009 0.034264 
86.355927 68.253136 70.494598 63.899479 65.287933 0.000000 
83.742630 77.237892 83.094398 75.754097 74.262123 0.019782 
78.944679 54.515667 68.314972 64.250092 68.042603 0.027976 
86.901482 84.773544 94.296677 91.249702 78.021103 0.000000 
81.566490 88.026772 78.484261 72.016747 69.022728 0.000000 
88.339928 74.704575 81.238678 78.892044 68.663040 0.000000 
78.329376 80.913712 74.261925 71.240608 72.839653 0.000000 
87.865280 76.612122 85.164665 64.739563 65.679497 0.000000 
84.272995 86.655579 84.832512 77.910889 64.872604 0.000000 
77.173859 61.431499 75.613022 66.956482 69.830795 0.027976 
76.343399 67.597755 66.861099 64.143585 46.618980 0.027976 
88.541603 83.918060 86.534164 103.137817 84.125671 0.000000 
82.956604 78.744781 79.573830 74.138008 67.457832 0.000000 
81.883011 85.424042 84.650383 55.714573 67.210167 0.000000 
72.895042 65.181328 70.833633 60.603909 66.311783 0.000000 
65.784515 72.535057 71.470039 60.812382 60.257030 0.019782 
84.014557 76.015289 69.713737 70.009125 60.064743 0.019782 
79.129150 61.861526 72.510735 64.283821 60.502949 0.000000 
87.879860 71.095657 68.485901 72.697166 56.960953 0.027976 
86.324921 87.003052 79.350571 87.645012 72.711784 0.000000 
86.609444 80.287331 81.641678 76.707970 68.260750 0.019782 
79.559456 61.836624 66.130035 69.772018 55.510971 0.000000 
88.635468 82.340904 86.177353 86.405678 70.168037 0.034264 
87.009743 77.770355 76.617737 77.810974 78.600212 0.000000 
75.564453 70.787239 78.868988 69.468727 66.796326 0.000000 
79.882088 78.154694 77.725952 64.580284 63.935055 0.000000 
71.181595 78.913841 80.507790 66.356361 70.233673 0.000000 
83.686066 80.092476 73.967796 74.241928 51.273502 0.019782 
91.908012 80.382965 88.598732 69.653801 88.989319 0.027976 
68.496330 72.016136 65.761597 66.522118 54.433994 0.000000 
78.626015 66.506584 67.206184 66.567604 62.112934 0.000000 
91.435257 92.170380 92.674934 89.841042 71.998825 0.019782 
78.135078 90.949570 86.758698 81.590492 69.276299 0.000000 
78.523598 72.228851 77.884308 72.004448 63.404659 0.019782 
86.018913 83.954239 78.987480 86.086571 94.704605 0.000000 
83.789001 64.098076 77.502663 60.485161 69.080116 0.027976 
67.837372 71.566360 70.388725 61.051933 56.142292 0.000000 
84.249672 69.684525 65.726212 73.630928 61.413391 0.000000 
77.208321 70.802025 68.731537 74.043716 68.312088 0.000000 
76.187782 67.320610 66.536926 68.967377 64.703552 0.019782 
72.486679 79.594719 74.831917 61.672787 50.137306 0.000000 
77.713928 81.915375 70.514488 66.920250 58.781620 0.000000 
83.697189 83.767525 74.861328 84.528679 68.419792 0.000000 
88.912994 90.579308 78.548637 64.258919 78.449249 0.027976 
87.130295 80.055092 85.533897 73.378441 69.126198 0.000000 
81.258812 62.652443 69.867111 70.079735 68.409912 0.000000 
76.291183 73.973068 76.617493 67.348206 57.281281 0.019782 
83.880966 91.744621 85.656227 67.246269 62.811378 0.000000 
87.111389 97.010300 85.155067 71.386063 69.450928 0.000000 
82.200310 84.217438 80.686264 69.010429 61.301792 0.000000 
81.804062 88.066460 89.967712 80.817253 66.816254 0.019782 
83.204216 67.270576 76.854698 63.197311 56.529007 0.000000 
83.946564 75.186600 79.778343 67.529503 64.509056 0.027976 
84.513954 67.648026 64.599236 56.494431 56.072971 0.019782 
90.024506 87.036087 81.619995 101.160652 61.324120 0.000000 
80.003601 66.142670 84.206833 69.118591 60.873634 0.000000 
81.702118 71.093102 87.896255 77.910187 60.974106 0.019782 
84.278717 73.642044 70.389038 72.670593 57.682896 0.000000 
72.734840 69.834137 62.413750 55.812679 51.154327 0.000000 
68.260277 67.563293 71.846375 63.655544 54.403564 0.039565 
89.803627 83.830261 91.864098 83.345016 87.225098 0.039565 
85.609833 85.694420 97.606926 96.545616 83.192657 0.000000 
72.742119 69.452278 68.886559 66.969368 57.089489 0.000000 
92.424179 87.117378 86.608688 86.691826 85.239685 0.000000 
80.207985 76.032013 75.999535 74.211189 67.828659 0.000000 
71.387825 59.613438 77.161530 67.134850 75.671623 0.034264 
86.563683 87.442001 78.483170 76.555283 72.328941 0.000000 
87.106094 92.072449 81.915092 86.790955 75.149414 0.019782 
88.864105 74.655624 80.324348 75.864861 67.938141 0.027976 
88.689369 77.223381 74.635567 73.514824 65.640991 0.000000 
64.755943 66.558472 72.406082 66.636398 57.504692 0.019782 
93.168877 83.526756 76.268585 62.454304 66.761940 0.019782 
88.148834 70.416443 66.311127 76.050285 67.115608 0.000000 
77.447563 86.442902 87.314941 82.270737 59.478596 0.019782 
85.816666 81.125320 77.328552 74.603928 61.579079 0.019782 
88.873619 94.783478 81.543213 81.542793 79.662125 0.000000 
82.738190 71.455162 82.914444 73.137444 70.619560 0.019782 
90.648331 79.755882 88.417000 71.904091 71.555038 0.019782 
70.171959 64.154236 67.192703 66.154427 51.624847 0.000000 
88.114601 92.130112 97.988358 90.092247 69.432968 0.019782 
84.350677 79.137848 75.056511 68.343697 74.746307 0.034264 
59.406116 73.115280 66.606018 54.431908 57.488060 0.019782 
79.250069 78.582802 88.616402 78.030754 67.797661 0.019782 
91.657478 86.335327 75.832092 81.628471 64.833885 0.000000 
83.601883 75.032249 80.542343 81.904129 67.571358 0.000000 
85.036026 76.663185 79.257149 70.316231 80.136841 0.000000 
85.714851 72.899490 75.187019 65.670105 57.871529 0.027976 
94.780418 89.461327 88.506821 88.582680 85.355652 0.027976 
84.729446 73.753792 73.549156 71.225456 58.727760 0.000000 
88.458817 84.734520 82.453552 79.321312 75.006180 0.000000 
83.026978 77.208893 82.810089 87.268486 62.273361 0.000000 
74.882256 73.862556 78.784470 82.689278 69.780273 0.000000 
83.707863 76.906731 79.692741 74.897934 68.960464 0.000000 
78.285179 60.229931 53.886513 53.083958 45.805279 0.027976 
89.086273 87.455971 79.690117 67.810059 66.593849 0.019782 
88.413170 88.328850 92.322159 94.086983 86.757393 0.000000 
85.382027 78.263405 79.242722 68.201752 78.404785 0.000000 
86.246979 82.546539 77.181808 59.533390 71.341431 0.000000 
73.363609 63.197586 64.750961 71.831734 70.315170 0.000000 
84.772888 72.997925 77.396736 77.218124 79.735558 0.000000 
81.669601 86.489235 82.754021 72.859848 72.299675 0.027976 
71.641068 79.071869 70.180092 69.877319 55.941010 0.000000 
74.913498 67.674583 72.737129 76.019562 56.362621 0.000000 
90.636894 88.380600 92.687981 83.055351 67.471458 0.000000 
85.437271 82.441399 73.092911 73.941620 75.209602 0.000000 
73.703178 65.765244 67.916512 60.612011 69.968880 0.000000 
81.650253 75.142418 69.751854 70.065819 74.555481 0.000000 
89.166122 80.522964 81.305077 75.877327 58.892658 0.000000 
67.699707 77.065575 70.375977 64.983986 64.874306 0.000000 
74.580200 66.079727 68.673195 62.447395 48.602734 0.027976 
82.418053 69.935455 74.879128 71.236641 66.257050 0.027976 
72.560631 54.381382 57.742340 57.506023 47.845371 0.000000 
75.467560 72.318398 77.194786 66.176804 51.955776 0.000000 
76.025505 67.029434 62.936871 65.563622 47.122421 0.000000 
74.206566 52.965256 65.508507 69.657486 57.093391 0.000000 
82.052483 71.824127 77.196198 71.914818 61.803482 0.039565 
90.556664 73.727760 82.305893 68.763657 64.817627 0.034264 
80.886765 69.682083 78.847786 65.898003 58.934940 0.019782 
87.358185 75.700958 85.211800 82.978523 71.878555 0.000000 
90.625389 85.958862 93.135849 83.344566 85.708458 0.027976 
71.955910 68.169479 67.934509 66.238907 62.835052 0.019782 
75.304749 71.957001 69.069107 70.614136 63.291397 0.019782 
93.392349 90.332848 78.077797 80.232956 83.037964 0.000000 
93.835716 91.023636 86.702324 77.434814 68.143631 0.000000 
80.807983 72.752495 80.789124 76.727478 69.535294 0.000000 
83.850754 68.108154 66.509918 66.976265 59.089058 0.000000 
85.256531 71.912086 79.974174 65.222107 63.635693 0.000000 
80.380119 70.820847 70.443542 66.643806 60.797234 0.039565 
83.143730 97.991959 85.093086 73.904411 67.237503 0.000000 
83.760727 81.260674 79.870300 73.843643 64.914948 0.000000 
77.511269 82.164764 85.377220 69.476463 45.169807 0.000000 
71.655441 85.174362 77.412247 79.092079 67.305794 0.027976 
66.052666 47.833988 56.119064 49.558414 27.461901 0.019782 
80.040001 66.934959 71.209709 55.235416 58.695076 0.027976 
86.783783 75.716644 84.466965 70.810570 53.307312 0.000000 
87.084007 87.952682 89.163788 88.455536 81.130966 0.000000 
75.483971 59.764141 63.770630 53.530624 61.296474 0.027976 
68.682274 71.288406 75.154472 64.747101 52.092369 0.000000 
90.852585 74.955353 82.743752 60.403870 68.296608 0.019782 
79.017525 73.620758 77.258102 64.082474 41.724842 0.000000 
89.681183 79.347694 75.117302 80.237968 67.918961 0.000000 
73.284317 64.883873 67.270660 64.959564 52.045559 0.019782 
88.962822 89.587509 78.965118 66.369064 66.437874 0.019782 
72.409531 76.854950 67.668701 60.148735 53.113243 0.000000 
84.944267 76.994934 83.653839 85.360725 79.357491 0.027976 
70.293930 74.454689 70.702873 56.345875 53.546738 0.000000 
85.644005 82.550377 82.672264 76.522842 64.277504 0.000000 
87.182915 87.914566 90.074745 88.518791 61.203316 0.000000 
72.618706 66.267227 76.744156 62.498150 72.894943 0.019782 
88.291573 87.272537 88.212807 83.089981 69.522949 0.000000 
91.088882 89.318298 80.064743 79.711975 69.426880 0.019782 
82.679520 74.262993 75.290466 73.141327 66.366020 0.000000 
79.724808 73.695328 72.154617 80.163414 74.573837 0.019782 
67.448074 71.359596 74.636559 65.667412 64.822945 0.019782 
61.593948 49.610485 57.978710 55.603672 51.028458 0.000000 
85.375412 77.786125 78.794510 67.429123 63.693863 0.000000 
88.843658 83.268921 80.574593 82.570190 75.936867 0.000000 
83.597847 73.381729 69.557426 75.236130 65.975731 0.000000 
77.998505 77.436348 78.716339 66.784126 63.971222 0.000000 
96.972832 97.455688 95.521706 85.412956 72.552803 0.019782 
80.309769 83.261909 73.197632 73.723976 70.545204 0.019782 
90.698456 86.046730 85.131241 87.213730 86.838142 0.027976 
87.546364 82.998856 87.500427 79.427666 63.785259 0.000000 
68.096062 65.113815 66.147652 60.705017 49.832645 0.000000 
79.128304 70.542702 69.637871 67.206131 66.099533 0.000000 
81.726845 74.525177 72.923355 66.959526 59.777035 0.019782 
86.711929 80.371078 91.921349 88.641541 77.282578 0.000000 
67.154335 78.222130 65.720009 67.226883 64.984268 0.000000 
65.668152 76.112213 69.263664 61.472370 68.962952 0.000000 
75.094872 77.767189 76.324158 76.386154 70.060783 0.019782 
79.413673 67.666466 69.746910 72.929298 69.317902 0.000000 
69.875214 79.899094 60.961853 56.420322 64.684570 0.000000 
78.162796 71.574348 74.210884 66.015579 67.180031 0.000000 
85.928024 68.937347 74.306633 59.366390 51.024269 0.027976 
59.733566 68.738823 62.018364 48.267002 54.693546 0.000000 
75.475258 57.945084 68.329643 49.924393 52.606709 0.000000 
82.318336 76.198837 79.794838 71.115639 71.031349 0.019782 
74.635925 83.448311 83.223953 79.145897 63.207935 0.039565 
75.750778 67.352081 76.572021 69.265816 54.014771 0.027976 
74.887268 74.688805 67.600830 71.641617 51.400486 0.000000 
88.069717 94.547279 87.753685 82.127121 75.360359 0.000000 
72.817375 75.086647 73.803734 59.934185 56.821159 0.000000 
85.884789 80.884384 78.280441 71.965645 67.678284 0.019782 
86.109398 86.421646 88.083862 83.592461 82.808914 0.000000 
79.297844 73.721291 81.768425 73.887962 79.426865 0.000000 
72.717834 68.981514 70.216667 61.484741 53.141888 0.000000 
94.989113 92.503967 88.153099 94.255959 76.143204 0.000000 
79.748291 65.049576 67.828491 55.052753 63.424049 0.039565 
85.184135 76.603699 69.494606 67.913445 52.756176 0.019782 
75.358444 78.064659 88.259750 69.223030 71.548927 0.019782 
85.218666 73.750122 83.761200 67.205711 72.743469 0.027976 
83.972748 79.350937 77.259224 67.956100 60.636776 0.000000 
74.225960 72.996559 74.424416 66.754250 57.744392 0.000000 
87.875092 87.692619 84.509445 80.864128 58.680042 0.027976 
89.219543 80.490211 79.391968 85.576561 81.087936 0.000000 
92.468979 76.212204 84.511353 76.751625 83.954498 0.000000 
88.472832 83.789108 79.967133 75.760666 69.514824 0.000000 
83.815941 85.162842 76.776451 69.569740 60.316456 0.000000 
87.008110 89.404068 89.066528 80.144287 64.070618 0.000000 
70.772575 56.423325 60.678974 59.154362 60.176373 0.000000 
85.494354 84.027649 76.829834 81.735153 67.839569 0.019782 
90.556465 69.150803 82.044312 57.081402 67.373108 0.000000 
86.377884 67.890221 86.397949 63.459621 68.516266 0.000000 
86.863869 78.878197 77.476250 64.803398 59.223545 0.019782 
77.916489 75.252983 77.955399 64.976860 63.994831 0.000000 
98.252129 72.252197 83.160477 78.634064 70.799660 0.027976 
73.878006 61.737339 85.059776 65.502907 70.475845 0.000000 
70.950989 73.342995 80.729538 72.253952 64.286644 0.027976 
87.656891 88.735985 87.633339 76.169205 64.027649 0.000000 
88.123306 79.513962 92.074821 66.502419 68.053955 0.019782 
91.368210 85.752579 91.278435 82.800240 90.052330 0.027976 
84.470261 69.567642 65.104248 57.732651 55.940639 0.000000 
79.582886 77.327469 80.104744 81.546616 70.658363 0.039565 
73.650787 71.631813 70.774475 53.267776 57.460857 0.027976 
88.015846 85.857674 85.931740 76.884804 68.963272 0.000000 
73.562698 77.757690 78.341972 84.799309 75.979729 0.000000 
86.324486 68.041901 81.021240 70.514076 80.089294 0.039565 
93.702744 75.031166 80.578484 80.470558 61.774059 0.027976 
73.417290 78.159958 82.566681 76.609741 55.695782 0.034264 
84.596642 97.177498 83.101791 68.492668 55.162624 0.034264 
66.631042 69.315804 60.504391 65.212723 50.957436 0.000000 
69.740875 63.586414 65.033081 60.931557 58.105408 0.000000 
83.217018 81.231262 78.475227 76.974884 57.619308 0.027976 
63.112354 65.254692 68.832245 59.721245 44.712502 0.019782 
88.207275 76.833359 81.650185 73.237816 73.035240 0.000000 
87.624969 72.069122 71.150322 70.523712 57.869610 0.000000 
73.781540 58.736973 66.846184 70.770760 60.386845 0.027976 
78.787880 83.247185 75.559784 65.609207 55.066570 0.019782 
71.598648 59.044861 64.878563 70.535973 51.164543 0.027976 
96.064827 87.980225 88.294289 81.212936 71.618782 0.000000 
73.090805 67.382309 73.802055 69.069885 56.096764 0.000000 
91.842697 91.139999 81.707916 69.952293 57.919743 0.044235 
74.556755 67.174446 72.691475 68.913086 57.342331 0.000000 
80.764359 65.604019 69.717392 58.906063 64.607582 0.000000 
82.237114 76.829605 73.715874 66.689743 52.126408 0.039565 
83.442345 81.915970 86.135147 73.602905 57.061031 0.019782 
81.708435 75.970116 83.777504 62.595211 59.075207 0.019782 
80.987633 66.121674 72.713440 55.179844 56.565315 0.000000 
84.076820 78.532532 78.214264 76.212448 63.495670 0.034264 
83.896477 73.245514 76.457413 69.046898 75.503014 0.000000 
85.980392 72.764099 78.955238 66.128059 50.601238 0.000000 
77.253334 64.993576 60.874496 55.477058 43.260956 0.019782 
87.569115 84.447701 82.340248 79.995880 68.509193 0.000000 
83.419518 84.987328 86.373917 78.116318 80.052094 0.027976 
88.423576 84.309944 72.613098 65.321053 57.986347 0.000000 
92.842987 69.839737 75.641304 70.980049 68.137177 0.027976 
85.423462 83.630722 76.526619 70.534416 60.873524 0.000000 
62.163502 60.868828 70.305199 61.579807 58.861809 0.027976 
85.418663 83.411583 89.099350 69.925064 64.685730 0.019782 
83.581070 70.296638 76.880974 65.015572 59.536564 0.000000 
81.235352 81.643105 84.441429 80.808426 61.353088 0.000000 
83.828346 71.049332 73.575386 67.283836 59.231655 0.019782 
81.064056 74.234528 80.799347 64.007256 50.988277 0.000000 
70.489014 56.847137 66.052727 62.886894 55.396019 0.027976 
72.372536 58.030811 70.252945 63.783199 61.476871 0.000000 
78.755020 72.252319 72.592926 67.348618 64.149597 0.027976 
69.022667 63.325077 61.462860 54.496719 57.383438 0.000000 
82.080322 75.462234 74.096558 68.266853 65.174026 0.000000 
87.149170 80.197334 78.656807 79.077347 64.257950 0.000000 
66.848518 69.014481 63.294800 65.135704 43.278591 0.000000 
72.850479 74.151176 76.443420 63.405602 63.604958 0.019782 
89.363869 76.060310 79.711441 81.010887 70.720253 0.027976 
87.155815 92.108376 89.363052 95.470924 82.049583 0.019782 
63.667015 69.577438 57.355267 53.794109 62.602253 0.000000 
84.382713 81.000793 87.836052 82.333633 64.186501 0.000000 
92.439980 87.174622 75.977486 84.950844 76.076027 0.000000 
89.266090 92.044640 88.501724 81.602768 72.474045 0.019782 
73.449760 67.144333 65.776413 61.987160 52.084293 0.000000 
88.519501 76.426476 75.843834 69.081596 56.140064 0.000000 
85.947716 82.774063 82.529015 70.350914 49.241268 0.034264 
73.344551 80.931511 66.872650 50.535366 53.389332 0.000000 
90.078705 85.159065 76.043243 73.818825 60.522465 0.000000 
71.219345 64.470169 64.189651 61.851418 59.846775 0.000000 
70.066170 69.664688 59.259426 64.849586 63.919899 0.019782 
85.641045 92.637695 81.005524 73.923363 75.449150 0.000000 
85.072929 72.557037 73.075790 56.259644 68.542145 0.000000 
87.061172 74.744537 77.901108 71.077194 72.366623 0.027976 
82.198357 76.942360 75.446831 67.250015 61.206894 0.000000 
90.893921 83.127464 74.385841 70.870331 68.578506 0.000000 
89.071121 88.735970 90.361595 83.658813 73.426704 0.000000 
83.261757 76.777954 76.773155 64.676659 60.139301 0.000000 
91.992874 78.047630 88.692612 77.539619 71.560608 0.039565 
84.746941 71.344429 76.488831 64.405212 55.477501 0.000000 
80.383972 66.492607 57.647133 64.367004 57.521503 0.000000 
83.349297 70.884598 77.296310 64.800522 49.426060 0.000000 
80.752106 78.175179 77.663712 69.485168 63.671841 0.000000 
81.617615 80.534462 80.895714 78.038605 70.004768 0.000000 
87.157387 75.598869 79.661095 67.572090 63.011784 0.000000 
79.613083 72.188034 76.232590 69.123749 77.281441 0.000000 
82.429756 87.251373 90.248871 84.362045 75.645615 0.034264 
77.154572 68.470619 64.317680 62.123688 52.689663 0.000000 
72.383842 70.211433 68.268150 64.162354 46.001968 0.000000 
91.443840 78.380478 73.525330 72.064346 67.817413 0.027976 
89.417427 82.821571 87.090057 82.587143 82.374252 0.000000 
95.718018 90.839729 90.546104 82.981232 85.806549 0.019782 
79.082138 72.862938 74.863022 76.652222 58.557285 0.034264 
75.329048 81.732948 79.408249 66.848007 66.845497 0.034264 
81.617401 66.948517 69.467690 67.391121 51.552570 0.000000 
78.929733 71.022659 66.589394 69.078484 60.369488 0.027976 
90.571594 95.870575 92.178474 88.962837 88.160355 0.000000 
74.001152 62.653515 67.882599 53.201378 59.412453 0.000000 
85.195793 74.804047 75.347984 70.422424 60.555717 0.000000 
74.582558 73.344444 67.446930 62.356388 65.157227 0.000000 
88.410690 90.574989 90.210213 85.491631 87.196930 0.019782 
64.597137 62.767860 65.590248 63.686089 41.847050 0.000000 
88.390129 85.180435 78.006943 68.857155 66.794235 0.000000 
74.935333 73.287956 68.920990 54.439472 43.392204 0.019782 
69.695946 70.812782 71.571114 75.193123 55.309536 0.000000 
56.560284 69.354439 61.579792 53.048588 47.669224 0.027976 
88.065697 90.293327 91.408989 98.966461 84.914330 0.000000 
91.540977 78.659348 75.590851 62.854321 63.894741 0.027976 
78.002182 83.910004 72.031517 65.852097 44.893921 0.000000 
80.489220 77.836929 89.791344 83.317238 82.689156 0.000000 
83.640434 59.831837 67.790039 64.768364 52.709965 0.027976 
102.521515 86.577469 71.807983 62.902668 59.834679 0.000000 
83.763992 76.242424 84.600670 55.291191 53.370621 0.000000 
94.850822 97.397675 76.015297 105.359772 68.774811 0.000000 
95.831924 115.757195 83.072647 81.675385 98.179893 0.019782 
90.129128 0.000000 79.616127 19.207571 19.704250 0.000000 
86.309761 132.900391 67.063637 103.733360 91.970451 0.000000 
93.122551 31.959986 66.790588 59.165966 65.723999 0.000000 
98.793915 180.000000 180.000000 179.928680 76.083130 0.000000 
99.468765 180.000000 180.000000 178.396713 22.594147 0.000000 
0.000000 0.000000 91.459885 97.196754 96.143860 0.000000 
84.452881 0.000000 0.238211 151.773468 61.254459 0.034264 
89.887886 88.018738 77.571396 83.609146 73.255661 0.000000 
0.000000 0.000000 81.917854 105.406906 60.064487 0.000000 
0.000000 0.000000 0.000000 75.543655 49.450375 0.000000 
98.515282 180.000000 81.793564 80.799896 39.218700 0.000000 
100.190239 180.000000 78.719131 91.488945 78.710915 0.019782 
0.000000 0.000000 87.202324 89.804581 85.638832 0.000000 
0.000000 0.000000 83.193764 92.760330 86.168175 0.000000 
87.300171 90.362442 81.986046 76.243065 86.657204 0.000000 
0.000000 0.000000 84.763115 81.653427 84.209488 0.000000 
0.000000 0.000000 101.203293 123.054169 74.896149 0.034264 
0.000000 0.000000 85.109558 82.110107 63.124710 0.000000 
90.142685 95.648727 93.352455 97.704903 98.740799 0.000000 
0.000000 0.000000 86.913170 97.269768 81.466339 0.019782 
0.000000 0.000000 89.547081 79.461784 79.525154 0.000000 
0.000000 0.000000 94.382225 84.508972 92.599602 0.000000 
0.000000 0.000000 87.327499 89.141930 54.022640 0.000000 
0.000000 0.000000 85.315063 64.648643 51.228756 0.027976 
0.000000 0.000000 85.940247 93.836670 56.242512 0.000000 
0.000000 0.000000 94.185677 95.552696 103.332466 0.000000 
0.000000 0.000000 93.062126 70.866714 81.701912 0.000000 
0.000000 0.000000 87.520294 122.810936 49.324814 0.000000 
0.000000 0.000000 100.292236 115.273308 63.191612 0.019782 
0.000000 0.000000 79.161545 89.537636 47.418530 0.027976 
0.000000 0.000000 78.179512 120.269958 47.097076 0.000000 
0.000000 0.000000 90.865395 105.086418 64.789948 0.000000 
0.000000 0.000000 84.235023 74.642258 65.587875 0.000000 
0.000000 0.000000 92.494926 83.328850 78.376053 0.000000 
0.000000 0.000000 90.819679 102.718689 71.407867 0.000000 
0.000000 0.000000 88.040115 103.690247 71.994453 0.000000 
0.000000 0.000000 87.110352 117.088562 50.636486 0.000000 
0.000000 0.000000 86.158134 107.165192 71.889938 0.034264 
0.000000 0.000000 83.247360 106.545296 52.532112 0.027976 
0.000000 0.000000 91.587265 90.524498 76.316467 0.000000 
0.000000 0.000000 93.671944 113.229965 60.038597 0.039565 
0.000000 0.000000 84.866241 113.143852 53.419319 0.000000 
0.000000 0.000000 89.250496 103.242622 76.981857 0.000000 
85.926559 88.709129 82.449379 112.103050 46.035557 0.027976 
0.000000 0.000000 82.147049 102.736259 46.520477 0.027976 
0.000000 0.000000 83.064957 86.101273 55.431831 0.000000 
0.000000 0.000000 89.843727 123.340462 61.237766 0.000000 
0.000000 0.000000 83.419159 104.275635 69.908867 0.000000 
0.000000 0.000000 87.937416 96.735146 82.453041 0.027976 
0.000000 0.000000 97.564163 92.963364 79.197899 0.000000 
0.000000 0.000000 92.261612 126.854424 48.813282 0.000000 
0.000000 0.000000 84.316864 120.448059 46.889202 0.000000 
0.000000 0.000000 83.296295 81.135071 84.783081 0.019782 
0.000000 0.000000 80.312927 93.816910 82.063332 0.000000 
0.000000 0.000000 79.693321 123.340324 50.113853 0.000000 
0.000000 0.000000 84.741409 109.412315 84.682182 0.000000 
0.000000 0.000000 87.335892 82.119087 90.387970 0.000000 
0.000000 0.000000 84.416916 109.722832 65.406898 0.019782 
92.756645 95.617027 87.455444 126.651726 50.971603 0.000000 
89.536972 86.212540 81.600235 124.072845 52.824013 0.000000 
0.000000 0.000000 82.527100 116.103539 78.482323 0.000000 
93.319717 85.758934 86.695114 121.442627 49.019619 0.019782 
0.000000 0.000000 99.706810 111.148560 56.581753 0.000000 
0.000000 0.000000 90.617081 105.422012 86.543587 0.000000 
0.000000 0.000000 82.908279 124.940323 54.804417 0.027976 
0.000000 0.000000 81.277252 157.896683 59.001854 0.000000 
0.000000 0.000000 86.000351 84.874428 47.683701 0.027976 
0.000000 0.000000 94.247391 112.148071 84.690216 0.019782 
0.000000 0.000000 96.830605 89.995667 88.360092 0.000000 
0.000000 0.000000 81.255760 118.651596 60.999344 0.000000 
0.000000 0.000000 99.708626 132.175964 56.463474 0.027976 
0.000000 0.000000 82.701935 117.995865 63.001713 0.027976 
0.000000 0.000000 86.354767 115.871033 47.172478 0.019782 
0.000000 0.000000 86.441994 106.721771 71.878471 0.019782 
0.000000 0.000000 87.642204 86.636208 95.631180 0.000000 
0.000000 0.000000 88.713776 81.006439 73.091461 0.019782 
0.000000 0.000000 86.690521 73.064240 80.720833 0.000000 
0.000000 0.000000 83.242775 95.946960 78.818428 0.019782 
0.000000 0.000000 97.550774 96.714272 72.072685 0.000000 
89.870811 85.945511 97.338036 113.345688 55.662910 0.000000 
0.000000 0.000000 91.090569 73.583694 81.267372 0.000000 
0.000000 0.000000 83.919708 127.629128 46.671574 0.000000 
0.000000 0.000000 95.282219 99.322655 75.757141 0.000000 
0.000000 0.000000 89.908386 87.908791 88.109947 0.000000 
88.747269 92.724564 84.426743 132.342346 67.499146 0.034264 
0.000000 0.000000 91.922577 104.355080 60.478436 0.000000 
0.000000 0.000000 82.257561 78.063225 30.915276 0.027976 
0.000000 0.000000 94.778954 103.632767 70.722588 0.000000 
0.000000 0.000000 82.003716 133.570877 54.000088 0.019782 
0.000000 0.000000 86.590019 91.691742 30.141016 0.039565 
94.600960 89.119370 90.310020 122.351730 48.410416 0.000000 
0.000000 0.000000 88.194168 99.528564 66.880760 0.027976 
0.000000 0.000000 90.912621 114.721947 49.208885 0.000000 
0.000000 0.000000 85.148094 95.823074 53.345119 0.000000 
0.000000 0.000000 86.416603 131.734573 53.681469 0.019782 
0.000000 0.000000 81.882668 131.010025 54.473877 0.000000 
0.000000 0.000000 88.574356 116.567558 44.947819 0.000000 
0.000000 0.000000 85.336060 121.065979 40.899719 0.000000 
0.000000 0.000000 83.040916 83.516418 33.563313 0.000000 
90.703072 134.215836 86.523232 123.861954 53.184940 0.019782 
0.000000 0.000000 82.887367 120.986961 67.684326 0.000000 
0.000000 0.000000 94.415306 115.324448 84.634476 0.000000 
0.000000 0.000000 80.856392 123.471764 71.238365 0.000000 
0.000000 0.000000 91.594627 87.160896 76.911209 0.000000 
0.000000 0.000000 93.803070 92.572929 72.318542 0.027976 
0.000000 0.000000 85.013420 78.838203 61.826534 0.000000 
0.000000 0.000000 81.595085 124.365219 55.288803 0.034264 
0.000000 0.000000 89.705750 124.274139 53.859085 0.000000 
0.000000 0.000000 93.705879 113.385834 82.793243 0.000000 
0.000000 0.000000 86.143494 134.227020 48.998856 0.000000 
0.000000 0.000000 95.808243 87.552925 91.104408 0.000000 
88.565544 132.427795 86.194275 144.272827 47.799183 0.000000 
0.000000 0.000000 102.245865 99.462585 85.568497 0.000000 
0.000000 0.000000 91.489815 107.338638 91.929199 0.000000 
94.780968 96.278015 86.525269 109.043648 44.639011 0.034264 
0.000000 0.000000 82.543465 105.840561 58.173523 0.000000 
0.000000 0.000000 86.657982 128.154190 48.000641 0.034264 
0.000000 0.000000 85.430801 70.307869 60.148315 0.019782 
0.000000 0.000000 86.815002 115.644341 60.487061 0.000000 
83.946442 180.000000 92.071953 87.946091 62.876205 0.000000 
0.000000 0.000000 93.671249 118.115273 68.945267 0.000000 
0.000000 0.000000 90.309006 109.486328 55.460812 0.019782 
0.000000 0.000000 83.600281 112.406876 48.320091 0.000000 
0.000000 0.000000 90.182777 92.687363 66.517632 0.000000 
0.000000 0.000000 93.254196 122.009415 46.149258 0.019782 
0.000000 0.000000 93.149208 117.008415 59.189381 0.019782 
89.586464 96.596413 88.596397 120.307793 45.301170 0.027976 
0.000000 0.000000 81.476036 90.088127 52.963123 0.000000 
0.000000 0.000000 96.555222 106.623955 90.045647 0.034264 
0.000000 0.000000 79.191513 108.009712 62.844597 0.000000 
92.077690 88.113678 81.462791 102.940155 48.890217 0.000000 
0.000000 0.000000 90.914925 100.210602 61.124249 0.019782 
89.652000 84.845482 91.615997 122.783844 59.618725 0.019782 
0.000000 0.000000 86.798889 95.317390 41.052013 0.000000 
0.000000 0.000000 88.240067 78.733040 53.648418 0.000000 
0.000000 0.000000 87.110207 99.745064 79.187599 0.000000 
0.000000 0.000000 89.795845 89.423279 84.134567 0.000000 
0.000000 0.000000 95.919395 84.832253 77.750587 0.000000 
0.000000 0.000000 82.735466 96.205185 86.132866 0.019782 
0.000000 0.000000 87.912613 126.825073 54.761131 0.000000 
0.000000 0.000000 87.139610 98.912209 86.558418 0.000000 
0.000000 0.000000 93.768440 87.437538 77.305183 0.000000 
0.000000 0.000000 81.606781 113.610046 53.277821 0.019782 
88.139252 84.410973 78.337746 122.382080 63.612083 0.019782 
0.000000 0.000000 85.355064 62.195343 54.718960 0.000000 
0.000000 0.000000 90.941017 130.228073 65.755669 0.027976 
0.000000 0.000000 81.557793 82.190453 78.956451 0.019782 
0.000000 0.000000 89.994019 102.813416 61.832012 0.019782 
0.000000 0.000000 82.860580 145.565872 66.212692 0.000000 
0.000000 0.000000 88.005913 116.408684 51.960297 0.000000 
0.000000 0.000000 91.981384 96.691765 79.140678 0.000000 
0.000000 0.000000 86.924225 125.300148 55.165035 0.000000 
0.000000 0.000000 89.841988 122.524178 57.640591 0.027976 
0.000000 0.000000 94.817741 81.882118 74.109932 0.027976 
0.000000 0.000000 82.356987 130.551208 58.563789 0.000000 
0.000000 0.000000 86.012672 90.103233 70.742470 0.000000 
0.000000 0.000000 87.685562 92.434029 77.081787 0.019782 
0.000000 0.000000 87.234825 72.144958 85.774658 0.000000 
0.000000 0.000000 90.853355 84.836258 86.299431 0.000000 
0.000000 0.000000 87.877739 137.641342 47.833450 0.027976 
0.000000 0.000000 90.110519 70.132286 77.143219 0.000000 
0.000000 0.000000 88.509827 81.915092 70.632942 0.000000 
0.000000 0.000000 87.607239 77.836830 54.146164 0.000000 
0.000000 0.000000 81.772087 123.481178 55.973854 0.000000 
0.000000 0.000000 82.674446 106.142326 55.267590 0.000000 
0.000000 0.000000 79.998230 87.428047 54.831322 0.000000 
92.274536 31.170639 93.762230 90.688141 95.953392 0.000000 
0.000000 0.000000 83.802101 129.649536 47.803307 0.000000 
0.000000 0.000000 87.684624 148.806549 67.113297 0.000000 
0.000000 0.000000 94.825691 96.889442 74.434731 0.019782 
0.000000 0.000000 86.314392 112.647881 50.913502 0.000000 
0.000000 0.000000 82.633148 122.559929 58.532227 0.034264 
0.000000 0.000000 83.153206 89.161278 54.950161 0.027976 
0.000000 0.000000 87.588303 94.408234 77.208832 0.000000 
0.000000 0.000000 91.487045 90.958458 62.064941 0.000000 
0.000000 0.000000 88.925972 124.116226 71.243927 0.000000 
0.000000 0.000000 88.437943 145.444229 65.346130 0.000000 
0.000000 0.000000 87.994362 83.637405 68.989311 0.000000 
0.000000 0.000000 92.883438 116.824959 60.866776 0.000000 
0.000000 0.000000 79.597870 122.161865 92.341103 0.019782 
92.717064 49.842724 80.344612 138.745926 66.941498 0.019782 
0.000000 0.000000 82.919868 109.232811 54.433338 0.019782 
0.000000 0.000000 81.485291 76.143112 54.770916 0.000000 
0.000000 0.000000 81.734344 74.410255 74.759407 0.000000 
0.000000 0.000000 78.115234 87.015137 33.849754 0.000000 
0.000000 0.000000 86.145035 92.318497 81.022217 0.027976 
0.000000 0.000000 97.290146 104.248299 67.618370 0.019782 
93.955322 97.781197 83.110672 104.568375 47.269226 0.027976 
0.000000 0.000000 85.523476 84.335327 76.407677 0.039565 
0.000000 0.000000 84.619698 118.561615 54.612991 0.000000 
0.000000 0.000000 82.457909 135.922897 57.018246 0.000000 
0.000000 0.000000 88.163338 57.642956 89.010559 0.000000 
0.000000 0.000000 79.314354 116.602631 74.419952 0.000000 
0.000000 0.000000 88.907303 93.818123 83.546394 0.027976 
0.000000 0.000000 82.225456 76.227844 94.480865 0.000000 
0.000000 0.000000 77.540520 82.150932 61.272121 0.039565 
0.000000 0.000000 81.406471 122.279572 51.702896 0.000000 
89.990417 95.530373 88.537727 122.611992 52.904591 0.000000 
0.000000 0.000000 85.454544 80.913582 84.401436 0.019782 
0.000000 0.000000 80.573128 132.865128 52.889088 0.000000 
0.000000 0.000000 81.155594 87.621765 62.444305 0.000000 
0.000000 0.000000 84.884644 90.521820 50.008099 0.027976 
0.000000 0.000000 92.764565 113.997658 48.238773 0.000000 
0.000000 0.000000 87.886963 129.744980 56.361565 0.019782 
0.000000 0.000000 86.565308 82.340057 79.630325 0.019782 
0.000000 0.000000 89.438118 83.709358 63.366074 0.000000 
0.000000 0.000000 92.697906 110.512711 67.938477 0.000000 
0.000000 0.000000 80.108780 112.824722 51.512592 0.027976 
0.000000 0.000000 89.663445 113.742516 73.539001 0.000000 
0.000000 0.000000 87.002548 101.704033 41.787857 0.000000 
0.000000 0.000000 82.762276 112.176338 66.617516 0.019782 
0.000000 0.000000 84.789673 111.719589 51.734077 0.034264 
0.000000 0.000000 92.778740 124.615227 43.596130 0.019782 
0.000000 0.000000 83.019981 65.956703 79.228073 0.000000 
0.000000 0.000000 89.911423 62.792297 79.626144 0.027976 
91.688423 90.601791 89.429321 133.029037 54.826069 0.000000 
0.000000 0.000000 83.047104 113.000450 56.566898 0.000000 
0.000000 0.000000 85.684456 93.440033 39.756817 0.000000 
0.000000 0.000000 80.953682 112.012741 65.004974 0.027976 
0.000000 0.000000 74.466743 90.760376 57.856113 0.000000 
0.000000 0.000000 79.943108 85.630157 59.712135 0.019782 
0.000000 0.000000 84.783516 107.098198 66.006592 0.000000 
0.000000 0.000000 91.765129 93.794167 76.324669 0.000000 
0.000000 0.000000 84.768829 139.821548 51.389126 0.000000 
0.000000 0.000000 87.191307 127.100418 56.382656 0.000000 
0.000000 0.000000 82.562553 66.179207 84.802094 0.039565 
0.000000 0.000000 84.379646 135.739944 52.861744 0.000000 
0.000000 0.000000 82.442451 98.236374 49.469242 0.027976 
0.000000 0.000000 85.735657 135.612396 72.448112 0.027976 
0.000000 0.000000 83.886879 91.141586 79.046516 0.000000 
0.000000 0.000000 90.311966 94.235947 75.664131 0.000000 
90.873009 85.308968 81.521492 136.721420 53.577084 0.019782 
0.000000 0.000000 83.147110 146.338028 52.400734 0.000000 
0.000000 0.000000 91.115784 126.789757 68.511543 0.019782 
0.000000 0.000000 84.217529 125.600616 47.766022 0.027976 
92.249596 93.241875 88.158722 116.339783 48.653889 0.039565 
0.000000 0.000000 81.511925 122.210793 46.572868 0.000000 
0.000000 0.000000 91.754257 98.809853 82.409592 0.019782 
0.000000 0.000000 80.450729 111.366325 77.705055 0.019782 
0.000000 0.000000 81.378265 93.732796 74.538620 0.000000 
0.000000 0.000000 89.221611 120.382050 58.700153 0.019782 
88.206032 91.493668 80.210396 131.768295 58.531551 0.000000 
0.000000 0.000000 79.845856 71.251671 53.529968 0.027976 
91.152039 84.367737 91.746529 103.980095 47.807976 0.000000 
0.000000 0.000000 89.492836 99.770233 66.304077 0.000000 
0.000000 0.000000 90.156097 99.591866 91.442184 0.000000 
0.000000 0.000000 87.089088 119.972488 43.256809 0.039565 
0.000000 0.000000 88.618904 89.183945 84.856812 0.000000 
0.000000 0.000000 77.695625 81.807350 35.650444 0.019782 
0.000000 0.000000 83.518845 132.181519 58.210629 0.034264 
0.000000 0.000000 74.758629 115.711456 49.971176 0.000000 
92.353439 85.421333 81.578758 116.641373 66.641762 0.034264 
0.000000 0.000000 78.151566 103.095215 52.072914 0.019782 
0.000000 0.000000 90.012596 90.604477 86.612518 0.019782 
0.000000 0.000000 86.699165 135.633179 53.568630 0.019782 
0.000000 0.000000 83.218536 88.085121 39.083420 0.000000 
0.000000 0.000000 100.776321 106.979927 75.583519 0.034264 
0.000000 0.000000 79.928810 145.915131 60.865364 0.000000 
90.392990 73.042465 92.970116 142.915390 65.014236 0.000000 
0.000000 0.000000 88.814835 60.827488 88.623024 0.000000 
0.000000 0.000000 90.805466 82.205505 85.653450 0.019782 
0.000000 0.000000 88.496170 121.968094 56.725433 0.027976 
0.000000 0.000000 80.716187 98.882668 71.865509 0.019782 
0.000000 0.000000 90.098518 134.311707 56.023933 0.000000 
0.000000 0.000000 90.092285 122.375641 59.242088 0.034264 
0.000000 0.000000 96.602974 86.322144 81.492912 0.000000 
0.000000 0.000000 72.808212 95.348465 41.132744 0.000000 
90.127487 94.254219 87.146935 100.012695 60.107853 0.000000 
0.000000 0.000000 88.909866 91.568626 74.462273 0.000000 
0.000000 0.000000 89.659859 106.300346 63.862209 0.019782 
0.000000 0.000000 81.723236 125.371292 48.669132 0.000000 
0.000000 0.000000 87.021942 80.267914 73.314377 0.000000 
0.000000 0.000000 89.100586 132.755554 57.487827 0.000000 
0.000000 0.000000 85.621704 143.169373 58.897736 0.000000 
0.000000 0.000000 83.179489 98.124435 79.098373 0.000000 
0.000000 0.000000 91.630600 96.574158 80.600517 0.027976 
0.000000 0.000000 91.161247 110.281227 84.221581 0.000000 
0.000000 0.000000 97.415741 62.676903 76.439728 0.000000 
0.000000 0.000000 93.381409 126.126663 59.307915 0.000000 
92.638123 72.924194 85.486969 128.356537 49.171547 0.019782 
0.000000 0.000000 95.236481 115.783882 78.086029 0.000000 
0.000000 0.000000 77.037750 79.457390 101.525932 0.000000 
0.000000 0.000000 90.272324 115.716156 50.127174 0.034264 
95.789696 95.581978 96.430267 109.637627 53.121555 0.000000 
0.000000 0.000000 84.353897 102.015411 79.038162 0.000000 
0.000000 0.000000 83.151466 91.665512 75.783455 0.000000 
0.000000 0.000000 93.989433 151.353348 59.613834 0.000000 
0.000000 0.000000 84.960403 103.150551 63.728207 0.034264 
