33234.816406 3093.467041 2076.011963 1290.716553 17108.074219 
27663.787109 4741.382324 2576.262695 1243.894043 20760.150391 
27388.441406 3482.345703 2223.414795 1205.043091 24414.568359 
31329.951172 3743.541260 2132.411621 1971.372681 23233.591797 
25601.367188 3826.310059 1939.456787 1452.368896 20206.148438 
27920.148438 2435.360107 1779.529297 1191.344971 21087.296875 
30165.037109 3979.305664 2631.857422 1811.873901 21134.023438 
26942.925781 4195.846191 1807.787598 1366.477173 25850.699219 
28084.421875 3314.302734 1549.555298 1505.527588 14515.028320 
26867.375000 2726.567871 1662.759399 1532.412842 17545.912109 
24284.164062 3815.653564 2991.553467 1893.834106 18683.968750 
27031.718750 3154.513428 2802.485596 1571.079712 20749.242188 
27667.406250 3149.620850 2215.846436 1291.435669 22797.410156 
27415.277344 2752.789307 2229.434082 1653.122681 19707.916016 
29918.187500 5056.545410 2388.987061 1654.181519 21346.548828 
33132.855469 2832.595947 1992.700562 1080.343018 27543.958984 
26154.791016 2773.992188 1385.825806 1230.105347 13300.920898 
27918.021484 2869.771484 1851.677368 1464.795532 19309.548828 
26526.357422 3734.109131 2103.533203 1170.220215 25707.392578 
22358.335938 1796.020508 1356.639526 1269.069702 13766.820312 
