1.633657 
1.545581 
0.476149 
0.856639 
0.580923 
1.411003 
1.479015 
0.788224 
2.368156 
1.243161 
1.834942 
2.347625 
0.777051 
0.983539 
1.273325 
1.542736 
1.765442 
1.024556 
1.467613 
1.504782 
0.796044 
0.441003 
0.658706 
0.932810 
1.193385 
1.233643 
1.061871 
0.861753 
0.675917 
1.065227 
0.497757 
3.486887 
0.804734 
0.948046 
0.429837 
1.274142 
1.003624 
2.069637 
1.117943 
1.886353 
1.401724 
0.697960 
1.921046 
1.688201 
1.611946 
1.119981 
0.910791 
0.433790 
1.656537 
0.860203 
0.693999 
0.593324 
0.416203 
0.892041 
0.887400 
1.467624 
1.738435 
1.012673 
0.740406 
1.599141 
1.328869 
1.727297 
2.290161 
1.175022 
0.350298 
1.944984 
0.666625 
0.429812 
1.427860 
2.559771 
0.720690 
1.756412 
0.556772 
0.670416 
0.628779 
1.181247 
0.876673 
0.798455 
0.756772 
0.679630 
0.603811 
0.291420 
0.776215 
0.858406 
0.811942 
0.871266 
1.744658 
0.564157 
0.525893 
1.372159 
0.961439 
1.333156 
0.898217 
0.595144 
0.297743 
0.573344 
0.938163 
2.003577 
1.545913 
0.800300 
0.901356 
1.128952 
0.757296 
0.454967 
0.958477 
0.539054 
0.980613 
0.880981 
0.810445 
0.700873 
0.599848 
0.689847 
0.294869 
0.743850 
0.488069 
0.905386 
0.671937 
0.596277 
0.811215 
0.736900 
0.441681 
0.604204 
1.348992 
0.658660 
1.110314 
2.458284 
0.716312 
0.596839 
1.733679 
0.570313 
0.637345 
1.456841 
0.464573 
0.822407 
0.598090 
0.590227 
1.129273 
1.700319 
2.381509 
1.156103 
0.495096 
0.471165 
1.185127 
0.345625 
1.002117 
0.852890 
0.830781 
1.491163 
0.570545 
0.544142 
0.790154 
1.548557 
1.135087 
0.374580 
0.642118 
0.629176 
1.421368 
1.035796 
1.035343 
1.079857 
0.634876 
0.858228 
0.536765 
0.514098 
0.265265 
1.088816 
0.604391 
1.427645 
0.738361 
1.126737 
1.381587 
1.238687 
0.346808 
0.839295 
1.515061 
1.448108 
0.629215 
1.583446 
1.221494 
2.144481 
0.877728 
1.365824 
1.990912 
0.930234 
0.546423 
1.634427 
2.358119 
1.258536 
2.301051 
1.377371 
1.654614 
1.788828 
0.878964 
1.602455 
0.459539 
1.001750 
1.910144 
0.532163 
1.001657 
0.996770 
1.931014 
1.829528 
0.953042 
3.920596 
1.684802 
0.830631 
1.965402 
0.698557 
1.843542 
0.945913 
1.104406 
1.033707 
0.983533 
1.488382 
1.384686 
0.516944 
1.120191 
1.244773 
0.897001 
0.414880 
0.907602 
0.673251 
0.945758 
1.327037 
1.514628 
2.260048 
0.987857 
1.401282 
2.268309 
0.607999 
0.806316 
0.502630 
0.908597 
0.745116 
1.240531 
0.286615 
0.825174 
1.242025 
0.509685 
0.941008 
0.957482 
1.571241 
2.118929 
0.680377 
0.610550 
0.812631 
0.684832 
0.788789 
0.783465 
0.857518 
0.640108 
1.981851 
0.896718 
0.885530 
1.032010 
0.602499 
0.588529 
0.383116 
1.715502 
0.440555 
2.160612 
0.889919 
0.547486 
0.392849 
0.986216 
1.131838 
0.699620 
1.918478 
0.705386 
0.726451 
0.574252 
1.225675 
0.679551 
0.435925 
0.531116 
0.678078 
0.305444 
0.659158 
0.483960 
1.225825 
1.373136 
1.029242 
0.664457 
0.891918 
0.331904 
1.087297 
1.716520 
0.608128 
0.828698 
1.769913 
0.548497 
0.745782 
0.827784 
0.726229 
0.611516 
0.780438 
1.075545 
1.275378 
0.524933 
1.346248 
0.778572 
0.983438 
0.911233 
1.426188 
0.514779 
0.383755 
0.935187 
2.248897 
1.702813 
0.886756 
0.426440 
1.103171 
1.547881 
0.807895 
1.337893 
0.396369 
1.321495 
0.420009 
0.698143 
1.170998 
1.827870 
0.504691 
2.307410 
1.916638 
0.539438 
1.238658 
0.904800 
0.939423 
1.081292 
0.759777 
0.991276 
1.202481 
1.057900 
1.358168 
1.331175 
0.608018 
1.961129 
0.436355 
0.641415 
0.871113 
1.366675 
0.883729 
0.931777 
0.744463 
1.995374 
0.700778 
0.485085 
0.623446 
0.590219 
0.503109 
2.470403 
1.056724 
1.182253 
1.355685 
0.518973 
2.206651 
0.706323 
0.537723 
0.449150 
0.452559 
0.300123 
0.502172 
0.989598 
0.382910 
2.244061 
1.478190 
0.350903 
1.558294 
1.077948 
0.830969 
1.019124 
0.738255 
0.538188 
2.811078 
1.325097 
0.448923 
1.521786 
0.415487 
1.361833 
1.186646 
0.849723 
1.650684 
0.785399 
0.333865 
1.359388 
0.947138 
0.765671 
0.871088 
2.827664 
1.056659 
2.553769 
0.546686 
1.965563 
1.094520 
0.346138 
0.590546 
0.478986 
1.749761 
0.460824 
0.827105 
0.782468 
0.831473 
0.871851 
0.391838 
1.881680 
2.405936 
2.395893 
0.758485 
0.909294 
2.269858 
0.732513 
2.387042 
1.503377 
0.803713 
0.762966 
0.637889 
0.369398 
0.956260 
0.598791 
0.855380 
1.169753 
0.684639 
2.502099 
0.899030 
1.829854 
0.601228 
0.607005 
1.125640 
0.547893 
2.251202 
0.483493 
0.914542 
0.909708 
0.887498 
0.927955 
1.757222 
0.645806 
1.254211 
0.892096 
1.715311 
0.644149 
0.368359 
0.705484 
0.632912 
0.622544 
1.900018 
1.228393 
1.234793 
0.993896 
1.181400 
2.214155 
0.564756 
0.753915 
2.140591 
0.809357 
0.970869 
0.896275 
1.793617 
0.991415 
1.180157 
0.476135 
1.763270 
0.805763 
2.242595 
1.089305 
0.824034 
0.408328 
2.246840 
0.659473 
0.791033 
0.574658 
0.458085 
0.648961 
0.632263 
0.877865 
0.649836 
0.931101 
1.502357 
0.830564 
0.731418 
0.703239 
0.639129 
2.609336 
0.767767 
0.917096 
1.553759 
0.989540 
0.572301 
0.797061 
0.629217 
0.790941 
0.751452 
1.129277 
1.240346 
0.963597 
1.381091 
0.612220 
1.204469 
0.521891 
1.328507 
0.743904 
1.444144 
0.496306 
0.532435 
0.698676 
1.909730 
0.603983 
0.631066 
1.232678 
0.598573 
1.190342 
1.280947 
1.047896 
1.723247 
0.411914 
0.503233 
1.060629 
0.793959 
1.660190 
0.469876 
0.713531 
0.398461 
1.008118 
0.808550 
0.797691 
0.881690 
0.717282 
1.301720 
0.643725 
0.551229 
0.721289 
1.234825 
1.081068 
1.045858 
0.481998 
1.426063 
0.538163 
0.633300 
0.870894 
1.365111 
0.378673 
0.494246 
0.921525 
0.724507 
1.068957 
2.003131 
0.539649 
1.039118 
0.519373 
1.130442 
2.072690 
1.950091 
1.164216 
0.851530 
0.473418 
1.356470 
2.339931 
0.783859 
0.514093 
2.675740 
0.504286 
0.933609 
2.154059 
0.807232 
0.651269 
1.135008 
2.373742 
0.334920 
0.836919 
2.610887 
0.941654 
0.613997 
0.855110 
0.818043 
2.050346 
0.495470 
1.013937 
1.105434 
0.555982 
0.546602 
1.092366 
0.839894 
1.059754 
0.499644 
0.710493 
0.913223 
0.609740 
0.728415 
0.304112 
1.084981 
1.033905 
0.708774 
1.225063 
1.161811 
0.552244 
0.572073 
1.353672 
0.585790 
0.847206 
1.146815 
0.698429 
1.813391 
0.267841 
0.569358 
1.153275 
0.621795 
0.766448 
1.587916 
0.992479 
0.865377 
0.309125 
1.556367 
1.170138 
1.912753 
1.883231 
0.437231 
1.397063 
2.482265 
1.489452 
1.075416 
2.093933 
0.759069 
0.644399 
0.343853 
0.681334 
0.759621 
0.536473 
0.806301 
1.282832 
1.813823 
0.471110 
1.168602 
0.921914 
0.643150 
0.869318 
0.838676 
0.900326 
0.699848 
0.943152 
0.661313 
0.845981 
1.109950 
1.863964 
0.602136 
1.313940 
0.870787 
1.290560 
1.841415 
0.692391 
0.634634 
0.596765 
1.073399 
0.789527 
0.899583 
1.657076 
0.658240 
0.458363 
1.431546 
0.811408 
0.416135 
0.865188 
0.710766 
1.115268 
0.522612 
2.087829 
0.450018 
1.009219 
0.609564 
0.679860 
0.344537 
0.726166 
0.467137 
0.953721 
0.614552 
0.248153 
0.496675 
0.635971 
0.971840 
2.730986 
0.765770 
0.759152 
0.504906 
0.540136 
0.858106 
0.721396 
0.466163 
0.734958 
0.747800 
1.949045 
0.620137 
0.403879 
0.554249 
1.657226 
2.255090 
0.178656 
1.052283 
1.669719 
1.225922 
0.303457 
0.317696 
0.250997 
0.486064 
0.477708 
1.339570 
0.753117 
1.054781 
0.451460 
0.646707 
0.897811 
1.215281 
0.498561 
0.971978 
2.123558 
0.960048 
1.547493 
0.955947 
1.013643 
0.783523 
0.669575 
0.854226 
1.170392 
1.358631 
1.837187 
0.449531 
1.172244 
1.103076 
0.718461 
2.142315 
0.583723 
0.668647 
0.344092 
0.710817 
0.491544 
0.510147 
0.934324 
0.964385 
1.690303 
0.865610 
0.710482 
0.614278 
1.692429 
1.692839 
0.759701 
2.094106 
1.122195 
0.422093 
1.334287 
0.844048 
0.624404 
2.118452 
0.653577 
2.083733 
2.604787 
0.688282 
1.790502 
0.251083 
0.501210 
1.601755 
0.663635 
1.786490 
1.279665 
0.700862 
0.856826 
0.843689 
0.997094 
1.525810 
0.463510 
1.231256 
0.701322 
0.455798 
1.955019 
0.944025 
0.395564 
0.868706 
1.191898 
0.869349 
2.100518 
0.798098 
0.986999 
0.300734 
0.490734 
2.558110 
2.187622 
0.698130 
1.293790 
0.697178 
2.067172 
0.836426 
0.376676 
0.695475 
0.663584 
1.879763 
0.805913 
0.309044 
0.906632 
0.820399 
0.475482 
0.567874 
0.808364 
0.651117 
0.555355 
0.766887 
2.329657 
1.527308 
1.041705 
1.611133 
0.948191 
0.338327 
0.889007 
0.415241 
0.525827 
2.252936 
0.732647 
0.466552 
4.545378 
0.458376 
0.880081 
0.393163 
1.089076 
0.829225 
0.960793 
0.838432 
1.035294 
0.579289 
0.723769 
1.292628 
1.559086 
1.376377 
0.424755 
1.231955 
0.769884 
1.046071 
0.591601 
0.747884 
0.616134 
0.724296 
1.271671 
1.440236 
1.292221 
1.617427 
0.797454 
0.596527 
0.705475 
1.321883 
0.637366 
0.755097 
1.841058 
0.648856 
1.617295 
2.071277 
1.250540 
0.931808 
0.882741 
1.152256 
0.757233 
1.162506 
0.698830 
1.012676 
1.263195 
1.178707 
0.891497 
0.756981 
0.503104 
1.226026 
0.518363 
1.010789 
0.946860 
0.968701 
0.628635 
0.790210 
0.550255 
0.400565 
0.584949 
0.641644 
1.152699 
0.500382 
0.477393 
0.961263 
0.996537 
0.694528 
0.596178 
1.018312 
0.943501 
0.981124 
1.256994 
1.438174 
0.655799 
0.813937 
1.365311 
0.875348 
0.435753 
0.429606 
0.516766 
0.401946 
0.763445 
0.924547 
0.970623 
1.226491 
1.928782 
0.576385 
0.578854 
0.642823 
0.866004 
0.830146 
0.630034 
0.781581 
1.393966 
1.989487 
0.546133 
0.881363 
1.344337 
0.532674 
0.919920 
1.265852 
1.080226 
1.601637 
0.659293 
0.742561 
0.816724 
0.861126 
2.467295 
0.922297 
0.669918 
0.673242 
0.510349 
1.135916 
0.393918 
2.822184 
0.681417 
0.695526 
1.013954 
0.907284 
0.669619 
1.122200 
1.054433 
0.398406 
0.748746 
0.891551 
0.649319 
0.663041 
0.654374 
1.589226 
1.162998 
0.434385 
1.744805 
1.969181 
0.744519 
1.488995 
0.724367 
1.014619 
0.355874 
0.772394 
2.204655 
0.740425 
1.425682 
0.446609 
1.303562 
0.783577 
0.846838 
0.639769 
1.305122 
0.816950 
0.918979 
0.939588 
0.520876 
2.069839 
0.920369 
0.988145 
0.644007 
0.576333 
1.727028 
0.857420 
0.830851 
0.608469 
0.621287 
0.733138 
0.570520 
0.610555 
0.983948 
0.566987 
0.756757 
1.440657 
0.979461 
0.422806 
0.946706 
0.596804 
2.019091 
0.708197 
1.042451 
0.623065 
0.763490 
1.016987 
0.691304 
0.861624 
0.806667 
0.657104 
2.527233 
0.914698 
0.566346 
0.653031 
0.913964 
0.436239 
0.800544 
0.577473 
1.533720 
0.673372 
0.981482 
1.085039 
1.799510 
0.723114 
1.141286 
0.754712 
0.559517 
1.195319 
1.210075 
0.474649 
0.954631 
0.673172 
0.903772 
1.331756 
1.573869 
0.473731 
0.776534 
0.633256 
0.692338 
0.820444 
2.063854 
1.919941 
1.501283 
1.040541 
0.453181 
0.592105 
0.690862 
0.768299 
0.465429 
2.963311 
2.236812 
2.183651 
0.976311 
0.824995 
0.892788 
0.514175 
0.782290 
2.138309 
1.114900 
0.778522 
1.327065 
0.896943 
1.355823 
0.393675 
0.503682 
0.988220 
1.993612 
1.842232 
0.878562 
1.034116 
0.466312 
0.714510 
1.488023 
1.170499 
0.802801 
1.870098 
0.775114 
1.078723 
1.219980 
0.507320 
0.481620 
1.627191 
0.814962 
0.720252 
0.683968 
2.317321 
0.345819 
2.061550 
0.225226 
0.411205 
0.726568 
0.173348 
0.349898 
0.670010 
0.892852 
0.542808 
0.738787 
1.907209 
0.787727 
0.638541 
1.110133 
1.035889 
1.514034 
1.624031 
0.820478 
0.632583 
0.705157 
0.533455 
0.750472 
1.213714 
0.653028 
2.035714 
0.600536 
2.207703 
0.753713 
0.621582 
0.638484 
0.585418 
0.697884 
0.660271 
1.247563 
0.329478 
0.922240 
0.754949 
0.595185 
0.923592 
1.906749 
0.888961 
1.042398 
3.348468 
0.650457 
0.408343 
1.008713 
1.321922 
1.046539 
0.780888 
0.803120 
0.421777 
0.346645 
1.750967 
1.524051 
0.628267 
0.520980 
0.551506 
0.853715 
2.254606 
0.651729 
1.046093 
1.083771 
1.547785 
2.162129 
0.664261 
0.219916 
0.983699 
1.122517 
1.106920 
0.729732 
0.929067 
0.550265 
1.038148 
0.625056 
0.635279 
0.396154 
0.752683 
0.360117 
0.523271 
2.090060 
0.777344 
0.734303 
0.483999 
0.611584 
0.645432 
1.234491 
0.534881 
0.469198 
0.412897 
1.244730 
1.323367 
0.380118 
0.619784 
0.830489 
2.084637 
1.640640 
0.731142 
0.605934 
0.715705 
1.487786 
1.534751 
0.685820 
2.198687 
1.127772 
1.182766 
1.794317 
0.744540 
0.813300 
1.558228 
0.566541 
1.271075 
0.800541 
0.722685 
0.489431 
0.942760 
0.656467 
0.291810 
0.959234 
0.955514 
0.708694 
0.652746 
0.625398 
0.436054 
1.508130 
1.190955 
0.593230 
1.588070 
