Episode: 1: [[-0.003       0.00254462 -0.00159207 -0.00124238 -0.00161447 -0.00222629
   0.00053651]
 [-0.00100429  0.00069421  0.00264246  0.00389597  0.00193428  0.00208275
  -0.004     ]
 [ 0.005       0.004      -0.00322072 -0.00369674 -0.0006691  -0.00226815
   0.004     ]
 [ 0.005      -0.00169534 -0.00366747  0.00054729  0.00332162  0.00013283
  -0.00158282]
 [ 0.005      -0.00093526 -0.00266517 -0.00041948  0.00229994  0.00096693
  -0.00022096]] 
Episode: 11: [[ 0.00147753  0.01053297  0.01067308  0.00431276  0.00020177 -0.00969316
  -0.00308511]
 [-0.00915423  0.00293808  0.01067431  0.00353066  0.0087176   0.0039038
   0.00146486]
 [ 0.01190672  0.01212994  0.00081882 -0.00333221 -0.00294868  0.01075939
   0.00307399]
 [ 0.03839796 -0.01233992 -0.00561382 -0.02101707 -0.00962017 -0.00655019
  -0.00227832]
 [ 0.01424845 -0.00736676  0.00089066  0.00916948 -0.01752632 -0.00306067
  -0.00210796]] 
Episode: 21: [[-0.01529228  0.01095752  0.00516628  0.00505508  0.00918433 -0.01760603
  -0.00229706]
 [-0.00044063 -0.01241158  0.02097186  0.01533214 -0.00845101  0.01192559
   0.00850053]
 [ 0.02368677  0.01086021 -0.02310086 -0.00183601  0.01225424  0.00616322
  -0.00098268]
 [ 0.02354313 -0.01095102 -0.00658068 -0.01556656 -0.01289811 -0.01638451
  -0.01818738]
 [ 0.03725718 -0.00189627  0.00889066 -0.00764577 -0.02899088  0.00219709
   0.00740433]] 
