3.837443 
3.829260 
3.796224 
3.685295 
3.625393 
3.159811 
3.482727 
3.526531 
3.200591 
3.164772 
2.988058 
2.499912 
3.276933 
2.510634 
2.591264 
2.554420 
2.069508 
2.850584 
2.521894 
2.838796 
2.876761 
2.808336 
2.888035 
2.509516 
2.760319 
2.405383 
2.593935 
2.552864 
2.161994 
2.428148 
2.372838 
2.362729 
1.525952 
2.134487 
2.322770 
2.162075 
2.482866 
3.752845 
4.108898 
4.035352 
3.727405 
3.786518 
3.704169 
3.474308 
3.721753 
3.588930 
3.632686 
3.610929 
3.522741 
3.562749 
3.438399 
3.521077 
3.443300 
3.485147 
3.209301 
2.869946 
2.458342 
3.678448 
3.615051 
3.512408 
3.205804 
3.589952 
3.612916 
3.497223 
3.473003 
3.661187 
3.617836 
3.026393 
3.196328 
2.947036 
2.787999 
2.570978 
2.493571 
2.708822 
2.842361 
2.946939 
2.853303 
2.637566 
2.310299 
2.310519 
2.298477 
2.241778 
2.473018 
1.922737 
2.217529 
2.174621 
2.286808 
2.131666 
2.069750 
2.111480 
2.162153 
1.820586 
2.251053 
2.231807 
1.993821 
1.981721 
1.994278 
2.109559 
2.067472 
2.068388 
2.087863 
2.014238 
1.470591 
2.059239 
2.066950 
2.032727 
1.948873 
2.046656 
1.807127 
1.991936 
2.030047 
2.113942 
2.025898 
2.109881 
2.078972 
2.052098 
2.006227 
2.028785 
1.997799 
2.030205 
1.950825 
2.084281 
2.074222 
1.970307 
1.969002 
2.049547 
2.086299 
1.949618 
2.121253 
2.072374 
1.967419 
2.082321 
2.078774 
2.107542 
2.043144 
1.824523 
2.111652 
1.979215 
1.954989 
1.968649 
2.024141 
1.988815 
1.988630 
2.041216 
2.139286 
1.948013 
2.093798 
2.078474 
1.984482 
1.960498 
1.975883 
1.719502 
1.986951 
2.032472 
1.975185 
1.989607 
2.119855 
2.015599 
2.087090 
2.112957 
1.970098 
1.993821 
2.027025 
2.095325 
1.808582 
1.956957 
1.989188 
1.971651 
2.005477 
1.869978 
2.021341 
2.027043 
1.925344 
1.995706 
1.981919 
2.049704 
2.021856 
2.030853 
1.975830 
1.648895 
1.915364 
2.053800 
2.053467 
1.946844 
2.102686 
1.991902 
1.976150 
2.051558 
2.049981 
1.816207 
1.975746 
2.023143 
2.055654 
1.909447 
1.935178 
2.014873 
2.005409 
2.006198 
1.834879 
1.921428 
1.981425 
2.064006 
1.776950 
2.072214 
2.062954 
1.925335 
2.036952 
1.901167 
1.981523 
1.970588 
1.973353 
2.025001 
1.950254 
2.027274 
1.985065 
1.946923 
2.073859 
1.792111 
1.922610 
1.889613 
1.953452 
1.971386 
1.929339 
1.850723 
2.090024 
1.918505 
1.957206 
1.973069 
1.951829 
1.421162 
2.046935 
1.825124 
2.082993 
1.944023 
2.029392 
2.019717 
2.053317 
1.982652 
1.939808 
2.007089 
2.002835 
1.986321 
1.941800 
1.920318 
1.905795 
1.818741 
1.974096 
2.040352 
2.075954 
1.774109 
2.016933 
2.074034 
2.010233 
1.829646 
2.011564 
1.812760 
1.976367 
2.014625 
1.863438 
1.998416 
2.018980 
1.686958 
2.025222 
1.852122 
2.034407 
2.012878 
2.008836 
1.733541 
1.860621 
1.994373 
1.947057 
2.090562 
1.994187 
2.035560 
1.855676 
1.912157 
1.967164 
1.685619 
2.020431 
1.901060 
1.922714 
2.012336 
1.992039 
1.926614 
1.756636 
1.952485 
1.725653 
1.935365 
2.007262 
1.940443 
1.983341 
1.960610 
1.800505 
1.923189 
1.728248 
1.835187 
1.835523 
1.986284 
2.000232 
2.020131 
1.963358 
1.940029 
2.002415 
1.984585 
1.921537 
1.920821 
1.952609 
1.898170 
1.973295 
1.938453 
2.015470 
1.981931 
1.930433 
1.956040 
1.988160 
1.954429 
1.945543 
2.020472 
1.987094 
1.711757 
1.949407 
1.801904 
1.980388 
2.069683 
1.934614 
1.929878 
2.010114 
1.981114 
2.077843 
1.917129 
1.958271 
1.833126 
1.951816 
1.972806 
1.794438 
1.955964 
2.005682 
1.781352 
1.932235 
1.897791 
1.988029 
1.747542 
1.990195 
1.934885 
1.752066 
1.937651 
1.987145 
1.799867 
1.988621 
1.923539 
1.797895 
2.019689 
1.745672 
1.960693 
1.904190 
1.922969 
1.972151 
2.014460 
1.985476 
1.841806 
1.760129 
1.929122 
1.986992 
1.969108 
1.887533 
1.672595 
1.954935 
1.965348 
2.032226 
1.954253 
1.974838 
1.969700 
1.961241 
1.942302 
1.928394 
1.950390 
1.994657 
2.019172 
1.982322 
1.908521 
2.007069 
2.044912 
1.928182 
1.929780 
1.979003 
1.728534 
1.895794 
1.955252 
1.922966 
1.904507 
1.760612 
2.064961 
1.982848 
1.966897 
1.964810 
1.968558 
1.943529 
1.988788 
1.931894 
1.955856 
1.984226 
1.991798 
1.795066 
1.969737 
1.927995 
2.005231 
1.972080 
1.930709 
2.005009 
1.945446 
1.944759 
2.033018 
1.905812 
1.914240 
1.970262 
1.967167 
1.909094 
1.996035 
1.936882 
1.662657 
1.999160 
1.919730 
1.943222 
2.019771 
1.937505 
1.958451 
1.799499 
1.896037 
1.903813 
1.941156 
1.897938 
1.940352 
1.896014 
1.911860 
1.993647 
1.953749 
1.925168 
1.944547 
2.026650 
1.922635 
1.964579 
1.707725 
1.956077 
1.939317 
1.924571 
1.937834 
1.977517 
1.899317 
1.980757 
1.770190 
1.918213 
1.946545 
1.713249 
2.021631 
1.892659 
1.972076 
1.974038 
1.960485 
1.932534 
1.927894 
1.921377 
1.855994 
1.919914 
1.950196 
1.961817 
1.915228 
1.951072 
1.696618 
1.888441 
1.946754 
1.932147 
1.865361 
1.899529 
1.661362 
1.954510 
1.833927 
2.009818 
1.947285 
1.685161 
1.923478 
1.727894 
2.034347 
1.965583 
1.927557 
1.926621 
1.995047 
1.908608 
1.931034 
1.954471 
1.702169 
1.659205 
1.880950 
1.888505 
1.412698 
1.452031 
1.972446 
1.930474 
1.940738 
1.936643 
1.915417 
1.695058 
1.943824 
1.904017 
1.933389 
1.973894 
1.911662 
1.816160 
1.965423 
1.937026 
1.949877 
1.884989 
1.895175 
1.949351 
1.928581 
1.926016 
1.907624 
1.875263 
1.717631 
1.913061 
1.896278 
1.956146 
1.991741 
1.914655 
1.916725 
1.935412 
1.951747 
2.022333 
1.713133 
1.928185 
1.813854 
1.923091 
1.940932 
1.969146 
1.990943 
1.933138 
1.936440 
1.932334 
1.981541 
1.883811 
1.949876 
1.943887 
1.721066 
1.937723 
1.882800 
2.015931 
1.913350 
1.912670 
1.918705 
1.674328 
1.936913 
1.890669 
1.955948 
1.738077 
1.701118 
1.925903 
1.915855 
1.978844 
1.908757 
1.912307 
1.906984 
1.960256 
1.906319 
1.926400 
1.905813 
1.937133 
1.790377 
1.928559 
1.952763 
1.938237 
1.877345 
1.947142 
1.766569 
1.994815 
1.713664 
1.921396 
1.980562 
1.943844 
1.970283 
1.933170 
1.983951 
1.923911 
1.750436 
1.887229 
1.926743 
1.697572 
1.905100 
1.874419 
2.046448 
1.979620 
1.956123 
1.973708 
1.727539 
1.891111 
1.970080 
1.725726 
1.897229 
1.940436 
1.886128 
1.917822 
1.906459 
1.929426 
1.949391 
1.925037 
1.933161 
1.946916 
1.730153 
1.838347 
1.892264 
1.954783 
1.914520 
1.922150 
1.742728 
1.915406 
1.649951 
1.761219 
1.723254 
1.921508 
1.931765 
1.951852 
1.945590 
2.044237 
1.692711 
1.943078 
1.998686 
1.763192 
1.946793 
1.722879 
1.893278 
1.924464 
1.928970 
1.939621 
1.705450 
1.898958 
1.914158 
2.011884 
1.907216 
1.900060 
1.878671 
1.938987 
1.895968 
1.881501 
1.927281 
1.714927 
1.928092 
1.906162 
1.910064 
1.919570 
1.897975 
1.650301 
1.892243 
1.963837 
1.895137 
1.904110 
1.887658 
1.997025 
1.972010 
1.947413 
1.895391 
1.886121 
1.895431 
1.919918 
1.921898 
1.935604 
1.958305 
1.876171 
1.938800 
1.869579 
1.936854 
1.899245 
1.794546 
1.943622 
1.611472 
1.876536 
1.610570 
1.960046 
1.679753 
1.938263 
1.996397 
1.720712 
1.772378 
1.936175 
1.937374 
1.911141 
1.882012 
1.914656 
1.935285 
1.893646 
1.970658 
1.909135 
1.987276 
1.881502 
1.964034 
1.914549 
1.660077 
1.898574 
1.700794 
1.905461 
1.624023 
1.917151 
1.957907 
1.669427 
1.658380 
1.754495 
1.921072 
1.670018 
1.384611 
1.677760 
1.637988 
1.946939 
1.945764 
1.884034 
1.969760 
1.718676 
1.656459 
1.967059 
1.947046 
1.940028 
1.689409 
1.906255 
1.868725 
1.893081 
1.906842 
1.409482 
1.897372 
1.911852 
1.879681 
1.744284 
1.869271 
1.920193 
1.966822 
1.900904 
1.896192 
1.584668 
1.969483 
1.882845 
1.957354 
1.894264 
1.687157 
1.782000 
1.886001 
1.953729 
1.919842 
1.945066 
1.912503 
1.882033 
1.939047 
1.701040 
1.938741 
1.932630 
1.982040 
1.636400 
1.913715 
1.914480 
1.661094 
1.901271 
1.927742 
1.888979 
1.926871 
1.890670 
1.997818 
1.632911 
1.911721 
1.920416 
1.951130 
1.969656 
1.932476 
1.962322 
1.580736 
1.930166 
1.933093 
1.899636 
1.911155 
1.983434 
1.752156 
1.871890 
1.901787 
1.908776 
1.639771 
1.880203 
1.937255 
1.948503 
1.940711 
1.925145 
1.901346 
1.882852 
1.892584 
1.890603 
1.919728 
1.961784 
1.955050 
1.918900 
1.975924 
1.727755 
1.678634 
1.902590 
1.961467 
1.976569 
1.961217 
1.915660 
1.936739 
