19123.505859 1310.580078 995.071655 759.663574 72227.664062 
24100.767578 1921.133301 1283.822144 852.018066 74273.617188 
26934.917969 2946.773926 1750.881592 1805.150024 94629.046875 
25911.896484 2146.646484 1893.174072 1142.196777 73193.546875 
23529.246094 1632.641357 986.148499 793.361267 60142.914062 
21347.851562 1577.976440 851.220337 749.398010 49131.230469 
20850.322266 1930.716797 1315.358276 1332.713989 56830.234375 
22859.330078 1713.652466 956.438293 829.607300 56910.878906 
29670.898438 2885.438232 1727.104980 1092.562134 135971.046875 
26941.859375 2128.818848 1109.311768 988.844238 56143.289062 
32266.062500 2488.391357 1417.013062 1058.429932 77176.460938 
22309.876953 1727.306641 1102.536621 1237.845825 81443.609375 
24660.615234 1689.313965 1006.302734 695.640808 49349.839844 
20591.912109 1542.993530 1006.381104 817.596130 63073.292969 
24883.425781 2760.480469 1307.601318 1265.368164 76758.367188 
18148.865234 1261.521973 864.498047 801.607178 59064.730469 
28801.408203 2193.435791 1498.415894 1217.892944 69762.257812 
29534.486328 2343.516357 2015.983765 1726.091187 81251.718750 
19906.546875 1567.912720 800.589417 664.660339 51366.671875 
23633.943359 1869.311401 1144.653320 858.619934 77877.921875 
