Episode: 1: [[ 0.0015      0.0005     -0.00049999 -0.00049999 -0.0005      0.0005    ]
 [ 0.0015      0.0005     -0.00049999 -0.00049999 -0.0005      0.0005    ]
 [ 0.0015      0.0005     -0.00049999 -0.00049999 -0.0005      0.0005    ]
 [ 0.0015      0.0005     -0.00049999 -0.00049999 -0.0005      0.0005    ]
 [ 0.0015      0.0005      0.00049995  0.00049998 -0.0005      0.0005    ]] 
Episode: 11: [[ 0.00571737  0.00471737 -0.00130294 -0.00245403  0.00044263 -0.00092642]
 [ 0.00577792  0.00477792 -0.00220041 -0.00228133  0.00034958 -0.00081868]
 [ 0.00582469  0.00482469 -0.0034173  -0.00215856  0.0006102  -0.00092605]
 [ 0.00583856  0.00483856 -0.00423775 -0.00186743  0.00066968 -0.0009123 ]
 [ 0.00638742  0.00538742 -0.00278784  0.00035686 -0.00016315 -0.00015614]] 
Episode: 21: [[ 0.00964229  0.00864229 -0.0023942  -0.00337526  0.00239985 -0.00357586]
 [ 0.00975751  0.00875751 -0.00374562 -0.00337886  0.00263245 -0.0037188 ]
 [ 0.00981001  0.00881001 -0.00522618 -0.00353885  0.00324923 -0.0040475 ]
 [ 0.00978818  0.00878818 -0.00556259 -0.0035156   0.00335096 -0.00406135]
 [ 0.0109726   0.0099726  -0.00395298 -0.00118143  0.00101329 -0.00206405]] 
Episode: 31: [[ 1.3283315e-02  1.2283315e-02 -3.0880228e-03 -3.5594576e-03
   1.8242359e-03 -6.0121068e-03]
 [ 1.3476080e-02  1.2476080e-02 -4.5475243e-03 -3.3804670e-03
   2.0081184e-03 -6.2390408e-03]
 [ 1.3556313e-02  1.2556314e-02 -6.0650324e-03 -3.3958566e-03
   2.6369498e-03 -6.6670440e-03]
 [ 1.3504157e-02  1.2504157e-02 -6.1758081e-03 -3.4453259e-03
   2.7107061e-03 -6.6903527e-03]
 [ 1.4998032e-02  1.3998032e-02 -5.0977562e-03 -2.2338470e-04
  -9.4788847e-05 -3.4688364e-03]] 
