77.683617 60.692936 73.804070 60.599617 59.205643 0.000000 
70.993614 46.490139 63.035744 59.566570 53.001858 0.034264 
77.455048 44.914410 51.913239 53.555397 59.022682 0.000000 
70.517044 51.304100 56.800648 55.824066 48.346031 0.027976 
80.034599 55.947563 57.299313 58.568459 57.385635 0.000000 
63.244022 52.217686 47.391102 53.556641 62.272129 0.000000 
77.754707 47.310028 55.819073 55.610886 67.694672 0.000000 
70.602776 52.879234 52.948956 58.378155 54.201324 0.027976 
67.376678 36.076775 41.501686 49.970284 48.072746 0.000000 
66.187096 49.182587 44.738876 53.716572 52.827084 0.000000 
82.423218 63.859734 65.808273 61.624847 52.620502 0.019782 
71.253654 58.480469 56.861992 60.869186 62.216442 0.019782 
74.985657 49.523033 42.789452 63.861126 51.240654 0.019782 
74.963928 59.216824 65.091965 54.869976 58.441822 0.000000 
73.867920 69.400551 53.629639 64.227859 59.863155 0.019782 
79.842163 72.084969 59.340927 60.979679 56.702469 0.000000 
79.119949 56.065609 63.954777 55.832767 51.209976 0.000000 
73.803284 53.744823 66.504692 65.833115 57.253437 0.027976 
69.591217 45.187534 47.280090 53.167118 61.423172 0.000000 
72.579659 37.580101 53.973316 53.828590 51.365360 0.000000 
