2231.861328 864.325989 412.025391 196.584610 67.145874 
18039.679688 16450.234375 13967.984375 14477.541016 20020.660156 
1905.398193 1391.268066 1065.152710 579.994690 12495.670898 
1370.176025 953.385742 722.108337 550.346252 21199.562500 
1377.003784 1002.171631 772.362061 666.271790 15519.984375 
4826.303711 3521.944092 2828.185059 2414.548828 37951.628906 
7379.718750 5241.521484 4404.987305 3660.215332 47749.179688 
4910.377930 3909.527100 3128.801270 2690.090332 54043.917969 
4566.003906 2946.635498 2976.282959 2114.136475 98047.726562 
2724.681885 1804.517944 1858.501465 1787.721191 81326.617188 
897.816650 560.112732 432.652985 333.040649 40140.148438 
607.386230 360.741211 256.820435 237.352509 33220.472656 
