87.882332 83.244423 83.563995 87.129593 86.503120 0.027976 
94.534698 74.287857 80.867294 82.890358 87.654434 0.039565 
94.678703 63.300526 71.478310 75.870834 78.865692 0.000000 
93.950760 64.139320 68.324768 78.428596 79.170654 0.000000 
91.488358 56.699791 55.377003 59.140018 66.446632 0.000000 
90.590675 40.549873 45.198589 51.662132 63.768295 0.019782 
94.818741 88.625931 96.867867 96.377518 95.696259 0.027976 
93.598572 71.979897 81.136520 79.559990 79.110191 0.000000 
90.706596 89.486786 88.222069 88.011742 86.186859 0.019782 
90.754639 68.370201 84.510269 83.862396 86.408051 0.000000 
93.931305 62.090126 68.973694 79.222542 83.170151 0.000000 
99.412560 78.923264 84.402969 84.453552 86.846725 0.000000 
93.768555 71.363663 78.944527 80.553375 81.222069 0.019782 
94.056229 61.553551 65.409744 65.800537 71.204483 0.000000 
88.471581 84.154541 87.599602 88.686592 87.551323 0.000000 
90.794952 73.684509 77.121147 74.766769 77.108818 0.019782 
86.730362 79.720703 84.436943 90.631714 92.036308 0.019782 
91.970367 78.599899 82.013268 84.487305 85.955254 0.039565 
93.247597 70.002434 70.219780 74.048454 81.523087 0.000000 
85.394943 73.743576 80.650787 83.583893 82.021912 0.000000 
