Episode: 1: [[0.001 0.    0.    0.    0.    0.    0.    0.    0.    0.   ]
 [0.001 0.    0.    0.    0.    0.    0.    0.    0.    0.   ]
 [0.001 0.    0.    0.    0.    0.    0.    0.    0.    0.   ]
 [0.001 0.    0.    0.    0.    0.    0.    0.    0.    0.   ]
 [0.001 0.    0.    0.    0.    0.    0.    0.    0.    0.   ]] 
Episode: 2: [[ 0.005      -0.00399999 -0.00399999 -0.00399985 -0.004       0.
   0.004       0.          0.00399988 -0.004     ]
 [ 0.005      -0.00399999 -0.00399993 -0.00399985 -0.00399999  0.
   0.004       0.         -0.00399995 -0.004     ]
 [ 0.005      -0.00399999  0.00399998 -0.00399986 -0.00399998  0.
   0.004       0.         -0.00399998 -0.004     ]
 [ 0.005      -0.00399999  0.00399998 -0.00399973 -0.00399999  0.
   0.004       0.         -0.00399999 -0.004     ]
 [ 0.005      -0.004       0.00399999  0.00399999 -0.004       0.
   0.004       0.         -0.004      -0.004     ]] 
Episode: 3: [[ 0.00860669 -0.00699013 -0.00785439 -0.00582525 -0.00774926  0.
   0.00668612  0.          0.00793949 -0.00661033]
 [ 0.00840693 -0.0070887  -0.00736298 -0.00666106 -0.00783973  0.
   0.00665596  0.         -0.00573656 -0.00663562]
 [ 0.00829717 -0.00687378  0.00247514 -0.00705223 -0.0079755   0.
   0.00665411  0.         -0.00640081 -0.00678701]
 [ 0.00821168 -0.00680223  0.00258179 -0.00655239 -0.00778529  0.
   0.00665572  0.         -0.00645473 -0.00682907]
 [ 0.00819093 -0.00690445  0.00180072  0.00665529 -0.00764487  0.
   0.00663129  0.         -0.00644452 -0.00666865]] 
Episode: 4: [[ 0.01213787 -0.00907808 -0.00925297 -0.00851271 -0.00983006  0.
   0.00890162  0.          0.0111301  -0.00855483]
 [ 0.01158267 -0.00919446 -0.00754047 -0.00940566 -0.00934037  0.
   0.00884535  0.         -0.00700931 -0.00860233]
 [ 0.01131871 -0.00887035  0.00313372 -0.00981899 -0.00795405  0.
   0.00883406  0.         -0.00823192 -0.00886856]
 [ 0.01117196 -0.00875689  0.00340301 -0.00918708 -0.0079541   0.
   0.00882508  0.         -0.00833454 -0.00894931]
 [ 0.01119813 -0.0089436   0.00245631  0.00535825 -0.0085768   0.
   0.0087941   0.         -0.00830157 -0.00870287]] 
Episode: 5: [[ 0.01552736 -0.01083158 -0.01051585 -0.00882501 -0.01157541  0.
   0.01064199  0.          0.01370692 -0.01012334]
 [ 0.01456464 -0.01094887 -0.00788158 -0.0097417  -0.0107995   0.
   0.01055111  0.         -0.00806308 -0.01014671]
 [ 0.01415126 -0.01050446  0.00358583 -0.01017287 -0.00818013  0.
   0.01053035  0.         -0.00973001 -0.01046746]
 [ 0.01394737 -0.01034996  0.00384533 -0.00947519 -0.00807401  0.
   0.01051947  0.         -0.00986803 -0.01057857]
 [ 0.01405421 -0.01061969  0.00257449  0.00575667 -0.00928381  0.
   0.01047353  0.         -0.00981449 -0.01026981]] 
Episode: 6: [[ 0.01888829 -0.01244006 -0.01084212 -0.0109326  -0.01339282  0.
   0.01230932  0.          0.01584793 -0.01149937]
 [ 0.01747592 -0.01254613 -0.0074755  -0.01185728 -0.0123523   0.
   0.01218024  0.         -0.0090049  -0.01153815]
 [ 0.01691931 -0.01197602  0.00461906 -0.01229796 -0.0089672   0.
   0.01214152  0.         -0.01102574 -0.01194179]
 [ 0.01665442 -0.01178627  0.00505404 -0.01158297 -0.00886048  0.
   0.01211741  0.         -0.01118588 -0.01209982]
 [ 0.0168412  -0.01216297  0.00357886  0.00392248 -0.01048093  0.
   0.01208856  0.         -0.0111109  -0.01182773]] 
Episode: 7: [[ 0.0222805  -0.0136094  -0.01113853 -0.01111026 -0.01440287  0.
   0.0135443   0.          0.01754376 -0.01252986]
 [ 0.02038187 -0.01367717 -0.00737659 -0.01202818 -0.01258211  0.
   0.01339698  0.         -0.00987923 -0.01253604]
 [ 0.01966256 -0.01303787  0.00536539 -0.01245288 -0.00785937  0.
   0.0133527   0.         -0.01216618 -0.01293045]
 [ 0.01931287 -0.01283435  0.00586625 -0.01169599 -0.0078576   0.
   0.01332434  0.         -0.01234022 -0.01308587]
 [ 0.01948423 -0.01338136  0.00411841  0.00386432 -0.01055604  0.
   0.01335067  0.         -0.01224101 -0.01294344]] 
Episode: 8: [[ 0.02561762 -0.01468434 -0.01228062 -0.01125364 -0.01529937  0.
   0.01458617  0.          0.01906706 -0.01341888]
 [ 0.02323482 -0.01472201 -0.00812525 -0.01217105 -0.01282878  0.
   0.01442899  0.         -0.01062702 -0.013393  ]
 [ 0.02234731 -0.01401255  0.00539775 -0.01258009 -0.00693511  0.
   0.01438472  0.         -0.01315867 -0.01377934]
 [ 0.02190174 -0.01379414  0.0060388  -0.01178803 -0.00700671  0.
   0.01435683  0.         -0.01334585 -0.01393331]
 [ 0.02210566 -0.01448852  0.00395099  0.00413071 -0.01062432  0.
   0.01443246  0.         -0.01322193 -0.01393952]] 
Episode: 9: [[ 0.02885831 -0.01561822 -0.01360062 -0.01141381 -0.0161617   0.
   0.01549396  0.          0.02033344 -0.01419502]
 [ 0.02598517 -0.01559878 -0.00928625 -0.01232862 -0.01327326  0.
   0.01532813  0.         -0.01133728 -0.01413597]
 [ 0.0249205  -0.01487332  0.00509848 -0.01271975 -0.00653526  0.
   0.01528421  0.         -0.01405698 -0.01450988]
 [ 0.02436813 -0.01466281  0.006018   -0.01189472 -0.00664391  0.
   0.01525766  0.         -0.01424991 -0.01466184]
 [ 0.02461522 -0.01549008  0.00362829  0.00433775 -0.01106906  0.
   0.01537632  0.         -0.01410356 -0.01479943]] 
Episode: 10: [[ 0.03209864 -0.01679239 -0.01559331 -0.01114059 -0.01762908  0.
   0.01618161  0.          0.02150343 -0.01482931]
 [ 0.02873379 -0.01673537 -0.01122355 -0.01213857 -0.01463291  0.
   0.01602274  0.         -0.01195033 -0.01470062]
 [ 0.02749992 -0.01593328  0.00410656 -0.01284628 -0.00746393  0.
   0.0159904   0.         -0.01486232 -0.01498797]
 [ 0.02679813 -0.01566463  0.00556352 -0.01248935 -0.00733417  0.
   0.01598371  0.         -0.01508487 -0.01512067]
 [ 0.0269413  -0.01646893  0.00319011  0.00400268 -0.011843    0.
   0.01618375  0.         -0.01490614 -0.01549288]] 
Episode: 11: [[ 0.03526619 -0.01792226 -0.01773264 -0.01133845 -0.01915656  0.
   0.01681976  0.          0.02256413 -0.01539624]
 [ 0.031412   -0.01780911 -0.0133779  -0.01241022 -0.01601033  0.
   0.01666616  0.         -0.01249691 -0.01520927]
 [ 0.03000978 -0.01690699  0.00278287 -0.01339378 -0.00834863  0.
   0.01664282  0.         -0.01558456 -0.01542859]
 [ 0.02916296 -0.01656989  0.00480174 -0.01342336 -0.0079076   0.
   0.01665233  0.         -0.01583527 -0.01554745]
 [ 0.02923393 -0.01734767  0.00249702  0.00326593 -0.01241097  0.
   0.01692949  0.         -0.01562951 -0.01613442]] 
Episode: 12: [[ 0.03836137 -0.01887032 -0.01940251 -0.01249573 -0.02027448  0.
   0.01752551  0.          0.02367286 -0.01603325]
 [ 0.03402802 -0.01878215 -0.01517087 -0.01359086 -0.01689968  0.
   0.01737359  0.         -0.01288672 -0.01583855]
 [ 0.03247406 -0.01779099  0.00152474 -0.01474393 -0.00872409  0.
   0.0173584   0.         -0.01619982 -0.01600908]
 [ 0.03146556 -0.01736177  0.00399346 -0.01496802 -0.00801662  0.
   0.01736706  0.         -0.01648519 -0.01612674]
 [ 0.03136354 -0.01812067  0.00181843  0.00216135 -0.01274511  0.
   0.01764571  0.         -0.01626649 -0.01678651]] 
Episode: 13: [[ 4.1405570e-02 -1.9679418e-02 -2.1319987e-02 -1.4077303e-02
  -2.0858755e-02  0.0000000e+00  1.8238299e-02  0.0000000e+00
   2.4554033e-02 -1.6628468e-02]
 [ 3.6615755e-02 -1.9642461e-02 -1.7203964e-02 -1.5186996e-02
  -1.7334679e-02  0.0000000e+00  1.8078314e-02  0.0000000e+00
  -1.3275541e-02 -1.6443906e-02]
 [ 3.4915946e-02 -1.8579436e-02  7.8722027e-05 -1.6403764e-02
  -8.7268818e-03  0.0000000e+00  1.8071977e-02  0.0000000e+00
  -1.6761420e-02 -1.6610101e-02]
 [ 3.3739261e-02 -1.8066775e-02  3.0051803e-03 -1.6442904e-02
  -7.7887010e-03  0.0000000e+00  1.8075747e-02  0.0000000e+00
  -1.7067298e-02 -1.6763773e-02]
 [ 3.3371881e-02 -1.8810987e-02  1.0763233e-03  1.3840125e-03
  -1.2866520e-02  0.0000000e+00  1.8320590e-02  0.0000000e+00
  -1.6835075e-02 -1.7427254e-02]] 
Episode: 14: [[ 4.4653524e-02 -2.0062845e-02 -2.3464190e-02 -1.5344897e-02
  -2.0331521e-02  0.0000000e+00  1.8825641e-02  0.0000000e+00
   2.5189407e-02 -1.7148471e-02]
 [ 3.9384332e-02 -2.0029342e-02 -1.9567372e-02 -1.6467882e-02
  -1.6352404e-02  0.0000000e+00  1.8658757e-02  0.0000000e+00
  -1.3704091e-02 -1.6963208e-02]
 [ 3.7504669e-02 -1.9019794e-02 -1.7535537e-03 -1.7737554e-02
  -7.3653045e-03  0.0000000e+00  1.8665370e-02  0.0000000e+00
  -1.7290100e-02 -1.7120142e-02]
 [ 3.6141429e-02 -1.8496834e-02  1.6830659e-03 -1.7606309e-02
  -6.3330084e-03  0.0000000e+00  1.8670430e-02  0.0000000e+00
  -1.7601682e-02 -1.7309850e-02]
 [ 3.5548791e-02 -1.9252526e-02  4.3793680e-05  7.7174959e-04
  -1.1617096e-02  0.0000000e+00  1.8880675e-02  0.0000000e+00
  -1.7352385e-02 -1.7983379e-02]] 
Episode: 15: [[ 0.047811   -0.02037313 -0.02558956 -0.01687134 -0.01964067  0.
   0.01938115  0.          0.02575779 -0.01762302]
 [ 0.0420728  -0.02030278 -0.02181298 -0.01801365 -0.01512178  0.
   0.01920852  0.         -0.01410286 -0.01744022]
 [ 0.04001531 -0.0193535  -0.00347872 -0.01933971 -0.0057581   0.
   0.01922573  0.         -0.01777502 -0.0175918 ]
 [ 0.0384729  -0.01884145  0.00045307 -0.01906328 -0.0047064   0.
   0.0192299   0.         -0.01809099 -0.01781424]
 [ 0.03768732 -0.0196129  -0.00096565 -0.00022087 -0.01017181  0.
   0.01941187  0.         -0.01782537 -0.01849659]] 
Episode: 16: [[ 0.05093715 -0.02062127 -0.02740642 -0.01851437 -0.01883746  0.
   0.0198975   0.          0.02630054 -0.01805702]
 [ 0.04473331 -0.02050343 -0.02365573 -0.0196767  -0.01369146  0.
   0.01971815  0.         -0.01444712 -0.01787882]
 [ 0.04249452 -0.01960691 -0.00473783 -0.02105263 -0.00387176  0.
   0.01974381  0.         -0.01820645 -0.01802286]
 [ 0.04077585 -0.01910337 -0.00026928 -0.0206288  -0.00274195  0.
   0.0197463   0.         -0.01852769 -0.01826793]
 [ 0.03980584 -0.01987658 -0.00155657 -0.00115841 -0.00836278  0.
   0.01990223  0.         -0.01823895 -0.0189614 ]] 
Episode: 17: [[ 0.05408984 -0.02081476 -0.02952325 -0.01902406 -0.01807331  0.
   0.02025899  0.          0.0267447  -0.01843368]
 [ 0.04741582 -0.02065886 -0.02598018 -0.0201767  -0.01233747  0.
   0.0200597   0.         -0.01478224 -0.01824825]
 [ 0.04499511 -0.01977068 -0.00664949 -0.02156273 -0.00195601  0.
   0.02009246  0.         -0.01861195 -0.01836475]
 [ 0.04310757 -0.01922743 -0.00176933 -0.02098455 -0.0006126   0.
   0.02009617  0.         -0.01894171 -0.0185903 ]
 [ 0.04189024 -0.02001637 -0.00268558 -0.00103077 -0.00641351  0.
   0.02026401  0.         -0.01863115 -0.01930043]] 
Episode: 18: [[ 0.05743203 -0.02098622 -0.03044798 -0.0193762  -0.01744529  0.
   0.02052954  0.          0.02711654 -0.0187571 ]
 [ 0.05026383 -0.02076514 -0.02697212 -0.02053992 -0.0112373   0.
   0.02030752  0.         -0.01510445 -0.01850112]
 [ 0.04764943 -0.01991589 -0.00728892 -0.02180387 -0.00040465  0.
   0.0203558   0.         -0.01898092 -0.01850573]
 [ 0.04548256 -0.01935799 -0.00246233 -0.02102878  0.00120974  0.
   0.02038519  0.         -0.01931177 -0.01875447]
 [ 0.04386238 -0.02015102 -0.00351827 -0.00075355 -0.00467347  0.
   0.02058457  0.         -0.01898458 -0.01957606]] 
Episode: 19: [[ 6.0703550e-02 -2.1230416e-02 -3.1355973e-02 -1.9829728e-02
  -1.6984660e-02  0.0000000e+00  2.0768365e-02  0.0000000e+00
   2.7439885e-02 -1.9041941e-02]
 [ 5.3057704e-02 -2.0940321e-02 -2.7955692e-02 -2.1000087e-02
  -1.0351798e-02  0.0000000e+00  2.0527452e-02  0.0000000e+00
  -1.5401861e-02 -1.8718174e-02]
 [ 5.0254621e-02 -2.0096697e-02 -7.9444414e-03 -2.2149699e-02
   8.8407594e-04  0.0000000e+00  2.0590888e-02  0.0000000e+00
  -1.9317321e-02 -1.8616857e-02]
 [ 4.7827885e-02 -1.9508613e-02 -3.1490594e-03 -2.1137381e-02
   2.7644073e-03  0.0000000e+00  2.0643815e-02  0.0000000e+00
  -1.9648731e-02 -1.8886687e-02]
 [ 4.5852672e-02 -2.0291690e-02 -4.3072375e-03 -5.0564468e-06
  -3.1492112e-03  0.0000000e+00  2.0870401e-02  0.0000000e+00
  -1.9305535e-02 -1.9817872e-02]] 
Episode: 20: [[ 0.06392549 -0.02136551 -0.03243573 -0.02052714 -0.01618979  0.
   0.02099881  0.          0.02769344 -0.01929614]
 [ 0.05580912 -0.02103269 -0.02908621 -0.02169365 -0.00923165  0.
   0.02074148  0.         -0.01568167 -0.01891108]
 [ 0.05281339 -0.02022203 -0.00876683 -0.02273167  0.00231932  0.
   0.02081865  0.         -0.01962477 -0.01871519]
 [ 0.05014199 -0.01962025 -0.00407835 -0.02137237  0.00441586  0.
   0.02089235  0.         -0.01995512 -0.01900903]
 [ 0.04780756 -0.02040575 -0.00531888  0.0011021  -0.00157672  0.
   0.02114137  0.         -0.01959858 -0.02003601]] 
Episode: 21: [[ 6.7101181e-02 -2.1422166e-02 -3.3495944e-02 -2.1743771e-02
  -1.5250437e-02  0.0000000e+00  2.1265885e-02  0.0000000e+00
   2.7926471e-02 -1.9529969e-02]
 [ 5.8510020e-02 -2.1012131e-02 -3.0376807e-02 -2.2904335e-02
  -7.9035815e-03  0.0000000e+00  2.0994358e-02  0.0000000e+00
  -1.5937721e-02 -1.9092001e-02]
 [ 5.5319443e-02 -2.0256568e-02 -9.8790824e-03 -2.3841219e-02
   3.9317012e-03  0.0000000e+00  2.1080213e-02  0.0000000e+00
  -1.9905100e-02 -1.8813787e-02]
 [ 5.2416462e-02 -1.9665238e-02 -5.3689349e-03 -2.2059442e-02
   6.1741592e-03  0.0000000e+00  2.1168418e-02  0.0000000e+00
  -2.0234896e-02 -1.9135613e-02]
 [ 4.9722426e-02 -2.0477762e-02 -6.6585811e-03  2.1301501e-03
   3.7970669e-05  0.0000000e+00  2.1426948e-02  0.0000000e+00
  -1.9868726e-02 -2.0255476e-02]] 
Episode: 22: [[ 0.07026629 -0.0214695  -0.03434742 -0.0231871  -0.01435673  0.
   0.02151776  0.          0.02814608 -0.01974488]
 [ 0.06120645 -0.02098514 -0.0312933  -0.02434978 -0.00665032  0.
   0.02123315  0.         -0.01616286 -0.01925963]
 [ 0.0578185  -0.02028738 -0.01060096 -0.02520193  0.00542714  0.
   0.02132632  0.         -0.02015634 -0.01890744]
 [ 0.05468612 -0.01971085 -0.00623631 -0.0230428   0.00778038  0.
   0.02142709  0.         -0.02048684 -0.01925493]
 [ 0.0516809  -0.02055787 -0.00756428  0.00262952  0.00147306  0.
   0.02169619  0.         -0.02011203 -0.0204591 ]] 
Episode: 23: [[ 0.07339789 -0.02166885 -0.03536538 -0.02425395 -0.01380053  0.
   0.02168716  0.          0.0281684  -0.01991155]
 [ 0.06391117 -0.02112747 -0.03220269 -0.02542497 -0.00583665  0.
   0.021389    0.         -0.01646797 -0.01936857]
 [ 0.06033802 -0.02043006 -0.01124375 -0.02618665  0.00647093  0.
   0.0214929   0.         -0.02042871 -0.01893513]
 [ 0.05697487 -0.01985822 -0.00704023 -0.02370026  0.00886643  0.
   0.02161336  0.         -0.02075023 -0.0193071 ]
 [ 0.05370818 -0.02074693 -0.00850797  0.00275055  0.00231999  0.
   0.02188584  0.         -0.02036213 -0.02058467]] 
Episode: 24: [[ 0.07661389 -0.02181795 -0.03643351 -0.02549026 -0.01324304  0.
   0.02183163  0.          0.0281157  -0.02005866]
 [ 0.06667433 -0.0211861  -0.03327342 -0.02667848 -0.00490944  0.
   0.02152036  0.         -0.01679259 -0.01946162]
 [ 0.06291713 -0.02052394 -0.01205191 -0.02736585  0.00752891  0.
   0.02163362  0.         -0.02069327 -0.01894986]
 [ 0.05932491 -0.01997159 -0.00798452 -0.02458105  0.00990416  0.
   0.02177276  0.         -0.02100142 -0.01934188]
 [ 0.05584795 -0.02087518 -0.00969     0.00252177  0.00329469  0.
   0.02204567  0.         -0.02060365 -0.02068794]] 
Episode: 25: [[ 0.07977027 -0.02200559 -0.03741996 -0.02689244 -0.01281655  0.
   0.02196488  0.          0.02807196 -0.02019732]
 [ 0.06938929 -0.0212616  -0.03430253 -0.0280962  -0.00405747  0.
   0.02164177  0.         -0.01708579 -0.01955392]
 [ 0.06545007 -0.02061022 -0.01283365 -0.02872501  0.00855646  0.
   0.02176349  0.         -0.0209334  -0.01897343]
 [ 0.06163165 -0.02006503 -0.00887183 -0.02565955  0.01094928  0.
   0.02191977  0.         -0.02122955 -0.0193832 ]
 [ 0.05798794 -0.02098628 -0.01080126  0.00227566  0.00426453  0.
   0.02219536  0.         -0.02082166 -0.02079203]] 
Episode: 26: [[ 0.08291312 -0.02213319 -0.03823032 -0.02843011 -0.01228602  0.
   0.02207687  0.          0.02800345 -0.02032655]
 [ 0.07209977 -0.02132059 -0.03511052 -0.02965161 -0.00322785  0.
   0.02174139  0.         -0.01736468 -0.01964472]
 [ 0.06797894 -0.02070352 -0.01350211 -0.03023556  0.00947277  0.
   0.02187116  0.         -0.02115561 -0.01900589]
 [ 0.06392878 -0.02018268 -0.00971092 -0.02690996  0.01178931  0.
   0.02204628  0.         -0.02143958 -0.01943034]
 [ 0.06015686 -0.02115269 -0.01179993  0.00172259  0.0047384   0.
   0.0223299   0.         -0.02101115 -0.02088058]] 
Episode: 27: [[ 8.5984007e-02 -2.2299433e-02 -3.9163992e-02 -3.0273544e-02
  -1.1925704e-02  0.0000000e+00  2.2189261e-02  0.0000000e+00
   2.7934333e-02 -2.0447725e-02]
 [ 7.4773312e-02 -2.1364188e-02 -3.5987973e-02 -3.1524353e-02
  -2.4486512e-03  0.0000000e+00  2.1840965e-02  0.0000000e+00
  -1.7625332e-02 -1.9733354e-02]
 [ 7.0483893e-02 -2.0770650e-02 -1.4214314e-02 -3.2077331e-02
   1.0388923e-02  0.0000000e+00  2.1977790e-02  0.0000000e+00
  -2.1359477e-02 -1.9043732e-02]
 [ 6.6198990e-02 -2.0288467e-02 -1.0587968e-02 -2.8507646e-02
   1.2611892e-02  0.0000000e+00  2.2169547e-02  0.0000000e+00
  -2.1630874e-02 -1.9481542e-02]
 [ 6.2331293e-02 -2.1300578e-02 -1.2860705e-02  9.1851703e-05
   5.2464823e-03  0.0000000e+00  2.2464816e-02  0.0000000e+00
  -2.1184165e-02 -2.0974107e-02]] 
Episode: 28: [[ 0.08918151 -0.02233176 -0.04028105 -0.03172084 -0.01155176  0.
   0.02220963  0.          0.02771633 -0.02053004]
 [ 0.07755788 -0.02121448 -0.03707104 -0.03300442 -0.00154451  0.
   0.02184896  0.         -0.01794304 -0.01976862]
 [ 0.07309753 -0.02070577 -0.01517981 -0.03351985  0.01144188  0.
   0.02199506  0.         -0.0215756  -0.01901541]
 [ 0.06856181 -0.02028739 -0.01165186 -0.02973406  0.013575    0.
   0.02221644  0.         -0.02182558 -0.01947176]
 [ 0.0646417  -0.02131859 -0.01403421 -0.00161254  0.00600252  0.
   0.02251365  0.         -0.02136085 -0.02100739]] 
Episode: 29: [[ 0.09231751 -0.02235674 -0.04145643 -0.03307112 -0.01116313  0.
   0.0222011   0.          0.02751859 -0.02060037]
 [ 0.08028883 -0.02108186 -0.03807644 -0.03438481 -0.00069282  0.
   0.0218281   0.         -0.01823239 -0.01979315]
 [ 0.07566394 -0.02065623 -0.01594804 -0.03486655  0.01240039  0.
   0.02198406  0.         -0.0217728  -0.01897787]
 [ 0.07087303 -0.02029535 -0.01250376 -0.03087288  0.01442266  0.
   0.02223806  0.         -0.02200313 -0.01945189]
 [ 0.06692784 -0.02135085 -0.01502621 -0.00319027  0.00661557  0.
   0.02253294  0.         -0.02152406 -0.0210205 ]] 
Episode: 30: [[ 0.09539939 -0.02244431 -0.04270875 -0.03402897 -0.01105045  0.
   0.02213227  0.          0.02736971 -0.02064882]
 [ 0.08297541 -0.02107704 -0.03931518 -0.03536937 -0.00036937  0.
   0.02174784  0.         -0.01847988 -0.01979023]
 [ 0.07819436 -0.02070973 -0.01704669 -0.03580819  0.01273449  0.
   0.021914    0.         -0.02194303 -0.01890811]
 [ 0.07314678 -0.02038368 -0.01369259 -0.03164339  0.01467074  0.
   0.02220924  0.         -0.02215753 -0.01940197]
 [ 0.06919149 -0.02147625 -0.01640844 -0.00438533  0.00651654  0.
   0.02249684  0.         -0.02166585 -0.02100334]] 
Episode: 31: [[ 0.09847911 -0.0221883  -0.04379626 -0.0355023  -0.01004393  0.
   0.0221062   0.          0.02728728 -0.02070504]
 [ 0.08565424 -0.02064496 -0.04037571 -0.03685167  0.001061    0.
   0.02171042  0.         -0.01867055 -0.01980669]
 [ 0.08072169 -0.02036705 -0.01802273 -0.03725818  0.01436508  0.
   0.02188564  0.         -0.0220803  -0.01887234]
 [ 0.07541581 -0.02015414 -0.01479564 -0.03283386  0.01619355  0.
   0.02221337  0.         -0.02228683 -0.01938288]
 [ 0.07143389 -0.0213496  -0.01773938 -0.00537694  0.00758644  0.
   0.02249348  0.         -0.0217952  -0.02100511]] 
Episode: 32: [[ 0.10160914 -0.02179261 -0.04448897 -0.03690965 -0.00883106  0.
   0.02203257  0.          0.02743054 -0.02073172]
 [ 0.08838981 -0.01999694 -0.04088299 -0.03826506  0.00272522  0.
   0.02162684  0.         -0.01871335 -0.01978249]
 [ 0.08330852 -0.01980988 -0.01834912 -0.03864027  0.01626444  0.
   0.02181101  0.         -0.02214859 -0.0187843 ]
 [ 0.07772194 -0.01974935 -0.01521553 -0.033973    0.01799635  0.
   0.022179    0.         -0.02236792 -0.01931744]
 [ 0.07373182 -0.02105785 -0.01825872 -0.00658629  0.00898737  0.
   0.02245217  0.         -0.02187902 -0.02096696]] 
Episode: 33: [[ 0.1047755  -0.02137028 -0.04592753 -0.03850441 -0.00772328  0.
   0.02196511  0.          0.02750718 -0.02081331]
 [ 0.0911707  -0.01937584 -0.04202342 -0.03982866  0.00420175  0.
   0.02154943  0.         -0.01876415 -0.01981523]
 [ 0.08594807 -0.01927008 -0.01913347 -0.03998901  0.01793643  0.
   0.02174441  0.         -0.02221331 -0.01879412]
 [ 0.08001087 -0.01935367 -0.01589051 -0.03489995  0.01960321  0.
   0.02215024  0.         -0.02244324 -0.01933864]
 [ 0.07588356 -0.02078277 -0.01882368 -0.00759619  0.0102541   0.
   0.02241562  0.         -0.02195585 -0.02095545]] 
Episode: 34: [[ 0.10800901 -0.02086484 -0.04754614 -0.04018008 -0.0065284   0.
   0.02187167  0.          0.02769373 -0.02087199]
 [ 0.09400297 -0.01869226 -0.04351337 -0.04146753  0.00574545  0.
   0.02144839  0.         -0.01875198 -0.01982127]
 [ 0.08865896 -0.01874369 -0.02055973 -0.04142638  0.01949566  0.
   0.02165332  0.         -0.02224994 -0.0187711 ]
 [ 0.08237733 -0.01899846 -0.01735331 -0.03584981  0.02099508  0.
   0.02209879  0.         -0.02249918 -0.0193315 ]
 [ 0.0780123  -0.02055145 -0.01997147 -0.00842629  0.01132668  0.
   0.02236749  0.         -0.02201894 -0.02093194]] 
Episode: 35: [[ 0.11125346 -0.02041497 -0.04855169 -0.04209426 -0.00549009  0.
   0.021776    0.          0.02788166 -0.02092103]
 [ 0.09684417 -0.01807429 -0.04449951 -0.04334109  0.00714313  0.
   0.02134679  0.         -0.01873134 -0.0198199 ]
 [ 0.09138539 -0.01826192 -0.0215782  -0.04313587  0.02094457  0.
   0.02156161  0.         -0.02227934 -0.01874021]
 [ 0.08475069 -0.01867115 -0.01843685 -0.03711068  0.02229724  0.
   0.02204546  0.         -0.02254773 -0.01931647]
 [ 0.08018093 -0.02033416 -0.02060601 -0.00925187  0.01235963  0.
   0.02231819  0.         -0.02207496 -0.02090446]] 
Episode: 36: [[ 0.11447734 -0.02006782 -0.04946216 -0.04430587 -0.00461163  0.
   0.02169199  0.          0.02805856 -0.0209716 ]
 [ 0.09965931 -0.01758442 -0.04529991 -0.04550607  0.0083519   0.
   0.0212573   0.         -0.01871179 -0.01982791]
 [ 0.09409208 -0.01788278 -0.02233574 -0.0451791   0.02219689  0.
   0.02148125  0.         -0.02230599 -0.01872541]
 [ 0.08710229 -0.01840634 -0.01926932 -0.03873135  0.02342187  0.
   0.02199941  0.         -0.02259135 -0.01931427]
 [ 0.08235461 -0.0201504  -0.02104439 -0.01042128  0.01324002  0.
   0.02227714  0.         -0.02212473 -0.0208899 ]] 
Episode: 37: [[ 0.11773619 -0.01975249 -0.05036208 -0.04658171 -0.00361435  0.
   0.02159794  0.          0.02820693 -0.021006  ]
 [ 0.1024943  -0.01714722 -0.04644449 -0.04771883  0.009657    0.
   0.02115871  0.         -0.01870065 -0.01981874]
 [ 0.09681805 -0.01754029 -0.0235591  -0.04723466  0.02356919  0.
   0.02139102  0.         -0.02233252 -0.01869096]
 [ 0.08947056 -0.01815973 -0.02046719 -0.04026854  0.0246643   0.
   0.02194392  0.         -0.02263176 -0.019297  ]
 [ 0.08446031 -0.01997622 -0.02164113 -0.01142572  0.01415706  0.
   0.02223237  0.         -0.02216908 -0.02087074]] 
Episode: 38: [[ 0.12102576 -0.01942767 -0.05121423 -0.04894999 -0.00264031  0.
   0.02147716  0.          0.02835405 -0.0210276 ]
 [ 0.10534994 -0.01668998 -0.0475287  -0.05002386  0.01098947  0.
   0.0210358   0.         -0.01869583 -0.01979584]
 [ 0.09957173 -0.01717871 -0.02476269 -0.04941194  0.024987    0.
   0.02127651  0.         -0.02236293 -0.01863928]
 [ 0.09185332 -0.01790613 -0.02162637 -0.0419753   0.02591971  0.
   0.02186944  0.         -0.02267365 -0.01926406]
 [ 0.08662929 -0.01979177 -0.02235436 -0.01243372  0.01504819  0.
   0.02216751  0.         -0.02221192 -0.02083946]] 
Episode: 39: [[ 0.12432568 -0.01909426 -0.05206523 -0.05105757 -0.00165272  0.
   0.02130859  0.          0.02848691 -0.02103338]
 [ 0.10819674 -0.01612798 -0.04862022 -0.05206355  0.0125908   0.
   0.02086969  0.         -0.01870025 -0.01975419]
 [ 0.10231713 -0.01665299 -0.0259842  -0.05126075  0.02692657  0.
   0.02111773  0.         -0.02240168 -0.01856171]
 [ 0.09422456 -0.01751379 -0.02279444 -0.04322686  0.02774615  0.
   0.02175744  0.         -0.02272509 -0.01920787]
 [ 0.08870129 -0.01955846 -0.02305564 -0.01301433  0.01623553  0.
   0.02208656  0.         -0.02225903 -0.02080129]] 
Episode: 40: [[ 0.12758827 -0.0187144  -0.05295579 -0.05325944 -0.00058095  0.
   0.02112273  0.          0.02861595 -0.02102967]
 [ 0.1110112  -0.01552886 -0.04974232 -0.05419567  0.01425151  0.
   0.02068753  0.         -0.01870245 -0.01970253]
 [ 0.1050368  -0.01610581 -0.02727947 -0.053237    0.02888372  0.
   0.02094296  0.         -0.02243642 -0.01847162]
 [ 0.09656519 -0.01711413 -0.0240836  -0.04463726  0.02954425  0.
   0.02163326  0.         -0.02277154 -0.01914083]
 [ 0.09077687 -0.01931269 -0.0240184  -0.01390116  0.0174177   0.
   0.02199143  0.         -0.02230114 -0.02075283]] 
Episode: 41: [[ 0.13100542 -0.01779836 -0.0537622  -0.05528074  0.00161855  0.
   0.02081298  0.          0.02899049 -0.02099547]
 [ 0.11396073 -0.01442684 -0.05083813 -0.05618722  0.01686268  0.
   0.0203862   0.         -0.01860434 -0.01960704]
 [ 0.107887   -0.01515315 -0.02858307 -0.05524184  0.03167704  0.
   0.02064826  0.         -0.02243087 -0.01831446]
 [ 0.09898185 -0.01640095 -0.02535369 -0.046264    0.03203682  0.
   0.02142741  0.         -0.02278949 -0.01900827]
 [ 0.09277286 -0.01895063 -0.02492735 -0.01493956  0.01890083  0.
   0.02187217  0.         -0.02233014 -0.02068349]] 
Episode: 42: [[ 0.1343623  -0.01685779 -0.05507429 -0.05744789  0.00382321  0.
   0.0205151   0.          0.0293271  -0.02096303]
 [ 0.11686362 -0.01335283 -0.05238425 -0.05831305  0.01930681  0.
   0.02009566  0.         -0.0185148  -0.01951708]
 [ 0.11069446 -0.0142414  -0.03033507 -0.0573715   0.03420225  0.
   0.0203647   0.         -0.02242689 -0.0181723 ]
 [ 0.10136446 -0.01572841 -0.02706265 -0.04796238  0.03422345  0.
   0.02122923  0.         -0.02280988 -0.0188945 ]
 [ 0.09468915 -0.01861799 -0.02612261 -0.01594446  0.02015672  0.
   0.02175886  0.         -0.02236241 -0.02062604]] 
Episode: 43: [[ 0.13768786 -0.0159892  -0.05649272 -0.0597251   0.0058907   0.
   0.02021014  0.          0.02972254 -0.02092238]
 [ 0.11973551 -0.01235991 -0.0541013  -0.06054103  0.02159865  0.
   0.01979994  0.         -0.01838287 -0.01941833]
 [ 0.11347052 -0.01340213 -0.0323339  -0.05960745  0.03657037  0.
   0.02007667  0.         -0.02240011 -0.01801976]
 [ 0.10371125 -0.01510732 -0.02898323 -0.04977621  0.03628045  0.
   0.02102706  0.         -0.02281432 -0.01877309]
 [ 0.09661814 -0.01828692 -0.02745879 -0.0169866   0.02138061  0.
   0.02163402  0.         -0.02238146 -0.02055717]] 
Episode: 44: [[ 0.1411442  -0.01508279 -0.05825543 -0.06213186  0.00783321  0.
   0.01986068  0.          0.03013622 -0.02085979]
 [ 0.12271382 -0.01135754 -0.05615438 -0.06289317  0.02364683  0.
   0.01946205  0.         -0.01822742 -0.01929062]
 [ 0.11634506 -0.0125521  -0.03464577 -0.06198474  0.0386495   0.
   0.0197478   0.         -0.02235905 -0.017826  ]
 [ 0.10614302 -0.01446731 -0.03119114 -0.0517716   0.03809795  0.
   0.02079127  0.         -0.02280626 -0.01861366]
 [ 0.09852327 -0.01794298 -0.02894695 -0.01818263  0.0224804   0.
   0.02149411  0.         -0.02239307 -0.02047355]] 
Episode: 45: [[ 0.14486717 -0.01425795 -0.06044117 -0.06523988  0.00959314  0.
   0.01958299  0.          0.03064645 -0.02078617]
 [ 0.1259457  -0.01041089 -0.05863584 -0.06593837  0.0255533   0.
   0.01919633  0.         -0.01804519 -0.01915506]
 [ 0.1194453  -0.01165536 -0.03734688 -0.06498434  0.04061798  0.
   0.01949297  0.         -0.02233275 -0.01763125]
 [ 0.10869832 -0.01374666 -0.03368022 -0.05414624  0.03983742  0.
   0.02060684  0.         -0.02282267 -0.01846887]
 [ 0.10037022 -0.01757662 -0.03050134 -0.01946986  0.02351975  0.
   0.02137665  0.         -0.02241383 -0.02040038]] 
Episode: 46: [[ 0.14862017 -0.01347716 -0.06281285 -0.06842086  0.01128666  0.
   0.01926417  0.          0.03108642 -0.0207007 ]
 [ 0.12920876 -0.00954978 -0.0613565  -0.06905162  0.02734694  0.
   0.01889109  0.         -0.01788638 -0.01900505]
 [ 0.12257224 -0.01084856 -0.04028216 -0.06807636  0.04248114  0.
   0.01919934  0.         -0.02230906 -0.01741689]
 [ 0.11128607 -0.01309209 -0.03639742 -0.05669615  0.04151716  0.
   0.02039162  0.         -0.02283651 -0.01830352]
 [ 0.10219223 -0.01724075 -0.03222575 -0.02094706  0.02453522  0.
   0.02124603  0.         -0.02243152 -0.02031768]] 
Episode: 47: [[ 0.15241303 -0.01245555 -0.06525897 -0.0716622   0.01359958  0.
   0.01887697  0.          0.0312552  -0.02060043]
 [ 0.13250111 -0.00853304 -0.06409386 -0.07222334  0.02957996  0.
   0.01852178  0.         -0.01784844 -0.01883366]
 [ 0.12572525 -0.00993527 -0.04320256 -0.07125674  0.04477529  0.
   0.01884365  0.         -0.02233112 -0.01717309]
 [ 0.11390478 -0.01240214 -0.03908242 -0.05941144  0.04346089  0.
   0.02012874  0.         -0.02287459 -0.01811257]
 [ 0.10406486 -0.01693746 -0.03397326 -0.02306624  0.02547825  0.
   0.02107423  0.         -0.02247013 -0.02021247]] 
Episode: 48: [[ 0.15620992 -0.01155005 -0.06727085 -0.07515097  0.01572851  0.
   0.01848479  0.          0.0314578  -0.02050356]
 [ 0.13579613 -0.00767303 -0.06635298 -0.07563325  0.03147758  0.
   0.01814857  0.         -0.01778979 -0.01866917]
 [ 0.12888287 -0.00918644 -0.04559283 -0.07468745  0.04653936  0.
   0.01848481  0.         -0.02234225 -0.01693955]
 [ 0.11653447 -0.01184507 -0.04125521 -0.0624094   0.04482162  0.
   0.01986354  0.         -0.02290411 -0.01792927]
 [ 0.10599465 -0.01671044 -0.0352724  -0.0254294   0.02597003  0.
   0.02089584  0.         -0.02250123 -0.02011017]] 
Episode: 49: [[ 0.15998614 -0.01058459 -0.06967723 -0.07897218  0.01796508  0.
   0.01810415  0.          0.03163258 -0.02042155]
 [ 0.13907155 -0.0067184  -0.06899174 -0.07936589  0.03360976  0.
   0.01778681  0.         -0.01773841 -0.0185288 ]
 [ 0.13201803 -0.0083637  -0.04839073 -0.07844705  0.04861001  0.
   0.01813729  0.         -0.02235225 -0.01673974]
 [ 0.11914857 -0.01124856 -0.04385418 -0.06576557  0.04643396  0.
   0.01960658  0.         -0.0229301  -0.01777289]
 [ 0.10794451 -0.01644091 -0.0370408  -0.02811414  0.02668237  0.
   0.02072039  0.         -0.02252845 -0.02002342]] 
Episode: 50: [[ 0.1639582  -0.00970995 -0.07256276 -0.08331938  0.01978884  0.
   0.017697    0.          0.03182985 -0.02032606]
 [ 0.1425265  -0.0058768  -0.07208715 -0.0836263   0.03517909  0.
   0.01739706  0.         -0.01765289 -0.01836031]
 [ 0.13532019 -0.00763259 -0.05156038 -0.0827593   0.0501095   0.
   0.01776411  0.         -0.02234601 -0.01649697]
 [ 0.12193441 -0.01069498 -0.04683518 -0.06980398  0.04755874  0.
   0.01933323  0.         -0.02294848 -0.01757885]
 [ 0.10994013 -0.01618229 -0.03906328 -0.03152119  0.02712524  0.
   0.02054569  0.         -0.02255204 -0.01992328]] 
Episode: 51: [[ 0.1678787  -0.00884434 -0.07527455 -0.08780345  0.02168911  0.
   0.0173059   0.          0.03218774 -0.02024559]
 [ 0.14593932 -0.00508834 -0.07495477 -0.08801406  0.03674294  0.
   0.01702671  0.         -0.01747078 -0.01822005]
 [ 0.13856927 -0.00698185 -0.05446039 -0.08717434  0.05150522  0.
   0.01741614  0.         -0.02228851 -0.01631501]
 [ 0.124679   -0.01021362 -0.04954202 -0.07390153  0.04858533  0.
   0.01908225  0.         -0.02293094 -0.01746646]
 [ 0.11185917 -0.01595828 -0.04088701 -0.03483215  0.02754135  0.
   0.02038722  0.         -0.02255967 -0.01987454]] 
Episode: 52: [[ 0.17198414 -0.00822329 -0.07850859 -0.09230253  0.02318971  0.
   0.01677774  0.          0.03231602 -0.02011177]
 [ 0.14951986 -0.00458773 -0.07825299 -0.09241453  0.03793293  0.
   0.01653023  0.         -0.01739065 -0.01800147]
 [ 0.14197706 -0.00661666 -0.05772607 -0.09160037  0.05247062  0.
   0.01695049  0.         -0.02226947 -0.01602705]
 [ 0.12756851 -0.00994834 -0.05259425 -0.07802455  0.04921484  0.
   0.01874364  0.         -0.02293591 -0.01726389]
 [ 0.1139099  -0.01586276 -0.04310713 -0.03803964  0.02769858  0.
   0.02016829  0.         -0.02257924 -0.01977491]] 
Episode: 53: [[ 0.17612988 -0.00756028 -0.08152436 -0.09705217  0.02474902  0.
   0.01622702  0.          0.03240054 -0.01996913]
 [ 0.15313545 -0.00403988 -0.0812837  -0.09706402  0.03920484  0.
   0.01601369  0.         -0.01733293 -0.01777129]
 [ 0.14541636 -0.00621092 -0.06070862 -0.09627382  0.05353904  0.
   0.01646645  0.         -0.02225852 -0.01572304]
 [ 0.13048945 -0.00965778 -0.05537729 -0.08240382  0.04995204  0.
   0.01839119  0.         -0.02294429 -0.01704535]
 [ 0.11599184 -0.01575094 -0.04521606 -0.04148158  0.02794814  0.
   0.01994075  0.         -0.0225988  -0.01966652]] 
Episode: 54: [[ 0.18030353 -0.00685879 -0.08470854 -0.10216137  0.02592412  0.
   0.01571011  0.          0.03250732 -0.01980467]
 [ 0.15677541 -0.00340739 -0.08463655 -0.10207909  0.04015514  0.
   0.01552924  0.         -0.01727417 -0.01751002]
 [ 0.1488771  -0.00573047 -0.06416254 -0.10130832  0.05435127  0.
   0.01601321  0.         -0.02224871 -0.01537738]
 [ 0.13343269 -0.00932423 -0.05866711 -0.08716159  0.05045146  0.
   0.01806187  0.         -0.02295211 -0.01679104]
 [ 0.11808659 -0.0156301  -0.04786531 -0.04522767  0.02798855  0.
   0.01973202  0.         -0.02261684 -0.01954213]] 
Episode: 55: [[ 0.18491365 -0.00562445 -0.08700178 -0.10760335  0.02779994  0.
   0.01501831  0.          0.03241344 -0.01956747]
 [ 0.16088073 -0.00217922 -0.08673593 -0.10742605  0.04196874  0.
   0.01488397  0.         -0.01732885 -0.01714422]
 [ 0.15278864 -0.00475799 -0.06632502 -0.10662283  0.05606899  0.
   0.01541257  0.         -0.02228162 -0.01489306]
 [ 0.13677585 -0.00864903 -0.06090941 -0.09207111  0.05176601  0.
   0.01762908  0.         -0.02297951 -0.01642075]
 [ 0.12028652 -0.01539164 -0.04993731 -0.04884434  0.02839931  0.
   0.01949531  0.         -0.02263593 -0.01938418]] 
Episode: 56: [[ 0.18967131 -0.00420476 -0.08940323 -0.11326867  0.02995826  0.
   0.01420163  0.          0.03245921 -0.01927409]
 [ 0.16512482 -0.00071386 -0.08900933 -0.11300536  0.04416802  0.
   0.0141243   0.         -0.0173045  -0.01669578]
 [ 0.15683594 -0.00354883 -0.06868031 -0.11218042  0.05826709  0.
   0.01470615  0.         -0.02228306 -0.01429845]
 [ 0.14024119 -0.00780503 -0.06331188 -0.09726297  0.05355821  0.
   0.01712145  0.         -0.02298761 -0.01596242]
 [ 0.12257329 -0.01507849 -0.05212225 -0.05275353  0.02910253  0.
   0.01921697  0.         -0.02264422 -0.0191842 ]] 
Episode: 57: [[ 0.19455652 -0.00283242 -0.09241934 -0.11902047  0.03189954  0.
   0.01329817  0.          0.03260106 -0.01893879]
 [ 0.16948786  0.00062625 -0.09198971 -0.11866539  0.04601431  0.
   0.01328938  0.         -0.01721376 -0.01618595]
 [ 0.16099676 -0.00247719 -0.07173514 -0.11778001  0.06002548  0.
   0.01393616  0.         -0.02225075 -0.01362504]
 [ 0.14380512 -0.00704375 -0.06631482 -0.10237186  0.05498861  0.
   0.01657556  0.         -0.0229723  -0.01544401]
 [ 0.12482453 -0.01478574 -0.05451577 -0.05638575  0.02966898  0.
   0.0189367   0.         -0.02264395 -0.01897215]] 
Episode: 58: [[ 0.19956352 -0.00143265 -0.09593028 -0.12466707  0.03404773  0.
   0.0122191   0.          0.03238802 -0.0185373 ]
 [ 0.17398657  0.00207013 -0.09559401 -0.124196    0.04822184  0.
   0.01229259  0.         -0.01731381 -0.01559209]
 [ 0.16529626 -0.0012845  -0.07546732 -0.12309331  0.06224377  0.
   0.01302696  0.         -0.02229711 -0.01290849]
 [ 0.1474478  -0.00623802 -0.06989737 -0.10697574  0.05677487  0.
   0.01595159  0.         -0.02299458 -0.01494656]
 [ 0.12699816 -0.01449818 -0.0570647  -0.05959759  0.03033699  0.
   0.01864822  0.         -0.02265133 -0.01877851]] 
Episode: 59: [[ 0.20498124  0.0014447  -0.09997067 -0.12998594  0.03763085  0.
   0.01081889  0.          0.03287396 -0.01806334]
 [ 0.17894168  0.00504844 -0.09972613 -0.12947117  0.05182179  0.
   0.0109941   0.         -0.01725266 -0.01488114]
 [ 0.17005894  0.00136854 -0.0796991  -0.12824003  0.06584992  0.
   0.01183751  0.         -0.022346   -0.01202454]
 [ 0.15153661 -0.00427758 -0.07392843 -0.11184074  0.06018567  0.
   0.01513881  0.         -0.02303574 -0.01431497]
 [ 0.12949686 -0.01359019 -0.0599698  -0.06378619  0.03284185  0.
   0.01826858  0.         -0.02267291 -0.01852172]] 
Episode: 60: [[ 0.21052538  0.00424944 -0.10399927 -0.13568093  0.04117967  0.
   0.00946874  0.          0.0332454  -0.01762926]
 [ 0.18403427  0.00794429 -0.10387909 -0.13513008  0.05538801  0.
   0.00974294  0.         -0.01723404 -0.01423014]
 [ 0.17495547  0.00394086 -0.08397321 -0.133794    0.06941897  0.
   0.01069349  0.         -0.02240741 -0.01121641]
 [ 0.15574424 -0.00239375 -0.07805219 -0.11715208  0.06354934  0.
   0.01436022  0.         -0.02308139 -0.01373975]
 [ 0.1320701  -0.01273479 -0.06299372 -0.06828873  0.03527759  0.
   0.01791107  0.         -0.02269423 -0.01829249]] 
Episode: 61: [[ 0.21638237  0.00812709 -0.10856323 -0.14164071  0.04560289  0.
   0.00780657  0.          0.03296207 -0.01704642]
 [ 0.18947668  0.01187549 -0.10858305 -0.14106713  0.05982888  0.
   0.00820345  0.         -0.01752795 -0.01336135]
 [ 0.18020311  0.0075523  -0.08877731 -0.13966149  0.07386362  0.
   0.00928676  0.         -0.02259157 -0.01012584]
 [ 0.16029736  0.00041437 -0.08268304 -0.12285529  0.06787092  0.
   0.0134078   0.         -0.02319274 -0.0129577 ]
 [ 0.13486864 -0.01138269 -0.06647151 -0.07327504  0.03890475  0.
   0.01747981  0.         -0.02274021 -0.01799239]] 
Episode: 62: [[ 0.22236215  0.01195472 -0.11366164 -0.14779651  0.05017879  0.
   0.00472581  0.          0.02986886 -0.01517487]
 [ 0.19523458  0.01570748 -0.11379637 -0.14721207  0.06440486  0.
   0.00529391  0.         -0.02061903 -0.01088965]
 [ 0.18585469  0.01140785 -0.09404933 -0.14576644  0.07849396  0.
   0.00660525  0.         -0.02556004 -0.00730429]
 [ 0.16543376  0.00421641 -0.08775546 -0.1288576   0.07253108  0.
   0.01153748  0.         -0.02577678 -0.01073824]
 [ 0.13809326 -0.00839736 -0.07023793 -0.0787091   0.04340826  0.
   0.01674793  0.         -0.02393991 -0.01726668]] 
Episode: 63: [[ 0.22855502  0.01614586 -0.1185526  -0.15405123  0.05490378  0.
   0.00083642  0.          0.02615012 -0.01237377]
 [ 0.20122556  0.01988725 -0.11880646 -0.15345392  0.06913793  0.
   0.00159252  0.         -0.02427186 -0.00740119]
 [ 0.19173853  0.01556503 -0.09911761 -0.15196411  0.08325489  0.
   0.00317865  0.         -0.02896862 -0.00348092]
 [ 0.17080167  0.0082508  -0.09261762 -0.13493262  0.0772685   0.
   0.0091161   0.         -0.02863568 -0.00759371]
 [ 0.14134587 -0.00535659 -0.07377861 -0.08410876  0.0478356   0.
   0.01587905  0.         -0.02519091 -0.01626968]] 
Episode: 64: [[ 2.3285687e-01  1.9522633e-02 -1.2396066e-01 -1.5993437e-01
   5.8691822e-02  0.0000000e+00 -2.7177974e-03  0.0000000e+00
   2.2919722e-02 -9.0520913e-03]
 [ 2.0562135e-01  2.3281507e-02 -1.2420016e-01 -1.5953551e-01
   7.2943792e-02  0.0000000e+00 -1.9865807e-03  0.0000000e+00
  -2.7521523e-02 -4.0583308e-03]
 [ 1.9636792e-01  1.9014642e-02 -1.0456736e-01 -1.5834235e-01
   8.7169610e-02  0.0000000e+00 -4.7134300e-04  0.0000000e+00
  -3.2264881e-02 -8.6248532e-05]
 [ 1.7583084e-01  1.1821967e-02 -9.7805530e-02 -1.4123859e-01
   8.1433266e-02  0.0000000e+00  5.4208408e-03  0.0000000e+00
  -3.2003261e-02 -4.1122166e-03]
 [ 1.4540470e-01 -1.5420243e-03 -7.7334456e-02 -8.9579016e-02
   5.2517202e-02  0.0000000e+00  1.3680816e-02  0.0000000e+00
  -2.8520593e-02 -1.3178203e-02]] 
Episode: 65: [[ 0.22970292  0.01636868 -0.12080672 -0.15678042  0.05553788  0.
   0.00043616  0.          0.02607368 -0.00589813]
 [ 0.2024674   0.02012755 -0.12104623 -0.15638156  0.06978984  0.
   0.00116738  0.         -0.02436757 -0.00090437]
 [ 0.19321397  0.01586069 -0.10141342 -0.15518989  0.08401566  0.
   0.00268261  0.         -0.02911092  0.00306771]
 [ 0.17267689  0.00866801 -0.0946516  -0.14439261  0.07827932  0.
   0.0085748   0.         -0.0288493  -0.00095826]
 [ 0.14225075 -0.00469598 -0.07418058 -0.09273311  0.04936326  0.
   0.01683477  0.         -0.02536664 -0.01002424]] 
Episode: 66: [[ 0.22684188  0.01350766 -0.11794569 -0.15391941  0.05267686  0.
   0.00329718  0.          0.02893471 -0.00303711]
 [ 0.19960637  0.01726653 -0.11818518 -0.15352058  0.06692882  0.
   0.00402839  0.         -0.02150654  0.00195662]
 [ 0.19035295  0.01299967 -0.09855238 -0.15233622  0.08115463  0.
   0.00554362  0.         -0.02624991  0.00592866]
 [ 0.16981587  0.005807   -0.09179057 -0.14725393  0.07541829  0.
   0.0114358   0.         -0.0259883   0.00190267]
 [ 0.13938972 -0.00755699 -0.07131957 -0.09559459  0.04650223  0.
   0.01969578  0.         -0.02250565 -0.00716327]] 
Episode: 67: [[ 0.22424684  0.01091264 -0.11535066 -0.1513244   0.05008185  0.
   0.0058922   0.          0.03152975 -0.00044208]
 [ 0.19701134  0.0146715  -0.11559018 -0.1509256   0.0643338   0.
   0.00662342  0.         -0.01891151  0.00455163]
 [ 0.18775791  0.01040465 -0.09595737 -0.14974965  0.07855961  0.
   0.00813865  0.         -0.02365489  0.00852364]
 [ 0.16722085  0.00321199 -0.08919557 -0.14984928  0.07282328  0.
   0.01403082  0.         -0.0233933   0.00449762]
 [ 0.1367947  -0.010152   -0.06872461 -0.0981901   0.04390722  0.
   0.02229079  0.         -0.01991065 -0.00456828]] 
Episode: 68: [[ 0.22189331  0.00855912 -0.11299715 -0.1489709   0.04772837  0.
   0.00824572  0.          0.03388329  0.00191144]
 [ 0.1946578   0.01231799 -0.1132367  -0.14857215  0.06198029  0.
   0.00897693  0.         -0.01655799  0.00690514]
 [ 0.18540439  0.00805114 -0.09360387 -0.1474061   0.0762061   0.
   0.01049216  0.         -0.02130139  0.01087711]
 [ 0.16486733  0.00085849 -0.0868421  -0.15220322  0.07046979  0.
   0.01638433  0.         -0.0210398   0.00685108]
 [ 0.1344412  -0.0125055  -0.06637119 -0.10054432  0.04155375  0.
   0.02464429  0.         -0.01755717 -0.00221478]] 
Episode: 69: [[ 2.1975903e-01  6.4248592e-03 -1.1086290e-01 -1.4683665e-01
   4.5594148e-02  0.0000000e+00  1.0379996e-02  0.0000000e+00
   3.6017574e-02  4.0457170e-03]
 [ 1.9252352e-01  1.0183719e-02 -1.1110249e-01 -1.4643794e-01
   5.9846047e-02  0.0000000e+00  1.1111205e-02  0.0000000e+00
  -1.4423712e-02  9.0394011e-03]
 [ 1.8327011e-01  5.9168744e-03 -9.1469638e-02 -1.4528322e-01
   7.4071862e-02  0.0000000e+00  1.2626425e-02  0.0000000e+00
  -1.9167123e-02  1.3011347e-02]
 [ 1.6273306e-01 -1.2757580e-03 -8.4707886e-02 -1.5433797e-01
   6.8335563e-02  0.0000000e+00  1.8518588e-02  0.0000000e+00
  -1.8905554e-02  8.9852922e-03]
 [ 1.3230693e-01 -1.4639736e-02 -6.4237058e-02 -1.0267944e-01
   3.9419565e-02  0.0000000e+00  2.6778549e-02  0.0000000e+00
  -1.5422952e-02 -8.0530248e-05]] 
Episode: 70: [[ 0.21782377  0.00448961 -0.10892768 -0.14490142  0.04365895  0.
   0.01231525  0.          0.03795284  0.00598098]
 [ 0.19058827  0.00824847 -0.10916732 -0.14450276  0.05791082  0.
   0.01304646  0.         -0.01248845  0.01097465]
 [ 0.18133485  0.00398163 -0.08953445 -0.14335959  0.07213664  0.
   0.01456168  0.         -0.01723188  0.01494657]
 [ 0.16079782 -0.00321098 -0.08277273 -0.15627372  0.06640036  0.
   0.02045383  0.         -0.01697033  0.0109205 ]
 [ 0.13037169 -0.01657495 -0.062302   -0.10461552  0.03748441  0.
   0.02871379  0.         -0.01348776  0.00185471]] 
Episode: 71: [[ 0.21606913  0.002735   -0.10717309 -0.14314683  0.04190438  0.
   0.01406988  0.          0.03970749  0.00773561]
 [ 0.18883364  0.00649385 -0.10741277 -0.14274819  0.05615622  0.
   0.01480109  0.         -0.01073382  0.01272927]
 [ 0.17958023  0.00222702 -0.08777988 -0.14161552  0.07038204  0.
   0.0163163   0.         -0.01547727  0.01670117]
 [ 0.1590432  -0.00496558 -0.08101819 -0.1580288   0.06464579  0.
   0.02220845  0.         -0.01521573  0.01267509]
 [ 0.12861708 -0.01832954 -0.06054755 -0.1063709   0.03572987  0.
   0.0304684   0.         -0.01173319  0.00360933]] 
Episode: 72: [[ 0.21447842  0.0011443  -0.10558242 -0.14155614  0.04031372  0.
   0.01566059  0.          0.0412982   0.00932632]
 [ 0.18724293  0.00490315 -0.10582214 -0.14115754  0.05456554  0.
   0.01639179  0.         -0.00914311  0.01431997]
 [ 0.17798951  0.00063632 -0.08618923 -0.14003439  0.06879137  0.
   0.017907    0.         -0.01388657  0.01829185]
 [ 0.1574525  -0.00655627 -0.07942757 -0.15961991  0.06305513  0.
   0.02379915  0.         -0.01362504  0.01426576]
 [ 0.12702638 -0.01992021 -0.05895702 -0.10796229  0.03413924  0.
   0.0320591   0.         -0.01014253  0.00520003]] 
Episode: 73: [[ 0.21303645 -0.00029766 -0.10414048 -0.1401142   0.0388718   0.
   0.01710256  0.          0.04274018  0.01076829]
 [ 0.18580095  0.00346118 -0.10438024 -0.13971563  0.0531236   0.
   0.01783376  0.         -0.00770115  0.01576193]
 [ 0.17654754 -0.00080564 -0.08474731 -0.13860112  0.06734943  0.
   0.01934897  0.         -0.01244461  0.01973379]
 [ 0.15601054 -0.00799821 -0.07798568 -0.16106224  0.06161321  0.
   0.02524111  0.         -0.0121831   0.01570769]
 [ 0.12558442 -0.02136215 -0.0575152  -0.10940487  0.03269734  0.
   0.03350105  0.         -0.00870061  0.00664199]] 
Episode: 74: [[ 0.21172942 -0.00160467 -0.10283349 -0.1388072   0.03756482  0.
   0.01840957  0.          0.04404721  0.01207531]
 [ 0.18449393  0.00215417 -0.10307328 -0.13840866  0.0518166   0.
   0.01914077  0.         -0.00639413  0.01706894]
 [ 0.17524053 -0.00211264 -0.08344034 -0.137302    0.06604243  0.
   0.02065598  0.         -0.01113761  0.02104078]
 [ 0.15470353 -0.00930521 -0.07667875 -0.1623696   0.06030623  0.
   0.02654812  0.         -0.0108761   0.01701467]
 [ 0.12427742 -0.02266913 -0.05620835 -0.11071245  0.03139039  0.
   0.03480806  0.         -0.00739363  0.007949  ]] 
Episode: 75: [[ 0.21054482 -0.00278926 -0.10164893 -0.13762264  0.03638027  0.
   0.01959416  0.          0.0452318   0.01325991]
 [ 0.18330933  0.00096959 -0.10188875 -0.13722411  0.05063203  0.
   0.02032536  0.         -0.00520954  0.01825353]
 [ 0.17405595 -0.00329722 -0.0822558  -0.13612454  0.06485786  0.
   0.02184056  0.         -0.00995302  0.02222535]
 [ 0.15351894 -0.01048978 -0.07549423 -0.16355449  0.05912168  0.
   0.0277327   0.         -0.00969153  0.01819923]
 [ 0.12309285 -0.0238537  -0.0550239  -0.11189755  0.03020586  0.
   0.03599264  0.         -0.00620908  0.00913358]] 
Episode: 76: [[ 2.09471285e-01 -3.86278750e-03 -1.00575425e-01 -1.36549115e-01
   3.53067666e-02  0.00000000e+00  2.06677038e-02  0.00000000e+00
   4.63053510e-02  1.43334484e-02]
 [ 1.82235792e-01 -1.03946419e-04 -1.00815281e-01 -1.36150613e-01
   4.95585091e-02  0.00000000e+00  2.13989001e-02  0.00000000e+00
  -4.13599703e-03  1.93270594e-02]
 [ 1.72982410e-01 -4.37075505e-03 -8.11823085e-02 -1.35057524e-01
   6.37843460e-02  0.00000000e+00  2.29141004e-02  0.00000000e+00
  -8.87949299e-03  2.32988745e-02]
 [ 1.52445406e-01 -1.15632974e-02 -7.44207650e-02 -1.64628297e-01
   5.80481701e-02  0.00000000e+00  2.88062319e-02  0.00000000e+00
  -8.61800928e-03  1.92727447e-02]
 [ 1.22019321e-01 -2.49272138e-02 -5.39505221e-02 -1.12971552e-01
   2.91323811e-02  0.00000000e+00  3.70661654e-02  0.00000000e+00
  -5.13557810e-03  1.02071138e-02]] 
Episode: 77: [[ 0.20849846 -0.0048356  -0.09960265 -0.13557631  0.03433399  0.
   0.02164052  0.          0.04727817  0.01530627]
 [ 0.18126297 -0.00107676 -0.09984254 -0.13517784  0.04858571  0.
   0.02237171  0.         -0.00316318  0.02029987]
 [ 0.1720096  -0.00534356 -0.08020955 -0.13409075  0.06281155  0.
   0.02388691  0.         -0.00790669  0.02427167]
 [ 0.1514726  -0.0125361  -0.07344805 -0.16560137  0.05707539  0.
   0.02977904  0.         -0.00764521  0.02024554]
 [ 0.12104651 -0.02590001 -0.05297791 -0.11394481  0.02815962  0.
   0.03803897  0.         -0.00416279  0.01117992]] 
Episode: 78: [[ 0.20761698 -0.00571706 -0.09872121 -0.13469486  0.03345254  0.
   0.02252199  0.          0.04815965  0.01618773]
 [ 0.1803815  -0.00195822 -0.09896114 -0.1342964   0.04770426  0.
   0.02325318  0.         -0.00228171  0.02118133]
 [ 0.17112814 -0.00622502 -0.07932813 -0.13321482  0.06193009  0.
   0.02476838  0.         -0.00702522  0.02515313]
 [ 0.15059114 -0.01341755 -0.07256667 -0.16648307  0.05619394  0.
   0.0306605   0.         -0.00676376  0.02112698]
 [ 0.12016506 -0.02678145 -0.05209662 -0.11482668  0.0272782   0.
   0.03892043  0.         -0.00328135  0.01206139]] 
Episode: 79: [[ 0.20681834 -0.00651569 -0.09792261 -0.13389623  0.03265394  0.
   0.02332062  0.          0.04895829  0.01698637]
 [ 0.17958286 -0.00275685 -0.09816258 -0.1334978   0.04690564  0.
   0.02405181  0.         -0.00148308  0.02197996]
 [ 0.17032951 -0.00702365 -0.07852955 -0.13242121  0.06113147  0.
   0.02556701  0.         -0.00622659  0.02595175]
 [ 0.1497925  -0.01421617 -0.07176811 -0.16728193  0.05539533  0.
   0.03145913  0.         -0.00596513  0.0219256 ]
 [ 0.11936643 -0.02758007 -0.05129816 -0.11562569  0.02647961  0.
   0.03971906  0.         -0.00248275  0.01286002]] 
Episode: 80: [[ 0.20609482 -0.00723921 -0.09719911 -0.13317272  0.03193043  0.
   0.02404415  0.          0.04968182  0.0177099 ]
 [ 0.17885934 -0.00348038 -0.09743911 -0.13277431  0.04618213  0.
   0.02477534  0.         -0.00075955  0.02270349]
 [ 0.16960599 -0.00774718 -0.07780607 -0.13170221  0.06040796  0.
   0.02629053  0.         -0.00550307  0.02667526]
 [ 0.14906898 -0.01493969 -0.07104466 -0.16800565  0.05467183  0.
   0.03218266  0.         -0.00524162  0.02264911]
 [ 0.11864291 -0.02830358 -0.05057481 -0.11634956  0.02575612  0.
   0.04044258  0.         -0.00175924  0.01358354]] 
Episode: 81: [[ 2.05439374e-01 -7.89464265e-03 -9.65437070e-02 -1.32517293e-01
   3.12750190e-02  0.00000000e+00  2.46995836e-02  0.00000000e+00
   5.03372587e-02  1.83653366e-02]
 [ 1.78203911e-01 -4.13580984e-03 -9.67837349e-02 -1.32118896e-01
   4.55267057e-02  0.00000000e+00  2.54307743e-02  0.00000000e+00
  -1.04113860e-04  2.33589187e-02]
 [ 1.68950558e-01 -8.40260461e-03 -7.71506801e-02 -1.31050915e-01
   5.97525388e-02  0.00000000e+00  2.69459654e-02  0.00000000e+00
  -4.84764297e-03  2.73306854e-02]
 [ 1.48413554e-01 -1.55951101e-02 -7.03893006e-02 -1.68661252e-01
   5.40164188e-02  0.00000000e+00  3.28380838e-02  0.00000000e+00
  -4.58619324e-03  2.33045258e-02]
 [ 1.17987484e-01 -2.89590005e-02 -4.99195307e-02 -1.17005304e-01
   2.51007192e-02  0.00000000e+00  4.10980098e-02  0.00000000e+00
  -1.10382866e-03  1.42389713e-02]] 
Episode: 82: [[ 0.20484567 -0.00848834 -0.09595003 -0.1319236   0.03068134  0.
   0.02529329  0.          0.05093097  0.01895904]
 [ 0.1776102  -0.00472951 -0.09619009 -0.13152522  0.04493301  0.
   0.02602448  0.          0.00048959  0.02395262]
 [ 0.16835685 -0.0089963  -0.07655702 -0.13046125  0.05915885  0.
   0.02753967  0.         -0.00425394  0.02792438]
 [ 0.14781986 -0.0161888  -0.06979567 -0.16925512  0.05342273  0.
   0.03343178  0.         -0.0039925   0.02389821]
 [ 0.11739379 -0.02955269 -0.04932599 -0.11759931  0.02450705  0.
   0.04169171  0.         -0.00051014  0.01483267]] 
Episode: 83: [[ 2.0430791e-01 -9.0260860e-03 -9.5412314e-02 -1.3138586e-01
   3.0143607e-02  0.0000000e+00  2.5831034e-02  0.0000000e+00
   5.1468715e-02  1.9496789e-02]
 [ 1.7707245e-01 -5.2672555e-03 -9.5652401e-02 -1.3098750e-01
   4.4395275e-02  0.0000000e+00  2.6562223e-02  0.0000000e+00
   1.0273374e-03  2.4490362e-02]
 [ 1.6781910e-01 -9.5340461e-03 -7.6019317e-02 -1.2992719e-01
   5.8621112e-02  0.0000000e+00  2.8077412e-02  0.0000000e+00
  -3.7162011e-03  2.8462118e-02]
 [ 1.4728212e-01 -1.6726542e-02 -6.9257997e-02 -1.6979302e-01
   5.2885007e-02  0.0000000e+00  3.3969525e-02  0.0000000e+00
  -3.4547609e-03  2.4435949e-02]
 [ 1.1685605e-01 -3.0090425e-02 -4.8788413e-02 -1.1813733e-01
   2.3969334e-02  0.0000000e+00  4.2229448e-02  0.0000000e+00
   2.7584962e-05  1.5370415e-02]] 
Episode: 84: [[ 0.20382088 -0.00951311 -0.09492531 -0.13089885  0.02965659  0.
   0.02631806  0.          0.05195575  0.01998382]
 [ 0.17658542 -0.00575428 -0.09516542 -0.13050048  0.04390825  0.
   0.02704925  0.          0.00151437  0.02497739]
 [ 0.16733207 -0.01002107 -0.07553233 -0.12944356  0.05813409  0.
   0.02856444  0.         -0.00322918  0.02894914]
 [ 0.1467951  -0.01721356 -0.06877103 -0.1702802   0.05239799  0.
   0.03445655  0.         -0.00296774  0.02492297]
 [ 0.11636903 -0.03057744 -0.04830153 -0.11862462  0.02348233  0.
   0.04271647  0.          0.0005146   0.01585744]] 
Episode: 85: [[ 0.20337982 -0.00995417 -0.09448428 -0.13045779  0.02921555  0.
   0.02675913  0.          0.05239682  0.02042488]
 [ 0.17614436 -0.00619534 -0.09472441 -0.13005944  0.0434672   0.
   0.02749031  0.          0.00195543  0.02541845]
 [ 0.16689101 -0.01046213 -0.07509131 -0.12900555  0.05769304  0.
   0.0290055   0.         -0.00278812  0.02939019]
 [ 0.14635403 -0.01765462 -0.06833003 -0.1707214   0.05195694  0.
   0.03489761  0.         -0.00252668  0.02536402]
 [ 0.11592797 -0.0310185  -0.04786061 -0.11906592  0.02304129  0.
   0.04315753  0.          0.00095565  0.0162985 ]] 
Episode: 86: [[ 0.20298041 -0.01035358 -0.09408489 -0.1300584   0.02881615  0.
   0.02715854  0.          0.05279623  0.02082429]
 [ 0.17574495 -0.00659475 -0.09432504 -0.12966004  0.0430678   0.
   0.02788972  0.          0.00235484  0.02581786]
 [ 0.1664916  -0.01086154 -0.07469194 -0.12860891  0.05729364  0.
   0.02940491  0.         -0.00238871  0.02978959]
 [ 0.14595462 -0.01805402 -0.06793068 -0.17112093  0.05155755  0.
   0.03529702  0.         -0.00212728  0.02576342]
 [ 0.11552857 -0.0314179  -0.04746132 -0.11946554  0.02264191  0.
   0.04355694  0.          0.00135504  0.01669791]] 
Episode: 87: [[ 0.20261875 -0.01071524 -0.09372324 -0.12969674  0.0284545   0.
   0.0275202   0.          0.05315789  0.02118596]
 [ 0.17538328 -0.00695641 -0.09396342 -0.12929839  0.04270614  0.
   0.02825139  0.          0.0027165   0.02617952]
 [ 0.16612993 -0.0112232  -0.07433031 -0.12824976  0.05693198  0.
   0.02976657  0.         -0.00202705  0.03015125]
 [ 0.14559296 -0.01841568 -0.06756908 -0.1714827   0.0511959   0.
   0.03565868  0.         -0.00176562  0.02612507]
 [ 0.11516691 -0.03177955 -0.04709978 -0.11982741  0.02228026  0.
   0.04391859  0.          0.0017167   0.01705957]] 
Episode: 88: [[ 0.20229128 -0.0110427  -0.0933958  -0.12936929  0.02812705  0.
   0.02784766  0.          0.05348536  0.02151342]
 [ 0.17505582 -0.00728388 -0.093636   -0.12897094  0.04237869  0.
   0.02857885  0.          0.00304397  0.02650698]
 [ 0.16580246 -0.01155066 -0.07400288 -0.12792462  0.05660453  0.
   0.03009403  0.         -0.00169959  0.03047871]
 [ 0.1452655  -0.01874313 -0.06724166 -0.17181027  0.05086844  0.
   0.03598614  0.         -0.00143817  0.02645253]
 [ 0.11483945 -0.03210701 -0.04677243 -0.12015506  0.02195282  0.
   0.04424606  0.          0.00204415  0.01738703]] 
Episode: 89: [[ 0.2019948  -0.01133918 -0.09309934 -0.12907282  0.02783058  0.
   0.02814414  0.          0.05378184  0.0218099 ]
 [ 0.17475934 -0.00758035 -0.09333955 -0.12867448  0.04208221  0.
   0.02887532  0.          0.00334045  0.02680346]
 [ 0.16550599 -0.01184713 -0.07370643 -0.12763022  0.05630805  0.
   0.03039051  0.         -0.00140311  0.03077518]
 [ 0.14496903 -0.01903961 -0.06694523 -0.17210685  0.05057198  0.
   0.03628262  0.         -0.00114169  0.026749  ]
 [ 0.11454298 -0.03240348 -0.04647606 -0.1204517   0.02165636  0.
   0.04454253  0.          0.00234062  0.01768351]] 
Episode: 90: [[ 0.20172639 -0.01160758 -0.09283096 -0.12880442  0.02756218  0.
   0.02841255  0.          0.05405025  0.02207831]
 [ 0.17449093 -0.00784876 -0.09307119 -0.12840608  0.04181381  0.
   0.02914373  0.          0.00360885  0.02707187]
 [ 0.16523759 -0.01211554 -0.07343805 -0.12736364  0.05603965  0.
   0.03065892  0.         -0.00113471  0.03104359]
 [ 0.14470063 -0.01930801 -0.06667687 -0.17237534  0.05030358  0.
   0.03655102  0.         -0.00087329  0.0270174 ]
 [ 0.11427458 -0.03267188 -0.04620776 -0.12072027  0.02138797  0.
   0.04481093  0.          0.00260901  0.01795192]] 
Episode: 91: [[ 0.20148341 -0.01185056 -0.092588   -0.12856144  0.02731921  0.
   0.02865553  0.          0.05429323  0.02232129]
 [ 0.17424795 -0.00809174 -0.09282824 -0.12816311  0.04157083  0.
   0.02938671  0.          0.00385183  0.02731484]
 [ 0.16499461 -0.01235852 -0.0731951  -0.12712239  0.05579668  0.
   0.0309019   0.         -0.00089173  0.03128656]
 [ 0.14445765 -0.01955099 -0.06643394 -0.17261839  0.05006061  0.
   0.036794    0.         -0.00063031  0.02726037]
 [ 0.1140316  -0.03291485 -0.04596489 -0.12096339  0.021145    0.
   0.04505391  0.          0.00285199  0.01819489]] 
Episode: 92: [[ 0.20126347 -0.01207051 -0.09236807 -0.1283415   0.02709927  0.
   0.02887547  0.          0.05451318  0.02254124]
 [ 0.17402801 -0.00831168 -0.09260833 -0.12794317  0.04135089  0.
   0.02960666  0.          0.00407178  0.02753479]
 [ 0.16477467 -0.01257846 -0.07297517 -0.12690409  0.05557673  0.
   0.03112184  0.         -0.00067178  0.0315065 ]
 [ 0.14423771 -0.01977093 -0.06621403 -0.1728384   0.04984067  0.
   0.03701395  0.         -0.00041037  0.02748032]
 [ 0.11381166 -0.0331348  -0.04574503 -0.12118347  0.02092507  0.
   0.04527386  0.          0.00307193  0.01841484]] 
