87.860970 49.167053 56.572575 65.719193 66.359917 0.000000 
88.854248 47.334198 62.252651 71.941330 73.983459 0.019782 
88.217781 56.999157 57.632217 72.525642 67.086189 0.019782 
91.251213 51.608700 61.476543 67.977600 63.801701 0.000000 
87.716728 46.605133 58.109745 69.678352 65.760902 0.034264 
89.042709 58.960693 62.575695 71.145859 76.107964 0.000000 
91.078804 77.232597 75.465103 82.014687 76.140327 0.000000 
92.081474 63.325207 61.351242 71.076683 76.445816 0.000000 
93.361496 120.320663 109.620598 105.568237 103.734886 0.019782 
95.651207 84.893822 84.806114 84.035995 89.835411 0.019782 
88.819016 50.879570 60.842789 66.431892 69.906082 0.000000 
88.154678 46.523060 57.911736 61.083626 62.828804 0.000000 
87.879089 66.018417 72.944130 73.587158 77.221283 0.027976 
89.057320 38.639210 47.283676 52.069042 60.892529 0.027976 
84.688988 65.997917 70.704521 77.691330 78.331741 0.000000 
92.252754 56.442589 67.225700 72.767197 73.112190 0.019782 
88.107483 57.888145 64.991089 71.564697 69.943039 0.000000 
87.398010 78.804451 77.073669 83.959923 88.794853 0.000000 
88.883072 48.050991 55.932312 67.337776 72.482628 0.027976 
91.726280 108.824425 103.973946 96.503410 96.775032 0.019782 
