87.104942 86.466736 71.149765 80.696350 80.682137 0.000000 
88.158821 83.757706 83.385353 90.306671 79.420448 0.000000 
81.794312 86.826469 72.762062 86.417656 78.970924 0.000000 
83.076553 69.642601 85.074387 65.494896 58.518955 0.027976 
72.314598 70.264732 89.870819 84.341431 71.362740 0.019782 
85.715996 70.685616 49.209843 73.623367 76.212608 0.027976 
78.163406 65.755676 90.516151 93.929214 75.315994 0.000000 
72.659470 77.296310 44.546726 58.657574 80.606148 0.034264 
84.573769 77.229843 63.754879 61.667667 75.985054 0.000000 
69.204597 58.620914 59.907394 73.841881 73.237991 0.000000 
86.050842 87.247047 82.557198 68.804054 59.897942 0.019782 
72.139404 93.119492 49.523682 79.582870 52.362503 0.000000 
86.611641 49.177849 67.343597 84.304802 78.256622 0.019782 
73.877365 63.664944 62.343613 63.056705 75.171440 0.019782 
76.187477 85.814064 84.973167 74.704086 81.532242 0.000000 
77.288483 78.958008 70.481499 68.500717 98.452232 0.027976 
78.686752 85.984070 68.718582 86.771896 85.681137 0.000000 
72.448677 80.675301 71.604134 78.988609 66.551140 0.019782 
90.906181 70.178841 86.024109 65.232033 73.118279 0.000000 
70.848961 75.538910 86.869072 72.188988 71.314354 0.000000 
