<<<<<<< HEAD
20939.109375 1952.111084 1138.507446 1149.754639 50255.226562 
19612.904297 1565.808105 800.720337 579.590210 40558.496094 
21500.689453 1826.018188 1226.427368 894.822388 49210.382812 
19637.320312 1563.513672 941.610962 955.655334 48310.265625 
25495.419922 1815.062500 1113.024536 889.004883 48202.378906 
21915.654297 1418.217529 1070.820679 705.915039 41806.734375 
30587.894531 3204.835205 3035.402344 2235.759766 83368.171875 
22678.931641 1818.488647 1120.244263 933.551270 59119.722656 
26310.314453 2061.894775 1213.354614 941.523987 59826.503906 
26148.750000 2072.801270 1139.602295 1047.862793 44703.765625 
23697.468750 2229.784424 1166.036011 965.514709 48106.058594 
17933.523438 1538.283569 896.800232 1115.812378 48380.035156 
30414.123047 2660.656738 1334.637573 827.839478 49232.632812 
25956.962891 2194.778076 1637.119507 940.632080 60310.699219 
22791.964844 2676.306152 1523.582031 1684.123535 67966.851562 
25746.601562 2050.328613 1444.215698 1154.002686 53860.292969 
22992.769531 1862.804688 1199.173584 1048.017578 48066.613281 
22970.775391 1653.801147 1150.243286 1571.826782 52509.335938 
28938.501953 2393.976318 1374.206055 883.950439 69846.242188 
29075.833984 3022.649658 1468.995483 1343.629150 65901.867188 
=======
22193.689453 1588.348633 1006.604919 940.395630 68077.757812 
28330.355469 1888.335205 1086.556396 867.112000 55308.472656 
23858.802734 2555.767090 1613.662109 1426.214478 66544.210938 
26121.732422 2071.743408 1304.393311 975.623840 73141.000000 
24850.158203 1536.827637 1137.707520 1118.213623 52323.421875 
24241.240234 1778.963501 1036.112305 748.160034 44217.562500 
27046.914062 2876.171387 2197.852783 1500.860718 60352.816406 
25767.490234 1962.249634 986.759583 723.517334 45216.890625 
27203.558594 2418.267578 2000.446289 1651.014648 102953.109375 
24366.736328 2515.709229 2017.528687 1067.984375 52443.445312 
33098.253906 3264.247070 1509.370361 1732.948364 83352.523438 
23992.031250 2261.800537 1795.055176 1407.057495 74748.539062 
23012.273438 2014.184082 1216.547363 730.359802 42892.316406 
23137.207031 1900.702393 1185.671631 918.058716 63223.710938 
28043.425781 2765.694092 1855.680176 1775.896606 58733.246094 
20582.332031 1376.614258 932.057434 1059.591553 38666.226562 
28277.585938 2099.274170 1713.437378 1269.964844 37810.824219 
27991.056641 1661.863281 1043.434814 1107.482666 71756.359375 
29930.050781 3135.029053 2075.209473 2344.088867 61229.574219 
26437.859375 2131.741699 1553.103882 1024.414795 75598.632812 
>>>>>>> 99a7af98e592cd7353df87bd1ef809244f90c4f8
