64.104538 57.358353 55.231369 53.774967 58.936596 
63.559750 57.224838 56.567657 54.152740 55.833290 
64.239998 58.629154 58.978291 57.121124 60.198708 
63.043644 59.356216 58.192623 58.484032 57.148609 
66.199753 59.942871 60.188511 56.074322 58.326069 
67.667168 59.864410 59.135624 61.025742 62.967606 
66.180588 60.915112 58.657734 58.275024 57.105881 
63.203228 54.133034 52.425858 52.908417 56.809311 
59.851181 52.950653 55.905506 52.404755 54.692387 
63.657574 58.296558 57.922531 56.584122 57.833290 
65.858681 57.720543 57.473133 55.921124 57.256016 
62.441948 56.800777 52.980030 51.827606 53.083233 
66.681984 58.722378 60.830582 59.874874 59.707066 
69.644470 64.479355 61.238384 60.185719 63.940140 
63.606480 58.271828 56.552769 54.830761 58.307327 
67.989151 61.167774 59.981003 60.400352 61.918324 
63.271896 53.747734 55.115864 51.309574 56.916981 
61.519699 53.284927 50.781235 53.486572 60.234764 
62.391148 58.412552 58.554611 58.300865 61.572735 
62.710594 54.830338 57.063091 54.855366 55.876488 
