92.418434 78.421211 89.408958 88.073486 85.339844 0.000000 
96.572342 93.054642 94.765457 93.941193 91.710701 0.019782 
87.871780 84.536720 87.443459 86.422722 88.028748 0.000000 
87.488869 86.631104 90.887070 93.499573 95.120155 0.000000 
91.493622 75.456078 81.660316 88.393867 89.548676 0.019782 
90.836891 60.939629 65.701340 65.247986 67.405655 0.019782 
83.925438 67.704521 72.605225 73.481194 81.430450 0.000000 
83.400322 79.007912 80.314003 81.841980 86.028900 0.000000 
88.074745 84.040031 84.007233 89.831459 90.661758 0.000000 
91.160126 78.623398 84.438812 85.591881 85.788910 0.027976 
94.747681 96.750801 95.174820 92.666466 91.277641 0.019782 
86.697929 103.029449 104.915054 104.425346 105.039169 0.000000 
83.532127 60.999245 62.602749 65.728127 75.171448 0.019782 
87.830505 83.301743 91.758759 92.570259 92.263016 0.034264 
75.069145 74.258606 75.519287 75.676491 80.157990 0.000000 
79.912964 88.960739 91.579842 95.057983 97.994766 0.000000 
96.355743 60.223198 58.398003 63.130653 73.487755 0.027976 
88.631798 66.179901 70.871338 80.877838 84.450394 0.000000 
90.831009 53.086750 57.009357 58.767685 61.023804 0.000000 
90.715073 71.759987 74.853119 77.263069 81.623924 0.000000 
