70.151917 39.071575 46.703281 45.155079 37.214108 0.000000 
69.901917 47.432655 46.960518 39.774574 33.419003 0.000000 
77.462700 44.439030 47.130585 44.651920 35.198841 0.000000 
71.852104 39.067047 40.803288 44.169201 42.691597 0.000000 
70.582954 30.379005 36.550312 43.835815 33.419292 0.000000 
81.338287 36.608215 41.839870 46.740650 41.496986 0.019782 
79.344101 39.251312 55.960236 46.700809 38.908684 0.000000 
75.706230 41.613766 48.752377 56.706772 36.044022 0.000000 
75.981392 46.107101 43.670647 52.325901 39.467747 0.034264 
64.555824 41.466831 41.055454 38.569576 39.931515 0.019782 
72.323486 36.655739 40.443913 50.644020 43.325787 0.000000 
66.118683 40.310127 47.359768 54.662537 41.366314 0.000000 
79.633888 37.220657 46.019882 41.117626 44.905228 0.000000 
73.365410 40.767773 42.918705 45.234020 37.752838 0.034264 
72.022949 38.050568 54.035801 42.757240 45.068558 0.000000 
66.448738 43.416325 40.976082 45.875168 47.950073 0.000000 
78.840019 32.656403 33.580566 35.658512 43.109306 0.019782 
73.542412 40.581768 43.715656 44.421547 37.552456 0.000000 
84.601715 40.864845 56.723717 46.537151 44.288124 0.000000 
80.137718 32.850182 32.377342 43.737820 35.474342 0.000000 
