Episode: 801: [[ 0.00344217  0.00131814 -0.01488611  0.00482046  0.00121882  0.01541218
   0.          0.         -0.00139011  0.00156965]
 [ 0.00764081  0.00837541 -0.01030981 -0.01024327  0.00290251 -0.0064324
   0.          0.         -0.00046641  0.00056964]
 [ 0.00257847 -0.00336192  0.00285902 -0.01050227  0.00367202 -0.0037571
   0.          0.          0.00022046  0.00081435]
 [-0.00167163 -0.00808868  0.0103671  -0.0099212   0.00049266 -0.00559269
   0.          0.          0.00035173  0.00089009]
 [-0.00236911 -0.00779613  0.0140697  -0.00816396 -0.00084924 -0.0075891
   0.          0.          0.00136537 -0.000736  ]] 
Episode: 802: [[ 0.0034607   0.00130326 -0.01490489  0.00482413  0.00117904  0.0154166
   0.          0.         -0.00139096  0.00159387]
 [ 0.00764837  0.00839123 -0.0102966  -0.01028429  0.00294725 -0.00641431
   0.          0.         -0.00043596  0.00059987]
 [ 0.00260997 -0.00335092  0.00285871 -0.01051542  0.00370781 -0.00374827
   0.          0.          0.00023293  0.00080615]
 [-0.00162824 -0.00807075  0.01036616 -0.0099619   0.00053219 -0.00559514
   0.          0.          0.00034824  0.0008608 ]
 [-0.00232051 -0.00778127  0.01408677 -0.0081915  -0.00081164 -0.00758811
   0.          0.          0.0013825  -0.00075064]] 
Episode: 803: [[ 0.00348987  0.00128584 -0.01492273  0.00482119  0.00115086  0.01542473
   0.          0.         -0.00138866  0.00160912]
 [ 0.00766478  0.00840604 -0.01029051 -0.01031608  0.00298107 -0.00640195
   0.          0.         -0.00041097  0.00063124]
 [ 0.00264332 -0.00334446  0.00285892 -0.01053023  0.00373535 -0.00374424
   0.          0.          0.00024489  0.0008082 ]
 [-0.00158567 -0.0080609   0.01037101 -0.00999682  0.0005625  -0.00560018
   0.          0.          0.00034736  0.00084564]
 [-0.00227494 -0.00777112  0.01410556 -0.00821949 -0.00078504 -0.00759029
   0.          0.          0.00139887 -0.00075516]] 
Episode: 804: [[ 0.00353836  0.00127044 -0.0149389   0.00482839  0.00110817  0.01542045
   0.          0.         -0.0013893   0.00163771]
 [ 0.00767937  0.00842421 -0.01027868 -0.01034754  0.00302979 -0.00636506
   0.          0.         -0.00038732  0.00066126]
 [ 0.0026752  -0.00333409  0.0028591  -0.01054376  0.00377584 -0.00372711
   0.          0.          0.00025728  0.00081174]
 [-0.00154417 -0.00804778  0.01037188 -0.01003509  0.00060706 -0.00560123
   0.          0.          0.00034839  0.00083347]
 [-0.00223178 -0.00775798  0.01412322 -0.00825121 -0.00074427 -0.00758319
   0.          0.          0.00141639 -0.00075922]] 
Episode: 805: [[ 0.0035671   0.00124514 -0.01495034  0.00482532  0.00106663  0.0154333
   0.          0.         -0.00139129  0.0016595 ]
 [ 0.0077013   0.00844563 -0.01026778 -0.01038443  0.0030853  -0.00631086
   0.          0.         -0.00036694  0.0006856 ]
 [ 0.00271257 -0.0033146   0.00285788 -0.01055019  0.00381863 -0.00372049
   0.          0.          0.00026638  0.00081105]
 [-0.00149973 -0.00802216  0.01036967 -0.01006825  0.00065186 -0.00562912
   0.          0.          0.00034853  0.00082103]
 [-0.00218643 -0.00773518  0.01413594 -0.00828013 -0.00070424 -0.00759726
   0.          0.          0.001433   -0.00076552]] 
Episode: 806: [[ 0.00360818  0.00121122 -0.01495922  0.00482819  0.00104528  0.01545203
   0.          0.         -0.00139838  0.00167323]
 [ 0.0077096   0.00847344 -0.01026227 -0.0104195   0.00313615 -0.0062384
   0.          0.         -0.00035102  0.00069574]
 [ 0.0027407  -0.00329628  0.00285796 -0.01055435  0.00384658 -0.00370603
   0.          0.          0.0002757   0.00081613]
 [-0.00146406 -0.00800101  0.01037184 -0.01009413  0.00067344 -0.00566082
   0.          0.          0.00035069  0.00082335]
 [-0.00215269 -0.00771122  0.01414736 -0.00830623 -0.0006845  -0.00761804
   0.          0.          0.00145012 -0.00077013]] 
Episode: 807: [[ 0.00365462  0.00117964 -0.01496537  0.00483573  0.00100191  0.015461
   0.          0.         -0.00140614  0.00168021]
 [ 0.00772258  0.00850194 -0.01025601 -0.01043191  0.00319293 -0.00618575
   0.          0.         -0.00033709  0.00069607]
 [ 0.00276463 -0.00328744  0.00285785 -0.01055208  0.00389158 -0.003687
   0.          0.          0.00028502  0.00082848]
 [-0.00143567 -0.00799315  0.01037192 -0.01010931  0.00071809 -0.00567285
   0.          0.          0.000353    0.00083835]
 [-0.00212602 -0.00769461  0.01415588 -0.00833361 -0.00064485 -0.00762681
   0.          0.          0.00146529 -0.00076956]] 
Episode: 808: [[ 0.00369915  0.00114706 -0.01496648  0.00483754  0.00097222  0.01547714
   0.          0.         -0.00141243  0.00168814]
 [ 0.00773886  0.00853346 -0.01025421 -0.01043832  0.00324013 -0.00613397
   0.          0.         -0.00032596  0.00068611]
 [ 0.002787   -0.00327993  0.00285519 -0.0105508   0.00392612 -0.00367367
   0.          0.          0.00029386  0.00084018]
 [-0.00141093 -0.00798861  0.01036965 -0.01011581  0.00075019 -0.0056919
   0.          0.          0.00035536  0.00085532]
 [-0.00210402 -0.00767851  0.01415892 -0.00835881 -0.00061681 -0.00764255
   0.          0.          0.00147828 -0.00077467]] 
Episode: 809: [[ 0.00376067  0.00107139 -0.01496774  0.00485313  0.00094311  0.0154824
   0.          0.         -0.0013963   0.00168956]
 [ 0.00775099  0.0085683  -0.01025227 -0.01043011  0.00328558 -0.00608353
   0.          0.         -0.00031483  0.00068071]
 [ 0.00279984 -0.0032628   0.00285614 -0.01054458  0.00396293 -0.00365454
   0.          0.          0.00030342  0.00084629]
 [-0.00139703 -0.00797017  0.01037153 -0.01011661  0.00078753 -0.00569836
   0.          0.          0.00035791  0.00086422]
 [-0.00208541 -0.00764825  0.01416285 -0.00837579 -0.00058453 -0.00764246
   0.          0.          0.00148837 -0.00078449]] 
Episode: 810: [[ 0.00381657  0.00100497 -0.01497093  0.00486642  0.00090787  0.01548031
   0.          0.         -0.00137951  0.00168776]
 [ 0.00776152  0.00860049 -0.01025023 -0.01042042  0.00333914 -0.00602868
   0.          0.         -0.00030466  0.00068102]
 [ 0.00281185 -0.00324934  0.00286027 -0.01053813  0.00400524 -0.00363217
   0.          0.          0.00031302  0.00085001]
 [-0.00138444 -0.0079561   0.01037734 -0.01012104  0.00083126 -0.00570108
   0.          0.          0.00036097  0.00086834]
 [-0.00207125 -0.00762035  0.01416919 -0.00839193 -0.00054443 -0.00763537
   0.          0.          0.00149751 -0.00079164]] 
Episode: 811: [[ 0.00385914  0.00094258 -0.01496897  0.00486703  0.00091003  0.01550199
   0.          0.         -0.00137175  0.0016913 ]
 [ 0.00778518  0.0086261  -0.01025234 -0.01040156  0.00335717 -0.0059958
   0.          0.         -0.00029995  0.00068448]
 [ 0.00282618 -0.00324714  0.00286336 -0.01052967  0.00401404 -0.00362441
   0.          0.          0.00032223  0.0008584 ]
 [-0.00137639 -0.00795296  0.0103822  -0.010115    0.00083724 -0.00571064
   0.          0.          0.00036866  0.00087825]
 [-0.00205808 -0.00760457  0.01417087 -0.00839856 -0.00054097 -0.00764108
   0.          0.          0.00151882 -0.0007802 ]] 
Episode: 812: [[ 0.00389325  0.00088203 -0.01496757  0.00487525  0.00092657  0.01553136
   0.          0.         -0.00136629  0.00170249]
 [ 0.00783188  0.00865459 -0.01025437 -0.01037993  0.00336614 -0.00595883
   0.          0.         -0.00029669  0.00068332]
 [ 0.00286234 -0.00324181  0.00286548 -0.01051933  0.00400814 -0.00361951
   0.          0.          0.00033     0.00086362]
 [-0.00134588 -0.00794873  0.01038553 -0.01010863  0.0008231  -0.00572906
   0.          0.          0.00037584  0.00088661]
 [-0.00202497 -0.00758916  0.01417165 -0.00840622 -0.00055445 -0.00765836
   0.          0.          0.00153975 -0.00077419]] 
Episode: 813: [[ 0.003945    0.00074262 -0.01496723  0.00487737  0.00092987  0.01556179
   0.          0.         -0.00133661  0.00169588]
 [ 0.00788371  0.00869612 -0.01026334 -0.01037026  0.00338338 -0.00594597
   0.          0.         -0.00028614  0.00069506]
 [ 0.00289627 -0.00318522  0.00286446 -0.01051116  0.0040221  -0.00362729
   0.          0.          0.00032841  0.00085547]
 [-0.00132353 -0.00787421  0.01038951 -0.010109    0.00083777 -0.00575002
   0.          0.          0.0003668   0.00086557]
 [-0.00200445 -0.00751753  0.01417253 -0.00839757 -0.00054556 -0.00767476
   0.          0.          0.00153529 -0.00077824]] 
Episode: 814: [[ 0.00399575  0.00063401 -0.01496847  0.00488867  0.00094405  0.01560321
   0.          0.         -0.00129748  0.00168501]
 [ 0.00792004  0.00875119 -0.01025612 -0.01037134  0.0033983  -0.00592
   0.          0.         -0.00028151  0.00069275]
 [ 0.00292138 -0.00313643  0.00286603 -0.01050434  0.004034   -0.00363267
   0.          0.          0.00033081  0.00084309]
 [-0.0013086  -0.00781642  0.01039007 -0.01010804  0.00084572 -0.00577851
   0.          0.          0.00036527  0.00084993]
 [-0.00200106 -0.00745027  0.0141796  -0.00838752 -0.00055028 -0.00769867
   0.          0.          0.00153838 -0.00078078]] 
Episode: 815: [[ 0.00404621  0.00056068 -0.01497231  0.00490324  0.00096695  0.01564511
   0.          0.         -0.0012675   0.00167515]
 [ 0.00795723  0.00880041 -0.01024389 -0.01036868  0.00340644 -0.0058892
   0.          0.         -0.00027514  0.00069032]
 [ 0.00294883 -0.00309545  0.00286883 -0.01049613  0.00403659 -0.00363544
   0.          0.          0.00033357  0.00083395]
 [-0.00128934 -0.0077694   0.01038793 -0.01011357  0.00084192 -0.00580737
   0.          0.          0.00036291  0.00083833]
 [-0.00199051 -0.00739697  0.01418595 -0.00839311 -0.0005656  -0.00772579
   0.          0.          0.0015399  -0.00078679]] 
Episode: 816: [[ 0.00411268  0.00050719 -0.01497842  0.00492273  0.00095702  0.01564689
   0.          0.         -0.00123897  0.00167144]
 [ 0.00798596  0.0088355  -0.01023655 -0.0103485   0.00343831 -0.00585987
   0.          0.         -0.00027456  0.00068666]
 [ 0.00295676 -0.00306943  0.00287677 -0.01047814  0.00406572 -0.00361139
   0.          0.          0.00033041  0.00084105]
 [-0.00129158 -0.00773817  0.01039576 -0.01009542  0.00087032 -0.00579021
   0.          0.          0.0003582   0.00085074]
 [-0.00199189 -0.00736204  0.01419559 -0.00839363 -0.00055021 -0.00771003
   0.          0.          0.00153934 -0.00076889]] 
Episode: 817: [[ 0.00417468  0.00044754 -0.01498743  0.00494296  0.00097024  0.01565647
   0.          0.         -0.00120666  0.00166568]
 [ 0.00802589  0.00887058 -0.01023361 -0.0103275   0.00344307 -0.00582518
   0.          0.         -0.00027569  0.00067582]
 [ 0.00297738 -0.00304346  0.00288594 -0.01045913  0.00406568 -0.00359122
   0.          0.          0.00032351  0.00084652]
 [-0.00128019 -0.00770791  0.01040925 -0.01007839  0.00086607 -0.00578359
   0.          0.          0.00035111  0.00086704]
 [-0.00198473 -0.0073279   0.01420892 -0.00839728 -0.00056041 -0.00770541
   0.          0.          0.00153747 -0.00074996]] 
Episode: 818: [[ 0.00422753  0.00042739 -0.01499246  0.00495993  0.00098672  0.0156665
   0.          0.         -0.00118321  0.00166027]
 [ 0.00805123  0.00890454 -0.01022492 -0.01030714  0.00344832 -0.00578878
   0.          0.         -0.000276    0.00067241]
 [ 0.00298657 -0.00303121  0.00289246 -0.0104431   0.00405878 -0.00356666
   0.          0.          0.00031794  0.00085537]
 [-0.00127879 -0.00770328  0.01041412 -0.01006331  0.00084989 -0.00577718
   0.          0.          0.00034457  0.0008794 ]
 [-0.00198831 -0.00732366  0.01421747 -0.00839507 -0.00058054 -0.00770581
   0.          0.          0.00153578 -0.00073437]] 
Episode: 819: [[ 0.0042856   0.00037305 -0.01499948  0.00498673  0.00101506  0.01569431
   0.          0.         -0.00116059  0.00163993]
 [ 0.00807352  0.0089428  -0.01022095 -0.01028368  0.00344235 -0.0057559
   0.          0.         -0.00027907  0.00067741]
 [ 0.00299722 -0.00302065  0.00289804 -0.01042426  0.00404095 -0.00355255
   0.          0.          0.0003086   0.00088093]
 [-0.00127374 -0.00770107  0.01042097 -0.01004359  0.000821   -0.00578458
   0.          0.          0.00033554  0.00091113]
 [-0.00198908 -0.00731147  0.01422713 -0.00839434 -0.00061278 -0.00772247
   0.          0.          0.00152917 -0.00069642]] 
Episode: 820: [[ 0.00434587  0.00032845 -0.01500203  0.00502833  0.00105377  0.01573372
   0.          0.         -0.00114429  0.00163405]
 [ 0.00809175  0.0089861  -0.01021784 -0.01025224  0.00343032 -0.00573766
   0.          0.         -0.00028269  0.0006715 ]
 [ 0.00299758 -0.00300283  0.00290223 -0.01040628  0.00401977 -0.00354764
   0.          0.          0.00030462  0.00090058]
 [-0.00128131 -0.00769264  0.01042565 -0.010019    0.00078887 -0.00579562
   0.          0.          0.00033163  0.00094253]
 [-0.00199755 -0.00729593  0.01423297 -0.00839111 -0.00065054 -0.0077456
   0.          0.          0.00152726 -0.00066554]] 
Episode: 821: [[ 0.00439926  0.00030552 -0.01500304  0.00506599  0.0010941   0.01577288
   0.          0.         -0.00113095  0.00163198]
 [ 0.00811366  0.00902342 -0.01021941 -0.01021858  0.00341401 -0.0057217
   0.          0.         -0.00028491  0.00066605]
 [ 0.00300112 -0.00299333  0.00290275 -0.01038847  0.00399442 -0.00354631
   0.          0.          0.00030238  0.0009173 ]
 [-0.00128643 -0.00769479  0.01042854 -0.00999912  0.00075234 -0.00581017
   0.          0.          0.00032875  0.00096898]
 [-0.00200453 -0.00729162  0.01423794 -0.0083909  -0.00069115 -0.00777109
   0.          0.          0.00152538 -0.00064207]] 
Episode: 822: [[ 0.0044173   0.00027352 -0.01500811  0.00511025  0.00113293  0.0158213
   0.          0.         -0.00112304  0.00162011]
 [ 0.00813912  0.00905977 -0.01021997 -0.01019183  0.00341035 -0.00567352
   0.          0.         -0.00028118  0.00065397]
 [ 0.0030164  -0.00297826  0.00290262 -0.01035879  0.00397112 -0.00355833
   0.          0.          0.00029372  0.00092345]
 [-0.00127624 -0.00768944  0.01043027 -0.00997954  0.00071669 -0.00585719
   0.          0.          0.00031873  0.00098283]
 [-0.00199686 -0.00728536  0.01424396 -0.00839163 -0.00072912 -0.00781378
   0.          0.          0.00151705 -0.00063031]] 
Episode: 823: [[ 0.00444839  0.00024283 -0.0150104   0.00515735  0.00114154  0.01585613
   0.          0.         -0.00111085  0.00161747]
 [ 0.00817102  0.00908877 -0.01021612 -0.01015251  0.00342063 -0.00564079
   0.          0.         -0.00028154  0.00064969]
 [ 0.00302755 -0.00296738  0.0028998  -0.01033871  0.00397227 -0.0035554
   0.          0.          0.00028397  0.00092188]
 [-0.0012722  -0.00768535  0.01042729 -0.0099651   0.00071124 -0.00587426
   0.          0.          0.00030979  0.00098041]
 [-0.00198951 -0.00728305  0.01424892 -0.00838584 -0.0007405  -0.00783396
   0.          0.          0.00150953 -0.00063109]] 
Episode: 824: [[ 0.00447981  0.0002054  -0.01501365  0.00519129  0.00115082  0.01588758
   0.          0.         -0.00109728  0.00160744]
 [ 0.00820476  0.00911822 -0.01021281 -0.01011648  0.00343178 -0.00560595
   0.          0.         -0.00028246  0.00064568]
 [ 0.00303856 -0.00295319  0.00289857 -0.01032298  0.00397054 -0.00355488
   0.          0.          0.00027606  0.00092016]
 [-0.00126923 -0.00767632  0.01042658 -0.00994897  0.0007025  -0.00589425
   0.          0.          0.00030242  0.00097823]
 [-0.00198364 -0.00727569  0.01425496 -0.00837783 -0.0007522  -0.00785349
   0.          0.          0.00150238 -0.00062912]] 
Episode: 825: [[ 0.00452497  0.00015309 -0.01501385  0.00521785  0.00115569  0.0159143
   0.          0.         -0.00108055  0.00160339]
 [ 0.00824057  0.00915383 -0.01021057 -0.01008036  0.0034293  -0.0055981
   0.          0.         -0.00028772  0.00066303]
 [ 0.00305394 -0.0029363   0.00289705 -0.01032196  0.00397387 -0.00354678
   0.          0.          0.0002708   0.00090928]
 [-0.00125858 -0.00767005  0.01042514 -0.00995144  0.00070261 -0.00589258
   0.          0.          0.00029767  0.0009557 ]
 [-0.00196989 -0.00727307  0.01425812 -0.00837045 -0.00076269 -0.00786491
   0.          0.          0.00149422 -0.00063182]] 
Episode: 826: [[ 0.00454487  0.00012171 -0.01500793  0.00524668  0.00117722  0.01594327
   0.          0.         -0.00106859  0.00161327]
 [ 0.00826372  0.00918422 -0.01020788 -0.01004769  0.00341928 -0.00558833
   0.          0.         -0.00029321  0.00067818]
 [ 0.00306248 -0.00292244  0.00289064 -0.01031235  0.0039666  -0.00353876
   0.          0.          0.00026167  0.0008954 ]
 [-0.00125386 -0.00766543  0.0104146  -0.00995427  0.00068991 -0.00589312
   0.          0.          0.00028911  0.0009286 ]
 [-0.00196582 -0.0072734   0.01425287 -0.0083702  -0.00078521 -0.0078799
   0.          0.          0.0014815  -0.00064768]] 
Episode: 827: [[ 4.5522898e-03  7.9953636e-05 -1.5003391e-02  5.2739312e-03
   1.2120605e-03  1.5978202e-02  0.0000000e+00  0.0000000e+00
  -1.0656802e-03  1.6275995e-03]
 [ 8.2813511e-03  9.2108585e-03 -1.0206683e-02 -1.0019421e-02
   3.3980338e-03 -5.5941432e-03  0.0000000e+00  0.0000000e+00
  -2.9957495e-04  6.9984706e-04]
 [ 3.0690725e-03 -2.9089162e-03  2.8861959e-03 -1.0305598e-02
   3.9491933e-03 -3.5388242e-03  0.0000000e+00  0.0000000e+00
   2.5403508e-04  8.8005100e-04]
 [-1.2501231e-03 -7.6600816e-03  1.0407946e-02 -9.9635208e-03
   6.6622888e-04 -5.8955480e-03  0.0000000e+00  0.0000000e+00
   2.8281397e-04  8.9506368e-04]
 [-1.9618196e-03 -7.2763725e-03  1.4249779e-02 -8.3686709e-03
  -8.1937318e-04 -7.8970948e-03  0.0000000e+00  0.0000000e+00
   1.4710685e-03 -6.6483568e-04]] 
Episode: 828: [[ 4.55869734e-03  6.29317001e-05 -1.49999959e-02  5.30350348e-03
   1.26515818e-03  1.60264336e-02  0.00000000e+00  0.00000000e+00
  -1.07608270e-03  1.62545603e-03]
 [ 8.29672627e-03  9.23541468e-03 -1.02003077e-02 -9.98100173e-03
   3.36971437e-03 -5.57016023e-03  0.00000000e+00  0.00000000e+00
  -3.02670844e-04  7.23292935e-04]
 [ 3.07401479e-03 -2.91785877e-03  2.88342615e-03 -1.02896895e-02
   3.91217694e-03 -3.54007003e-03  0.00000000e+00  0.00000000e+00
   2.55646009e-04  8.77061451e-04]
 [-1.24735630e-03 -7.68638169e-03  1.04003167e-02 -9.96460300e-03
   6.15948869e-04 -5.91680035e-03  0.00000000e+00  0.00000000e+00
   2.82054185e-04  8.76845501e-04]
 [-1.95477996e-03 -7.30809988e-03  1.42469201e-02 -8.36865790e-03
  -8.76412261e-04 -7.93062057e-03  0.00000000e+00  0.00000000e+00
   1.46450510e-03 -6.66191685e-04]] 
Episode: 829: [[ 4.5714076e-03  3.6746664e-05 -1.4997245e-02  5.3340308e-03
   1.3032923e-03  1.6071837e-02  0.0000000e+00  0.0000000e+00
  -1.0985481e-03  1.6164043e-03]
 [ 8.3055096e-03  9.2689972e-03 -1.0193303e-02 -9.9403821e-03
   3.3586426e-03 -5.5367420e-03  0.0000000e+00  0.0000000e+00
  -2.9939099e-04  7.5233832e-04]
 [ 3.0710830e-03 -2.9194551e-03  2.8823882e-03 -1.0273121e-02
   3.8913507e-03 -3.5409119e-03  0.0000000e+00  0.0000000e+00
   2.6085624e-04  8.7923900e-04]
 [-1.2544905e-03 -7.7060601e-03  1.0394344e-02 -9.9624172e-03
   5.8400270e-04 -5.9402576e-03  0.0000000e+00  0.0000000e+00
   2.8306828e-04  8.6208864e-04]
 [-1.9525287e-03 -7.3317681e-03  1.4244859e-02 -8.3587905e-03
  -9.1618166e-04 -7.9599218e-03  0.0000000e+00  0.0000000e+00
   1.4641080e-03 -6.6125474e-04]] 
Episode: 830: [[ 4.57736710e-03  3.82964427e-05 -1.49928667e-02  5.35826711e-03
   1.35144521e-03  1.61173362e-02  0.00000000e+00  0.00000000e+00
  -1.12026022e-03  1.61509297e-03]
 [ 8.32969695e-03  9.31413006e-03 -1.01775341e-02 -9.90214199e-03
   3.34602059e-03 -5.49822953e-03  0.00000000e+00  0.00000000e+00
  -2.94051599e-04  7.68766971e-04]
 [ 3.08074965e-03 -2.92538595e-03  2.88099330e-03 -1.02626374e-02
   3.86292185e-03 -3.54531407e-03  0.00000000e+00  0.00000000e+00
   2.68519419e-04  8.79723288e-04]
 [-1.25159707e-03 -7.73719745e-03  1.03832874e-02 -9.96635109e-03
   5.43236209e-04 -5.96856046e-03  0.00000000e+00  0.00000000e+00
   2.89766409e-04  8.57611012e-04]
 [-1.94603193e-03 -7.35960389e-03  1.42429415e-02 -8.35912768e-03
  -9.64272127e-04 -7.98966829e-03  0.00000000e+00  0.00000000e+00
   1.47585466e-03 -6.51623763e-04]] 
Episode: 831: [[ 4.58020251e-03  5.07577424e-05 -1.49869602e-02  5.38567593e-03
   1.39780564e-03  1.61642842e-02  0.00000000e+00  0.00000000e+00
  -1.14713050e-03  1.62096822e-03]
 [ 8.36102478e-03  9.35500674e-03 -1.01625388e-02 -9.85691510e-03
   3.33331386e-03 -5.46066836e-03  0.00000000e+00  0.00000000e+00
  -2.87962670e-04  7.84360804e-04]
 [ 3.09466058e-03 -2.93585588e-03  2.87868641e-03 -1.02498075e-02
   3.83240031e-03 -3.55117628e-03  0.00000000e+00  0.00000000e+00
   2.77616491e-04  8.79615836e-04]
 [-1.24608015e-03 -7.77299330e-03  1.03705926e-02 -9.97595489e-03
   4.99655900e-04 -5.99935604e-03  0.00000000e+00  0.00000000e+00
   2.97218765e-04  8.51879071e-04]
 [-1.94072456e-03 -7.39325071e-03  1.42380092e-02 -8.36677477e-03
  -1.01307081e-03 -8.02299753e-03  0.00000000e+00  0.00000000e+00
   1.48751540e-03 -6.45320455e-04]] 
Episode: 832: [[ 4.56830347e-03  7.31488908e-05 -1.49779133e-02  5.40801696e-03
   1.45102036e-03  1.62137914e-02  0.00000000e+00  0.00000000e+00
  -1.17235491e-03  1.64790347e-03]
 [ 8.38862825e-03  9.38749593e-03 -1.01488475e-02 -9.81692597e-03
   3.29782371e-03 -5.43356733e-03  0.00000000e+00  0.00000000e+00
  -2.80646258e-04  8.16423504e-04]
 [ 3.10996221e-03 -2.94495746e-03  2.87121860e-03 -1.02432314e-02
   3.79316974e-03 -3.55793047e-03  0.00000000e+00  0.00000000e+00
   2.99006206e-04  8.66020389e-04]
 [-1.23893376e-03 -7.80420005e-03  1.03521105e-02 -1.00069623e-02
   4.52412118e-04 -6.02887897e-03  0.00000000e+00  0.00000000e+00
   3.13608412e-04  8.19134235e-04]
 [-1.93429762e-03 -7.42648635e-03  1.42293712e-02 -8.37571640e-03
  -1.06671953e-03 -8.06010421e-03  0.00000000e+00  0.00000000e+00
   1.50477304e-03 -6.56330958e-04]] 
Episode: 833: [[ 0.00455194  0.00013232 -0.01497425  0.00543361  0.00146084  0.01625628
   0.          0.         -0.00120128  0.00169079]
 [ 0.00840911  0.00940199 -0.01014506 -0.00978214  0.00329366 -0.0053585
   0.          0.         -0.00028332  0.00083101]
 [ 0.00312144 -0.0029828   0.0028674  -0.01022925  0.00377723 -0.00356349
   0.          0.          0.00031684  0.00084808]
 [-0.00123249 -0.00785778  0.01034287 -0.0100156   0.00043364 -0.00607173
   0.          0.          0.00032937  0.00078454]
 [-0.00192402 -0.00747761  0.0142263  -0.00837896 -0.00108471 -0.00809357
   0.          0.          0.00151942 -0.00067628]] 
Episode: 834: [[ 0.00451621  0.00017383 -0.01496364  0.00547086  0.0014871   0.01632596
   0.          0.         -0.00123525  0.00173582]
 [ 0.00845317  0.00943455 -0.01014319 -0.00972718  0.00327849 -0.00531765
   0.          0.         -0.00027997  0.00083691]
 [ 0.00315218 -0.00300237  0.00286042 -0.01020726  0.00376177 -0.00358196
   0.          0.          0.00034708  0.00080143]
 [-0.0012093  -0.00789764  0.01032928 -0.01003402  0.00041678 -0.00611692
   0.          0.          0.00035422  0.00071847]
 [-0.00190292 -0.00751994  0.01421575 -0.00838014 -0.00110935 -0.00814117
   0.          0.          0.00154301 -0.0007209 ]] 
Episode: 835: [[ 0.004482    0.00020055 -0.01495325  0.00549814  0.00150052  0.01638293
   0.          0.         -0.00125425  0.00177699]
 [ 0.00849861  0.00947587 -0.01014449 -0.00967227  0.00327273 -0.00527346
   0.          0.         -0.00028117  0.00082626]
 [ 0.00317946 -0.00301399  0.00285356 -0.0101839   0.00375929 -0.00358879
   0.          0.          0.00037439  0.00076414]
 [-0.00119021 -0.00792983  0.01031605 -0.01004078  0.00041498 -0.00615075
   0.          0.          0.00037663  0.00067111]
 [-0.00188748 -0.00754721  0.01420454 -0.0083793  -0.00111776 -0.00818048
   0.          0.          0.00156116 -0.0007575 ]] 
Episode: 836: [[ 0.00445205  0.00022841 -0.01494712  0.00553664  0.00153049  0.01644721
   0.          0.         -0.00126946  0.00179946]
 [ 0.00853694  0.00950856 -0.010141   -0.00961522  0.00325295 -0.00523842
   0.          0.         -0.00028238  0.00081121]
 [ 0.00319081 -0.00302904  0.00284726 -0.01016534  0.00374252 -0.00359008
   0.          0.          0.00039963  0.00073385]
 [-0.0011915  -0.00796274  0.01030474 -0.01004617  0.00039253 -0.00618175
   0.          0.          0.00039519  0.00063233]
 [-0.0018899  -0.00758052  0.01419904 -0.00836982 -0.00114813 -0.00822716
   0.          0.          0.00157332 -0.00078861]] 
Episode: 837: [[ 0.00442845  0.000249   -0.01493976  0.00556572  0.00153413  0.01648672
   0.          0.         -0.00128525  0.00183217]
 [ 0.00856348  0.00952638 -0.01014228 -0.00956433  0.00325027 -0.00520736
   0.          0.         -0.00028279  0.00079542]
 [ 0.00318683 -0.00306024  0.00283738 -0.01015189  0.00374712 -0.00357765
   0.          0.          0.00042334  0.00071546]
 [-0.00121147 -0.0080131   0.01029134 -0.01005015  0.00039625 -0.00618746
   0.          0.          0.00041212  0.00061485]
 [-0.00191409 -0.00763308  0.01419215 -0.00836195 -0.00115351 -0.00824325
   0.          0.          0.0015817  -0.00079196]] 
Episode: 838: [[ 0.00440322  0.00026324 -0.0149359   0.00558107  0.00152602  0.01651507
   0.          0.         -0.00128529  0.00187173]
 [ 0.00859309  0.00954812 -0.01013425 -0.00952338  0.00324648 -0.00517355
   0.          0.         -0.00028198  0.00077675]
 [ 0.00319042 -0.0030861   0.00282981 -0.01014627  0.00375492 -0.00355581
   0.          0.          0.00043553  0.00070492]
 [-0.00122148 -0.0080592   0.01027678 -0.01006719  0.00040618 -0.00618263
   0.          0.          0.00041864  0.00060661]
 [-0.00193206 -0.00768446  0.01418804 -0.00837233 -0.00115187 -0.00825045
   0.          0.          0.00157914 -0.00079676]] 
Episode: 839: [[ 0.00437883  0.00027658 -0.01493298  0.00559782  0.00152339  0.01654494
   0.          0.         -0.00128419  0.00191573]
 [ 0.00862942  0.0095661  -0.01012872 -0.0094779   0.00323341 -0.00516342
   0.          0.         -0.00028279  0.00075102]
 [ 0.00319366 -0.0031086   0.00282375 -0.01013856  0.0037624  -0.00353491
   0.          0.          0.00044534  0.00070574]
 [-0.00123403 -0.00809869  0.01026601 -0.01009021  0.00041592 -0.00616913
   0.          0.          0.00042426  0.00060702]
 [-0.00195453 -0.00772994  0.01418537 -0.00839177 -0.00115432 -0.00825642
   0.          0.          0.00157771 -0.00080305]] 
Episode: 840: [[ 0.00435198  0.00029427 -0.01492972  0.00561336  0.00152617  0.01657499
   0.          0.         -0.00128396  0.00195351]
 [ 0.00866474  0.00958923 -0.0101256  -0.0094406   0.00321996 -0.0051577
   0.          0.         -0.00028512  0.00071214]
 [ 0.00320235 -0.00313093  0.00281875 -0.01011751  0.00376559 -0.00352103
   0.          0.          0.00045638  0.00071629]
 [-0.00123943 -0.00813429  0.01025613 -0.01010954  0.00041973 -0.00616102
   0.          0.          0.00043049  0.00061686]
 [-0.0019721  -0.0077686   0.01418156 -0.00841631 -0.00116169 -0.00826606
   0.          0.          0.00157583 -0.00081093]] 
Episode: 841: [[ 0.0043225   0.0003252  -0.0149282   0.00562264  0.00152305  0.01660432
   0.          0.         -0.00128919  0.00198132]
 [ 0.00869768  0.00960283 -0.01011606 -0.00940974  0.00320415 -0.00515508
   0.          0.         -0.0002843   0.0006734 ]
 [ 0.00321191 -0.0031573   0.00281396 -0.01009649  0.00377178 -0.00351164
   0.          0.          0.00046717  0.0007282 ]
 [-0.00124094 -0.00817167  0.01024355 -0.01012987  0.00042924 -0.00615745
   0.          0.          0.00043576  0.00062816]
 [-0.00198471 -0.00781256  0.01417818 -0.00844789 -0.00116344 -0.00827871
   0.          0.          0.0015739  -0.00082089]] 
Episode: 842: [[ 0.00428912  0.00036283 -0.01492772  0.00563311  0.00150321  0.0166251
   0.          0.         -0.00128863  0.00201361]
 [ 0.0087198   0.00960981 -0.01009911 -0.00939601  0.00319496 -0.00516031
   0.          0.         -0.0002831   0.00064087]
 [ 0.00322485 -0.00317914  0.00280651 -0.0100722   0.003793   -0.0034964
   0.          0.          0.0004727   0.00073166]
 [-0.00123572 -0.00820333  0.01022441 -0.01016627  0.0004583  -0.00614337
   0.          0.          0.00043735  0.0006282 ]
 [-0.0019976  -0.00785839  0.01417319 -0.00849292 -0.0011489  -0.0082822
   0.          0.          0.00156895 -0.00084191]] 
Episode: 843: [[ 0.00427179  0.00039083 -0.01492252  0.00566869  0.00152202  0.01668084
   0.          0.         -0.00128987  0.00203084]
 [ 0.00873292  0.00960184 -0.01008457 -0.00937422  0.00315796 -0.00516399
   0.          0.         -0.00027634  0.00062094]
 [ 0.00322143 -0.0032084   0.00280118 -0.01003444  0.0037813  -0.00350556
   0.          0.          0.00047981  0.00071998]
 [-0.00124966 -0.00823275  0.0102041  -0.01019214  0.00045339 -0.00615721
   0.          0.          0.00044034  0.00061113]
 [-0.00202571 -0.00789936  0.01416217 -0.0085238  -0.00116708 -0.00831024
   0.          0.          0.00156941 -0.00086599]] 
Episode: 844: [[ 0.0042743   0.00037821 -0.01492415  0.00569906  0.00150898  0.01672418
   0.          0.         -0.00130917  0.00205223]
 [ 0.00874417  0.00961794 -0.01007194 -0.00936235  0.00315414 -0.005168
   0.          0.         -0.00027767  0.00058887]
 [ 0.00321884 -0.00321678  0.00280238 -0.00998847  0.00380449 -0.00350188
   0.          0.          0.00048405  0.00072187]
 [-0.00126892 -0.00823975  0.01019161 -0.01022569  0.0004879  -0.00615173
   0.          0.          0.0004439   0.00062082]
 [-0.0020672  -0.00791232  0.01415705 -0.00857468 -0.00114768 -0.00831538
   0.          0.          0.00156466 -0.00087371]] 
Episode: 845: [[ 0.00424949  0.00040092 -0.01491447  0.00570566  0.0015162   0.01676063
   0.          0.         -0.00131235  0.00207184]
 [ 0.00874984  0.00960922 -0.01005421 -0.00938329  0.00314639 -0.00516264
   0.          0.         -0.00029513  0.00056613]
 [ 0.00322222 -0.00322348  0.00279112 -0.00998439  0.00380607 -0.0034902
   0.          0.          0.00049004  0.00068437]
 [-0.00127674 -0.00823642  0.01016322 -0.01027294  0.00049311 -0.0061474
   0.          0.          0.00045701  0.00059938]
 [-0.00210199 -0.00791468  0.01414143 -0.00861929 -0.00115157 -0.00832263
   0.          0.          0.00156295 -0.00089416]] 
Episode: 846: [[ 0.00422545  0.00042092 -0.01489671  0.00571725  0.00152603  0.01680756
   0.          0.         -0.00131367  0.00207874]
 [ 0.00872808  0.00962101 -0.01003563 -0.00939769  0.00315133 -0.00514563
   0.          0.         -0.00030895  0.00054743]
 [ 0.00321115 -0.00322373  0.00277525 -0.00998365  0.00381045 -0.00347569
   0.          0.          0.00048756  0.00063546]
 [-0.00129208 -0.00824233  0.01012597 -0.01032433  0.00049818 -0.00614927
   0.          0.          0.00045918  0.00056007]
 [-0.00213791 -0.00792442  0.0141159  -0.00865829 -0.00115632 -0.00833823
   0.          0.          0.00154719 -0.00093224]] 
Episode: 847: [[ 0.00421994  0.00043111 -0.01487747  0.0057313   0.00153885  0.0168492
   0.          0.         -0.00131858  0.00208777]
 [ 0.00870962  0.00963032 -0.01001895 -0.00940866  0.00315956 -0.0051238
   0.          0.         -0.00032115  0.00052223]
 [ 0.00319863 -0.00322379  0.00276012 -0.00998058  0.00381351 -0.00345907
   0.          0.          0.000488    0.00059363]
 [-0.00130915 -0.00824623  0.01009034 -0.01036405  0.00049966 -0.00614939
   0.          0.          0.0004632   0.00053228]
 [-0.00216869 -0.00793292  0.01408953 -0.00869357 -0.00116427 -0.00834938
   0.          0.          0.00153427 -0.00096561]] 
Episode: 848: [[ 0.00421419  0.00045545 -0.01485714  0.00577442  0.00157907  0.01691276
   0.          0.         -0.00130068  0.00210911]
 [ 0.00869991  0.00964478 -0.01000939 -0.00939395  0.00312454 -0.0051355
   0.          0.         -0.00032957  0.00049793]
 [ 0.00318243 -0.00320207  0.00273881 -0.00996051  0.00379268 -0.00347226
   0.          0.          0.00047771  0.00054671]
 [-0.00133445 -0.00821851  0.01005066 -0.01040431  0.00048197 -0.00616923
   0.          0.          0.00045282  0.00049332]
 [-0.00220743 -0.00790791  0.01405991 -0.00873592 -0.00119898 -0.00837942
   0.          0.          0.00149719 -0.00101554]] 
Episode: 849: [[ 0.00420861  0.00048233 -0.01483889  0.00581532  0.00161241  0.01697022
   0.          0.         -0.00128334  0.00212789]
 [ 0.00869107  0.00965273 -0.0100008  -0.00937551  0.00309077 -0.00514971
   0.          0.         -0.00033825  0.00047633]
 [ 0.00316374 -0.00318345  0.00272007 -0.00994182  0.00377683 -0.00348421
   0.          0.          0.00046956  0.00050149]
 [-0.00136205 -0.00819797  0.01001608 -0.01044176  0.00047029 -0.00618479
   0.          0.          0.00044423  0.00045805]
 [-0.00224505 -0.0078922   0.01403389 -0.0087742  -0.00122738 -0.00840505
   0.          0.          0.00146329 -0.00105882]] 
Episode: 850: [[ 0.00421127  0.00051033 -0.0148195   0.00585954  0.00164749  0.01702663
   0.          0.         -0.00127156  0.00213724]
 [ 0.00867458  0.00966844 -0.01000039 -0.00935403  0.00305853 -0.00516961
   0.          0.         -0.00034678  0.00046531]
 [ 0.00314086 -0.00317157  0.00270368 -0.00991097  0.00375938 -0.00349431
   0.          0.          0.00046285  0.00045876]
 [-0.00139223 -0.00818495  0.00998604 -0.01047119  0.00045662 -0.00619408
   0.          0.          0.00043685  0.00041676]
 [-0.00228534 -0.00787394  0.01400747 -0.00880665 -0.00125544 -0.00842617
   0.          0.          0.00143114 -0.00110522]] 
Episode: 851: [[ 0.00422157  0.00051972 -0.0148011   0.005904    0.00168209  0.01707722
   0.          0.         -0.00126366  0.00214046]
 [ 0.00865052  0.009674   -0.00999921 -0.00933742  0.00302392 -0.00519877
   0.          0.         -0.00035384  0.00046591]
 [ 0.00311261 -0.00315756  0.00268532 -0.00988325  0.00374078 -0.00350581
   0.          0.          0.00045218  0.00041554]
 [-0.00142746 -0.00816359  0.00995274 -0.01050337  0.00044263 -0.00619902
   0.          0.          0.00042589  0.00036609]
 [-0.00232768 -0.00785009  0.01397981 -0.00883278 -0.00128243 -0.00844296
   0.          0.          0.00140066 -0.001158  ]] 
Episode: 852: [[ 0.00421755  0.00052614 -0.01478226  0.00594113  0.00169866  0.0171173
   0.          0.         -0.00126843  0.00215307]
 [ 0.00862733  0.0096887  -0.00998686 -0.00932121  0.00298631 -0.00524282
   0.          0.         -0.00035341  0.00044827]
 [ 0.00307924 -0.00313418  0.00267108 -0.0098511   0.00374169 -0.00351692
   0.          0.          0.00044626  0.00036388]
 [-0.00146783 -0.00813448  0.00991797 -0.01053014  0.0004575  -0.00619204
   0.          0.          0.00041743  0.00031433]
 [-0.00237169 -0.00781536  0.0139535  -0.00886346 -0.00128448 -0.0084472
   0.          0.          0.00137949 -0.00121962]] 
Episode: 853: [[ 0.00421208  0.00052853 -0.01476596  0.00597418  0.00171643  0.01715813
   0.          0.         -0.00127263  0.0021672 ]
 [ 0.0086105   0.00970763 -0.00998436 -0.00930477  0.00295501 -0.00527612
   0.          0.         -0.00035141  0.0004426 ]
 [ 0.00305114 -0.00311085  0.00265799 -0.00982507  0.00374061 -0.003529
   0.          0.          0.00044091  0.00031631]
 [-0.00150453 -0.00810811  0.00989164 -0.01055331  0.00046707 -0.0061923
   0.          0.          0.0004089   0.00025934]
 [-0.0024131  -0.00778519  0.01393158 -0.00888395 -0.00129026 -0.00845703
   0.          0.          0.00135918 -0.00127899]] 
Episode: 854: [[ 0.00420673  0.00052875 -0.01475061  0.0060052   0.00174174  0.01720511
   0.          0.         -0.00126996  0.00217989]
 [ 0.00858468  0.00972659 -0.00997814 -0.00929883  0.00292371 -0.00530205
   0.          0.         -0.00034926  0.00042679]
 [ 0.00301912 -0.00308844  0.00264036 -0.00980694  0.00373184 -0.00354125
   0.          0.          0.0004361   0.00027989]
 [-0.00154253 -0.0080874   0.00986308 -0.01057586  0.00046294 -0.0062012
   0.          0.          0.00040059  0.00021757]
 [-0.00245154 -0.00776128  0.01391215 -0.00890343 -0.00130735 -0.00847821
   0.          0.          0.00133971 -0.00133769]] 
Episode: 855: [[ 0.0041986   0.00053456 -0.01473707  0.00603511  0.00177026  0.01724664
   0.          0.         -0.00126608  0.0021973 ]
 [ 0.00856022  0.00975122 -0.00996587 -0.00929932  0.00289781 -0.00532984
   0.          0.         -0.00034804  0.0004125 ]
 [ 0.00299127 -0.00305819  0.00262046 -0.00979455  0.00372468 -0.0035507
   0.          0.          0.00043016  0.00024585]
 [-0.0015752  -0.00806045  0.00982983 -0.0106023   0.00045843 -0.00620558
   0.          0.          0.00039176  0.00017789]
 [-0.00248311 -0.00773677  0.01389363 -0.00892373 -0.00132533 -0.00849441
   0.          0.          0.00131913 -0.00139512]] 
Episode: 856: [[ 0.00419406  0.00055236 -0.01472196  0.00605187  0.00182399  0.01728465
   0.          0.         -0.00125482  0.00221036]
 [ 0.00853346  0.00977736 -0.00995279 -0.00932456  0.00286201 -0.00534577
   0.          0.         -0.00034833  0.00039019]
 [ 0.00296266 -0.00302774  0.00259828 -0.00978723  0.00370096 -0.00355625
   0.          0.          0.00041878  0.00022387]
 [-0.00160725 -0.0080276   0.00979332 -0.01061958  0.00043289 -0.00621274
   0.          0.          0.00037797  0.00015255]
 [-0.0025174  -0.00770493  0.01387281 -0.00894149 -0.00136492 -0.00851201
   0.          0.          0.00129189 -0.0014459 ]] 
Episode: 857: [[ 0.00419361  0.00057995 -0.01470757  0.00607661  0.0018745   0.01732443
   0.          0.         -0.00124568  0.00223208]
 [ 0.00850316  0.00980385 -0.00995066 -0.00934662  0.0028259  -0.00536452
   0.          0.         -0.0003554   0.0003667 ]
 [ 0.00293107 -0.00300682  0.00257588 -0.00978235  0.0036759  -0.00356579
   0.          0.          0.00041162  0.0002079 ]
 [-0.00164097 -0.00800975  0.00976455 -0.01062869  0.00040615 -0.00622183
   0.          0.          0.00037244  0.00013633]
 [-0.00254983 -0.00768383  0.01385696 -0.00895654 -0.00140382 -0.00853055
   0.          0.          0.0012766  -0.00149215]] 
Episode: 858: [[ 0.00419868  0.00060573 -0.01469152  0.00609131  0.0019174   0.01736208
   0.          0.         -0.00124028  0.0022487 ]
 [ 0.00847933  0.00981821 -0.00994767 -0.00936953  0.00279847 -0.00538346
   0.          0.         -0.00035876  0.00035701]
 [ 0.00290282 -0.00297998  0.00255138 -0.00978483  0.00365948 -0.0035703
   0.          0.          0.00040073  0.00018002]
 [-0.0016737  -0.00798217  0.00973514 -0.01064196  0.00038739 -0.00622785
   0.          0.          0.0003647   0.0001132 ]
 [-0.00258112 -0.00765883  0.01384025 -0.00896794 -0.00143493 -0.00854975
   0.          0.          0.00126179 -0.00153105]] 
Episode: 859: [[ 0.00420362  0.0006291  -0.01467695  0.0061011   0.00195448  0.0173955
   0.          0.         -0.001234    0.00226388]
 [ 0.0084572   0.00983401 -0.00995103 -0.00939344  0.00277693 -0.00539408
   0.          0.         -0.00036306  0.00034384]
 [ 0.00287494 -0.0029572   0.00252661 -0.00978953  0.00364485 -0.00357266
   0.          0.          0.00038995  0.00015859]
 [-0.00170739 -0.00796253  0.00970938 -0.01065086  0.00036954 -0.00623567
   0.          0.          0.00035751  0.00010246]
 [-0.00261515 -0.0076426   0.01382586 -0.00897735 -0.00146297 -0.00856938
   0.          0.          0.00124767 -0.00155497]] 
Episode: 860: [[ 4.2057238e-03  6.5150275e-04 -1.4666908e-02  6.1080316e-03
   1.9871306e-03  1.7422955e-02  0.0000000e+00  0.0000000e+00
  -1.2282189e-03  2.2791938e-03]
 [ 8.4407032e-03  9.8599549e-03 -9.9609885e-03 -9.4131706e-03
   2.7562103e-03 -5.4091923e-03  0.0000000e+00  0.0000000e+00
  -3.6857594e-04  3.2803504e-04]
 [ 2.8533370e-03 -2.9301313e-03  2.5063346e-03 -9.7957253e-03
   3.6355108e-03 -3.5754573e-03  0.0000000e+00  0.0000000e+00
   3.7611159e-04  1.3206307e-04]
 [-1.7354278e-03 -7.9420581e-03  9.6932240e-03 -1.0659994e-02
   3.5981651e-04 -6.2394100e-03  0.0000000e+00  0.0000000e+00
   3.4805946e-04  8.6089327e-05]
 [-2.6452090e-03 -7.6242853e-03  1.3817291e-02 -8.9835925e-03
  -1.4833352e-03 -8.5830679e-03  0.0000000e+00  0.0000000e+00
   1.2314908e-03 -1.5830001e-03]] 
Episode: 861: [[ 4.2228033e-03  6.7865965e-04 -1.4662112e-02  6.1125029e-03
   2.0093736e-03  1.7439149e-02  0.0000000e+00  0.0000000e+00
  -1.2220242e-03  2.2987786e-03]
 [ 8.4274774e-03  9.8784454e-03 -9.9559082e-03 -9.4354879e-03
   2.7346434e-03 -5.4159914e-03  0.0000000e+00  0.0000000e+00
  -3.7774866e-04  3.2512535e-04]
 [ 2.8416323e-03 -2.9073998e-03  2.4804238e-03 -9.8215761e-03
   3.6335748e-03 -3.5657061e-03  0.0000000e+00  0.0000000e+00
   3.6888191e-04  1.1318954e-04]
 [-1.7505062e-03 -7.9179443e-03  9.6715242e-03 -1.0683648e-02
   3.5966895e-04 -6.2362258e-03  0.0000000e+00  0.0000000e+00
   3.4346225e-04  6.8441193e-05]
 [-2.6685961e-03 -7.6068528e-03  1.3813035e-02 -8.9989845e-03
  -1.4944789e-03 -8.5889976e-03  0.0000000e+00  0.0000000e+00
   1.2201755e-03 -1.6107787e-03]] 
Episode: 862: [[ 4.2365012e-03  7.1008207e-04 -1.4656578e-02  6.1080642e-03
   2.0324443e-03  1.7454496e-02  0.0000000e+00  0.0000000e+00
  -1.2241963e-03  2.3134265e-03]
 [ 8.4083378e-03  9.8961806e-03 -9.9511892e-03 -9.4678840e-03
   2.7072956e-03 -5.4325126e-03  0.0000000e+00  0.0000000e+00
  -3.8481253e-04  3.2941002e-04]
 [ 2.8327825e-03 -2.8845593e-03  2.4536275e-03 -9.8532168e-03
   3.6296917e-03 -3.5558920e-03  0.0000000e+00  0.0000000e+00
   3.6193238e-04  9.4251111e-05]
 [-1.7600412e-03 -7.8926198e-03  9.6494956e-03 -1.0709437e-02
   3.5847106e-04 -6.2296470e-03  0.0000000e+00  0.0000000e+00
   3.3954158e-04  5.1102139e-05]
 [-2.6824076e-03 -7.5895004e-03  1.3809407e-02 -9.0074604e-03
  -1.5075908e-03 -8.5935798e-03  0.0000000e+00  0.0000000e+00
   1.2123787e-03 -1.6322733e-03]] 
Episode: 863: [[ 4.24230145e-03  7.63593649e-04 -1.46519495e-02  6.10170746e-03
   2.05290830e-03  1.74851026e-02  0.00000000e+00  0.00000000e+00
  -1.22367358e-03  2.32375879e-03]
 [ 8.41146056e-03  9.91281029e-03 -9.94256884e-03 -9.50106699e-03
   2.69223237e-03 -5.42398356e-03  0.00000000e+00  0.00000000e+00
  -3.87297419e-04  3.21272761e-04]
 [ 2.83401133e-03 -2.85534305e-03  2.42139492e-03 -9.88652557e-03
   3.63084557e-03 -3.55638564e-03  0.00000000e+00  0.00000000e+00
   3.53842654e-04  7.53846762e-05]
 [-1.75948441e-03 -7.85561651e-03  9.62510984e-03 -1.07320892e-02
   3.60139733e-04 -6.24329085e-03  0.00000000e+00  0.00000000e+00
   3.37645906e-04  2.30729729e-05]
 [-2.68338015e-03 -7.56628159e-03  1.38073079e-02 -9.01671406e-03
  -1.51836534e-03 -8.61494802e-03  0.00000000e+00  0.00000000e+00
   1.21093681e-03 -1.67785806e-03]] 
Episode: 864: [[ 4.2562843e-03  8.1482145e-04 -1.4639988e-02  6.0919565e-03
   2.0979915e-03  1.7508395e-02  0.0000000e+00  0.0000000e+00
  -1.2155524e-03  2.3557271e-03]
 [ 8.4197782e-03  9.9263834e-03 -9.9414326e-03 -9.5354011e-03
   2.6908591e-03 -5.3696861e-03  0.0000000e+00  0.0000000e+00
  -3.9409578e-04  3.0824947e-04]
 [ 2.8407567e-03 -2.8491854e-03  2.3936769e-03 -9.9148285e-03
   3.6096419e-03 -3.5390607e-03  0.0000000e+00  0.0000000e+00
   3.3308531e-04  6.7095505e-05]
 [-1.7512892e-03 -7.8494931e-03  9.6054282e-03 -1.0736298e-02
   3.2556697e-04 -6.2594647e-03  0.0000000e+00  0.0000000e+00
   3.2411318e-04  1.1369750e-05]
 [-2.6700185e-03 -7.5744321e-03  1.3800122e-02 -9.0111988e-03
  -1.5592106e-03 -8.6332904e-03  0.0000000e+00  0.0000000e+00
   1.1908379e-03 -1.7050526e-03]] 
Episode: 865: [[ 4.2655994e-03  8.5918739e-04 -1.4628413e-02  6.0863304e-03
   2.1301224e-03  1.7524496e-02  0.0000000e+00  0.0000000e+00
  -1.2096446e-03  2.3919959e-03]
 [ 8.4297117e-03  9.9388156e-03 -9.9450238e-03 -9.5629720e-03
   2.6942980e-03 -5.3211157e-03  0.0000000e+00  0.0000000e+00
  -3.9967036e-04  2.8909734e-04]
 [ 2.8473758e-03 -2.8480145e-03  2.3691165e-03 -9.9348845e-03
   3.5972684e-03 -3.5203695e-03  0.0000000e+00  0.0000000e+00
   3.1964411e-04  5.5921129e-05]
 [-1.7450587e-03 -7.8484854e-03  9.5893973e-03 -1.0737252e-02
   3.0317224e-04 -6.2688217e-03  0.0000000e+00  0.0000000e+00
   3.1692558e-04 -3.1694208e-06]
 [-2.6569851e-03 -7.5851618e-03  1.3792694e-02 -9.0073887e-03
  -1.5873719e-03 -8.6438460e-03  0.0000000e+00  0.0000000e+00
   1.1794436e-03 -1.7439496e-03]] 
Episode: 866: [[ 4.2765355e-03  9.0373360e-04 -1.4618699e-02  6.0754158e-03
   2.1584397e-03  1.7534524e-02  0.0000000e+00  0.0000000e+00
  -1.2038812e-03  2.4230895e-03]
 [ 8.4366659e-03  9.9491766e-03 -9.9478262e-03 -9.5953792e-03
   2.7015617e-03 -5.2690743e-03  0.0000000e+00  0.0000000e+00
  -4.0514697e-04  2.7572751e-04]
 [ 2.8544592e-03 -2.8495039e-03  2.3454821e-03 -9.9458797e-03
   3.5848084e-03 -3.5029142e-03  0.0000000e+00  0.0000000e+00
   3.0832490e-04  6.0321352e-05]
 [-1.7371487e-03 -7.8522330e-03  9.5746489e-03 -1.0737333e-02
   2.8148762e-04 -6.2788748e-03  0.0000000e+00  0.0000000e+00
   3.1092457e-04 -1.2438429e-06]
 [-2.6422720e-03 -7.6005138e-03  1.3786695e-02 -9.0068290e-03
  -1.6130789e-03 -8.6514791e-03  0.0000000e+00  0.0000000e+00
   1.1697034e-03 -1.7620759e-03]] 
Episode: 867: [[ 4.2745448e-03  9.5246232e-04 -1.4609787e-02  6.0622897e-03
   2.1944500e-03  1.7552752e-02  0.0000000e+00  0.0000000e+00
  -1.1992903e-03  2.4530424e-03]
 [ 8.4582837e-03  9.9620977e-03 -9.9521168e-03 -9.6244076e-03
   2.7130211e-03 -5.1920642e-03  0.0000000e+00  0.0000000e+00
  -4.0991261e-04  2.6766610e-04]
 [ 2.8731406e-03 -2.8501637e-03  2.3247416e-03 -9.9561103e-03
   3.5650912e-03 -3.4912794e-03  0.0000000e+00  0.0000000e+00
   2.9805049e-04  7.3346309e-05]
 [-1.7194678e-03 -7.8551685e-03  9.5618879e-03 -1.0736020e-02
   2.4941773e-04 -6.3077421e-03  0.0000000e+00  0.0000000e+00
   3.0524624e-04  9.1923903e-06]
 [-2.6192265e-03 -7.6146103e-03  1.3780510e-02 -9.0081319e-03
  -1.6480439e-03 -8.6722476e-03  0.0000000e+00  0.0000000e+00
   1.1601816e-03 -1.7676471e-03]] 
Episode: 868: [[ 4.2655016e-03  9.9504716e-04 -1.4607748e-02  6.0504335e-03
   2.2233368e-03  1.7559517e-02  0.0000000e+00  0.0000000e+00
  -1.1926081e-03  2.4773658e-03]
 [ 8.4778909e-03  9.9879513e-03 -9.9431127e-03 -9.6528651e-03
   2.7295845e-03 -5.1303585e-03  0.0000000e+00  0.0000000e+00
  -4.1359168e-04  2.6285936e-04]
 [ 2.8961403e-03 -2.8346074e-03  2.3061293e-03 -9.9622989e-03
   3.5585684e-03 -3.4772472e-03  0.0000000e+00  0.0000000e+00
   2.8708094e-04  8.9552625e-05]
 [-1.7006150e-03 -7.8423852e-03  9.5453560e-03 -1.0749449e-02
   2.3371204e-04 -6.3294987e-03  0.0000000e+00  0.0000000e+00
   2.9978724e-04  2.8797200e-05]
 [-2.5999951e-03 -7.6087988e-03  1.3778329e-02 -9.0161320e-03
  -1.6668789e-03 -8.6862929e-03  0.0000000e+00  0.0000000e+00
   1.1508522e-03 -1.7517804e-03]] 
Episode: 869: [[ 4.2502014e-03  1.0300911e-03 -1.4604113e-02  6.0405852e-03
   2.2613567e-03  1.7573493e-02  0.0000000e+00  0.0000000e+00
  -1.1898585e-03  2.4995094e-03]
 [ 8.4885908e-03  1.0025750e-02 -9.9347057e-03 -9.6812509e-03
   2.7524524e-03 -5.0550750e-03  0.0000000e+00  0.0000000e+00
  -4.1824114e-04  2.5212427e-04]
 [ 2.9112170e-03 -2.8180508e-03  2.2901127e-03 -9.9697420e-03
   3.5452738e-03 -3.4634417e-03  0.0000000e+00  0.0000000e+00
   2.7621698e-04  9.8032840e-05]
 [-1.6876070e-03 -7.8332489e-03  9.5301904e-03 -1.0754678e-02
   2.0537512e-04 -6.3605076e-03  0.0000000e+00  0.0000000e+00
   2.9447928e-04  4.2011237e-05]
 [-2.5858320e-03 -7.5988108e-03  1.3774303e-02 -9.0170680e-03
  -1.6959263e-03 -8.7080449e-03  0.0000000e+00  0.0000000e+00
   1.1409766e-03 -1.7426953e-03]] 
Episode: 870: [[ 4.2427531e-03  1.0564266e-03 -1.4601663e-02  6.0352227e-03
   2.2928896e-03  1.7589966e-02  0.0000000e+00  0.0000000e+00
  -1.1877443e-03  2.5270709e-03]
 [ 8.5026994e-03  1.0067393e-02 -9.9295909e-03 -9.6973442e-03
   2.7796971e-03 -4.9811415e-03  0.0000000e+00  0.0000000e+00
  -4.2113423e-04  2.4262181e-04]
 [ 2.9175819e-03 -2.8016327e-03  2.2775934e-03 -9.9762138e-03
   3.5371745e-03 -3.4525436e-03  0.0000000e+00  0.0000000e+00
   2.6146791e-04  1.1280962e-04]
 [-1.6901146e-03 -7.8271953e-03  9.5210671e-03 -1.0752775e-02
   1.8305558e-04 -6.3944468e-03  0.0000000e+00  0.0000000e+00
   2.8439317e-04  6.4094929e-05]
 [-2.5867347e-03 -7.5867297e-03  1.3772364e-02 -9.0135206e-03
  -1.7167955e-03 -8.7330425e-03  0.0000000e+00  0.0000000e+00
   1.1269308e-03 -1.7254384e-03]] 
Episode: 871: [[ 4.2253728e-03  1.0805122e-03 -1.4599901e-02  6.0256193e-03
   2.3251423e-03  1.7615110e-02  0.0000000e+00  0.0000000e+00
  -1.1866383e-03  2.5481670e-03]
 [ 8.5188970e-03  1.0097079e-02 -9.9274190e-03 -9.7194221e-03
   2.8060637e-03 -4.8932065e-03  0.0000000e+00  0.0000000e+00
  -4.2990127e-04  2.2990011e-04]
 [ 2.9308130e-03 -2.7963892e-03  2.2670245e-03 -9.9751456e-03
   3.5238038e-03 -3.4503194e-03  0.0000000e+00  0.0000000e+00
   2.4847308e-04  1.3415606e-04]
 [-1.6834898e-03 -7.8314980e-03  9.5127532e-03 -1.0751737e-02
   1.5333714e-04 -6.4452616e-03  0.0000000e+00  0.0000000e+00
   2.7541106e-04  9.3446302e-05]
 [-2.5813386e-03 -7.5873923e-03  1.3769819e-02 -9.0163369e-03
  -1.7443675e-03 -8.7734042e-03  0.0000000e+00  0.0000000e+00
   1.1120087e-03 -1.6997479e-03]] 
Episode: 872: [[ 0.00421422  0.00108136 -0.01459785  0.00599023  0.00236933  0.01765693
   0.          0.         -0.00116439  0.00253669]
 [ 0.00853219  0.0101183  -0.00992163 -0.00975277  0.00282331 -0.00482771
   0.          0.         -0.00043489  0.00022081]
 [ 0.00293741 -0.00277824  0.00225902 -0.00998268  0.00350819 -0.00345166
   0.          0.          0.00024802  0.00015718]
 [-0.00168549 -0.00781425  0.00950346 -0.01075205  0.00011808 -0.0064939
   0.          0.          0.00027424  0.000123  ]
 [-0.00258263 -0.00756561  0.01376462 -0.0090142  -0.00178297 -0.00882333
   0.          0.          0.00110946 -0.0016737 ]] 
