Episode: 1: [ 0.24770902 -0.18429571 -0.3304771  -0.09495578 -0.00337777] 
Episode: 11: [ 0.24524146 -0.18073577 -0.33321214 -0.09583616  0.0006203 ] 
Episode: 21: [ 0.24460423 -0.17660649 -0.34068817 -0.09399171  0.00354448] 
Episode: 31: [ 0.24548224 -0.17117123 -0.34808654 -0.09252298  0.0037707 ] 
Episode: 41: [ 0.24950206 -0.17179579 -0.35096833 -0.09017412 -0.00057187] 
Episode: 51: [ 0.2529658  -0.17087707 -0.3550172  -0.08854133 -0.00358031] 
Episode: 61: [ 0.2524083  -0.1663321  -0.36057574 -0.08521546 -0.00427878] 
Episode: 71: [ 0.25395623 -0.16558068 -0.36224648 -0.08156753 -0.00873625] 
Episode: 81: [ 0.2579872  -0.17004745 -0.36229637 -0.07857619 -0.01312155] 
Episode: 91: [ 0.25876456 -0.17269991 -0.35906744 -0.07785036 -0.01587496] 
Episode: 101: [ 0.25759247 -0.16695245 -0.36432925 -0.07490341 -0.01668522] 
Episode: 111: [ 0.26026526 -0.17051792 -0.36291623 -0.07251231 -0.02071165] 
Episode: 121: [ 0.2641551  -0.17500886 -0.36246952 -0.07009028 -0.02449338] 
Episode: 131: [ 0.26337963 -0.17323016 -0.36455214 -0.06670023 -0.0260975 ] 
Episode: 141: [ 0.26551118 -0.17489111 -0.36514285 -0.06433432 -0.02895248] 
Episode: 151: [ 0.2667206  -0.17468941 -0.36659378 -0.06210608 -0.0313381 ] 
Episode: 161: [ 0.26822823 -0.17523254 -0.36763746 -0.0594314  -0.03423404] 
Episode: 171: [ 0.26728332 -0.17281044 -0.36995167 -0.05586817 -0.03622396] 
Episode: 181: [ 0.26759028 -0.17169262 -0.37115562 -0.05352103 -0.0387549 ] 
Episode: 191: [ 0.27084267 -0.17618524 -0.3662757  -0.05480576 -0.04272038] 
Episode: 201: [ 0.27283934 -0.1767622  -0.36631706 -0.05375936 -0.04586584] 
Episode: 211: [ 0.27592143 -0.17704092 -0.36787504 -0.05325015 -0.04854927] 
Episode: 221: [ 0.27915147 -0.17918767 -0.36798218 -0.05185268 -0.05177654] 
Episode: 231: [ 0.27907592 -0.17672841 -0.37343526 -0.04709934 -0.05235981] 
Episode: 241: [ 0.2802473  -0.17621352 -0.37565187 -0.04454872 -0.05435024] 
Episode: 251: [ 0.2803147  -0.17352933 -0.3781462  -0.0441216  -0.05523266] 
Episode: 261: [ 0.28431588 -0.17628263 -0.3784208  -0.04360596 -0.05745114] 
Episode: 271: [ 0.28408134 -0.17331466 -0.38324714 -0.04081403 -0.05742987] 
