Episode: 1: [-0.00069997 -0.00069997 -0.00069996  0.0006999   0.00069998] 
Episode: 11: [-0.00403439 -0.00408529 -0.00409316 -0.00240333  0.00402027] 
Episode: 21: [-0.00986561 -0.0099399  -0.00986831 -0.00744795  0.00971117] 
Episode: 31: [-0.01682227 -0.01694896 -0.01684524 -0.01379488  0.01660175] 
Episode: 41: [-0.0234205  -0.02352674 -0.02316621 -0.01723663  0.02280772] 
Episode: 51: [-0.02737103 -0.02718485 -0.02576382 -0.01472402  0.02532354] 
Episode: 61: [-0.03218655 -0.03208356 -0.02814861 -0.01458824  0.02759482] 
Episode: 71: [-0.03542652 -0.03519251 -0.02968541 -0.01471863  0.0290235 ] 
Episode: 81: [-0.03782497 -0.03730863 -0.03048069 -0.0144241   0.02972184] 
Episode: 91: [-0.04006686 -0.0391578  -0.03108173 -0.01403214  0.0302482 ] 
Episode: 101: [-0.04245025 -0.0409401  -0.03148169 -0.01343552  0.03061024] 
Episode: 111: [-0.04354662 -0.04228459 -0.03248677 -0.01411743  0.03167688] 
Episode: 121: [-0.04465467 -0.04349948 -0.03319053 -0.01427699  0.03231833] 
Episode: 131: [-0.04653501 -0.04521363 -0.03373506 -0.0139136   0.03278712] 
Episode: 141: [-0.04748379 -0.04640654 -0.03452417 -0.01440358  0.0336454 ] 
Episode: 151: [-0.04870942 -0.04773924 -0.03519427 -0.01467595  0.03439759] 
Episode: 161: [-0.04961319 -0.04881027 -0.03574748 -0.01473893  0.03489276] 
Episode: 171: [-0.05036703 -0.04982863 -0.03634228 -0.01483054  0.03538697] 
Episode: 181: [-0.05113708 -0.05099221 -0.03713621 -0.01515247  0.03611214] 
Episode: 191: [-0.0520239  -0.05223029 -0.03781378 -0.01540572  0.03679208] 
Episode: 201: [-0.05214082 -0.05296941 -0.0386336  -0.01596664  0.03751308] 
Episode: 211: [-0.05180433 -0.05342988 -0.03950648 -0.01659608  0.03817766] 
Episode: 221: [-0.05232719 -0.05440045 -0.04013579 -0.01666037  0.03862172] 
Episode: 231: [-0.05225636 -0.05491142 -0.04085871 -0.0170532   0.03914129] 
Episode: 241: [-0.05204586 -0.05518796 -0.04129577 -0.01720602  0.0393669 ] 
Episode: 251: [-0.05245083 -0.0559461  -0.04159404 -0.01701924  0.03950554] 
Episode: 261: [-0.05313471 -0.05687966 -0.04208761 -0.01711394  0.03995669] 
Episode: 271: [-0.0532395  -0.05739393 -0.04250217 -0.01718059  0.04020793] 
Episode: 281: [-0.0529757  -0.0576094  -0.04282324 -0.01728076  0.04034982] 
Episode: 291: [-0.05307249 -0.05816505 -0.04315051 -0.01724107  0.04051306] 
Episode: 301: [-0.05320423 -0.0588497  -0.04363287 -0.01721874  0.04075446] 
Episode: 311: [-0.05338753 -0.05969052 -0.04425786 -0.01751488  0.04127985] 
Episode: 321: [-0.05361702 -0.06008665 -0.04498056 -0.01814297  0.0419893 ] 
Episode: 331: [-0.05410955 -0.0610222  -0.04583668 -0.01852961  0.04270293] 
Episode: 341: [-0.0558879  -0.0636075  -0.04689711 -0.01809552  0.04340199] 
Episode: 351: [-0.05769239 -0.06586415 -0.04816509 -0.01829452  0.04453136] 
Episode: 361: [-0.05958933 -0.06773853 -0.04915303 -0.01867326  0.04566618] 
Episode: 371: [-0.06001087 -0.06933524 -0.04980699 -0.01844211  0.04601369] 
Episode: 381: [-0.06122255 -0.07168623 -0.05123933 -0.0188308   0.04723012] 
Episode: 391: [-0.06157245 -0.07321701 -0.05265567 -0.01945172  0.0483176 ] 
Episode: 401: [-0.06094275 -0.07392836 -0.05344217 -0.01966798  0.04867433] 
Episode: 411: [-0.06047313 -0.07455252 -0.0540835  -0.01986115  0.04899082] 
Episode: 421: [-0.06029306 -0.07547441 -0.05479856 -0.02001402  0.04939675] 
Episode: 431: [-0.06079528 -0.07653062 -0.05566525 -0.02038335  0.05012335] 
Episode: 441: [-0.06127808 -0.07754969 -0.05647371 -0.02059031  0.05071757] 
Episode: 451: [-0.06112251 -0.07840049 -0.05714035 -0.02065275  0.05104332] 
Episode: 461: [-0.06098181 -0.07898608 -0.05769735 -0.02073276  0.0513117 ] 
Episode: 471: [-0.0604886  -0.0793588  -0.05818422 -0.02084259  0.05148716] 
Episode: 481: [-0.06053955 -0.08031528 -0.05881974 -0.02089643  0.05185235] 
Episode: 491: [-0.06049421 -0.08167183 -0.05961229 -0.02087042  0.05225458] 
Episode: 501: [-0.0603368  -0.08275381 -0.06029317 -0.02080897  0.05254037] 
Episode: 511: [-0.06066348 -0.08378769 -0.06101451 -0.02082761  0.05296519] 
Episode: 521: [-0.0615104  -0.08473062 -0.0616367  -0.02085977  0.05344897] 
Episode: 531: [-0.06187247 -0.08513418 -0.06191365 -0.02084759  0.05364145] 
Episode: 541: [-0.06192505 -0.08617751 -0.06252029 -0.02083758  0.05397318] 
Episode: 551: [-0.06202512 -0.08731522 -0.06313798 -0.02082389  0.05432944] 
Episode: 561: [-0.06169572 -0.08820861 -0.06371509 -0.02084542  0.05458368] 
Episode: 571: [-0.06152437 -0.08956146 -0.06452063 -0.02086911  0.05500273] 
Episode: 581: [-0.06094736 -0.09136391 -0.06567695 -0.02083616  0.05548061] 
Episode: 591: [-0.06068391 -0.09280911 -0.06661307 -0.02082444  0.05590944] 
Episode: 601: [-0.05881692 -0.09413986 -0.0677371  -0.0209087   0.05614215] 
Episode: 611: [-0.05880564 -0.09519929 -0.06835452 -0.02083612  0.05642932] 
Episode: 621: [-0.06055202 -0.09625971 -0.06854746 -0.02056207  0.05679695] 
Episode: 631: [-0.06042325 -0.09871174 -0.07014553 -0.02061163  0.0576345 ] 
Episode: 641: [-0.05914825 -0.10053521 -0.07148904 -0.02073125  0.05813478] 
Episode: 651: [-0.0585308  -0.10245849 -0.07258674 -0.02067621  0.05859613] 
Episode: 661: [-0.06054457 -0.10401433 -0.07285954 -0.02021419  0.05900496] 
Episode: 671: [-0.06117438 -0.10492943 -0.07307848 -0.02001318  0.05920309] 
Episode: 681: [-0.05942487 -0.10657676 -0.07446092 -0.0203687   0.05974795] 
Episode: 691: [-0.05810947 -0.10828044 -0.07559302 -0.02056979  0.06021747] 
Episode: 701: [-0.05887384 -0.10963973 -0.07568787 -0.02018342  0.06036535] 
Episode: 711: [-0.05735337 -0.11192933 -0.07719518 -0.02038199  0.06099131] 
Episode: 721: [-0.05580552 -0.11443124 -0.07879639 -0.02054152  0.06164775] 
Episode: 731: [-0.05701995 -0.11596099 -0.07882398 -0.02006387  0.06184613] 
Episode: 741: [-0.05654708 -0.11718711 -0.07917642 -0.01989633  0.06194548] 
Episode: 751: [-0.05549231 -0.11819181 -0.07946341 -0.01987307  0.06196773] 
Episode: 761: [-0.05479913 -0.11911156 -0.07986273 -0.01999534  0.06217436] 
Episode: 771: [-0.0534202  -0.12015063 -0.08047033 -0.02026889  0.06241786] 
Episode: 781: [-0.05195011 -0.121037   -0.08081701 -0.02045552  0.06248787] 
Episode: 791: [-0.05145116 -0.12364569 -0.08249018 -0.02086331  0.06356537] 
Episode: 801: [-0.05046068 -0.12608121 -0.08408654 -0.02114109  0.06439126] 
Episode: 811: [-0.04669608 -0.12819488 -0.08565787 -0.0214572   0.0645647 ] 
Episode: 821: [-0.045441   -0.1294349  -0.08632693 -0.02142354  0.06480038] 
Episode: 831: [-0.05300954 -0.12843421 -0.08412457 -0.0202616   0.06548436] 
Episode: 841: [-0.05607911 -0.12861831 -0.08316357 -0.01953122  0.06568299] 
Episode: 851: [-0.05652484 -0.12903422 -0.08289616 -0.01917767  0.06558374] 
Episode: 861: [-0.05671342 -0.12930545 -0.08254787 -0.01889323  0.06540502] 
Episode: 871: [-0.05594386 -0.13034767 -0.08302709 -0.0190267   0.06558639] 
Episode: 881: [-0.05502416 -0.13142921 -0.08359814 -0.01927098  0.06582885] 
Episode: 891: [-0.0535792  -0.1338024  -0.08541175 -0.01977862  0.06667268] 
Episode: 901: [-0.05279237 -0.13490736 -0.08614971 -0.0200316   0.0670124 ] 
Episode: 911: [-0.05987122 -0.13098142 -0.08341008 -0.0189683   0.06777777] 
Episode: 921: [-0.0677135  -0.12575936 -0.07975465 -0.01749325  0.06853528] 
Episode: 931: [-0.07017425 -0.12428122 -0.07864538 -0.01705904  0.06883863] 
Episode: 941: [-0.07093614 -0.12470071 -0.07886142 -0.01704876  0.06937581] 
Episode: 951: [-0.07098747 -0.12605934 -0.07979735 -0.01725163  0.07011732] 
Episode: 961: [-0.07097583 -0.12817742 -0.08132354 -0.01752381  0.07121892] 
Episode: 971: [-0.0702939  -0.13058408 -0.08319481 -0.01787223  0.07220141] 
Episode: 981: [-0.0716463  -0.13059509 -0.08299268 -0.01668115  0.07202812] 
Episode: 991: [-0.07197141 -0.13028044 -0.08265112 -0.01592006  0.07150938] 
Episode: 1001: [-0.07184504 -0.13013466 -0.08243978 -0.01560657  0.07113785] 
Episode: 1011: [-0.07139312 -0.13050385 -0.08260717 -0.01554028  0.0709984 ] 
Episode: 1021: [-0.07097748 -0.13131799 -0.08304533 -0.01568964  0.07120574] 
Episode: 1031: [-0.0707609  -0.13385893 -0.08484866 -0.01617156  0.07254937] 
Episode: 1041: [-0.07058883 -0.13534531 -0.0859066  -0.01651548  0.07335495] 
Episode: 1051: [-0.07013206 -0.1367592  -0.08700576 -0.01679802  0.07397132] 
Episode: 1061: [-0.06975707 -0.13819386 -0.08814868 -0.01713237  0.07468252] 
Episode: 1071: [-0.06918815 -0.13996127 -0.08949313 -0.01751907  0.07546939] 
Episode: 1081: [-0.06909002 -0.1409046  -0.09022059 -0.01777982  0.07603332] 
Episode: 1091: [-0.06839669 -0.14190902 -0.09113036 -0.01815477  0.07644024] 
Episode: 1101: [-0.06930941 -0.14075029 -0.09083351 -0.01799272  0.0764545 ] 
Episode: 1111: [-0.07117872 -0.13864869 -0.08983248 -0.01763418  0.07639227] 
Episode: 1121: [-0.071079   -0.13955916 -0.09081245 -0.01794327  0.07707723] 
Episode: 1131: [-0.07069262 -0.14064524 -0.09172265 -0.01825088  0.07762817] 
Episode: 1141: [-0.06986886 -0.14164329 -0.09248815 -0.01865484  0.07793966] 
Episode: 1151: [-0.06981955 -0.14198549 -0.09275933 -0.01869461  0.07810949] 
Episode: 1161: [-0.06909171 -0.14283144 -0.09353818 -0.01908497  0.07843016] 
Episode: 1171: [-0.06882283 -0.14327319 -0.093878   -0.01920881  0.07858353] 
Episode: 1181: [-0.06839585 -0.1436922  -0.09420305 -0.01937259  0.07866757] 
Episode: 1191: [-0.06757814 -0.14435056 -0.09477158 -0.01957054  0.07869841] 
Episode: 1201: [-0.06638926 -0.14534545 -0.09568825 -0.0198578   0.07877995] 
Episode: 1211: [-0.06561044 -0.14609805 -0.09639664 -0.02000343  0.07886356] 
Episode: 1221: [-0.06490749 -0.14668755 -0.09692474 -0.02021096  0.07893246] 
Episode: 1231: [-0.06471872 -0.14711688 -0.09722537 -0.02022672  0.07904556] 
Episode: 1241: [-0.06666371 -0.14724316 -0.09670103 -0.01902441  0.07918936] 
Episode: 1251: [-0.0715382  -0.14520025 -0.09491986 -0.01670866  0.07972742] 
Episode: 1261: [-0.07552047 -0.14334932 -0.09345558 -0.01482584  0.08015196] 
Episode: 1271: [-0.07653292 -0.14286748 -0.09284392 -0.01402579  0.07995844] 
Episode: 1281: [-0.07674354 -0.14281505 -0.09256242 -0.01367358  0.07975304] 
Episode: 1291: [-0.07674559 -0.14297614 -0.09255911 -0.01363291  0.07976753] 
Episode: 1301: [-0.07664881 -0.14346255 -0.09284976 -0.01382485  0.0800557 ] 
Episode: 1311: [-0.07644893 -0.14524895 -0.09420294 -0.01392735  0.0808976 ] 
Episode: 1321: [-0.07661955 -0.14713599 -0.0954763  -0.01368426  0.08175487] 
Episode: 1331: [-0.07643028 -0.14803673 -0.09610185 -0.01379036  0.08214105] 
Episode: 1341: [-0.07601446 -0.14882211 -0.09669846 -0.01413343  0.08249842] 
Episode: 1351: [-0.07566918 -0.14942217 -0.09718618 -0.01444324  0.08279607] 
Episode: 1361: [-0.07553796 -0.15010054 -0.09760849 -0.01450557  0.08306668] 
Episode: 1371: [-0.07569131 -0.15047102 -0.09772512 -0.01438894  0.08322499] 
Episode: 1381: [-0.07537783 -0.15088323 -0.09801786 -0.0146954   0.08342928] 
Episode: 1391: [-0.07505479 -0.15127186 -0.09828962 -0.01479318  0.08347049] 
Episode: 1401: [-0.0751516  -0.15113361 -0.0980176  -0.0144832   0.08319745] 
Episode: 1411: [-0.07463641 -0.15149103 -0.09825205 -0.01473027  0.08319227] 
Episode: 1421: [-0.07440943 -0.15163454 -0.09813319 -0.01458448  0.08293721] 
Episode: 1431: [-0.07508166 -0.15090282 -0.0970486  -0.01342676  0.08204164] 
Episode: 1441: [-0.074628   -0.15130757 -0.0971192  -0.01310925  0.08164701] 
Episode: 1451: [-0.07407834 -0.1518898  -0.0974073  -0.01314397  0.08154932] 
Episode: 1461: [-0.07453281 -0.15131412 -0.09663989 -0.0124736   0.08096333] 
Episode: 1471: [-0.07698306 -0.14838576 -0.09355172 -0.00980713  0.07891506] 
Episode: 1481: [-0.07756847 -0.14759755 -0.09236219 -0.00873326  0.07794108] 
Episode: 1491: [-0.07752804 -0.14767599 -0.09183022 -0.00820139  0.07738058] 
Episode: 1501: [-0.07717674 -0.14803745 -0.09185761 -0.00814365  0.07720786] 
Episode: 1511: [-0.07656305 -0.14866711 -0.09230592 -0.00840327  0.07729492] 
Episode: 1521: [-0.07606867 -0.14934665 -0.09278021 -0.00865937  0.07748367] 
Episode: 1531: [-0.07602369 -0.1494612  -0.09279837 -0.00846562  0.07735368] 
Episode: 1541: [-0.07571978 -0.14992453 -0.09311611 -0.0086381   0.07750186] 
Episode: 1551: [-0.07524967 -0.15066412 -0.09363377 -0.00891265  0.07775171] 
Episode: 1561: [-0.07493563 -0.15127197 -0.09407096 -0.00906512  0.07795896] 
Episode: 1571: [-0.07407245 -0.15311965 -0.09568372 -0.00952839  0.07874823] 
Episode: 1581: [-0.07378923 -0.15429924 -0.09657756 -0.00978067  0.07935929] 
Episode: 1591: [-0.07349897 -0.1548447  -0.09705169 -0.00988112  0.07954185] 
Episode: 1601: [-0.07271855 -0.15561844 -0.09771249 -0.01016811  0.07964623] 
Episode: 1611: [-0.07203849 -0.15626076 -0.09832237 -0.0105341   0.07982168] 
Episode: 1621: [-0.08307274 -0.1449502  -0.08853047 -0.00552951  0.08046375] 
Episode: 1631: [-0.08759027 -0.14035384 -0.08451749 -0.00351141  0.08077138] 
Episode: 1641: [-0.08915814 -0.1388356  -0.08312603 -0.00286067  0.08098807] 
Episode: 1651: [-0.08973131 -0.13841411 -0.08270944 -0.00279548  0.08138037] 
Episode: 1661: [-0.08983821 -0.138597   -0.08292942 -0.00294553  0.08199994] 
Episode: 1671: [-0.08990592 -0.13895689 -0.08328404 -0.00303424  0.0827406 ] 
Episode: 1681: [-0.08993202 -0.13928077 -0.08356488 -0.00316312  0.08335654] 
Episode: 1691: [-0.08993119 -0.13959388 -0.08380727 -0.00331789  0.08390875] 
Episode: 1701: [-0.08989307 -0.1398985  -0.08396643 -0.00316616  0.08409289] 
Episode: 1711: [-0.08985963 -0.14040382 -0.08434131 -0.00282169  0.08444799] 
Episode: 1721: [-0.08976404 -0.14082627 -0.08470079 -0.00282123  0.08487006] 
Episode: 1731: [-0.08959303 -0.14132875 -0.08521451 -0.00294898  0.08541689] 
Episode: 1741: [-0.08946801 -0.14176926 -0.08566254 -0.00306532  0.08594485] 
Episode: 1751: [-0.08937732 -0.14206591 -0.08588941 -0.00319929  0.08628622] 
Episode: 1761: [-0.08928434 -0.14233017 -0.08609217 -0.0033682   0.08660652] 
Episode: 1771: [-0.08920643 -0.1427072  -0.08639893 -0.00334929  0.08697418] 
Episode: 1781: [-0.08914958 -0.14283377 -0.08641111 -0.00307752  0.08677834] 
Episode: 1791: [-0.08897217 -0.14309746 -0.08661169 -0.00309939  0.08682397] 
Episode: 1801: [-0.08880012 -0.14335307 -0.08682621 -0.00316862  0.0869177 ] 
Episode: 1811: [-0.08867027 -0.14344986 -0.08690938 -0.00268414  0.08643799] 
Episode: 1821: [-0.0886047  -0.14336257 -0.08664802 -0.00204256  0.08558142] 
Episode: 1831: [-0.08841118 -0.14354727 -0.08671159 -0.0019707   0.08537067] 
Episode: 1841: [-0.08816633 -0.1438071  -0.08694492 -0.00211377  0.08540148] 
Episode: 1851: [-0.08798381 -0.14404202 -0.08713613 -0.00224898  0.0854943 ] 
Episode: 1861: [-0.08797868 -0.1440069  -0.08698324 -0.00194947  0.08512861] 
Episode: 1871: [-0.08803634 -0.14391746 -0.08672058 -0.0015439   0.08468219] 
Episode: 1881: [-0.08802334 -0.14392059 -0.08653022 -0.00135862  0.08440251] 
Episode: 1891: [-0.08795655 -0.14395928 -0.08640593 -0.00120505  0.08411939] 
Episode: 1901: [-0.08790438 -0.14405455 -0.08639728 -0.00112537  0.08404136] 
Episode: 1911: [-0.0879044  -0.14420682 -0.0864929  -0.00115571  0.0842597 ] 
Episode: 1921: [-0.08790751 -0.14439581 -0.08664418 -0.00124534  0.08459629] 
Episode: 1931: [-0.08767036 -0.14468949 -0.08695424 -0.00137863  0.08471061] 
Episode: 1941: [-0.08738167 -0.14500171 -0.08724698 -0.00151436  0.08473749] 
Episode: 1951: [-0.08703472 -0.14544272 -0.0877085  -0.00168746  0.08490283] 
Episode: 1961: [-0.08708619 -0.1453246  -0.08723506 -0.00033401  0.08358488] 
Episode: 1971: [-0.08728043 -0.14464885 -0.08596253  0.00220913  0.08065396] 
Episode: 1981: [-0.08693752 -0.1448863  -0.08603394  0.00319878  0.07953445] 
Episode: 1991: [-0.08640698 -0.14533289 -0.08651553  0.00338108  0.07912093] 
Episode: 2001: [-0.08631424 -0.14547448 -0.08652306  0.00343126  0.07904484] 
Episode: 2011: [-0.08622164 -0.1456582  -0.08660907  0.00334242  0.07915784] 
Episode: 2021: [-0.085976   -0.14623198 -0.08725074  0.00312396  0.07976065] 
Episode: 2031: [-0.08585016 -0.14660484 -0.08757939  0.00299455  0.08015113] 
Episode: 2041: [-0.08574937 -0.1470016  -0.0878768   0.00290406  0.08055865] 
Episode: 2051: [-0.08562223 -0.14721557 -0.08800591  0.00282602  0.0806535 ] 
Episode: 2061: [-0.08547557 -0.14746943 -0.08820684  0.00277334  0.08077069] 
Episode: 2071: [-0.08516995 -0.14788601 -0.08872471  0.00265094  0.08098523] 
Episode: 2081: [-0.0850594  -0.14799587 -0.08865274  0.00319038  0.08042906] 
Episode: 2091: [-0.08507536 -0.14801739 -0.08838732  0.00361751  0.07999392] 
Episode: 2101: [-0.08505062 -0.14805646 -0.08829263  0.00370946  0.07985824] 
Episode: 2111: [-0.08477163 -0.14831828 -0.08850025  0.00351225  0.07986264] 
Episode: 2121: [-0.08467703 -0.14839348 -0.08839522  0.00392648  0.07938169] 
Episode: 2131: [-0.08466359 -0.14838202 -0.08808332  0.00458535  0.07866174] 
Episode: 2141: [-0.08439757 -0.14867385 -0.08837152  0.00463909  0.07857008] 
Episode: 2151: [-0.08415744 -0.14884661 -0.0885479   0.00452835  0.07848233] 
Episode: 2161: [-0.08380132 -0.14912574 -0.08887543  0.00428636  0.07846993] 
Episode: 2171: [-0.083593   -0.1493253  -0.0890585   0.00426334  0.07839824] 
Episode: 2181: [-0.08344281 -0.14946042 -0.08907315  0.00431686  0.07821693] 
Episode: 2191: [-0.08323058 -0.14970271 -0.08908192  0.00450651  0.07791073] 
Episode: 2201: [-0.08270881 -0.15032667 -0.08973839  0.00440336  0.07798906] 
Episode: 2211: [-0.08225619 -0.15083101 -0.09024003  0.00443421  0.07789356] 
Episode: 2221: [-0.08194472 -0.15116128 -0.09053848  0.00448589  0.07776274] 
Episode: 2231: [-0.08137208 -0.15169798 -0.09142479  0.00427093  0.07789616] 
Episode: 2241: [-0.08083184 -0.15217824 -0.0921096   0.00402515  0.0779441 ] 
Episode: 2251: [-0.08051168 -0.1525387  -0.09227709  0.00381391  0.07794888] 
Episode: 2261: [-0.08030289 -0.15280484 -0.09243     0.00364111  0.07803117] 
Episode: 2271: [-0.08320241 -0.14983116 -0.08671444  0.01178728  0.07067882] 
Episode: 2281: [-0.0845078  -0.14910139 -0.0846293   0.01550422  0.06805032] 
Episode: 2291: [-0.0848062  -0.14903866 -0.08382103  0.01721318  0.06666812] 
Episode: 2301: [-0.08446981 -0.14922732 -0.08371267  0.01769158  0.06586082] 
Episode: 2311: [-0.0840238  -0.14955193 -0.08383748  0.01796569  0.06527641] 
Episode: 2321: [-0.08364797 -0.1499962  -0.08413223  0.01831544  0.06492082] 
Episode: 2331: [-0.0828265  -0.15056728 -0.08538531  0.01769179  0.0652743 ] 
Episode: 2341: [-0.08187402 -0.15132287 -0.08684923  0.01703869  0.06570549] 
Episode: 2351: [-0.08142617 -0.15190516 -0.08739158  0.01702631  0.065765  ] 
Episode: 2361: [-0.08128547 -0.15214317 -0.08751538  0.01725364  0.06561656] 
Episode: 2371: [-0.08136497 -0.15212014 -0.0872797   0.01774277  0.06520486] 
Episode: 2381: [-0.080994   -0.152292   -0.08745141  0.01774799  0.06485867] 
Episode: 2391: [-0.08064595 -0.15273452 -0.08775908  0.01787693  0.06472576] 
Episode: 2401: [-0.08058287 -0.15295145 -0.08804253  0.01790931  0.06492104] 
Episode: 2411: [-0.08079961 -0.15277797 -0.08792081  0.01787737  0.06508019] 
Episode: 2421: [-0.08122297 -0.15235831 -0.08760667  0.01789446  0.06522623] 
Episode: 2431: [-0.08117127 -0.15247938 -0.08779968  0.01786901  0.06536364] 
Episode: 2441: [-0.08077262 -0.1527858  -0.08833777  0.01751588  0.06555881] 
Episode: 2451: [-0.08054756 -0.15293762 -0.08852868  0.01726798  0.06562985] 
Episode: 2461: [-0.08037039 -0.15324397 -0.0887771   0.01726234  0.06572927] 
Episode: 2471: [-0.08057353 -0.15317662 -0.08864459  0.01746832  0.06575322] 
Episode: 2481: [-0.08177237 -0.15245618 -0.08781093  0.01826239  0.06597763] 
Episode: 2491: [-0.0840711  -0.15131618 -0.08625064  0.02012155  0.06635462] 
Episode: 2501: [-0.08463865 -0.15117222 -0.0858812   0.02070328  0.06646168] 
Episode: 2511: [-0.08424513 -0.15168463 -0.08626119  0.02065082  0.06648561] 
Episode: 2521: [-0.08343506 -0.15239128 -0.08711718  0.02030239  0.06650603] 
Episode: 2531: [-0.08267497 -0.15307528 -0.08794341  0.02005864  0.06648716] 
Episode: 2541: [-0.08180229 -0.15379909 -0.08905116  0.01956142  0.06668147] 
Episode: 2551: [-0.08126072 -0.15423161 -0.0896988   0.01924219  0.0667761 ] 
Episode: 2561: [-0.08095925 -0.15446462 -0.08997405  0.01916426  0.06669579] 
Episode: 2571: [-0.08025904 -0.15508322 -0.09095866  0.01867058  0.06700931] 
Episode: 2581: [-0.08217509 -0.15359862 -0.09008472  0.01933485  0.06799885] 
Episode: 2591: [-0.08532114 -0.15097615 -0.08795784  0.02058792  0.06894707] 
Episode: 2601: [-0.08639985 -0.15009768 -0.0870911   0.02119373  0.06906799] 
Episode: 2611: [-0.08656884 -0.14996913 -0.08683886  0.02143197  0.06891189] 
Episode: 2621: [-0.08634213 -0.1501825  -0.0869504   0.02147211  0.06873335] 
Episode: 2631: [-0.08606025 -0.15046597 -0.08708375  0.0215053   0.06853598] 
Episode: 2641: [-0.08577003 -0.15063654 -0.08709904  0.02143186  0.06825569] 
Episode: 2651: [-0.08551122 -0.14982435 -0.08610089  0.0212472   0.06677736] 
Episode: 2661: [-0.08521103 -0.14982915 -0.08607462  0.02109247  0.06639504] 
Episode: 2671: [-0.08484414 -0.15013154 -0.0863869   0.02098458  0.06628904] 
Episode: 2681: [-0.08436941 -0.15080649 -0.0869596   0.02090736  0.06641836] 
Episode: 2691: [-0.08375375 -0.15169545 -0.08797774  0.02054302  0.06696623] 
Episode: 2701: [-0.08277258 -0.15252651 -0.08922064  0.01972039  0.06736277] 
Episode: 2711: [-0.08230099 -0.15295734 -0.08955643  0.01946866  0.06731312] 
Episode: 2721: [-0.08176246 -0.15347123 -0.09023187  0.01915869  0.06745803] 
Episode: 2731: [-0.0821737  -0.1532188  -0.09007726  0.0194836   0.06759151] 
Episode: 2741: [-0.08218385 -0.15313646 -0.09006225  0.01954045  0.0674899 ] 
Episode: 2751: [-0.08209904 -0.15320589 -0.09009342  0.01957073  0.06739718] 
Episode: 2761: [-0.08196423 -0.15340646 -0.09025601  0.0195401   0.06744787] 
Episode: 2771: [-0.08191346 -0.15344246 -0.09037027  0.01951251  0.06747939] 
Episode: 2781: [-0.08174799 -0.15360716 -0.09054912  0.0194202   0.06751038] 
Episode: 2791: [-0.08146721 -0.15370014 -0.09104295  0.01927071  0.06752103] 
Episode: 2801: [-0.08164155 -0.1530907  -0.09077942  0.01964897  0.06688042] 
Episode: 2811: [-0.08375731 -0.1508539  -0.08956688  0.02004987  0.06767198] 
Episode: 2821: [-0.08497874 -0.1494989  -0.08838741  0.02100993  0.06721228] 
Episode: 2831: [-0.08513234 -0.14926958 -0.08786599  0.02200571  0.06618919] 
Episode: 2841: [-0.08481957 -0.1495654  -0.08805521  0.02217655  0.06586722] 
Episode: 2851: [-0.08494109 -0.14926569 -0.08759271  0.02258023  0.06524512] 
Episode: 2861: [-0.08502196 -0.14892535 -0.08704956  0.02294314  0.06450933] 
Episode: 2871: [-0.08499682 -0.1488019  -0.08685404  0.02311365  0.06412052] 
Episode: 2881: [-0.08495481 -0.1487305  -0.08668178  0.02343592  0.06363562] 
Episode: 2891: [-0.08455766 -0.14908347 -0.08693017  0.02357793  0.06327452] 
Episode: 2901: [-0.08404143 -0.14958245 -0.08721071  0.02363058  0.06291864] 
Episode: 2911: [-0.08356098 -0.15003015 -0.08750698  0.02365136  0.06261721] 
Episode: 2921: [-0.08310486 -0.15046586 -0.08801267  0.02330769  0.06276057] 
Episode: 2931: [-0.08273036 -0.15096857 -0.08857034  0.02302414  0.06307544] 
Episode: 2941: [-0.08306848 -0.15091571 -0.0885125   0.0233613   0.06329746] 
Episode: 2951: [-0.08283088 -0.15162328 -0.08899904  0.02335196  0.06374279] 
Episode: 2961: [-0.08226801 -0.15246937 -0.08966947  0.0232134   0.06396051] 
Episode: 2971: [-0.08210703 -0.15279487 -0.08989858  0.0232401   0.0640568 ] 
Episode: 2981: [-0.08230929 -0.15274282 -0.08966082  0.02343318  0.06406374] 
Episode: 2991: [-0.08200151 -0.15317129 -0.08986592  0.0234463   0.06399176] 
Episode: 3001: [-0.08208511 -0.15326542 -0.08990698  0.02342234  0.06424917] 
Episode: 3011: [-0.08224572 -0.15317926 -0.08986245  0.02353316  0.0643364 ] 
Episode: 3021: [-0.08209425 -0.15335767 -0.09011546  0.02370519  0.06422973] 
Episode: 3031: [-0.08166882 -0.15402552 -0.09059002  0.02382091  0.06422136] 
Episode: 3041: [-0.08103774 -0.15476255 -0.09098743  0.02413629  0.06371784] 
Episode: 3051: [-0.08107486 -0.15471853 -0.09054374  0.02490417  0.06287377] 
Episode: 3061: [-0.0818963  -0.15405253 -0.08998453  0.02500355  0.06332864] 
Episode: 3071: [-0.08323156 -0.15278494 -0.08894384  0.02533433  0.063711  ] 
Episode: 3081: [-0.08362677 -0.1523771  -0.08843588  0.02591318  0.06329808] 
Episode: 3091: [-0.08343927 -0.1526737  -0.08866754  0.02594349  0.06332567] 
Episode: 3101: [-0.0830197  -0.15329212 -0.08931281  0.02574744  0.06363595] 
Episode: 3111: [-0.08317786 -0.1529717  -0.08857641  0.02719765  0.06206727] 
Episode: 3121: [-0.08337377 -0.1525783  -0.08798872  0.02823966  0.06091628] 
Episode: 3131: [-0.08340304 -0.15247251 -0.08792523  0.02859794  0.06055928] 
Episode: 3141: [-0.0833107  -0.152463   -0.08796016  0.02880238  0.06025446] 
Episode: 3151: [-0.0831216  -0.15235867 -0.08760731  0.0289232   0.0595601 ] 
Episode: 3161: [-0.08275977 -0.15240899 -0.08771566  0.02868142  0.05925258] 
Episode: 3171: [-0.08240996 -0.15261583 -0.087973    0.0285672   0.05907056] 
Episode: 3181: [-0.08266789 -0.15252303 -0.0878884   0.02873213  0.05925587] 
Episode: 3191: [-0.08330594 -0.15268591 -0.08800217  0.02910424  0.06022147] 
Episode: 3201: [-0.08304075 -0.15338667 -0.08873419  0.02912082  0.06072993] 
Episode: 3211: [-0.08277726 -0.15377356 -0.08919999  0.0290617   0.06090409] 
Episode: 3221: [-0.08243949 -0.1540506  -0.0894712   0.02898144  0.06077318] 
Episode: 3231: [-0.08221137 -0.15430598 -0.08992863  0.02871981  0.06106111] 
Episode: 3241: [-0.08219384 -0.15426052 -0.08988936  0.02888246  0.06084349] 
Episode: 3251: [-0.08164112 -0.15477055 -0.09067892  0.02846424  0.06110139] 
Episode: 3261: [-0.0809816  -0.15545775 -0.09142464  0.0281253   0.06123003] 
Episode: 3271: [-0.07971837 -0.15653336 -0.09266984  0.0273702   0.06126789] 
Episode: 3281: [-0.07910205 -0.15703265 -0.09336778  0.02683514  0.06145157] 
Episode: 3291: [-0.07958215 -0.15637027 -0.0921862   0.02854053  0.05970269] 
Episode: 3301: [-0.08002065 -0.15581678 -0.09167902  0.02933819  0.05907741] 
Episode: 3311: [-0.0798566  -0.15568681 -0.09168921  0.02947584  0.05859951] 
Episode: 3321: [-0.07943475 -0.15570363 -0.09184651  0.02931518  0.0581282 ] 
Episode: 3331: [-0.08026002 -0.1551968  -0.09159132  0.02915665  0.05908584] 
