76.248993 100.935753 93.551849 78.884811 83.682259 0.027976 
96.297401 107.508522 98.624420 88.185356 90.513298 0.000000 
100.041344 104.226051 93.472084 92.283890 85.062195 0.000000 
73.824196 104.140335 89.326805 94.316940 90.281227 0.019782 
98.773445 101.857498 89.083199 88.258759 92.450943 0.000000 
79.074745 103.794945 94.955727 86.751205 85.410286 0.019782 
87.779099 99.439827 88.752678 89.262886 89.134071 0.000000 
77.796768 91.632553 86.767349 85.463043 90.977867 0.000000 
88.743614 92.663116 90.422508 93.507744 87.384460 0.000000 
86.202644 105.360634 94.281494 97.963196 91.289528 0.000000 
91.869690 90.485428 89.561623 91.584373 89.848518 0.027976 
94.044960 94.366638 83.388229 87.395111 90.516647 0.000000 
79.653893 100.323105 100.052910 90.758881 90.667137 0.000000 
96.643997 101.378052 89.694443 82.884598 89.287163 0.000000 
91.651657 92.328400 81.264381 87.085579 92.519859 0.000000 
77.608597 82.812370 91.094688 84.238045 87.538200 0.027976 
86.836037 88.511421 89.099342 86.074379 86.836937 0.019782 
89.836678 95.165482 89.774300 89.467377 89.355240 0.000000 
78.086403 95.728889 82.486458 87.800049 91.254745 0.019782 
87.057304 112.822617 96.505951 101.351685 91.154037 0.027976 
