88.378036 73.927879 76.621910 73.584351 79.283264 80.970551 81.049881 86.216949 75.695175 75.842148 0.000000 
90.761307 99.714882 98.783371 94.592201 94.169228 94.328644 90.800735 91.432869 94.260674 79.677155 0.000000 
97.909195 101.523247 94.186745 98.233810 93.338898 84.332672 88.312340 87.006187 79.189720 70.573395 0.000000 
100.059227 108.777351 105.216370 97.382965 95.060112 95.456245 101.250023 87.813049 81.739182 77.796104 0.000000 
85.335548 70.870537 72.857880 75.999069 79.296822 80.876251 84.823021 86.727707 85.732735 89.240044 0.019782 
91.698799 78.075905 74.268219 71.858368 69.329109 83.048851 81.001755 79.949860 78.668999 85.036934 0.027976 
88.955925 82.265717 84.825211 81.118652 75.406891 86.320602 81.100212 78.591072 86.112862 76.601196 0.019782 
93.956017 92.263832 87.337921 86.581940 90.471840 86.323479 92.867500 92.329941 83.788506 68.429970 0.000000 
85.341003 88.123856 86.534058 84.163612 90.951920 89.425247 86.384789 80.358650 80.936943 71.994865 0.019782 
87.644501 76.308128 83.148148 81.235062 80.544922 84.647964 79.225479 79.704414 83.123856 75.471191 0.000000 
87.147636 82.100433 84.084366 73.352730 80.361725 81.256996 81.024162 93.902954 87.875343 83.533157 0.000000 
89.607971 83.735672 82.992279 74.618599 79.175919 84.844238 78.335617 76.239670 83.235527 80.690292 0.019782 
96.292809 97.784897 89.750580 86.275749 84.513397 87.286980 83.584335 85.741013 83.283623 67.410683 0.000000 
89.561913 80.975433 79.217918 73.631157 75.899429 74.222687 77.158669 84.478043 77.602776 71.492447 0.000000 
97.828606 99.486229 97.433372 96.306717 92.583656 89.915451 88.149773 86.351585 85.039116 83.806404 0.000000 
95.450310 101.714821 103.144287 91.385414 91.417572 91.709007 88.548759 99.844444 93.221321 85.366798 0.000000 
89.584435 92.135254 88.087128 90.261932 90.476540 88.858337 97.023727 93.221718 96.606827 91.977562 0.000000 
94.828804 102.569237 98.602303 99.375702 90.926857 87.607109 83.091537 81.447380 82.826881 85.429405 0.019782 
86.699562 79.384262 85.621536 85.870377 92.510086 86.687454 91.735863 79.915932 81.065910 76.495796 0.000000 
93.045380 92.432159 86.856651 84.103920 82.286713 94.526794 88.698524 88.470772 84.890984 87.037003 0.000000 
