32284.785156 4631.673340 2049.691162 3546.126953 204596.953125 
32113.650391 2524.141357 2566.432373 1352.264648 209095.921875 
35033.312500 2853.432617 3375.158691 2302.364014 146763.750000 
32351.810547 3468.480469 3014.261963 5717.558594 219135.984375 
28661.349609 2897.656006 1995.517090 1938.378052 182591.406250 
31627.998047 2634.735352 1918.549194 3095.384521 141781.015625 
24286.560547 2501.242920 2223.026855 1745.316772 218132.812500 
27931.708984 2555.890137 1748.894775 3524.590332 208610.531250 
34163.261719 2991.722900 2733.505371 3800.125732 250202.468750 
32972.011719 3182.608887 2344.791016 4070.742188 185296.750000 
38016.585938 3041.360352 1742.523926 2022.530884 190117.000000 
33309.234375 3170.486816 2242.838867 2243.154541 236475.953125 
28384.779297 2506.274414 2498.095215 2137.796387 135026.359375 
35856.558594 5311.778809 2321.193604 4115.143555 244982.156250 
37429.574219 2681.405762 2643.247803 2923.475342 189423.734375 
28851.363281 2882.029053 1974.620239 1909.547729 186484.046875 
31831.697266 2733.109619 2301.588867 1597.524414 159560.390625 
33796.601562 2426.400391 1788.466431 1276.958862 232966.750000 
30720.281250 3065.506348 2252.870361 2360.847168 214105.343750 
36958.347656 3279.221680 1938.221558 1871.604980 223681.562500 
