81.966881 71.083748 67.553215 61.727592 50.277016 0.000000 
79.054131 51.311775 56.074249 56.819023 52.504459 0.000000 
88.779533 66.091873 57.195133 41.164009 44.855160 0.000000 
86.174095 60.731049 61.203701 62.220570 52.531975 0.000000 
82.135750 77.280853 82.139175 78.233757 59.473969 0.000000 
87.897240 79.959999 64.623459 55.683193 52.269165 0.000000 
81.394325 62.593033 51.718983 54.625488 56.973476 0.000000 
81.637749 65.412704 67.895119 52.331661 56.470982 0.000000 
92.881844 70.131760 66.512840 50.574020 54.155025 0.000000 
91.544998 81.427322 73.631775 61.845764 49.624474 0.000000 
82.734360 77.768822 68.934372 54.849342 50.080090 0.000000 
79.777313 63.385193 56.053856 48.732895 50.102943 0.000000 
81.276863 72.392036 62.419197 63.063129 40.901855 0.019782 
84.150688 62.951897 57.092579 57.400417 50.297314 0.000000 
87.546455 66.691162 68.110741 56.640530 63.484974 0.019782 
85.236870 70.901108 73.587776 65.246315 57.353966 0.019782 
85.983521 59.481190 56.245228 48.575871 57.638435 0.000000 
85.791252 66.143463 62.384991 42.196152 50.581161 0.000000 
86.151634 64.925270 58.992825 56.401081 44.508152 0.000000 
80.932755 67.218796 63.214390 54.214691 58.979362 0.019782 
84.778145 78.065872 72.099869 67.108673 63.995190 0.000000 
75.500237 71.593178 72.495323 63.652687 62.465939 0.000000 
84.607430 74.834595 53.773624 56.680321 50.375301 0.000000 
84.712440 57.060017 57.530235 46.221069 58.228737 0.027976 
82.523605 61.719330 72.692467 64.246971 62.981941 0.000000 
80.151703 69.781845 61.588966 49.692184 53.030743 0.000000 
84.462975 63.819653 59.948097 58.003304 50.145798 0.000000 
82.909103 78.079094 64.582718 53.073246 50.153503 0.000000 
87.479805 72.665039 74.637344 66.820175 51.688160 0.000000 
83.816658 64.086540 58.640846 48.233601 47.179752 0.000000 
85.021324 68.680901 62.658566 52.220959 49.865875 0.019782 
84.955902 73.751961 64.708923 60.680355 56.108093 0.000000 
75.070946 49.166309 46.836498 60.709152 47.187073 0.000000 
81.294296 66.969620 67.056938 52.339500 44.362598 0.019782 
87.040352 68.818817 72.334579 56.850254 49.198978 0.000000 
86.329346 66.543663 63.022980 54.209034 43.546719 0.000000 
83.837486 86.467903 68.952477 66.539078 49.458714 0.034264 
84.931503 63.278721 58.965305 54.266407 56.250942 0.019782 
75.809509 58.713863 62.848282 53.609802 50.588219 0.000000 
87.190765 67.414154 61.206146 59.546993 49.865524 0.000000 
88.709175 65.099319 68.658775 55.796623 51.140015 0.019782 
91.230576 64.911087 70.630173 59.341389 52.573662 0.027976 
77.280197 60.617661 59.695168 69.500450 59.430817 0.034264 
87.284668 71.384079 62.120838 54.789150 50.482510 0.000000 
84.415237 73.387688 62.286610 51.931652 54.367012 0.000000 
82.278305 66.871284 54.509090 64.116684 55.124191 0.027976 
79.459862 67.486237 69.616508 62.899300 60.663074 0.019782 
84.347710 61.285248 64.216400 45.954079 49.072906 0.019782 
80.825249 55.960819 62.053017 52.594387 61.380005 0.027976 
91.634537 78.496300 75.316002 82.410927 60.341930 0.000000 
