89.698425 88.710999 89.862732 88.900177 53.279762 
90.131058 90.230751 89.650246 89.210358 50.596188 
89.284279 89.054085 89.382957 88.182968 57.708744 
89.332718 88.689880 89.817459 88.769104 52.434917 
88.641594 88.849747 87.485771 89.553566 53.966797 
89.493118 90.309967 90.351631 90.092072 51.239452 
88.225624 88.815208 89.891136 89.012772 53.501064 
89.394775 89.161583 89.600525 89.967873 55.580502 
89.990936 89.409027 90.713280 90.207390 53.988548 
90.280876 90.227020 90.158142 89.941750 54.470741 
88.825897 89.667458 89.337395 89.808304 56.182144 
89.481613 89.150871 88.694427 88.624680 51.021923 
87.339645 87.293060 88.556664 89.362244 59.427593 
89.638840 89.649521 89.924797 88.694901 49.806381 
90.131180 89.840797 89.882538 90.571289 51.405712 
89.374161 88.954826 89.729134 87.770882 52.296841 
88.247894 88.510994 89.099014 89.094620 54.299938 
89.924637 88.908318 89.666359 88.485626 49.836040 
89.407982 88.716423 89.600342 89.415497 49.595078 
90.136307 88.644844 90.028839 90.065475 50.718857 
