32497.763672 3347.464111 2078.215332 3650.887695 26607.699219 
28788.390625 10000.599609 6858.312012 8563.003906 66632.656250 
22442.724609 4103.366699 5317.223633 5824.278809 37247.433594 
25424.832031 4529.840820 3247.097168 3425.097656 53581.468750 
55935.128906 4381.602051 2702.997070 1886.410156 134469.921875 
29177.191406 6516.659668 6377.060547 8515.751953 45230.941406 
26785.220703 10124.623047 12069.057617 12051.906250 23018.203125 
38557.964844 4083.350098 2502.458008 2180.519287 130143.273438 
98322.109375 13884.373047 9151.766602 9206.656250 129594.070312 
52876.742188 4031.922607 2779.895752 1774.136108 160209.687500 
21949.175781 3817.612061 4838.307617 5001.156738 35061.484375 
32353.572266 6556.438965 3280.194092 2845.309814 74110.820312 
28621.865234 3917.477539 3457.063477 1508.877197 62448.648438 
35541.765625 3761.553467 2347.414307 1675.802734 150249.640625 
64968.570312 4996.537109 3797.230713 3519.984863 181281.671875 
24908.478516 7177.411621 7899.500488 2538.464600 50399.187500 
23673.134766 5004.902832 5492.885742 4770.544922 42084.117188 
28839.015625 4557.281250 4762.899414 4308.070801 80700.242188 
24937.035156 3676.997559 3370.546875 2374.384277 66156.117188 
54684.789062 5905.752441 4766.229980 3377.379639 223672.500000 
50737.410156 4208.568848 2720.356689 2385.505371 161484.218750 
27686.623047 4610.543945 5992.124512 8404.614258 21217.507812 
31473.568359 4329.918457 2266.076172 1970.198364 14221.761719 
27913.953125 3196.308350 3448.874512 4823.881836 5145.449707 
65677.656250 5470.352539 5179.349609 3773.802490 133004.000000 
22545.744141 3064.678223 3586.082275 3265.963623 30338.376953 
21493.386719 2208.566895 2078.613770 2948.268799 24944.832031 
48012.347656 3763.492920 2656.233398 2408.244385 97630.867188 
71033.828125 6955.837891 6923.031738 5333.069824 228662.578125 
69403.273438 7350.533691 5074.832031 6149.352539 121446.187500 
55236.957031 3774.543945 2682.765625 2350.239990 200946.062500 
29230.046875 3025.721436 2078.920410 1077.681030 117228.687500 
21932.314453 2569.378418 2325.926514 1744.566650 47265.171875 
27689.210938 2528.105225 1793.271362 1318.561890 67275.898438 
22321.152344 5829.898926 4856.484863 4675.760254 29023.564453 
28398.312500 3180.799316 2541.762695 2784.889893 46829.800781 
56320.570312 4720.657227 3235.883545 3276.061523 213727.906250 
59080.757812 5700.839844 4919.996094 4362.552734 167190.218750 
31113.060547 3152.325684 2328.208984 1898.501099 124244.914062 
25538.816406 2735.489502 2200.314453 2080.371582 12908.594727 
28336.468750 5011.743652 2802.223877 2505.366699 63096.898438 
21469.931641 4887.406250 5842.489746 7381.083008 46116.128906 
96587.093750 12180.485352 10973.791992 11568.992188 109021.625000 
29437.582031 5415.169922 4999.238281 4024.820312 26734.650391 
36777.070312 4160.725586 2780.286621 2245.386230 184729.937500 
27341.976562 11372.986328 12297.584961 10594.688477 45230.421875 
34304.562500 3155.864502 2824.615723 1782.126587 115030.914062 
23951.625000 2427.516113 1190.148193 1069.088745 34573.019531 
28395.912109 3311.750000 3850.751221 3526.407715 86681.757812 
22046.394531 3195.310059 4774.541992 5677.584473 33302.238281 
27557.910156 3870.150391 3655.745361 3318.738037 31578.720703 
29219.513672 5655.708496 4852.233398 3975.698242 92527.359375 
40765.941406 3009.031250 3257.621094 2693.407715 104514.632812 
25403.863281 3085.883301 1583.759033 1871.583862 67046.953125 
80093.078125 6712.436035 6116.049805 5935.299316 165162.250000 
38428.453125 3439.245117 2153.792725 1965.229614 133496.375000 
34333.773438 4506.362793 2417.511719 2032.841553 117785.601562 
43557.343750 3842.378662 2749.860352 1711.562378 110600.132812 
52521.285156 4108.769531 3332.770020 2962.439697 113887.796875 
72232.695312 6394.265137 4479.497070 4065.227051 94261.234375 
38491.796875 2868.790527 2143.150879 2204.864014 123440.390625 
27962.187500 7171.307129 5900.414551 9938.922852 43552.664062 
26873.818359 5571.138672 4447.217773 3012.881836 23213.914062 
49913.398438 4107.497559 3619.004883 2442.752441 174011.296875 
73927.843750 5129.764648 4600.178223 3104.582520 146681.781250 
38566.335938 3323.871826 2365.484131 2347.285889 105588.507812 
24730.240234 2861.183105 3681.445312 4127.694824 20851.957031 
30574.978516 4608.750488 1961.612671 1561.961914 33567.542969 
67052.789062 5782.586426 5563.706055 4751.114746 166406.578125 
49105.820312 4926.543457 2863.929932 2112.924316 115905.257812 
27148.566406 2856.673340 1707.989014 2040.560669 43047.937500 
26585.119141 2523.216797 2124.430176 1549.137573 24573.609375 
26779.687500 3088.836426 1483.872437 2163.768066 21682.746094 
24766.818359 5216.217773 7461.822754 7478.233887 41651.691406 
32841.332031 5529.518555 3740.662354 2910.365967 103073.835938 
20771.906250 4272.213867 2774.603271 3560.377686 60348.238281 
63725.761719 6082.541016 5073.568848 3930.109131 136652.968750 
32882.945312 2763.974609 2279.958740 2658.236572 123521.484375 
25265.324219 5046.080078 5323.638184 6575.265625 26010.341797 
19643.595703 2974.290771 3050.653320 1936.542480 41895.824219 
97155.718750 11422.583984 11013.925781 7607.307129 138816.031250 
71813.617188 5663.872559 4958.127441 3576.077393 114251.695312 
21864.890625 3600.336426 5376.289062 6992.066406 45056.273438 
33341.593750 3371.721680 2005.304321 2071.839844 174213.687500 
18173.740234 4762.882812 4488.622559 1968.506226 44971.265625 
32973.074219 3427.999756 2395.185059 2140.372559 145699.296875 
37142.769531 3912.697021 2427.107178 2185.426514 184798.812500 
29596.525391 4457.559082 4096.931641 4701.948242 172513.671875 
33342.535156 3370.122070 3474.016113 3231.048096 192931.390625 
26272.097656 4950.923828 4824.251465 3339.234863 108276.226562 
22528.408203 7622.673340 10424.055664 4903.481445 37795.304688 
25781.521484 3372.267578 3302.020264 6406.990234 220867.750000 
49864.343750 4486.249512 4412.762695 2592.710938 155287.750000 
26317.066406 3401.529297 2939.066162 4516.684570 69788.875000 
26795.386719 8955.113281 11496.567383 21180.148438 145679.218750 
26655.191406 8629.295898 9052.206055 14219.374023 29408.335938 
26920.679688 4231.329102 4236.175293 4145.061035 28599.089844 
36687.195312 3940.461914 2529.597900 2137.150879 203537.796875 
33806.117188 4808.399902 4727.389160 5245.732422 183341.187500 
22852.789062 4653.324219 4114.867188 824.307861 21461.673828 
39964.960938 4759.070312 3263.518066 3803.741455 176579.406250 
25574.878906 4254.389160 2905.293701 4224.375000 33764.187500 
32690.771484 3713.468994 2980.340576 2582.718018 91089.992188 
26170.324219 5380.017578 7914.948242 5128.708984 28527.171875 
24042.083984 3434.252686 2960.511230 3081.759766 27335.357422 
44414.152344 4844.419922 3951.478027 3006.849854 159676.750000 
23126.261719 4802.315918 4004.268555 2926.375977 23331.574219 
28794.318359 3415.443848 3282.677002 2975.945557 67594.968750 
48135.375000 3977.179688 3246.944336 3907.600586 168350.718750 
84312.164062 7580.951172 6317.124512 7049.191895 90421.101562 
30476.408203 4551.591797 3686.493652 3737.910645 102313.257812 
21879.224609 3823.441162 7696.912109 7021.412598 20747.488281 
48906.609375 4372.549805 2995.317383 2152.871582 118466.656250 
22262.447266 3502.883301 2587.678467 1241.059082 31917.220703 
28402.330078 3782.067871 4444.629395 5784.484863 39481.847656 
26025.562500 4217.040527 2811.374512 4177.678711 27758.947266 
90722.625000 8609.514648 7379.131348 7301.181641 108536.625000 
28460.810547 3066.846436 3227.259766 3797.556885 37094.000000 
23445.289062 2159.457764 1356.845825 694.382751 30665.634766 
31884.021484 4829.002930 1355.094971 5510.323242 55545.699219 
23354.691406 2207.141602 1634.800537 676.764099 42334.613281 
45524.476562 4533.184082 2601.585938 1403.101807 100509.898438 
28182.666016 2816.859375 2182.348877 3002.446777 98116.632812 
29844.687500 4055.225586 4237.867676 5764.397461 57355.281250 
44425.570312 4576.651855 3208.227295 3615.122070 215069.156250 
27733.591797 8581.337891 5799.264160 1915.198853 53057.457031 
24910.107422 4034.807373 3372.242188 2173.275879 86141.695312 
41096.382812 3223.084961 2362.513184 3896.087646 133948.000000 
18454.552734 7259.619141 7430.861816 12004.072266 67591.304688 
46601.199219 4627.062500 3069.839355 2099.395020 158971.125000 
26394.353516 2669.799316 1556.750732 1676.225586 16206.549805 
20232.917969 4623.009277 5525.730469 4558.918945 35312.035156 
87888.164062 7236.727051 6901.188965 5999.752441 39099.714844 
20191.076172 8359.972656 9334.328125 9792.488281 20487.150391 
41213.449219 4994.897949 3363.702637 2827.489746 143437.531250 
25217.562500 5886.682129 5617.937988 13702.476562 30760.917969 
31197.808594 3600.881348 2756.940674 1631.098145 108539.664062 
47005.781250 4359.140625 2904.099609 3299.251221 143244.640625 
30876.361328 2774.564697 2361.656494 1752.931396 103448.429688 
38135.523438 3868.649414 2604.411865 3010.556152 193304.750000 
17094.150391 3662.603027 10981.500977 8455.291992 68564.773438 
20093.542969 2065.625977 1259.621948 830.008240 43150.554688 
29800.480469 3511.612793 2599.936035 2103.710693 73155.593750 
40899.132812 3780.919922 3024.832520 2024.192871 76779.828125 
63357.214844 4842.082520 3566.879883 4071.002197 125268.273438 
27089.375000 5947.315918 4806.440918 5381.657227 23981.375000 
24316.375000 3743.052246 4941.462891 5457.993652 40476.140625 
21924.794922 3814.845459 3787.451172 5138.927246 45092.804688 
18771.144531 2078.683594 1474.065063 1637.910889 26365.947266 
23904.464844 7265.412598 5850.053223 7301.475098 92543.218750 
44736.632812 4208.750000 2532.210938 1882.866821 160167.812500 
24734.050781 4032.835205 6827.195801 8493.920898 27670.746094 
79648.679688 8025.879395 7734.493164 8855.398438 94760.351562 
73930.156250 7394.379395 5728.863281 5046.867188 64872.468750 
30415.656250 3042.532471 2129.450195 1803.563599 25963.306641 
32725.878906 3703.079346 2726.391602 1528.244995 105953.031250 
20347.214844 5279.615723 13330.109375 7880.231445 31390.218750 
23150.103516 4429.545898 3563.053467 2602.562744 32230.779297 
65077.898438 6503.351074 10029.607422 7482.000488 310173.593750 
20050.630859 3396.946045 2425.785645 2380.063965 59814.882812 
91842.882812 12436.369141 13962.406250 13930.629883 93400.726562 
22956.531250 1949.146851 1822.130493 858.577271 40361.707031 
34138.628906 3676.588135 3633.913330 3065.709717 188143.109375 
37511.886719 3318.138672 2459.748047 1787.220215 112604.257812 
27482.466797 4354.842773 3947.448486 2987.239014 80545.046875 
61257.648438 4780.928223 4919.280273 4197.127441 96780.632812 
16230.694336 3586.333740 2197.117676 3947.855957 70746.921875 
55169.847656 5668.891113 5548.809570 6712.818848 231427.062500 
25264.232422 4562.216309 4305.848633 5034.725098 100661.523438 
50129.054688 5001.504395 3761.683105 2735.901611 187034.531250 
18328.369141 7248.210449 6472.413086 8452.164062 92195.742188 
32908.433594 2914.868896 2228.614990 2471.396484 83951.828125 
19639.361328 2755.795898 2043.416016 2276.477051 30608.281250 
32304.566406 3132.333496 2229.616943 3205.988770 91223.242188 
21028.296875 6859.814453 7433.161133 5973.714844 82641.070312 
37813.312500 4513.201660 3515.810303 3740.040771 194058.593750 
29390.763672 6581.646973 4106.587891 8619.888672 35074.273438 
21170.263672 5041.595703 6777.581055 6761.079590 47253.429688 
32145.251953 3528.126709 2927.734863 2421.452148 104111.234375 
31713.753906 4191.876953 3142.363525 3196.861328 138061.078125 
22782.091797 3742.202637 5027.410645 7712.092285 67298.554688 
93975.101562 9538.295898 9677.752930 9292.748047 84116.054688 
14411.444336 1899.038330 1601.867310 1152.693726 47663.285156 
49764.652344 4022.044434 3948.723633 4796.477539 121283.867188 
24283.640625 3584.377930 1789.091187 1894.294556 26512.521484 
76084.265625 7791.224609 8237.567383 6169.095215 103403.695312 
52207.160156 4516.397461 3419.669434 3037.569336 140632.687500 
25693.140625 4453.293457 4013.377441 3158.082520 143633.046875 
47663.113281 3969.053467 3216.055908 3845.970459 62963.648438 
18659.636719 3654.694824 2813.747559 4229.527832 27317.966797 
20907.277344 1903.655884 1567.220703 956.302612 48257.148438 
22008.761719 4891.893066 4258.270508 2580.358154 26431.646484 
83234.273438 8675.702148 7264.957031 4858.687500 119862.140625 
46540.136719 3556.504639 2243.187256 3026.290771 96629.851562 
31246.275391 3274.219727 2688.544189 2770.078857 165481.984375 
20826.427734 3996.632080 5172.695801 10466.056641 77597.320312 
18211.373047 6997.151855 4146.935547 5330.082520 71990.828125 
19852.382812 4844.577148 6198.964844 6383.888184 29612.902344 
40860.753906 3099.727295 2986.096191 1767.654785 126542.296875 
65131.523438 5287.728027 4528.501953 7502.929688 104079.882812 
83643.140625 7589.503906 4416.620117 4795.760254 71700.093750 
35904.789062 4103.601074 4340.354980 4741.051270 229134.421875 
79317.742188 8898.267578 10585.267578 10019.531250 94394.421875 
18370.369141 3679.750000 3887.468018 4330.414551 75370.757812 
39680.871094 3327.556641 3260.583252 3086.226318 157590.531250 
35918.371094 3711.826172 2589.280029 2372.459717 129046.835938 
21927.953125 2376.830566 2824.420166 3608.796631 46928.355469 
47815.472656 4168.596191 3219.100586 2861.279541 149111.718750 
23299.542969 4337.308594 4444.509277 5017.667480 27373.357422 
37624.261719 4408.592285 3028.575439 5805.999023 196636.656250 
27494.007812 3524.515869 3428.636719 4316.640137 122095.070312 
18676.320312 2529.885498 2536.448242 3647.713623 55450.003906 
42225.566406 3929.144043 2116.628174 1716.629883 95087.328125 
25817.794922 4222.603027 6161.983887 6052.460449 94628.617188 
22610.634766 2525.611816 1546.569702 1423.701172 15173.156250 
58563.144531 6004.360352 4775.444336 4939.372559 125923.289062 
42772.125000 3674.843018 2902.728027 2275.495605 80626.070312 
42903.667969 4984.517090 3477.835938 3122.272217 143088.859375 
29818.505859 2825.261719 1849.020630 1416.422363 57613.937500 
17383.080078 3795.216309 7126.120605 10714.875000 85346.304688 
15015.362305 1497.149536 960.495605 755.408508 26387.298828 
55377.464844 5215.083984 4214.464355 4472.530762 116278.937500 
31240.335938 3333.558350 2291.213623 1458.988892 83799.718750 
51317.687500 4177.222168 3426.566895 3414.268555 193362.187500 
53931.062500 4238.776855 3194.410889 2829.559570 110170.367188 
29512.457031 3930.686035 3482.238525 2918.374268 97680.226562 
18571.810547 1905.779907 907.212158 530.722473 27971.914062 
28428.214844 3621.525879 3884.355225 2661.721680 148582.375000 
20469.052734 8861.340820 8802.678711 5955.187500 91028.679688 
43850.574219 2661.744873 1806.942383 1339.801147 61328.781250 
24206.869141 4073.053711 3970.795898 3792.168945 40266.132812 
28736.566406 2635.773193 1924.477417 1583.300659 89306.054688 
25607.798828 2880.368896 1844.724243 779.127808 34065.371094 
18312.982422 7527.098145 8537.027344 4492.802734 57836.507812 
18262.962891 1872.233887 915.276550 692.245483 34456.582031 
35238.875000 3719.016846 1997.029297 1908.446655 115217.570312 
33136.437500 3191.572754 2411.125977 2094.047363 121131.617188 
28611.654297 3870.014648 1398.101074 1197.392456 15069.169922 
18052.474609 4014.137695 3379.675293 4279.844238 58924.472656 
53484.890625 4918.479980 3653.153076 2852.371826 87216.015625 
15508.958008 2736.714111 2942.562012 2575.850098 60554.414062 
29331.308594 4090.503418 2938.828125 3180.091797 141071.875000 
23556.250000 3620.081543 1849.253296 1677.275024 44021.136719 
32604.513672 2644.626953 1443.104858 1003.415527 90426.117188 
66635.859375 5657.246094 4340.596191 5064.698242 98220.664062 
79056.835938 7805.688477 6808.071777 4218.989746 48006.558594 
18368.810547 3911.820068 4283.840820 4326.718262 42088.152344 
21655.779297 4479.111328 2477.458984 855.954163 57796.015625 
31153.154297 3135.198486 3108.061768 2685.497314 131489.296875 
24025.109375 5496.586914 7157.376465 4484.043945 93524.289062 
55181.562500 4431.085449 2984.903320 3109.536377 74061.414062 
20229.597656 1869.016602 1230.480957 877.166138 19042.958984 
19246.583984 4140.263672 5964.366211 5793.531250 28963.650391 
61839.855469 5346.583008 5609.780273 2878.025879 142588.765625 
103825.945312 9198.661133 10005.449219 9516.674805 67790.195312 
34378.726562 3392.926025 2968.851074 3207.378174 176323.953125 
17866.109375 4155.891113 5074.242676 8061.999023 26119.878906 
23058.044922 3739.228027 4587.058594 4007.126465 80828.093750 
23451.000000 2050.226562 1665.016235 1139.607422 65499.332031 
90316.648438 9744.688477 7766.112305 10326.330078 98044.898438 
25787.607422 3665.189209 1972.045776 1448.012085 106713.898438 
16180.107422 1574.960205 1310.358032 1361.611572 20117.298828 
15424.388672 2960.640625 3016.044434 2576.435303 51573.324219 
23324.181641 3264.669189 1304.739502 1008.747314 31947.466797 
40370.281250 4276.905762 3024.822021 2533.769531 119827.171875 
17638.390625 2834.249512 2128.880859 2019.089233 27906.845703 
26185.951172 2307.319824 1845.568359 2533.005859 123229.132812 
39678.515625 3502.028564 3143.634521 1911.646973 117208.437500 
25923.250000 5080.441406 3079.138916 5881.359863 162335.984375 
24894.917969 3553.916016 2743.278809 2922.696533 176984.875000 
19056.232422 1830.795166 1198.723633 766.984192 28304.761719 
43437.285156 3188.642090 2100.833252 2009.113159 183034.234375 
34665.597656 2957.347168 2271.715332 2983.371826 142180.640625 
47339.378906 3379.002441 3843.598877 2468.787842 151238.625000 
23741.611328 3488.541992 1725.157471 1086.529053 58888.816406 
19890.351562 3702.127686 4912.027832 6265.316895 43496.261719 
32644.724609 3185.660645 1872.739014 1578.776245 148765.343750 
19382.667969 3534.484131 3940.015381 4124.462402 44326.027344 
14338.474609 1270.856812 891.951355 746.322754 40472.847656 
27716.148438 3165.283936 2526.295898 2219.209717 150802.968750 
62183.453125 4907.592773 3628.630859 3089.452881 105845.578125 
30020.003906 3474.770264 2940.595459 2395.791748 153093.859375 
68018.000000 6404.972656 6651.731934 6988.823242 146653.312500 
22331.898438 3469.224121 2637.650146 2096.189453 63398.707031 
19061.451172 1530.006348 1388.941528 800.202515 40899.515625 
64253.019531 6228.049316 5394.953613 5354.384766 75532.414062 
21488.765625 3100.275146 2604.062256 2161.116211 56630.097656 
25225.185547 2672.876953 1777.367798 1084.732666 77083.640625 
44081.289062 3555.172363 2434.863525 2504.879150 71818.304688 
62990.437500 4436.715332 3725.012695 3247.269043 35060.687500 
23784.058594 2187.674805 2036.912598 1370.142334 32441.271484 
17431.630859 2409.312012 1468.969727 894.729980 37047.683594 
17401.376953 6201.695801 5131.979004 8981.141602 53817.359375 
28228.773438 2771.291992 2141.749756 2303.045410 178524.890625 
15140.518555 2211.580078 1374.634644 1317.966919 53436.691406 
21871.150391 2601.999023 2406.306152 2285.844727 111872.859375 
63349.210938 5819.621582 4590.659180 5092.350098 106011.765625 
17007.648438 5412.122559 3869.381592 2821.385010 48041.468750 
22347.320312 2522.012207 1957.770874 1906.422485 41010.101562 
47078.121094 5094.249023 3606.538086 3979.645020 200195.343750 
21388.388672 3195.630371 3059.347656 3865.010498 106474.890625 
35410.671875 3188.599854 2072.898926 2708.844971 143008.593750 
38445.750000 3123.361572 1816.150879 1314.241699 173239.375000 
21644.787109 2988.832031 2731.319092 2344.760010 57012.820312 
20771.289062 2785.151367 1891.703491 1162.320068 56076.324219 
20460.984375 4069.828125 2898.944336 2296.454590 59356.269531 
19682.929688 5249.663086 3942.538330 4187.491699 59027.140625 
29074.611328 3068.317871 2497.989746 2646.628906 114162.507812 
17814.509766 1634.035645 856.185913 586.943237 20734.287109 
71553.179688 5901.082520 3377.230713 3253.004150 142835.906250 
22232.759766 2878.712646 2004.490601 1438.252319 82622.773438 
27789.103516 2564.114258 1997.581299 1766.943481 88705.117188 
82613.437500 7487.595215 5722.282227 5440.210449 38890.828125 
27759.283203 2760.635742 1195.093262 965.952026 50655.492188 
44073.105469 3874.822266 2145.453369 2186.622070 125165.578125 
12109.780273 1765.194092 2323.006836 2237.464844 42609.582031 
20002.162109 5161.743652 6062.904297 9490.927734 52690.164062 
21326.917969 3123.286133 2493.490967 4523.590820 92796.835938 
20730.775391 2602.597168 3571.662354 666.932129 40888.558594 
16240.750000 3132.684570 3293.096191 3971.407959 55681.027344 
60382.164062 5715.811035 6688.382324 4917.998047 150408.281250 
19754.441406 5162.783203 6211.115723 6963.145508 109559.242188 
63174.492188 5373.118652 3559.740723 3218.539062 205955.593750 
68773.320312 5836.158203 4896.140625 4301.128906 82536.601562 
29075.318359 3270.260010 2072.129395 3078.728760 116046.476562 
21442.269531 2306.842773 1786.861328 613.424316 17296.138672 
28107.466797 4343.310059 4112.694824 2832.696289 229589.250000 
23315.681641 3320.122314 3657.545166 4886.819824 164545.968750 
24435.925781 3006.816895 1989.717285 1484.235107 147352.640625 
36981.687500 4629.078125 2828.865234 3055.149170 176022.453125 
32631.736328 3062.468262 1720.621704 1279.646606 92622.476562 
14914.919922 2130.784424 1671.612427 1372.694824 23809.607422 
35242.097656 3417.914062 2446.520264 2287.714844 115298.648438 
18610.037109 3461.255127 5788.184082 6318.837891 48016.722656 
21002.535156 1933.176514 1000.178406 2626.829102 10752.123047 
20829.673828 2537.299316 1452.665771 2719.663330 37640.894531 
27552.388672 2325.314941 1426.286499 966.503784 72770.429688 
19263.716797 4421.863281 2898.543457 3251.898193 25038.517578 
15328.631836 2223.887207 1779.564331 1878.662476 41426.496094 
52181.382812 4459.598633 4036.562988 4485.067871 109951.968750 
17621.646484 3046.691406 3101.039062 2272.421875 48710.347656 
25400.882812 3699.572510 1519.050781 679.482178 49522.832031 
36361.933594 2571.156494 2152.520020 1714.808960 104034.203125 
27000.031250 2693.095703 1678.402832 1254.556274 81549.687500 
46265.667969 3464.906982 2972.918701 2862.882812 82035.671875 
17843.523438 3136.283203 2447.392822 3048.910156 42323.218750 
14459.049805 3944.895996 7977.463867 7811.216797 61780.167969 
22766.722656 4860.611328 3391.873291 3180.222656 30554.181641 
18350.484375 2828.327393 2411.006592 2169.767578 23864.300781 
17054.886719 2729.322754 1405.310303 1048.445190 29476.068359 
21501.857422 2127.582764 1232.964478 958.777588 53017.253906 
37823.164062 3018.930420 2177.321777 1711.880493 127656.453125 
67831.476562 6611.205078 3915.738525 3694.460449 124971.226562 
36799.914062 3462.707764 2708.620361 2539.457031 164390.078125 
45405.800781 3632.519775 2891.773682 3849.081543 69769.335938 
57023.285156 5182.245605 3996.025391 3349.342041 130838.773438 
27810.621094 3640.224609 2473.802979 2354.977783 133602.468750 
28647.892578 2646.574219 2010.191162 2065.825439 108104.617188 
29532.718750 3002.009521 1931.152222 1271.446289 81804.015625 
72389.914062 6768.432617 7121.394043 6858.686035 91912.875000 
17643.841797 3760.548340 5831.606934 10505.486328 42441.445312 
27561.076172 3622.858887 2709.137207 1986.471313 96879.125000 
55139.832031 5271.324707 4716.430176 3055.242676 132517.156250 
13082.128906 4268.824707 5914.450195 8734.904297 61858.953125 
19450.826172 2377.559326 2013.107666 2703.281250 22181.050781 
62134.925781 5079.594238 5599.078125 4508.560059 104495.617188 
56818.566406 6029.951660 4345.797363 3765.042725 82771.453125 
18226.681641 4432.653809 4103.532715 5009.771484 26309.615234 
55213.675781 4751.518555 2804.012939 2229.870361 56001.933594 
23306.982422 2646.160889 1701.826294 1771.290039 88956.937500 
23674.251953 4526.763672 8208.219727 3725.487793 39773.246094 
29700.369141 2693.126709 1272.688965 814.342346 105283.218750 
22737.644531 2315.895508 1344.275879 1537.624756 30873.013672 
71784.859375 5447.304199 4976.845215 4435.081055 59180.808594 
26299.083984 2811.786377 2539.457275 1136.312134 84736.476562 
32754.818359 3124.828125 2576.245117 1771.833008 145434.781250 
47986.167969 4325.143555 3703.477295 3206.556885 60796.136719 
23949.720703 5014.110840 4957.531250 6504.354980 72033.953125 
15454.396484 1995.489868 1829.315674 1253.841675 41742.511719 
15451.308594 1804.923096 2508.571045 2990.499756 28053.427734 
29111.437500 2999.009521 1606.937134 1756.756348 73463.992188 
49602.566406 3613.768066 3038.714355 2100.349121 94164.414062 
18221.675781 3689.592041 2444.544434 2571.880859 32237.589844 
16698.707031 1478.527222 1111.900513 448.021851 14288.817383 
28589.841797 2723.418213 4714.338379 5202.606445 89482.867188 
19373.287109 2291.389160 3594.629150 6485.341309 25708.679688 
39711.781250 3862.399902 3077.728027 3102.884521 121315.281250 
83085.492188 8151.562500 4347.786133 4653.023438 57594.000000 
25288.197266 3446.276367 2622.480713 2828.605713 103181.312500 
59110.144531 5093.322266 3121.331787 2661.883057 100633.507812 
15942.011719 2685.335693 3943.983643 3936.366699 43767.046875 
30287.056641 3022.024902 2277.959229 1652.108765 133577.453125 
29279.865234 3476.379150 2713.365234 2222.800781 134279.812500 
27444.339844 3685.074951 2854.269775 4480.007812 142654.156250 
35617.207031 3152.527832 2549.049316 2927.171875 114942.703125 
15291.730469 2350.547363 1868.831177 4861.980957 49887.480469 
17147.287109 2913.330566 4422.027832 8890.321289 52439.554688 
23449.654297 3671.004395 4169.053223 3522.663330 54954.308594 
18876.695312 3488.155762 2277.713623 1668.904419 69963.218750 
70093.351562 5404.374512 6089.540527 5953.356445 72036.968750 
20201.171875 1825.556519 1118.502930 2241.690674 37675.753906 
25042.347656 2932.126465 3046.652344 2878.235596 121661.750000 
16796.339844 2477.928711 2575.221680 2233.422607 43714.460938 
48315.148438 3603.776611 2756.139404 2797.454102 45885.359375 
22484.740234 4170.324219 2716.592041 3818.016357 79302.039062 
17358.863281 2612.159912 5977.459961 7939.795410 61741.445312 
45428.750000 3427.595459 2440.504395 2637.306152 58459.531250 
61714.074219 4728.531738 3630.469727 4074.781982 108649.382812 
24282.585938 2962.904785 2911.544922 3911.152832 12964.221680 
27714.115234 2520.295654 2025.187134 2327.000488 93325.437500 
18059.925781 2150.198730 1727.824219 1951.841064 20837.025391 
20896.304688 5965.090820 4165.519043 5543.501953 33917.988281 
19017.341797 5700.610352 4038.592773 2853.335449 80885.265625 
35720.476562 3613.354736 2898.239502 1559.309570 66767.593750 
17260.937500 2372.144531 2071.651367 1802.655884 24963.710938 
55142.285156 3832.522705 3178.029297 2970.868408 78017.914062 
29202.552734 6162.841797 4423.575195 4107.107910 35569.457031 
32596.898438 3132.722656 2754.234375 2419.594727 159658.968750 
45044.363281 3474.975342 3517.636963 2214.946045 131271.125000 
18222.630859 4298.694336 3975.789795 6011.958496 34671.250000 
19282.857422 2858.069336 2591.765625 3252.488281 51260.175781 
17059.539062 1939.431641 1582.900513 2388.040527 34752.800781 
13303.138672 2434.902100 4044.470215 3415.362793 58016.082031 
40571.074219 4211.197266 3334.139893 2702.121094 126384.500000 
29621.126953 2504.914307 1819.761719 1945.626221 133361.703125 
37455.992188 2837.410400 2245.755371 1358.896484 95843.187500 
59868.375000 5235.874512 4161.292480 4394.381348 66613.562500 
21837.615234 4651.424805 5056.953125 6162.656250 79521.882812 
17930.238281 3480.697998 1476.064331 997.105957 32881.300781 
43253.398438 3720.343262 2396.972412 2288.755127 124382.125000 
32492.164062 2419.841064 1600.804810 1457.091187 84587.195312 
17677.146484 2829.915039 2497.820801 3255.229004 24322.271484 
15237.357422 3445.627930 3074.839600 4389.972168 27296.337891 
30730.427734 2784.507812 1779.192383 1730.059692 96302.937500 
31295.427734 3533.350098 2945.969971 2882.351318 176100.156250 
26777.000000 2863.264893 1707.972656 1414.002319 108700.390625 
16777.501953 3159.829346 5231.520020 4383.842773 36772.656250 
18362.640625 3134.389893 1946.876221 2067.284180 27596.953125 
22081.359375 2259.776367 1009.697998 1403.327026 65875.203125 
16487.855469 1903.760132 1322.220825 1554.332397 24351.027344 
15845.238281 2579.558594 2227.812256 1708.501099 22440.439453 
17646.488281 3013.595947 2646.016846 2631.146240 35311.246094 
20190.408203 3283.860107 2606.677734 2358.056641 87813.195312 
31877.046875 2897.014160 2514.815186 2346.424316 139800.812500 
21537.675781 3256.531738 3739.326904 3309.748047 77876.648438 
15924.947266 2729.416016 1242.582153 873.518799 21591.234375 
14218.547852 1493.243530 1369.069458 745.962036 19342.384766 
22505.296875 2186.125488 1539.064941 942.669922 31910.123047 
25418.248047 3201.413086 1976.086792 1185.724609 29320.056641 
16328.069336 3949.334473 5329.902344 2918.712402 47453.207031 
16531.318359 2334.649414 1295.181641 1542.862305 26666.941406 
56632.117188 4442.685547 4697.469238 3246.257324 68774.039062 
17583.894531 4245.705566 3748.087158 5356.136719 43651.886719 
18211.201172 2359.440674 1373.531372 1022.883728 39932.925781 
17483.332031 2680.823730 2424.019287 3273.773682 31608.414062 
22596.847656 4455.973145 4154.889648 2573.772461 43420.203125 
72428.398438 6662.102539 5111.321777 3816.091797 90024.687500 
24231.115234 3247.415039 3031.953369 2530.965332 140312.500000 
17588.843750 2117.563721 1135.812134 1110.284180 61454.808594 
39557.367188 4187.668457 3414.638672 3314.091309 139257.187500 
21026.968750 3138.324219 3193.875244 2298.224365 145179.531250 
35474.203125 3625.699707 2703.552002 1990.243774 108244.718750 
27806.326172 2781.319824 2617.357178 4751.448242 201469.593750 
27112.388672 2391.932129 2154.958252 2078.309570 117989.125000 
26168.236328 2625.241943 2552.985596 2218.933105 130133.007812 
14296.430664 2247.395264 2443.696289 2739.004150 25127.546875 
27152.740234 3206.670898 2781.466309 3269.485596 111546.421875 
38554.386719 3888.352051 2130.903076 2337.587402 130299.804688 
37826.812500 2746.476318 1860.249023 1505.498535 68569.867188 
68463.546875 5295.619141 4985.820801 4710.879883 81628.609375 
21726.740234 2495.015625 2272.499756 2601.600098 22979.892578 
41253.816406 4227.612793 2951.581299 2747.721924 132493.593750 
34782.960938 2741.062012 2786.905518 1371.980347 109294.226562 
35683.062500 2717.247803 2097.391602 2095.742920 82127.546875 
29170.232422 3175.208008 3129.559570 2746.911133 107778.578125 
27382.412109 3530.652832 1584.153809 1745.745483 78044.664062 
13510.398438 1282.720093 652.422791 538.392639 37105.984375 
32913.609375 2589.103027 2041.332764 1966.043701 104958.515625 
56260.328125 5689.566406 3836.846924 3408.841797 88455.000000 
18319.525391 2096.249512 1160.429077 832.669983 17782.705078 
14244.826172 1865.157837 820.171875 1438.473145 24315.824219 
23587.994141 3510.906006 3546.299072 3846.376465 67471.617188 
20138.349609 2097.053955 1654.141846 1704.921143 33632.000000 
51983.882812 4275.195312 3949.569824 5402.774902 58725.058594 
19377.611328 4154.923340 3355.775391 2290.300049 38364.199219 
32237.578125 2621.513428 1780.981689 1661.390259 75042.054688 
16962.025391 1958.765747 1678.915771 2223.644531 35275.832031 
42681.312500 3498.460449 3767.956543 2019.939209 53619.402344 
18128.603516 2848.738770 1916.364624 1302.129639 22173.833984 
19023.572266 3609.491943 3850.260986 6382.694824 99944.859375 
21265.312500 3021.745605 2908.594238 2534.697021 62345.500000 
21842.148438 2962.321777 2539.916748 2329.718262 108100.218750 
16066.674805 1928.754517 3221.662842 2200.610107 18752.480469 
16003.141602 3548.734375 2314.042480 1710.150146 22665.638672 
24116.384766 4618.171387 3164.053467 3246.283936 32843.953125 
15225.134766 2807.112061 3063.241455 3552.417236 30560.183594 
21322.283203 4507.796875 3413.682861 2097.037598 31295.470703 
16674.152344 2052.896973 2312.757080 1176.213379 24005.458984 
25111.160156 3327.048340 3207.490723 3228.431396 110015.101562 
64086.535156 5630.625000 3406.679688 3206.600098 84390.445312 
18276.373047 3334.113037 2224.753662 2427.456543 29775.931641 
56114.839844 4690.771973 5470.231445 4725.151855 57771.265625 
16259.212891 2706.482422 1665.457764 1400.575195 21980.148438 
21727.396484 6246.482422 8987.553711 6108.243164 86709.398438 
21546.720703 2126.592773 1802.098389 1375.350098 47382.734375 
19261.421875 2070.359619 1580.102539 1624.641602 39116.890625 
64587.441406 5702.624512 4230.116211 4744.406738 46806.214844 
29057.419922 4661.214355 4450.046875 3194.050293 117873.320312 
28670.613281 2727.847656 2053.777100 1984.880493 87861.625000 
17265.650391 3361.385254 3419.059082 4816.482910 30002.546875 
13799.780273 1935.268921 2541.089355 2976.448730 26991.527344 
20302.605469 3602.350586 2944.947998 1589.265137 24345.855469 
51193.218750 3880.009033 2666.618896 2164.838867 81210.164062 
20923.232422 3160.285400 3176.238037 4128.391113 21938.787109 
32634.943359 2847.042480 2186.322021 2290.231445 101967.625000 
44085.914062 4071.879395 3346.527832 4319.418457 128459.609375 
39265.976562 2968.649414 1907.657227 1473.095093 71303.242188 
29318.222656 2924.514893 1792.338745 1222.294922 101560.281250 
32029.906250 2404.704346 1756.951416 1340.505005 69656.492188 
67121.789062 5995.350586 3673.613770 3717.129883 125916.210938 
20248.492188 1655.176270 725.335327 556.116699 22979.166016 
11735.437500 3724.851074 3665.247803 2905.525635 69960.312500 
24373.863281 2350.336914 2624.582520 2150.285156 71558.875000 
12861.081055 1766.847290 1234.490845 831.437134 24182.699219 
18918.115234 2825.961182 1781.661499 2460.430420 21666.185547 
15110.255859 1642.585205 1073.082031 774.893921 44470.285156 
19974.716797 1807.904053 1498.759644 1132.283325 40590.835938 
30738.244141 4182.731445 4419.930664 4709.651367 132068.265625 
14755.992188 2451.266113 1769.700317 2116.018311 41126.050781 
29482.156250 2777.485840 1797.902832 1669.041870 83267.273438 
22541.937500 3495.564941 1970.398926 1493.301270 31137.445312 
33789.828125 3605.823242 2161.230469 1517.650024 99301.671875 
26145.375000 3198.110352 2217.339844 1981.593994 67705.304688 
19397.617188 3028.273438 1811.654785 2300.839844 25770.910156 
24676.935547 2436.075928 2362.093750 3922.339355 81365.820312 
22981.677734 2778.911377 2873.323730 3314.200439 72267.000000 
74294.140625 6584.120605 4817.846191 3469.725098 65312.847656 
16186.648438 2176.683838 520.638550 428.270630 21524.072266 
67406.500000 6674.469238 4213.871094 3348.888184 37602.527344 
70346.664062 7235.727539 6269.490723 5709.189941 45347.238281 
15904.738281 5247.040039 4161.395508 4404.297852 53642.640625 
34467.136719 3068.807617 2304.327881 2532.211670 125282.148438 
15438.638672 2181.564209 1948.196777 1556.609009 17464.117188 
17332.214844 2695.601074 2560.140137 2328.227539 30703.390625 
79268.656250 6439.673340 5788.101562 5323.338379 43678.648438 
24961.869141 2599.485352 1628.647949 1291.077271 87819.960938 
19376.074219 2153.367676 1343.589233 1012.200684 58274.457031 
21213.609375 2605.262451 1937.114990 1263.785645 125721.210938 
18468.576172 2706.864258 2520.257568 3594.393311 74934.117188 
43182.351562 3557.095703 1968.346436 2238.381348 98920.906250 
21289.515625 4094.885254 4323.813965 6849.215332 115943.328125 
15003.472656 3333.665527 1373.542725 2427.130859 32028.458984 
30430.410156 3515.543945 2295.864014 1510.912720 95187.070312 
25571.921875 2688.467773 1483.274414 1414.633545 75180.796875 
53012.785156 3976.183594 3202.246826 2886.879150 75986.351562 
20904.656250 2805.557617 2646.285889 2211.635742 46892.207031 
45031.785156 3396.215088 1994.531250 1561.290771 39538.968750 
16121.026367 2625.027344 2179.315430 1363.597290 36940.363281 
35616.207031 4687.566406 2398.005371 2484.463623 96192.882812 
36193.449219 3595.379883 1809.992188 1225.286011 78192.890625 
24812.085938 3153.154785 1819.342773 1708.810791 77777.460938 
30487.761719 3117.725098 2509.605957 2831.346924 83147.820312 
18458.595703 3431.961182 2591.547363 3313.027832 36985.886719 
18865.828125 2070.826904 1385.552856 532.291626 31722.482422 
18539.542969 2209.231934 3686.456787 2617.363037 26142.621094 
15548.085938 4353.196777 5730.484863 6205.206543 33467.078125 
19192.560547 6105.856934 5379.097656 3962.229492 48206.265625 
14256.369141 1833.864014 1287.146973 2649.916504 43756.695312 
14280.583984 2329.893799 1932.048950 1282.538696 43188.621094 
77294.437500 5753.366699 5341.281250 4693.295410 39521.156250 
28748.910156 3030.403809 1768.506226 1471.662964 90547.453125 
18169.716797 3137.116455 2807.937744 3239.985107 27197.271484 
18751.578125 3377.719238 2247.881104 2113.796143 65907.148438 
23825.841797 2765.262695 2053.803223 1433.722290 74487.000000 
17084.101562 2862.739746 1864.355591 2733.765137 25862.599609 
27347.769531 2987.497070 1767.800171 1989.614502 115168.554688 
16787.841797 2532.533936 1876.883179 1465.484497 17243.273438 
34135.789062 2884.864502 1561.260986 652.836304 53446.222656 
13239.496094 3242.244629 1806.856689 2063.203857 28157.439453 
27194.730469 3552.514404 1738.357788 1162.488892 132682.593750 
21366.386719 2793.711182 2249.115234 1614.574341 107726.125000 
16767.195312 1886.988770 1456.386475 1424.700195 29750.927734 
35038.148438 3300.422852 2443.848145 2253.841553 59287.375000 
23508.128906 1948.439575 1106.464722 1145.750854 105548.843750 
40520.148438 3165.218750 2678.198242 3379.894531 143392.062500 
37086.140625 3547.806396 2187.631348 2185.706543 109690.398438 
21490.134766 2798.887695 3032.565918 2370.323242 78912.929688 
17339.177734 2648.352539 2689.149170 2967.639648 43921.281250 
30471.884766 2886.373291 3432.255371 3855.566895 166345.140625 
24810.984375 2898.727051 1520.871460 918.221252 75718.218750 
13780.242188 2632.870361 2826.324219 2750.362305 33273.625000 
29026.974609 3019.907471 2087.398193 1653.182861 93687.367188 
15666.303711 2278.702637 1378.663940 883.444702 18838.652344 
20347.853516 2163.423828 2013.269531 1373.194092 48447.886719 
17509.687500 2057.611328 1242.190552 1330.974121 38132.917969 
22659.068359 2172.896973 1404.335815 1418.262085 56335.523438 
18127.435547 1778.589355 992.486755 575.091248 18457.185547 
33343.921875 3114.119629 3504.078613 2685.849365 117769.992188 
13617.510742 1778.015625 1534.820190 1292.710083 25242.492188 
72378.687500 7055.224609 6511.131348 5349.431641 17422.525391 
13469.134766 2296.738281 2365.988037 3012.911621 24568.978516 
13073.751953 1558.112305 1264.988281 1667.369751 22590.000000 
15931.012695 1570.510132 855.445007 597.662476 24729.443359 
65241.214844 6901.002441 3528.327637 3098.188965 51023.546875 
18447.458984 2125.080078 1507.541504 980.550781 32676.537109 
46051.019531 4362.890137 4323.251953 4223.443848 96143.656250 
25375.683594 3146.193359 1415.649536 1243.873413 97404.640625 
15433.492188 4250.502441 2287.576172 1829.767700 49416.136719 
32591.500000 2818.814941 1867.620972 1719.639160 109101.507812 
23716.150391 2332.240234 1859.478027 1056.117065 59952.062500 
44351.335938 3460.729492 2441.056396 2331.596191 50017.250000 
24010.333984 2979.818604 1747.246338 1367.353638 96914.234375 
33516.875000 2305.168457 1549.234619 1369.985596 73973.554688 
18892.363281 2558.317383 1301.293335 1304.303833 31503.443359 
21880.546875 2095.443359 1612.586548 1294.327271 34050.671875 
35906.531250 3811.129639 3134.643311 2125.039551 103720.695312 
13805.130859 1453.537720 1167.542847 710.298035 14552.860352 
17339.890625 2077.073486 1723.596558 2008.868286 18042.753906 
19441.335938 2730.911377 3594.405518 2403.216309 31403.478516 
54101.371094 4645.177734 2852.736572 2991.217041 67516.851562 
57438.402344 4433.564941 3637.476562 2850.085938 95213.921875 
18263.496094 2209.249512 1809.558838 2250.842285 60293.140625 
47417.554688 3972.308105 2802.794189 2313.051025 60537.570312 
23499.810547 1799.211548 1036.273560 873.647644 63563.046875 
34713.843750 2892.719482 1965.810303 1465.889648 115946.195312 
15731.417969 1752.350708 1285.037231 1136.102539 20757.328125 
14026.720703 2299.659424 1575.627319 731.338074 40694.472656 
38232.578125 3100.137451 2232.739258 1913.494751 83449.273438 
29214.146484 3180.658203 2147.270020 1956.902344 114813.718750 
13452.773438 1852.689575 1644.518677 2172.189209 18442.867188 
60114.441406 5064.756836 3490.553955 2666.451660 59444.281250 
56465.371094 3704.787109 2457.348633 1905.622314 80756.687500 
20110.382812 1886.948364 1323.524170 997.690369 57368.335938 
26726.935547 3980.638428 3427.683838 3649.330811 117910.726562 
19666.085938 2920.067383 2162.513916 1716.694336 53610.996094 
14292.711914 3135.438232 2285.199219 2671.982666 32820.402344 
13929.475586 1845.367798 1990.077637 2633.017578 18134.935547 
20416.126953 3207.081055 2748.161865 2227.128662 26943.031250 
32702.480469 3392.515381 2293.900635 1428.012939 79016.390625 
38981.929688 2811.769775 2149.623291 2189.607178 68158.359375 
15282.387695 1780.234863 1242.618408 1621.869263 26636.275391 
15711.430664 5046.632812 2549.691650 4036.599854 32602.623047 
15311.220703 3502.599854 2976.073975 3446.263428 30993.947266 
30700.722656 4368.656250 2757.712891 2620.470947 148919.843750 
42203.644531 3285.606934 2438.711426 1944.579712 89205.179688 
30519.630859 2078.910156 1499.230835 1105.668823 72367.750000 
24680.431641 3409.864258 2469.534180 2150.583008 115662.179688 
32079.380859 3502.008789 2448.216064 2275.336914 127098.273438 
18035.691406 1660.148438 1114.939209 704.421692 34630.953125 
15180.423828 2833.193359 2404.290283 1668.391113 45642.015625 
18871.857422 2679.715820 3116.618896 2044.916870 57585.394531 
14648.005859 2234.853516 2124.000488 1774.638672 24673.724609 
13245.819336 2233.747559 1499.403931 2244.956787 25764.255859 
21655.986328 2491.852051 1615.701172 1527.285278 68574.250000 
30927.308594 2961.552734 2685.374512 1959.791016 118802.132812 
17859.347656 3233.800293 2485.197021 2886.926025 25150.558594 
24710.505859 3070.768311 1514.704224 1715.539429 68091.242188 
20719.849609 4049.269287 2467.010498 2865.306396 34928.089844 
35197.765625 2588.496094 1715.556519 1231.859131 66526.273438 
43897.437500 3992.771973 2341.652100 2194.007324 86395.554688 
15105.432617 3133.194824 2886.532471 3100.076904 35740.839844 
59219.320312 4627.692383 3452.501953 3093.640381 51380.285156 
18270.281250 3333.528564 2429.609863 2557.822510 29663.703125 
14504.684570 5140.758301 3125.399170 3271.593018 32240.208984 
32043.562500 2989.036133 1636.990234 1607.068970 74281.945312 
12339.149414 3380.888428 3297.856201 3135.525879 41197.910156 
30252.501953 2877.197266 1566.134155 923.287415 48176.003906 
16417.505859 1548.003296 839.139282 534.208496 15614.718750 
12811.035156 1573.341675 840.680786 713.309937 25277.662109 
19698.958984 2339.946777 1204.334106 686.697632 22652.193359 
21761.314453 2548.598877 1211.938354 1009.798340 79173.593750 
22948.496094 4723.218750 2366.036621 1513.010376 45197.437500 
13889.758789 2138.891113 1163.846558 1021.631348 24399.955078 
23259.925781 2059.914062 1188.079712 993.826904 62246.328125 
20705.359375 2301.031982 1836.116455 1289.006226 32381.183594 
62350.796875 5392.001953 5176.018066 3906.257568 53861.437500 
21163.701172 2684.757812 1931.855713 1475.530029 52690.121094 
28866.007812 4197.237305 2805.860352 1699.327515 109770.218750 
32791.773438 2477.671875 1921.399780 1263.778809 81834.375000 
65571.835938 5348.013184 3983.728271 4431.309082 42587.089844 
23876.130859 3085.484131 2048.522949 2582.839844 101682.843750 
25904.238281 3082.678955 1610.154053 1195.257690 43951.816406 
83212.265625 6920.175293 4428.548340 5863.108398 36197.914062 
37694.789062 3088.189453 1939.968628 1057.461304 67121.187500 
47637.898438 3457.963379 2727.068359 2021.786011 76035.468750 
26468.597656 3977.333008 2863.911621 3806.863770 34832.332031 
28601.505859 2547.618408 1377.201660 482.193726 21759.310547 
17635.914062 1540.840454 821.352051 705.538330 14096.370117 
24795.388672 5273.392090 3932.346436 2309.816895 24334.937500 
22179.916016 2948.111816 2339.797119 2072.834473 30392.498047 
14828.999023 1536.111694 924.876221 429.403900 16704.421875 
56996.820312 5957.161133 3414.908447 4010.945312 52414.742188 
12081.951172 1579.132812 1104.833252 810.350464 33894.316406 
23046.498047 1903.591675 930.582214 823.706055 39097.273438 
60286.785156 4529.486328 3169.146484 3264.285889 23753.353516 
18636.908203 3823.487305 4285.451172 1998.561768 28811.777344 
14176.785156 1717.139404 1139.150269 765.851929 37621.246094 
16355.765625 1751.703735 1182.978516 1047.458984 16432.007812 
53025.187500 4602.456543 3926.747559 3682.192871 82560.289062 
15675.927734 2121.798096 1694.234497 841.827148 22412.847656 
15287.169922 3031.944336 3665.708008 4155.060059 25081.824219 
34193.621094 3320.375977 3088.401367 1837.094116 111885.210938 
18462.669922 2601.205078 1687.612671 1234.748779 89266.390625 
19171.998047 2488.783936 1072.631470 710.750916 72014.726562 
29918.949219 2389.460449 1781.878906 1707.445190 68211.468750 
25752.427734 2767.428955 1534.726562 994.005371 124540.625000 
58438.347656 5099.159668 3650.029541 3109.015381 51701.921875 
16365.686523 2076.584473 1295.237915 883.744019 78713.156250 
26760.373047 2766.152344 1858.666870 1372.568726 105051.453125 
20103.484375 2730.340332 2665.909180 3145.500488 144947.468750 
19219.466797 2674.565186 2217.351807 2174.359863 105119.734375 
35117.769531 2206.434082 1756.006836 1167.280151 66463.492188 
17075.242188 1968.989258 1097.120605 1070.580811 42432.644531 
49348.335938 3367.893311 2700.950928 1918.654175 73962.023438 
23539.082031 2283.973877 1900.443970 1087.151489 49384.585938 
52739.933594 3457.478516 2123.310791 1897.083862 71874.554688 
20836.277344 3034.123779 3457.756592 2532.180664 27207.539062 
23534.123047 2443.904297 2375.562744 2134.227783 25728.275391 
30358.552734 3098.194092 2006.643433 1440.070801 58411.808594 
12827.001953 1650.221680 1202.765381 959.784363 51081.785156 
50886.371094 4193.794434 2394.160645 2275.846436 71473.921875 
34206.347656 2326.852539 1653.140991 1258.615479 52408.894531 
18305.335938 2255.560059 2067.490723 1997.741577 15754.580078 
22039.074219 3721.472900 4776.514648 5205.419922 50606.894531 
49232.289062 3574.551758 2777.101562 2710.071045 53758.125000 
56378.593750 4172.598145 3885.298340 5023.172852 31342.484375 
33352.730469 3517.500732 3059.609375 2495.807617 86765.085938 
20282.751953 2018.401855 841.750793 1513.535400 24989.904297 
54695.367188 4022.982178 2417.731445 2290.061279 29661.742188 
32915.769531 2861.895264 2662.215332 2187.021484 67434.109375 
20796.345703 2522.440186 1035.891724 759.088562 18515.080078 
19095.050781 2606.709961 5520.668457 3417.435791 44389.503906 
14838.153320 2542.435791 2423.091553 1898.923950 30908.205078 
14264.310547 1815.430054 1795.108154 1777.494507 29866.117188 
16441.679688 2327.463867 1255.118408 862.947083 45029.941406 
16231.234375 1914.110229 1488.693848 1730.214844 21553.386719 
13877.119141 1854.360840 1048.785156 883.876160 21719.826172 
25640.822266 2238.383057 1278.889282 921.247925 67258.265625 
35223.382812 3043.605469 2517.269043 2697.946045 128347.062500 
13523.309570 2425.961914 2611.209961 1526.344482 23088.226562 
58597.542969 6483.945312 4690.761719 3584.179688 30152.179688 
14954.875977 3321.143555 2030.559814 1878.702515 39920.460938 
36854.613281 2760.009521 2561.326904 2476.601807 91331.375000 
35364.332031 2890.109863 1551.089478 1378.952271 73590.484375 
24992.509766 2614.449707 1533.952271 911.691711 88447.007812 
16058.561523 1957.610474 961.396912 773.529724 28325.152344 
96892.750000 9272.544922 8560.563477 9214.663086 25207.435547 
24671.232422 3410.681396 2124.877930 2169.213379 89163.640625 
24124.437500 3491.631348 2758.140137 3521.197510 75673.210938 
31655.412109 2752.062744 2010.596924 1232.057251 87790.062500 
26531.376953 2274.771484 1323.244751 824.658142 67684.500000 
13492.258789 1415.292114 1340.212036 726.105652 26371.191406 
30430.955078 2590.689697 2278.069580 1725.950439 59207.550781 
30729.876953 2950.379395 1900.465942 1193.196655 74241.281250 
28231.208984 2765.886963 1718.447876 1644.266846 42881.078125 
18934.236328 2095.895020 1776.309082 1684.688110 20547.802734 
32660.921875 3788.851807 2559.578857 2277.317627 85285.296875 
17116.330078 2067.722656 1463.741089 1003.169739 40848.121094 
33824.585938 2840.206299 1867.629272 1882.066162 27082.714844 
21685.703125 2528.271729 3462.442383 3830.402832 24903.533203 
19405.259766 2948.260742 4309.366699 1849.036133 37173.996094 
11737.822266 2702.151855 3634.047607 4619.635742 40755.093750 
20537.646484 3432.919434 2394.176025 3380.077637 25797.507812 
11136.791992 2100.677979 1720.472290 1777.876099 34687.472656 
22618.308594 3227.065186 2489.934082 1824.840454 37254.378906 
24078.041016 2439.983643 1995.965698 1712.479736 78795.546875 
15308.775391 1821.809692 929.786987 329.527863 25852.951172 
19825.048828 2519.765869 1368.078735 1073.697388 57614.101562 
26670.589844 2625.913818 2024.601807 1802.647461 84111.312500 
65170.894531 5218.333984 4081.056152 3648.437500 57367.281250 
17199.244141 2377.952637 2494.558350 1475.590332 20275.984375 
43971.664062 3638.355469 2030.745483 2109.358643 76855.328125 
18793.697266 2526.529785 1410.920776 1477.159546 81898.570312 
16936.035156 2829.415771 4162.561035 5411.406738 64159.238281 
13799.794922 1874.072388 913.248596 656.261475 21766.919922 
22723.617188 4400.424316 2498.084717 2227.895996 92293.062500 
59206.222656 4115.590820 3474.081299 4065.196289 34473.128906 
16006.263672 3165.869141 4643.800781 4042.971680 17269.792969 
65340.171875 5370.492676 6767.170898 6362.570801 76079.421875 
31129.513672 2838.568359 1495.216187 982.751465 92984.367188 
15822.439453 2320.570068 1642.173462 2002.119751 28040.978516 
21593.607422 2358.559570 2046.457520 2016.006348 60994.511719 
60400.847656 4782.283203 3602.549316 3502.384521 35612.296875 
40960.367188 3373.891113 2253.804199 2691.228271 70866.539062 
14554.922852 5081.169922 3528.996826 2639.558105 29626.248047 
29243.316406 2789.929443 2036.585449 1410.140869 125689.851562 
31824.369141 2615.195068 2262.599609 1590.571167 85173.523438 
36342.789062 2722.567383 2031.558350 1545.715332 87442.867188 
17209.751953 2365.140381 902.370056 2930.721191 28164.599609 
53546.156250 4439.403809 3906.733643 3491.284668 59679.687500 
20185.859375 3440.173828 3056.228027 4036.299316 83047.179688 
19104.595703 2647.790039 1706.568237 1255.321411 55626.011719 
14796.740234 1816.269165 1622.303101 1538.336914 24792.187500 
15569.590820 1898.419312 1489.584106 1074.555786 18012.527344 
34810.527344 2556.003174 1694.336548 1360.631470 92884.296875 
17644.308594 3718.868408 1906.748535 1785.730469 25400.716797 
47456.843750 3032.549316 2232.909912 1609.745605 55100.039062 
20690.867188 3203.607422 2224.495605 1517.164062 61250.199219 
25907.412109 2391.180664 1769.650269 1503.968506 54679.753906 
25071.748047 2670.044678 1187.858643 1255.716919 39823.832031 
25251.583984 2132.121826 1775.558350 1154.287354 77255.562500 
13978.225586 4823.333984 3481.119629 1892.569580 46587.742188 
17094.931641 2359.396484 1747.848511 2005.948730 20162.673828 
37431.906250 2297.784424 1489.781128 1347.995972 59092.019531 
22926.662109 3180.685303 2468.810791 1961.437622 75706.312500 
37860.312500 2332.335693 1574.388550 1140.002319 38120.125000 
69274.843750 5839.863281 5009.155762 4748.055664 33348.757812 
32748.175781 3797.715820 2015.454590 1354.270508 72688.062500 
16006.066406 1650.373291 923.175537 687.862610 14751.007812 
23572.003906 3631.965820 2642.303223 2012.406006 23527.513672 
12282.317383 2451.871094 1592.991089 3018.811279 37585.265625 
31336.033203 3883.897461 2450.359619 1797.816040 87678.593750 
46075.617188 3754.562744 2540.160156 2795.027344 109250.078125 
23779.050781 2517.944092 1366.742310 1552.516724 56546.613281 
41484.699219 3033.760742 1677.633667 1823.355225 40750.156250 
40785.824219 2878.548584 2132.302734 2785.504395 55750.546875 
30613.021484 4031.117920 3788.638672 5183.930664 120246.335938 
14164.426758 2506.704590 1480.108643 2047.732300 32903.828125 
21596.314453 2374.008789 2030.167603 1582.023071 65233.562500 
27212.408203 3651.681152 2564.245361 1625.255493 105833.343750 
25324.296875 2406.202148 2213.922852 2585.819824 106417.335938 
13999.098633 1834.112671 921.346130 589.842957 19670.054688 
83917.117188 7153.105469 4922.562988 4426.114746 29609.205078 
20595.705078 2398.289795 1417.206421 1301.956177 34386.628906 
63556.105469 5071.964844 2715.541504 3342.439453 63121.496094 
54029.945312 3740.094482 3146.540039 1848.536133 25853.587891 
75489.125000 6444.188477 5592.383789 5091.464844 23980.164062 
63684.285156 5666.200684 3284.876465 3393.180664 48581.328125 
20559.505859 4160.481445 3010.040283 2637.899902 22090.859375 
33739.078125 2798.016602 2385.132568 1996.066895 107026.218750 
14305.614258 2360.559570 2162.057617 1377.986084 28112.896484 
44261.125000 3978.495605 3228.267822 4219.139160 135883.734375 
17417.205078 2029.775024 1514.676880 1776.965820 22054.076172 
13784.775391 1974.168701 1813.740723 1221.582520 26424.105469 
31577.484375 2984.007812 1486.411621 1351.184204 118839.578125 
76305.648438 6289.243164 5302.954590 6745.010742 73977.078125 
24975.298828 3994.020752 2474.721680 3109.123047 120755.976562 
19985.355469 2038.909790 1091.016113 614.080872 66493.929688 
21832.718750 1705.525513 1283.081909 950.674500 55585.746094 
58704.742188 5479.468262 3468.269287 2557.782959 57429.253906 
16202.378906 4434.823242 3451.392090 2382.744385 25899.449219 
47418.539062 3617.686768 2555.035156 2615.811768 137975.421875 
23086.650391 3503.928711 2912.621338 2406.510254 96478.070312 
60531.917969 5194.269531 3755.950684 4117.122070 62446.550781 
21297.972656 3053.990723 2556.994141 2040.863281 35341.820312 
14490.853516 4358.631836 2321.151367 2500.159180 35356.667969 
20562.621094 2549.462891 1584.697388 1609.787231 54753.722656 
29553.480469 2792.891357 2414.298584 2321.474609 113942.117188 
33717.906250 3162.312988 2646.693115 2898.906738 148768.000000 
21561.330078 2431.817383 1969.906860 2676.514648 122786.335938 
19322.773438 5066.306641 2712.274902 3345.375244 27925.527344 
49921.355469 3548.078125 2455.460205 2418.494629 91077.648438 
28932.699219 3866.269775 1714.659546 1880.800903 86564.617188 
40954.757812 3035.557861 2160.631104 1894.152466 70137.492188 
22712.527344 3099.630859 2226.929199 1914.048096 33586.757812 
18323.800781 3262.587402 3685.150146 2864.225586 47065.425781 
20748.750000 4178.319824 4937.665527 5558.773438 112710.132812 
22483.587891 1914.121948 1149.318481 749.457031 39330.890625 
11848.817383 1360.359253 613.835266 688.150085 26565.876953 
45489.515625 3736.288086 2580.572021 1998.351685 110816.960938 
38699.687500 3070.673828 2190.016846 1522.577759 95085.789062 
12117.449219 2276.169434 2256.544922 5022.090332 50641.839844 
17080.214844 3688.668457 3066.816162 2259.975098 26929.472656 
14058.462891 2161.809326 1700.654419 1016.701538 25010.238281 
14983.617188 2337.966309 2057.357422 1755.109497 38355.214844 
39469.367188 2476.923584 2008.897705 1725.917114 50434.031250 
29052.775391 3583.466797 3147.555664 2756.410156 113630.960938 
56959.441406 5450.653809 3888.573242 3746.478027 54710.300781 
26715.466797 2547.744385 2461.900879 5990.125000 60646.609375 
18581.904297 5764.340820 4339.693359 3695.850830 54496.527344 
36763.417969 4062.282959 3187.925781 1525.807739 108320.093750 
18623.677734 3304.036377 2198.722168 975.425598 21060.552734 
39536.871094 3462.385010 2537.867432 2473.604004 147073.859375 
25919.019531 2911.194824 2416.807861 1786.551392 99227.976562 
16630.056641 2252.898438 1678.217529 2146.041504 34119.851562 
25501.087891 3655.475586 3164.981934 3027.096680 145670.828125 
15872.010742 2103.766357 1869.839966 1067.173218 21031.779297 
27391.224609 3521.727783 2781.728760 2193.418945 109601.046875 
26731.736328 2376.563721 1694.702393 1252.625122 89093.617188 
25077.589844 2523.609375 1731.459717 1722.276611 93685.445312 
15087.121094 2505.249023 2386.353027 701.323242 32311.906250 
21695.447266 2486.905762 1574.968628 1143.227661 73657.976562 
19080.285156 2104.270752 1855.160889 1291.874023 28704.279297 
30577.091797 3337.571777 1721.119263 2198.569092 73670.664062 
21247.794922 2730.519287 1631.954224 1635.053223 66929.656250 
23083.107422 3608.986084 4136.337891 4324.549316 27110.916016 
17612.394531 2277.822510 4727.426758 5963.300781 17458.458984 
22954.373047 2758.575928 2112.506592 1205.327271 35108.531250 
41931.203125 3089.681152 2369.010010 2337.116943 114845.265625 
23811.640625 6112.036133 5388.237793 4871.583496 73352.156250 
43083.019531 3265.672363 2843.861572 2244.543945 93401.843750 
19647.791016 2843.619629 2563.381104 2961.157227 34742.125000 
35291.441406 3065.810547 2465.457031 2284.600586 71798.601562 
18983.193359 3097.663086 3956.987061 3570.290039 34321.148438 
21569.343750 2793.603271 2358.891113 1949.843872 35853.621094 
69794.070312 5533.095703 4956.660645 5993.100098 48889.371094 
17541.595703 3246.397705 3269.940674 2541.960693 25092.531250 
15124.600586 1967.157593 1814.615845 1848.328491 25291.224609 
14412.820312 2992.749512 1318.353271 1218.501709 27713.074219 
31030.869141 2524.333740 1611.608521 1399.675293 82626.140625 
27914.849609 3520.719482 3606.917480 3312.338867 248469.843750 
58852.742188 5667.845703 3883.931152 4029.597412 61166.734375 
30700.076172 3261.264160 1859.970337 1199.824341 141155.078125 
15371.676758 2348.956543 2432.072510 3745.688477 35316.828125 
14335.266602 3086.634521 2086.000000 1502.284546 24004.830078 
40516.683594 3734.091309 2982.246338 2344.683105 135927.171875 
30025.683594 3019.140381 1884.151245 1561.318848 125976.468750 
17074.605469 1952.844360 1447.420166 1043.585449 19660.138672 
14633.065430 2339.758301 3407.968018 4609.074707 25599.644531 
42199.406250 4362.302734 3093.285645 3094.569580 142046.500000 
74354.164062 6580.110840 5726.047852 4246.018066 42064.398438 
59088.585938 5433.412598 4913.461914 3887.419922 145110.875000 
17821.320312 2945.614258 2048.944092 1038.524536 65426.484375 
39207.546875 2766.197266 2219.813965 1987.869751 149078.453125 
28355.386719 2207.103516 2064.282959 2166.250488 128451.062500 
23362.648438 2605.049805 1781.187500 1213.910645 166907.500000 
20014.326172 2171.897705 1457.237671 1122.238770 84587.671875 
22006.632812 3473.450439 2161.750244 1681.394531 150276.687500 
65461.222656 5964.646484 5906.234375 5230.116211 41562.066406 
22382.111328 3222.518066 3412.933105 2399.252930 138356.828125 
25497.607422 2468.205811 1236.539185 921.216553 67906.554688 
22697.355469 2750.169189 1619.980835 881.016663 29837.580078 
16952.011719 2889.055176 2841.044922 2977.036377 22045.457031 
74318.851562 6784.648926 5579.754395 5382.320801 33550.160156 
15284.804688 3041.218506 1593.151001 1433.529541 55556.839844 
21008.312500 3714.232178 2615.520264 1312.933472 23732.226562 
17271.083984 1662.290649 3199.395752 2302.070801 30769.091797 
26207.669922 4332.153809 3941.113770 4973.793945 40214.402344 
31133.314453 4254.854004 3153.653320 3141.484375 52729.316406 
36345.882812 2711.266602 2664.294189 1810.444336 40816.570312 
15714.745117 4121.086914 3776.059570 3048.406494 81213.273438 
33703.562500 3660.556885 2235.333984 1929.737671 89924.796875 
36677.046875 2954.326660 2697.170166 2193.253906 77685.093750 
25984.490234 3071.927490 2011.233887 2463.334229 63603.691406 
25325.519531 3386.449219 3172.740234 4312.277344 48260.781250 
21546.240234 4746.648926 7141.930176 4077.602295 42937.667969 
12555.927734 3506.269775 2505.093750 3931.739258 70868.882812 
16265.640625 3535.507812 4311.103027 5525.336914 63131.093750 
26296.994141 2257.979248 1972.768188 1744.377319 16120.517578 
24581.236328 3830.528320 4707.661133 3915.884277 69565.367188 
66572.281250 5062.571289 4092.708252 3009.232910 41296.867188 
22540.447266 2880.203369 1716.022949 1412.609253 35885.738281 
64957.328125 6407.505859 5388.188477 5309.233398 68994.445312 
24143.041016 2914.355225 1310.482300 1356.378784 69906.515625 
32874.980469 3600.576904 2223.670898 1547.525146 117698.414062 
19637.187500 2573.511230 1920.403320 2482.406738 39330.968750 
14240.618164 1895.647339 1464.406372 862.676941 17515.437500 
17747.906250 1442.068115 897.836182 629.684326 22982.511719 
19239.775391 2823.586182 2645.532959 5038.806641 27271.138672 
33574.367188 3182.391846 2467.488525 2106.667725 79255.601562 
21644.925781 2967.836426 2168.859131 2717.016113 22768.953125 
23986.269531 3230.781250 4077.208496 3691.710205 42043.183594 
28116.308594 3357.427246 2176.148682 1414.704956 94550.171875 
27593.283203 2731.453125 2023.708984 2003.678101 88060.656250 
20891.363281 2067.172607 1055.240356 676.793701 57074.386719 
17653.072266 3916.027344 3516.176025 2349.493652 25577.855469 
50604.566406 3577.747314 2387.388672 2639.764893 71870.593750 
16580.091797 2092.711426 1832.507446 1590.736694 39715.664062 
16342.929688 4329.922363 6020.007324 4648.970215 59963.480469 
23365.712891 1881.225464 1731.284180 1503.119141 73188.359375 
17076.478516 1634.972412 1036.784058 1330.018677 24850.210938 
21953.673828 2534.164307 1808.093506 998.809570 18436.468750 
23438.402344 1976.228516 1403.364380 1191.644653 128641.335938 
24943.429688 2846.759277 2133.880127 1001.659546 17719.824219 
55364.570312 4449.378906 2991.124512 2216.958008 69463.953125 
55480.820312 4609.081055 2987.908203 3083.198730 121079.445312 
18596.443359 2255.823730 1259.826660 778.606140 29371.576172 
81757.914062 7956.515625 8082.292969 5976.876953 54637.250000 
20918.628906 2524.548340 2299.803955 1723.170166 93963.390625 
65948.054688 4937.082031 4407.644043 2753.904541 56867.273438 
24534.656250 2747.287842 2203.866943 1719.753418 136828.687500 
23054.337891 2248.916992 1494.610596 1493.393921 59060.488281 
19764.855469 5248.382812 4722.628418 8661.291016 66571.445312 
43445.015625 3555.697021 2533.872070 1761.827759 77303.687500 
31918.382812 2222.852539 1677.746216 1538.905151 44570.035156 
37296.613281 3283.168457 3037.323975 2706.371094 93420.726562 
34481.054688 2856.724854 2030.165527 1285.406250 98655.820312 
32796.324219 2458.797852 1609.001587 1396.322998 61359.523438 
47566.269531 3676.084961 2261.924316 1680.188965 43407.078125 
65582.601562 5264.144043 4393.575195 3780.236328 44596.929688 
28172.912109 2829.311035 2387.176758 1490.986938 80241.578125 
56123.242188 4635.026855 4037.709961 3072.822754 58045.777344 
28217.986328 2887.758301 2144.864502 1380.440918 108115.195312 
62334.847656 5097.793457 3734.598633 2990.213135 59839.234375 
22387.824219 2009.418823 1396.654541 1598.995239 66760.101562 
38131.359375 2939.096191 2540.203613 2322.201416 122347.265625 
24830.798828 2954.182373 2675.066162 2810.928223 26232.728516 
18423.369141 5929.451172 3106.298828 4849.462891 91838.093750 
17623.607422 3487.093506 7507.768066 5946.282715 102567.195312 
49772.835938 3904.904053 2967.850586 2412.414551 63268.406250 
19960.835938 2000.951660 1230.963013 798.439209 37395.066406 
22112.537109 2337.656982 1018.693420 626.919434 24795.369141 
52271.484375 5075.121094 3177.942383 2740.192139 82940.398438 
33979.492188 2875.309570 2107.146973 1550.385498 71561.570312 
17715.404297 2329.572510 3817.033691 4844.813965 50676.730469 
18120.025391 2668.806885 3796.759033 1722.265259 23177.929688 
46972.292969 5058.097168 3380.515869 3140.973389 119795.375000 
45546.546875 4054.731445 2048.952637 2272.777832 57898.722656 
19343.128906 3355.638428 3432.887695 1449.910522 20168.572266 
26340.890625 4686.296387 2967.096680 2477.300537 52262.707031 
15510.858398 4813.783203 7634.775879 6166.905762 57549.988281 
20061.828125 2331.754395 1152.275391 1047.967285 39371.632812 
19871.925781 2519.161133 1566.093140 1455.730835 27932.142578 
30776.265625 2422.668701 1635.744629 1253.674072 65405.597656 
24115.849609 4592.035156 3352.572754 2402.714355 44932.890625 
12705.046875 1587.619873 1581.913330 464.751343 61825.984375 
34173.847656 2797.947266 1852.911621 1885.001465 59606.058594 
13742.587891 2534.228027 1759.390381 1444.467407 60715.558594 
17494.029297 4236.784180 4063.728271 3066.417969 52359.523438 
50358.437500 3980.002930 3217.523438 2661.577393 92548.804688 
15704.048828 3142.287842 2322.229736 2032.718750 39550.804688 
12015.312500 1377.609985 957.267090 731.000854 49118.351562 
20071.283203 1885.163086 1839.392090 823.465393 46620.675781 
13262.139648 1219.055908 666.925659 584.338989 16691.093750 
21166.968750 3749.445068 2306.798584 1711.095825 32402.900391 
85721.789062 8229.379883 4240.154785 4717.762207 36623.839844 
18984.046875 2602.312988 1706.307007 1906.087280 24826.345703 
21175.595703 2767.850342 2047.117554 2309.900391 46054.703125 
55425.199219 4640.651855 3406.655518 1843.277100 46012.480469 
20690.132812 2236.760254 1570.760742 1508.675415 85052.867188 
22617.189453 5595.060059 8183.876953 5423.902344 147909.625000 
47880.531250 4003.789062 2881.396729 3752.581787 141892.578125 
25593.746094 1838.976807 1083.210693 676.117065 91874.757812 
15311.275391 1644.841675 1017.916992 524.991821 29710.593750 
22409.060547 2356.913086 1422.273071 1333.544922 45244.808594 
10760.328125 1347.284546 814.417480 711.607971 27216.681641 
27541.898438 2854.109131 2012.989258 924.588989 105624.585938 
66127.781250 5083.211914 3574.447266 5932.389160 28374.013672 
24036.160156 3630.972168 2961.273438 1949.554443 89580.921875 
24120.431641 2430.697510 1124.736938 848.586426 36611.144531 
11424.382812 2875.365723 4633.314941 7162.039062 114014.734375 
50158.378906 3734.290527 2693.600342 1863.388184 43483.609375 
43338.191406 3126.855469 2208.967285 2154.259766 75325.320312 
24683.427734 2161.333496 1538.214478 1022.835876 33457.097656 
20567.273438 2075.538818 1210.484253 1048.511108 35897.769531 
36180.175781 2901.741699 1817.372925 1149.309448 57145.742188 
26983.832031 4570.941895 2481.900391 2046.333374 60644.730469 
18263.652344 2905.906494 1572.352783 2027.824097 22926.560547 
17111.962891 2432.616211 1638.959961 1209.412964 74290.500000 
14440.313477 1497.453857 1248.457520 1357.909424 50299.527344 
15112.914062 1637.916992 826.872986 586.746582 36868.265625 
28542.435547 3033.405762 1835.996216 1844.597412 53349.503906 
71192.375000 5678.382324 4259.513184 3767.298584 39890.449219 
18462.570312 1956.034058 1075.248413 875.187866 49856.347656 
91301.554688 7464.816406 5933.827637 4411.959961 23993.361328 
32463.509766 2677.790039 1612.528442 1575.637573 69089.375000 
34618.644531 2576.796631 1438.495361 1336.017334 79124.914062 
43911.003906 3430.787109 2014.554565 1884.010498 53807.800781 
19943.380859 4574.139648 3831.636230 2290.277588 57129.570312 
51360.746094 4061.449219 2343.840088 2219.102783 56274.386719 
13118.284180 1851.194092 1570.157837 1382.968018 28968.361328 
32141.087891 2688.040527 2088.522949 1360.879395 90904.148438 
57143.910156 4137.154785 3557.664062 2775.024902 57084.625000 
24878.857422 2347.903076 1653.233154 1458.025269 89141.062500 
21562.347656 2715.471680 1569.954102 1543.300781 35879.480469 
15764.054688 2133.576172 1883.776733 1369.159790 21656.339844 
24855.093750 2419.387207 1681.161743 1030.442261 79682.117188 
63557.375000 5361.384277 4813.504395 3888.036621 31607.593750 
12164.707031 1660.246582 1178.041992 875.206604 15890.638672 
27667.292969 2602.054688 2435.443359 1919.743774 107038.242188 
17821.960938 1999.516235 1832.494995 2357.164551 28463.205078 
22029.921875 2313.086182 1657.811890 1588.770996 42403.128906 
52059.257812 4092.078613 3226.981445 2865.096436 91195.960938 
26770.818359 2755.768066 1805.792480 1540.068481 79869.992188 
24907.380859 3439.120117 1829.759155 1611.535278 82970.812500 
21181.933594 3445.525635 2133.808838 1802.344604 88544.804688 
53034.957031 4823.526855 2977.158447 3119.195801 59797.546875 
24215.142578 2571.970947 1354.258423 1339.447021 66678.203125 
24602.853516 2908.812012 2061.120361 1854.385864 44699.886719 
64946.457031 6272.937988 4515.321777 4856.379395 52706.207031 
25758.066406 2224.772217 1705.081543 1475.136475 48068.058594 
74712.531250 5943.206543 5445.276367 5572.018066 34281.140625 
41229.242188 3769.329590 2129.625488 1996.281250 63294.800781 
36818.921875 2653.219482 1585.949829 1705.517212 46777.652344 
11837.478516 2403.672852 1310.504639 1091.956299 61546.820312 
39802.796875 2932.460205 1717.239624 2006.761719 45866.500000 
20800.457031 2774.675537 3122.538818 2275.632080 25844.800781 
61742.761719 5521.158203 3490.524658 4540.334473 30538.046875 
37917.859375 3418.054199 2704.572021 2490.394775 101804.406250 
25229.179688 3281.065186 1906.043091 1472.616577 64899.886719 
14241.652344 2358.654785 2622.051758 2147.807861 35643.152344 
60911.980469 4735.484375 2709.499023 2855.207764 48219.007812 
23274.519531 2324.223145 1383.441650 1163.865601 20455.939453 
20412.759766 2943.285889 2361.904297 735.975769 30296.718750 
21238.646484 4335.457520 2501.909668 1764.597046 19956.201172 
55387.039062 5016.499023 3128.004150 2293.920166 36272.292969 
30817.593750 2788.136719 2241.492188 1672.830688 168729.296875 
14587.009766 1472.869019 716.895935 451.151855 15958.648438 
24712.011719 2548.881592 1818.014038 1502.431519 123133.523438 
46718.734375 4176.909180 3882.508301 4202.060547 133602.984375 
34108.203125 2760.563477 2186.874512 2403.885498 129227.195312 
33248.359375 4373.183594 1498.235474 2297.057129 116665.757812 
28504.568359 2418.156982 1393.437012 1247.036255 87594.500000 
17222.837891 2380.546387 2871.175049 1752.731445 48275.117188 
24150.267578 3355.633789 1593.688232 1251.927734 75521.359375 
34757.753906 2998.986328 1948.331421 1258.669800 112488.937500 
29916.029297 2748.957275 1766.626587 1592.151978 65227.730469 
15233.350586 2282.861328 1825.010620 1386.346924 19170.839844 
14038.117188 1639.246582 1126.825073 773.099060 25402.652344 
18823.830078 3233.789307 2753.710693 1869.226318 46830.437500 
31564.990234 2478.506348 1891.682251 2048.852051 60654.152344 
15603.017578 2597.685059 2623.418945 2102.441650 40977.613281 
38223.078125 2583.977295 1905.884155 1737.968872 92623.203125 
16729.537109 3465.317871 2941.243408 2267.782715 28699.097656 
58023.589844 4491.037598 3234.369141 2802.555908 69904.109375 
12775.073242 2488.411133 3494.339355 3689.362061 50705.437500 
18189.132812 2199.628662 1586.717163 2689.924072 29326.640625 
22968.402344 2416.190674 1449.259766 865.430603 60703.949219 
16867.480469 1841.685181 824.141418 732.239563 23425.970703 
15567.611328 2093.310059 1539.954102 1933.156372 20581.775391 
67208.507812 5951.834473 3888.198242 3074.492432 34679.421875 
29181.517578 3296.203369 1957.898071 2432.688232 151101.937500 
35000.640625 3307.510010 2134.342529 1893.088745 127939.625000 
25340.130859 3401.695801 2342.898682 1444.725464 126513.250000 
19428.087891 2208.571777 1563.289795 1507.057861 37779.511719 
33666.179688 2270.771240 1755.264893 1523.461426 71113.593750 
21373.556641 2364.332275 1997.740845 737.642090 28126.462891 
50820.468750 3503.877686 2542.305176 1975.704224 77719.359375 
40470.367188 2608.215088 2579.466553 1936.322266 44188.183594 
27669.232422 2351.350586 1683.865845 1114.720337 70481.437500 
25889.496094 3793.234131 2547.953125 2689.995117 41220.667969 
16023.117188 4159.895508 3775.612793 1958.902832 43430.882812 
15208.183594 3413.073242 2534.119385 3667.682373 41764.375000 
29053.451172 2518.660400 2311.848633 3184.590820 97502.539062 
12769.867188 2625.758301 3490.004395 3330.829590 36675.992188 
16982.330078 2129.890137 1095.370239 502.385406 19792.417969 
21072.162109 2548.874268 3841.337402 2740.258301 24676.750000 
21791.005859 3200.858154 2644.228760 2806.566650 41532.085938 
25511.964844 3050.828125 2313.322998 1911.386841 60271.882812 
21413.599609 3719.385742 2278.635498 3767.469971 24193.126953 
26709.162109 3239.673340 2109.606201 1805.423584 57557.441406 
23885.373047 3214.593018 3102.552490 1942.394897 56543.078125 
15092.875977 2118.058105 1323.461182 1732.010010 28074.378906 
17603.089844 2454.289062 4192.613770 2011.318726 55239.378906 
29471.699219 2676.745117 1754.447388 1341.779053 70079.671875 
78568.953125 6309.367188 4576.970703 5278.641113 40669.343750 
15197.468750 2642.223633 1713.255493 2530.235107 58717.441406 
17367.187500 2905.637939 3529.185547 2481.103027 23363.189453 
51285.109375 4558.475098 3635.784424 3512.452637 62189.285156 
18539.878906 1736.415771 886.680298 670.523010 29270.982422 
31299.271484 3813.175049 4047.402832 2650.448486 126823.429688 
30074.115234 3132.469482 2376.545410 2060.839844 72336.164062 
14228.625000 2028.415771 1317.646729 1822.325562 27212.462891 
40342.007812 3954.975830 2172.651855 1856.607788 98527.515625 
16681.095703 2237.927979 1970.142212 1981.870483 45320.289062 
54791.988281 3948.400635 3076.312012 2236.202637 69926.171875 
23414.962891 2951.594971 2445.486572 1904.642944 114726.671875 
53453.488281 5178.241699 3712.626221 3746.127441 64780.718750 
58317.402344 5025.492676 3370.361328 2522.617432 75607.476562 
24599.535156 3480.132568 3079.644043 2073.001709 91205.343750 
30544.218750 3649.892578 2875.067139 3002.076660 108528.000000 
55651.730469 4468.755859 3464.820801 3208.112549 38812.867188 
15391.751953 1985.083496 1633.868408 1004.983398 26205.021484 
13896.694336 2081.508301 1911.186035 2579.232178 46081.519531 
15983.805664 4488.472656 5286.445312 3983.443848 27697.560547 
12573.589844 1859.725830 1348.568359 1586.602539 42224.824219 
22640.414062 5129.504395 4254.740234 3597.108887 23742.259766 
30498.373047 2950.715088 2166.307129 2022.334595 72877.867188 
24404.626953 2691.562256 2509.469727 3558.194580 62165.996094 
16333.164062 3704.737549 3696.942871 4420.984863 89630.304688 
34216.304688 2433.418701 1819.510132 1711.755493 28996.083984 
21856.505859 4420.615234 3983.026855 6399.541016 39256.144531 
16293.451172 1967.811035 1023.512146 790.729492 29255.906250 
14391.955078 1623.384399 1938.108032 2142.863525 30842.785156 
14717.493164 3353.781982 6523.702148 5495.999512 79054.789062 
29600.929688 2532.824463 1524.884888 1224.249268 49080.921875 
17048.455078 2363.231445 1419.929932 1182.520874 20415.781250 
15767.677734 2922.351807 1633.825928 1569.586548 38425.851562 
19493.503906 1730.985229 1113.766846 858.433594 68329.843750 
14796.302734 1509.992310 819.341064 597.306091 38322.320312 
40110.511719 4289.928223 3220.514404 2077.050781 127081.960938 
32427.361328 2641.401855 1740.849731 1539.316162 53435.714844 
45356.285156 4177.992188 2593.485596 2782.645508 78854.492188 
19040.185547 3338.966553 1679.839722 1014.512573 38415.761719 
17575.085938 3266.054688 3145.915283 2567.336670 28634.035156 
21285.820312 3238.459717 2856.108154 2747.160889 52649.246094 
17820.494141 1543.312134 1087.198120 898.950989 42869.285156 
27307.814453 2442.736572 1323.214111 934.745544 49821.046875 
14318.214844 1420.366333 582.498901 474.506287 19629.148438 
33172.695312 3527.651367 1914.274780 1333.865356 64768.726562 
32496.833984 3918.939941 2414.023193 2388.834717 106654.585938 
12301.468750 1323.275513 704.563293 810.298828 18596.792969 
22603.169922 2471.180664 3135.262207 2915.564941 141847.515625 
16289.449219 1763.035889 1247.429932 917.563171 32591.025391 
16721.994141 2685.788330 2221.999023 1347.307007 23843.810547 
51769.609375 3892.471924 3904.421143 3077.083008 88693.773438 
27647.779297 2612.989014 1969.497437 1674.541504 69373.992188 
13923.544922 1424.198608 787.302246 613.471558 20827.886719 
13294.262695 1443.343994 867.009155 505.762604 16973.001953 
31659.484375 2713.193359 2089.149414 1232.007446 91956.140625 
15701.526367 1511.898071 1517.698120 786.915771 27997.619141 
32832.992188 2762.027588 2078.188721 2097.646484 115690.679688 
14717.500000 3206.849121 2881.452637 3409.066895 44133.414062 
37370.511719 3128.767090 2220.307861 2228.354004 80527.328125 
36295.914062 3505.047119 2230.686279 1772.552490 98014.437500 
15825.454102 2146.162598 1094.949341 1527.990234 33646.449219 
14549.361328 1243.482666 926.066040 431.733765 19245.562500 
37689.375000 3068.946777 2204.475830 2221.728516 67566.125000 
64106.894531 5282.274902 3439.030762 3411.265625 34114.851562 
20638.810547 3041.903564 1928.680786 1560.747314 90476.062500 
