0.836606 
0.635675 
0.507888 
0.843499 
0.597532 
1.112319 
0.479769 
0.589506 
0.818715 
0.743976 
0.689806 
0.707623 
0.806598 
0.629456 
0.807895 
0.858631 
0.777024 
0.370192 
0.587450 
0.399124 
0.774437 
0.551157 
0.654670 
0.519361 
0.393222 
0.674985 
0.344356 
0.533433 
0.447594 
0.522664 
0.535774 
0.302546 
0.940507 
0.712646 
0.418321 
0.940287 
0.858235 
0.835430 
0.400870 
0.609724 
0.456230 
0.264844 
0.625756 
0.663962 
0.773330 
0.464107 
0.510977 
0.622497 
0.691213 
0.550011 
0.557576 
0.723488 
0.509504 
0.531516 
0.481766 
0.260903 
0.908062 
0.542306 
0.597746 
0.678819 
0.521124 
0.591202 
0.630073 
0.653983 
0.867325 
0.581554 
0.566914 
0.398515 
0.288179 
0.445541 
0.447200 
0.334993 
0.665243 
0.513036 
0.546325 
0.534369 
0.450389 
0.775339 
0.680964 
0.859760 
0.757009 
0.743830 
0.458131 
0.658332 
0.497319 
0.318386 
0.672097 
0.768673 
0.672716 
0.517409 
0.747449 
0.499880 
0.728732 
0.186927 
0.592202 
0.486321 
0.565294 
0.664342 
0.560175 
0.826398 
0.580627 
0.630168 
0.652155 
0.584374 
0.373777 
0.532674 
0.650330 
0.414711 
0.278298 
0.930554 
0.689761 
0.341879 
0.716050 
0.504555 
1.092538 
0.566997 
0.947562 
0.787777 
0.598508 
0.629879 
0.438155 
0.676255 
0.992678 
0.395542 
0.550512 
0.293813 
0.516640 
0.923466 
0.992409 
0.776379 
0.657190 
0.564088 
0.507276 
0.670829 
0.713232 
0.454798 
0.387838 
0.568814 
0.695066 
0.568168 
0.470911 
0.684741 
0.649483 
0.956876 
0.831384 
1.122371 
0.450794 
1.028361 
0.476997 
0.436095 
0.509154 
0.305683 
0.605748 
0.652661 
0.968929 
0.906261 
0.758965 
0.626021 
0.637875 
0.503704 
0.675091 
0.407938 
0.544524 
0.827414 
0.635884 
0.466583 
0.359389 
0.307747 
0.471467 
0.736015 
0.705828 
0.466666 
0.553855 
1.003391 
0.230210 
0.804725 
0.727603 
0.624388 
0.357336 
0.458728 
0.773109 
0.515792 
0.401748 
0.662917 
0.389850 
0.468028 
0.508696 
0.586064 
0.455370 
0.504120 
0.595005 
0.550269 
0.566434 
0.491724 
0.721321 
0.152299 
0.720393 
0.829135 
0.599489 
0.652378 
0.667349 
0.332785 
0.616798 
0.259170 
0.490856 
0.660530 
0.925724 
0.403317 
0.858715 
0.410838 
0.505494 
0.701028 
0.547191 
0.566511 
0.723550 
0.322691 
0.273224 
0.497644 
0.580256 
0.410046 
0.673984 
0.479186 
0.692667 
0.720942 
0.477149 
0.302201 
0.667708 
1.136519 
0.532361 
0.838934 
0.376178 
0.658931 
0.612072 
0.588484 
0.608978 
0.536760 
0.384789 
0.193460 
1.304892 
0.519575 
0.747266 
0.668162 
0.465943 
0.697924 
0.572221 
1.248179 
0.396132 
0.651919 
0.384048 
0.465453 
