38769.078125 7513.565430 7448.533203 3080.276367 19910.150391 
40844.675781 5077.703125 4225.774414 2546.431641 17305.492188 
40818.171875 5496.721191 3148.143311 2437.895264 21149.373047 
39965.566406 5768.038086 3910.948242 2056.518799 18430.253906 
45798.750000 12777.798828 8295.933594 4929.331543 26199.548828 
44192.570312 7106.566406 5193.530762 3016.984375 28589.058594 
34952.343750 7414.087402 4731.400879 2292.775146 15901.519531 
46606.542969 8208.666992 4239.251465 2316.853271 13215.196289 
50248.664062 7152.719727 5935.331055 4239.385742 30090.195312 
40584.472656 4840.437988 2934.776367 2029.251221 14692.696289 
30863.480469 4150.753906 3389.989990 1974.029663 19861.417969 
44581.691406 5899.291504 3201.999512 2131.197754 14067.273438 
45028.160156 8265.618164 5054.614258 3058.345947 25965.626953 
42326.312500 5674.174805 4196.216797 4073.648193 21218.441406 
38667.234375 5476.003418 3901.306396 2150.602051 17037.769531 
42457.617188 5721.872559 2855.016846 2078.973633 22730.029297 
39792.714844 14815.169922 5499.459473 3892.997070 24548.625000 
34138.742188 4559.763672 2689.886719 1311.840942 9044.016602 
45331.136719 6859.794434 4178.106445 2706.319824 25569.076172 
33113.351562 5325.196777 3342.270996 2764.981934 21515.910156 
