71902.882812 15205.052734 15354.483398 14839.009766 91221.015625 
88853.023438 15789.393555 12609.179688 12265.659180 109282.804688 
84259.273438 20326.976562 19166.800781 15850.890625 121118.867188 
71594.554688 19165.638672 16722.183594 14813.431641 88482.250000 
76632.648438 17077.914062 12440.076172 13644.384766 114129.492188 
64994.085938 12769.651367 9023.840820 11235.990234 91932.968750 
97637.789062 26844.888672 27904.576172 20156.486328 198476.453125 
79248.570312 17961.144531 18290.656250 16147.950195 126225.875000 
80751.625000 24384.822266 26119.183594 24296.316406 163739.968750 
76467.031250 15018.572266 12406.644531 10455.738281 102669.828125 
77047.992188 14164.315430 9842.419922 10648.634766 64892.914062 
69805.031250 13966.528320 11555.080078 9819.421875 92565.757812 
71649.640625 13215.964844 11091.283203 10642.763672 97864.187500 
85224.187500 19456.503906 15093.856445 16305.886719 117312.750000 
85600.085938 20198.257812 16290.718750 14603.315430 80023.445312 
93059.539062 26827.597656 16539.193359 12622.545898 151872.359375 
70543.929688 13971.486328 9368.068359 8923.339844 83228.039062 
78259.890625 16824.492188 14981.400391 10540.044922 71072.093750 
71713.726562 14320.708008 11242.529297 9395.216797 65601.093750 
75151.640625 16335.262695 12377.543945 12952.925781 78481.164062 
