82.358620 60.005875 61.895126 71.374939 62.881977 0.027976 
77.885818 72.172813 77.783455 72.120872 65.398964 0.000000 
71.226257 54.680305 62.124638 60.446308 66.991257 0.000000 
73.021820 57.582062 75.821602 69.892204 73.584175 0.019782 
74.310989 49.256500 58.033985 59.604710 69.328209 0.000000 
72.971420 57.212990 63.797611 61.486378 68.231354 0.000000 
70.865326 60.572247 62.548473 64.526024 73.111603 0.000000 
88.889244 49.633686 55.437538 56.815742 64.026886 0.000000 
74.286079 52.057819 44.966839 57.972141 64.789886 0.000000 
74.917358 61.982803 67.160286 70.104240 73.260544 0.000000 
74.448975 54.126476 57.902771 60.725365 68.022133 0.000000 
79.468323 47.761242 60.195179 58.451733 53.832626 0.000000 
80.988869 55.019974 62.723175 59.608677 71.829666 0.000000 
73.676285 59.023338 56.815739 60.739323 70.048607 0.019782 
83.205803 74.512825 74.160652 61.927982 75.162323 0.000000 
70.986435 55.211845 59.093365 64.139229 70.261650 0.000000 
81.061958 72.269768 73.312149 71.774887 69.347084 0.000000 
84.279427 68.938133 73.705193 80.527420 67.271988 0.000000 
79.181885 58.270393 53.936096 62.042896 61.376804 0.019782 
75.874344 51.705410 51.677166 57.994690 60.703457 0.000000 
