16281.932617 3661.104004 2861.241943 2490.280518 2375.334961 2130.397217 1762.390503 1730.928345 1989.209595 512457.718750 
18451.757812 4943.798340 3267.035400 3104.861328 2437.742188 2307.247559 1698.547607 1682.508057 1982.281494 336652.031250 
14023.771484 2990.315918 2505.098633 1990.412598 1857.215942 1625.099487 1418.695679 1464.234131 1379.984863 300361.718750 
16089.356445 3701.145996 3031.398438 2312.221436 2066.916016 2136.721191 1435.475952 1615.815918 1896.478516 490603.968750 
19198.023438 4958.544434 4039.684082 3948.182861 3722.285156 3620.244141 3055.672119 3538.659180 4131.639648 921782.812500 
17029.970703 3772.211426 3018.810791 2455.740723 2274.931152 1975.307129 1826.778564 1552.977661 1752.697266 320898.875000 
16568.548828 3662.091553 2997.634033 2556.671631 2281.389160 2230.923340 1856.761230 1864.535156 1772.613159 447142.156250 
15742.468750 3879.500000 2905.464600 2355.999756 2042.236938 1900.758667 1502.614868 1682.726196 1764.693115 342409.187500 
14329.976562 3672.646484 2749.829346 2251.134521 2144.905518 2228.288086 1753.390381 1859.514282 2200.062012 538258.187500 
23341.876953 7897.054199 8246.773438 7317.039551 8845.051758 7009.644043 7327.752930 6347.031250 8207.228516 1019044.312500 
14882.622070 3541.888428 2714.084229 2191.089355 2150.589600 1915.106079 1531.861572 1557.458862 2026.988647 381845.093750 
20734.589844 7360.816895 7655.413086 8213.104492 6508.078125 3559.285156 3921.789795 3101.634766 3886.506348 959676.750000 
18186.750000 4202.481934 3097.553223 2850.328613 2791.197021 2530.553223 2130.072021 2187.352539 3017.753906 642169.687500 
17188.691406 4779.779297 4353.457520 3807.083008 3818.030518 3452.173096 3548.008057 2981.144043 4709.303711 928502.937500 
12238.317383 3133.924805 2238.667480 1746.156738 1711.022705 1661.342041 1320.415161 1249.523438 1590.234985 389124.437500 
18287.724609 4862.729004 3749.687012 3634.547607 2917.740967 2805.880859 2420.580322 2557.888916 3405.718750 605182.937500 
14528.854492 3268.959229 2436.774902 2234.741211 1784.214233 2036.375854 1700.375000 1589.678589 2450.139404 509693.250000 
15740.304688 3546.013916 2940.560303 2410.535156 2426.974854 2109.943848 1999.329590 2136.187744 2059.199707 553509.500000 
12806.787109 3250.722412 2791.551758 2487.941162 2551.056885 2524.632324 2502.216553 2443.596924 2878.673096 787437.125000 
15177.944336 3779.854492 3035.485596 2330.831299 2430.989746 2033.535034 2040.285645 1880.301025 2226.115967 540394.125000 
