92.880089 81.312996 86.267204 91.885872 95.995918 0.000000 
84.322945 90.173706 95.944878 91.496017 93.749352 0.000000 
92.315727 81.210251 88.270279 90.691628 90.103813 0.000000 
90.365868 83.146500 91.029968 91.363159 94.089912 0.000000 
90.120285 89.937820 81.481613 86.194466 88.729683 0.000000 
83.785446 79.243523 99.432701 96.895744 94.214737 0.000000 
89.307297 79.618713 84.922791 93.324081 85.064163 0.027976 
78.267807 93.676910 96.846161 86.841660 94.263786 0.000000 
82.137787 86.901276 93.781029 94.602585 87.884132 0.019782 
68.865379 64.330582 87.390945 88.692322 89.995842 0.019782 
88.189514 91.085106 92.436081 92.275414 93.851646 0.000000 
90.168221 88.067581 87.059700 96.285042 90.275986 0.019782 
85.939400 78.908661 96.358040 90.827095 93.952896 0.000000 
87.373421 61.659081 77.007141 86.421021 88.974022 0.000000 
87.068443 82.743500 94.597427 92.985001 88.328300 0.000000 
80.164696 62.504440 79.412292 96.510216 95.256248 0.000000 
86.440742 93.140015 97.762306 97.948807 94.368774 0.027976 
79.001083 89.165459 82.087143 102.309227 94.072197 0.000000 
81.181915 71.144524 88.044327 87.364258 97.788368 0.000000 
94.231461 85.475212 100.724792 92.730080 96.579987 0.000000 
