80.648323 88.500984 92.262428 86.883392 76.302711 
80.183670 86.036285 87.096184 79.043449 73.327240 
82.094933 88.436974 88.445091 81.117645 75.540619 
82.699905 87.823776 89.496513 83.381622 72.318840 
79.410728 84.199295 85.869911 80.358131 74.121506 
80.186943 82.219215 83.347832 83.318565 72.194626 
82.986366 89.233574 90.989296 82.067619 72.270721 
80.892509 88.460350 93.273643 87.396843 75.587868 
82.087883 90.586716 88.326317 84.282188 72.419456 
86.692589 87.392296 85.592216 81.769890 79.861870 
80.432259 85.174026 87.896271 81.217140 72.263664 
83.773880 87.492683 91.776344 87.728378 74.236717 
82.656219 85.796661 88.267967 86.413353 73.855492 
81.994652 88.864571 90.925217 86.312050 71.626175 
83.035400 88.013351 88.158958 79.198044 72.183121 
80.274445 84.965118 87.477791 81.188042 69.956940 
81.551666 85.242813 86.489471 83.542595 75.531845 
82.202980 86.810699 90.022980 85.084274 70.450447 
82.782471 88.534889 90.452278 88.536263 72.994965 
82.922493 86.670334 91.668465 87.477547 73.121811 
