80.745499 63.235695 60.083820 66.498634 60.202583 0.019782 
72.533409 63.778461 61.629875 65.125511 64.812820 0.000000 
77.483162 51.230511 43.999928 48.951500 51.151890 0.027976 
78.041862 60.355167 64.616318 71.971825 66.254379 0.000000 
83.576729 72.397652 79.180832 78.142570 58.814171 0.019782 
79.565056 75.173790 66.702431 73.169258 62.598560 0.019782 
70.744438 49.564369 56.191227 69.712303 61.419884 0.000000 
78.040047 53.627384 63.067478 69.532471 56.056664 0.000000 
79.268005 50.468300 75.619209 67.815414 52.160847 0.019782 
68.927025 60.991276 53.754673 59.926334 65.240097 0.034264 
64.589073 65.229027 58.083668 65.485123 66.295235 0.027976 
77.940407 58.614086 62.264805 58.887932 60.777084 0.000000 
72.493484 57.786541 67.619659 67.088448 72.962746 0.019782 
76.281990 70.333092 59.911285 59.933048 69.379860 0.000000 
75.464890 72.034988 73.146553 69.331123 72.838829 0.000000 
74.866837 46.780987 50.944706 75.541847 56.496269 0.027976 
82.207642 57.881535 62.579830 53.749187 53.459122 0.000000 
77.194061 59.958588 67.110809 71.231003 59.882774 0.027976 
68.054893 69.431320 67.124260 59.999474 60.530827 0.000000 
82.928764 90.053200 85.225525 76.733025 49.206928 0.027976 
