75.310379 47.731300 64.124016 62.170963 73.246620 0.000000 
89.516220 67.007195 64.758369 68.208160 68.307755 0.059347 
93.582092 64.917542 72.431877 66.084946 74.515442 0.000000 
95.882195 64.818932 76.464645 70.221527 65.365456 0.019782 
82.183243 54.160973 69.741699 69.643890 74.573425 0.034264 
88.719147 55.818615 65.873619 65.824226 58.910931 0.027976 
83.712173 74.673454 76.157684 62.504833 64.340515 0.019782 
84.195992 50.701645 73.444412 52.143986 60.351486 0.039565 
88.096016 59.622147 75.862785 60.108879 74.679062 0.000000 
87.554443 56.290791 64.817001 55.014599 66.339203 0.000000 
