85.715866 88.203682 91.249153 90.579346 51.922195 
88.330742 89.284348 89.906731 90.395927 43.625370 
89.216858 90.030617 91.223900 90.790154 41.341652 
87.817764 87.516052 91.612068 92.198105 42.823605 
86.180168 86.807655 89.062119 90.023643 48.129894 
88.385674 88.265091 89.627922 90.640488 40.924809 
88.835052 89.053024 90.248459 90.700432 42.284912 
88.988831 89.028412 89.472198 89.840340 40.867008 
89.701241 89.541267 90.176544 89.778137 40.442780 
88.895859 88.688400 90.181931 90.088531 41.109241 
89.260674 89.353004 90.402512 90.388115 42.950531 
88.532303 88.624001 89.607849 89.556023 47.187378 
87.144554 86.458603 88.270020 89.250214 40.945976 
86.484108 85.097191 87.966400 90.079689 47.521927 
90.473450 91.290672 92.425964 91.799553 39.156086 
87.769920 88.309456 88.941124 89.805984 45.100796 
87.591599 86.991341 88.543602 90.692719 45.216171 
88.554733 88.382607 88.573616 89.653450 47.553169 
87.996269 88.324768 88.760056 90.979836 46.458233 
89.947044 90.536736 92.109871 91.086563 41.019844 
