Episode: 1: [ 0.2477892  -0.1844291  -0.3303363  -0.09491741 -0.00355194] 
Episode: 11: [ 0.24757911 -0.18379863 -0.3304248  -0.09521625 -0.0033754 ] 
Episode: 21: [ 0.24704953 -0.18229823 -0.33145785 -0.09503517 -0.00303549] 
Episode: 31: [ 0.2469553  -0.18130651 -0.33247536 -0.09464937 -0.00309277] 
Episode: 41: [ 0.24673319 -0.18012567 -0.33391017 -0.09392951 -0.00305481] 
Episode: 51: [ 0.24677087 -0.17951031 -0.33509544 -0.0931915  -0.00315932] 
Episode: 61: [ 0.24734917 -0.17942435 -0.33590955 -0.09288181 -0.00348183] 
Episode: 71: [ 0.2478425  -0.17950952 -0.33635828 -0.09259246 -0.00389151] 
Episode: 81: [ 0.24827972 -0.17960526 -0.33686644 -0.0922989  -0.00415282] 
Episode: 91: [ 0.24871849 -0.1796805  -0.33756727 -0.09176842 -0.00445886] 
Episode: 101: [ 0.24914141 -0.1796746  -0.33791524 -0.09140176 -0.00502419] 
Episode: 111: [ 0.24937613 -0.1792166  -0.33858883 -0.0910328  -0.00540177] 
Episode: 121: [ 0.24992907 -0.179074   -0.3390114  -0.09083028 -0.006027  ] 
Episode: 131: [ 0.2500984  -0.1785204  -0.33972138 -0.09020402 -0.00662473] 
Episode: 141: [ 0.25012147 -0.17790782 -0.34058976 -0.08948557 -0.0069952 ] 
Episode: 151: [ 0.25040203 -0.17781416 -0.34076077 -0.08918832 -0.00756366] 
Episode: 161: [ 0.2506236  -0.17786929 -0.34068865 -0.08896874 -0.00809667] 
Episode: 171: [ 0.25078556 -0.17789456 -0.3406409  -0.08889721 -0.00841339] 
Episode: 181: [ 0.25125468 -0.17795469 -0.34085882 -0.08879329 -0.00886117] 
Episode: 191: [ 0.25190666 -0.17848682 -0.34084365 -0.08878096 -0.00926416] 
Episode: 201: [ 0.25232226 -0.17840122 -0.34128284 -0.08862994 -0.00958525] 
Episode: 211: [ 0.2526585  -0.17813833 -0.34170258 -0.08865922 -0.00982442] 
Episode: 221: [ 0.25269875 -0.17777647 -0.34203166 -0.0885514  -0.0099926 ] 
Episode: 231: [ 0.25277886 -0.17727217 -0.3425557  -0.08821519 -0.01036765] 
Episode: 241: [ 0.25289848 -0.17696649 -0.34306464 -0.08763786 -0.01084111] 
Episode: 251: [ 0.2529174  -0.17668685 -0.34322113 -0.0871852  -0.01143318] 
Episode: 261: [ 0.25312033 -0.17652275 -0.34343272 -0.08699068 -0.01185341] 
Episode: 271: [ 0.25342798 -0.1765042  -0.3435667  -0.08694574 -0.0122071 ] 
Episode: 281: [ 0.25358033 -0.17625712 -0.34392995 -0.08665852 -0.01256249] 
Episode: 291: [ 0.25363994 -0.17576037 -0.34458116 -0.08618657 -0.01291185] 
Episode: 301: [ 0.25359112 -0.17515522 -0.34518003 -0.08578322 -0.01323437] 
Episode: 311: [ 0.25365904 -0.17484325 -0.34573728 -0.08521233 -0.01358504] 
Episode: 321: [ 0.25360027 -0.17447531 -0.34614125 -0.08474303 -0.01390594] 
Episode: 331: [ 0.2537216  -0.17482425 -0.34595102 -0.08431844 -0.01429606] 
Episode: 341: [ 0.25313237 -0.17381817 -0.3466254  -0.08350419 -0.01466806] 
Episode: 351: [ 0.25268957 -0.17291757 -0.34766135 -0.08248355 -0.01488284] 
Episode: 361: [ 0.25284952 -0.17294511 -0.34799206 -0.081866   -0.01527793] 
Episode: 371: [ 0.2536682  -0.17396007 -0.34742802 -0.08208472 -0.01564322] 
Episode: 381: [ 0.25391287 -0.17400494 -0.3475992  -0.08187418 -0.01594179] 
Episode: 391: [ 0.2536554  -0.17336929 -0.34844884 -0.08137784 -0.01577926] 
Episode: 401: [ 0.2531732  -0.17240466 -0.3495149  -0.08073485 -0.01558278] 
Episode: 411: [ 0.25314313 -0.17201184 -0.35004598 -0.08061123 -0.0154743 ] 
Episode: 421: [ 0.2532364  -0.17193088 -0.35015237 -0.08077945 -0.01541316] 
Episode: 431: [ 0.25300246 -0.17157835 -0.35056478 -0.08038558 -0.01538513] 
Episode: 441: [ 0.2532673  -0.17186366 -0.35060766 -0.07996435 -0.01570538] 
Episode: 451: [ 0.2538193  -0.17226967 -0.3505214  -0.07987735 -0.01615332] 
Episode: 461: [ 0.25417897 -0.17246808 -0.35053474 -0.07990298 -0.01635681] 
Episode: 471: [ 0.25439382 -0.17259945 -0.3505882  -0.07984889 -0.01644528] 
Episode: 481: [ 0.25473487 -0.17277393 -0.35084218 -0.07951871 -0.01662027] 
Episode: 491: [ 0.25466943 -0.17260864 -0.35119754 -0.07902316 -0.01674692] 
Episode: 501: [ 0.25453314 -0.17241137 -0.35139847 -0.07870881 -0.01688827] 
Episode: 511: [ 0.25464612 -0.172406   -0.35139787 -0.07855986 -0.01727147] 
Episode: 521: [ 0.2547565  -0.17237902 -0.35154793 -0.07843637 -0.01738403] 
Episode: 531: [ 0.25476143 -0.17242518 -0.35142055 -0.07839815 -0.01758028] 
Episode: 541: [ 0.25451705 -0.17209825 -0.3518296  -0.07791213 -0.01759237] 
Episode: 551: [ 0.25411436 -0.17129335 -0.35273233 -0.07740621 -0.0174148 ] 
Episode: 561: [ 0.25429648 -0.17119603 -0.35325038 -0.07703794 -0.01735686] 
Episode: 571: [ 0.25468966 -0.17148605 -0.35348052 -0.07665479 -0.01741528] 
Episode: 581: [ 0.25502646 -0.1717782  -0.35356465 -0.07630332 -0.0176235 ] 
Episode: 591: [ 0.25504804 -0.17164813 -0.35411257 -0.07544518 -0.01784659] 
Episode: 601: [ 0.25507894 -0.17162475 -0.35428786 -0.07515939 -0.01793506] 
Episode: 611: [ 0.25543493 -0.17196898 -0.3539538  -0.07536494 -0.01826459] 
Episode: 621: [ 0.2556916  -0.17211765 -0.35373354 -0.07553968 -0.01865555] 
Episode: 631: [ 0.25562114 -0.1718876  -0.3538283  -0.07540821 -0.01901404] 
Episode: 641: [ 0.2560119  -0.17222624 -0.3535188  -0.07559469 -0.01939242] 
Episode: 651: [ 0.25615433 -0.17233072 -0.353372   -0.07551458 -0.01982712] 
Episode: 661: [ 0.25643536 -0.17237802 -0.35349238 -0.07537709 -0.02015811] 
Episode: 671: [ 0.25657475 -0.17217775 -0.35384113 -0.07501931 -0.02057999] 
Episode: 681: [ 0.2566522  -0.1719493  -0.35436574 -0.07443042 -0.02085694] 
Episode: 691: [ 0.2570414  -0.17208843 -0.35478657 -0.07392792 -0.02097457] 
Episode: 701: [ 0.2571868  -0.1720152  -0.3553956  -0.07314856 -0.02107618] 
Episode: 711: [ 0.2572054  -0.17183727 -0.355724   -0.07278107 -0.02129209] 
Episode: 721: [ 0.25725642 -0.17178671 -0.35575408 -0.07245053 -0.02186392] 
Episode: 731: [ 0.2576879  -0.17204563 -0.35568407 -0.07227939 -0.02243723] 
Episode: 741: [ 0.25799522 -0.17224044 -0.3557862  -0.07197284 -0.0227104 ] 
Episode: 751: [ 0.25794822 -0.17196845 -0.3564408  -0.0712024  -0.02280748] 
Episode: 761: [ 0.25822863 -0.17212747 -0.35664305 -0.07087105 -0.02292084] 
Episode: 771: [ 0.25861228 -0.17230213 -0.35679078 -0.07077092 -0.02303252] 
Episode: 781: [ 0.25888267 -0.1722613  -0.3571256  -0.07051359 -0.02324736] 
Episode: 791: [ 0.25921726 -0.17239043 -0.35723683 -0.07036228 -0.02352933] 
Episode: 801: [ 0.25916094 -0.17203972 -0.3578219  -0.07002858 -0.0233995 ] 
Episode: 811: [ 0.25900036 -0.17149062 -0.35846394 -0.06971945 -0.02341074] 
Episode: 821: [ 0.25855106 -0.17094217 -0.35890314 -0.06944009 -0.02326417] 
Episode: 831: [ 0.2589347  -0.17120515 -0.35873157 -0.06954451 -0.02363262] 
Episode: 841: [ 0.25942156 -0.1716039  -0.35867795 -0.06924276 -0.0241095 ] 
Episode: 851: [ 0.2603317  -0.17245322 -0.35819507 -0.069767   -0.02420064] 
Episode: 861: [ 0.26090902 -0.17294572 -0.35782084 -0.07012638 -0.02450514] 
Episode: 871: [ 0.26129398 -0.1732613  -0.35765612 -0.07017024 -0.02479527] 
Episode: 881: [ 0.26181462 -0.17381448 -0.35727796 -0.0701336  -0.02533943] 
Episode: 891: [ 0.26219353 -0.17416212 -0.3568977  -0.07017345 -0.02604592] 
Episode: 901: [ 0.2626624  -0.1745353  -0.35660538 -0.07028086 -0.02657318] 
Episode: 911: [ 0.26289847 -0.17463061 -0.35662293 -0.07021484 -0.02685532] 
Episode: 921: [ 0.26270607 -0.17426199 -0.35701618 -0.0699094  -0.02691589] 
Episode: 931: [ 0.26264933 -0.17408465 -0.35734567 -0.06956258 -0.02694762] 
Episode: 941: [ 0.26276898 -0.17406426 -0.35749152 -0.06934617 -0.02719279] 
Episode: 951: [ 0.26275593 -0.17386219 -0.35774928 -0.06915349 -0.0273559 ] 
Episode: 961: [ 0.26269782 -0.17350006 -0.358349   -0.06877484 -0.02728304] 
Episode: 971: [ 0.26294184 -0.17348449 -0.35856333 -0.06852661 -0.02765797] 
Episode: 981: [ 0.263367   -0.17373973 -0.35831016 -0.06867325 -0.02827823] 
Episode: 991: [ 0.26352027 -0.17374276 -0.35835335 -0.06847656 -0.02875131] 
Episode: 1001: [ 0.26371074 -0.17380305 -0.3584019  -0.06825661 -0.02916344] 
Episode: 1011: [ 0.2636524  -0.17368838 -0.35852882 -0.06800756 -0.02937495] 
Episode: 1021: [ 0.26340735 -0.17336701 -0.35899162 -0.06746516 -0.02933341] 
Episode: 1031: [ 0.2630687  -0.17295262 -0.35942    -0.06705774 -0.0292518 ] 
Episode: 1041: [ 0.26276705 -0.17256303 -0.35973707 -0.06669298 -0.02939563] 
Episode: 1051: [ 0.26277575 -0.17238921 -0.36004204 -0.066361   -0.0295982 ] 
Episode: 1061: [ 0.2628959  -0.17240088 -0.3601754  -0.06622031 -0.02968967] 
Episode: 1071: [ 0.26303384 -0.17241487 -0.36044893 -0.06597909 -0.02960198] 
Episode: 1081: [ 0.26327476 -0.17261334 -0.36034298 -0.06597583 -0.02983551] 
Episode: 1091: [ 0.26364103 -0.17282571 -0.36024728 -0.06598828 -0.03026062] 
Episode: 1101: [ 0.26408428 -0.17297512 -0.36034045 -0.06591237 -0.03068691] 
Episode: 1111: [ 0.26427978 -0.17295295 -0.36072063 -0.06546208 -0.03085232] 
Episode: 1121: [ 0.26401255 -0.17251086 -0.36165565 -0.06455458 -0.03043622] 
Episode: 1131: [ 0.26397684 -0.1726183  -0.36135963 -0.06497196 -0.03021147] 
Episode: 1141: [ 0.263939   -0.17259194 -0.36120918 -0.06519503 -0.03027346] 
Episode: 1151: [ 0.26376814 -0.17226544 -0.36144987 -0.06513067 -0.03030186] 
Episode: 1161: [ 0.2636196  -0.17186804 -0.36187103 -0.06468949 -0.03066888] 
Episode: 1171: [ 0.26382294 -0.17176889 -0.3621052  -0.06429133 -0.03138585] 
Episode: 1181: [ 0.2642461  -0.17195193 -0.36213246 -0.06396307 -0.03221385] 
Episode: 1191: [ 0.26393932 -0.17141327 -0.3628808  -0.06313375 -0.03235393] 
Episode: 1201: [ 0.2633484  -0.17073232 -0.36336854 -0.06275626 -0.03230192] 
Episode: 1211: [ 0.26304197 -0.17017613 -0.36391383 -0.06247973 -0.0322167 ] 
Episode: 1221: [ 0.2634741  -0.17052811 -0.3639508  -0.06216453 -0.03249746] 
Episode: 1231: [ 0.2639674  -0.17106919 -0.36364755 -0.06200692 -0.03303754] 
Episode: 1241: [ 0.26423106 -0.17129709 -0.36335492 -0.06219916 -0.03346739] 
Episode: 1251: [ 0.26424885 -0.17124452 -0.36330995 -0.06224735 -0.03373053] 
Episode: 1261: [ 0.26459816 -0.17158009 -0.36319995 -0.06222221 -0.03382808] 
Episode: 1271: [ 0.26475483 -0.1716617  -0.3633299  -0.0619708  -0.03394929] 
Episode: 1281: [ 0.2647692  -0.17146824 -0.3637542  -0.06153462 -0.03406873] 
Episode: 1291: [ 0.26496783 -0.17155357 -0.3639726  -0.06112691 -0.03426546] 
Episode: 1301: [ 0.26512814 -0.17163043 -0.3640896  -0.06091104 -0.03439766] 
Episode: 1311: [ 0.26518375 -0.17168704 -0.36421043 -0.0605627  -0.03453798] 
Episode: 1321: [ 0.26512003 -0.17157292 -0.3646564  -0.05976402 -0.03471801] 
Episode: 1331: [ 0.26489738 -0.171272   -0.36526632 -0.05892067 -0.0347281 ] 
Episode: 1341: [ 0.2651379  -0.17135443 -0.3654328  -0.05858194 -0.0350922 ] 
Episode: 1351: [ 0.26489198 -0.17056558 -0.3664959  -0.05807454 -0.03479771] 
Episode: 1361: [ 0.26476792 -0.17007974 -0.36709452 -0.05785966 -0.03469575] 
Episode: 1371: [ 0.26526457 -0.17047559 -0.36701727 -0.05785273 -0.03480539] 
Episode: 1381: [ 0.26542822 -0.17038633 -0.36740777 -0.05737857 -0.03509182] 
Episode: 1391: [ 0.26512086 -0.16982912 -0.36795408 -0.05697252 -0.03526612] 
Episode: 1401: [ 0.26489663 -0.16937228 -0.36859688 -0.05609839 -0.03576907] 
Episode: 1411: [ 0.26500207 -0.16943868 -0.36877146 -0.05563638 -0.0360199 ] 
Episode: 1421: [ 0.26535815 -0.16985945 -0.368665   -0.05537428 -0.0361604 ] 
