3.710155 
4.702468 
1.911823 
2.511943 
1.899753 
4.612124 
4.489698 
2.485472 
3.955870 
1.848999 
3.847707 
3.869362 
2.077502 
1.853769 
3.784958 
3.901837 
3.955976 
3.962121 
3.964299 
3.305628 
1.702240 
1.644104 
1.374296 
1.806290 
2.082548 
2.189006 
1.808277 
2.153620 
1.907471 
2.103177 
1.398396 
3.918792 
2.121745 
1.745651 
1.368521 
2.783515 
1.541221 
2.370561 
1.692757 
4.812288 
2.288450 
1.898746 
3.332318 
3.465969 
2.987652 
1.862100 
0.906581 
1.094095 
1.942695 
1.832013 
1.498609 
1.366269 
0.725809 
1.738164 
0.941638 
1.932804 
3.696021 
1.012930 
1.124792 
0.784881 
1.815864 
2.198445 
5.046308 
2.450175 
0.828780 
3.348380 
0.958600 
0.534910 
1.767023 
4.065256 
1.149406 
2.470649 
0.882641 
0.898239 
1.254652 
0.475890 
1.309943 
1.017297 
0.786274 
1.008252 
0.787178 
0.311014 
1.458920 
0.902570 
0.981069 
1.371812 
3.943835 
0.614359 
0.903888 
1.462222 
1.423091 
3.015038 
1.212189 
0.884130 
0.388835 
0.712425 
1.330377 
2.161226 
1.858260 
0.568534 
1.788035 
1.277698 
0.959018 
0.918100 
1.653001 
0.802997 
1.120892 
0.567764 
1.061624 
1.298687 
0.623302 
0.688212 
1.325616 
0.688440 
0.465143 
1.427586 
1.041744 
0.872810 
1.001692 
1.442773 
0.489552 
0.702398 
1.623021 
0.454425 
1.053974 
4.075103 
0.488442 
0.899041 
2.233434 
0.520162 
1.013767 
1.945463 
0.677084 
0.475612 
0.891084 
0.780131 
1.159769 
1.988031 
2.169860 
1.212778 
0.828822 
0.474315 
1.062194 
0.964029 
0.892802 
0.932336 
1.053722 
1.891161 
0.660460 
0.554054 
0.468156 
2.047880 
1.087223 
0.524216 
0.486174 
1.259877 
1.972359 
0.876335 
1.655596 
1.099080 
0.804192 
1.167731 
0.643884 
0.626330 
0.772301 
0.960362 
0.628326 
1.836128 
0.843105 
1.803727 
0.553921 
0.821250 
0.765057 
0.982774 
2.152030 
1.824868 
0.666978 
1.621477 
1.581382 
3.730827 
0.702456 
1.666162 
3.574219 
0.552296 
0.842976 
1.727431 
2.137178 
1.841340 
2.213173 
0.722773 
1.671056 
1.749517 
1.131867 
2.125161 
0.444217 
1.060604 
1.306986 
0.626666 
0.814524 
0.512234 
2.122996 
4.851383 
1.021275 
4.890095 
0.719759 
1.020458 
3.475363 
0.749806 
1.077617 
0.731983 
1.062339 
1.525388 
0.495166 
1.832395 
1.942106 
0.575585 
0.984790 
1.374429 
0.906120 
0.457832 
0.760487 
0.758756 
1.233442 
0.881630 
1.105662 
3.883730 
1.052872 
1.225590 
3.185983 
0.668391 
0.939746 
0.879632 
0.580998 
0.621496 
1.279389 
0.511250 
0.645358 
1.978302 
0.902070 
0.772930 
0.931259 
1.907198 
1.040645 
0.759727 
0.613770 
0.524960 
0.823913 
0.689981 
0.831788 
0.753375 
0.649852 
4.148971 
0.466576 
0.840680 
0.728165 
0.696699 
0.800313 
0.344354 
1.553671 
0.477773 
2.035622 
1.041351 
0.506099 
0.335361 
1.705453 
1.819055 
0.419814 
2.840001 
0.940563 
0.426131 
0.732219 
1.531349 
0.509593 
0.767446 
0.390288 
0.319886 
0.754143 
0.439366 
0.702021 
0.972664 
1.148550 
1.015546 
0.532332 
1.109756 
0.477907 
0.555811 
1.739377 
0.693886 
0.850003 
2.326642 
0.452247 
0.486630 
0.764176 
0.462216 
0.535318 
0.663966 
0.856242 
0.745396 
0.796055 
1.855327 
1.198640 
1.143048 
0.931935 
0.981681 
0.977705 
0.323455 
1.867991 
2.250583 
1.811198 
0.803191 
0.184561 
1.264565 
2.957859 
0.584411 
1.534514 
0.492947 
1.600621 
0.300750 
0.545348 
0.821291 
2.006106 
0.765909 
2.942801 
3.805341 
0.580088 
1.041418 
0.660472 
0.485851 
1.759705 
0.552863 
0.940401 
1.697491 
1.340062 
1.059374 
0.937629 
0.449886 
2.237609 
0.626563 
1.037340 
0.572321 
0.770196 
0.692403 
0.698093 
1.050063 
1.981241 
0.570579 
1.487679 
0.430854 
0.727153 
0.469250 
4.261904 
1.004223 
0.520756 
2.147753 
0.437002 
1.985668 
0.333606 
0.411399 
0.601994 
0.465613 
0.515742 
0.547349 
0.633283 
0.554292 
3.489653 
1.108958 
0.534118 
1.936480 
0.588240 
0.706889 
0.782259 
0.414054 
0.577653 
3.932134 
0.389352 
0.365499 
1.847711 
1.060665 
1.321861 
0.622200 
0.914805 
1.744684 
0.517180 
0.376523 
1.329644 
1.299960 
0.434924 
0.955941 
2.370329 
0.884678 
5.046906 
0.714027 
1.638676 
0.727916 
0.345618 
0.784163 
0.793395 
1.404872 
0.384145 
0.891748 
0.616264 
0.458234 
0.933150 
0.519597 
5.142851 
2.479133 
3.044714 
0.459649 
0.764035 
2.852836 
0.489612 
3.393138 
0.999013 
0.149490 
0.626992 
0.748791 
0.526798 
0.585117 
0.878565 
0.362223 
1.118077 
0.473561 
2.630515 
0.953164 
2.369483 
0.554329 
0.425278 
0.706848 
0.493276 
1.955572 
0.360154 
0.513906 
1.145073 
0.660690 
1.104747 
1.959748 
1.122884 
1.496006 
0.533033 
1.588795 
0.669861 
0.493884 
0.682090 
0.479302 
0.669565 
2.192487 
1.021747 
0.468340 
0.771418 
0.573864 
4.941974 
0.777796 
0.893373 
3.976052 
0.470492 
0.701198 
0.548837 
1.827615 
0.731448 
1.230951 
0.112847 
2.041451 
0.436664 
1.938593 
0.859817 
1.156892 
0.912418 
2.632473 
0.495918 
0.632476 
1.199790 
0.487031 
0.610886 
0.540775 
0.787641 
0.618670 
0.591264 
1.945924 
0.640619 
0.418918 
0.889163 
0.564886 
2.090346 
0.587973 
0.466792 
1.167474 
0.284625 
0.489168 
0.697023 
0.225309 
0.541101 
1.137764 
1.817120 
0.785978 
0.596581 
1.550169 
0.644107 
1.144990 
0.789764 
0.957826 
0.917515 
1.122310 
0.553836 
0.628789 
0.800010 
2.025479 
0.493283 
0.450588 
0.318854 
0.685514 
1.445362 
1.013953 
1.070295 
1.729140 
0.549712 
0.671110 
1.622640 
0.468700 
2.224016 
0.757141 
0.427752 
0.410940 
0.426080 
0.596841 
0.453023 
1.101866 
0.916632 
0.758810 
0.666757 
0.554790 
0.631637 
1.050131 
0.663423 
0.593216 
0.442179 
2.328047 
0.589999 
1.044882 
0.508362 
0.458337 
0.556453 
0.528160 
0.434496 
0.520000 
0.877694 
1.917348 
0.858549 
0.507096 
0.609737 
0.657241 
1.040683 
1.961813 
1.461080 
0.671947 
0.769439 
1.731612 
2.431181 
0.660888 
0.656849 
3.738517 
0.455032 
0.927684 
1.973341 
1.115519 
0.713205 
0.725047 
2.081896 
0.434917 
0.286139 
2.771971 
0.447896 
0.603741 
0.657758 
0.639661 
1.914225 
0.670787 
0.888308 
0.730064 
0.600745 
0.534401 
0.518740 
0.825540 
0.781997 
0.267372 
0.448667 
0.598740 
0.207091 
1.216224 
0.545008 
0.993508 
1.047838 
0.525969 
0.591801 
0.509496 
0.356544 
0.394827 
0.465299 
0.623736 
0.781164 
1.004955 
1.504899 
2.051324 
0.680948 
0.628324 
0.669185 
0.483363 
0.615827 
0.770204 
0.447974 
0.672907 
0.468659 
0.935355 
0.475689 
1.359823 
1.834611 
0.627505 
0.849895 
2.732174 
1.415426 
0.387909 
2.215355 
0.700859 
0.544961 
0.501250 
0.430875 
0.759946 
0.557562 
0.722206 
0.942632 
2.086395 
0.491231 
0.846127 
0.538030 
0.368759 
0.538174 
2.034405 
1.268525 
0.602376 
1.074309 
0.758357 
0.576348 
1.131134 
1.629968 
0.287706 
1.177777 
0.875178 
0.914385 
1.416167 
0.589866 
0.672210 
0.605759 
0.685435 
0.576953 
0.638446 
1.627880 
0.557651 
0.574319 
0.776835 
1.265848 
1.102268 
0.572827 
0.606481 
0.895257 
0.856492 
2.591933 
0.513757 
0.569086 
0.519647 
0.493735 
0.370097 
0.540027 
0.426773 
0.591493 
0.530331 
0.464057 
0.856954 
0.824408 
0.761182 
2.028473 
0.348062 
0.807181 
0.288877 
0.543322 
0.809915 
0.670334 
0.930160 
0.746752 
0.330109 
1.421477 
0.946162 
0.610788 
0.895078 
0.655788 
2.187554 
0.099552 
1.233285 
2.901332 
1.355801 
0.523603 
0.576715 
0.568821 
0.597245 
0.431973 
0.894869 
0.418609 
0.755417 
0.787028 
0.451667 
0.544638 
0.971944 
0.386153 
0.725118 
2.434080 
0.616745 
1.007650 
1.036575 
0.509741 
0.495194 
0.547045 
0.515307 
1.042588 
0.613866 
1.994646 
0.362367 
0.600921 
0.727275 
0.729705 
2.985101 
0.521307 
0.990852 
1.084993 
0.430958 
0.733277 
0.429536 
0.863322 
0.880224 
2.003626 
0.538805 
0.625611 
0.560978 
1.885066 
1.861084 
0.663318 
1.834496 
1.225159 
0.502119 
1.165414 
1.000271 
0.427636 
0.867850 
0.908462 
1.997672 
2.712519 
0.686445 
3.612465 
0.264265 
0.498749 
1.746644 
0.667070 
0.483870 
0.886024 
0.625511 
0.585577 
0.629490 
0.834605 
0.492839 
0.588143 
0.939864 
0.900639 
0.362830 
1.799192 
0.584001 
0.695836 
0.744291 
0.585487 
0.980959 
2.331069 
0.307918 
0.597735 
0.478261 
0.440372 
2.994253 
1.574898 
0.660726 
0.843298 
0.848613 
2.886081 
1.362213 
0.394101 
0.376852 
0.627055 
2.299163 
0.778022 
0.283837 
0.620649 
0.486794 
0.454831 
0.438637 
0.665698 
0.537067 
0.790763 
0.480450 
3.570515 
1.014017 
0.902121 
0.737267 
0.942534 
0.552946 
0.828830 
0.763908 
0.627532 
0.949356 
0.628853 
0.707135 
3.179340 
0.534769 
0.900604 
0.510516 
0.961332 
0.993188 
0.693136 
0.621915 
1.104488 
0.287615 
0.626491 
1.237203 
0.962254 
0.705170 
0.743439 
1.242490 
0.795792 
0.464003 
0.312538 
0.547143 
0.434894 
0.610785 
0.895984 
0.817144 
0.896914 
2.018085 
0.463220 
0.533733 
0.614100 
0.780145 
0.817670 
0.701268 
2.150838 
0.852204 
1.480453 
1.900845 
0.750018 
0.795670 
0.812291 
1.068471 
0.524394 
0.577117 
0.515251 
0.608219 
1.148939 
0.876319 
0.318639 
0.711662 
0.582265 
0.788542 
0.596281 
0.835862 
0.527446 
0.723546 
0.744959 
0.489345 
0.376218 
0.361827 
0.514805 
0.569014 
0.576440 
0.789887 
0.529841 
0.763946 
0.475146 
0.833210 
0.794613 
0.395109 
0.646495 
0.686285 
0.603717 
1.668768 
0.881319 
0.737787 
0.818273 
0.749985 
0.197623 
0.266109 
0.436600 
0.448714 
0.415300 
0.606146 
1.032772 
0.801322 
0.818235 
0.332919 
0.783672 
0.682824 
0.520634 
0.544178 
0.563998 
0.588373 
0.725600 
1.429311 
0.669062 
0.489643 
0.555404 
0.290826 
0.363374 
0.907107 
0.776927 
1.289909 
0.593096 
0.660667 
0.644027 
0.453422 
3.876648 
1.071633 
0.379513 
0.651737 
0.368116 
0.863242 
0.602019 
2.551401 
0.441437 
0.491378 
0.396493 
0.424942 
0.406231 
0.475153 
0.603243 
0.313043 
0.364561 
0.504128 
0.349650 
0.661802 
0.558947 
0.630994 
0.666026 
0.325449 
2.272591 
1.849142 
0.380774 
0.470032 
0.492796 
0.476845 
0.248334 
0.466165 
1.700534 
0.491010 
0.590481 
0.516489 
0.683517 
0.626681 
0.265223 
0.790869 
0.904896 
0.460997 
0.638168 
0.430687 
0.219287 
2.264651 
0.694291 
0.474143 
0.673602 
0.877572 
1.062558 
0.608964 
0.620643 
0.684792 
0.798226 
0.595769 
0.882056 
0.499652 
0.823792 
0.759589 
0.540754 
1.491092 
0.544832 
0.705270 
0.697099 
0.425206 
1.596476 
0.741226 
0.658816 
0.442350 
0.489790 
0.435207 
0.362470 
0.689583 
0.540681 
0.835204 
2.261269 
1.217577 
0.737702 
0.507988 
1.211025 
0.446902 
0.697827 
0.412364 
0.668390 
0.622303 
0.870698 
1.055111 
0.693387 
0.405929 
0.756575 
0.485208 
0.521003 
0.694472 
1.541584 
0.888529 
0.745898 
0.384550 
0.488372 
0.986253 
0.924716 
0.636006 
0.652611 
0.641399 
0.937936 
0.952016 
1.684288 
0.483875 
1.393943 
0.405367 
0.558999 
0.284465 
0.424836 
0.859646 
0.811092 
3.416389 
1.782783 
2.791968 
0.388120 
0.557455 
0.538718 
0.489151 
0.804328 
2.989509 
0.517292 
0.789701 
1.105753 
1.048412 
1.200212 
0.612028 
0.513570 
0.421132 
0.522885 
1.948598 
0.474456 
0.586987 
0.606507 
0.686367 
1.161918 
0.701659 
0.916040 
1.943144 
0.603646 
0.434440 
0.609925 
0.511881 
0.634095 
2.217354 
0.937844 
0.674738 
0.693250 
2.060380 
0.645385 
1.887242 
1.076147 
0.935468 
2.042911 
0.365426 
0.500691 
0.255837 
0.682648 
0.479092 
0.423628 
1.006814 
0.655728 
0.417774 
1.046964 
0.298985 
0.955054 
1.217924 
0.593064 
0.419416 
0.428658 
0.697033 
0.772294 
0.921516 
0.307353 
1.589293 
0.412884 
1.871410 
0.445419 
0.605327 
0.495676 
1.021301 
0.512636 
0.337124 
0.755123 
0.597726 
0.738255 
0.794268 
0.618583 
0.881506 
2.203957 
0.737478 
0.764224 
2.578694 
0.494923 
0.589271 
0.497515 
0.862462 
0.976874 
0.497190 
0.404785 
0.420480 
0.743886 
0.919730 
1.044409 
0.609740 
0.727834 
0.590192 
0.612285 
2.204643 
0.658885 
0.717191 
0.408112 
0.741289 
1.852647 
0.327700 
0.509060 
0.801520 
0.661849 
1.402898 
0.417633 
0.323575 
0.328796 
0.597468 
0.795965 
0.593523 
0.730435 
0.697414 
0.703092 
0.418031 
2.024421 
0.776780 
0.647566 
0.552652 
0.521078 
0.557916 
1.427800 
0.660433 
0.469392 
0.685266 
1.528988 
0.967682 
0.601058 
0.257720 
0.814263 
1.857449 
1.083126 
0.517128 
0.883945 
0.444584 
0.886869 
0.752944 
0.673129 
3.248705 
0.583567 
0.781507 
2.127046 
0.686893 
0.735752 
1.798905 
0.603880 
0.604681 
0.407110 
0.369662 
0.690437 
0.687497 
0.672056 
0.805865 
1.386062 
0.805014 
0.592854 
0.516869 
0.951903 
0.465179 
0.835155 
0.636322 
0.405423 
1.267307 
