Episode: 1: [ 0.00628991 -0.00245562 -0.00058881  0.00363143  0.00687441] 
Episode: 11: [ 0.02514113 -0.00553436 -0.01109317  0.0038788   0.02205941] 
Episode: 21: [ 0.02884894 -0.01080734 -0.00959002  0.00654251  0.02289091] 
Episode: 31: [ 0.03681514 -0.01054482 -0.01193965  0.01884269  0.02453705] 
Episode: 41: [ 0.03527374  0.01160603 -0.01872583 -0.01936825  0.01983614] 
Episode: 51: [ 0.03528164  0.01159594 -0.01871948 -0.01937209  0.01984539] 
Episode: 61: [ 0.03486643  0.01171741 -0.01820587 -0.01910603  0.01928065] 
Episode: 71: [ 0.03563942  0.01159749 -0.01819601 -0.01866755  0.01933534] 
Episode: 81: [ 0.20729315 -0.02188913 -0.02719045 -0.28342274 -0.38763398] 
Episode: 91: [ 0.19989008 -0.0381509  -0.03999574 -0.23221202 -0.3642104 ] 
Episode: 101: [ 0.26500982 -0.17108107  0.03202698 -0.24211223 -0.2942713 ] 
Episode: 111: [ 0.2872741  -0.15610014  0.02579509 -0.24633941 -0.29674596] 
Episode: 121: [ 0.2861607  -0.15761036  0.02717501 -0.24410991 -0.29483366] 
Episode: 131: [ 0.28332347 -0.14718992  0.01794497 -0.22639044 -0.29469898] 
Episode: 141: [ 0.2865924  -0.14015134  0.02098156 -0.21441683 -0.29154152] 
Episode: 151: [ 0.31879678 -0.17338443  0.02965179 -0.1893758  -0.30774117] 
Episode: 161: [ 0.35166603 -0.18979463  0.04080226 -0.13573048 -0.3188785 ] 
Episode: 171: [ 0.33648694 -0.18105632  0.05375643 -0.12037405 -0.32082808] 
Episode: 181: [ 0.3235019  -0.18569115  0.06364717 -0.10361648 -0.3133487 ] 
Episode: 191: [ 0.32103565 -0.18897341  0.06046523 -0.09412175 -0.31952158] 
Episode: 201: [ 0.2706675  -0.19175187  0.04798024  0.05008958 -0.3376374 ] 
Episode: 211: [ 0.26548433 -0.18570413  0.05579664  0.06259862 -0.34007177] 
Episode: 221: [ 0.26636827 -0.18776925  0.05851287  0.0672     -0.3454064 ] 
Episode: 231: [ 0.27311411 -0.19096994  0.05669893  0.06678509 -0.35009795] 
Episode: 241: [ 0.27664664 -0.19011168  0.05936058  0.06630421 -0.3523627 ] 
Episode: 251: [ 0.27062023 -0.19009805  0.06317934  0.06828169 -0.35169175] 
Episode: 261: [ 0.28878015 -0.21667579  0.10502005  0.10105271 -0.38079074] 
Episode: 271: [ 0.2876004  -0.21819508  0.10579146  0.10358609 -0.3814753 ] 
Episode: 281: [ 0.28591615 -0.21383607  0.10608403  0.10857607 -0.39009205] 
Episode: 291: [ 0.34231287 -0.20926562  0.18301007  0.08302111 -0.39629886] 
Episode: 301: [ 0.34165606 -0.21133146  0.18166634  0.08371209 -0.39523628] 
Episode: 311: [ 0.34152037 -0.21042266  0.17916234  0.08388179 -0.39358458] 
Episode: 321: [ 0.3450554  -0.21595322  0.17883773  0.08403762 -0.39042196] 
Episode: 331: [ 0.3453708  -0.21548162  0.17844161  0.0849077  -0.3908285 ] 
Episode: 341: [ 0.30624616 -0.19186515  0.23175478  0.13670401 -0.39951813] 
Episode: 351: [ 0.30504817 -0.18971652  0.23539746  0.13764769 -0.40164283] 
Episode: 361: [ 0.3051099  -0.18968588  0.23515886  0.13756558 -0.40173686] 
Episode: 371: [ 0.30876827 -0.1896295   0.23866574  0.1369861  -0.4037926 ] 
Episode: 381: [ 0.30558637 -0.18936536  0.2365509   0.13860075 -0.40522996] 
Episode: 391: [ 0.3056922  -0.1897159   0.23696715  0.13833278 -0.40532038] 
Episode: 401: [ 0.30688202 -0.19157587  0.23493071  0.1382691  -0.4075969 ] 
Episode: 411: [ 0.3072063  -0.19264838  0.23298776  0.14656611 -0.41698173] 
Episode: 421: [ 0.30702797 -0.19252923  0.23326786  0.14664586 -0.41696697] 
Episode: 431: [ 0.30703196 -0.1924574   0.23322445  0.14657727 -0.41692132] 
Episode: 441: [ 0.30703703 -0.19243583  0.23320875  0.14659806 -0.41692537] 
Episode: 451: [ 0.30821374 -0.19240722  0.23363574  0.14511743 -0.41609886] 
Episode: 461: [ 0.31151623 -0.19301383  0.23548612  0.14463349 -0.41906065] 
Episode: 471: [ 0.30888304 -0.18965973  0.23324361  0.14661749 -0.41924566] 
Episode: 481: [ 0.3122312  -0.19141974  0.23309557  0.14912738 -0.42009297] 
Episode: 491: [ 0.31216922 -0.1915922   0.23202854  0.1466512  -0.41947302] 
Episode: 501: [ 0.3123213  -0.19133842  0.23188876  0.1466542  -0.41978034] 
Episode: 511: [ 0.3122453  -0.1912463   0.2318778   0.1466923  -0.41991544] 
Episode: 521: [ 0.33415693 -0.19529784  0.21703015  0.14650285 -0.41625684] 
Episode: 531: [ 0.336379   -0.19329973  0.21945737  0.15786225 -0.41371986] 
Episode: 541: [ 0.33635506 -0.19362943  0.21963961  0.15787601 -0.41364354] 
Episode: 551: [ 0.33570653 -0.19620113  0.22717477  0.15527172 -0.41294792] 
Episode: 561: [ 0.3368213  -0.19799066  0.22521454  0.15464425 -0.41295385] 
Episode: 571: [ 0.33032247 -0.19611917  0.23060815  0.17148644 -0.40438   ] 
Episode: 581: [ 0.3347156  -0.19848867  0.23121214  0.17140207 -0.40827408] 
Episode: 591: [ 0.3345068  -0.19888896  0.23284695  0.17283131 -0.4096656 ] 
Episode: 601: [ 0.33054334 -0.18102579  0.22505544  0.21198544 -0.4184009 ] 
Episode: 611: [ 0.33438164 -0.18934797  0.21437284  0.21798828 -0.41117546] 
Episode: 621: [ 0.3380222  -0.19143736  0.21257733  0.21748912 -0.411993  ] 
Episode: 631: [ 0.33842996 -0.19148378  0.2125609   0.21758224 -0.41199443] 
Episode: 641: [ 0.33488998 -0.1909437   0.21299286  0.21770889 -0.41113943] 
Episode: 651: [ 0.3364759  -0.1984496   0.21566229  0.21838693 -0.4146487 ] 
Episode: 661: [ 0.339347   -0.19938062  0.21555477  0.21643168 -0.41278636] 
Episode: 671: [ 0.33967656 -0.19981208  0.21584761  0.2172638  -0.4135905 ] 
Episode: 681: [ 0.34402558 -0.20395522  0.21390575  0.2160079  -0.4125796 ] 
Episode: 691: [ 0.3381356  -0.2028221   0.21482366  0.22838731 -0.42010036] 
Episode: 701: [nan nan nan nan nan] 
