Episode: 1: [[-0.00069999  0.0007      0.0007      0.0007      0.0007    ]
 [-0.0007     -0.00069999  0.0007      0.0007      0.0007    ]
 [-0.0007     -0.0007     -0.00069995  0.0007      0.0007    ]
 [-0.0007     -0.0007     -0.0007     -0.00069829  0.00069999]
 [-0.0007     -0.0007     -0.0007     -0.0007      0.00069969]] 
Episode: 11: [[ 0.00054843  0.00198442  0.00343236 -0.00140745 -0.00125771]
 [-0.00451191 -0.00386471  0.00481397  0.00189132 -0.00172461]
 [-0.00405914  0.00132471 -0.00408247  0.00253636 -0.00135644]
 [ 0.0007607   0.00086922 -0.00567761 -0.00202874  0.00047863]
 [-0.00055339 -0.00244282 -0.00251537 -0.00281379  0.00031687]] 
Episode: 21: [[ 0.00263093  0.00211615  0.00395066 -0.0033219  -0.00085928]
 [-0.00450034 -0.0047073   0.0067933   0.00228877 -0.00378802]
 [-0.00544562  0.00333616 -0.00507082  0.00321921 -0.00191412]
 [ 0.0024036   0.00174989 -0.00598702 -0.00240602 -0.00186544]
 [-0.00027891 -0.00347362 -0.00126818 -0.00402219  0.00028194]] 
Episode: 31: [[ 1.6749210e-03  1.7099858e-03  4.1484307e-03 -5.2497480e-03
   7.5073563e-04]
 [-2.9611601e-03 -3.0953691e-03  7.9501076e-03  1.6018762e-03
  -3.2471479e-03]
 [-5.0484305e-03  4.1759079e-03 -3.3657979e-03  2.9029429e-03
  -4.4821005e-05]
 [ 3.6713660e-03  1.6974375e-03 -5.1950156e-03 -2.0227134e-03
  -1.4259832e-03]
 [-1.1668261e-03 -3.7178234e-03 -6.0491916e-04 -3.4588499e-03
  -2.8317256e-04]] 
Episode: 41: [[ 0.0004828   0.0014332   0.0044263  -0.00604639  0.00147454]
 [-0.00235998 -0.00047361  0.00849584  0.00156339 -0.00272967]
 [-0.00495253  0.00453189 -0.00241863  0.00315897  0.00086659]
 [ 0.00412865  0.00171521 -0.0047115  -0.00147729  0.00015717]
 [-0.00149503 -0.00369154 -0.00015239 -0.00342786 -0.00125712]] 
Episode: 51: [[ 0.00017685  0.00121199  0.00432059 -0.00632186  0.00153389]
 [-0.00215067  0.00067517  0.00854654  0.00201244 -0.00263931]
 [-0.00498518  0.00482206 -0.00194357  0.00389058  0.00091654]
 [ 0.00421706  0.00127072 -0.00487045 -0.00095132  0.00035493]
 [-0.00164992 -0.00359652  0.0003985  -0.00433788 -0.00160483]] 
Episode: 61: [[ 2.2794260e-03  1.6800879e-04  3.1596464e-03 -6.0219439e-03
   2.3855879e-03]
 [-2.6609516e-03  1.5929703e-03  8.8013466e-03  2.0617011e-03
  -1.5721518e-03]
 [-5.5357353e-03  4.7734184e-03 -1.3777494e-03  4.1227280e-03
   2.0309349e-03]
 [ 3.1092961e-03  9.7126700e-04 -5.0275829e-03 -8.8501401e-04
   1.4716404e-03]
 [-1.3616489e-03 -3.7477927e-03 -3.3596792e-05 -4.7077006e-03
  -3.1500657e-03]] 
Episode: 71: [[ 0.00400233 -0.00124155  0.00161162 -0.00538521  0.00313146]
 [-0.0046349   0.00249553  0.0092312   0.00217141  0.00050028]
 [-0.0074213   0.00450756 -0.00089497  0.00438473  0.00421325]
 [ 0.00141037  0.00097284 -0.00509432 -0.00066032  0.00411389]
 [ 0.0002     -0.00408712 -0.00113055 -0.00471426 -0.00389617]] 
Episode: 81: [[ 4.2965058e-03 -1.8003946e-03  1.2674037e-03 -5.0734309e-03
   5.2249953e-03]
 [-5.7231444e-03  4.4895182e-03  9.1790324e-03  2.6411354e-03
   1.4489255e-05]
 [-8.4542250e-03  4.7281659e-03  6.0744281e-04  4.9944338e-03
   3.5518059e-03]
 [ 9.9978724e-04  2.4180100e-03 -4.2299554e-03 -2.9285255e-04
   3.6905310e-03]
 [ 8.7586301e-04 -3.5393094e-03 -6.1909272e-04 -5.2496418e-03
  -3.1544920e-03]] 
Episode: 91: [[ 4.4625206e-03 -2.3842880e-03  5.0535740e-04 -5.2570282e-03
   6.3189506e-03]
 [-5.9901127e-03  5.8486150e-03  8.5742939e-03  2.1437376e-03
  -2.5195794e-04]
 [-8.8766310e-03  5.5673164e-03  1.3740889e-03  4.3178909e-03
   2.1040374e-03]
 [ 1.1629690e-03  8.5568626e-04 -4.8907138e-03  1.0659618e-05
   5.1672282e-03]
 [ 1.0580714e-03 -3.4514472e-03 -1.2624249e-04 -4.4497717e-03
  -2.6205333e-03]] 
Episode: 101: [[ 4.9967407e-03 -3.3292351e-03 -5.0366711e-04 -5.1901974e-03
   6.7871762e-03]
 [-6.1642868e-03  6.4816545e-03  8.3270678e-03  1.9525605e-03
  -1.4950075e-04]
 [-9.2088114e-03  5.9459917e-03  2.0199602e-03  4.0975320e-03
   1.6606798e-03]
 [ 1.2338869e-03  8.1044214e-05 -5.0956276e-03  2.7024047e-04
   6.2395828e-03]
 [ 1.2407977e-03 -3.4804309e-03  9.2711080e-06 -4.2740433e-03
  -2.4083636e-03]] 
Episode: 111: [[ 5.21981856e-03 -3.68790166e-03 -8.94937606e-04 -5.16682630e-03
   7.14440132e-03]
 [-6.28224341e-03  6.94524636e-03  8.21321178e-03  1.96550880e-03
  -1.17464595e-04]
 [-9.38821957e-03  6.10559806e-03  2.46806908e-03  4.11611143e-03
   1.50307862e-03]
 [ 1.25848968e-03 -3.30301300e-05 -5.03357314e-03  3.64667445e-04
   6.61466410e-03]
 [ 1.35616551e-03 -3.48822097e-03  8.91714662e-05 -4.44386574e-03
  -2.33279634e-03]] 
Episode: 121: [[ 0.00545668 -0.00403352 -0.00135201 -0.00503241  0.00759513]
 [-0.00632392  0.0074859   0.00817362  0.00197506 -0.00021105]
 [-0.00945685  0.00616661  0.00295094  0.00412637  0.00134892]
 [ 0.00116027  0.00026097 -0.00469933  0.00040719  0.00668573]
 [ 0.00141187 -0.00346638  0.00022552 -0.00465932 -0.00234689]] 
Episode: 131: [[ 0.00595933 -0.0041469  -0.00155391 -0.00510503  0.00793009]
 [-0.00628945  0.0077173   0.00805558  0.00204615 -0.0003789 ]
 [-0.00945681  0.00626383  0.00337604  0.00419096  0.00114171]
 [ 0.00108164  0.00036838 -0.0045492   0.00035025  0.00672379]
 [ 0.00129983 -0.00335648  0.00053018 -0.00490445 -0.00247301]] 
Episode: 141: [[ 0.00649792 -0.0051309  -0.00298129 -0.00479315  0.00831901]
 [-0.00617827  0.00892362  0.00782518  0.00171789 -0.00061929]
 [-0.00935275  0.00646607  0.00456645  0.00374992  0.0009147 ]
 [ 0.00072182  0.00170752 -0.00315082  0.00035529  0.00657666]
 [ 0.00093957 -0.00275259  0.00145432 -0.00467615 -0.00259375]] 
Episode: 151: [[ 0.00688659 -0.00545091 -0.00380582 -0.00472566  0.00818837]
 [-0.00593732  0.00908859  0.00796312  0.00178934 -0.00025149]
 [-0.00909276  0.00639533  0.00600015  0.00373279  0.00123143]
 [ 0.0006221   0.00204245 -0.00259653  0.00121048  0.00665864]
 [ 0.00080625 -0.00251346  0.00175046 -0.00492102 -0.00108728]] 
Episode: 161: [[ 7.6769656e-03 -6.3287080e-03 -6.0548009e-03 -4.5889057e-03
   9.2897043e-03]
 [-5.5866209e-03  1.0512090e-02  8.0789793e-03  2.1162922e-03
  -7.1454520e-04]
 [-8.7494170e-03  6.1926660e-03  7.5566941e-03  3.8660583e-03
   6.3694397e-04]
 [ 3.3794309e-05  3.6461605e-03 -1.8267507e-04  1.9921772e-03
   6.5276953e-03]
 [-3.4751595e-04 -1.3528769e-03  4.4675721e-03 -5.5018920e-03
  -3.8297556e-04]] 
Episode: 171: [[ 8.6089587e-03 -4.7474690e-03 -5.6613772e-03 -3.5637831e-03
   1.1231417e-02]
 [-5.3774519e-03  1.3703726e-02  8.7053804e-03  2.9243280e-03
  -3.1574753e-05]
 [-8.5127978e-03  5.4660887e-03  8.4983390e-03  4.4689295e-03
   9.6074090e-04]
 [-3.7828306e-04  3.5195220e-03  5.6775898e-04  4.9633160e-03
   6.3534994e-03]
 [-6.1638944e-04 -1.7231849e-03  4.9920953e-03 -5.7185348e-03
   2.4406514e-03]] 
Episode: 181: [[ 9.2385253e-03 -3.6261450e-03 -5.2937525e-03 -3.2041459e-03
   1.3357742e-02]
 [-5.2518160e-03  1.5883712e-02  9.0326872e-03  3.5838585e-03
   5.5410987e-05]
 [-8.3123902e-03  5.0688405e-03  8.9480598e-03  5.1489328e-03
   5.5551546e-04]
 [-6.3583947e-04  2.9518732e-03  5.3380767e-04  6.7511881e-03
   5.5380813e-03]
 [-4.7948054e-04 -1.9993063e-03  5.1177186e-03 -5.2219243e-03
   2.8546881e-03]] 
Episode: 191: [[ 0.00934242 -0.00327912 -0.00522117 -0.00320791  0.01527103]
 [-0.00545471  0.01748659  0.0089463   0.00391464 -0.00060517]
 [-0.00841086  0.00506265  0.00929734  0.00556171 -0.00063142]
 [-0.00090419  0.00243208  0.00040392  0.00666695  0.00439274]
 [-0.00035333 -0.00186614  0.00550169 -0.00418936  0.00097321]] 
Episode: 201: [[ 0.00915897 -0.00350558 -0.00538843 -0.00324228  0.01506292]
 [-0.00562738  0.01753957  0.00877045  0.00395142 -0.00093498]
 [-0.0085811   0.0051893   0.009676    0.00562848 -0.00100248]
 [-0.00107107  0.00236409  0.00039249  0.00647591  0.00435154]
 [-0.00061993 -0.00162567  0.00589989 -0.00373676 -0.00047584]] 
Episode: 211: [[ 0.00872171 -0.00347296 -0.00535873 -0.00323937  0.01333589]
 [-0.0057641   0.01811984  0.00884504  0.00393713 -0.00079994]
 [-0.00861161  0.00519291  0.00992419  0.00564741 -0.00049568]
 [-0.00105685  0.00247927  0.00049603  0.00660853  0.00537614]
 [-0.00078332 -0.00171805  0.00566566 -0.00367045 -0.00060973]] 
Episode: 221: [[ 9.5883701e-03 -2.8461674e-03 -5.2222265e-03 -2.3144553e-03
   1.8331476e-02]
 [-5.5913329e-03  2.0150045e-02  1.0484965e-02  4.0796879e-03
  -4.6547554e-03]
 [-8.5422872e-03  4.2193979e-03  1.0276186e-02  5.3411792e-03
  -5.0634602e-03]
 [-1.5200704e-03  3.1904513e-03  1.5384502e-03  6.7143547e-03
   5.3271034e-04]
 [-5.0778883e-05 -2.8661757e-03  3.0667416e-03 -4.4885138e-03
  -5.0543598e-04]] 
Episode: 231: [[ 9.8516736e-03 -2.8846092e-03 -5.3680078e-03 -1.9641651e-03
   2.0612085e-02]
 [-5.3077922e-03  2.0071004e-02  1.1096045e-02  4.1336836e-03
  -6.1640879e-03]
 [-8.3183330e-03  3.8697699e-03  1.0452126e-02  5.1345672e-03
  -6.9859847e-03]
 [-1.6902249e-03  3.8221495e-03  2.2190902e-03  6.5420386e-03
  -1.6495241e-03]
 [ 7.5145792e-05 -3.5263966e-03  1.7966212e-03 -4.8794905e-03
   1.5067609e-03]] 
Episode: 241: [[ 9.2694601e-03 -5.4770759e-03 -6.9647739e-03 -2.2628924e-03
   2.1427823e-02]
 [-5.1065614e-03  1.9423481e-02  1.0943698e-02  3.7478241e-03
  -6.9961799e-03]
 [-8.0214320e-03  4.1933730e-03  9.9188769e-03  4.4016936e-03
  -7.9501281e-03]
 [-1.6259755e-03  5.1843282e-03  3.1765825e-03  4.9012881e-03
  -2.5341769e-03]
 [ 3.8398750e-05 -4.4059120e-03  1.1827347e-03 -4.9141659e-03
   4.4377577e-03]] 
Episode: 251: [[ 0.00929715 -0.00732864 -0.00799329 -0.0024649   0.02188305]
 [-0.00491667  0.0205761   0.01064096  0.00344334 -0.00732563]
 [-0.0078392   0.00471306  0.00980516  0.00406254 -0.00836936]
 [-0.00158979  0.00610277  0.00367016  0.00459712 -0.00288398]
 [-0.00015065 -0.00516518  0.00076738 -0.0050361   0.00655613]] 
Episode: 261: [[ 0.0093887  -0.00848533 -0.00825879 -0.0024959   0.02229227]
 [-0.00473478  0.02056888  0.01004908  0.00309268 -0.00743373]
 [-0.00799149  0.00530122  0.00842212  0.00403516 -0.00855939]
 [-0.00179077  0.00679337  0.00390264  0.00451439 -0.00300209]
 [-0.00023465 -0.00554471  0.00058438 -0.00520546  0.01214065]] 
Episode: 271: [[ 0.00910517 -0.00973043 -0.00852833 -0.00261702  0.02238871]
 [-0.00463967  0.01923699  0.00944155  0.00267003 -0.00731601]
 [-0.00813984  0.00600543  0.00939431  0.0039613  -0.00839629]
 [-0.00200141  0.00751126  0.00402601  0.00514274 -0.00291491]
 [-0.00057637 -0.00553625  0.00083919 -0.00459552  0.0158605 ]] 
Episode: 281: [[ 0.00914941 -0.0104696  -0.00880858 -0.00273968  0.02235663]
 [-0.00451401  0.01824212  0.0091406   0.00238861 -0.00729042]
 [-0.00811446  0.00640833  0.01102721  0.0038158  -0.00827759]
 [-0.00201717  0.00796461  0.00413009  0.00580843 -0.00284725]
 [-0.00069213 -0.00552441  0.00088713 -0.00429187  0.0171647 ]] 
Episode: 291: [[ 0.00914026 -0.01088839 -0.00905158 -0.00289241  0.02222835]
 [-0.00438166  0.01819439  0.00907331  0.00229772 -0.00713972]
 [-0.00806024  0.00651406  0.01274127  0.00370058 -0.00809743]
 [-0.0019803   0.00809682  0.00417189  0.00648944 -0.00272436]
 [-0.00067403 -0.0056371   0.00080153 -0.00440715  0.0173738 ]] 
Episode: 301: [[ 1.8931720e-03 -1.7553909e-02 -1.4163312e-02 -5.4592234e-03
   1.5532314e-02]
 [ 9.8176626e-04  1.0936515e-02  4.9171695e-03  2.5459952e-03
   4.6737608e-05]
 [-5.0960383e-03  9.8306304e-03  2.0094283e-02  9.3598645e-03
  -9.5150527e-04]
 [ 9.7121287e-04  6.2902467e-03 -1.1827745e-03  8.9448830e-03
   3.8977414e-03]
 [-7.5688018e-03  1.3393213e-03  8.0162799e-03  2.8718924e-03
   2.4378136e-02]] 
Episode: 311: [[-0.00068324 -0.01990537 -0.01596375 -0.00640251  0.01314476]
 [ 0.00290757  0.00835739  0.00340359  0.00268022  0.00262892]
 [-0.00406614  0.01103108  0.02279972  0.01140252  0.00160462]
 [ 0.0019834   0.00569584 -0.00304438  0.00989169  0.00622563]
 [-0.0099808   0.00380753  0.01056014  0.00545788  0.02688361]] 
Episode: 321: [[-0.00159435 -0.02074363 -0.0166317  -0.00675936  0.0122878 ]
 [ 0.00359165  0.00744575  0.00287465  0.00275485  0.00354804]
 [-0.00369797  0.01145941  0.02382612  0.0121656   0.00251408]
 [ 0.00234264  0.00548467 -0.00372996  0.01023761  0.00701169]
 [-0.01083724  0.00468587  0.01146348  0.00638053  0.02777007]] 
Episode: 331: [[-0.00191485 -0.0210416  -0.01687472 -0.00688763  0.01197954]
 [ 0.00383307  0.00711222  0.00269649  0.00278479  0.00387552]
 [-0.00356731  0.01161071  0.0241669   0.01244044  0.00283807]
 [ 0.00246828  0.00540953 -0.00397331  0.01037069  0.0072845 ]
 [-0.01114224  0.00499916  0.01178606  0.00670864  0.02809132]] 
Episode: 341: [[-0.00203243 -0.02114462 -0.01695159 -0.00692818  0.01187406]
 [ 0.00392101  0.00700081  0.00263106  0.00279157  0.00399543]
 [-0.00351806  0.01166226  0.0243229   0.01253392  0.00296013]
 [ 0.00251533  0.00538355 -0.0040576   0.0104126   0.00739689]
 [-0.011249    0.00511035  0.01189802  0.00682384  0.02819178]] 
Episode: 351: [[-0.00207772 -0.02118249 -0.01699956 -0.00696029  0.01183052]
 [ 0.00395279  0.00695328  0.00260842  0.00281306  0.00403284]
 [-0.00350791  0.01167374  0.02442374  0.01259782  0.00299707]
 [ 0.00253574  0.00537762 -0.00411079  0.01043644  0.00738435]
 [-0.01128731  0.00515017  0.01193983  0.00686979  0.02821287]] 
Episode: 361: [[-0.00209042 -0.02119567 -0.01702631 -0.0069822   0.01181171]
 [ 0.00396363  0.00693067  0.00259554  0.00283683  0.00403889]
 [-0.00350728  0.01167911  0.02446514  0.01264882  0.00300046]
 [ 0.0025393   0.00537301 -0.00415311  0.01048006  0.00732849]
 [-0.01130302  0.00516511  0.01195673  0.00689125  0.0282145 ]] 
Episode: 371: [[-0.0020921  -0.02119759 -0.01702973 -0.00699255  0.01180422]
 [ 0.00396644  0.00691689  0.00257817  0.00285324  0.00403483]
 [-0.00351177  0.01168135  0.02451943  0.01268447  0.00299413]
 [ 0.00253463  0.00537124 -0.00417659  0.01052187  0.00727669]
 [-0.01131102  0.00517242  0.0119653   0.00690237  0.02822406]] 
Episode: 381: [[-0.00209513 -0.0211941  -0.01703406 -0.00699172  0.01180207]
 [ 0.0039657   0.00693277  0.00257999  0.00285708  0.0040323 ]
 [-0.00351591  0.01168482  0.0245924   0.01269751  0.00299125]
 [ 0.00253201  0.0053745  -0.00418784  0.01051515  0.00725929]
 [-0.0113132   0.00517624  0.01196927  0.00690779  0.02816319]] 
Episode: 391: [[-0.00209152 -0.02119085 -0.01703922 -0.0069795   0.01180332]
 [ 0.00396426  0.0069479   0.0025758   0.00285149  0.00401975]
 [-0.00352054  0.01168901  0.02472645  0.01270619  0.00297578]
 [ 0.00252861  0.00537578 -0.00420631  0.01048749  0.0072217 ]
 [-0.01131549  0.00517832  0.01197452  0.00691521  0.02810809]] 
Episode: 401: [[-0.00208508 -0.02118708 -0.01703957 -0.00697024  0.01180263]
 [ 0.00396521  0.006946    0.00257575  0.00284651  0.00401919]
 [-0.00352233  0.01168854  0.02479421  0.01270172  0.00297342]
 [ 0.00252988  0.00537745 -0.00420116  0.01046657  0.00721872]
 [-0.01131536  0.00517954  0.01197585  0.00691756  0.02809675]] 
Episode: 411: [[-0.00207351 -0.02117939 -0.01703522 -0.00695665  0.01179791]
 [ 0.00396469  0.00695049  0.00256829  0.00284103  0.00401914]
 [-0.00352769  0.01168719  0.02484992  0.01269926  0.00297444]
 [ 0.00253378  0.00538585 -0.00419447  0.01045248  0.00720945]
 [-0.01131391  0.00518154  0.01197882  0.00692243  0.02810317]] 
Episode: 421: [[-0.00205689 -0.02117809 -0.01704122 -0.00697223  0.0117893 ]
 [ 0.00396302  0.00693784  0.00256002  0.0028564   0.00401483]
 [-0.00353309  0.01168482  0.02481526  0.01272251  0.00296965]
 [ 0.00253731  0.0053881  -0.00420738  0.01046093  0.00717487]
 [-0.01131321  0.00518286  0.01198163  0.00692914  0.02810429]] 
Episode: 431: [[-0.00205205 -0.02117822 -0.01704126 -0.00699033  0.01178627]
 [ 0.00396001  0.00692609  0.00254726  0.00287194  0.00400018]
 [-0.00354278  0.01167896  0.02481419  0.01275598  0.00295145]
 [ 0.00253273  0.00538747 -0.00422548  0.01041211  0.00711163]
 [-0.01131575  0.00518422  0.0119873   0.00693681  0.02808919]] 
Episode: 441: [[-0.0020437  -0.02117578 -0.0170403  -0.00700331  0.01178724]
 [ 0.00395637  0.00692433  0.00253787  0.00288546  0.00397955]
 [-0.00355345  0.01167195  0.02482123  0.0127878   0.00292749]
 [ 0.00252322  0.00538359 -0.004241    0.01035354  0.00703616]
 [-0.011321    0.00518539  0.0119972   0.00694619  0.02802691]] 
Episode: 451: [[-0.00203286 -0.0211643  -0.0170218  -0.00700504  0.01178846]
 [ 0.00395567  0.00692835  0.00253193  0.00289468  0.00397393]
 [-0.00355375  0.01167773  0.02482472  0.01280434  0.00292059]
 [ 0.00251389  0.00538221 -0.00423844  0.01036264  0.00701619]
 [-0.01132594  0.00518599  0.01200172  0.00694897  0.02803634]] 
Episode: 461: [[-0.00202449 -0.02115648 -0.01700432 -0.00700715  0.01178997]
 [ 0.00395629  0.00693012  0.00252928  0.00289996  0.00397376]
 [-0.0035509   0.01168228  0.02488134  0.01280772  0.00292009]
 [ 0.00250867  0.00538092 -0.00423025  0.0102526   0.00702182]
 [-0.01132746  0.00518615  0.01200292  0.00694791  0.02805426]] 
Episode: 471: [[-0.00200945 -0.02115287 -0.01700386 -0.00702528  0.01178994]
 [ 0.00395574  0.00692013  0.00253173  0.00291287  0.00397388]
 [-0.00354962  0.01168351  0.02488324  0.01281275  0.00292049]
 [ 0.00250793  0.00538162 -0.00422665  0.01014996  0.00703174]
 [-0.01132656  0.00518761  0.01200371  0.00694493  0.02803494]] 
Episode: 481: [[-0.00199573 -0.02115449 -0.01700088 -0.00704641  0.01178994]
 [ 0.00395722  0.00690187  0.00251197  0.00292967  0.00396724]
 [-0.0035478   0.01168526  0.02479936  0.01282953  0.00291335]
 [ 0.00250936  0.00537565 -0.00424598  0.01008903  0.00701977]
 [-0.01132621  0.00518788  0.01200347  0.00694354  0.02801586]] 
Episode: 491: [[-0.00199611 -0.02114952 -0.01701416 -0.00703481  0.01178856]
 [ 0.00396079  0.00689816  0.00253389  0.00292188  0.00398515]
 [-0.00353717  0.01168758  0.0247317   0.01280237  0.00293411]
 [ 0.00251872  0.00538218 -0.00423068  0.0101289   0.00708347]
 [-0.0113226   0.00518819  0.01199513  0.00693537  0.02801234]] 
Episode: 501: [[-0.00198904 -0.02114294 -0.01701444 -0.00702239  0.0117915 ]
 [ 0.00396518  0.0068978   0.00253994  0.00292019  0.0040021 ]
 [-0.00352778  0.01169234  0.02465891  0.01277644  0.00295637]
 [ 0.0025251   0.00538585 -0.00422126  0.01015702  0.00715688]
 [-0.01131989  0.00518891  0.01199056  0.00692467  0.02807184]] 
Episode: 511: [[-0.00198807 -0.02114224 -0.01702349 -0.00701132  0.01179198]
 [ 0.00396923  0.00689137  0.0025544   0.00291154  0.00401945]
 [-0.00351523  0.01169356  0.02461633  0.0127443   0.00298192]
 [ 0.00253478  0.00538901 -0.00420153  0.01017596  0.00723642]
 [-0.01131526  0.0051895   0.01198568  0.00691251  0.02812719]] 
Episode: 521: [[-0.00198687 -0.02114277 -0.01703127 -0.00701039  0.01178746]
 [ 0.00397315  0.00688329  0.00255785  0.0029111   0.00403255]
 [-0.00350332  0.01169708  0.02456038  0.01273147  0.00300221]
 [ 0.00254453  0.00538666 -0.00419925  0.01022785  0.00728741]
 [-0.01131028  0.00518911  0.01197846  0.00690544  0.02816159]] 
Episode: 531: [[-0.00199127 -0.02114069 -0.01703577 -0.00698196  0.0117829 ]
 [ 0.00397778  0.00687602  0.00257582  0.00288233  0.00405873]
 [-0.00349022  0.0116966   0.02451261  0.01267933  0.00303604]
 [ 0.00255488  0.00538909 -0.00416283  0.01026264  0.0073958 ]
 [-0.01130342  0.00518836  0.01196919  0.00689401  0.02817   ]] 
Episode: 541: [[-0.00200054 -0.02113535 -0.01705275 -0.00691953  0.01178445]
 [ 0.003987    0.00685852  0.00261254  0.00281908  0.00410256]
 [-0.00346514  0.0116979   0.02424458  0.01257225  0.00309263]
 [ 0.00257729  0.0053965  -0.00410821  0.01024322  0.00760116]
 [-0.01129003  0.00518626  0.01195305  0.0068685   0.02822066]] 
Episode: 551: [[-0.00199666 -0.02113508 -0.01707933 -0.00693563  0.01177616]
 [ 0.00399159  0.00684026  0.00262206  0.0028448   0.00410949]
 [-0.00345235  0.01170323  0.02406124  0.01259131  0.0030992 ]
 [ 0.00258527  0.00538698 -0.00414146  0.01033311  0.00759524]
 [-0.01128527  0.00518684  0.01194844  0.006868    0.02822966]] 
Episode: 561: [[-0.00198963 -0.02114359 -0.0171156  -0.0070298   0.01176156]
 [ 0.0039902   0.00682897  0.00261412  0.00295526  0.00407691]
 [-0.00345501  0.01170949  0.02396247  0.01274071  0.00305642]
 [ 0.00257465  0.00535694 -0.00423772  0.01048738  0.00738874]
 [-0.01129116  0.00518822  0.01195573  0.00689375  0.02825041]] 
Episode: 571: [[-0.00198295 -0.02114691 -0.01712005 -0.00708966  0.01175393]
 [ 0.00398691  0.00682202  0.00259985  0.00302563  0.00405033]
 [-0.00346473  0.01171181  0.02397173  0.01284118  0.00302307]
 [ 0.00256332  0.00533941 -0.00429423  0.01059041  0.00724624]
 [-0.01129707  0.00518969  0.01196073  0.0069126   0.0282583 ]] 
Episode: 581: [[-0.00198147 -0.02114457 -0.01712784 -0.0071039   0.01174736]
 [ 0.0039863   0.0068239   0.00260388  0.00304916  0.00405252]
 [-0.00346471  0.01171556  0.02397393  0.01286743  0.00302254]
 [ 0.00256392  0.00533557 -0.00430736  0.01065425  0.00722486]
 [-0.0112963   0.00518982  0.01195692  0.00691708  0.02825396]] 
Episode: 591: [[-0.00196767 -0.02114126 -0.01711714 -0.00711849  0.01174617]
 [ 0.0039825   0.00681324  0.00257867  0.00306983  0.00403959]
 [-0.00347473  0.01171754  0.02408618  0.0129044   0.00300537]
 [ 0.00256011  0.00533139 -0.004344    0.01065538  0.00716992]
 [-0.01129775  0.00519171  0.01196016  0.00692534  0.02824428]] 
Episode: 601: [[-0.00196086 -0.02113909 -0.01709227 -0.00713013  0.01175241]
 [ 0.00397842  0.00680477  0.00254223  0.00308669  0.00401341]
 [-0.00348807  0.01171482  0.02411702  0.01294133  0.00297267]
 [ 0.00255489  0.0053252  -0.00438999  0.01063642  0.00708335]
 [-0.01130106  0.00519319  0.01197113  0.00693519  0.02822364]] 
Episode: 611: [[-0.00195114 -0.02113495 -0.01708988 -0.00712101  0.01176164]
 [ 0.00397104  0.00677678  0.00254002  0.0030834   0.00399415]
 [-0.00351057  0.01170856  0.02427715  0.01293882  0.00294406]
 [ 0.00254839  0.00533066 -0.00440724  0.01052106  0.00705493]
 [-0.01130287  0.00519602  0.01197527  0.00693709  0.02820719]] 
Episode: 621: [[-0.00196438 -0.02113138 -0.01711538 -0.00709571  0.01176919]
 [ 0.00397368  0.00677856  0.00258476  0.00306734  0.00401297]
 [-0.0035033   0.01170164  0.02434043  0.01287642  0.00295883]
 [ 0.00255229  0.00534019 -0.0043761   0.01045584  0.00714245]
 [-0.01129735  0.00519628  0.01195608  0.00691833  0.02817477]] 
Episode: 631: [[-0.00197259 -0.02113041 -0.01711449 -0.00708288  0.01177522]
 [ 0.00397162  0.00678242  0.00260185  0.00305886  0.00401051]
 [-0.00350823  0.01169512  0.02434713  0.01285107  0.00294741]
 [ 0.00254895  0.00534836 -0.00436547  0.01040682  0.00714859]
 [-0.01129943  0.00519613  0.0119551   0.00691418  0.02816475]] 
Episode: 641: [[-0.00196994 -0.02112425 -0.01707461 -0.00707916  0.01177972]
 [ 0.00396918  0.00677638  0.00259926  0.00306068  0.00401095]
 [-0.00351525  0.01169095  0.02446283  0.01285105  0.00293875]
 [ 0.00253494  0.0053571  -0.00434867  0.01034783  0.00713705]
 [-0.01130479  0.00519694  0.01195906  0.00691707  0.02821759]] 
Episode: 651: [[-0.00197314 -0.02112114 -0.0170552  -0.00707294  0.01178135]
 [ 0.00396718  0.00678315  0.00260244  0.00305812  0.00401274]
 [-0.00351858  0.01168947  0.02455738  0.01284673  0.00293759]
 [ 0.00252855  0.0053608  -0.00433364  0.01030256  0.0071391 ]
 [-0.01130624  0.00519805  0.01196027  0.00691798  0.02822279]] 
Episode: 661: [[-0.00197577 -0.02111598 -0.01704181 -0.00705641  0.01178434]
 [ 0.00396467  0.00679087  0.00261672  0.00304302  0.00401727]
 [-0.00352059  0.01169089  0.0245117   0.01282622  0.00294368]
 [ 0.00253056  0.00537189 -0.00431112  0.0103445   0.00716072]
 [-0.01130583  0.00519908  0.01195964  0.00691593  0.02821999]] 
Episode: 671: [[-0.00197072 -0.021109   -0.01702421 -0.00705591  0.011788  ]
 [ 0.00396121  0.00678535  0.00261042  0.00303866  0.00401265]
 [-0.00352564  0.0116964   0.02445262  0.01282069  0.00294015]
 [ 0.00252889  0.00538471 -0.00430307  0.01035632  0.00715707]
 [-0.01130855  0.00519948  0.01196157  0.00691511  0.02827153]] 
Episode: 681: [[-0.00196966 -0.02110443 -0.01702171 -0.00704244  0.01178749]
 [ 0.00396103  0.00677558  0.00262185  0.00301866  0.00402249]
 [-0.00352075  0.01170008  0.02437949  0.01278552  0.00295503]
 [ 0.00253525  0.00539852 -0.00427517  0.01035951  0.00720825]
 [-0.01130601  0.00520028  0.01195721  0.00690752  0.02830571]] 
Episode: 691: [[-0.00195896 -0.02110551 -0.01704087 -0.00703436  0.01177626]
 [ 0.00396164  0.0067646   0.00264243  0.00300514  0.00402939]
 [-0.00351568  0.01169855  0.02433579  0.01276285  0.0029714 ]
 [ 0.00253985  0.00540312 -0.00426426  0.0103037   0.00722708]
 [-0.01130263  0.00520049  0.01195499  0.00689112  0.02831901]] 
Episode: 701: [[-0.00193051 -0.02111871 -0.01706439 -0.0071176   0.011775  ]
 [ 0.00395682  0.00673996  0.00259301  0.0030836   0.00397708]
 [-0.003532    0.01169928  0.02434784  0.0128895   0.00290594]
 [ 0.00252724  0.00538407 -0.00439104  0.01029686  0.00698995]
 [-0.01131316  0.00520335  0.01197875  0.00691641  0.02829142]] 
Episode: 711: [[-0.00190871 -0.02112097 -0.01705868 -0.00715502  0.0117796 ]
 [ 0.00395596  0.00671645  0.00254612  0.00311911  0.00394206]
 [-0.00354361  0.0116992   0.02436816  0.01295648  0.0028641 ]
 [ 0.00251663  0.00537489 -0.00445913  0.01027236  0.00685627]
 [-0.01132081  0.00520457  0.01199248  0.00693154  0.02830398]] 
Episode: 721: [[-0.00189014 -0.02111981 -0.01702174 -0.00719532  0.01178382]
 [ 0.00395629  0.00670098  0.00246032  0.00315279  0.00390555]
 [-0.0035589   0.01169672  0.02436923  0.01303343  0.00282363]
 [ 0.00250372  0.0053632  -0.00454294  0.01022312  0.00672465]
 [-0.01132848  0.00520533  0.01200989  0.00694839  0.02833601]] 
Episode: 731: [[-0.00188248 -0.02111471 -0.0170275  -0.00719751  0.01178563]
 [ 0.00395568  0.00669174  0.00249486  0.0031574   0.00391414]
 [-0.00355729  0.01169369  0.02432374  0.01303217  0.00282497]
 [ 0.00250226  0.00537218 -0.00451789  0.01023745  0.00673719]
 [-0.01133038  0.00520541  0.01201074  0.00694958  0.02836314]] 
Episode: 741: [[-0.00188066 -0.02110977 -0.01703548 -0.00719878  0.01178624]
 [ 0.0039539   0.00669886  0.00253736  0.00316038  0.00392787]
 [-0.00355562  0.01169094  0.02433236  0.01302514  0.00283265]
 [ 0.00250232  0.0053808  -0.00448396  0.01025842  0.00676431]
 [-0.01133206  0.00520475  0.01200965  0.0069492   0.02840071]] 
Episode: 751: [[-0.00188611 -0.02111019 -0.01706549 -0.00722399  0.01178456]
 [ 0.00395073  0.00669811  0.00256413  0.00318184  0.00393165]
 [-0.0035652   0.01168758  0.02432199  0.01304208  0.00283594]
 [ 0.00251087  0.00539218 -0.00449471  0.01025122  0.0067676 ]
 [-0.01133401  0.00520281  0.01200899  0.00694734  0.02844223]] 
Episode: 761: [[-0.00188444 -0.02111067 -0.01701266 -0.00721073  0.0117983 ]
 [ 0.00394393  0.00668012  0.00249458  0.00317259  0.00390581]
 [-0.00358392  0.01168845  0.02442769  0.01305714  0.0028079 ]
 [ 0.00250943  0.00539264 -0.00455051  0.01017997  0.00670963]
 [-0.01133701  0.00520213  0.01201732  0.00695204  0.02847832]] 
Episode: 771: [[-0.00187762 -0.02109963 -0.01694782 -0.00720105  0.01180858]
 [ 0.00394139  0.00668949  0.00242391  0.00316355  0.00389446]
 [-0.00359742  0.011699    0.02449798  0.01307208  0.00279371]
 [ 0.00251452  0.00540302 -0.0045891   0.01015084  0.00667198]
 [-0.01133513  0.00519751  0.01201237  0.00695599  0.02858268]] 
Episode: 781: [[-0.0018633  -0.02109143 -0.01687684 -0.0072059   0.01180465]
 [ 0.00393788  0.00669679  0.00234334  0.00316627  0.0038855 ]
 [-0.00361577  0.01170612  0.02458451  0.0131109   0.00278574]
 [ 0.00251239  0.00540729 -0.00463712  0.01012195  0.00660798]
 [-0.01133467  0.00519539  0.01201675  0.00696813  0.02860948]] 
Episode: 791: [[-0.00183833 -0.02108726 -0.01678156 -0.00722519  0.01180754]
 [ 0.00394667  0.00668309  0.00220308  0.00318022  0.00386151]
 [-0.00361848  0.01170779  0.02470796  0.01316168  0.00276886]
 [ 0.00251454  0.00540754 -0.004714    0.01004103  0.00652314]
 [-0.0113367   0.00519342  0.01202634  0.00697493  0.02870999]] 
Episode: 801: [[-0.00182663 -0.02107964 -0.01674483 -0.0072305   0.01180061]
 [ 0.00394941  0.00666743  0.00218059  0.00319029  0.00387332]
 [-0.00361731  0.01171187  0.02469469  0.01319009  0.00278386]
 [ 0.00251878  0.00541462 -0.00470874  0.01013688  0.0065222 ]
 [-0.01133665  0.00519205  0.0120243   0.0069798   0.02869883]] 
Episode: 811: [[-0.0018279  -0.02106568 -0.01671135 -0.0072043   0.01181218]
 [ 0.0039467   0.00666794  0.00219936  0.00317194  0.00387698]
 [-0.00362168  0.01171754  0.02472724  0.01317124  0.0027806 ]
 [ 0.0025201   0.00543424 -0.00466397  0.01022234  0.00654296]
 [-0.0113357   0.00519239  0.0120089   0.00698087  0.02873047]] 
Episode: 821: [[-0.00181452 -0.02106019 -0.01673267 -0.00719092  0.01182188]
 [ 0.0039464   0.00665514  0.0022324   0.00316461  0.00387143]
 [-0.00362146  0.01172002  0.02475559  0.01315614  0.00276943]
 [ 0.00252664  0.00543948 -0.0046466   0.0102964   0.00655475]
 [-0.01133534  0.00519349  0.01199827  0.00697989  0.02868039]] 
Episode: 831: [[-0.00180703 -0.02105191 -0.01673634 -0.00715698  0.01182808]
 [ 0.00394727  0.00665412  0.00230155  0.00313114  0.00389175]
 [-0.00360668  0.01172874  0.02482204  0.01312104  0.00277848]
 [ 0.00251069  0.00546129 -0.00454548  0.01032499  0.0066413 ]
 [-0.0113436   0.00519388  0.01199724  0.00697696  0.02875715]] 
Episode: 841: [[-0.00182586 -0.02103654 -0.01673376 -0.00711907  0.01182601]
 [ 0.00395724  0.0066763   0.00238735  0.00309434  0.00393848]
 [-0.00358243  0.01173984  0.02486693  0.01307114  0.00281753]
 [ 0.00249608  0.00548386 -0.00441076  0.01032425  0.00677506]
 [-0.01134751  0.00519044  0.01198761  0.00696975  0.02880048]] 
Episode: 851: [[-0.00181433 -0.02103488 -0.01671595 -0.00711585  0.01182986]
 [ 0.00395964  0.00666177  0.00238476  0.00309097  0.0039387 ]
 [-0.00358082  0.01174366  0.0249153   0.01307308  0.00281078]
 [ 0.00248881  0.00548349 -0.00439366  0.01026175  0.00677234]
 [-0.01134943  0.0051887   0.0119889   0.0069689   0.02884294]] 
Episode: 861: [[-0.00178793 -0.02105252 -0.01665376 -0.00717004  0.01185055]
 [ 0.00395184  0.00660606  0.00226163  0.00313218  0.00386039]
 [-0.00361926  0.01173179  0.02498495  0.01317006  0.00272055]
 [ 0.00245531  0.00545484 -0.00450131  0.00999244  0.00654966]
 [-0.01136697  0.00518907  0.01202823  0.00698262  0.02895347]] 
Episode: 871: [[-0.00175694 -0.02105865 -0.01654621 -0.00719344  0.01187809]
 [ 0.00394569  0.0065562   0.00210378  0.0031566   0.00378774]
 [-0.00364846  0.01172605  0.02499866  0.01325664  0.00263606]
 [ 0.00242696  0.00542894 -0.00462305  0.00991309  0.00635002]
 [-0.01138118  0.00519023  0.01204857  0.0070039   0.02905929]] 
Episode: 881: [[-0.0017334  -0.02106233 -0.01635776 -0.00721844  0.01191268]
 [ 0.00393409  0.00652552  0.00185241  0.00318009  0.00367377]
 [-0.00369045  0.01171876  0.02505021  0.01336192  0.00252535]
 [ 0.00240019  0.00539397 -0.00481573  0.00984105  0.00607628]
 [-0.01139339  0.0051914   0.01206896  0.00702665  0.02899234]] 
Episode: 891: [[-0.00170951 -0.02105836 -0.01626869 -0.00724167  0.01192172]
 [ 0.0039339   0.00653625  0.00172012  0.00320696  0.00362877]
 [-0.00370069  0.01172913  0.02513177  0.01342694  0.00248425]
 [ 0.00239463  0.00538086 -0.00491807  0.00978857  0.00595497]
 [-0.01139864  0.0051878   0.01207689  0.00703414  0.02896295]] 
Episode: 901: [[-0.00167537 -0.02103513 -0.01634824 -0.00720854  0.01190643]
 [ 0.00393189  0.00662933  0.00177349  0.00319777  0.0036774 ]
 [-0.00363469  0.01175766  0.02523682  0.01342006  0.00253023]
 [ 0.00238658  0.00541602 -0.00483371  0.0097422   0.006081  ]
 [-0.01143349  0.00517483  0.01206554  0.00701856  0.02893152]] 
Episode: 911: [[-0.00164946 -0.02101798 -0.01634709 -0.00717364  0.01191063]
 [ 0.00391915  0.00666487  0.00167608  0.00318701  0.00368215]
 [-0.00358543  0.01177138  0.02532448  0.01343116  0.00253634]
 [ 0.00240577  0.00542379 -0.00492881  0.00966267  0.00609571]
 [-0.01146665  0.00516683  0.01204916  0.00701248  0.02904915]] 
Episode: 921: [[-0.00163439 -0.02101465 -0.016348   -0.00715194  0.01193819]
 [ 0.00392466  0.00665172  0.00161035  0.00315811  0.00364012]
 [-0.0036125   0.01176455  0.02493933  0.01341184  0.00248306]
 [ 0.00247603  0.00543237 -0.00506969  0.00942856  0.0059811 ]
 [-0.01146225  0.00516521  0.01205558  0.00701749  0.02921885]] 
Episode: 931: [[-0.00163058 -0.02100826 -0.01634291 -0.00717375  0.0119479 ]
 [ 0.00393594  0.00663604  0.00165394  0.00315679  0.00360208]
 [-0.00366076  0.0117438   0.02463937  0.0134064   0.00242761]
 [ 0.0024677   0.00544463 -0.00503598  0.00912592  0.0058662 ]
 [-0.01145669  0.00516824  0.01209549  0.00702592  0.02911221]] 
Episode: 941: [[-0.00162906 -0.02100289 -0.0162595  -0.00728677  0.01191465]
 [ 0.00389971  0.00663231  0.00181777  0.00328176  0.00371742]
 [-0.00368242  0.01171749  0.02473159  0.01343952  0.00251361]
 [ 0.00226935  0.00545982 -0.00450702  0.0086994   0.00616002]
 [-0.01149065  0.00517212  0.01215576  0.00699605  0.02945843]] 
Episode: 951: [[-0.00162654 -0.02099779 -0.01617371 -0.00741167  0.01187785]
 [ 0.00386292  0.00665936  0.0018997   0.00342445  0.0038259 ]
 [-0.00367625  0.01171854  0.02494249  0.01351068  0.0026018 ]
 [ 0.0020768   0.0054813  -0.00408266  0.0084005   0.0064402 ]
 [-0.01153355  0.00517258  0.01221219  0.00696487  0.0297775 ]] 
Episode: 961: [[-0.00163251 -0.02100048 -0.01617608 -0.00744889  0.0118673 ]
 [ 0.00385234  0.00665882  0.00196447  0.00346395  0.00388244]
 [-0.00366879  0.01172023  0.02501489  0.01350941  0.0026501 ]
 [ 0.00202463  0.00550938 -0.00386277  0.00831118  0.00660893]
 [-0.01154341  0.00517576  0.01222601  0.00694827  0.0300015 ]] 
Episode: 971: [[-0.00164408 -0.02099556 -0.01627528 -0.00743615  0.01185297]
 [ 0.00385232  0.0066717   0.00212638  0.00346523  0.00395442]
 [-0.0036435   0.01173025  0.02491136  0.01344025  0.00271197]
 [ 0.00201586  0.00553045 -0.00367728  0.00836798  0.00682335]
 [-0.01154012  0.00518054  0.01221777  0.00693191  0.03009555]] 
Episode: 981: [[-0.00163    -0.02099427 -0.01616525 -0.00745242  0.01187125]
 [ 0.0038557   0.00668576  0.00197235  0.0034927   0.00391651]
 [-0.00365618  0.01173597  0.02530842  0.01352633  0.00269497]
 [ 0.00200537  0.00552011 -0.00377753  0.00818856  0.00672394]
 [-0.01154613  0.00518265  0.01222648  0.00693514  0.03035365]] 
Episode: 991: [[-0.00161716 -0.02100206 -0.01613497 -0.00745914  0.01188588]
 [ 0.00385952  0.0066646   0.00190985  0.00348854  0.00388364]
 [-0.00365076  0.01172789  0.02546216  0.01354744  0.00267605]
 [ 0.00201205  0.00551556 -0.00382031  0.00808747  0.00666669]
 [-0.01154259  0.00518326  0.01223084  0.00693345  0.03056034]] 
Episode: 1001: [[-0.00160718 -0.02100711 -0.01610346 -0.00743834  0.01189648]
 [ 0.00385725  0.00666363  0.0018766   0.0034528   0.00385651]
 [-0.00366127  0.01171234  0.02563398  0.01352744  0.00265261]
 [ 0.00201104  0.00553055 -0.00380741  0.00795012  0.00661771]
 [-0.01154722  0.00518513  0.01224065  0.00693612  0.03064714]] 
Episode: 1011: [[-0.00161294 -0.0210122  -0.01621554 -0.00742094  0.01187476]
 [ 0.00385698  0.00666794  0.00203789  0.00343303  0.00389845]
 [-0.00365299  0.01169405  0.02567429  0.01344917  0.00266967]
 [ 0.00200562  0.00554088 -0.0036508   0.00780352  0.00672313]
 [-0.0115503   0.0051874   0.01224683  0.006929    0.0308154 ]] 
Episode: 1021: [[-0.00163544 -0.02101503 -0.01642617 -0.00740205  0.01183733]
 [ 0.00386373  0.00667912  0.00232262  0.00340629  0.00399696]
 [-0.00362176  0.01167085  0.02553006  0.01329993  0.00272761]
 [ 0.00201516  0.00556094 -0.00338284  0.00777314  0.00700928]
 [-0.01154339  0.00518772  0.01223871  0.00690183  0.03116403]] 
Episode: 1031: [[-0.00163436 -0.02102859 -0.01648784 -0.00749597  0.01182808]
 [ 0.00386259  0.00663526  0.00235017  0.00349169  0.00397423]
 [-0.00362093  0.01166861  0.02530907  0.01338808  0.00269638]
 [ 0.00201407  0.00553984 -0.00342654  0.00770865  0.00691324]
 [-0.01155114  0.00518678  0.01224495  0.00690728  0.03130896]] 
Episode: 1041: [[-0.00165925 -0.02101302 -0.01615756 -0.00740228  0.01184523]
 [ 0.00385924  0.00691047  0.00213612  0.00345558  0.00402759]
 [-0.00361963  0.01171043  0.02678208  0.01345125  0.00280835]
 [ 0.0020132   0.00561505 -0.00346816  0.00815759  0.00706845]
 [-0.01155034  0.00520471  0.01224162  0.00690972  0.03142158]] 
Episode: 1051: [[-0.00167057 -0.02101947 -0.01602581 -0.0073767   0.01184627]
 [ 0.00385727  0.00699955  0.00204182  0.0034399   0.00404637]
 [-0.00361566  0.01171728  0.02730911  0.01348012  0.00285252]
 [ 0.00201839  0.00563762 -0.00351374  0.00834416  0.00711753]
 [-0.01154131  0.00521306  0.01223762  0.00691045  0.03147932]] 
Episode: 1061: [[-0.00167583 -0.02102982 -0.01597823 -0.00738367  0.01185087]
 [ 0.0038577   0.00702033  0.00200405  0.00344171  0.00403686]
 [-0.00361797  0.01170937  0.02743455  0.01349498  0.00284407]
 [ 0.00201891  0.00563995 -0.00353924  0.0083174   0.00709069]
 [-0.01154024  0.00521558  0.01223788  0.0069126   0.03153013]] 
Episode: 1071: [[-0.00167845 -0.02103836 -0.01602508 -0.00738546  0.0118522 ]
 [ 0.00386139  0.00702284  0.00205327  0.00343384  0.00403853]
 [-0.00360919  0.01170372  0.02744975  0.01346833  0.00283877]
 [ 0.00201913  0.00563924 -0.0034874   0.00825752  0.00710477]
 [-0.01154032  0.00521578  0.01223478  0.0069104   0.03156282]] 
Episode: 1081: [[-0.00167362 -0.02104635 -0.01609062 -0.00740298  0.0118512 ]
 [ 0.0038667   0.00699762  0.00208618  0.00343733  0.00403259]
 [-0.0036045   0.01170017  0.0273922   0.0134573   0.00282922]
 [ 0.00202122  0.00563261 -0.00346361  0.00819216  0.00709233]
 [-0.01154171  0.00521426  0.01223006  0.00690738  0.03159977]] 
Episode: 1091: [[-0.00167399 -0.02106184 -0.01620464 -0.00739488  0.01183672]
 [ 0.00387252  0.00691756  0.00219021  0.00340486  0.00405642]
 [-0.00358528  0.01168142  0.02707251  0.01336773  0.00283826]
 [ 0.00202971  0.0056277  -0.00337271  0.00814152  0.00718309]
 [-0.01153468  0.00521318  0.01222367  0.00689629  0.03158849]] 
Episode: 1101: [[-0.00166629 -0.0210654  -0.01626975 -0.00735884  0.01181603]
 [ 0.0038753   0.00687374  0.00229752  0.00337016  0.00411288]
 [-0.0035645   0.01167382  0.02695056  0.01327284  0.00287339]
 [ 0.00204221  0.00563565 -0.00327085  0.00820578  0.00734806]
 [-0.01152085  0.00521458  0.01220871  0.00688083  0.03149001]] 
Episode: 1111: [[-0.00168375 -0.02109616 -0.01631636 -0.00738061  0.01180245]
 [ 0.0038751   0.00681175  0.00233835  0.00338779  0.00411442]
 [-0.00356439  0.01164329  0.02694472  0.01327154  0.00286901]
 [ 0.00204553  0.00560444 -0.00329603  0.0082511   0.00733572]
 [-0.01151215  0.00522193  0.01221195  0.00687887  0.03141676]] 
Episode: 1121: [[-0.00167364 -0.02111946 -0.01627171 -0.00750128  0.01178838]
 [ 0.00386503  0.00679583  0.00223656  0.00351489  0.00406332]
 [-0.00359672  0.01163622  0.02718963  0.0134682   0.0028339 ]
 [ 0.00202921  0.00556527 -0.00349344  0.00843824  0.00709818]
 [-0.01151526  0.00523219  0.01222602  0.00690432  0.03123474]] 
Episode: 1131: [[-0.00165891 -0.02111859 -0.01615548 -0.0075891   0.01179191]
 [ 0.0038557   0.00685738  0.00209757  0.00361109  0.00401206]
 [-0.00362897  0.01164874  0.02760537  0.01364661  0.0028    ]
 [ 0.00201171  0.0055534  -0.00364085  0.00858065  0.00690124]
 [-0.01152404  0.00523651  0.01223649  0.00692729  0.03114873]] 
Episode: 1141: [[-0.00165008 -0.02111871 -0.01608583 -0.00761396  0.01180123]
 [ 0.00384806  0.00688999  0.00202932  0.00363243  0.00398541]
 [-0.00364346  0.0116532   0.02781311  0.01369852  0.0027818 ]
 [ 0.00200245  0.00555595 -0.00368068  0.0086151   0.00682418]
 [-0.01152824  0.0052404   0.01224341  0.00693659  0.03111949]] 
Episode: 1151: [[-0.00165598 -0.02112712 -0.01609098 -0.00762846  0.01180115]
 [ 0.00383795  0.00684223  0.002065    0.00363994  0.00397447]
 [-0.00365224  0.01163533  0.02780088  0.01368569  0.00276253]
 [ 0.00199427  0.00553904 -0.00365221  0.00858552  0.00678835]
 [-0.01152813  0.00524737  0.01225393  0.00694566  0.03093559]] 
Episode: 1161: [[-0.0016555  -0.02112693 -0.01605147 -0.00761874  0.01180145]
 [ 0.00383284  0.00684397  0.00204039  0.0036402   0.00397145]
 [-0.00365927  0.01163315  0.02794454  0.01369109  0.00275669]
 [ 0.00198858  0.00553073 -0.0036443   0.00866005  0.00678563]
 [-0.01152926  0.00525189  0.01226303  0.00695349  0.03077824]] 
Episode: 1171: [[-0.00166855 -0.02112662 -0.01608506 -0.00763781  0.01179359]
 [ 0.00383834  0.00682589  0.00209702  0.00366195  0.00399624]
 [-0.00364778  0.01162435  0.02778004  0.01368072  0.00277023]
 [ 0.00199137  0.0055209  -0.00360696  0.0087194   0.00683205]
 [-0.01152666  0.0052513   0.0122627   0.00695093  0.03084486]] 
Episode: 1181: [[-0.00167126 -0.02111858 -0.01601355 -0.00762352  0.01180335]
 [ 0.00383766  0.00683907  0.00208099  0.00365179  0.00399872]
 [-0.00365615  0.01161655  0.02787333  0.01367421  0.00276737]
 [ 0.00198631  0.00553277 -0.00357993  0.00869025  0.00683918]
 [-0.01152759  0.00525177  0.01226658  0.00695191  0.03100776]] 
Episode: 1191: [[-0.001663   -0.0211086  -0.0159708  -0.00760772  0.01181176]
 [ 0.00383695  0.00687022  0.00208027  0.00363972  0.00401125]
 [-0.00365519  0.0116234   0.02797633  0.01366708  0.00278307]
 [ 0.00198851  0.00555215 -0.00354425  0.00862684  0.00687673]
 [-0.01152692  0.00525019  0.01226355  0.00694932  0.03126125]] 
Episode: 1201: [[-0.00165544 -0.02110044 -0.01599024 -0.00758098  0.01180526]
 [ 0.00384305  0.00689078  0.00215376  0.00362427  0.00404749]
 [-0.00363523  0.01163434  0.02801751  0.01362511  0.00281259]
 [ 0.00199042  0.00557023 -0.00345297  0.0086985   0.0069729 ]
 [-0.01152599  0.00525077  0.01226085  0.00694459  0.03130701]] 
Episode: 1211: [[-0.00164359 -0.02108687 -0.01595178 -0.00756995  0.01181234]
 [ 0.00384238  0.00691967  0.00214471  0.00362451  0.00405424]
 [-0.00363574  0.01164898  0.02811792  0.01363349  0.002821  ]
 [ 0.00198586  0.00558746 -0.00343897  0.0088041   0.00699141]
 [-0.01152881  0.00525191  0.0122601   0.00694781  0.03132446]] 
Episode: 1221: [[-0.00164458 -0.02108468 -0.01596443 -0.00755082  0.01182074]
 [ 0.00384136  0.00692894  0.00218845  0.00360023  0.0040523 ]
 [-0.00363383  0.01164712  0.02816574  0.01360007  0.00280926]
 [ 0.00197751  0.00559167 -0.00338212  0.0088069   0.00699462]
 [-0.011527    0.00525136  0.01225416  0.00694958  0.03128782]] 
Episode: 1231: [[-0.00164486 -0.02108197 -0.01598134 -0.00754542  0.01182605]
 [ 0.00384326  0.006932    0.00223178  0.00359114  0.00405776]
 [-0.0036246   0.01164827  0.02809053  0.01356848  0.00281209]
 [ 0.00197331  0.00559509 -0.00333266  0.00880075  0.00702318]
 [-0.01152615  0.00525068  0.01225522  0.00694695  0.0312812 ]] 
Episode: 1241: [[-0.00164727 -0.02108046 -0.01597272 -0.00754225  0.01182908]
 [ 0.00384667  0.00692474  0.00223296  0.00357961  0.00405277]
 [-0.00361775  0.01165406  0.02804628  0.01355267  0.0028112 ]
 [ 0.00196993  0.00560178 -0.00332219  0.00879329  0.0070166 ]
 [-0.01152594  0.00524968  0.01225427  0.00694439  0.03128389]] 
Episode: 1251: [[-0.00166646 -0.02107712 -0.01597863 -0.00753422  0.01182943]
 [ 0.00384695  0.00693659  0.00227391  0.00357386  0.00406366]
 [-0.00361547  0.01165779  0.02809721  0.01353768  0.00282064]
 [ 0.00196169  0.00561273 -0.00325422  0.0088358   0.00704743]
 [-0.01152762  0.0052503   0.01224915  0.00694453  0.03118636]] 
Episode: 1261: [[-0.00166353 -0.0210835  -0.01593359 -0.00757058  0.01183473]
 [ 0.00384044  0.00692952  0.00220361  0.00360775  0.00402551]
 [-0.00363583  0.01165845  0.02816652  0.0136016   0.00277755]
 [ 0.00194958  0.00560369 -0.00331774  0.00880546  0.00692022]
 [-0.01153437  0.00525123  0.01225685  0.00695791  0.03107674]] 
Episode: 1271: [[-0.00163072 -0.02111431 -0.01575807 -0.007705    0.0118346 ]
 [ 0.00383238  0.0068511   0.00189656  0.00370655  0.00390416]
 [-0.00368102  0.01165809  0.0285432   0.01381081  0.0026334 ]
 [ 0.00190828  0.00553514 -0.00361506  0.00855288  0.00648609]
 [-0.01155487  0.00525007  0.01230409  0.00699647  0.0307539 ]] 
Episode: 1281: [[-0.00160407 -0.02112648 -0.01567338 -0.00772397  0.01183967]
 [ 0.00383049  0.00683699  0.00174994  0.00372235  0.00385823]
 [-0.00368097  0.01166525  0.02895286  0.01386202  0.00256907]
 [ 0.00189415  0.00549509 -0.00377134  0.00842433  0.00633489]
 [-0.01155917  0.00524989  0.01232554  0.00700446  0.03038362]] 
Episode: 1291: [[-0.00158983 -0.02112766 -0.01543493 -0.00766659  0.01188398]
 [ 0.00382737  0.00685737  0.00145563  0.00366901  0.00378358]
 [-0.00369983  0.01167393  0.02949199  0.01389797  0.00248962]
 [ 0.0018787   0.00546505 -0.0039524   0.00823747  0.0061249 ]
 [-0.01156306  0.00524673  0.012348    0.0070171   0.030197  ]] 
Episode: 1301: [[-0.00159549 -0.02111297 -0.01525859 -0.00759354  0.0119062 ]
 [ 0.00382312  0.00686024  0.00135899  0.00362591  0.00378671]
 [-0.00372383  0.01167852  0.0296829   0.01386757  0.0024827 ]
 [ 0.00186583  0.00547257 -0.00391788  0.00815805  0.00610665]
 [-0.01156072  0.00524222  0.01234808  0.00701669  0.03033808]] 
Episode: 1311: [[-0.00159267 -0.02111015 -0.01510735 -0.00757385  0.0119257 ]
 [ 0.00381973  0.0068295   0.00123534  0.00360575  0.00376723]
 [-0.00375227  0.01166397  0.02976911  0.01386651  0.00246399]
 [ 0.00185733  0.00548753 -0.00393358  0.00796416  0.00603831]
 [-0.01156057  0.00524083  0.01235435  0.0070185   0.03055398]] 
Episode: 1321: [[-0.00159155 -0.02110421 -0.0152022  -0.00755303  0.01191203]
 [ 0.00382135  0.0068463   0.00134724  0.00358638  0.00378862]
 [-0.0037602   0.01164149  0.02973557  0.01381204  0.00247502]
 [ 0.00185841  0.00550454 -0.00388099  0.00795943  0.00608033]
 [-0.0115565   0.00524531  0.01234684  0.00701621  0.03046044]] 
Episode: 1331: [[-0.00157145 -0.02110294 -0.01510246 -0.00757325  0.01193376]
 [ 0.00384531  0.00686176  0.00116443  0.00360444  0.00373326]
 [-0.00377452  0.01163338  0.02967516  0.01387989  0.00243706]
 [ 0.00187078  0.00550813 -0.00406274  0.00759024  0.00590887]
 [-0.01155768  0.00524396  0.01235064  0.00702144  0.03082686]] 
Episode: 1341: [[-0.00160108 -0.02108568 -0.01522972 -0.00755588  0.01199139]
 [ 0.00387899  0.00690997  0.00128901  0.00360355  0.00374473]
 [-0.00371363  0.01165286  0.0289899   0.01387215  0.00249388]
 [ 0.00190829  0.00551065 -0.00401925  0.00736863  0.00608388]
 [-0.01154279  0.00523377  0.01229325  0.00699427  0.03209625]] 
Episode: 1351: [[-0.00156965 -0.02107644 -0.01523907 -0.00765068  0.01202913]
 [ 0.00388722  0.00691737  0.00125387  0.00369688  0.00367094]
 [-0.00371641  0.01166572  0.02867625  0.01396284  0.00238677]
 [ 0.00191761  0.00548713 -0.00414141  0.00732032  0.00592473]
 [-0.01154875  0.00522447  0.01228759  0.00698025  0.03263631]] 
Episode: 1361: [[-0.00153253 -0.02109301 -0.01509439 -0.00772033  0.01209872]
 [ 0.00387428  0.00693173  0.00093569  0.00375123  0.00348421]
 [-0.00377249  0.0116507   0.02885488  0.01409342  0.00217524]
 [ 0.00189818  0.00541902 -0.00459465  0.00711904  0.00541275]
 [-0.01156043  0.00522018  0.01231021  0.00699079  0.03268391]] 
Episode: 1371: [[-0.00150912 -0.02109494 -0.01496738 -0.00796995  0.01200747]
 [ 0.0039461   0.00692211  0.00069383  0.00398403  0.00344835]
 [-0.00375794  0.01165278  0.02850679  0.01446366  0.00213666]
 [ 0.00190063  0.00537605 -0.00499968  0.00729567  0.00508914]
 [-0.01155638  0.00521739  0.01230706  0.00699779  0.03362411]] 
Episode: 1381: [[-0.00149345 -0.02107618 -0.01554392 -0.00831433  0.01179009]
 [ 0.0039767   0.00695804  0.00148003  0.00428871  0.00372203]
 [-0.00362931  0.01170498  0.02732558  0.01484799  0.00228587]
 [ 0.0017016   0.00539558 -0.00449582  0.00827642  0.00548573]
 [-0.01159613  0.00522232  0.0122641   0.00698057  0.03534236]] 
Episode: 1391: [[-0.00153331 -0.02106137 -0.01543893 -0.00840285  0.01173193]
 [ 0.00399864  0.00705403  0.00149052  0.00436963  0.00382607]
 [-0.00357001  0.01170683  0.02737909  0.01501992  0.00235065]
 [ 0.00157408  0.00540921 -0.00424712  0.00913839  0.00571168]
 [-0.01161261  0.00522516  0.01226454  0.00697983  0.03598015]] 
Episode: 1401: [[-0.00155644 -0.02100416 -0.01501555 -0.00834512  0.0117703 ]
 [ 0.00402758  0.00716552  0.00125923  0.00434602  0.00387572]
 [-0.00352228  0.01168411  0.02764627  0.01508527  0.00241236]
 [ 0.00152813  0.00544725 -0.00411316  0.00913072  0.00588996]
 [-0.01160718  0.00521976  0.01225273  0.00697707  0.03629154]] 
Episode: 1411: [[-0.00154936 -0.02097273 -0.01485354 -0.00831273  0.01180189]
 [ 0.00404018  0.00718566  0.00117637  0.00432995  0.00389422]
 [-0.00350706  0.01168427  0.02761279  0.01512277  0.00245479]
 [ 0.0015108   0.00547476 -0.00403773  0.00887693  0.00598415]
 [-0.01160846  0.00521536  0.0122457   0.0069772   0.03645415]] 
Episode: 1421: [[-0.00153149 -0.02095544 -0.01490433 -0.0082942   0.01181515]
 [ 0.00404869  0.00718529  0.00135406  0.00432826  0.00393458]
 [-0.00346577  0.01169544  0.02757344  0.01509224  0.00245831]
 [ 0.00152775  0.00551235 -0.00392125  0.00869191  0.00604404]
 [-0.01161904  0.00521264  0.01224648  0.00697205  0.0366181 ]] 
Episode: 1431: [[-0.00152812 -0.0209375  -0.01496386 -0.00827608  0.01182137]
 [ 0.00406786  0.00721622  0.00150405  0.0043195   0.00397131]
 [-0.00342482  0.01168695  0.0275379   0.01506865  0.00247906]
 [ 0.00155248  0.00554681 -0.00381274  0.00843814  0.0061032 ]
 [-0.01162135  0.00520952  0.01223045  0.00696691  0.03672792]] 
Episode: 1441: [[-0.00154307 -0.02093047 -0.01498841 -0.00826032  0.01183612]
 [ 0.00407245  0.00727569  0.00159926  0.00430939  0.00397909]
 [-0.00343021  0.01165395  0.02766139  0.0150556   0.00247446]
 [ 0.00155394  0.00556364 -0.0037372   0.00858268  0.00610889]
 [-0.01161987  0.00521437  0.01221158  0.006965    0.03679745]] 
Episode: 1451: [[-0.0015728  -0.02092795 -0.01507103 -0.00825899  0.01184265]
 [ 0.00405847  0.00732103  0.00174616  0.00431251  0.00398206]
 [-0.00346872  0.01162068  0.02775565  0.01503964  0.00243544]
 [ 0.00153592  0.00556458 -0.00366239  0.00870178  0.00607779]
 [-0.01161769  0.00522098  0.01219515  0.00696568  0.0368314 ]] 
Episode: 1461: [[-0.0015821  -0.0208879  -0.01487025 -0.00819627  0.01187293]
 [ 0.00406057  0.00745929  0.001575    0.00428684  0.00394682]
 [-0.00350242  0.01157322  0.02822644  0.01505377  0.00244161]
 [ 0.00151998  0.00554135 -0.00373165  0.00926346  0.00609702]
 [-0.01161106  0.00521662  0.01220166  0.00696465  0.03686497]] 
Episode: 1471: [[-0.00159686 -0.02085882 -0.01464255 -0.0081645   0.01190327]
 [ 0.00407197  0.00752117  0.00132289  0.00427002  0.00389319]
 [-0.00352551  0.01153828  0.02840309  0.0150916   0.00241746]
 [ 0.00152018  0.00552252 -0.00385643  0.00922822  0.00605227]
 [-0.01161036  0.00520864  0.01221286  0.00696479  0.03683845]] 
Episode: 1481: [[-0.00168534 -0.02087553 -0.01473585 -0.00816992  0.01190818]
 [ 0.00402437  0.0075341   0.00145072  0.00428293  0.00389057]
 [-0.00360436  0.01153758  0.02836854  0.01509572  0.00231172]
 [ 0.00143113  0.00548996 -0.00381974  0.00933356  0.00594056]
 [-0.01163282  0.00521485  0.01220249  0.00697116  0.03680778]] 
Episode: 1491: [[-0.00171177 -0.02088457 -0.01481393 -0.00816574  0.01191212]
 [ 0.0039882   0.00755274  0.0015889   0.00428529  0.00389521]
 [-0.00363543  0.0115392   0.02840535  0.01507694  0.00222962]
 [ 0.00138476  0.00547803 -0.003748    0.00984475  0.00588033]
 [-0.01165245  0.0052208   0.01220551  0.00697606  0.03680927]] 
Episode: 1501: [[-0.00170896 -0.02088836 -0.01477297 -0.00815757  0.01193861]
 [ 0.00396524  0.00759257  0.00156556  0.00427784  0.00382352]
 [-0.0036562   0.01154024  0.02839722  0.01507451  0.00212416]
 [ 0.00135809  0.00546238 -0.00376001  0.01015031  0.00576772]
 [-0.01167175  0.00522061  0.01222302  0.0069771   0.03681686]] 
Episode: 1511: [[-0.00170998 -0.02088621 -0.01477445 -0.00817049  0.01195365]
 [ 0.00395962  0.00764758  0.00154496  0.004287    0.00376713]
 [-0.00366062  0.01153552  0.02849614  0.01509219  0.00205556]
 [ 0.00135464  0.00545008 -0.00380505  0.0103652   0.00567155]
 [-0.01168304  0.00521794  0.01224374  0.00698087  0.03680277]] 
Episode: 1521: [[-0.00172172 -0.02088819 -0.01473418 -0.00816152  0.0119627 ]
 [ 0.00395457  0.00771785  0.00152297  0.00428147  0.00374426]
 [-0.00367133  0.01151356  0.02859362  0.01508758  0.00205458]
 [ 0.0013355   0.00542605 -0.00382467  0.01029924  0.00563439]
 [-0.01168387  0.00521864  0.0122521   0.00698415  0.0368734 ]] 
Episode: 1531: [[-0.00172342 -0.02088177 -0.01452384 -0.00812515  0.01196571]
 [ 0.00395537  0.00771286  0.00130572  0.00424842  0.0037144 ]
 [-0.00368243  0.01148349  0.02872632  0.01507423  0.00203548]
 [ 0.00133893  0.00542586 -0.00390681  0.00999977  0.00558993]
 [-0.01167616  0.00521788  0.01225911  0.00698329  0.0369832 ]] 
Episode: 1541: [[-0.00167797 -0.0209098  -0.01463634 -0.0081541   0.01197149]
 [ 0.00395946  0.00760506  0.00136287  0.00425354  0.00367439]
 [-0.00365117  0.01150236  0.02830914  0.0150522   0.00190805]
 [ 0.00136179  0.00542708 -0.00393259  0.00935113  0.00545966]
 [-0.01167562  0.00521491  0.0122783   0.00698599  0.03700847]] 
Episode: 1551: [[-0.0017512  -0.0209356  -0.0138224  -0.00803081  0.01185776]
 [ 0.00402554  0.00785228  0.00079151  0.00415099  0.00389038]
 [-0.00355799  0.01145101  0.02994113  0.01498484  0.0023211 ]
 [ 0.00140782  0.00546675 -0.00389509  0.01003491  0.00593478]
 [-0.01163809  0.00523148  0.01226192  0.00697025  0.03707585]] 
Episode: 1561: [[-0.00174974 -0.02095393 -0.01335611 -0.0079643   0.01178958]
 [ 0.00403607  0.00807103  0.00043088  0.00408897  0.00399263]
 [-0.00352831  0.01143704  0.03111367  0.01493635  0.00251179]
 [ 0.00141597  0.00549603 -0.00390214  0.01069788  0.00616476]
 [-0.01162738  0.00524199  0.01227536  0.00696152  0.03706049]] 
Episode: 1571: [[-0.00174292 -0.02099034 -0.01364603 -0.00798032  0.01171878]
 [ 0.00402826  0.0082085   0.00080026  0.00408343  0.00409496]
 [-0.00349818  0.01147229  0.03126961  0.01481235  0.00246742]
 [ 0.00140506  0.00552242 -0.00365644  0.01099781  0.00627904]
 [-0.0116406   0.00524648  0.01229232  0.00695829  0.03713275]] 
Episode: 1581: [[-0.00173095 -0.02101646 -0.01388136 -0.00799598  0.01167302]
 [ 0.00401162  0.00823322  0.00103331  0.00407328  0.00413842]
 [-0.00348266  0.01152645  0.03127193  0.01473936  0.00242947]
 [ 0.00139152  0.00555221 -0.0035135   0.01126517  0.00632362]
 [-0.01165299  0.00524971  0.01229841  0.00695688  0.03720079]] 
Episode: 1591: [[-0.00173305 -0.02101663 -0.01356285 -0.0079543   0.01168642]
 [ 0.00400574  0.00829595  0.00069745  0.00403191  0.00408393]
 [-0.0034871   0.01152594  0.03159164  0.0147557   0.0024424 ]
 [ 0.0013839   0.00556252 -0.00362626  0.01153222  0.00627522]
 [-0.0116523   0.00525121  0.01229389  0.00694996  0.03728185]] 
Episode: 1601: [[-0.00173635 -0.02100513 -0.01342052 -0.00793923  0.01169828]
 [ 0.00400849  0.00834322  0.00055932  0.00402403  0.00405824]
 [-0.00348967  0.01150012  0.03178263  0.01477996  0.0024457 ]
 [ 0.00138559  0.0055664  -0.00368819  0.01172111  0.00625186]
 [-0.01165772  0.00524949  0.0122997   0.0069503   0.03726545]] 
Episode: 1611: [[-0.00173232 -0.02097055 -0.01328835 -0.00789043  0.01167966]
 [ 0.00400772  0.00842511  0.00054139  0.00399273  0.00408948]
 [-0.00349502  0.011451    0.03236131  0.01478449  0.00248504]
 [ 0.00137949  0.00559496 -0.00363583  0.01229746  0.00629195]
 [-0.01166427  0.00524447  0.0122908   0.00694927  0.03722694]] 
Episode: 1621: [[-0.00170539 -0.02092444 -0.01283371 -0.00778981  0.01164295]
 [ 0.00401546  0.00856157  0.00014097  0.00389915  0.00412942]
 [-0.00350027  0.01141331  0.0330767   0.01484901  0.002629  ]
 [ 0.00138266  0.00563326 -0.00364571  0.01266157  0.00644124]
 [-0.01164847  0.00524072  0.01226342  0.00695167  0.03726444]] 
Episode: 1631: [[-0.00172267 -0.02085595 -0.01187059 -0.00759037  0.01159163]
 [ 0.00403055  0.00878665 -0.00061533  0.00376093  0.00425456]
 [-0.00347238  0.01137991  0.03412641  0.01475688  0.00285856]
 [ 0.00139489  0.00571766 -0.00358896  0.01326171  0.0068074 ]
 [-0.01160456  0.0052419   0.01223904  0.00693968  0.03733997]] 
Episode: 1641: [[-0.00171437 -0.02083633 -0.01165346 -0.00752534  0.01156407]
 [ 0.00402651  0.0090555  -0.00074745  0.00374575  0.00428619]
 [-0.00346437  0.011371    0.03477314  0.01483687  0.00288631]
 [ 0.00143303  0.00573067 -0.00351883  0.01472237  0.00688245]
 [-0.01158493  0.00524721  0.01224287  0.00695056  0.03737082]] 
Episode: 1651: [[-0.00168242 -0.02083058 -0.01159026 -0.00748166  0.01154178]
 [ 0.00403549  0.00922555 -0.00065572  0.00375217  0.00434174]
 [-0.003453    0.01141144  0.03534802  0.01488345  0.00283725]
 [ 0.00146394  0.0057788  -0.00332346  0.01758927  0.00700079]
 [-0.01157213  0.00526427  0.01227271  0.0069669   0.03740967]] 
Episode: 1661: [[-0.00169939 -0.02079984 -0.01150746 -0.0074568   0.01155357]
 [ 0.004021    0.00931879 -0.0004127   0.00376292  0.00440117]
 [-0.00345523  0.01139114  0.03559644  0.01482954  0.00280131]
 [ 0.00142066  0.00584177 -0.00309973  0.01828836  0.00711097]
 [-0.0115843   0.00525978  0.01228148  0.0069646   0.03741907]] 
Episode: 1671: [[-0.00170956 -0.02079605 -0.01152926 -0.00745739  0.01154818]
 [ 0.00404047  0.00931251 -0.00030421  0.00377763  0.00441514]
 [-0.00344219  0.01135872  0.0357359   0.01479395  0.00280703]
 [ 0.0014543   0.005861   -0.00300802  0.01860581  0.00714854]
 [-0.0115796   0.00525251  0.01228156  0.00696018  0.0374257 ]] 
Episode: 1681: [[-0.00173353 -0.0208335  -0.01160587 -0.00748834  0.0115248 ]
 [ 0.00405537  0.00936297 -0.00021393  0.00381186  0.00443973]
 [-0.00341024  0.01132217  0.03585578  0.01477154  0.00280329]
 [ 0.00146958  0.0058298  -0.00296066  0.01947595  0.00718767]
 [-0.01156989  0.00524897  0.01229231  0.00696047  0.03736704]] 
Episode: 1691: [[-1.7860159e-03 -2.0847490e-02 -1.1686102e-02 -7.4776541e-03
   1.1502289e-02]
 [ 4.0649516e-03  9.4667049e-03 -2.8634331e-05  3.8011845e-03
   4.4996380e-03]
 [-3.3787403e-03  1.1313259e-02  3.5956644e-02  1.4693430e-02
   2.8235097e-03]
 [ 1.4722509e-03  5.8302400e-03 -2.7852661e-03  1.9941974e-02
   7.2808750e-03]
 [-1.1560171e-02  5.2460874e-03  1.2275897e-02  6.9497698e-03
   3.7520919e-02]] 
Episode: 1701: [[-0.00180453 -0.02084676 -0.01173567 -0.00746393  0.01150262]
 [ 0.0040694   0.00948433  0.00010302  0.00378984  0.00453143]
 [-0.00336878  0.01131641  0.03598005  0.01466046  0.00284353]
 [ 0.00148216  0.0058482  -0.00267331  0.01995487  0.00733479]
 [-0.01156388  0.0052405   0.01225695  0.00694322  0.03767632]] 
Episode: 1711: [[-0.00178274 -0.02083806 -0.01169148 -0.00744133  0.0115165 ]
 [ 0.0040783   0.00959391  0.00012407  0.003776    0.00454174]
 [-0.00335573  0.01131501  0.03599013  0.01462874  0.00285913]
 [ 0.0015131   0.00588409 -0.00263443  0.01976863  0.00735225]
 [-0.01157255  0.00522808  0.01224071  0.00693546  0.03791247]] 
Episode: 1721: [[-0.00178761 -0.02083536 -0.01170547 -0.00744229  0.01152385]
 [ 0.00408521  0.0097264   0.00019917  0.00378671  0.00455877]
 [-0.00334234  0.01129676  0.03607554  0.01461202  0.0028587 ]
 [ 0.00152951  0.00589179 -0.00261207  0.01969641  0.00737275]
 [-0.01157212  0.00522292  0.01223683  0.00693356  0.03798748]] 
Episode: 1731: [[-0.00175081 -0.02083257 -0.01181312 -0.00743203  0.01149107]
 [ 0.00407782  0.00983069  0.0004265   0.0038081   0.00464904]
 [-0.00332532  0.01131982  0.03634762  0.01455742  0.0028459 ]
 [ 0.00152507  0.00590467 -0.00247778  0.0209395   0.00751577]
 [-0.0115704   0.00523664  0.01225591  0.0069372   0.03783594]] 
Episode: 1741: [[-0.00172136 -0.02084493 -0.01195581 -0.00741774  0.01146664]
 [ 0.00406399  0.00985611  0.00066214  0.00382799  0.00471711]
 [-0.00331721  0.01135388  0.03643703  0.01450497  0.00281753]
 [ 0.00150861  0.00590013 -0.00236887  0.0221267   0.00761092]
 [-0.0115674   0.00525409  0.01227875  0.00694286  0.03763412]] 
Episode: 1751: [[-0.00171948 -0.02085022 -0.0120648  -0.00742184  0.01145886]
 [ 0.00406273  0.00987314  0.00081006  0.00385157  0.00475145]
 [-0.00330927  0.01135414  0.03648051  0.01449298  0.00279164]
 [ 0.001505    0.00588807 -0.0023135   0.02258816  0.00766112]
 [-0.01156387  0.00526132  0.01228875  0.00694939  0.03752294]] 
Episode: 1761: [[-0.00171356 -0.02085752 -0.01211939 -0.00745183  0.01145248]
 [ 0.00405839  0.00988973  0.00084407  0.00388744  0.00473936]
 [-0.00330609  0.01135046  0.03653114  0.01451707  0.00274629]
 [ 0.00150495  0.00587859 -0.00234943  0.02273086  0.00760848]
 [-0.01156292  0.00526586  0.01229551  0.00695591  0.03747317]] 
Episode: 1771: [[-0.00171896 -0.02085372 -0.01219212 -0.00744359  0.01144297]
 [ 0.00406045  0.00990958  0.00096835  0.00388725  0.00477404]
 [-0.00329148  0.01134088  0.0365775   0.01447793  0.0027524 ]
 [ 0.00151198  0.00588605 -0.00227128  0.02270904  0.00766761]
 [-0.01155911  0.00526653  0.01229084  0.0069524   0.03749765]] 
Episode: 1781: [[-0.00171345 -0.02085376 -0.01212039 -0.00745386  0.01144591]
 [ 0.00405552  0.00997028  0.00086484  0.00388973  0.0047397 ]
 [-0.00328672  0.01135888  0.03664424  0.0145114   0.00275176]
 [ 0.00151501  0.00589805 -0.00234848  0.02259948  0.00759552]
 [-0.01155907  0.0052668   0.01228766  0.0069538   0.03762257]] 
Episode: 1791: [[-0.00171818 -0.02085555 -0.01209821 -0.00744419  0.01144439]
 [ 0.00405396  0.00999608  0.00084354  0.00388195  0.00473341]
 [-0.00327536  0.01137935  0.03660353  0.01449628  0.00275256]
 [ 0.0015208   0.005914   -0.00234518  0.02272003  0.00758071]
 [-0.01156028  0.00526446  0.01228214  0.00695146  0.03770053]] 
Episode: 1801: [[-0.00172275 -0.02086272 -0.01220868 -0.00746253  0.0114407 ]
 [ 0.00405723  0.00998182  0.00093138  0.00388975  0.0047494 ]
 [-0.00325849  0.01140098  0.03650633  0.01445864  0.00273506]
 [ 0.00152529  0.00591625 -0.00232135  0.02267946  0.00760259]
 [-0.01156113  0.00526279  0.01229019  0.00695575  0.03777111]] 
Episode: 1811: [[-0.00172488 -0.02088805 -0.01251509 -0.0074928   0.01139983]
 [ 0.00406838  0.00994832  0.0012736   0.00389927  0.0048469 ]
 [-0.00320573  0.01144635  0.03630061  0.01431306  0.00269288]
 [ 0.00154774  0.0059369  -0.0021361   0.02245466  0.00774101]
 [-0.0115599   0.00526214  0.0123105   0.00695189  0.03784977]] 
Episode: 1821: [[-0.00172616 -0.02090553 -0.01264955 -0.00752917  0.01138043]
 [ 0.00406824  0.00995664  0.00139029  0.00392019  0.0048651 ]
 [-0.00318639  0.01148941  0.03626794  0.01427023  0.00267566]
 [ 0.00155692  0.00595399 -0.00212012  0.02251738  0.00771861]
 [-0.01156482  0.00526237  0.01232867  0.0069517   0.0378647 ]] 
Episode: 1831: [[-0.00171811 -0.02089778 -0.01259856 -0.00753506  0.01136538]
 [ 0.00406559  0.01004499  0.00133916  0.00393526  0.00488337]
 [-0.00318544  0.01151419  0.03650178  0.0142988   0.00273596]
 [ 0.00156287  0.005975   -0.00218756  0.02307434  0.00772918]
 [-0.01156209  0.00526632  0.01232858  0.00695198  0.03780906]] 
Episode: 1841: [[-0.00172354 -0.02089533 -0.01260045 -0.00752231  0.01134716]
 [ 0.0040644   0.01011164  0.00139081  0.00393186  0.00492996]
 [-0.00318217  0.01151343  0.03662243  0.01426171  0.00277445]
 [ 0.00156341  0.00598665 -0.00214716  0.02335209  0.00780445]
 [-0.01156084  0.0052693   0.01233688  0.0069477   0.03779521]] 
Episode: 1851: [[-0.00172755 -0.02089636 -0.01262027 -0.00750956  0.01131767]
 [ 0.00406586  0.01014208  0.00146076  0.00392578  0.00497351]
 [-0.00318141  0.01150394  0.0367319   0.01421076  0.00279832]
 [ 0.00156668  0.0059937  -0.00208848  0.02351022  0.00788036]
 [-0.01155882  0.0052712   0.01233595  0.00694124  0.03778475]] 
Episode: 1861: [[-0.00173379 -0.02089943 -0.0126498  -0.00750731  0.01129393]
 [ 0.00406916  0.01016075  0.00151906  0.00392233  0.0050054 ]
 [-0.00317361  0.01149048  0.03680033  0.01417935  0.0028199 ]
 [ 0.0015741   0.00599813 -0.00205485  0.02358032  0.0079249 ]
 [-0.01155649  0.00527059  0.01232904  0.00693721  0.03779898]] 
Episode: 1871: [[-0.0017329  -0.0209005  -0.01271031 -0.00748788  0.01127667]
 [ 0.00406991  0.01014297  0.00163744  0.00390911  0.00505558]
 [-0.0031629   0.0114826   0.03678899  0.01411498  0.00282211]
 [ 0.00157878  0.00600243 -0.00195699  0.02360775  0.008013  ]
 [-0.01155625  0.00527074  0.01232492  0.0069311   0.03782116]] 
Episode: 1881: [[-0.00172422 -0.0209009  -0.01273852 -0.00747582  0.0112743 ]
 [ 0.00407067  0.0101321   0.00169783  0.00390426  0.00507029]
 [-0.00316204  0.0114715   0.03677502  0.01408512  0.00281037]
 [ 0.00157958  0.00600009 -0.00190952  0.02358798  0.00803825]
 [-0.01155676  0.00527093  0.01232685  0.00692915  0.03783621]] 
Episode: 1891: [[-0.00172455 -0.0208983  -0.01271365 -0.00747213  0.01127462]
 [ 0.00406741  0.01015047  0.00167772  0.00390493  0.0050667 ]
 [-0.00317332  0.01146272  0.03684102  0.01409017  0.00281346]
 [ 0.00157547  0.00599969 -0.00192207  0.02368557  0.0080313 ]
 [-0.0115583   0.00527108  0.01233306  0.00692895  0.03779936]] 
Episode: 1901: [[-0.00172311 -0.02089602 -0.01276258 -0.00747777  0.01127359]
 [ 0.00406802  0.01012328  0.00172321  0.00390813  0.00507188]
 [-0.0031794   0.01144565  0.03685124  0.01408282  0.00280139]
 [ 0.00157649  0.00599793 -0.00190707  0.02350708  0.00803477]
 [-0.01155939  0.00527048  0.01233787  0.00692896  0.03778955]] 
Episode: 1911: [[-0.00172023 -0.02089637 -0.01275893 -0.00747764  0.01127868]
 [ 0.00406463  0.01013347  0.00169912  0.00389685  0.00505807]
 [-0.00317657  0.01147758  0.03681726  0.01407661  0.0027914 ]
 [ 0.00157504  0.00601272 -0.00190236  0.0234866   0.00802542]
 [-0.0115634   0.00527067  0.01234203  0.00693039  0.03781824]] 
Episode: 1921: [[-0.00172241 -0.02091016 -0.01283804 -0.00751672  0.01127483]
 [ 0.00406554  0.01009829  0.00171715  0.00391714  0.00504422]
 [-0.00316206  0.01150417  0.03662918  0.01408306  0.00276008]
 [ 0.00157687  0.00600799 -0.00193624  0.0231174   0.0079823 ]
 [-0.01156629  0.00527037  0.01234925  0.00693562  0.03789531]] 
Episode: 1931: [[-0.00172965 -0.02092044 -0.01297923 -0.00753467  0.01126127]
 [ 0.00407406  0.01003203  0.00183703  0.00392588  0.0050696 ]
 [-0.00314647  0.01149758  0.03642705  0.01403728  0.00272354]
 [ 0.0015825   0.00599229 -0.00189063  0.02273508  0.00801476]
 [-0.0115668   0.00526879  0.01235595  0.0069351   0.03791759]] 
Episode: 1941: [[-0.00172662 -0.02093465 -0.01304146 -0.00757453  0.01125179]
 [ 0.00408218  0.01002503  0.00183462  0.00396274  0.00505509]
 [-0.00314208  0.01148832  0.03638847  0.01408003  0.00272117]
 [ 0.00158809  0.0059607  -0.00195774  0.02274868  0.00795282]
 [-0.01156363  0.00526976  0.01235982  0.00694017  0.03796777]] 
Episode: 1951: [[-0.00173416 -0.02093649 -0.01304464 -0.00757349  0.01124887]
 [ 0.0040846   0.0100337   0.00183845  0.00396875  0.00505939]
 [-0.00314564  0.01148895  0.03643096  0.01409566  0.00273774]
 [ 0.00159131  0.00595449 -0.0019549   0.02297217  0.00795417]
 [-0.0115634   0.0052701   0.01235733  0.00694114  0.03796133]] 
Episode: 1961: [[-0.00174924 -0.0209474  -0.01296863 -0.00758354  0.01124677]
 [ 0.00407457  0.0101031   0.00174283  0.00398197  0.00505367]
 [-0.00314841  0.01153163  0.03646415  0.01415766  0.00278261]
 [ 0.00157572  0.00593262 -0.0020203   0.02362597  0.00794416]
 [-0.01155991  0.00527395  0.01236122  0.00694577  0.0378978 ]] 
Episode: 1971: [[-0.00175223 -0.02094782 -0.01294949 -0.00758009  0.01124524]
 [ 0.00407329  0.01015224  0.00172344  0.00398234  0.00505531]
 [-0.00314581  0.01153714  0.03646684  0.01417727  0.00280427]
 [ 0.00157484  0.00592285 -0.00203062  0.02381461  0.00794603]
 [-0.01155991  0.0052729   0.01235566  0.00694485  0.03789076]] 
Episode: 1981: [[-0.00175506 -0.02095249 -0.01298208 -0.00759268  0.01123577]
 [ 0.00407466  0.01016494  0.00175132  0.00399344  0.0050664 ]
 [-0.00314131  0.01153344  0.03645196  0.0141765   0.00279199]
 [ 0.00157676  0.00591502 -0.00203087  0.02378029  0.00795531]
 [-0.01156007  0.00527301  0.01235563  0.00694502  0.03784084]] 
Episode: 1991: [[-0.00174081 -0.02095346 -0.01301521 -0.00763427  0.01124349]
 [ 0.00408254  0.01017405  0.00172     0.00401305  0.00502807]
 [-0.00314297  0.01150879  0.03648569  0.01421315  0.00276246]
 [ 0.00158829  0.00591304 -0.002101    0.02348761  0.00785988]
 [-0.01155837  0.0052658   0.0123566   0.00694818  0.03790751]] 
