187380.312500 7722.487793 3496.297852 1475.672119 639.284424 
106934.546875 45800.628906 38160.664062 81330.882812 2264529.250000 
96443.984375 42652.902344 50764.222656 41701.046875 4229032.500000 
76672.101562 18169.312500 20731.878906 19741.343750 2833093.500000 
64654.074219 12187.149414 10935.703125 12234.437500 1723082.750000 
78583.656250 13594.936523 11130.668945 14383.676758 906324.562500 
70862.218750 13300.396484 14618.815430 16965.515625 1390173.125000 
57326.210938 13510.041992 19499.189453 64938.914062 286359.812500 
117008.484375 23206.447266 31514.597656 110022.328125 379156.406250 
72497.109375 13428.690430 70111.468750 31763.539062 345994.406250 
109896.476562 21932.712891 48138.980469 86839.031250 104300.218750 
108736.132812 48718.421875 67340.867188 95399.937500 167885.406250 
103398.460938 137246.906250 26221.332031 651481.000000 1375113.000000 
134430.656250 156459.218750 263735.218750 165874.046875 3703133.250000 
142043.375000 75190.882812 288091.125000 90431.125000 559770.312500 
95225.585938 93390.656250 76426.367188 168931.968750 338616.937500 
118801.984375 17356.136719 33368.679688 55472.445312 42867.417969 
136925.406250 103645.640625 88037.632812 25955.625000 663914.312500 
158386.656250 115573.460938 146076.156250 215773.437500 475498.968750 
156510.296875 115834.781250 131591.750000 90021.187500 383524.906250 
260716.265625 214092.437500 454591.250000 548917.937500 662309.437500 
96176.171875 11421.042969 44830.515625 20853.751953 239417.312500 
98356.546875 6291.512207 32500.779297 9957.304688 319906.093750 
48368.804688 3087.266357 3659.606201 2728.134521 143329.437500 
36249.531250 2225.953613 1729.686523 1115.903320 69927.257812 
27737.205078 3032.841064 2596.501709 1975.078979 61468.851562 
30504.804688 4912.465332 3578.687500 3687.151611 161104.984375 
22079.164062 2745.380371 2247.907471 2241.181885 125192.375000 
22143.761719 2560.982910 1527.298096 1591.827759 121508.304688 
25892.882812 3066.776367 2614.190430 2711.599609 106936.843750 
20648.513672 1646.074097 1315.349365 1312.017822 62854.421875 
53784.968750 6759.867676 5521.633301 4342.288574 25909.533203 
34156.996094 2908.336670 2477.965820 2344.345459 85123.085938 
28800.056641 2120.930908 1544.036621 1580.424927 136614.390625 
20455.123047 1973.461548 2204.746094 1788.532227 70846.203125 
28228.896484 2326.566406 1758.787842 1472.406128 21622.509766 
19852.193359 1814.422852 1312.228149 809.139465 24163.160156 
32854.476562 2237.449707 1389.582764 733.250366 14322.816406 
13473.105469 1174.590820 501.790405 554.373108 24550.222656 
32724.718750 2559.807129 1558.949951 737.967651 17128.892578 
22169.236328 1463.482422 900.523071 608.052368 13066.211914 
20423.517578 1513.156982 1040.782593 947.925964 84366.882812 
37340.261719 2642.023193 2464.837402 2127.542480 57091.574219 
58796.527344 4702.997070 3187.767578 3122.792480 29228.248047 
61745.773438 5223.146484 3753.627686 2849.085693 182759.171875 
56480.632812 3820.359863 6973.985352 4201.818359 284886.468750 
33794.660156 5143.369141 4004.122070 6167.991211 367567.781250 
42957.585938 9465.938477 5436.102051 7708.170898 339764.468750 
83721.781250 9882.979492 7683.711914 14209.417969 425206.187500 
65315.585938 7988.485352 9754.047852 6965.449219 327725.218750 
67708.382812 10641.108398 13964.687500 17895.537109 461216.000000 
48108.425781 7228.543945 7709.947266 6290.487305 353240.281250 
44710.628906 10009.997070 6526.764160 9727.430664 463657.750000 
66895.257812 7751.904297 9304.251953 10991.333984 391885.562500 
35568.527344 7778.327148 5960.837402 16994.087891 457557.281250 
43617.246094 3593.725830 2520.548340 3128.141357 193975.625000 
57220.644531 4486.736816 3299.707031 2362.941895 83554.867188 
30835.087891 2322.457275 1746.365234 1459.022095 163420.078125 
13873.577148 1239.479126 984.294250 884.770386 126563.796875 
12353.556641 1016.812195 575.025818 421.067902 39333.644531 
25382.242188 1914.353882 1342.944092 1262.579468 16235.651367 
26221.470703 2426.833008 897.775146 569.621216 14464.880859 
29237.060547 2523.704834 1163.190552 715.640747 4890.456543 
32699.644531 2164.742676 1044.779419 671.654175 13666.622070 
34753.195312 450.498627 236.080551 559.818909 58663.042969 
18058.687500 1553.188354 1026.778198 357.400848 9872.416016 
12428.487305 2063.190430 862.824402 502.735504 24585.332031 
14356.387695 2919.883545 2229.652588 3850.400391 38076.578125 
17711.849609 2592.932129 2323.129639 970.363586 7214.167480 
19132.382812 1028.955444 1004.561646 617.139771 3783.190430 
19210.453125 868.831055 2508.835449 1330.500122 41252.390625 
28431.003906 1539.893555 1287.245605 448.931000 17426.324219 
17325.699219 1380.382812 1839.470947 876.537109 33378.484375 
20479.462891 1003.592346 2518.427246 1053.291016 52826.015625 
56370.292969 810.585083 4582.174805 2088.431152 24958.990234 
20813.353516 891.390381 1947.497070 601.195068 16031.603516 
13155.381836 931.017700 607.737671 548.990479 31259.130859 
16088.146484 1119.025024 939.732483 694.810242 93260.375000 
72079.695312 1548.212891 1313.117310 1556.518311 102240.781250 
18727.548828 1279.305420 1086.670410 991.048584 66800.179688 
38050.261719 1787.994141 1676.755127 1492.379272 123815.632812 
23728.123047 1714.435181 1230.046387 1065.527954 84908.070312 
15573.794922 1568.111572 1134.976196 854.809937 78371.187500 
33465.949219 1660.345825 1493.460815 1296.613647 134479.234375 
35989.242188 3374.822998 1690.509521 1285.218262 81503.468750 
29589.029297 1819.550171 1564.715454 1251.582764 75851.476562 
60539.078125 3461.050781 1885.793213 1695.734009 16332.437500 
11809.689453 1860.241455 707.413391 425.914703 37977.742188 
26826.912109 1519.814453 1027.366821 796.479980 64958.441406 
29202.240234 2224.254395 1407.157959 1272.721924 46396.941406 
29964.404297 2437.791260 1973.373169 1125.937500 53691.894531 
44004.835938 3486.819580 2847.607666 1534.354248 25650.455078 
65171.070312 4064.318848 3455.073486 2818.197021 134605.125000 
47506.796875 4705.279297 2502.092529 3291.115967 203522.187500 
49646.355469 4394.766602 3564.143311 2420.142090 167066.906250 
46667.996094 4324.212402 4050.840576 3762.693359 304255.718750 
56598.070312 5088.160645 3623.847656 4329.856445 220876.140625 
112103.289062 8193.054688 6371.943848 6853.940430 115147.140625 
41931.031250 3878.011963 3267.500977 2598.492920 138497.781250 
75188.773438 9342.450195 5452.547852 6367.288086 278461.562500 
90246.078125 6774.827637 8975.152344 7169.643066 329587.625000 
686317.500000 17275.652344 10915.109375 7931.018555 252928.843750 
88010.906250 9471.868164 7573.008301 15149.265625 311938.531250 
38139.562500 3889.592773 4011.649170 4688.364746 293954.781250 
66537.531250 9198.690430 6668.626465 7418.414551 535589.437500 
63380.382812 8969.147461 9738.227539 7442.693848 478201.218750 
76475.101562 13230.531250 7963.204102 6658.584473 331795.406250 
54565.984375 4506.732422 3678.235352 3388.624756 274309.781250 
105657.101562 7937.989746 7058.382812 4740.218262 398122.187500 
54059.429688 4855.033691 4624.514648 4462.242676 293850.468750 
49064.320312 2864.053955 2077.478760 1945.890747 237290.265625 
36718.367188 2292.304199 1725.784668 1324.820190 119682.570312 
31868.662109 2095.656982 1235.741699 1065.351685 69737.726562 
12558.137695 1357.668823 980.716370 632.169678 25814.304688 
18559.734375 808.743469 645.092163 322.369354 16342.411133 
12299.380859 2120.265625 940.294434 464.648804 23204.810547 
32156.064453 822.333008 233.471893 168.055283 73488.578125 
69343.000000 2215.220459 1373.539795 591.088501 36670.093750 
83752.218750 495.912231 386.519104 221.836578 66756.062500 
22791.449219 1534.876953 886.666321 77.632507 50391.246094 
16859.177734 1090.214844 600.648376 244.356171 42673.261719 
10872.654297 1772.752563 682.157104 462.429871 37303.218750 
21795.429688 948.712891 393.171478 186.301422 49749.488281 
10861.125977 621.899475 145.034363 131.053162 60884.531250 
26576.775391 1776.833618 235.903931 192.296326 73402.085938 
40991.035156 2771.536621 1080.451172 413.690155 9188.525391 
11587.494141 869.733765 388.229431 397.479034 19724.029297 
75281.554688 1464.996216 986.049316 639.645874 19384.375000 
21719.080078 1922.124268 1051.279175 1387.034790 10513.295898 
15538.136719 1406.698364 937.409363 834.823364 35777.375000 
31908.345703 2092.873779 1406.456055 947.078735 39541.933594 
46901.238281 2801.776855 1651.216431 1110.907593 31624.794922 
37687.878906 2632.331543 1554.202759 1413.225220 102703.875000 
29594.482422 1864.450195 1431.114502 1069.150635 91265.945312 
35977.777344 2515.595459 1828.963623 1372.070190 94168.390625 
34033.171875 2049.766602 1795.589844 1804.422974 135092.953125 
32127.667969 1958.856934 1663.991577 1079.426880 83471.039062 
46177.031250 4223.006836 2708.079102 1616.675903 16222.798828 
54371.472656 3754.062500 2978.505127 3271.575195 51090.972656 
67847.765625 5036.674805 3582.520020 3072.962402 89736.703125 
