28797.140625 1710.130615 1388.412354 1632.049805 212767.828125 
25313.408203 1909.492676 1619.368286 1591.314941 194994.078125 
15457.751953 1364.695435 878.719666 782.573730 180063.234375 
15166.110352 1361.656006 927.251709 925.470276 208722.531250 
21502.761719 1444.751221 886.738464 693.648499 209813.906250 
21042.048828 2024.588745 986.338013 1063.415161 177606.140625 
13947.490234 1492.856445 1065.358887 1012.200562 176624.406250 
17739.703125 1508.128662 1246.990479 622.757996 227341.656250 
22796.691406 2101.655273 1519.701782 760.640381 255743.250000 
21120.427734 2001.643555 1074.075439 1041.514893 184698.890625 
19341.939453 2044.597656 1310.854858 1177.168579 225285.515625 
18904.050781 1497.700684 961.588623 1068.026245 239633.859375 
19031.271484 1386.442993 751.000305 635.770935 100536.156250 
23869.537109 1357.035522 928.252441 632.371643 179398.062500 
19052.107422 1729.292114 838.883850 1236.113159 210241.281250 
14050.041016 1292.809082 877.756897 661.390991 154236.125000 
23610.556641 1785.910034 1307.342285 1068.165161 197829.078125 
33188.800781 2173.073730 1668.166748 1915.649658 167852.781250 
20707.027344 1721.554199 924.384644 773.793945 173307.921875 
17787.392578 1859.547852 1914.506470 1047.555542 199663.312500 
