57334.867188 10940.833984 7026.612305 4984.660156 34405.937500 
48675.113281 7378.388184 5054.804199 3448.150879 21957.486328 
61045.511719 10226.549805 5199.300781 3127.255615 17269.496094 
55049.421875 9969.648438 7588.901855 5903.680176 35034.683594 
50349.804688 8430.609375 7750.064941 3285.896729 17595.818359 
72690.531250 15870.880859 10766.796875 6907.133789 45766.363281 
50805.898438 7861.444336 4784.985840 3980.729248 22746.494141 
55893.269531 10812.368164 5939.078125 3830.243164 23409.242188 
58526.023438 9254.302734 6052.274414 3455.026855 19582.490234 
60076.804688 9629.180664 6310.399902 5648.559570 25928.533203 
55186.171875 8179.108398 6826.359863 5334.702637 30995.898438 
47806.578125 9208.461914 8961.512695 7027.645508 28028.802734 
54703.488281 8047.240723 5921.869141 4144.834961 24898.630859 
45637.894531 10749.497070 5538.795898 3759.936035 24717.701172 
50059.058594 6288.893555 4843.345215 3135.429688 19745.289062 
65624.078125 13314.281250 8448.298828 5480.643066 51265.226562 
56084.750000 13167.187500 7222.609863 4141.540039 34991.132812 
66503.609375 14308.246094 11661.302734 8111.208496 46218.050781 
47601.039062 8260.846680 5208.704590 2752.261963 21062.265625 
43930.078125 7834.883301 7623.599121 4213.253906 14218.016602 
