73352.101562 7773.625488 5959.296387 2992.408203 13864.307617 
77607.796875 9192.835938 4363.947266 3913.230225 3085.508789 
84112.265625 8443.187500 5239.625000 3865.819336 5602.937988 
84967.093750 10078.093750 5507.095703 3362.149170 3280.600098 
79425.234375 5959.756836 3835.393555 2386.303711 6322.009277 
79448.992188 7308.205566 6203.972168 5658.868164 10445.619141 
71940.625000 8019.605957 5856.009277 3514.854980 2479.950928 
92229.007812 8897.532227 6341.539062 4683.057617 3735.485107 
84100.406250 6687.037109 4209.177246 3826.679443 4426.611328 
74264.429688 6896.474121 3916.481934 3845.985107 1280.551758 
78451.929688 6707.600098 3727.725098 3151.479492 1829.880249 
77309.132812 6903.289551 6100.270020 6473.138672 5806.906738 
79093.289062 14576.136719 9019.285156 7877.972168 8424.751953 
87965.750000 8014.460938 4099.126465 4475.452148 4529.754395 
69903.304688 6646.861816 4643.952637 3989.031982 5567.084961 
81918.289062 8361.438477 4846.247070 4389.686035 6284.148438 
84941.453125 9359.581055 9703.683594 5402.986816 7657.160645 
82135.085938 8900.087891 4719.103516 6604.775391 17045.298828 
77064.406250 7355.858887 5283.046875 3460.018555 4244.190430 
72072.687500 6200.949707 3486.799805 3418.625488 2098.158936 
