Episode: 1: [[0.2 0.2 0.2 0.2 0.2]] 
Episode: 2: [[0.2001     0.19990002 0.1999     0.1999     0.1999    ]] 
Episode: 3: [[0.20002833 0.19997321 0.19997168 0.19997165 0.19997163]] 
Episode: 4: [[0.2000489  0.19996744 0.19995113 0.19995086 0.19995075]] 
Episode: 5: [[0.2001078  0.19991218 0.19989192 0.19989158 0.19989146]] 
Episode: 6: [[0.20018117 0.1998428  0.19982141 0.19982105 0.19982094]] 
Episode: 7: [[0.20024325 0.1997844  0.19976127 0.19976087 0.19976075]] 
Episode: 8: [[0.20031637 0.1997179  0.19969161 0.19969116 0.19969103]] 
Episode: 9: [[0.20038825 0.19970544 0.19962563 0.19962446 0.19962414]] 
Episode: 10: [[0.2004507  0.19969498 0.19956784 0.19956604 0.19956554]] 
Episode: 11: [[0.20052244 0.19972299 0.19950457 0.19950147 0.19950062]] 
Episode: 12: [[0.20057905 0.19975056 0.19945247 0.19944818 0.19944699]] 
Episode: 13: [[0.20063458 0.19977361 0.19940265 0.19939731 0.19939582]] 
Episode: 14: [[0.20067723 0.19982593 0.19936323 0.19935282 0.19935004]] 
Episode: 15: [[0.20070468 0.19988887 0.19933753 0.19931772 0.19931197]] 
Episode: 16: [[0.20072934 0.19995691 0.19931439 0.19928503 0.19927639]] 
Episode: 17: [[0.2007701  0.20000862 0.1992698  0.199233   0.199222  ]] 
Episode: 18: [[0.20080659 0.20005567 0.19922963 0.19918606 0.19917293]] 
Episode: 19: [[0.20085636 0.20011799 0.19917518 0.19912478 0.19910954]] 
Episode: 20: [[0.20091663 0.20017216 0.19910732 0.19905137 0.19903487]] 
Episode: 21: [[0.20098537 0.20021825 0.19903426 0.19897328 0.19895536]] 
Episode: 22: [[0.20104066 0.20027047 0.19897252 0.1989053  0.19888535]] 
Episode: 23: [[0.20107184 0.20033893 0.19892867 0.19885415 0.19883299]] 
Episode: 24: [[0.20108856 0.20041469 0.19889599 0.1988128  0.19878986]] 
Episode: 25: [[0.20110075 0.20049521 0.19886787 0.19877577 0.1987511 ]] 
Episode: 26: [[0.20111206 0.20057839 0.19884217 0.19874105 0.19871461]] 
Episode: 27: [[0.20112328 0.20065922 0.19881825 0.19870847 0.19868034]] 
Episode: 28: [[0.20113204 0.20073977 0.19879705 0.19867902 0.19864939]] 
Episode: 29: [[0.20114355 0.20081618 0.19877607 0.19864994 0.1986187 ]] 
Episode: 30: [[0.20115745 0.20088883 0.19875547 0.19862129 0.19858818]] 
Episode: 31: [[0.20118642 0.20095754 0.1987248  0.19858192 0.19854634]] 
Episode: 32: [[0.20121771 0.20102154 0.198695   0.19854313 0.1985046 ]] 
Episode: 33: [[0.20124722 0.20108001 0.19866751 0.1985072  0.19846584]] 
Episode: 34: [[0.20127586 0.20113236 0.19864014 0.19847348 0.19843048]] 
Episode: 35: [[0.2013111  0.201185   0.19861117 0.198437   0.19839157]] 
Episode: 36: [[0.2013459  0.20123418 0.1985835  0.19840209 0.19835423]] 
Episode: 37: [[0.20138185 0.2012764  0.19855498 0.19836795 0.19831854]] 
Episode: 38: [[0.20142525 0.20132868 0.19852512 0.19832939 0.19827671]] 
Episode: 39: [[0.2014638  0.20137353 0.198498   0.19829506 0.19823977]] 
Episode: 40: [[0.2015     0.20141634 0.198473   0.198263   0.1982051 ]] 
Episode: 41: [[0.20153296 0.20145176 0.19844973 0.19823407 0.1981742 ]] 
Episode: 42: [[0.20156285 0.20148125 0.19842824 0.19820799 0.19814661]] 
Episode: 43: [[0.20159316 0.20153008 0.19840957 0.19818059 0.19811557]] 
Episode: 44: [[0.20162229 0.2015626  0.19839029 0.19815563 0.1980885 ]] 
Episode: 45: [[0.20164897 0.20159309 0.19837275 0.19813274 0.1980636 ]] 
Episode: 46: [[0.20167814 0.20162949 0.19835488 0.19810827 0.19803652]] 
Episode: 47: [[0.2017138  0.20169437 0.19833769 0.19807708 0.1979994 ]] 
Episode: 48: [[0.20174412 0.20176363 0.19832423 0.19804893 0.19796488]] 
Episode: 49: [[0.20177397 0.2018266  0.19831076 0.198022   0.19793208]] 
Episode: 50: [[0.20180674 0.20190217 0.1982977  0.19799204 0.19789477]] 
Episode: 51: [[0.2018469  0.2019808  0.19828075 0.19795746 0.19785263]] 
Episode: 52: [[0.20188427 0.2020604  0.19826575 0.19792464 0.1978121 ]] 
Episode: 53: [[0.20191984 0.20213576 0.19825152 0.19789356 0.1977737 ]] 
Episode: 54: [[0.20195773 0.20219451 0.19823489 0.19786276 0.19773702]] 
Episode: 55: [[0.20201048 0.20228003 0.19820583 0.19781238 0.19767839]] 
Episode: 56: [[0.20206332 0.20235181 0.19817628 0.19776425 0.19762333]] 
Episode: 57: [[0.2021269  0.20243116 0.19814114 0.19770922 0.19756094]] 
Episode: 58: [[0.20220168 0.20251864 0.19809866 0.1976456  0.19748962]] 
Episode: 59: [[0.20226792 0.20259605 0.19806154 0.19758908 0.19742592]] 
Episode: 60: [[0.20233567 0.20265882 0.19802319 0.19753379 0.19736454]] 
Episode: 61: [[0.20240504 0.20270108 0.19798206 0.19748019 0.197307  ]] 
Episode: 62: [[0.2024831  0.20274487 0.19793567 0.19742107 0.19724394]] 
Episode: 63: [[0.20257011 0.20279475 0.19788387 0.19735548 0.19717407]] 
Episode: 64: [[0.20264815 0.20283718 0.19783698 0.19729689 0.19711192]] 
Episode: 65: [[0.20273532 0.20287246 0.19778131 0.19723237 0.19704527]] 
Episode: 66: [[0.20282489 0.20289922 0.19772255 0.19716744 0.19697936]] 
Episode: 67: [[0.20290996 0.20291275 0.19766477 0.19710737 0.19691984]] 
Episode: 68: [[0.20299238 0.20292974 0.19760905 0.19704895 0.19686162]] 
Episode: 69: [[0.20306678 0.20294675 0.19755907 0.19699599 0.19680859]] 
Episode: 70: [[0.20314889 0.20296434 0.19750345 0.19693774 0.1967506 ]] 
Episode: 71: [[0.20322402 0.20298165 0.1974528  0.19688429 0.19669725]] 
Episode: 72: [[0.20330079 0.20299777 0.1974002  0.19682986 0.19664375]] 
Episode: 73: [[0.2033745  0.2030129  0.1973499  0.19677772 0.19659247]] 
Episode: 74: [[0.20344819 0.20303594 0.19730054 0.19672474 0.19653967]] 
Episode: 75: [[0.20352608 0.20306732 0.19724691 0.196668   0.19648364]] 
Episode: 76: [[0.20358996 0.20310554 0.19720371 0.19661966 0.19643496]] 
Episode: 77: [[0.20364903 0.20314501 0.19716442 0.19657445 0.196389  ]] 
Episode: 78: [[0.20370193 0.20318738 0.19713011 0.19653301 0.19634628]] 
Episode: 79: [[0.20374796 0.20323756 0.19710183 0.19649512 0.19630606]] 
Episode: 80: [[0.20379093 0.20328885 0.19707555 0.19645917 0.19626781]] 
Episode: 81: [[0.20383187 0.2033419  0.19705135 0.1964244  0.19623035]] 
Episode: 82: [[0.2038682  0.20339361 0.19703023 0.19639291 0.19619615]] 
Episode: 83: [[0.20390148 0.20345049 0.19701093 0.19636281 0.19616328]] 
Episode: 84: [[0.20392394 0.20351705 0.19699909 0.19633856 0.19613552]] 
Episode: 85: [[0.20395058 0.20358275 0.1969851  0.19631152 0.19610506]] 
Episode: 86: [[0.20397568 0.20364718 0.1969722  0.19628568 0.19607586]] 
Episode: 87: [[0.20400213 0.20371947 0.19695763 0.19625802 0.1960448 ]] 
Episode: 88: [[0.20402673 0.20378631 0.19694418 0.19623235 0.19601594]] 
Episode: 89: [[0.20405397 0.20386876 0.19693013 0.1962025  0.19598193]] 
Episode: 90: [[0.20408055 0.20394625 0.19691618 0.19617379 0.19594944]] 
Episode: 91: [[0.20410728 0.20401697 0.19690207 0.1961459  0.19591807]] 
Episode: 92: [[0.20413345 0.20408322 0.19688834 0.19611903 0.19588786]] 
Episode: 93: [[0.20417677 0.20414326 0.19686358 0.19608113 0.19584687]] 
Episode: 94: [[0.20421748 0.20420139 0.19684061 0.19604525 0.19580795]] 
Episode: 95: [[0.20425835 0.20425685 0.19681583 0.19600968 0.19577034]] 
Episode: 96: [[0.20429368 0.20431878 0.19679353 0.19597708 0.19573583]] 
Episode: 97: [[0.2043322  0.204387   0.19676907 0.19594146 0.19569811]] 
Episode: 98: [[0.20436873 0.20445372 0.19674672 0.19590732 0.19566162]] 
Episode: 99: [[0.20440298 0.20450903 0.19672437 0.19587648 0.19562925]] 
Episode: 100: [[0.20444036 0.20456775 0.19670255 0.19584273 0.19559307]] 
Episode: 101: [[0.20446934 0.20465368 0.1966861  0.19581024 0.1955566 ]] 
Episode: 102: [[0.20450462 0.20473802 0.19666827 0.19577333 0.195515  ]] 
Episode: 103: [[0.20454197 0.20481572 0.1966499  0.19573587 0.19547296]] 
Episode: 104: [[0.20457566 0.20488982 0.19663365 0.19570142 0.19543415]] 
Episode: 105: [[0.20460731 0.20497473 0.19661753 0.19566691 0.19539487]] 
Episode: 106: [[0.20463422 0.20506172 0.19660607 0.19563502 0.19535759]] 
Episode: 107: [[0.20465593 0.20511773 0.19660111 0.19561084 0.19532785]] 
Episode: 108: [[0.2046766  0.20517157 0.19659646 0.19558771 0.19529943]] 
Episode: 109: [[0.20469701 0.20522678 0.1965927  0.19556434 0.19527064]] 
Episode: 110: [[0.20472018 0.20527802 0.19658718 0.19553961 0.19524089]] 
Episode: 111: [[0.20474492 0.20531373 0.19658308 0.19551586 0.1952119 ]] 
Episode: 112: [[0.20476595 0.20534493 0.19658001 0.19549537 0.195187  ]] 
Episode: 113: [[0.20479013 0.20537679 0.19657321 0.1954727  0.19516075]] 
Episode: 114: [[0.20481504 0.2054299  0.19656724 0.19544607 0.19512896]] 
Episode: 115: [[0.20483929 0.20548576 0.19655694 0.19541976 0.19509949]] 
Episode: 116: [[0.20486318 0.20555653 0.19654687 0.195391   0.19506715]] 
Episode: 117: [[0.20488775 0.20563638 0.19653665 0.19536021 0.19503215]] 
Episode: 118: [[0.20491345 0.20571297 0.19652417 0.19532943 0.19499771]] 
Episode: 119: [[0.20493914 0.20579271 0.1965094  0.1952981  0.19496384]] 
Episode: 120: [[0.2049696  0.20586385 0.19649026 0.19526508 0.19492917]] 
Episode: 121: [[0.20499729 0.20594025 0.19647269 0.19523296 0.19489533]] 
Episode: 122: [[0.205019   0.20602539 0.19645496 0.1952036  0.19486536]] 
Episode: 123: [[0.2050453  0.20610538 0.19643202 0.19517241 0.19483434]] 
Episode: 124: [[0.20507146 0.2061797  0.19641164 0.19514196 0.19480346]] 
Episode: 125: [[0.2050978  0.20625661 0.19638637 0.19511172 0.19477388]] 
Episode: 126: [[0.20513108 0.20633046 0.19635658 0.19507715 0.19474037]] 
Episode: 127: [[0.20516449 0.20638475 0.1963195  0.19504693 0.19471395]] 
Episode: 128: [[0.2052001  0.20643    0.19628216 0.19501643 0.19468753]] 
Episode: 129: [[0.20523559 0.20648122 0.19624305 0.19498485 0.19466108]] 
Episode: 130: [[0.20526735 0.20653042 0.19620942 0.19495581 0.19463608]] 
Episode: 131: [[0.20528074 0.20662986 0.19615445 0.19493161 0.19462386]] 
Episode: 132: [[0.20529506 0.20672332 0.19610588 0.19490705 0.19460925]] 
Episode: 133: [[0.20530958 0.20680884 0.19606207 0.19488338 0.19459425]] 
Episode: 134: [[0.20532069 0.20690906 0.19601093 0.19485949 0.19458193]] 
Episode: 135: [[0.20533104 0.20701186 0.19596742 0.1948346  0.1945658 ]] 
Episode: 136: [[0.20533788 0.2071056  0.19593498 0.19481328 0.19454996]] 
Episode: 137: [[0.20532906 0.20724025 0.19588517 0.19479088 0.19453906]] 
Episode: 138: [[0.20532258 0.2073661  0.19584231 0.19476804 0.19452538]] 
Episode: 139: [[0.20532067 0.20748082 0.19580339 0.19474404 0.194509  ]] 
Episode: 140: [[0.20532386 0.20758434 0.19576654 0.19471876 0.19449031]] 
Episode: 141: [[0.20532717 0.2076807  0.19573463 0.19469464 0.19447142]] 
Episode: 142: [[0.20533024 0.20778233 0.19569544 0.19467002 0.19445439]] 
Episode: 143: [[0.2053377  0.20787445 0.19565752 0.1946441  0.1944358 ]] 
Episode: 144: [[0.20535009 0.20796125 0.19562124 0.1946154  0.1944135 ]] 
Episode: 145: [[0.2053566  0.20805323 0.19558808 0.19458915 0.19439358]] 
Episode: 146: [[0.20536703 0.20814957 0.19555011 0.19455877 0.19437093]] 
Episode: 147: [[0.20537539 0.20824276 0.19551626 0.19453044 0.19434915]] 
Episode: 148: [[0.20538262 0.20834298 0.19547065 0.19450177 0.19433223]] 
Episode: 149: [[0.20539142 0.20843495 0.19543037 0.19447352 0.19431384]] 
Episode: 150: [[0.20539908 0.20851077 0.19539464 0.19444978 0.19429986]] 
Episode: 151: [[0.20540306 0.20854945 0.19537228 0.19443795 0.1942943 ]] 
Episode: 152: [[0.20540166 0.20859432 0.1953395  0.194431   0.19429606]] 
Episode: 153: [[0.2054047  0.20863526 0.19530906 0.19442134 0.19429378]] 
Episode: 154: [[0.2054106  0.20867465 0.19528395 0.19440901 0.19428676]] 
Episode: 155: [[0.20542312 0.20870824 0.19525605 0.19439332 0.1942769 ]] 
Episode: 156: [[0.2054395  0.20874323 0.19522668 0.19437434 0.19426358]] 
Episode: 157: [[0.20544814 0.20878421 0.19520833 0.19435817 0.19425027]] 
Episode: 158: [[0.20545807 0.2088221  0.19519238 0.19434153 0.19423561]] 
Episode: 159: [[0.20547569 0.20886007 0.1951611  0.19432048 0.19422148]] 
Episode: 160: [[0.20549381 0.2088952  0.195133   0.19429947 0.19420624]] 
Episode: 161: [[0.2055116  0.20893578 0.19510895 0.19427669 0.19418733]] 
Episode: 162: [[0.20550966 0.20899807 0.19510026 0.1942609  0.19417185]] 
Episode: 163: [[0.2054954  0.20908192 0.19510166 0.19424695 0.19415465]] 
Episode: 164: [[0.20548114 0.20915546 0.19510356 0.19423632 0.19414072]] 
Episode: 165: [[0.20546885 0.20920648 0.19511026 0.19423057 0.19413011]] 
Episode: 166: [[0.20546274 0.2092933  0.19505854 0.194215   0.1941316 ]] 
Episode: 167: [[0.2054421  0.20938706 0.19501986 0.19420679 0.19413711]] 
Episode: 168: [[0.20542051 0.20948125 0.1949831  0.19419855 0.19414243]] 
Episode: 169: [[0.20540902 0.20956495 0.19494407 0.1941862  0.19414306]] 
Episode: 170: [[0.20539843 0.20963927 0.1949104  0.19417529 0.19414353]] 
Episode: 171: [[0.205391   0.20970863 0.19488354 0.19416226 0.19413912]] 
Episode: 172: [[0.20538074 0.20977354 0.19486131 0.19415203 0.19413687]] 
Episode: 173: [[0.20537755 0.20983227 0.19483072 0.19413877 0.19413538]] 
Episode: 174: [[0.20537414 0.20987543 0.19480594 0.19412987 0.19413687]] 
Episode: 175: [[0.2053709  0.20993418 0.19478242 0.19411476 0.1941315 ]] 
Episode: 176: [[0.20536968 0.20999064 0.19476579 0.19409771 0.19412117]] 
Episode: 177: [[0.20537145 0.21004224 0.19474998 0.19407995 0.1941092 ]] 
Episode: 178: [[0.20536792 0.21009776 0.19474074 0.19406405 0.19409719]] 
Episode: 179: [[0.20537655 0.21014513 0.19472368 0.19404264 0.19408053]] 
Episode: 180: [[0.2053902  0.21019098 0.19469668 0.19402005 0.19406447]] 
Episode: 181: [[0.2054189  0.2102339  0.19467022 0.19398612 0.1940344 ]] 
Episode: 182: [[0.20543633 0.21028782 0.19464411 0.19395727 0.19401094]] 
Episode: 183: [[0.20545472 0.21033983 0.19462045 0.1939278  0.19398603]] 
Episode: 184: [[0.2054855  0.2103864  0.19459404 0.19389068 0.19395228]] 
Episode: 185: [[0.20553403 0.21047671 0.19451568 0.19383359 0.19393551]] 
Episode: 186: [[0.20557997 0.21055748 0.19444346 0.19378036 0.19391987]] 
Episode: 187: [[0.20562468 0.21063061 0.19437584 0.19373006 0.19390386]] 
Episode: 188: [[0.20566651 0.21069813 0.19431709 0.19368246 0.19388595]] 
Episode: 189: [[0.20570341 0.2107599  0.19426681 0.19363935 0.19386867]] 
Episode: 190: [[0.20573702 0.21081671 0.19422384 0.19359936 0.19385085]] 
Episode: 191: [[0.20576581 0.21087196 0.19418369 0.19356269 0.19383599]] 
Episode: 192: [[0.2057971  0.21092309 0.19414754 0.19352478 0.1938167 ]] 
Episode: 193: [[0.20582871 0.21097095 0.19410954 0.19348826 0.19379841]] 
Episode: 194: [[0.2058636  0.21102306 0.19408017 0.19344583 0.19376898]] 
Episode: 195: [[0.20590965 0.21106918 0.19403996 0.19339862 0.19373631]] 
Episode: 196: [[0.20594344 0.21116252 0.1939563  0.19334114 0.19371784]] 
Episode: 197: [[0.20597327 0.21125108 0.19388078 0.19328803 0.19369982]] 
Episode: 198: [[0.20600368 0.2113314  0.19381389 0.19323675 0.19367917]] 
Episode: 199: [[0.20603207 0.21139823 0.19375002 0.1931929  0.19366425]] 
Episode: 200: [[0.20606335 0.21145539 0.1936905  0.19315064 0.19364753]] 
Episode: 201: [[0.20609497 0.21151057 0.19363292 0.19310868 0.19363025]] 
Episode: 202: [[0.20613046 0.21156015 0.19358039 0.19306527 0.19360821]] 
Episode: 203: [[0.20618804 0.21159995 0.19351901 0.19299206 0.19355144]] 
Episode: 204: [[0.20624523 0.2116365  0.19345942 0.19292228 0.19349751]] 
Episode: 205: [[0.20631987 0.21166492 0.1933935  0.19284476 0.1934351 ]] 
Episode: 206: [[0.20639636 0.2116982  0.19332427 0.1927665  0.19337237]] 
Episode: 207: [[0.20647238 0.21174309 0.19322772 0.19269073 0.19332674]] 
Episode: 208: [[0.2065557  0.21178189 0.19313665 0.19261166 0.19327408]] 
Episode: 209: [[0.20662569 0.21183208 0.19304685 0.19253942 0.19323048]] 
Episode: 210: [[0.20668088 0.21190348 0.192965   0.19246915 0.19318822]] 
Episode: 211: [[0.20672543 0.2119861  0.19289055 0.19240203 0.19314763]] 
Episode: 212: [[0.20676705 0.21207103 0.19281735 0.19233721 0.19310883]] 
Episode: 213: [[0.20680274 0.21215826 0.19275256 0.19227578 0.19306983]] 
Episode: 214: [[0.20681663 0.2121975  0.1926479  0.19227241 0.1930783 ]] 
Episode: 215: [[0.20683251 0.21223404 0.19255614 0.19226564 0.1930806 ]] 
Episode: 216: [[0.20684713 0.21226878 0.19247916 0.19225723 0.193078  ]] 
Episode: 217: [[0.20684329 0.21234818 0.19238764 0.19224392 0.19308525]] 
Episode: 218: [[0.20684376 0.21242438 0.19230025 0.19222799 0.19308901]] 
Episode: 219: [[0.20684229 0.21249513 0.19222729 0.19221283 0.19308954]] 
Episode: 220: [[0.20684075 0.2125664  0.19215569 0.19219811 0.19308989]] 
Episode: 221: [[0.2068446  0.21262965 0.19208825 0.19218174 0.19308767]] 
Episode: 222: [[0.20685422 0.21268678 0.19200483 0.19216517 0.19309723]] 
Episode: 223: [[0.20686515 0.21273765 0.19192849 0.19214828 0.19310538]] 
Episode: 224: [[0.2068667  0.21279648 0.19185579 0.19213466 0.19311707]] 
Episode: 225: [[0.20684317 0.21287547 0.1917981  0.19212885 0.19313338]] 
Episode: 226: [[0.20681892 0.21295379 0.19174482 0.19212344 0.19314814]] 
Episode: 227: [[0.20681009 0.2130221  0.19169067 0.19211078 0.19315399]] 
Episode: 228: [[0.2068068  0.21308498 0.19163981 0.19209546 0.19315553]] 
Episode: 229: [[0.20680435 0.2131557  0.19157809 0.19207951 0.19315948]] 
Episode: 230: [[0.20682716 0.21321656 0.19151811 0.19204715 0.19314314]] 
Episode: 231: [[0.20684807 0.21326397 0.19146799 0.19202058 0.19312859]] 
Episode: 232: [[0.20686421 0.2133197  0.19141832 0.191993   0.19311565]] 
Episode: 233: [[0.2068951  0.21341111 0.19132844 0.19195502 0.19311973]] 
Episode: 234: [[0.20690897 0.21351328 0.19125105 0.19192086 0.19312462]] 
Episode: 235: [[0.20689768 0.21356864 0.19113939 0.19193923 0.19317015]] 
Episode: 236: [[0.20689029 0.21361929 0.19103669 0.19195378 0.1932096 ]] 
Episode: 237: [[0.20685859 0.21361847 0.1909048  0.19201155 0.19328372]] 
Episode: 238: [[0.20683216 0.21362153 0.19077604 0.19206202 0.19335443]] 
Episode: 239: [[0.20681012 0.21362458 0.19066143 0.19210558 0.19341534]] 
Episode: 240: [[0.2068083  0.21366988 0.19052052 0.19214709 0.19350705]] 
Episode: 241: [[0.20681468 0.21371453 0.19035906 0.1921834  0.19361109]] 
Episode: 242: [[0.2068243  0.21375793 0.19021112 0.19221212 0.19370176]] 
Episode: 243: [[0.20683585 0.21379809 0.19008051 0.19223441 0.19377856]] 
Episode: 244: [[0.20685527 0.21383363 0.18996367 0.19224748 0.19383958]] 
Episode: 245: [[0.2068812  0.21387608 0.1898383  0.19225444 0.19389647]] 
Episode: 246: [[0.20690626 0.2139171  0.18971919 0.19225979 0.19394943]] 
Episode: 247: [[0.20693241 0.21395156 0.18960959 0.19226287 0.19399758]] 
Episode: 248: [[0.2069306  0.21401796 0.18952577 0.19228463 0.1940586 ]] 
Episode: 249: [[0.2069079  0.2140892  0.1894631  0.19231124 0.19411772]] 
Episode: 250: [[0.20686914 0.21416397 0.18941112 0.19234124 0.19418058]] 
Episode: 251: [[0.20682038 0.21423973 0.18936312 0.1923767  0.19424526]] 
Episode: 252: [[0.20677054 0.21431766 0.18932444 0.19240654 0.19430128]] 
Episode: 253: [[0.20674537 0.21438661 0.18928643 0.19241935 0.19433694]] 
Episode: 254: [[0.20672075 0.21445554 0.18924266 0.19243293 0.19437325]] 
Episode: 255: [[0.20669955 0.21452297 0.18920375 0.19244146 0.1944021 ]] 
Episode: 256: [[0.20667952 0.21458851 0.18916596 0.19244838 0.19442843]] 
Episode: 257: [[0.20665574 0.21465778 0.18913321 0.19245271 0.19445202]] 
Episode: 258: [[0.20662773 0.21473277 0.18910602 0.1924543  0.1944716 ]] 
Episode: 259: [[0.20657827 0.21481965 0.18909119 0.19246258 0.19449595]] 
Episode: 260: [[0.20654407 0.21489668 0.18907008 0.19246483 0.19451447]] 
Episode: 261: [[0.20651585 0.21496977 0.18904917 0.19246343 0.19452825]] 
Episode: 262: [[0.20649607 0.21503584 0.18903148 0.19245712 0.19453461]] 
Episode: 263: [[0.20647116 0.2151064  0.18901378 0.19245163 0.19454281]] 
Episode: 264: [[0.20644003 0.21518432 0.18899697 0.19244678 0.19455117]] 
Episode: 265: [[0.20641589 0.21525533 0.18898125 0.19243869 0.19455534]] 
Episode: 266: [[0.2064024  0.21532312 0.18895727 0.19242598 0.19455628]] 
Episode: 267: [[0.20639232 0.2153848  0.18893805 0.19241185 0.19455321]] 
Episode: 268: [[0.20635885 0.21539754 0.18888108 0.19244502 0.19458908]] 
Episode: 269: [[0.20633967 0.21540761 0.18883136 0.19246642 0.1946111 ]] 
Episode: 270: [[0.20631854 0.21542342 0.18878366 0.19248584 0.19463329]] 
Episode: 271: [[0.20627546 0.21539749 0.18875097 0.19254631 0.19469023]] 
Episode: 272: [[0.20625007 0.2154057  0.18869136 0.19257826 0.1947391 ]] 
Episode: 273: [[0.20623313 0.21541442 0.18863505 0.19260257 0.194779  ]] 
Episode: 274: [[0.20622078 0.21541826 0.18858325 0.19262534 0.19481453]] 
Episode: 275: [[0.20621276 0.21543433 0.18851455 0.19264448 0.19485225]] 
Episode: 276: [[0.20620751 0.21544974 0.18844095 0.19266497 0.1948908 ]] 
Episode: 277: [[0.20620108 0.21546988 0.18834263 0.19269416 0.19494528]] 
Episode: 278: [[0.20619045 0.21550083 0.1882432  0.19272085 0.19499986]] 
Episode: 279: [[0.20618568 0.21552925 0.18815182 0.19274144 0.19504583]] 
Episode: 280: [[0.20619757 0.2155735  0.18803424 0.19274941 0.19509402]] 
Episode: 281: [[0.20621207 0.21561725 0.18792562 0.19275242 0.1951341 ]] 
Episode: 282: [[0.20623326 0.21565835 0.18782234 0.19274984 0.19516604]] 
Episode: 283: [[0.20625502 0.2156948  0.18773282 0.19274454 0.19519028]] 
Episode: 284: [[0.20626856 0.21574223 0.18763313 0.19274002 0.19522667]] 
Episode: 285: [[0.20628516 0.21578512 0.18754473 0.19273208 0.1952544 ]] 
Episode: 286: [[0.20630035 0.21582428 0.18746686 0.19272354 0.19527794]] 
Episode: 287: [[0.20630185 0.21586998 0.18740012 0.1927182  0.19530228]] 
Episode: 288: [[0.20630732 0.21591102 0.18734156 0.19270971 0.19531955]] 
Episode: 289: [[0.20631531 0.21593896 0.18728963 0.1927051  0.19533567]] 
Episode: 290: [[0.20632179 0.21596886 0.18723987 0.19269986 0.1953506 ]] 
Episode: 291: [[0.20632863 0.21599723 0.18720189 0.19269133 0.19535753]] 
Episode: 292: [[0.20633963 0.21601889 0.18716359 0.19268356 0.19536427]] 
Episode: 293: [[0.20635118 0.21604128 0.18711561 0.19267905 0.19537662]] 
Episode: 294: [[0.20635647 0.21606411 0.18706751 0.19267969 0.19539395]] 
Episode: 295: [[0.20636894 0.2160855  0.18701869 0.19267567 0.19540638]] 
Episode: 296: [[0.20638251 0.21610007 0.18696167 0.19267902 0.19542587]] 
Episode: 297: [[0.20638925 0.2161229  0.18691167 0.19267978 0.19544299]] 
Episode: 298: [[0.20640567 0.21614495 0.1868588  0.19267455 0.195454  ]] 
Episode: 299: [[0.20641209 0.21617244 0.18681173 0.19267155 0.1954674 ]] 
Episode: 300: [[0.2064087  0.2162021  0.186774   0.19267157 0.1954819 ]] 
Episode: 301: [[0.20641012 0.21622883 0.18674196 0.19266738 0.1954896 ]] 
Episode: 302: [[0.20642054 0.21625403 0.18670179 0.1926603  0.19549567]] 
Episode: 303: [[0.20642841 0.2162837  0.18666668 0.19265145 0.19549772]] 
Episode: 304: [[0.206436   0.21631448 0.18663356 0.19264095 0.19549857]] 
Episode: 305: [[0.20644136 0.21634856 0.18659969 0.1926307  0.1955002 ]] 
Episode: 306: [[0.20644851 0.21638465 0.1865536  0.19262195 0.19550842]] 
Episode: 307: [[0.20645279 0.2164237  0.18651105 0.19261275 0.19551496]] 
Episode: 308: [[0.20645937 0.21645956 0.18647425 0.19260144 0.19551702]] 
Episode: 309: [[0.20647372 0.2164908  0.18644193 0.1925848  0.1955115 ]] 
Episode: 310: [[0.2064901  0.21651916 0.186415   0.19256625 0.1955018 ]] 
Episode: 311: [[0.20648842 0.2165562  0.18639506 0.19255446 0.19549872]] 
Episode: 312: [[0.20648937 0.21658845 0.18637265 0.19254363 0.19549792]] 
Episode: 313: [[0.20648956 0.2166189  0.18635163 0.19253355 0.19549799]] 
Episode: 314: [[0.20649739 0.21664472 0.18633117 0.19251972 0.19549328]] 
Episode: 315: [[0.20650409 0.21667092 0.1863129  0.19250578 0.19548784]] 
Episode: 316: [[0.20651372 0.2167108  0.18628007 0.19248798 0.19548263]] 
Episode: 317: [[0.20651923 0.2167222  0.18621325 0.19251262 0.1955169 ]] 
Episode: 318: [[0.2065287  0.21673201 0.18615371 0.19253135 0.1955437 ]] 
Episode: 319: [[0.20653734 0.21674211 0.18608102 0.19255362 0.19558166]] 
Episode: 320: [[0.20654279 0.2167534  0.18601438 0.19257434 0.19561791]] 
Episode: 321: [[0.20655459 0.2167719  0.18594179 0.19258834 0.1956492 ]] 
Episode: 322: [[0.20656796 0.2167883  0.18587829 0.19259837 0.1956738 ]] 
Episode: 323: [[0.20659243 0.21680439 0.1857854  0.19261411 0.19571966]] 
Episode: 324: [[0.20661807 0.21681869 0.1857022  0.19262552 0.1957576 ]] 
Episode: 325: [[0.20665382 0.21682878 0.18562612 0.19262777 0.19578327]] 
Episode: 326: [[0.20668367 0.21684472 0.18555585 0.19262783 0.19580689]] 
Episode: 327: [[0.20671795 0.21686128 0.18548685 0.19262274 0.19582526]] 
Episode: 328: [[0.20673847 0.21688305 0.18538965 0.19263798 0.19587359]] 
Episode: 329: [[0.20676526 0.21686366 0.18533976 0.1926286  0.1958787 ]] 
Episode: 330: [[0.2067923  0.21684587 0.18529738 0.19261716 0.19587919]] 
Episode: 331: [[0.20680952 0.21684696 0.18522693 0.19261509 0.19590214]] 
Episode: 332: [[0.20682158 0.2168574  0.18515915 0.19261281 0.1959239 ]] 
Episode: 333: [[0.2068413  0.21686725 0.18509199 0.19260637 0.19594039]] 
Episode: 334: [[0.20686613 0.21687564 0.18503134 0.19259547 0.19594987]] 
Episode: 335: [[0.20689344 0.21688668 0.18497118 0.19258179 0.19595705]] 
Episode: 336: [[0.20691988 0.21689582 0.18491101 0.19257048 0.19596718]] 
Episode: 337: [[0.20695186 0.21688174 0.18483788 0.19257763 0.19599158]] 
Episode: 338: [[0.20698076 0.2168695  0.18477029 0.19258451 0.19601445]] 
Episode: 339: [[0.20701452 0.21689622 0.18467604 0.19260642 0.19607118]] 
Episode: 340: [[0.20705442 0.21692097 0.18458651 0.19262016 0.19611803]] 
Episode: 341: [[0.20706406 0.2169383  0.18450615 0.1926715  0.19618364]] 
Episode: 342: [[0.20707387 0.2169588  0.1844339  0.19271445 0.19623919]] 
Episode: 343: [[0.20708264 0.21697456 0.184372   0.19275618 0.19628608]] 
Episode: 344: [[0.20708726 0.21699512 0.18432091 0.19279082 0.19632454]] 
Episode: 345: [[0.2070895  0.21701533 0.18427913 0.1928211  0.19635668]] 
Episode: 346: [[0.20709105 0.2170338  0.18424138 0.19284873 0.19638589]] 
Episode: 347: [[0.20709176 0.21705739 0.1842042  0.19287132 0.19641194]] 
Episode: 348: [[0.20709258 0.21709116 0.18415293 0.19289447 0.19644015]] 
Episode: 349: [[0.20710029 0.21711859 0.18410176 0.19291647 0.19646288]] 
Episode: 350: [[0.20711176 0.21714646 0.18405029 0.19293354 0.19648202]] 
Episode: 351: [[0.20712696 0.21716046 0.18400124 0.1929554  0.19650026]] 
Episode: 352: [[0.20716657 0.2171663  0.1839509  0.19295901 0.19650151]] 
Episode: 353: [[0.20719899 0.21717761 0.18390347 0.192962   0.19650403]] 
Episode: 354: [[0.20723465 0.21718308 0.18384828 0.19296749 0.1965125 ]] 
Episode: 355: [[0.20726895 0.2171879  0.18380064 0.19297013 0.19651686]] 
Episode: 356: [[0.20729773 0.21719562 0.1837561  0.19297251 0.19652236]] 
Episode: 357: [[0.20732842 0.2172017  0.18371351 0.19297251 0.19652571]] 
Episode: 358: [[0.2073543  0.21720253 0.18367657 0.19297619 0.19653104]] 
Episode: 359: [[0.20737869 0.2172057  0.18363953 0.19297905 0.19653642]] 
Episode: 360: [[0.20739843 0.21720086 0.1835977  0.19299558 0.19654906]] 
Episode: 361: [[0.2074185  0.21718618 0.18355714 0.19301723 0.19656429]] 
Episode: 362: [[0.20743303 0.21716227 0.18351582 0.19304848 0.19658832]] 
Episode: 363: [[0.20744263 0.21714659 0.18347538 0.1930769  0.19661261]] 
Episode: 364: [[0.20744286 0.21713613 0.1834439  0.19310452 0.1966361 ]] 
Episode: 365: [[0.20742787 0.21712998 0.18340258 0.19314305 0.19667795]] 
Episode: 366: [[0.20742202 0.217122   0.18336256 0.19317426 0.19671293]] 
Episode: 367: [[0.20742    0.21711558 0.1833204  0.19320227 0.19674563]] 
Episode: 368: [[0.20740393 0.21711613 0.18328103 0.19323598 0.19678389]] 
Episode: 369: [[0.20740297 0.21711633 0.18323693 0.19325985 0.19681393]] 
Episode: 370: [[0.20740795 0.21712038 0.18319234 0.19327769 0.19683725]] 
Episode: 371: [[0.2074101  0.21712701 0.18315081 0.19329406 0.19685997]] 
Episode: 372: [[0.20741707 0.21713361 0.18310961 0.19330585 0.19687913]] 
Episode: 373: [[0.20741332 0.21714601 0.18307596 0.19331901 0.19689895]] 
Episode: 374: [[0.20742267 0.21715306 0.18303786 0.1933265  0.19691427]] 
Episode: 375: [[0.2074435  0.21715778 0.18300408 0.19332463 0.19691831]] 
Episode: 376: [[0.20746058 0.21715708 0.18297552 0.1933264  0.19692415]] 
Episode: 377: [[0.20747668 0.21715288 0.18294665 0.19333191 0.19693178]] 
Episode: 378: [[0.20749621 0.2171487  0.18291911 0.19333395 0.19693583]] 
Episode: 379: [[0.207514   0.21714106 0.1828885  0.19334361 0.19694251]] 
Episode: 380: [[0.20753081 0.21713492 0.18286261 0.19335082 0.19694613]] 
Episode: 381: [[0.2075497  0.21713036 0.18283468 0.19335568 0.19694935]] 
Episode: 382: [[0.2075551  0.21713133 0.18281731 0.19336326 0.19695333]] 
Episode: 383: [[0.20756707 0.21713087 0.18280128 0.1933655  0.19695218]] 
Episode: 384: [[0.20756878 0.21713951 0.1827889  0.19336854 0.19695272]] 
Episode: 385: [[0.20755865 0.21717073 0.18276246 0.1933791  0.19695772]] 
Episode: 386: [[0.20754775 0.21719947 0.18274783 0.19338627 0.19695649]] 
Episode: 387: [[0.2075444  0.2172267  0.182734   0.1933874  0.19694991]] 
Episode: 388: [[0.20754215 0.21724907 0.1827126  0.19339812 0.1969464 ]] 
Episode: 389: [[0.20753518 0.2172724  0.1826967  0.19340809 0.19694352]] 
Episode: 390: [[0.20753068 0.21729429 0.18268186 0.19341576 0.1969392 ]] 
Episode: 391: [[0.2075276  0.21731584 0.18266656 0.19342154 0.19693516]] 
Episode: 392: [[0.20755008 0.21732894 0.18265453 0.19340982 0.19691311]] 
Episode: 393: [[0.20756342 0.21735398 0.18262658 0.1934085  0.19690137]] 
Episode: 394: [[0.20757696 0.21737699 0.18260449 0.19340487 0.19688691]] 
Episode: 395: [[0.20758876 0.21739767 0.1825816  0.19340362 0.19687602]] 
Episode: 396: [[0.20760149 0.21741872 0.18255813 0.1934009  0.19686525]] 
Episode: 397: [[0.20761408 0.21743456 0.18253106 0.19340433 0.19685827]] 
Episode: 398: [[0.20761894 0.21745002 0.18251029 0.19341047 0.19685389]] 
Episode: 399: [[0.20761655 0.21746819 0.18249513 0.19341819 0.1968502 ]] 
Episode: 400: [[0.20762186 0.21748635 0.18247584 0.19342232 0.19684273]] 
Episode: 401: [[0.20762011 0.2174982  0.18245113 0.19343568 0.1968494 ]] 
Episode: 402: [[0.20762506 0.21751043 0.18242402 0.1934442  0.19685256]] 
Episode: 403: [[0.20763582 0.2175221  0.18239698 0.19344766 0.19685197]] 
Episode: 404: [[0.20765321 0.21753396 0.1823663  0.19344653 0.19684923]] 
Episode: 405: [[0.2076583  0.2175528  0.18233985 0.19344904 0.19685028]] 
Episode: 406: [[0.20768064 0.2175667  0.18231538 0.19343957 0.19683862]] 
Episode: 407: [[0.20769481 0.21758199 0.18229555 0.19343361 0.19682972]] 
Episode: 408: [[0.2077213  0.21759431 0.18227996 0.19341762 0.19680947]] 
Episode: 409: [[0.20775202 0.21760534 0.1822607  0.19340135 0.19678833]] 
Episode: 410: [[0.20778085 0.21761279 0.1822425  0.19338721 0.19677037]] 
Episode: 411: [[0.20781219 0.2176186  0.18222788 0.19337004 0.19674902]] 
Episode: 412: [[0.20785332 0.21762186 0.18221013 0.19334798 0.196723  ]] 
Episode: 413: [[0.2079082  0.21762098 0.18219285 0.1933166  0.1966877 ]] 
Episode: 414: [[0.20795682 0.21762262 0.18218105 0.19328694 0.19665207]] 
Episode: 415: [[0.20800519 0.21762075 0.18216598 0.19326039 0.1966209 ]] 
Episode: 416: [[0.20804581 0.21762395 0.18214938 0.19323772 0.19659474]] 
Episode: 417: [[0.20806576 0.21762307 0.18213283 0.19323453 0.19658637]] 
Episode: 418: [[0.20807998 0.21762556 0.18211831 0.19323188 0.19658068]] 
Episode: 419: [[0.20808129 0.21763706 0.18210797 0.19323267 0.19657834]] 
Episode: 420: [[0.20807786 0.21763375 0.18209873 0.19324175 0.19658856]] 
Episode: 421: [[0.20808147 0.21762627 0.18209377 0.19324408 0.19659343]] 
Episode: 422: [[0.20809528 0.21762069 0.182082   0.19324058 0.19659354]] 
Episode: 423: [[0.20809735 0.21762174 0.1820758  0.19324103 0.19659562]] 
Episode: 424: [[0.20809756 0.2176249  0.1820733  0.19324058 0.19659539]] 
Episode: 425: [[0.20809479 0.21763387 0.18207572 0.1932375  0.1965912 ]] 
Episode: 426: [[0.2080989  0.21764173 0.18207186 0.19323243 0.19658616]] 
Episode: 427: [[0.20810214 0.21765001 0.1820657  0.19322962 0.19658254]] 
Episode: 428: [[0.2081128  0.21766284 0.1820465  0.19322422 0.19657959]] 
Episode: 429: [[0.20810898 0.21767057 0.18204027 0.19322559 0.19658351]] 
Episode: 430: [[0.20810185 0.2176818  0.1820311  0.19322981 0.19658978]] 
Episode: 431: [[0.20809479 0.21769308 0.18202573 0.19323245 0.19659323]] 
Episode: 432: [[0.20809099 0.21771011 0.18200776 0.19323681 0.1965984 ]] 
Episode: 433: [[0.20808023 0.21773624 0.1819959  0.19323947 0.19660036]] 
Episode: 434: [[0.20806663 0.21776693 0.1819865  0.19324033 0.19660118]] 
Episode: 435: [[0.20804517 0.2178006  0.18197942 0.19324514 0.19660515]] 
Episode: 436: [[0.20803374 0.21782786 0.18198112 0.19324186 0.19659775]] 
Episode: 437: [[0.20802927 0.21785158 0.18198338 0.19323447 0.19658616]] 
Episode: 438: [[0.208013   0.2178872  0.18198471 0.19322972 0.19657972]] 
Episode: 439: [[0.20797141 0.21794559 0.1819956  0.19323145 0.196579  ]] 
Episode: 440: [[0.20793484 0.21799895 0.18200375 0.19323261 0.19657838]] 
Episode: 441: [[0.20790243 0.21804778 0.18201834 0.19323008 0.19657168]] 
Episode: 442: [[0.2078791  0.21809071 0.18202241 0.19322772 0.19656749]] 
Episode: 443: [[0.20786048 0.21812445 0.18202174 0.19322862 0.19656682]] 
Episode: 444: [[0.20784646 0.21815567 0.18202099 0.19322649 0.19656393]] 
Episode: 445: [[0.20782503 0.21818326 0.1820229  0.19323081 0.19656709]] 
Episode: 446: [[0.20780246 0.21821429 0.18201937 0.19323792 0.19657192]] 
Episode: 447: [[0.20779221 0.21824005 0.18201637 0.1932374  0.19656882]] 
Episode: 448: [[0.20778938 0.21825238 0.18200894 0.19323993 0.19656913]] 
Episode: 449: [[0.20778674 0.21826614 0.18200089 0.1932409  0.19656953]] 
Episode: 450: [[0.20778191 0.21828304 0.1819921  0.19324158 0.19657111]] 
Episode: 451: [[0.20778078 0.2183004  0.18198267 0.19323897 0.19656996]] 
Episode: 452: [[0.2077855  0.21831523 0.18197304 0.19323309 0.19656524]] 
Episode: 453: [[0.2077811  0.21833439 0.18196857 0.19323087 0.19656153]] 
Episode: 454: [[0.20777957 0.218348   0.1819593  0.19323076 0.19656193]] 
Episode: 455: [[0.20779105 0.21835612 0.18194662 0.19322425 0.19655675]] 
Episode: 456: [[0.20779318 0.21836755 0.18194409 0.19321881 0.19655083]] 
Episode: 457: [[0.20778415 0.2183782  0.18195069 0.19321807 0.19654879]] 
Episode: 458: [[0.20774888 0.2184101  0.18197368 0.19322671 0.19655365]] 
Episode: 459: [[0.20772484 0.21843731 0.18198562 0.19323274 0.19655845]] 
Episode: 460: [[0.2077054  0.21846455 0.18199506 0.19323619 0.1965599 ]] 
Episode: 461: [[0.20768052 0.21849507 0.18201685 0.19323742 0.1965542 ]] 
Episode: 462: [[0.20766854 0.21852173 0.18201505 0.193244   0.19655234]] 
Episode: 463: [[0.2076594  0.21854591 0.18201265 0.1932489  0.19654964]] 
Episode: 464: [[0.20762414 0.21860462 0.18201554 0.19327722 0.19657487]] 
Episode: 465: [[0.2075999  0.21865767 0.18201467 0.19329824 0.19659343]] 
Episode: 466: [[0.20757672 0.21871364 0.18200713 0.19331624 0.19661227]] 
Episode: 467: [[0.2075672  0.21876515 0.18198343 0.19333316 0.19662838]] 
Episode: 468: [[0.20755078 0.21881066 0.18196897 0.19335173 0.19664568]] 
Episode: 469: [[0.20754643 0.21884969 0.18195704 0.1933607  0.19665247]] 
Episode: 470: [[0.20754623 0.21888445 0.18193267 0.19337395 0.19666354]] 
Episode: 471: [[0.20754892 0.21890745 0.18191762 0.1933859  0.19666973]] 
Episode: 472: [[0.20752835 0.21893792 0.1819053  0.19340868 0.19668996]] 
Episode: 473: [[0.20749971 0.21897346 0.18185608 0.19346789 0.19673993]] 
Episode: 474: [[0.2074801  0.21900503 0.18180203 0.19352074 0.19678684]] 
Episode: 475: [[0.20743576 0.21905276 0.18177754 0.19357269 0.19683276]] 
Episode: 476: [[0.20738591 0.21909906 0.18176329 0.1936212  0.1968764 ]] 
Episode: 477: [[0.20734252 0.21913843 0.18174905 0.19366524 0.19691686]] 
Episode: 478: [[0.20729907 0.21917325 0.18173058 0.19371153 0.19696113]] 
Episode: 479: [[0.2072613  0.21920541 0.18171728 0.19375055 0.19699687]] 
Episode: 480: [[0.2072187  0.21923645 0.18167993 0.19380245 0.19705336]] 
Episode: 481: [[0.20717306 0.21927406 0.1816479  0.19384871 0.19710499]] 
Episode: 482: [[0.20713331 0.2193164  0.18161146 0.19388802 0.19715163]] 
Episode: 483: [[0.2070891  0.21935655 0.1815773  0.19392917 0.19720127]] 
Episode: 484: [[0.20705368 0.21939258 0.18154775 0.19396238 0.19724126]] 
Episode: 485: [[0.20700097 0.21943198 0.18151578 0.19400544 0.19729736]] 
Episode: 486: [[0.20694612 0.21946625 0.18148631 0.19405054 0.19735578]] 
Episode: 487: [[0.20691492 0.21949999 0.1814326  0.19408605 0.19741207]] 
Episode: 488: [[0.2068718  0.21954156 0.18138866 0.19412054 0.19746855]] 
Episode: 489: [[0.20683731 0.2195796  0.18134454 0.19414958 0.19751878]] 
Episode: 490: [[0.2067799  0.2196326  0.18132064 0.19418386 0.1975753 ]] 
Episode: 491: [[0.20672834 0.21968478 0.18129593 0.19421287 0.19762674]] 
Episode: 492: [[0.2066851  0.21973263 0.18125361 0.19424875 0.19768128]] 
Episode: 493: [[0.20664123 0.21978033 0.18120769 0.19429088 0.19773416]] 
Episode: 494: [[0.20660587 0.21982506 0.18117192 0.19432299 0.19777246]] 
Episode: 495: [[0.20656495 0.21987174 0.18114391 0.19435394 0.19780877]] 
Episode: 496: [[0.2065304  0.21991411 0.18110251 0.19439101 0.19784778]] 
Episode: 497: [[0.20650204 0.21995226 0.18106326 0.1944231  0.19788194]] 
Episode: 498: [[0.20649068 0.2199784  0.18101841 0.19444944 0.19791102]] 
Episode: 499: [[0.20647478 0.22001372 0.1809805  0.19447105 0.19793399]] 
Episode: 500: [[0.20646301 0.22005248 0.18093108 0.19449489 0.19795752]] 
Episode: 501: [[0.206439   0.22010279 0.18089403 0.19451453 0.19797829]] 
Episode: 502: [[0.20641531 0.2201483  0.18086569 0.19453251 0.19799429]] 
Episode: 503: [[0.20639883 0.22019011 0.18085    0.19454104 0.19799599]] 
Episode: 504: [[0.20637122 0.22022428 0.18082964 0.19456907 0.19801061]] 
Episode: 505: [[0.20634843 0.2202491  0.18079771 0.19460501 0.1980322 ]] 
Episode: 506: [[0.20631838 0.2202697  0.18076423 0.1946502  0.19806257]] 
Episode: 507: [[0.20630024 0.22028695 0.18073738 0.19468312 0.19808014]] 
Episode: 508: [[0.20628715 0.2203052  0.18071118 0.19470929 0.19809352]] 
Episode: 509: [[0.206277   0.2203166  0.18068148 0.19473779 0.19811033]] 
Episode: 510: [[0.20627134 0.22032887 0.1806423  0.19476612 0.19812971]] 
Episode: 511: [[0.2062678  0.22034056 0.18060556 0.19478993 0.19814713]] 
Episode: 512: [[0.20626901 0.22035281 0.1805691  0.19480772 0.19816115]] 
Episode: 513: [[0.20627153 0.22036926 0.18053064 0.19482227 0.19817393]] 
Episode: 514: [[0.2062724  0.22039065 0.18049349 0.1948334  0.19818586]] 
Episode: 515: [[0.20628549 0.22040983 0.18044971 0.19483724 0.19819406]] 
Episode: 516: [[0.20628373 0.2204346  0.18040507 0.19485106 0.19821256]] 
Episode: 517: [[0.20628956 0.22045846 0.18035868 0.19485885 0.19822697]] 
Episode: 518: [[0.20629887 0.2204802  0.18032123 0.19486086 0.19823277]] 
Episode: 519: [[0.20632137 0.22050254 0.18027218 0.1948557  0.1982362 ]] 
Episode: 520: [[0.2063391  0.2205236  0.18023665 0.19484946 0.1982342 ]] 
Episode: 521: [[0.20635062 0.22054441 0.18020214 0.19484805 0.19823685]] 
Episode: 522: [[0.206334   0.22056954 0.18020923 0.19485873 0.19825776]] 
Episode: 523: [[0.20629588 0.22061126 0.18018451 0.19489591 0.1983067 ]] 
Episode: 524: [[0.20626858 0.22065178 0.18015897 0.19492336 0.19834578]] 
Episode: 525: [[0.20624256 0.2206957  0.18013103 0.19494699 0.19838275]] 
Episode: 526: [[0.20622392 0.22073081 0.1801007  0.19496933 0.19841762]] 
Episode: 527: [[0.20620015 0.22076264 0.1800748  0.19499506 0.19845347]] 
Episode: 528: [[0.20617966 0.2207658  0.18004265 0.19505085 0.19849038]] 
Episode: 529: [[0.20616667 0.22076938 0.18001206 0.19509593 0.19852065]] 
Episode: 530: [[0.20615168 0.22077438 0.17997053 0.19514391 0.19856076]] 
Episode: 531: [[0.20613508 0.2207812  0.17993268 0.19519016 0.19859757]] 
Episode: 532: [[0.20612197 0.22078776 0.17989375 0.19523273 0.19863215]] 
Episode: 533: [[0.20611084 0.22080214 0.17985481 0.1952667  0.19866236]] 
Episode: 534: [[0.20610054 0.22081946 0.17980118 0.19530803 0.19869792]] 
Episode: 535: [[0.20609534 0.22083229 0.1797531  0.19534281 0.19872801]] 
Episode: 536: [[0.20609538 0.22084662 0.1797068  0.19536982 0.19875212]] 
Episode: 537: [[0.20609939 0.2208597  0.17966354 0.19539173 0.19877133]] 
Episode: 538: [[0.20611565 0.22086288 0.17959239 0.19542868 0.19879963]] 
Episode: 539: [[0.20610641 0.22088116 0.179535   0.19546907 0.19883436]] 
Episode: 540: [[0.2061075  0.22089161 0.1794517  0.19552392 0.19887796]] 
Episode: 541: [[0.20611632 0.2209016  0.17936811 0.19557054 0.19891669]] 
Episode: 542: [[0.20610242 0.22092105 0.17928402 0.1956322  0.19896933]] 
Episode: 543: [[0.20606846 0.22095029 0.17921694 0.1956963  0.19902268]] 
Episode: 544: [[0.20603159 0.22098178 0.17914496 0.19576667 0.19907846]] 
Episode: 545: [[0.20599887 0.22101124 0.17907876 0.19582951 0.19912897]] 
Episode: 546: [[0.20596705 0.22104135 0.1790176  0.19588646 0.19917627]] 
Episode: 547: [[0.20593454 0.22107194 0.17896537 0.1959384  0.19921793]] 
Episode: 548: [[0.20589618 0.22109935 0.17891738 0.19599298 0.19926438]] 
Episode: 549: [[0.20585816 0.22112413 0.17887618 0.19604419 0.19930755]] 
Episode: 550: [[0.20583206 0.22114572 0.17882839 0.19609147 0.19934566]] 
Episode: 551: [[0.20579499 0.22116907 0.17879103 0.19614036 0.19938605]] 
Episode: 552: [[0.20576814 0.22119267 0.1787447  0.19618204 0.19942634]] 
Episode: 553: [[0.20575196 0.22121218 0.17870025 0.19621514 0.19945848]] 
Episode: 554: [[0.20574407 0.22122912 0.17865917 0.19623992 0.19948289]] 
Episode: 555: [[0.20573708 0.22123916 0.17861311 0.19627272 0.19951114]] 
Episode: 556: [[0.20573187 0.22124971 0.17857185 0.1963007  0.19953455]] 
Episode: 557: [[0.20572507 0.22126102 0.17853676 0.19632623 0.19955462]] 
Episode: 558: [[0.20572546 0.2212696  0.17850238 0.19634596 0.19956987]] 
Episode: 559: [[0.2057233  0.22127931 0.17847155 0.19636399 0.19958532]] 
Episode: 560: [[0.20572522 0.22128499 0.17843977 0.19638042 0.19960043]] 
Episode: 561: [[0.20572667 0.2212922  0.17841214 0.19639428 0.1996122 ]] 
Episode: 562: [[0.20572494 0.22130814 0.17837174 0.19641487 0.19962998]] 
Episode: 563: [[0.2057251  0.22132248 0.17833492 0.19643216 0.19964485]] 
Episode: 564: [[0.20573565 0.22133502 0.17828992 0.19644429 0.19965877]] 
Episode: 565: [[0.2057605  0.22134703 0.17823064 0.19644977 0.19967273]] 
Episode: 566: [[0.20576997 0.22136512 0.17818241 0.19646376 0.19968547]] 
Episode: 567: [[0.20577112 0.2213838  0.17813893 0.1964817  0.19970201]] 
Episode: 568: [[0.20577535 0.22140017 0.17809819 0.19649622 0.19971544]] 
Episode: 569: [[0.20577528 0.22142164 0.17806135 0.19650841 0.1997284 ]] 
Episode: 570: [[0.20576079 0.22144742 0.17804071 0.19652289 0.19973962]] 
Episode: 571: [[0.20574224 0.22147623 0.17803432 0.19653326 0.19974145]] 
Episode: 572: [[0.20572858 0.2215072  0.17800991 0.19654483 0.19975343]] 
Episode: 573: [[0.20572332 0.22153433 0.17798218 0.19655254 0.19976273]] 
Episode: 574: [[0.20570007 0.22156952 0.17793831 0.19658864 0.19978814]] 
Episode: 575: [[0.20568171 0.2216002  0.17790139 0.196618   0.19980748]] 
Episode: 576: [[0.20566389 0.22163002 0.17787632 0.1966413  0.1998181 ]] 
Episode: 577: [[0.20564768 0.22165747 0.17785192 0.19666298 0.19982894]] 
Episode: 578: [[0.20564394 0.22168544 0.17781243 0.19668229 0.1998392 ]] 
Episode: 579: [[0.20561817 0.22172067 0.17779036 0.19670907 0.19985138]] 
Episode: 580: [[0.20560434 0.22175118 0.17775261 0.19673963 0.19986413]] 
Episode: 581: [[0.20557322 0.22179125 0.17772128 0.19677368 0.19988538]] 
Episode: 582: [[0.20555891 0.22182854 0.17768292 0.19679657 0.19989991]] 
Episode: 583: [[0.20555733 0.22186339 0.17764434 0.19680867 0.19990557]] 
Episode: 584: [[0.20554917 0.22189817 0.17760886 0.19682482 0.19991481]] 
Episode: 585: [[0.20553778 0.22192912 0.17756422 0.19684836 0.19993731]] 
Episode: 586: [[0.20552236 0.221957   0.1775257  0.1968728  0.19996116]] 
Episode: 587: [[0.20549409 0.22198515 0.17749736 0.19690062 0.19999066]] 
Episode: 588: [[0.20548025 0.22201008 0.17746402 0.19691917 0.2000136 ]] 
Episode: 589: [[0.20544104 0.22204144 0.17743836 0.19695498 0.20004946]] 
Episode: 590: [[0.20540456 0.2220704  0.17741415 0.19698827 0.2000834 ]] 
Episode: 591: [[0.20537157 0.22210282 0.17738661 0.19701576 0.20011719]] 
Episode: 592: [[0.20533825 0.2221355  0.17735767 0.19704308 0.20015293]] 
Episode: 593: [[0.20530207 0.22217382 0.17732765 0.19706993 0.20018971]] 
Episode: 594: [[0.20527093 0.2222156  0.17729378 0.19709174 0.2002238 ]] 
Episode: 595: [[0.20525002 0.22225326 0.17725682 0.19710737 0.20025387]] 
Episode: 596: [[0.20522997 0.22228621 0.17721842 0.19712676 0.20028538]] 
Episode: 597: [[0.20520398 0.22231518 0.17718439 0.19715211 0.20031995]] 
Episode: 598: [[0.20517938 0.2223423  0.17715207 0.1971757  0.20035337]] 
Episode: 599: [[0.20514572 0.22237146 0.17712466 0.19720566 0.20038849]] 
Episode: 600: [[0.20508876 0.22239743 0.1771164  0.19724919 0.20043345]] 
Episode: 601: [[0.20502792 0.2224283  0.17710814 0.1972918  0.20048079]] 
Episode: 602: [[0.20496683 0.22246112 0.17710067 0.19733186 0.20052776]] 
Episode: 603: [[0.20490752 0.2224915  0.17710584 0.19736652 0.20056356]] 
Episode: 604: [[0.20485173 0.22252634 0.17709853 0.19740464 0.20060107]] 
Episode: 605: [[0.2048037  0.2225627  0.17708503 0.19744202 0.20063223]] 
Episode: 606: [[0.20476231 0.22259767 0.17706761 0.19747457 0.20066236]] 
Episode: 607: [[0.20471656 0.22264875 0.17703266 0.19751215 0.200701  ]] 
Episode: 608: [[0.20467238 0.22269438 0.17699423 0.1975598  0.20073755]] 
Episode: 609: [[0.20462818 0.222739   0.176958   0.19760439 0.20077494]] 
Episode: 610: [[0.20458804 0.22277772 0.17692532 0.19765124 0.20080489]] 
Episode: 611: [[0.20455307 0.22281279 0.1768932  0.19769752 0.20082949]] 
Episode: 612: [[0.20451657 0.222836   0.1768651  0.19775501 0.20085306]] 
Episode: 613: [[0.20449448 0.22285454 0.17683509 0.19780111 0.2008693 ]] 
Episode: 614: [[0.20447516 0.2228711  0.17680413 0.19784485 0.20088586]] 
Episode: 615: [[0.20445745 0.2228873  0.17678097 0.19788212 0.20089634]] 
Episode: 616: [[0.20444514 0.22290273 0.176765   0.19791047 0.20089774]] 
Episode: 617: [[0.20442806 0.22291453 0.17675021 0.19794637 0.20090237]] 
Episode: 618: [[0.20439956 0.22294556 0.17673095 0.19797975 0.20091534]] 
Episode: 619: [[0.20437506 0.22297584 0.17671219 0.19800864 0.20092559]] 
Episode: 620: [[0.2043541  0.22300619 0.17669152 0.19803415 0.20093505]] 
Episode: 621: [[0.20433813 0.22303455 0.17667346 0.19805442 0.20093954]] 
Episode: 622: [[0.20432688 0.22305916 0.17666185 0.19806851 0.20093736]] 
Episode: 623: [[0.20431161 0.22308138 0.17664881 0.19808517 0.20094341]] 
Episode: 624: [[0.20429793 0.22310165 0.1766371  0.19810154 0.20094733]] 
Episode: 625: [[0.2042703  0.22312729 0.17663062 0.19812337 0.20095836]] 
Episode: 626: [[0.20425512 0.22314778 0.17661746 0.19813922 0.20096667]] 
Episode: 627: [[0.20424166 0.223167   0.1766026  0.19815594 0.20097457]] 
Episode: 628: [[0.20421563 0.22318473 0.1765876  0.19818522 0.20099396]] 
Episode: 629: [[0.20417197 0.22321127 0.1765703  0.198229   0.20102468]] 
Episode: 630: [[0.20412652 0.22324452 0.17654897 0.19826987 0.20105931]] 
Episode: 631: [[0.20409776 0.2232725  0.17653188 0.19829673 0.20107831]] 
Episode: 632: [[0.20405804 0.2233032  0.17651509 0.19833252 0.20110497]] 
Episode: 633: [[0.204029   0.22333111 0.1764909  0.1983628  0.20112996]] 
Episode: 634: [[0.20400688 0.22335526 0.1764661  0.19838998 0.20115033]] 
Episode: 635: [[0.20398204 0.2233789  0.17644502 0.198416   0.20117229]] 
Episode: 636: [[0.20394813 0.22341096 0.1764229  0.19844739 0.20119813]] 
Episode: 637: [[0.20392548 0.22343813 0.17639713 0.19847237 0.20121962]] 
Episode: 638: [[0.20387812 0.22349009 0.17639376 0.19852185 0.20127001]] 
Episode: 639: [[0.20381203 0.22355175 0.17638591 0.1985769  0.2013372 ]] 
Episode: 640: [[0.2037479  0.22361338 0.17637734 0.19862893 0.20139943]] 
Episode: 641: [[0.20369078 0.22367151 0.17636566 0.19867498 0.20145729]] 
Episode: 642: [[0.20364034 0.22372104 0.17635536 0.19871713 0.20150952]] 
Episode: 643: [[0.20359755 0.22376616 0.176347   0.19875243 0.20155296]] 
Episode: 644: [[0.20356806 0.22380544 0.17633797 0.1987779  0.20158553]] 
Episode: 645: [[0.20354013 0.22384259 0.17632595 0.1988032  0.201618  ]] 
Episode: 646: [[0.20351908 0.2238762  0.17631091 0.19882387 0.20164704]] 
Episode: 647: [[0.20350732 0.22391565 0.1762832  0.19883713 0.2016739 ]] 
Episode: 648: [[0.20350589 0.22395125 0.17625673 0.19884185 0.20169078]] 
Episode: 649: [[0.20351437 0.22399177 0.17621902 0.19883905 0.20170426]] 
Episode: 650: [[0.20352192 0.22402619 0.17618376 0.19884153 0.20171572]] 
Episode: 651: [[0.20351487 0.22406408 0.1761621  0.19885382 0.2017225 ]] 
Episode: 652: [[0.2034994  0.22410293 0.17613904 0.19887853 0.201732  ]] 
Episode: 653: [[0.20348689 0.22414494 0.17610897 0.19890402 0.20173992]] 
Episode: 654: [[0.20347619 0.22418444 0.17608137 0.19892512 0.20174675]] 
Episode: 655: [[0.2034645  0.22422081 0.17605147 0.19894876 0.20175755]] 
Episode: 656: [[0.20345329 0.22425447 0.17602809 0.19896883 0.20176446]] 
Episode: 657: [[0.20343444 0.22428761 0.17600985 0.19898899 0.20177755]] 
Episode: 658: [[0.20341189 0.22431713 0.17599778 0.1990127  0.2017891 ]] 
Episode: 659: [[0.20340565 0.22434983 0.17596412 0.19902794 0.20180254]] 
Episode: 660: [[0.20338775 0.22438541 0.17593758 0.19904646 0.20182094]] 
Episode: 661: [[0.20337631 0.22442022 0.17590259 0.19906367 0.2018398 ]] 
Episode: 662: [[0.20337029 0.22445299 0.17586708 0.199078   0.2018541 ]] 
Episode: 663: [[0.20336427 0.22448371 0.17583498 0.19908999 0.20186771]] 
Episode: 664: [[0.20335762 0.2245131  0.1758103  0.19909927 0.2018768 ]] 
Episode: 665: [[0.20335594 0.22453676 0.17578678 0.1991058  0.20188348]] 
Episode: 666: [[0.20335796 0.22455685 0.17576408 0.19910994 0.20188797]] 
Episode: 667: [[0.20336844 0.22457214 0.17573538 0.19911164 0.2018916 ]] 
Episode: 668: [[0.20337506 0.22458382 0.17571427 0.1991146  0.20189472]] 
Episode: 669: [[0.20337649 0.22459555 0.17568912 0.19912367 0.20190571]] 
Episode: 670: [[0.2033837  0.22460642 0.17566204 0.1991284  0.20191357]] 
Episode: 671: [[0.20339903 0.22461362 0.17563134 0.19912896 0.20191887]] 
Episode: 672: [[0.20339495 0.22462587 0.17561512 0.19913715 0.20192826]] 
Episode: 673: [[0.20339078 0.22463429 0.17559573 0.19915079 0.20194027]] 
Episode: 674: [[0.2033843  0.22464311 0.17558207 0.19916302 0.20195009]] 
Episode: 675: [[0.20338193 0.2246522  0.17556052 0.19917586 0.20196141]] 
Episode: 676: [[0.20336445 0.22466712 0.1755423  0.19919847 0.20198038]] 
Episode: 677: [[0.20334825 0.22467966 0.17552596 0.19921963 0.20199826]] 
Episode: 678: [[0.20330645 0.22469434 0.17552294 0.19926031 0.20203495]] 
Episode: 679: [[0.2032591  0.22471061 0.17551851 0.19930336 0.20207806]] 
Episode: 680: [[0.20321451 0.22472839 0.17551517 0.1993424  0.20211631]] 
Episode: 681: [[0.20317425 0.22474514 0.1755125  0.1993775  0.20214993]] 
Episode: 682: [[0.20315272 0.22475816 0.17550129 0.19940116 0.20217448]] 
Episode: 683: [[0.20313282 0.22476964 0.17548844 0.19942334 0.20220013]] 
Episode: 684: [[0.20309456 0.22478798 0.175481   0.19945174 0.20223828]] 
Episode: 685: [[0.20305523 0.22480449 0.17547719 0.19947937 0.20227575]] 
Episode: 686: [[0.20302795 0.22482358 0.1754651  0.1994978  0.20230757]] 
Episode: 687: [[0.20297642 0.22484635 0.17546876 0.19953437 0.20235008]] 
Episode: 688: [[0.20292553 0.22486961 0.1754679  0.19957417 0.20239249]] 
Episode: 689: [[0.20287666 0.22489677 0.17545886 0.19961612 0.2024347 ]] 
Episode: 690: [[0.20283812 0.22492169 0.17545317 0.19964816 0.20246504]] 
Episode: 691: [[0.20280027 0.22494817 0.1754484  0.19967759 0.20249312]] 
Episode: 692: [[0.202759   0.224976   0.17544585 0.19970791 0.20252173]] 
Episode: 693: [[0.20269503 0.22502613 0.17545149 0.19975524 0.20256744]] 
Episode: 694: [[0.20263235 0.22507411 0.17545703 0.19980012 0.20261219]] 
Episode: 695: [[0.2025724  0.22512247 0.17546904 0.1998388  0.2026471 ]] 
Episode: 696: [[0.20249185 0.22517428 0.17549363 0.19988675 0.20269416]] 
Episode: 697: [[0.20242085 0.22522503 0.17552015 0.19992518 0.20272914]] 
Episode: 698: [[0.20237191 0.2252648  0.1755417  0.19995065 0.20275101]] 
Episode: 699: [[0.2023333  0.22530168 0.17556053 0.19996865 0.20276527]] 
Episode: 700: [[0.20230293 0.22533381 0.17557287 0.19998536 0.20277657]] 
Episode: 701: [[0.20224927 0.22536981 0.17559917 0.2000161  0.20279486]] 
Episode: 702: [[0.20220405 0.22540654 0.17561708 0.2000462  0.20280682]] 
Episode: 703: [[0.20216873 0.22543548 0.17562592 0.200075   0.2028191 ]] 
Episode: 704: [[0.20213626 0.22545816 0.17563485 0.20010547 0.2028294 ]] 
Episode: 705: [[0.20210792 0.22548221 0.17564103 0.20013024 0.20283829]] 
Episode: 706: [[0.20208493 0.22550248 0.17564523 0.20014946 0.20284738]] 
Episode: 707: [[0.2020619  0.22552167 0.17565072 0.20016758 0.20285605]] 
Episode: 708: [[0.2020415  0.22553693 0.17565233 0.20018825 0.20286532]] 
Episode: 709: [[0.20201914 0.22554822 0.17565125 0.20021464 0.20287907]] 
Episode: 710: [[0.20199604 0.22555514 0.17565179 0.20024331 0.20289358]] 
Episode: 711: [[0.20197575 0.22556843 0.17564332 0.20026673 0.20291182]] 
Episode: 712: [[0.2019307  0.22559471 0.17561397 0.2003211  0.20296144]] 
Episode: 713: [[0.20189139 0.22561488 0.17558494 0.20037116 0.2030092 ]] 
Episode: 714: [[0.2018575  0.22563384 0.17555729 0.20041537 0.20305136]] 
Episode: 715: [[0.2018296  0.22565216 0.17553434 0.20045173 0.20308444]] 
Episode: 716: [[0.20181413 0.22567095 0.17550011 0.20047988 0.2031153 ]] 
Episode: 717: [[0.20180841 0.22568384 0.17546664 0.20050186 0.20313856]] 
Episode: 718: [[0.20179231 0.22570013 0.17543568 0.200536   0.20316288]] 
Episode: 719: [[0.20176807 0.22571425 0.17540112 0.20058016 0.20319825]] 
Episode: 720: [[0.20174353 0.22572924 0.17536987 0.20062388 0.20322955]] 
Episode: 721: [[0.20171243 0.22574127 0.17534448 0.20066807 0.20326719]] 
Episode: 722: [[0.20168671 0.22575158 0.17531995 0.20070703 0.20330022]] 
Episode: 723: [[0.20166266 0.22576076 0.17529395 0.20074369 0.20333478]] 
Episode: 724: [[0.20163944 0.22577196 0.17527373 0.20077576 0.20336309]] 
Episode: 725: [[0.20162149 0.22577982 0.17525157 0.20081088 0.2033848 ]] 
Episode: 726: [[0.20159863 0.22578785 0.1752335  0.20084992 0.20340651]] 
Episode: 727: [[0.20155549 0.22580443 0.17523035 0.20089497 0.2034331 ]] 
Episode: 728: [[0.20151678 0.22581585 0.17522869 0.20093614 0.20345809]] 
Episode: 729: [[0.20148745 0.22582433 0.17522581 0.20096986 0.20347713]] 
Episode: 730: [[0.20146304 0.22583488 0.17522117 0.20100181 0.20348929]] 
Episode: 731: [[0.20144406 0.22584508 0.17521235 0.20102997 0.20350035]] 
Episode: 732: [[0.20141928 0.22585385 0.17521015 0.20105885 0.20351431]] 
Episode: 733: [[0.20138904 0.22586341 0.17521068 0.20108986 0.20353188]] 
Episode: 734: [[0.20136143 0.2258735  0.17520624 0.2011221  0.20354907]] 
Episode: 735: [[0.20133466 0.22588438 0.17519242 0.20116004 0.20357008]] 
Episode: 736: [[0.20129403 0.22588295 0.17519498 0.20120588 0.20360021]] 
Episode: 737: [[0.20125757 0.22588497 0.17519243 0.20124705 0.2036299 ]] 
Episode: 738: [[0.20123956 0.2258819  0.17518778 0.20127444 0.20364642]] 
Episode: 739: [[0.20122388 0.22587618 0.17518109 0.20130202 0.20366344]] 
Episode: 740: [[0.20119515 0.22587542 0.1751824  0.20133774 0.20368241]] 
Episode: 741: [[0.2011714  0.22587405 0.17517923 0.20136997 0.2037014 ]] 
Episode: 742: [[0.20116788 0.22586921 0.17515683 0.20139386 0.20371796]] 
Episode: 743: [[0.20117933 0.22586095 0.17512201 0.2014108  0.20373197]] 
Episode: 744: [[0.20118345 0.22585514 0.17508896 0.20142995 0.2037525 ]] 
Episode: 745: [[0.20119402 0.22584973 0.17506498 0.20143881 0.20375964]] 
Episode: 746: [[0.20121786 0.22584169 0.17503132 0.20144081 0.2037631 ]] 
Episode: 747: [[0.20123722 0.22583364 0.17499296 0.20144846 0.203775  ]] 
Episode: 748: [[0.20128146 0.22581317 0.17491913 0.20144899 0.20379387]] 
Episode: 749: [[0.20132582 0.22579393 0.17484653 0.20144814 0.20381202]] 
Episode: 750: [[0.20136252 0.22577536 0.17477812 0.20145217 0.20383465]] 
Episode: 751: [[0.20139822 0.22577381 0.17467843 0.20146477 0.20387584]] 
Episode: 752: [[0.20143679 0.22576985 0.17457955 0.20147409 0.20391671]] 
Episode: 753: [[0.20147231 0.22576845 0.17449391 0.2014795  0.20394865]] 
Episode: 754: [[0.20151265 0.22576314 0.17441203 0.20148084 0.20397511]] 
Episode: 755: [[0.20152888 0.22577131 0.17432678 0.20149672 0.2040235 ]] 
Episode: 756: [[0.20156561 0.22577016 0.17424266 0.20149843 0.20405518]] 
Episode: 757: [[0.20158984 0.22576904 0.17416155 0.20151295 0.2040946 ]] 
Episode: 758: [[0.20160984 0.22576863 0.1740883  0.2015315  0.20412843]] 
Episode: 759: [[0.20162939 0.22577019 0.17402655 0.20154434 0.20415273]] 
Episode: 760: [[0.20164493 0.22577465 0.17396644 0.20156026 0.20417723]] 
Episode: 761: [[0.20166253 0.22578412 0.17392096 0.20156537 0.20418572]] 
Episode: 762: [[0.20168607 0.22579718 0.17386329 0.20156904 0.20419675]] 
Episode: 763: [[0.20169605 0.2257999  0.17380328 0.20158343 0.20423412]] 
Episode: 764: [[0.20170249 0.22580087 0.17374958 0.20159802 0.20427173]] 
Episode: 765: [[0.20171085 0.22580245 0.17369784 0.20160978 0.2043057 ]] 
Episode: 766: [[0.20170186 0.22581324 0.1736642  0.20162511 0.20433751]] 
Episode: 767: [[0.20169008 0.22582565 0.1736363  0.2016401  0.20436636]] 
Episode: 768: [[0.20167895 0.22584227 0.17361327 0.20165135 0.20438792]] 
Episode: 769: [[0.20166858 0.22586396 0.17359154 0.20165949 0.20440485]] 
Episode: 770: [[0.20164752 0.22588181 0.17357618 0.20167552 0.20442964]] 
Episode: 771: [[0.2016266  0.2259074  0.17356265 0.2016924  0.20444468]] 
Episode: 772: [[0.20160298 0.22593507 0.17355676 0.2017073  0.20445524]] 
Episode: 773: [[0.20158286 0.22596352 0.17354739 0.2017225  0.204463  ]] 
Episode: 774: [[0.20155604 0.22599581 0.17354786 0.2017424  0.20446359]] 
Episode: 775: [[0.20153281 0.22602327 0.17354833 0.20176092 0.20446338]] 
Episode: 776: [[0.20151585 0.22605103 0.17354257 0.20177543 0.20446278]] 
Episode: 777: [[0.20149164 0.22607788 0.17354058 0.2017957  0.20446642]] 
Episode: 778: [[0.20146906 0.22610255 0.17353848 0.20181465 0.20447034]] 
Episode: 779: [[0.2014459  0.22612283 0.17353918 0.20183432 0.20447525]] 
Episode: 780: [[0.20141305 0.22614284 0.1735438  0.20186272 0.20448539]] 
Episode: 781: [[0.20138186 0.2261648  0.17355014 0.20189042 0.20448948]] 
Episode: 782: [[0.20134746 0.2261898  0.17355381 0.20192143 0.20449698]] 
Episode: 783: [[0.20131546 0.22621274 0.17355189 0.20195259 0.20450857]] 
Episode: 784: [[0.20129335 0.2262344  0.17354497 0.20197697 0.20451571]] 
Episode: 785: [[0.20127022 0.22625579 0.17353779 0.20200345 0.20452343]] 
Episode: 786: [[0.20126136 0.22627303 0.17352445 0.2020199  0.20452566]] 
Episode: 787: [[0.20124969 0.22629236 0.17350872 0.20203836 0.20453213]] 
Episode: 788: [[0.20124902 0.22630414 0.1734877  0.20205176 0.20453657]] 
Episode: 789: [[0.20124418 0.22631809 0.17346428 0.20206848 0.20454642]] 
Episode: 790: [[0.20124297 0.22633037 0.17343353 0.20208502 0.20456028]] 
Episode: 791: [[0.20124081 0.22633976 0.1734027  0.20210323 0.20457703]] 
Episode: 792: [[0.20123775 0.2263489  0.1733735  0.20212121 0.2045938 ]] 
Episode: 793: [[0.20124088 0.2263564  0.17334923 0.20213164 0.20460173]] 
Episode: 794: [[0.20124657 0.22636393 0.17332315 0.20213917 0.20460975]] 
Episode: 795: [[0.20125014 0.22637007 0.17330147 0.2021449  0.20461899]] 
Episode: 796: [[0.20125273 0.22637445 0.17329195 0.2021474  0.2046198 ]] 
Episode: 797: [[0.20123662 0.22639288 0.17327173 0.202164   0.2046417 ]] 
Episode: 798: [[0.20121613 0.22641505 0.17326093 0.20218016 0.20465723]] 
Episode: 799: [[0.2011935  0.22644071 0.17324881 0.20219743 0.20467408]] 
Episode: 800: [[0.20116863 0.22646448 0.17323844 0.20221576 0.20469353]] 
Episode: 801: [[0.2011458  0.22648902 0.17322762 0.2022341  0.20470928]] 
Episode: 802: [[0.20112221 0.22651297 0.17321435 0.20225802 0.20472512]] 
Episode: 803: [[0.20109698 0.22653477 0.17320265 0.20228289 0.20474306]] 
Episode: 804: [[0.20108928 0.22654995 0.17319149 0.20229428 0.2047469 ]] 
Episode: 805: [[0.20109482 0.22656152 0.17317286 0.20229806 0.204746  ]] 
Episode: 806: [[0.2011006  0.22657375 0.17316584 0.20229556 0.20473568]] 
Episode: 807: [[0.20110513 0.22658698 0.17315666 0.20229377 0.20472863]] 
Episode: 808: [[0.20109227 0.22660697 0.17315443 0.2023086  0.20472397]] 
Episode: 809: [[0.20108014 0.22662425 0.17314981 0.202325   0.20472187]] 
Episode: 810: [[0.20106211 0.22664358 0.17314401 0.2023444  0.20472719]] 
Episode: 811: [[0.20104241 0.22665986 0.17312977 0.20236927 0.20474343]] 
Episode: 812: [[0.20102225 0.22667976 0.17310822 0.20239559 0.20476474]] 
Episode: 813: [[0.201008   0.22670011 0.17308928 0.2024149  0.20477809]] 
Episode: 814: [[0.20100912 0.22672859 0.17303947 0.20243393 0.20479484]] 
Episode: 815: [[0.20100802 0.22675644 0.17299454 0.20245466 0.20480879]] 
Episode: 816: [[0.20100722 0.22678284 0.1729537  0.20247294 0.20482065]] 
Episode: 817: [[0.20099619 0.22681166 0.17291631 0.20250086 0.20483606]] 
Episode: 818: [[0.2009838  0.22683829 0.17288126 0.20252946 0.2048524 ]] 
Episode: 819: [[0.2009734  0.22685948 0.1728408  0.20255527 0.20487875]] 
Episode: 820: [[0.20095943 0.22688307 0.17279342 0.20258504 0.20491417]] 
Episode: 821: [[0.20091939 0.22690949 0.1727463  0.20263648 0.20498042]] 
Episode: 822: [[0.20085621 0.22695115 0.17272569 0.2026955  0.2050363 ]] 
Episode: 823: [[0.20079742 0.22698914 0.17270972 0.20274875 0.20508638]] 
Episode: 824: [[0.20074455 0.22702385 0.17269304 0.20279747 0.20513298]] 
Episode: 825: [[0.2006845  0.22705744 0.17268431 0.20284948 0.20518064]] 
Episode: 826: [[0.20061815 0.22709595 0.17266686 0.20290895 0.20523873]] 
Episode: 827: [[0.20055823 0.22713658 0.17266047 0.2029562  0.20528038]] 
Episode: 828: [[0.20050697 0.22717454 0.17266436 0.20299108 0.20530693]] 
Episode: 829: [[0.20045744 0.22720848 0.17266607 0.20302562 0.20533644]] 
Episode: 830: [[0.20039858 0.22724853 0.1726574  0.20306998 0.20538077]] 
Episode: 831: [[0.20035723 0.22728282 0.17264779 0.20310108 0.2054114 ]] 
Episode: 832: [[0.20031373 0.2273114  0.1726287  0.20313935 0.20545556]] 
Episode: 833: [[0.20026536 0.22734465 0.1726235  0.2031781  0.20548734]] 
Episode: 834: [[0.2002267  0.22737877 0.17261821 0.20320971 0.20550731]] 
Episode: 835: [[0.20019801 0.22741011 0.17260234 0.20323661 0.20552847]] 
Episode: 836: [[0.20018002 0.22743687 0.17258437 0.2032562  0.2055433 ]] 
Episode: 837: [[0.20017017 0.227459   0.17256342 0.20327058 0.2055556 ]] 
Episode: 838: [[0.20015843 0.22748002 0.17254332 0.20328559 0.2055705 ]] 
Episode: 839: [[0.2001753  0.22748312 0.17248528 0.20330368 0.20560776]] 
Episode: 840: [[0.200193   0.22748947 0.17243977 0.20331317 0.20563146]] 
Episode: 841: [[0.20020445 0.22750027 0.17239583 0.20332563 0.20565663]] 
Episode: 842: [[0.2002233  0.22751419 0.17234822 0.20333122 0.20567502]] 
Episode: 843: [[0.20023806 0.2275273  0.1723032  0.20333844 0.20569567]] 
Episode: 844: [[0.2002576  0.22753775 0.17225872 0.20334186 0.2057118 ]] 
Episode: 845: [[0.2002771  0.22754857 0.17222661 0.2033384  0.20571774]] 
Episode: 846: [[0.20027646 0.22756273 0.17218484 0.20335284 0.20575164]] 
Episode: 847: [[0.20024861 0.2276033  0.17215973 0.20339641 0.2057904 ]] 
Episode: 848: [[0.20023376 0.22763541 0.17211197 0.20344034 0.20583732]] 
Episode: 849: [[0.2001967  0.22766826 0.17206112 0.20350032 0.20590964]] 
Episode: 850: [[0.20016871 0.22769837 0.17201473 0.2035496  0.20596951]] 
Episode: 851: [[0.20015147 0.22772361 0.17197119 0.20358819 0.20601797]] 
Episode: 852: [[0.20014276 0.22774637 0.17192952 0.20361821 0.20605652]] 
Episode: 853: [[0.20012943 0.22777079 0.17189611 0.2036491  0.20608948]] 
Episode: 854: [[0.200117   0.2277936  0.17186736 0.2036765  0.20611802]] 
Episode: 855: [[0.20011523 0.2278133  0.17182444 0.20370129 0.20614809]] 
Episode: 856: [[0.200099   0.22784565 0.17179379 0.20373139 0.20617262]] 
Episode: 857: [[0.20008743 0.22787441 0.17175767 0.20375828 0.20619996]] 
Episode: 858: [[0.20005912 0.22791098 0.1717379  0.20379339 0.20622297]] 
Episode: 859: [[0.20001845 0.22794692 0.17172521 0.20383462 0.20625381]] 
Episode: 860: [[0.19998954 0.22798069 0.17169988 0.2038709  0.2062841 ]] 
Episode: 861: [[0.19996336 0.2280129  0.17167912 0.20390187 0.2063091 ]] 
Episode: 862: [[0.19993654 0.2280428  0.17165905 0.2039331  0.20633544]] 
Episode: 863: [[0.19990455 0.22807989 0.17163935 0.20396638 0.20636205]] 
Episode: 864: [[0.19986737 0.22811139 0.17161807 0.20400573 0.2063987 ]] 
Episode: 865: [[0.1998339  0.22813964 0.17159821 0.20404111 0.20643266]] 
Episode: 866: [[0.1997956  0.22816506 0.17157643 0.20408128 0.2064753 ]] 
Episode: 867: [[0.19975767 0.22819231 0.1715481  0.2041243  0.20652074]] 
Episode: 868: [[0.19972463 0.22823444 0.17153251 0.20415534 0.2065394 ]] 
Episode: 869: [[0.19968154 0.22828068 0.17152102 0.2041941  0.20656073]] 
Episode: 870: [[0.19963786 0.22832395 0.17151283 0.20423242 0.20658174]] 
Episode: 871: [[0.19959328 0.22837138 0.17151305 0.20426862 0.20659246]] 
Episode: 872: [[0.19955769 0.22841409 0.171509   0.20429921 0.2066008 ]] 
Episode: 873: [[0.19952567 0.22845492 0.17150521 0.20432706 0.2066062 ]] 
Episode: 874: [[0.19948587 0.22849621 0.1715074  0.20435901 0.20661424]] 
Episode: 875: [[0.19944248 0.22854476 0.1715114  0.20439225 0.20661913]] 
Episode: 876: [[0.1993964  0.22859165 0.1715196  0.20442683 0.2066239 ]] 
Episode: 877: [[0.19934772 0.22863583 0.17153516 0.20446117 0.20662694]] 
Episode: 878: [[0.19929607 0.22867602 0.17155316 0.20449801 0.2066335 ]] 
Episode: 879: [[0.19923931 0.22871318 0.17155816 0.204546   0.20665751]] 
Episode: 880: [[0.19916946 0.22875763 0.17157322 0.20459789 0.20668347]] 
Episode: 881: [[0.19910459 0.22879882 0.17158732 0.20464525 0.20670818]] 
Episode: 882: [[0.19904037 0.22883558 0.17159575 0.20469654 0.20673881]] 
Episode: 883: [[0.19897203 0.22887132 0.17159498 0.20475873 0.20677929]] 
Episode: 884: [[0.19890615 0.22890265 0.17159322 0.20482075 0.20682034]] 
Episode: 885: [[0.19885254 0.22893025 0.17158791 0.20487438 0.20685406]] 
Episode: 886: [[0.19880866 0.2289505  0.17158023 0.20492214 0.20688447]] 
Episode: 887: [[0.19878191 0.22896588 0.171571   0.20495573 0.20690231]] 
Episode: 888: [[0.19875307 0.2289784  0.1715564  0.20499404 0.20692857]] 
Episode: 889: [[0.19872463 0.22899388 0.17154253 0.20503023 0.20695251]] 
Episode: 890: [[0.19869995 0.22900815 0.17152412 0.2050649  0.2069774 ]] 
Episode: 891: [[0.19867237 0.22901854 0.17150466 0.2051025  0.20700936]] 
Episode: 892: [[0.19864643 0.22903037 0.17148279 0.20513944 0.20704061]] 
Episode: 893: [[0.19861251 0.22903368 0.17145306 0.20518932 0.20709127]] 
Episode: 894: [[0.19857566 0.22904222 0.1714284  0.20523705 0.20713854]] 
Episode: 895: [[0.19854817 0.2290549  0.17140637 0.2052757  0.20717032]] 
Episode: 896: [[0.19850966 0.22905919 0.17138782 0.2053246  0.20721574]] 
Episode: 897: [[0.19847105 0.22906654 0.1713529  0.2053812  0.20727159]] 
Episode: 898: [[0.1984245  0.2290753  0.17133684 0.20543362 0.20732155]] 
Episode: 899: [[0.19838396 0.22908157 0.1713186  0.20548218 0.20736882]] 
Episode: 900: [[0.19836096 0.22907677 0.17128266 0.20552762 0.20741808]] 
Episode: 901: [[0.19834223 0.22907123 0.17124526 0.20557013 0.20746462]] 
Episode: 902: [[0.19829807 0.229077   0.17121084 0.20563598 0.207526  ]] 
Episode: 903: [[0.19825917 0.22908103 0.17117548 0.20569637 0.20758489]] 
Episode: 904: [[0.19822654 0.22908375 0.17113788 0.20575185 0.20764036]] 
Episode: 905: [[0.19819888 0.2290843  0.17110576 0.20579937 0.20768881]] 
Episode: 906: [[0.198165   0.22909002 0.17106313 0.20585656 0.20774797]] 
Episode: 907: [[0.1981233  0.22909763 0.17101488 0.20592217 0.20781857]] 
Episode: 908: [[0.19808389 0.22910374 0.17097133 0.20598313 0.20788456]] 
Episode: 909: [[0.19804369 0.2291132  0.17093037 0.2060422  0.20794761]] 
Episode: 910: [[0.19800833 0.2291242  0.17089462 0.2060937  0.20800093]] 
Episode: 911: [[0.19796196 0.22914286 0.17087229 0.2061474  0.20804973]] 
Episode: 912: [[0.19792724 0.22915739 0.17085116 0.20619047 0.20808879]] 
Episode: 913: [[0.1978931  0.22918116 0.17083657 0.20622845 0.20811562]] 
Episode: 914: [[0.19783516 0.22923145 0.17085093 0.20628622 0.2081451 ]] 
Episode: 915: [[0.19777964 0.22928055 0.17087455 0.20633401 0.20816526]] 
Episode: 916: [[0.19772871 0.22932617 0.17089699 0.20637667 0.20818283]] 
Episode: 917: [[0.19768475 0.22936727 0.17091398 0.20641509 0.20819908]] 
Episode: 918: [[0.19763462 0.22940531 0.17092533 0.20646138 0.20822643]] 
Episode: 919: [[0.197593   0.22944106 0.17093182 0.20650105 0.20824967]] 
Episode: 920: [[0.19754405 0.22948748 0.17094667 0.20654038 0.2082655 ]] 
Episode: 921: [[0.19749023 0.22954321 0.17096871 0.20657746 0.20827377]] 
Episode: 922: [[0.1974571  0.22958641 0.17098449 0.20660153 0.20827258]] 
Episode: 923: [[0.19740741 0.22963332 0.17100562 0.20663577 0.2082816 ]] 
Episode: 924: [[0.19736092 0.229675   0.17102435 0.20666918 0.20829152]] 
Episode: 925: [[0.19731732 0.22971433 0.1710424  0.20669977 0.2083002 ]] 
Episode: 926: [[0.19728203 0.22974586 0.17105655 0.20672631 0.20830756]] 
Episode: 927: [[0.19727696 0.2297564  0.17102842 0.20675917 0.20832968]] 
Episode: 928: [[0.19724695 0.22977965 0.17101188 0.20680363 0.20836079]] 
Episode: 929: [[0.19722566 0.22980098 0.17099848 0.20683742 0.20838164]] 
Episode: 930: [[0.19720449 0.2298226  0.17098555 0.20686984 0.20840138]] 
Episode: 931: [[0.19717233 0.22984585 0.17098062 0.20690584 0.20842582]] 
Episode: 932: [[0.1971355  0.22986405 0.17097713 0.20694616 0.2084565 ]] 
Episode: 933: [[0.19709283 0.22988476 0.17096467 0.20699722 0.20849635]] 
Episode: 934: [[0.19704649 0.2299079  0.17095649 0.20704778 0.20853531]] 
Episode: 935: [[0.19700672 0.22992985 0.17094794 0.20709155 0.20856883]] 
Episode: 936: [[0.1969667  0.22994858 0.17094202 0.20713465 0.20860225]] 
Episode: 937: [[0.196926   0.22996674 0.17093554 0.20717858 0.20863672]] 
Episode: 938: [[0.1968838  0.22998549 0.17092878 0.20722371 0.20867218]] 
Episode: 939: [[0.19687161 0.22999766 0.17088254 0.20726658 0.20870866]] 
Episode: 940: [[0.1968532  0.230013   0.17084756 0.20730717 0.20874158]] 
Episode: 941: [[0.19683166 0.2300297  0.1708185  0.2073459  0.20877306]] 
Episode: 942: [[0.19680654 0.23004793 0.17079015 0.20738682 0.20880663]] 
Episode: 943: [[0.19678208 0.23006283 0.17075929 0.2074298  0.20884278]] 
Episode: 944: [[0.19674972 0.2300781  0.17073046 0.20747885 0.20888506]] 
Episode: 945: [[0.1967222  0.23008767 0.17069764 0.20752674 0.20892885]] 
Episode: 946: [[0.196707   0.23009497 0.17066431 0.20756356 0.20896193]] 
Episode: 947: [[0.19670253 0.2300967  0.17062993 0.20759234 0.20898807]] 
Episode: 948: [[0.19667523 0.23009811 0.1705939  0.20764522 0.2090371 ]] 
Episode: 949: [[0.1966469  0.23010254 0.170561   0.20769572 0.20908354]] 
Episode: 950: [[0.19661242 0.23010708 0.17053276 0.20774992 0.20913213]] 
Episode: 951: [[0.19657916 0.23010732 0.17050074 0.20780551 0.20918527]] 
Episode: 952: [[0.1965536  0.23010612 0.17046495 0.20785645 0.20923404]] 
Episode: 953: [[0.1965195  0.23010652 0.17043741 0.20790967 0.20928499]] 
Episode: 954: [[0.19649449 0.23011062 0.17041701 0.20794837 0.20931986]] 
Episode: 955: [[0.19647059 0.23011723 0.17039952 0.20798306 0.20935042]] 
Episode: 956: [[0.19645599 0.23012628 0.17037705 0.20801121 0.20937361]] 
Episode: 957: [[0.19643955 0.23013505 0.170358   0.20803909 0.20939635]] 
Episode: 958: [[0.1964251  0.23013769 0.17033686 0.20806776 0.20942235]] 
Episode: 959: [[0.19640905 0.23013626 0.17031582 0.20809884 0.20945236]] 
Episode: 960: [[0.19640037 0.23013346 0.17029314 0.20812441 0.20947672]] 
Episode: 961: [[0.19639246 0.23013628 0.1702749  0.20814447 0.20949431]] 
Episode: 962: [[0.19637449 0.2301428  0.17026137 0.20817009 0.20951663]] 
Episode: 963: [[0.19635892 0.23014624 0.17024538 0.20819612 0.20953974]] 
Episode: 964: [[0.19635077 0.23014988 0.17022681 0.2082165  0.20955707]] 
Episode: 965: [[0.19633731 0.23015833 0.17021012 0.20823869 0.20957622]] 
Episode: 966: [[0.1963307  0.23016788 0.17018843 0.20825668 0.20959158]] 
Episode: 967: [[0.1963209  0.23018378 0.17017972 0.20826764 0.20959769]] 
Episode: 968: [[0.19630308 0.23020907 0.17017981 0.20827857 0.20960003]] 
Episode: 969: [[0.19628361 0.23023574 0.17018013 0.20829098 0.20960271]] 
Episode: 970: [[0.19626676 0.23025654 0.17017645 0.20830476 0.2096091 ]] 
Episode: 971: [[0.1962514  0.23027514 0.17016472 0.20832287 0.20962064]] 
Episode: 972: [[0.1962546  0.23028411 0.17013969 0.20833433 0.20962822]] 
Episode: 973: [[0.19624202 0.2302961  0.17011388 0.208361   0.20965002]] 
Episode: 974: [[0.19622788 0.23030499 0.17009386 0.20838605 0.2096716 ]] 
Episode: 975: [[0.19619343 0.23031887 0.17008209 0.20842429 0.20970501]] 
Episode: 976: [[0.1961611  0.23033153 0.17006953 0.20846096 0.20973782]] 
Episode: 977: [[0.19612935 0.23034565 0.17006156 0.20849389 0.20976599]] 
Episode: 978: [[0.19609809 0.23036274 0.17006011 0.2085219  0.20978707]] 
Episode: 979: [[0.19606707 0.23037446 0.1700513  0.20855549 0.20981629]] 
Episode: 980: [[0.19602914 0.23039868 0.17001    0.20861174 0.20986776]] 
Episode: 981: [[0.1959728  0.2304365  0.16998705 0.20867145 0.20991668]] 
Episode: 982: [[0.19592635 0.230473   0.16996402 0.20872171 0.20995677]] 
Episode: 983: [[0.19589204 0.23050609 0.16994269 0.20876005 0.20998557]] 
Episode: 984: [[0.19586387 0.23053707 0.1699179  0.20879506 0.21001193]] 
Episode: 985: [[0.1958202  0.2305747  0.16990414 0.20883593 0.21004288]] 
Episode: 986: [[0.19576886 0.23060529 0.1698982  0.20888059 0.21008095]] 
Episode: 987: [[0.19570285 0.23064551 0.16990079 0.20893371 0.21012072]] 
Episode: 988: [[0.1956528  0.23068053 0.1699007  0.20897447 0.2101493 ]] 
Episode: 989: [[0.19560537 0.23071079 0.16988537 0.20902275 0.21018901]] 
Episode: 990: [[0.19555713 0.2307373  0.16987169 0.20907186 0.21023057]] 
Episode: 991: [[0.19551271 0.23076148 0.16986199 0.20911534 0.21026698]] 
Episode: 992: [[0.1954701  0.2307848  0.1698454  0.20916061 0.21030758]] 
Episode: 993: [[0.19544314 0.23080234 0.16980805 0.20920487 0.21035053]] 
Episode: 994: [[0.19541661 0.23081942 0.1697725  0.20924732 0.21039236]] 
Episode: 995: [[0.19538206 0.23083739 0.16973363 0.2092993  0.21044408]] 
Episode: 996: [[0.19535255 0.23085505 0.16969799 0.20934506 0.21048819]] 
Episode: 997: [[0.19531001 0.2308813  0.16966975 0.20939738 0.21053463]] 
Episode: 998: [[0.19526464 0.23090978 0.169644   0.20944971 0.2105814 ]] 
Episode: 999: [[0.19521469 0.23093542 0.16962183 0.20950435 0.21063258]] 
Episode: 1000: [[0.19517529 0.23095667 0.16958556 0.20955805 0.21068598]] 
Episode: 1001: [[0.19512208 0.23097757 0.16956125 0.2096181  0.21074522]] 
Episode: 1002: [[0.19508275 0.23099521 0.16952677 0.20967154 0.21079968]] 
Episode: 1003: [[0.1950365  0.23101649 0.16951914 0.20971686 0.21083826]] 
Episode: 1004: [[0.19498469 0.23104057 0.16951342 0.2097656  0.21087955]] 
Episode: 1005: [[0.194925   0.23107617 0.16951457 0.20981641 0.21091592]] 
Episode: 1006: [[0.19487461 0.23111176 0.1695117  0.20986003 0.21094611]] 
Episode: 1007: [[0.1948183  0.23114961 0.16951992 0.20990318 0.21097238]] 
Episode: 1008: [[0.19476813 0.23118137 0.16952509 0.20994233 0.21099938]] 
Episode: 1009: [[0.19471233 0.2312176  0.16954495 0.2099796  0.21101683]] 
Episode: 1010: [[0.19466676 0.23125209 0.16956714 0.21000554 0.21102357]] 
Episode: 1011: [[0.19462803 0.2312844  0.16958192 0.21002969 0.21103008]] 
Episode: 1012: [[0.19458577 0.2313212  0.16960676 0.21005031 0.21103007]] 
Episode: 1013: [[0.19454384 0.23135597 0.16963397 0.2100695  0.21102941]] 
Episode: 1014: [[0.19448733 0.23139429 0.1696738  0.21009406 0.21103288]] 
Episode: 1015: [[0.1944442  0.23142727 0.16970095 0.21011437 0.21103522]] 
Episode: 1016: [[0.19440264 0.2314617  0.16973037 0.2101308  0.21103393]] 
Episode: 1017: [[0.19436449 0.23150168 0.16976504 0.21014024 0.2110212 ]] 
Episode: 1018: [[0.19433491 0.23153745 0.1697883  0.210149   0.2110107 ]] 
Episode: 1019: [[0.19429475 0.23157331 0.16981716 0.21016459 0.21100707]] 
Episode: 1020: [[0.19424886 0.23161869 0.169854   0.2101806  0.21099617]] 
Episode: 1021: [[0.1942085  0.23165885 0.16988441 0.21019575 0.21098788]] 
Episode: 1022: [[0.1941724  0.23169382 0.16990611 0.21021299 0.21098492]] 
Episode: 1023: [[0.19413005 0.23173353 0.1699284  0.21023585 0.21098417]] 
Episode: 1024: [[0.1940978  0.23176883 0.16993845 0.21025692 0.21098492]] 
Episode: 1025: [[0.1940659  0.23180194 0.16994615 0.21027891 0.2109889 ]] 
Episode: 1026: [[0.19403616 0.2318323  0.1699615  0.21029581 0.21098608]] 
Episode: 1027: [[0.19401525 0.23185886 0.16997269 0.21030723 0.21097973]] 
Episode: 1028: [[0.19399388 0.2318891  0.1699852  0.21031637 0.2109715 ]] 
Episode: 1029: [[0.1939745  0.23191784 0.16999607 0.21032453 0.21096371]] 
Episode: 1030: [[0.19394968 0.2319468  0.17001249 0.21033393 0.21095785]] 
Episode: 1031: [[0.19390593 0.23198788 0.17004664 0.21034856 0.210951  ]] 
Episode: 1032: [[0.19386184 0.2320246  0.17007807 0.21036689 0.21094866]] 
Episode: 1033: [[0.19380893 0.23206878 0.17011046 0.21039222 0.21094957]] 
Episode: 1034: [[0.19375457 0.23211157 0.1701424  0.21041901 0.21095364]] 
Episode: 1035: [[0.19370137 0.23215199 0.17016318 0.21045193 0.21096605]] 
Episode: 1036: [[0.19365507 0.23219109 0.17018421 0.2104784  0.21097188]] 
Episode: 1037: [[0.1936238  0.2322216  0.1702     0.21049576 0.210971  ]] 
Episode: 1038: [[0.19359864 0.23225254 0.17021641 0.21050599 0.21096365]] 
Episode: 1039: [[0.19358763 0.23227657 0.17022894 0.21050666 0.21094854]] 
Episode: 1040: [[0.193582   0.23229265 0.17023797 0.21050525 0.210936  ]] 
Episode: 1041: [[0.1935845  0.23229626 0.17023286 0.21050853 0.21093203]] 
Episode: 1042: [[0.19358455 0.2322918  0.17021962 0.21052125 0.2109413 ]] 
Episode: 1043: [[0.19357742 0.23229332 0.17020264 0.21054406 0.2109551 ]] 
Episode: 1044: [[0.19357146 0.23230018 0.17017488 0.21057123 0.21097204]] 
Episode: 1045: [[0.19357572 0.2323067  0.17014958 0.21058644 0.21097729]] 
Episode: 1046: [[0.19359209 0.23230863 0.1701123  0.21059868 0.21098113]] 
Episode: 1047: [[0.1936105  0.23230676 0.17007211 0.21061106 0.21098772]] 
Episode: 1048: [[0.19362113 0.23230869 0.17005105 0.21061692 0.21098758]] 
Episode: 1049: [[0.19363052 0.23231058 0.17003377 0.2106211  0.2109865 ]] 
Episode: 1050: [[0.1936501  0.23231004 0.17000417 0.2106238  0.21098495]] 
Episode: 1051: [[0.19366051 0.23231277 0.1699773  0.21063222 0.21098955]] 
Episode: 1052: [[0.19366074 0.2323259  0.16995576 0.21064448 0.21099478]] 
Episode: 1053: [[0.19364963 0.23234302 0.16993697 0.21066546 0.21100703]] 
Episode: 1054: [[0.19364272 0.23236144 0.16992062 0.21068019 0.21101269]] 
Episode: 1055: [[0.19364369 0.23237959 0.16990459 0.21068677 0.21101037]] 
Episode: 1056: [[0.19364499 0.23238786 0.1698854  0.21069746 0.21101595]] 
Episode: 1057: [[0.19364822 0.23239087 0.16986765 0.21070589 0.21102233]] 
Episode: 1058: [[0.19365425 0.23238434 0.16984855 0.21071413 0.2110331 ]] 
Episode: 1059: [[0.19366246 0.23238201 0.16982673 0.21072163 0.21104042]] 
Episode: 1060: [[0.19367434 0.23238203 0.16980745 0.21072298 0.211041  ]] 
Episode: 1061: [[0.19367436 0.23238379 0.16978486 0.21073756 0.21105516]] 
Episode: 1062: [[0.19368027 0.2323854  0.16975749 0.21074982 0.21106634]] 
Episode: 1063: [[0.1936911  0.23238839 0.1697333  0.2107547  0.21106948]] 
Episode: 1064: [[0.19369599 0.23239389 0.16970709 0.21076664 0.21107818]] 
Episode: 1065: [[0.19369213 0.23239398 0.16967237 0.21079543 0.21110387]] 
Episode: 1066: [[0.19369076 0.23239286 0.16963679 0.21082243 0.21112846]] 
Episode: 1067: [[0.1936869  0.23239279 0.16960159 0.21085192 0.21115428]] 
Episode: 1068: [[0.19367577 0.23240249 0.16957249 0.2108809  0.21117853]] 
Episode: 1069: [[0.19367336 0.23240837 0.16954544 0.21090104 0.2111946 ]] 
Episode: 1070: [[0.19366878 0.23241575 0.16951627 0.21092425 0.2112135 ]] 
Episode: 1071: [[0.19366676 0.23242357 0.16948396 0.21094672 0.21123181]] 
Episode: 1072: [[0.1936657  0.23243985 0.16945584 0.2109632  0.2112413 ]] 
Episode: 1073: [[0.19366774 0.23245378 0.16943161 0.21097465 0.21124639]] 
Episode: 1074: [[0.19366382 0.23247392 0.16941355 0.21098553 0.2112503 ]] 
Episode: 1075: [[0.19366503 0.23249364 0.16939501 0.21099178 0.21124955]] 
Episode: 1076: [[0.19363822 0.23253773 0.16939826 0.211012   0.21125951]] 
Episode: 1077: [[0.19360098 0.23259011 0.16941664 0.21102838 0.211265  ]] 
Episode: 1078: [[0.19356798 0.23264004 0.16942996 0.21104395 0.21126997]] 
Episode: 1079: [[0.1935166  0.23269811 0.1694511  0.21107091 0.2112822 ]] 
Episode: 1080: [[0.19346534 0.23275648 0.16946776 0.21109986 0.21129656]] 
Episode: 1081: [[0.1934147  0.23281431 0.16948116 0.2111293  0.2113127 ]] 
Episode: 1082: [[0.19337323 0.23286547 0.16948938 0.21115488 0.21132578]] 
Episode: 1083: [[0.1933274  0.23292129 0.16950056 0.21118096 0.21133828]] 
Episode: 1084: [[0.1932876  0.23295371 0.16950434 0.21121228 0.2113625 ]] 
Episode: 1085: [[0.19326116 0.23297115 0.16948931 0.21124832 0.21139263]] 
Episode: 1086: [[0.19323601 0.23298134 0.16947177 0.21128735 0.21142624]] 
Episode: 1087: [[0.19321875 0.23297603 0.16944335 0.21133104 0.21146682]] 
Episode: 1088: [[0.19320396 0.23297419 0.16941646 0.21136993 0.21150155]] 
Episode: 1089: [[0.19319022 0.23296115 0.16937718 0.21142034 0.21154869]] 
Episode: 1090: [[0.193196   0.232945   0.16933231 0.21145542 0.21158126]] 
Episode: 1091: [[0.19321513 0.23292792 0.16928829 0.21147624 0.21160008]] 
Episode: 1092: [[0.19320449 0.2329434  0.16926318 0.21152855 0.21163799]] 
Episode: 1093: [[0.19317465 0.23295836 0.16925071 0.21158913 0.21168548]] 
Episode: 1094: [[0.19314691 0.23297063 0.16923554 0.21164867 0.21173151]] 
Episode: 1095: [[0.19310759 0.23299025 0.16922726 0.21171111 0.21177888]] 
Episode: 1096: [[0.19307296 0.233005   0.16920848 0.21177621 0.21182892]] 
Episode: 1097: [[0.19304076 0.23301828 0.16915722 0.21186112 0.21189608]] 
Episode: 1098: [[0.19300917 0.23303498 0.16911097 0.21193835 0.21195698]] 
Episode: 1099: [[0.19299279 0.23304932 0.16906992 0.21199563 0.21199933]] 
Episode: 1100: [[0.19297336 0.2330644  0.16903627 0.21204859 0.21203917]] 
Episode: 1101: [[0.19296256 0.23307836 0.16900788 0.21208814 0.21206671]] 
Episode: 1102: [[0.1929462  0.23309273 0.16898882 0.21212445 0.21209382]] 
Episode: 1103: [[0.19293782 0.23310992 0.16896637 0.21215354 0.21211243]] 
Episode: 1104: [[0.19293381 0.23312432 0.16894566 0.21217641 0.21212688]] 
Episode: 1105: [[0.19293506 0.23312706 0.16892433 0.21219763 0.21214198]] 
Episode: 1106: [[0.19294147 0.23312818 0.1688973  0.21221718 0.21215612]] 
Episode: 1107: [[0.19294235 0.23313065 0.16887562 0.21223655 0.21217202]] 
Episode: 1108: [[0.1929456  0.2331391  0.1688641  0.21224368 0.21217543]] 
Episode: 1109: [[0.19294293 0.23315386 0.16886137 0.21224709 0.21217611]] 
Episode: 1110: [[0.19293648 0.23316874 0.16887136 0.21224438 0.21217246]] 
Episode: 1111: [[0.19291185 0.23318568 0.16888909 0.21225394 0.21218064]] 
Episode: 1112: [[0.19289468 0.23320012 0.16890375 0.21225864 0.2121842 ]] 
Episode: 1113: [[0.19288088 0.23321545 0.1689161  0.212261   0.21218501]] 
Episode: 1114: [[0.19288085 0.23322748 0.16892499 0.21225283 0.21217543]] 
Episode: 1115: [[0.1928642  0.23322542 0.16894306 0.21226117 0.2121829 ]] 
Episode: 1116: [[0.1928462  0.23320757 0.1689471  0.21228653 0.21220835]] 
Episode: 1117: [[0.19284503 0.23318402 0.16894212 0.21230279 0.21222539]] 
Episode: 1118: [[0.1928464  0.23316333 0.16893633 0.21231534 0.2122392 ]] 
Episode: 1119: [[0.19284348 0.23315164 0.16893043 0.21232828 0.21225315]] 
Episode: 1120: [[0.19284809 0.23313788 0.16891162 0.2123439  0.2122682 ]] 
Episode: 1121: [[0.19286442 0.23311925 0.1688729  0.21236429 0.21228579]] 
Episode: 1122: [[0.19288178 0.2330899  0.16882297 0.21239664 0.2123139 ]] 
Episode: 1123: [[0.19289371 0.2330675  0.16878323 0.21242383 0.21233802]] 
Episode: 1124: [[0.19287968 0.23306133 0.16874452 0.21247183 0.21237837]] 
Episode: 1125: [[0.19286053 0.23305677 0.16870172 0.21252808 0.21242492]] 
Episode: 1126: [[0.19284508 0.23303756 0.16865467 0.21258712 0.2124792 ]] 
Episode: 1127: [[0.19283849 0.23301917 0.16859722 0.21264417 0.21253075]] 
Episode: 1128: [[0.19283156 0.23300941 0.168543   0.21269622 0.212576  ]] 
Episode: 1129: [[0.19279903 0.23302661 0.16850252 0.2127558  0.21262391]] 
Episode: 1130: [[0.19276428 0.2330452  0.16847067 0.2128102  0.21266848]] 
Episode: 1131: [[0.1927353  0.23306522 0.16844323 0.21285452 0.21270394]] 
Episode: 1132: [[0.19270948 0.23308954 0.16841806 0.21289212 0.21273269]] 
Episode: 1133: [[0.19270179 0.23310485 0.16839178 0.21291503 0.21274841]] 
Episode: 1134: [[0.19269095 0.23312151 0.1683699  0.2129376  0.21276374]] 
Episode: 1135: [[0.19267465 0.23314665 0.16835704 0.21295595 0.21277475]] 
Episode: 1136: [[0.19266126 0.23316948 0.16834341 0.21297258 0.21278454]] 
Episode: 1137: [[0.19265124 0.23319098 0.16832578 0.21298906 0.21279408]] 
Episode: 1138: [[0.19264191 0.23321275 0.16831349 0.21300088 0.21279939]] 
Episode: 1139: [[0.19263569 0.23322429 0.16829874 0.21301512 0.21280825]] 
Episode: 1140: [[0.19262914 0.23324265 0.16828433 0.21302637 0.21281414]] 
Episode: 1141: [[0.19260974 0.23327799 0.1682887  0.21303208 0.21281168]] 
Episode: 1142: [[0.19260366 0.23330486 0.16828153 0.21303536 0.2128074 ]] 
Episode: 1143: [[0.1925901  0.23333003 0.16827573 0.21304654 0.21281026]] 
Episode: 1144: [[0.19257392 0.2333585  0.1682706  0.2130584  0.21281394]] 
Episode: 1145: [[0.19253354 0.23337296 0.16825615 0.21310984 0.21285263]] 
Episode: 1146: [[0.19248931 0.23338903 0.1682396  0.21316601 0.21289572]] 
Episode: 1147: [[0.19243947 0.23339896 0.16822517 0.2132283  0.21294655]] 
Episode: 1148: [[0.19239715 0.23340704 0.16820945 0.2132835  0.21299233]] 
Episode: 1149: [[0.19234486 0.23343143 0.16821134 0.21332967 0.21302956]] 
Episode: 1150: [[0.19228956 0.23344143 0.16820566 0.21338795 0.21308304]] 
Episode: 1151: [[0.19224337 0.23344693 0.16818911 0.21344745 0.21313545]] 
Episode: 1152: [[0.1921938  0.23346561 0.16817828 0.21350187 0.21318069]] 
Episode: 1153: [[0.1921406  0.23348288 0.16817315 0.21355611 0.2132271 ]] 
Episode: 1154: [[0.19209635 0.23350073 0.1681717  0.21359827 0.21326186]] 
Episode: 1155: [[0.19205976 0.23352227 0.16817126 0.21363038 0.21328649]] 
Episode: 1156: [[0.19202812 0.23354304 0.16816474 0.21366188 0.21331039]] 
Episode: 1157: [[0.19199432 0.23356442 0.16815576 0.21369767 0.21333726]] 
Episode: 1158: [[0.19195373 0.23358704 0.16814494 0.2137412  0.21337159]] 
Episode: 1159: [[0.19191124 0.23361026 0.1681394  0.21378186 0.21340495]] 
Episode: 1160: [[0.1918802  0.23362859 0.16812964 0.2138153  0.21343207]] 
Episode: 1161: [[0.19183885 0.23364656 0.16812572 0.21385564 0.2134659 ]] 
Episode: 1162: [[0.19179648 0.23366216 0.1681212  0.21389826 0.21350238]] 
Episode: 1163: [[0.19175081 0.23368053 0.16811918 0.21394049 0.21354009]] 
Episode: 1164: [[0.1917178  0.23369592 0.16809852 0.21398441 0.21357791]] 
Episode: 1165: [[0.19168499 0.23371886 0.16807894 0.21402556 0.21361025]] 
Episode: 1166: [[0.19164912 0.23374854 0.16806394 0.21406509 0.21363859]] 
Episode: 1167: [[0.19162889 0.23374644 0.16802679 0.21411644 0.21368076]] 
Episode: 1168: [[0.19160369 0.23374645 0.16799258 0.21416984 0.21372516]] 
Episode: 1169: [[0.19157286 0.2337543  0.16796803 0.21421926 0.21376523]] 
Episode: 1170: [[0.1915459  0.23376289 0.167953   0.21425731 0.2137953 ]] 
Episode: 1171: [[0.1915111  0.23378216 0.16793731 0.21430062 0.21382777]] 
Episode: 1172: [[0.19145206 0.2338591  0.16794968 0.21439655 0.21390063]] 
Episode: 1173: [[0.19139756 0.23392133 0.16795261 0.21449155 0.2139771 ]] 
Episode: 1174: [[0.19134398 0.23397668 0.16796051 0.21457785 0.2140479 ]] 
Episode: 1175: [[0.19128959 0.23403372 0.16797586 0.21465372 0.21410868]] 
Episode: 1176: [[0.19123583 0.2340845  0.16798027 0.21473397 0.214174  ]] 
Episode: 1177: [[0.19119105 0.2341308  0.16798392 0.21480268 0.21422903]] 
Episode: 1178: [[0.19115813 0.234171   0.16798198 0.21486095 0.2142755 ]] 
Episode: 1179: [[0.19114779 0.23419677 0.1679413  0.21492691 0.21432653]] 
Episode: 1180: [[0.19113372 0.23422633 0.16790506 0.2149886  0.21437365]] 
Episode: 1181: [[0.19112226 0.2342547  0.16787294 0.2150419  0.21441367]] 
Episode: 1182: [[0.19111821 0.23428325 0.16782734 0.21509501 0.21445183]] 
Episode: 1183: [[0.19110775 0.2343162  0.16778985 0.21514481 0.21448684]] 
Episode: 1184: [[0.19109629 0.23434848 0.16775492 0.21519235 0.21451914]] 
Episode: 1185: [[0.1910779  0.23437494 0.16773008 0.21523969 0.21455346]] 
Episode: 1186: [[0.1910511  0.23440781 0.16771957 0.2152821  0.21458158]] 
Episode: 1187: [[0.1910045  0.23445857 0.16771987 0.21533076 0.21461052]] 
Episode: 1188: [[0.1909608  0.23450926 0.16771637 0.21537791 0.21463755]] 
Episode: 1189: [[0.1909238  0.23455784 0.16771011 0.2154199  0.21465927]] 
Episode: 1190: [[0.19088814 0.23460057 0.16770719 0.21545857 0.21467999]] 
Episode: 1191: [[0.19084863 0.2346478  0.16771683 0.21549006 0.21469292]] 
Episode: 1192: [[0.1908267  0.23468743 0.1677064  0.21551947 0.21470423]] 
Episode: 1193: [[0.19081071 0.23472251 0.1676791  0.21555519 0.21472226]] 
Episode: 1194: [[0.19078185 0.23476352 0.16767313 0.21558665 0.21473537]] 
Episode: 1195: [[0.19074197 0.23480088 0.16767685 0.21562248 0.21475525]] 
Episode: 1196: [[0.19070455 0.2348369  0.16767934 0.21565606 0.21477398]] 
Episode: 1197: [[0.19064935 0.2348817  0.16769007 0.21569824 0.21480052]] 
Episode: 1198: [[0.19060925 0.23492093 0.16767919 0.2157417  0.21482821]] 
Episode: 1199: [[0.19057444 0.23494983 0.16766456 0.21578489 0.2148586 ]] 
Episode: 1200: [[0.19053225 0.23498358 0.16765325 0.21583113 0.21489143]] 
