Episode: 1: [[0.001 0.    0.    0.    0.    0.   ]
 [0.001 0.    0.    0.    0.    0.   ]
 [0.001 0.    0.    0.    0.    0.   ]] 
Episode: 2: [[ 1.008000e-03  8.000000e-06 -7.999999e-06  7.999999e-06 -7.999999e-06
  -7.999999e-06]
 [ 1.008000e-03  8.000000e-06 -8.000000e-06  7.999999e-06 -7.999999e-06
  -7.999999e-06]
 [ 1.008000e-03  8.000000e-06 -7.999999e-06  7.999999e-06 -7.999999e-06
  -8.000000e-06]] 
Episode: 3: [[ 1.0159990e-03  1.6010184e-05 -1.5677610e-05  3.6046731e-06
  -1.5800557e-05 -1.5958007e-05]
 [ 1.0160048e-03  1.6008587e-05 -1.5626114e-05  3.7357697e-06
  -1.5803151e-05 -1.5967877e-05]
 [ 1.0160072e-03  1.6007083e-05 -1.5589894e-05  3.7731465e-06
  -1.5802112e-05 -1.5973079e-05]] 
Episode: 4: [[ 1.01093634e-03  1.09331550e-05 -2.08100355e-05 -1.51042377e-06
  -1.06987873e-05 -1.08734421e-05]
 [ 1.01094390e-03  1.09324610e-05 -2.07614121e-05 -1.37915254e-06
  -1.07010328e-05 -1.08834683e-05]
 [ 1.01094740e-03  1.09316770e-05 -2.07256089e-05 -1.34178322e-06
  -1.07000305e-05 -1.08890026e-05]] 
Episode: 5: [[ 1.0067360e-03  7.0244855e-06 -2.5023672e-05 -5.6959120e-06
  -6.3424704e-06 -6.9614816e-06]
 [ 1.0067002e-03  7.0466504e-06 -2.4961893e-05 -5.5681621e-06
  -6.0855136e-06 -7.1834070e-06]
 [ 1.0066997e-03  7.0531992e-06 -2.4925650e-05 -5.5318246e-06
  -6.0566808e-06 -7.2196876e-06]] 
Episode: 6: [[ 1.0031977e-03  3.7203465e-06 -2.8591710e-05 -9.2390310e-06
  -2.6649316e-06 -3.6668316e-06]
 [ 1.0031257e-03  3.7619691e-06 -2.8519566e-05 -9.1143011e-06
  -2.1886326e-06 -4.0677619e-06]
 [ 1.0031221e-03  3.7746818e-06 -2.8482955e-05 -9.0788690e-06
  -2.1362700e-06 -4.1300841e-06]] 
Episode: 7: [[ 1.0001630e-03  8.8019920e-07 -3.1674826e-05 -1.2291776e-05
   4.9777049e-07 -8.3667726e-07]
 [ 1.0000602e-03  9.3873484e-07 -3.1594707e-05 -1.2169609e-05
   1.1634904e-06 -1.3919375e-06]
 [ 1.0000542e-03  9.5690325e-07 -3.1557905e-05 -1.2134937e-05
   1.2361303e-06 -1.4768285e-06]] 
Episode: 8: [[ 9.9753460e-04 -1.5910103e-06 -3.4388926e-05 -1.4953788e-05
   3.2578705e-06  1.6269651e-06]
 [ 9.9740596e-04 -1.5173891e-06 -3.4304776e-05 -1.4833742e-05
   4.0890850e-06  9.3681444e-07]
 [ 9.9739851e-04 -1.4941912e-06 -3.4268520e-05 -1.4799616e-05
   4.1794251e-06  8.3205288e-07]] 
Episode: 9: [[ 9.9523528e-04 -3.7503016e-06 -3.6793783e-05 -1.7300054e-05
   5.6883387e-06  3.7874861e-06]
 [ 9.9508499e-04 -3.6625079e-06 -3.6708188e-05 -1.7181887e-05
   6.6655775e-06  2.9781386e-06]
 [ 9.9507719e-04 -3.6341808e-06 -3.6673009e-05 -1.7148232e-05
   6.7715077e-06  2.8555523e-06]] 
Episode: 10: [[ 9.9322665e-04 -5.6413569e-06 -3.8959228e-05 -1.9390167e-05
   7.8441681e-06  5.6896893e-06]
 [ 9.9305972e-04 -5.5397168e-06 -3.8877941e-05 -1.9274297e-05
   8.9511004e-06  4.7739945e-06]
 [ 9.9305320e-04 -5.5058144e-06 -3.8845494e-05 -1.9241419e-05
   9.0708663e-06  4.6350647e-06]] 
Episode: 11: [[ 9.91460169e-04 -7.31961018e-06 -4.09046188e-05 -2.12592040e-05
   9.76599858e-06  7.37562323e-06]
 [ 9.91280773e-04 -7.20508751e-06 -4.08302149e-05 -2.11459137e-05
   1.09887469e-05  6.36448294e-06]
 [ 9.91277047e-04 -7.16582053e-06 -4.08013439e-05 -2.11139686e-05
   1.11208465e-05  6.21049958e-06]] 
Episode: 12: [[ 9.8990544e-04 -8.7989738e-06 -4.2669664e-05 -2.2934455e-05
   1.1486444e-05  8.8744091e-06]
 [ 9.8971778e-04 -8.6711525e-06 -4.2606207e-05 -2.2823679e-05
   1.2813091e-05  7.7770264e-06]
 [ 9.8971848e-04 -8.6257078e-06 -4.2582404e-05 -2.2792616e-05
   1.2956250e-05  7.6089786e-06]] 
Episode: 13: [[ 9.8853186e-04 -1.0112138e-05 -4.4267523e-05 -2.4440013e-05
   1.3033218e-05  1.0211094e-05]
 [ 9.8833907e-04 -9.9712124e-06 -4.4216296e-05 -2.4331499e-05
   1.4453304e-05  9.0356152e-06]
 [ 9.8834524e-04 -9.9192848e-06 -4.4197990e-05 -2.4301185e-05
   1.4606429e-05  8.8544148e-06]] 
Episode: 14: [[ 9.8731974e-04 -1.1284748e-05 -4.5729306e-05 -2.5794860e-05
   1.4426257e-05  1.1407025e-05]
 [ 9.8712521e-04 -1.1131279e-05 -4.5694251e-05 -2.5688340e-05
   1.5930642e-05  1.0160563e-05]
 [ 9.8713825e-04 -1.1072883e-05 -4.5683148e-05 -2.5658524e-05
   1.6092748e-05  9.9670215e-06]] 
Episode: 15: [[ 9.8625489e-04 -1.2325063e-05 -4.7091358e-05 -2.7010943e-05
   1.5686186e-05  1.2479115e-05]
 [ 9.8606129e-04 -1.2159113e-05 -4.7078905e-05 -2.6905533e-05
   1.7266681e-05  1.1168063e-05]
 [ 9.8608260e-04 -1.2093879e-05 -4.7077512e-05 -2.6875645e-05
   1.7436945e-05  1.0962960e-05]] 
Episode: 16: [[ 9.8531833e-04 -1.3248627e-05 -4.8351172e-05 -2.8113071e-05
   1.6825759e-05  1.3439873e-05]
 [ 9.8512846e-04 -1.3070054e-05 -4.8364836e-05 -2.8008897e-05
   1.8475172e-05  1.2069765e-05]
 [ 9.8515919e-04 -1.2997570e-05 -4.8374623e-05 -2.7979044e-05
   1.8652830e-05  1.1853681e-05]] 
Episode: 17: [[ 9.84497718e-04 -1.40716893e-05 -4.95191198e-05 -2.91156957e-05
   1.78603586e-05  1.43004745e-05]
 [ 9.84314131e-04 -1.38807518e-05 -4.95616951e-05 -2.90130756e-05
   1.95721841e-05  1.28762067e-05]
 [ 9.84355458e-04 -1.38008972e-05 -4.95837885e-05 -2.89835334e-05
   1.97566078e-05  1.26496179e-05]] 
Episode: 18: [[ 9.8376430e-04 -1.4801197e-05 -5.0594317e-05 -3.0020741e-05
   1.8796516e-05  1.5075048e-05]
 [ 9.8358898e-04 -1.4596144e-05 -5.0669561e-05 -2.9919045e-05
   2.0564972e-05  1.3600942e-05]
 [ 9.8364160e-04 -1.4507624e-05 -5.0706134e-05 -2.9889286e-05
   2.0755451e-05  1.3364291e-05]] 
Episode: 19: [[ 9.8311342e-04 -1.5456842e-05 -5.1595194e-05 -3.0844494e-05
   1.9647445e-05  1.5773958e-05]
 [ 9.8294707e-04 -1.5238542e-05 -5.1704919e-05 -3.0743839e-05
   2.1467311e-05  1.4254292e-05]
 [ 9.8301109e-04 -1.5141764e-05 -5.1756702e-05 -3.0714011e-05
   2.1663318e-05  1.4008241e-05]] 
Episode: 20: [[ 9.8255521e-04 -1.6037671e-05 -5.2536107e-05 -3.1596541e-05
   2.0421288e-05  1.6400267e-05]
 [ 9.8240050e-04 -1.5806270e-05 -5.2684172e-05 -3.1497282e-05
   2.2287875e-05  1.4838615e-05]
 [ 9.8247745e-04 -1.5701156e-05 -5.2752708e-05 -3.1467644e-05
   2.2488939e-05  1.4583522e-05]] 
Episode: 21: [[ 9.8207965e-04 -1.6539883e-05 -5.3420306e-05 -3.2265118e-05
   2.1124290e-05  1.6959058e-05]
 [ 9.8194042e-04 -1.6293434e-05 -5.3611566e-05 -3.2164877e-05
   2.3033410e-05  1.5358024e-05]
 [ 9.8203251e-04 -1.6178414e-05 -5.3699394e-05 -3.2133714e-05
   2.3239083e-05  1.5093788e-05]] 
Episode: 22: [[ 9.8168280e-04 -1.6967917e-05 -5.4269483e-05 -3.2857421e-05
   2.1764499e-05  1.7456852e-05]
 [ 9.8156231e-04 -1.6705251e-05 -5.4511234e-05 -3.2754229e-05
   2.3712373e-05  1.5818996e-05]
 [ 9.8167139e-04 -1.6579266e-05 -5.4621793e-05 -3.2720152e-05
   2.3922314e-05  1.5545660e-05]] 
Episode: 23: [[ 9.8135194e-04 -1.7327764e-05 -5.5074870e-05 -3.3382890e-05
   2.2347998e-05  1.7898154e-05]
 [ 9.8125264e-04 -1.7047198e-05 -5.5370856e-05 -3.3275228e-05
   2.4331184e-05  1.6225644e-05]
 [ 9.8138023e-04 -1.6908771e-05 -5.5505992e-05 -3.3237149e-05
   2.4545085e-05  1.5943111e-05]] 
Episode: 24: [[ 9.8107406e-04 -1.7649067e-05 -5.5835753e-05 -3.3861619e-05
   2.2880646e-05  1.8293267e-05]
 [ 9.8099653e-04 -1.7351951e-05 -5.6186782e-05 -3.3750013e-05
   2.4895955e-05  1.6588727e-05]
 [ 9.8114286e-04 -1.7201939e-05 -5.6346733e-05 -3.3708340e-05
   2.5113517e-05  1.6297408e-05]] 
Episode: 25: [[ 9.8083704e-04 -1.7922539e-05 -5.6552464e-05 -3.4290879e-05
   2.3362723e-05  1.8646613e-05]
 [ 9.8078302e-04 -1.7607243e-05 -5.6962461e-05 -3.4174540e-05
   2.5407264e-05  1.6911907e-05]
 [ 9.8094891e-04 -1.7444394e-05 -5.7149864e-05 -3.4128727e-05
   2.5628022e-05  1.6611844e-05]] 
Episode: 26: [[ 9.8065834e-04 -1.8145929e-05 -5.7236215e-05 -3.4673274e-05
   2.3802120e-05  1.8956411e-05]
 [ 9.8063238e-04 -1.7811180e-05 -5.7710091e-05 -3.4551304e-05
   2.5873409e-05  1.7192742e-05]
 [ 9.8082051e-04 -1.7634524e-05 -5.7927624e-05 -3.4500630e-05
   2.6097185e-05  1.6883592e-05]] 
Episode: 27: [[ 9.8052726e-04 -1.8333361e-05 -5.7883190e-05 -3.5018791e-05
   2.4201399e-05  1.9229399e-05]
 [ 9.8053226e-04 -1.7979100e-05 -5.8424121e-05 -3.4891538e-05
   2.6297133e-05  1.7438208e-05]
 [ 9.8074449e-04 -1.7788578e-05 -5.8673722e-05 -3.4836161e-05
   2.6523681e-05  1.7119915e-05]] 
Episode: 28: [[ 9.8043587e-04 -1.8483421e-05 -5.8507845e-05 -3.5325367e-05
   2.4566722e-05  1.9468791e-05]
 [ 9.8047277e-04 -1.8109338e-05 -5.9118258e-05 -3.5192246e-05
   2.6684753e-05  1.7651646e-05]
 [ 9.8070956e-04 -1.7904564e-05 -5.9400962e-05 -3.5131769e-05
   2.6913925e-05  1.7324313e-05]] 
Episode: 29: [[ 9.8037394e-04 -1.8616316e-05 -5.9101283e-05 -3.5606088e-05
   2.4900664e-05  1.9681012e-05]
 [ 9.8044227e-04 -1.8224020e-05 -5.9780279e-05 -3.5467889e-05
   2.7038999e-05  1.7839749e-05]
 [ 9.8070328e-04 -1.8006107e-05 -6.0095481e-05 -3.5402900e-05
   2.7270613e-05  1.7503784e-05]] 
Episode: 30: [[ 9.8034320e-04 -1.8711229e-05 -5.9673290e-05 -3.5853634e-05
   2.5203286e-05  1.9865720e-05]
 [ 9.8044530e-04 -1.8297947e-05 -6.0425562e-05 -3.5709450e-05
   2.7360200e-05  1.8001194e-05]
 [ 9.8073191e-04 -1.8064842e-05 -6.0776059e-05 -3.5639259e-05
   2.7594029e-05  1.7656404e-05]] 
Episode: 31: [[ 9.8034891e-04 -1.8774968e-05 -6.0232571e-05 -3.6068785e-05
   2.5478863e-05  2.0025258e-05]
 [ 9.8048686e-04 -1.8340077e-05 -6.1062427e-05 -3.5917605e-05
   2.7652764e-05  1.8138540e-05]
 [ 9.8080048e-04 -1.8091228e-05 -6.1450439e-05 -3.5841495e-05
   2.7888656e-05  1.7784938e-05]] 
Episode: 32: [[ 9.8037277e-04 -1.8826127e-05 -6.0773236e-05 -3.6265585e-05
   2.5731646e-05  2.0163774e-05]
 [ 9.8054565e-04 -1.8370874e-05 -6.1681108e-05 -3.6108173e-05
   2.7921045e-05  1.8256163e-05]
 [ 9.8088558e-04 -1.8107143e-05 -6.2106708e-05 -3.6026748e-05
   2.8158915e-05  1.7893995e-05]] 
Episode: 33: [[ 9.8042132e-04 -1.8864577e-05 -6.1299041e-05 -3.6445999e-05
   2.5963285e-05  2.0282465e-05]
 [ 9.8062912e-04 -1.8390223e-05 -6.2285377e-05 -3.6283036e-05
   2.8166793e-05  1.8355198e-05]
 [ 9.8099525e-04 -1.8112452e-05 -6.2748521e-05 -3.6196823e-05
   2.8406526e-05  1.7984710e-05]] 
Episode: 34: [[ 9.8048255e-04 -1.8883911e-05 -6.1789135e-05 -3.6598554e-05
   2.6172089e-05  2.0384250e-05]
 [ 9.8072621e-04 -1.8389464e-05 -6.2853134e-05 -3.6428228e-05
   2.8388451e-05  1.8438137e-05]
 [ 9.8111900e-04 -1.8096944e-05 -6.3354099e-05 -3.6335914e-05
   2.8629800e-05  1.8059372e-05]] 
Episode: 35: [[ 9.8056393e-04 -1.8870061e-05 -6.2264837e-05 -3.6730580e-05
   2.6361420e-05  2.0466448e-05]
 [ 9.8084519e-04 -1.8352135e-05 -6.3409665e-05 -3.6552516e-05
   2.8589575e-05  1.8501751e-05]
 [ 9.8126580e-04 -1.8042434e-05 -6.3950385e-05 -3.6453825e-05
   2.8832426e-05  1.8114364e-05]] 
Episode: 36: [[ 9.8066521e-04 -1.8848415e-05 -6.2735933e-05 -3.6852161e-05
   2.6534710e-05  2.0533482e-05]
 [ 9.8098419e-04 -1.8308478e-05 -6.3963322e-05 -3.6667352e-05
   2.8773618e-05  1.8551144e-05]
 [ 9.8143250e-04 -1.7982633e-05 -6.4544314e-05 -3.6563015e-05
   2.9017890e-05  1.8155322e-05]] 
Episode: 37: [[ 9.8078640e-04 -1.8809558e-05 -6.3198298e-05 -3.6967904e-05
   2.6693458e-05  2.0586129e-05]
 [ 9.8114333e-04 -1.8247720e-05 -6.4508924e-05 -3.6777728e-05
   2.8942164e-05  1.8586954e-05]
 [ 9.8161958e-04 -1.7905679e-05 -6.5130327e-05 -3.6668775e-05
   2.9187786e-05  1.8182820e-05]] 
Episode: 38: [[ 9.8093192e-04 -1.8749224e-05 -6.3654050e-05 -3.7068854e-05
   2.6839281e-05  2.0622829e-05]
 [ 9.8132936e-04 -1.8164517e-05 -6.5050714e-05 -3.6873404e-05
   2.9096997e-05  1.8606886e-05]
 [ 9.8183530e-04 -1.7805516e-05 -6.5714004e-05 -3.6759880e-05
   2.9343977e-05  1.8194076e-05]] 
Episode: 39: [[ 9.8110200e-04 -1.8675431e-05 -6.4109103e-05 -3.7155045e-05
   2.6973528e-05  2.0646250e-05]
 [ 9.8154112e-04 -1.8068367e-05 -6.5593485e-05 -3.6954178e-05
   2.9239445e-05  1.8614155e-05]
 [ 9.8207744e-04 -1.7692682e-05 -6.6299232e-05 -3.6835994e-05
   2.9487746e-05  1.8192719e-05]] 
Episode: 40: [[ 9.8128745e-04 -1.8588104e-05 -6.4566120e-05 -3.7229005e-05
   2.7096485e-05  2.0659278e-05]
 [ 9.8176859e-04 -1.7958884e-05 -6.6140943e-05 -3.7022703e-05
   2.9369894e-05  1.8611647e-05]
 [ 9.8233565e-04 -1.7566546e-05 -6.6890316e-05 -3.6899848e-05
   2.9619458e-05  1.8181689e-05]] 
Episode: 41: [[ 9.8149420e-04 -1.8477123e-05 -6.5026827e-05 -3.7288741e-05
   2.7209444e-05  2.0658119e-05]
 [ 9.8201900e-04 -1.7824390e-05 -6.6695808e-05 -3.7076668e-05
   2.9489756e-05  1.8595005e-05]
 [ 9.8261773e-04 -1.7414339e-05 -6.7490437e-05 -3.6948884e-05
   2.9740584e-05  1.8156252e-05]] 
Episode: 42: [[ 9.8171574e-04 -1.8359107e-05 -6.5489068e-05 -3.7334070e-05
   2.7313970e-05  2.0648646e-05]
 [ 9.8228408e-04 -1.7683626e-05 -6.7253255e-05 -3.7115798e-05
   2.9600551e-05  1.8570780e-05]
 [ 9.8291447e-04 -1.7256307e-05 -6.8093330e-05 -3.6982783e-05
   2.9852612e-05  1.8123466e-05]] 
Episode: 43: [[ 9.8196091e-04 -1.8220469e-05 -6.5954504e-05 -3.7360802e-05
   2.7408578e-05  2.0627765e-05]
 [ 9.8257547e-04 -1.7520966e-05 -6.7818190e-05 -3.7134745e-05
   2.9700910e-05  1.8535102e-05]
 [ 9.8323927e-04 -1.7075476e-05 -6.8705842e-05 -3.6995323e-05
   2.9954123e-05  1.8078939e-05]] 
Episode: 44: [[ 9.8221959e-04 -1.8080706e-05 -6.6433997e-05 -3.7380527e-05
   2.7495751e-05  2.0600466e-05]
 [ 9.8288048e-04 -1.7358281e-05 -6.8401714e-05 -3.7146954e-05
   2.9793318e-05  1.8493583e-05]
 [ 9.8357792e-04 -1.6895390e-05 -6.9339032e-05 -3.7001275e-05
   3.0047642e-05  1.8028750e-05]] 
Episode: 45: [[ 9.8249561e-04 -1.7941727e-05 -6.6906148e-05 -3.7397727e-05
   2.7574739e-05  2.0565210e-05]
 [ 9.8320516e-04 -1.7197321e-05 -6.8979425e-05 -3.7157602e-05
   2.9877137e-05  1.8444178e-05]
 [ 9.8393764e-04 -1.6717819e-05 -6.9967326e-05 -3.7006252e-05
   3.0132525e-05  1.7970528e-05]] 
Episode: 46: [[ 9.8279421e-04 -1.7791268e-05 -6.7382520e-05 -3.7412032e-05
   2.7648271e-05  2.0519888e-05]
 [ 9.8355499e-04 -1.7024475e-05 -6.9564827e-05 -3.7166079e-05
   2.9955167e-05  1.8384530e-05]
 [ 9.8432426e-04 -1.6527982e-05 -7.0605129e-05 -3.7009504e-05
   3.0211682e-05  1.7901732e-05]] 
Episode: 47: [[ 9.8309969e-04 -1.7643657e-05 -6.7837398e-05 -3.7437898e-05
   2.7715572e-05  2.0467498e-05]
 [ 9.8391133e-04 -1.6855758e-05 -7.0124603e-05 -3.7188584e-05
   3.0026586e-05  1.8318178e-05]
 [ 9.8471716e-04 -1.6343251e-05 -7.1215130e-05 -3.7028527e-05
   3.0284178e-05  1.7826284e-05]] 
Episode: 48: [[ 9.8341622e-04 -1.7478353e-05 -6.8300607e-05 -3.7454694e-05
   2.7779437e-05  2.0406482e-05]
 [ 9.8427979e-04 -1.6667489e-05 -7.0696486e-05 -3.7201473e-05
   3.0094276e-05  1.8242956e-05]
 [ 9.8512298e-04 -1.6137497e-05 -7.1839051e-05 -3.7037553e-05
   3.0353034e-05  1.7741613e-05]] 
Episode: 49: [[ 9.8374742e-04 -1.7307284e-05 -6.8758658e-05 -3.7469264e-05
   2.7837801e-05  2.0339043e-05]
 [ 9.8466524e-04 -1.6473137e-05 -7.1264447e-05 -3.7212714e-05
   3.0156230e-05  1.8161205e-05]
 [ 9.8554732e-04 -1.5925443e-05 -7.2459850e-05 -3.7045287e-05
   3.0416149e-05  1.7650204e-05]] 
Episode: 50: [[ 9.8407909e-04 -1.7124967e-05 -6.9220718e-05 -3.7470185e-05
   2.7891596e-05  2.0266296e-05]
 [ 9.8505057e-04 -1.6266727e-05 -7.1838025e-05 -3.7208654e-05
   3.0213321e-05  1.8074203e-05]
 [ 9.8597107e-04 -1.5700663e-05 -7.3086921e-05 -3.7036611e-05
   3.0474361e-05  1.7553433e-05]] 
Episode: 51: [[ 9.8443346e-04 -1.6941975e-05 -6.9692345e-05 -3.7478181e-05
   2.7942289e-05  2.0185085e-05]
 [ 9.8546094e-04 -1.6060545e-05 -7.2424475e-05 -3.7213624e-05
   3.0267067e-05  1.7978555e-05]
 [ 9.8642148e-04 -1.5476755e-05 -7.3728435e-05 -3.7038251e-05
   3.0529263e-05  1.7447719e-05]] 
Episode: 52: [[ 9.84790386e-04 -1.67378785e-05 -7.01729514e-05 -3.74617484e-05
   2.79896976e-05  2.00986506e-05]
 [ 9.85873980e-04 -1.58309904e-05 -7.30229440e-05 -3.71909446e-05
   3.03173074e-05  1.78776045e-05]
 [ 9.86874686e-04 -1.52276825e-05 -7.43833880e-05 -3.70100024e-05
   3.05806680e-05  1.73365188e-05]] 
Episode: 53: [[ 9.8515721e-04 -1.6535780e-05 -7.0657734e-05 -3.7443129e-05
   2.8033708e-05  2.0009098e-05]
 [ 9.8629761e-04 -1.5604572e-05 -7.3627925e-05 -3.7166381e-05
   3.0363944e-05  1.7773651e-05]
 [ 9.8733907e-04 -1.4982547e-05 -7.5045988e-05 -3.6980055e-05
   3.0628456e-05  1.7222299e-05]] 
Episode: 54: [[ 9.8553696e-04 -1.6322465e-05 -7.1139053e-05 -3.7412574e-05
   2.8074328e-05  1.9914560e-05]
 [ 9.8673592e-04 -1.5366146e-05 -7.4230338e-05 -3.7128404e-05
   3.0407036e-05  1.7664519e-05]
 [ 9.8781928e-04 -1.4724856e-05 -7.5706565e-05 -3.6935613e-05
   3.0672698e-05  1.7102675e-05]] 
Episode: 55: [[ 9.85924387e-04 -1.60984455e-05 -7.16110007e-05 -3.73775183e-05
   2.81111297e-05  1.98152902e-05]
 [ 9.87182371e-04 -1.51165095e-05 -7.48216189e-05 -3.70858143e-05
   3.04461646e-05  1.75507575e-05]
 [ 9.88307991e-04 -1.44555188e-05 -7.63550925e-05 -3.68864821e-05
   3.07129376e-05  1.69783798e-05]] 
Episode: 56: [[ 9.8630949e-04 -1.5865964e-05 -7.2070216e-05 -3.7337817e-05
   2.8143691e-05  1.9712972e-05]
 [ 9.8762591e-04 -1.4857631e-05 -7.5397365e-05 -3.7038510e-05
   3.0480922e-05  1.7434100e-05]
 [ 9.8879333e-04 -1.4176394e-05 -7.6986660e-05 -3.6832585e-05
   3.0748735e-05  1.6851202e-05]] 
Episode: 57: [[ 9.8669645e-04 -1.5618878e-05 -7.2528477e-05 -3.7289854e-05
   2.8173006e-05  1.9608369e-05]
 [ 9.8807132e-04 -1.4582328e-05 -7.5973046e-05 -3.6982172e-05
   3.0512312e-05  1.7315284e-05]
 [ 9.8928052e-04 -1.3879472e-05 -7.7618650e-05 -3.6769103e-05
   3.0781124e-05  1.6721897e-05]] 
Episode: 58: [[ 9.8709250e-04 -1.5366180e-05 -7.2981005e-05 -3.7238198e-05
   2.8197170e-05  1.9501776e-05]
 [ 9.8852790e-04 -1.4300822e-05 -7.6545621e-05 -3.6922025e-05
   3.0538453e-05  1.7194425e-05]
 [ 9.8978006e-04 -1.3576003e-05 -7.8249417e-05 -3.6701560e-05
   3.0808151e-05  1.6590484e-05]] 
Episode: 59: [[ 9.8748330e-04 -1.5124756e-05 -7.3431445e-05 -3.7194783e-05
   2.8220242e-05  1.9395879e-05]
 [ 9.8897726e-04 -1.4032337e-05 -7.7113720e-05 -3.6871406e-05
   3.0563315e-05  1.7074895e-05]
 [ 9.9027122e-04 -1.3286834e-05 -7.8874211e-05 -3.6644495e-05
   3.0833875e-05  1.6460785e-05]] 
Episode: 60: [[ 9.8788354e-04 -1.4859773e-05 -7.3933181e-05 -3.7137586e-05
   2.8243965e-05  1.9285708e-05]
 [ 9.8943547e-04 -1.3738861e-05 -7.7741803e-05 -3.6805657e-05
   3.0588646e-05  1.6951208e-05]
 [ 9.9077087e-04 -1.2971413e-05 -7.9562189e-05 -3.6571462e-05
   3.0860123e-05  1.6326932e-05]] 
Episode: 61: [[ 9.8829507e-04 -1.4603325e-05 -7.4426673e-05 -3.7098867e-05
   2.8267397e-05  1.9169935e-05]
 [ 9.8990591e-04 -1.3455181e-05 -7.8359735e-05 -3.6761132e-05
   3.0613563e-05  1.6821699e-05]
 [ 9.9128333e-04 -1.2666770e-05 -8.0239115e-05 -3.6521647e-05
   3.0885996e-05  1.6186999e-05]] 
Episode: 62: [[ 9.8869833e-04 -1.4339227e-05 -7.4894611e-05 -3.7055226e-05
   2.8287343e-05  1.9053381e-05]
 [ 9.9036773e-04 -1.3161672e-05 -7.8948629e-05 -3.6711015e-05
   3.0634990e-05  1.6691369e-05]
 [ 9.9178706e-04 -1.2350719e-05 -8.0885948e-05 -3.6465761e-05
   3.0908337e-05  1.6046179e-05]] 
Episode: 63: [[ 9.8910008e-04 -1.4071865e-05 -7.5352531e-05 -3.7007558e-05
   2.8304492e-05  1.8936369e-05]
 [ 9.9082803e-04 -1.2865340e-05 -7.9525904e-05 -3.6656726e-05
   3.0653562e-05  1.6560729e-05]
 [ 9.9228893e-04 -1.2032183e-05 -8.1520258e-05 -3.6405534e-05
   3.0927753e-05  1.5905154e-05]] 
Episode: 64: [[ 9.8951790e-04 -1.3791451e-05 -7.5821481e-05 -3.6950009e-05
   2.8320468e-05  1.8814750e-05]
 [ 9.9130499e-04 -1.2555491e-05 -8.0115875e-05 -3.6591849e-05
   3.0670843e-05  1.6425640e-05]
 [ 9.9280791e-04 -1.1699706e-05 -8.2167600e-05 -3.6334168e-05
   3.0945852e-05  1.5759697e-05]] 
Episode: 65: [[ 9.89937806e-04 -1.35105083e-05 -7.62837080e-05 -3.69002337e-05
   2.83352801e-05  1.86907546e-05]
 [ 9.91784153e-04 -1.22452275e-05 -8.06976022e-05 -3.65359738e-05
   3.06869078e-05  1.62880569e-05]
 [ 9.93329217e-04 -1.13668211e-05 -8.28060729e-05 -3.62726860e-05
   3.09627394e-05  1.56116130e-05]] 
Episode: 66: [[ 9.9036598e-04 -1.3239003e-05 -7.6750308e-05 -3.6862490e-05
   2.8350329e-05  1.8564169e-05]
 [ 9.9227217e-04 -1.1945711e-05 -8.1285019e-05 -3.6494046e-05
   3.0703144e-05  1.6147780e-05]
 [ 9.9385995e-04 -1.1045689e-05 -8.3450825e-05 -3.6226513e-05
   3.0979845e-05  1.5460704e-05]] 
Episode: 67: [[ 9.9079055e-04 -1.2982858e-05 -7.7210258e-05 -3.6831221e-05
   2.8366230e-05  1.8438572e-05]
 [ 9.9275482e-04 -1.1663656e-05 -8.1861996e-05 -3.6459482e-05
   3.0720075e-05  1.6009039e-05]
 [ 9.9438417e-04 -1.0743572e-05 -8.4083018e-05 -3.6188379e-05
   3.0997657e-05  1.5311676e-05]] 
Episode: 68: [[ 9.91228502e-04 -1.27348212e-05 -7.76810266e-05 -3.68044784e-05
   2.83809295e-05  1.83105749e-05]
 [ 9.93251218e-04 -1.13914275e-05 -8.24506133e-05 -3.64300868e-05
   3.07357186e-05  1.58681250e-05]
 [ 9.94922477e-04 -1.04525952e-05 -8.47268384e-05 -3.61558668e-05
   3.10141368e-05  1.51605664e-05]] 
Episode: 69: [[ 9.91659123e-04 -1.24755925e-05 -7.81426425e-05 -3.67704524e-05
   2.83915324e-05  1.81828982e-05]
 [ 9.93740396e-04 -1.11059408e-05 -8.30297504e-05 -3.63924955e-05
   3.07472837e-05  1.57274244e-05]
 [ 9.95453680e-04 -1.01467640e-05 -8.53614692e-05 -3.61144048e-05
   3.10264222e-05  1.50095702e-05]] 
Episode: 70: [[ 9.9210581e-04 -1.2210571e-05 -7.8608566e-05 -3.6739220e-05
   2.8402028e-05  1.8050021e-05]
 [ 9.9424715e-04 -1.0814316e-05 -8.3614170e-05 -3.6358077e-05
   3.0758736e-05  1.5581194e-05]
 [ 9.9600374e-04 -9.8344944e-06 -8.6001848e-05 -3.6076362e-05
   3.1038642e-05  1.4852740e-05]] 
Episode: 71: [[ 9.92568908e-04 -1.19078759e-05 -7.91353305e-05 -3.66748100e-05
   2.84143734e-05  1.79139643e-05]
 [ 9.94771486e-04 -1.04817691e-05 -8.42722802e-05 -3.62865940e-05
   3.07719492e-05  1.54318004e-05]
 [ 9.96572082e-04 -9.47852550e-06 -8.67214621e-05 -3.59984297e-05
   3.10527066e-05  1.46927005e-05]] 
Episode: 72: [[ 9.9303573e-04 -1.1590894e-05 -7.9665995e-05 -3.6599940e-05
   2.8424425e-05  1.7773467e-05]
 [ 9.9530106e-04 -1.0133205e-05 -8.4936910e-05 -3.6203517e-05
   3.0782932e-05  1.5277348e-05]
 [ 9.9714671e-04 -9.1053098e-06 -8.7449094e-05 -3.5907968e-05
   3.1064530e-05  1.4527130e-05]] 
Episode: 73: [[ 9.9351653e-04 -1.1262429e-05 -8.0206868e-05 -3.6521833e-05
   2.8435534e-05  1.7627794e-05]
 [ 9.9584647e-04 -9.7723205e-06 -8.5614796e-05 -3.6116904e-05
   3.0794959e-05  1.5117323e-05]
 [ 9.9773856e-04 -8.7189956e-06 -8.8191511e-05 -3.5813617e-05
   3.1077481e-05  1.4355642e-05]] 
Episode: 74: [[ 9.9400431e-04 -1.0943985e-05 -8.0766455e-05 -3.6448600e-05
   2.8445917e-05  1.7481767e-05]
 [ 9.9639874e-04 -9.4233155e-06 -8.6314125e-05 -3.6036032e-05
   3.0806204e-05  1.4957149e-05]
 [ 9.9833729e-04 -8.3459845e-06 -8.8956418e-05 -3.5725599e-05
   3.1089618e-05  1.4184109e-05]] 
Episode: 75: [[ 9.9449838e-04 -1.0623811e-05 -8.1315338e-05 -3.6381287e-05
   2.8453835e-05  1.7332053e-05]
 [ 9.9695928e-04 -9.0724952e-06 -8.7002147e-05 -3.5961886e-05
   3.0815019e-05  1.4792815e-05]
 [ 9.9894567e-04 -7.9711945e-06 -8.9710069e-05 -3.5644840e-05
   3.1099269e-05  1.4008019e-05]] 
Episode: 76: [[ 9.94995236e-04 -1.03000175e-05 -8.18564804e-05 -3.63189101e-05
   2.84604230e-05  1.71779539e-05]
 [ 9.97523195e-04 -8.71767406e-06 -8.76813356e-05 -3.58935213e-05
   3.08225244e-05  1.46236889e-05]
 [ 9.99557786e-04 -7.59208024e-06 -9.04544941e-05 -3.55704251e-05
   3.11076037e-05  1.38267887e-05]] 
Episode: 77: [[ 9.9549070e-04 -9.9806630e-06 -8.2390536e-05 -3.6264028e-05
   2.8465402e-05  1.7023831e-05]
 [ 9.9808443e-04 -8.3680661e-06 -8.8350163e-05 -3.5833647e-05
   3.0828422e-05  1.4454937e-05]
 [ 1.0001664e-03 -7.2187881e-06 -9.1186841e-05 -3.5505254e-05
   3.1114279e-05  1.3646184e-05]] 
Episode: 78: [[ 9.9597091e-04 -9.6720432e-06 -8.2917904e-05 -3.6219873e-05
   2.8472334e-05  1.6873548e-05]
 [ 9.9862728e-04 -8.0306281e-06 -8.9008310e-05 -3.5785597e-05
   3.0836134e-05  1.4290705e-05]
 [ 1.0007545e-03 -6.8586560e-06 -9.1906346e-05 -3.5452842e-05
   3.1122792e-05  1.3470578e-05]] 
Episode: 79: [[ 9.9645683e-04 -9.3482022e-06 -8.3440675e-05 -3.6167854e-05
   2.8477411e-05  1.6718855e-05]
 [ 9.9917606e-04 -7.6772267e-06 -8.9660141e-05 -3.5729157e-05
   3.0841988e-05  1.4121874e-05]
 [ 1.0013490e-03 -6.4817914e-06 -9.2618655e-05 -3.5391600e-05
   3.1129388e-05  1.3290140e-05]] 
Episode: 80: [[ 9.9694706e-04 -9.0388739e-06 -8.3987572e-05 -3.6113641e-05
   2.8481647e-05  1.6565622e-05]
 [ 9.9972822e-04 -7.3401325e-06 -9.0339330e-05 -3.5670422e-05
   3.0846939e-05  1.3955040e-05]
 [ 1.0019463e-03 -6.1226388e-06 -9.3359420e-05 -3.5327921e-05
   3.1135027e-05  1.3112042e-05]] 
Episode: 81: [[ 9.9744031e-04 -8.7323460e-06 -8.4549378e-05 -3.6049518e-05
   2.8487770e-05  1.6411865e-05]
 [ 1.0002826e-03 -7.0068045e-06 -9.1034446e-05 -3.5600842e-05
   3.0853658e-05  1.3787988e-05]
 [ 1.0025454e-03 -5.7678503e-06 -9.4116251e-05 -3.5252699e-05
   3.1142466e-05  1.2933896e-05]] 
Episode: 82: [[ 9.9794439e-04 -8.4244493e-06 -8.5122076e-05 -3.5991685e-05
   2.8494242e-05  1.6255757e-05]
 [ 1.0008474e-03 -6.6729981e-06 -9.1740621e-05 -3.5538214e-05
   3.0860647e-05  1.3618808e-05]
 [ 1.0031549e-03 -5.4130728e-06 -9.4883755e-05 -3.5184992e-05
   3.1150150e-05  1.2753709e-05]] 
Episode: 83: [[ 9.9843461e-04 -8.1111048e-06 -8.5678628e-05 -3.5926405e-05
   2.8496948e-05  1.6101158e-05]
 [ 1.0013978e-03 -6.3328416e-06 -9.2428192e-05 -3.5467227e-05
   3.0863986e-05  1.3451172e-05]
 [ 1.0037494e-03 -5.0512767e-06 -9.5631862e-05 -3.5108187e-05
   3.1154090e-05  1.2575081e-05]] 
Episode: 84: [[ 9.9892332e-04 -7.8108251e-06 -8.6237298e-05 -3.5870973e-05
   2.8501730e-05  1.5946109e-05]
 [ 1.0019458e-03 -6.0071925e-06 -9.3116869e-05 -3.5407098e-05
   3.0869305e-05  1.3283275e-05]
 [ 1.0043409e-03 -4.7050794e-06 -9.6380521e-05 -3.5043046e-05
   3.1160060e-05  1.2396280e-05]] 
Episode: 85: [[ 9.9943508e-04 -7.4893728e-06 -8.6841850e-05 -3.5796609e-05
   2.8506503e-05  1.5788584e-05]
 [ 1.0025176e-03 -5.6595709e-06 -9.3858544e-05 -3.5326539e-05
   3.0874580e-05  1.3113106e-05]
 [ 1.0049571e-03 -4.3360947e-06 -9.7184675e-05 -3.4956287e-05
   3.1165982e-05  1.2215314e-05]] 
Episode: 86: [[ 9.99959651e-04 -7.16271416e-06 -8.74505567e-05 -3.57169811e-05
   2.85108217e-05  1.56275564e-05]
 [ 1.00310321e-03 -5.30667330e-06 -9.46048094e-05 -3.52403840e-05
   3.08793897e-05  1.29393275e-05]
 [ 1.00558787e-03 -3.96172209e-06 -9.79937031e-05 -3.48636022e-05
   3.11714357e-05  1.20305640e-05]] 
Episode: 87: [[ 1.0004663e-03 -6.8356244e-06 -8.8036984e-05 -3.5628338e-05
   2.8511357e-05  1.5467493e-05]
 [ 1.0036698e-03 -4.9527684e-06 -9.5325559e-05 -3.5144411e-05
   3.0880470e-05  1.2766544e-05]
 [ 1.0061988e-03 -3.5859932e-06 -9.8776094e-05 -3.4760400e-05
   3.1173025e-05  1.1846789e-05]] 
Episode: 88: [[ 1.0009843e-03 -6.5150293e-06 -8.8621040e-05 -3.5540565e-05
   2.8511742e-05  1.5302694e-05]
 [ 1.0042491e-03 -4.6061800e-06 -9.6043921e-05 -3.5049470e-05
   3.0881431e-05  1.2588769e-05]
 [ 1.0068236e-03 -3.2182754e-06 -9.9556215e-05 -3.4658249e-05
   3.1174535e-05  1.1657755e-05]] 
Episode: 89: [[ 1.00149366e-03 -6.19217462e-06 -8.91857635e-05 -3.54513504e-05
   2.85086262e-05  1.51373051e-05]
 [ 1.00481929e-03 -4.25666030e-06 -9.67392989e-05 -3.49528600e-05
   3.08790077e-05  1.24102735e-05]
 [ 1.00743899e-03 -2.84708722e-06 -1.00312005e-04 -3.45541885e-05
   3.11725780e-05  1.14678542e-05]] 
Episode: 90: [[ 1.0020087e-03 -5.8721680e-06 -8.9741989e-05 -3.5372108e-05
   2.8505199e-05  1.4969873e-05]
 [ 1.0053947e-03 -3.9108882e-06 -9.7423464e-05 -3.4867400e-05
   3.0876265e-05  1.2229974e-05]
 [ 1.0080596e-03 -2.4803319e-06 -1.0105536e-04 -3.4462191e-05
   3.1170293e-05  1.1276229e-05]] 
Episode: 91: [[ 1.0025359e-03 -5.5681048e-06 -9.0312271e-05 -3.5298530e-05
   2.8503520e-05  1.4798527e-05]
 [ 1.0059818e-03 -3.5830844e-06 -9.8121767e-05 -3.4788209e-05
   3.0875137e-05  1.2046026e-05]
 [ 1.0086916e-03 -2.1331473e-06 -1.0181245e-04 -3.4376979e-05
   3.1169642e-05  1.1081019e-05]] 
Episode: 92: [[ 1.0030773e-03 -5.2514847e-06 -9.0886489e-05 -3.5227295e-05
   2.8500834e-05  1.4625538e-05]
 [ 1.0065830e-03 -3.2424023e-06 -9.8822966e-05 -3.4711753e-05
   3.0873001e-05  1.1860710e-05]
 [ 1.0093378e-03 -1.7725844e-06 -1.0257178e-04 -3.4294782e-05
   3.1167943e-05  1.0884567e-05]] 
Episode: 93: [[ 1.00361079e-03 -4.91967330e-06 -9.14515258e-05 -3.51432645e-05
   2.84943544e-05  1.44531341e-05]
 [ 1.00717589e-03 -2.88454908e-06 -9.95144364e-05 -3.46210654e-05
   3.08671988e-05  1.16760375e-05]
 [ 1.00997568e-03 -1.39313897e-06 -1.03321618e-04 -3.41971027e-05
   3.11624826e-05  1.06887592e-05]] 
Episode: 94: [[ 1.00416294e-03 -4.58618888e-06 -9.20268285e-05 -3.50619011e-05
   2.84890248e-05  1.42772533e-05]
 [ 1.00778823e-03 -2.52565951e-06 -1.00217221e-04 -3.45335357e-05
   3.08625167e-05  1.14879458e-05]
 [ 1.01063389e-03 -1.01300554e-06 -1.04083265e-04 -3.41028790e-05
   3.11582044e-05  1.04894780e-05]] 
Episode: 95: [[ 1.00470940e-03 -4.24129212e-06 -9.25829518e-05 -3.49777620e-05
   2.84826765e-05  1.41017563e-05]
 [ 1.00839406e-03 -2.15455475e-06 -1.00896796e-04 -3.44429609e-05
   3.08568851e-05  1.13003507e-05]
 [ 1.01128488e-03 -6.19729349e-07 -1.04820036e-04 -3.40054030e-05
   3.11529693e-05  1.02907652e-05]] 
Episode: 96: [[ 1.00525119e-03 -3.89695970e-06 -9.31133254e-05 -3.49006841e-05
   2.84749021e-05  1.39249196e-05]
 [ 1.00899464e-03 -1.78380878e-06 -1.01545571e-04 -3.43601787e-05
   3.08498747e-05  1.11114368e-05]
 [ 1.01193052e-03 -2.26576901e-07 -1.05523926e-04 -3.39162943e-05
   3.11463227e-05  1.00906482e-05]] 
