Episode: 1: [[0.001 0.    0.    0.    0.    0.    0.    0.    0.    0.   ]
 [0.001 0.    0.    0.    0.    0.    0.    0.    0.    0.   ]
 [0.001 0.    0.    0.    0.    0.    0.    0.    0.    0.   ]
 [0.001 0.    0.    0.    0.    0.    0.    0.    0.    0.   ]
 [0.001 0.    0.    0.    0.    0.    0.    0.    0.    0.   ]] 
Episode: 2: [[ 1.09999999e-03 -1.00000005e-04 -9.99999829e-05  9.99999902e-05
  -9.99999902e-05  0.00000000e+00  1.00000005e-04  0.00000000e+00
   9.99999684e-05 -9.99999975e-05]
 [ 1.09999999e-03 -9.99999829e-05 -9.99999320e-05 -9.99988260e-05
  -9.99999902e-05  0.00000000e+00  9.99999975e-05  0.00000000e+00
   9.99999247e-05 -9.99999975e-05]
 [ 1.09999999e-03 -9.99999902e-05 -9.99998156e-05 -9.99999538e-05
  -9.99999975e-05  0.00000000e+00  9.99999975e-05  0.00000000e+00
   9.99997865e-05 -9.99999975e-05]
 [ 1.09999999e-03 -9.99999684e-05 -9.99995682e-05 -9.99998811e-05
  -9.99999829e-05  0.00000000e+00  1.00000005e-04  0.00000000e+00
   9.99994954e-05 -9.99999902e-05]
 [ 1.09999999e-03 -9.99999320e-05 -9.99990152e-05 -9.99997865e-05
  -9.99999975e-05  0.00000000e+00  9.99999975e-05  0.00000000e+00
   9.99988479e-05 -9.99999975e-05]] 
Episode: 3: [[ 0.00119727 -0.00016531 -0.00019984  0.00016765 -0.00016772  0.
   0.00015835  0.          0.00016974 -0.00015935]
 [ 0.00119673 -0.00016543 -0.00019986 -0.0001875  -0.00016774  0.
   0.00015852  0.          0.00016957 -0.00015963]
 [ 0.00119666 -0.00016545 -0.00019985 -0.00016649 -0.00016775  0.
   0.00015857  0.          0.00016956 -0.00015968]
 [ 0.00119664 -0.00016546 -0.00019984 -0.00016637 -0.00016775  0.
   0.00015858  0.          0.00016955 -0.0001597 ]
 [ 0.00119664 -0.00016546 -0.00019983 -0.00016635 -0.00016775  0.
   0.00015859  0.          0.00016955 -0.0001597 ]] 
Episode: 4: [[ 0.00129569 -0.0002228  -0.00015991  0.00024441 -0.00023484  0.
   0.00020525  0.          0.00022011 -0.00020595]
 [ 0.00129455 -0.00022257 -0.00015979 -0.00025584 -0.00023406  0.
   0.00020541  0.          0.00022008 -0.0002064 ]
 [ 0.00129439 -0.00022254 -0.00015957 -0.00024364 -0.00023396  0.
   0.00020547  0.          0.00022008 -0.00020648]
 [ 0.00129435 -0.00022253 -0.00015946 -0.00024372 -0.00023393  0.
   0.00020549  0.          0.00022009 -0.0002065 ]
 [ 0.00129435 -0.00022253 -0.0001594  -0.00024375 -0.00023393  0.
   0.0002055   0.          0.00022009 -0.00020651]] 
