85.077423 96.146317 83.210510 98.313942 98.121048 0.000000 
90.522621 93.108498 79.631439 92.089752 84.916069 0.000000 
89.334671 98.953377 88.391434 101.999939 92.786201 0.034264 
88.307922 108.202866 87.138268 92.275078 81.055550 0.019782 
89.108803 81.205795 90.018372 80.625572 85.924789 0.000000 
86.578323 86.684113 85.752579 92.294319 91.528809 0.000000 
88.963615 94.838074 91.771965 91.329407 100.919060 0.019782 
85.982353 87.919113 85.392586 75.944183 93.234154 0.000000 
85.599770 87.599548 88.489922 77.524498 83.667885 0.000000 
93.507919 92.821938 82.765793 99.085365 82.904579 0.000000 
90.856308 93.856216 99.855499 87.842827 78.985352 0.000000 
85.958298 91.444519 93.143417 83.448990 88.013344 0.000000 
91.556244 97.441940 94.734978 84.028481 72.523674 0.019782 
91.039490 83.630760 103.235123 104.598320 92.741005 0.000000 
87.948463 94.348541 85.760780 90.639603 94.760147 0.000000 
91.561035 76.799561 88.787994 103.512817 87.106483 0.019782 
95.292435 96.374855 83.875145 99.098061 96.636314 0.000000 
89.929367 95.410179 75.139862 89.184669 87.899773 0.027976 
83.232628 78.245918 78.829285 104.316833 79.547081 0.034264 
89.637741 86.033134 95.423660 83.339676 94.476845 0.000000 
