0.000000 
0.125000 
0.000000 
0.000000 
0.000000 
0.000000 
0.000000 
0.000000 
0.000000 
0.000000 
0.000000 
0.000000 
0.000000 
0.000000 
0.000000 
0.000000 
0.000000 
0.000000 
0.000000 
0.000000 
0.000000 
0.000000 
0.000000 
0.025000 
0.000000 
0.000000 
0.475000 
0.000000 
0.000000 
0.000000 
0.000000 
0.000000 
0.225000 
0.000000 
0.000000 
0.000000 
0.000000 
0.000000 
0.000000 
0.000000 
0.300000 
0.000000 
0.000000 
0.000000 
0.175000 
0.000000 
0.000000 
0.000000 
0.000000 
0.000000 
0.000000 
0.125000 
0.000000 
0.425000 
0.000000 
0.000000 
0.000000 
0.000000 
0.000000 
0.000000 
0.000000 
0.000000 
0.475000 
0.000000 
0.000000 
0.000000 
0.225000 
0.500000 
0.000000 
0.000000 
0.000000 
0.000000 
0.000000 
0.300000 
0.000000 
0.100000 
0.000000 
0.000000 
0.225000 
0.000000 
0.000000 
0.000000 
0.000000 
0.000000 
0.000000 
0.000000 
0.000000 
0.000000 
0.050000 
0.000000 
0.000000 
0.000000 
0.000000 
0.000000 
0.000000 
0.000000 
0.000000 
0.000000 
0.000000 
0.500000 
