83.059547 88.315468 89.489449 92.383659 97.631371 0.000000 
79.498116 71.823326 79.538940 96.408676 83.264511 0.027976 
80.190483 83.399963 88.919823 78.220856 85.333908 0.000000 
89.219398 74.661758 92.895119 95.731819 84.734665 0.000000 
95.406319 87.796455 97.674545 97.375534 98.097305 0.027976 
80.006340 81.356430 91.809105 86.306816 91.288422 0.019782 
94.958183 88.004890 97.873550 88.223602 85.284775 0.000000 
103.562263 89.945938 96.475723 95.219727 93.536949 0.019782 
90.834496 94.828941 84.136978 88.493324 79.535187 0.000000 
92.089081 76.978119 82.694405 84.488213 80.318176 0.000000 
94.679359 94.879143 87.127655 88.590271 83.712761 0.000000 
98.341988 91.966034 93.811142 92.897522 89.256401 0.000000 
83.700691 66.450485 90.673706 96.108864 89.869843 0.027976 
85.544098 91.781029 90.536301 79.818314 84.638992 0.000000 
100.580605 88.291046 88.937195 87.882355 85.527138 0.000000 
70.112679 87.274727 84.829292 92.664040 83.673431 0.000000 
95.088829 69.738525 92.923477 91.321411 89.094200 0.000000 
69.661163 93.285728 86.063469 100.088379 89.848091 0.019782 
69.939156 96.147263 91.002838 79.471176 91.036247 0.000000 
103.661865 78.735847 97.262665 86.464371 89.111122 0.000000 
