17705.474609 2309.217529 947.875793 691.603882 24378.074219 
23096.537109 1150.544067 471.578186 246.908752 36969.648438 
19276.371094 1767.151245 932.233643 513.053650 29669.152344 
19705.212891 1526.635986 522.827637 272.640503 23272.238281 
14412.163086 1857.944946 833.264160 291.500427 10839.197266 
19409.703125 1124.490601 580.484680 586.066589 19100.533203 
25153.187500 1171.193359 346.899139 408.421692 32544.576172 
20297.935547 1420.742432 587.994019 430.104706 37416.226562 
36217.843750 888.444153 373.728027 249.604599 46120.523438 
26159.962891 1122.540649 779.674683 723.471130 22847.560547 
49049.433594 2054.735352 218.313889 237.261490 26998.914062 
12141.560547 1559.066772 534.815918 275.840790 26338.140625 
17142.546875 1350.672729 437.428955 109.389099 13484.073242 
15877.345703 1667.007690 802.293579 454.650085 9069.290039 
51148.410156 1459.662720 958.950439 1030.657471 42868.871094 
17726.166016 2227.044189 770.912537 779.921143 16869.802734 
20004.039062 1494.658081 800.669556 296.863342 18742.267578 
13263.815430 1818.368652 909.574768 521.042053 8611.532227 
19898.578125 1805.700439 596.472229 312.877472 14719.451172 
26479.199219 1277.119751 485.468018 507.912445 25106.531250 
