60.335293 93.999397 104.607056 87.792053 91.244965 0.000000 
85.340187 82.591171 71.509163 104.317238 98.045776 0.000000 
71.196037 92.966064 118.131599 80.429756 86.566658 0.019782 
100.834045 97.910522 72.362335 105.540878 106.413635 0.027976 
81.933662 76.030388 93.877373 71.283180 85.392365 0.000000 
109.731232 91.645523 91.144440 91.035034 104.215881 0.000000 
65.467613 94.012657 126.555092 65.705765 83.197815 0.000000 
84.709999 90.402832 125.601570 76.528488 88.296356 0.000000 
90.000854 97.906273 102.445511 88.552414 92.427307 0.019782 
93.790565 90.859695 66.311813 103.803078 93.405281 0.027976 
102.593170 92.013977 127.487839 83.062012 84.856003 0.000000 
78.969711 93.504730 75.572624 96.395546 85.382530 0.000000 
108.227135 81.032364 59.971687 82.222740 93.534569 0.000000 
108.338470 68.060387 70.121788 82.919968 79.040154 0.000000 
95.924713 94.581894 71.567291 107.646194 100.962494 0.000000 
96.493713 97.828293 94.433792 90.406250 81.038734 0.000000 
53.447472 90.382011 123.226418 68.285797 90.144814 0.019782 
73.036263 89.593964 108.559647 78.181091 90.905563 0.000000 
103.599030 96.547501 72.968384 102.396812 81.027161 0.000000 
92.979454 83.751160 96.864120 85.406685 83.963066 0.019782 
