73.723862 53.391365 63.910389 68.869324 63.868427 0.000000 
78.492455 73.780861 58.708000 63.883202 66.010727 0.000000 
77.101456 73.335503 65.095192 76.268013 66.986984 0.000000 
75.158493 57.837349 63.227795 60.656197 61.183014 0.019782 
71.915306 59.401157 53.884068 58.789822 57.169926 0.019782 
76.820862 55.687157 62.804119 68.851341 70.505470 0.000000 
77.626221 68.308418 77.886948 67.959145 73.014809 0.000000 
75.759636 68.973091 79.028496 78.592880 68.036667 0.000000 
82.296242 73.675102 76.492828 81.525688 65.258560 0.000000 
74.188141 62.000648 65.540977 59.113358 58.562859 0.027976 
73.119873 65.010094 65.480637 66.085747 66.059975 0.000000 
77.115723 55.032589 54.456215 52.171711 69.828674 0.000000 
72.072594 62.751583 54.590527 72.954948 66.547859 0.019782 
73.946136 71.763794 71.562523 68.491905 67.166168 0.000000 
81.091370 66.144707 63.503777 71.367432 67.940529 0.000000 
72.625351 57.617226 62.269714 65.506538 70.013985 0.027976 
77.939560 70.284378 66.902557 71.852531 59.002884 0.000000 
77.538139 72.191368 67.070808 79.241875 57.926311 0.000000 
81.483154 58.951431 66.758141 68.069084 61.831684 0.000000 
81.146225 74.689384 73.574844 82.737175 61.636868 0.000000 
