90.197617 89.682785 90.097839 89.720421 48.363476 
90.438644 89.142151 89.844757 89.649696 42.791336 
90.523689 89.396965 90.408821 90.218323 44.186016 
90.085594 89.147110 89.536865 90.120804 47.163651 
89.986305 89.751328 89.863869 90.292633 46.819881 
89.949730 88.733063 89.009918 89.603653 43.987965 
90.033173 89.429596 90.073349 89.947411 42.179169 
90.153191 89.951553 89.908470 90.365021 42.493614 
90.120682 89.721619 89.696541 89.587982 38.683144 
89.969620 88.764191 88.632492 89.703728 42.914188 
90.264091 89.738792 89.602509 89.981750 42.243961 
89.941261 89.412933 90.433456 90.267403 42.938320 
89.851990 89.285950 89.644569 89.655243 46.369164 
89.962845 89.368690 89.130432 89.778389 46.289806 
90.264938 89.441032 90.105392 89.750420 41.367069 
90.090233 89.653503 90.280739 90.427528 44.479126 
90.334396 89.415184 89.911911 90.443436 44.478146 
89.646660 88.251534 89.108200 88.560478 42.483837 
90.163963 89.519768 89.437180 89.797737 45.949028 
89.631630 88.959831 90.242302 90.381561 41.995201 
