12145.591797 2940.174561 959.816284 616.550415 180155.203125 
33694.843750 2443.325684 1297.885620 1237.154175 188282.390625 
55106.464844 1270.767334 754.580627 1687.374146 108018.218750 
175687.734375 3298.201904 1770.403320 1297.185181 200692.656250 
44012.250000 1620.905273 778.820129 767.308960 109609.632812 
16088.554688 1559.064331 882.207886 818.429443 91934.632812 
15600.010742 1323.604126 1324.530273 1709.038208 100649.710938 
21758.023438 1162.106567 886.258362 959.817810 117393.539062 
15354.800781 1841.157104 796.390442 1370.949585 129657.820312 
36019.941406 1072.900146 927.169922 1966.207764 88802.273438 
12762.581055 1111.282959 2195.611816 1163.009766 139117.609375 
709042.812500 4275.517578 1850.823120 1670.574097 202916.765625 
28214.423828 2975.728271 1266.329590 1089.309937 96454.242188 
8828.027344 3066.839844 568.196411 362.989105 78011.640625 
249772.265625 2535.754395 1656.394409 1685.864136 142194.812500 
9356.550781 2956.551514 818.116577 478.993317 101042.281250 
12265.150391 3063.824707 1138.632324 913.702637 76286.562500 
11092.715820 1675.273682 740.213623 666.113220 111753.726562 
13746.984375 1783.865845 1223.461060 753.718079 125915.796875 
11382.876953 1099.419678 618.732239 487.615509 109414.578125 
