1630362.750000 110600.960938 208103.671875 106845.187500 111113.539062 
65419.199219 56866.214844 77698.585938 27031.773438 217461.328125 
795576.437500 34860.273438 156694.984375 10425.947266 12762.184570 
500483.625000 18335.558594 46536.140625 14156.591797 8307.745117 
316492.500000 16727.378906 82877.921875 20995.384766 260203.328125 
148834.218750 41349.929688 19484.144531 12896.499023 67712.523438 
827685.812500 137661.500000 360084.375000 423564.375000 254679.218750 
997106.812500 5457.705078 13763.885742 43268.257812 88310.632812 
163087.781250 28139.576172 183552.578125 37350.605469 203430.875000 
57638.640625 134966.156250 37069.628906 26612.642578 177986.062500 
870145.062500 27554.566406 59611.910156 12689.083984 6182.983398 
159548.859375 191543.921875 24236.583984 126785.195312 173509.296875 
396772.343750 451824.968750 167183.312500 51546.937500 17025.021484 
112676.632812 28763.582031 64108.957031 26406.201172 90762.468750 
1263307.625000 55913.125000 35269.351562 51669.343750 12822.951172 
507601.187500 30772.212891 102100.921875 9601.570312 102050.375000 
152642.609375 81999.523438 100241.437500 5684.009766 233112.750000 
254244.578125 58906.718750 19410.179688 122691.929688 144526.843750 
1242746.250000 6666.675293 100882.515625 14700.822266 149994.796875 
367410.375000 23511.212891 148712.765625 51102.550781 76342.171875 
