3.977450 
4.625490 
3.366203 
3.112055 
2.991660 
3.258409 
3.190044 
3.140573 
2.811059 
2.679153 
2.900398 
2.822018 
2.722682 
2.574978 
2.306890 
2.356209 
2.645605 
2.105092 
3.238752 
2.299114 
2.534454 
2.993273 
2.669329 
2.353044 
2.350971 
2.363559 
2.100346 
2.467989 
3.122880 
2.456690 
2.646398 
3.006769 
2.901945 
3.366679 
2.332700 
2.207857 
2.181175 
1.946403 
2.520573 
1.937318 
2.320294 
2.061967 
1.726870 
2.495764 
2.117036 
2.426414 
2.636746 
2.652473 
2.772096 
2.544340 
2.523725 
2.412336 
2.305199 
2.607235 
2.179639 
1.743642 
1.920547 
1.454983 
1.932712 
1.869768 
2.099136 
2.074086 
2.041381 
1.970213 
2.148557 
2.336793 
1.661480 
1.888290 
1.797675 
2.143079 
2.000877 
2.252246 
2.104289 
1.804421 
2.264754 
1.633178 
1.663680 
1.822619 
1.709274 
3.360904 
1.814480 
1.686188 
2.008571 
1.622668 
1.415816 
2.450349 
2.431220 
1.481740 
1.769018 
1.209016 
1.738198 
2.024453 
1.395708 
1.932124 
1.610816 
1.824286 
1.657085 
1.772235 
1.757613 
2.608407 
2.561879 
1.286010 
1.977334 
2.318112 
1.724654 
1.337422 
1.561977 
1.368014 
1.655028 
2.436103 
1.479511 
1.403841 
1.339942 
2.078056 
1.968445 
1.960722 
1.150051 
1.426842 
1.615853 
1.641837 
1.847811 
1.397037 
1.515168 
1.669693 
2.978179 
3.767971 
1.875938 
1.375621 
2.713166 
1.514323 
1.462015 
1.093414 
1.658479 
2.823659 
1.651087 
1.415978 
4.888908 
3.848732 
4.037274 
4.011080 
4.398359 
3.906534 
4.252227 
4.133016 
3.974492 
3.443971 
1.227047 
2.235053 
3.527790 
3.221681 
2.323329 
2.685261 
3.697322 
3.031851 
2.692501 
2.369914 
2.433347 
2.320549 
2.788233 
2.684156 
3.160503 
3.273391 
2.979931 
2.517493 
3.003657 
2.590118 
3.124414 
2.877648 
2.435570 
2.747840 
2.835648 
2.592244 
3.016030 
3.014792 
2.785995 
2.675067 
3.524870 
2.680710 
3.162277 
2.801265 
3.347588 
3.730963 
3.147099 
2.855113 
3.055583 
3.467500 
2.723400 
2.911040 
2.921614 
2.558537 
2.763204 
3.068300 
3.341179 
2.843533 
3.074888 
3.204771 
4.026249 
3.370056 
2.981506 
2.882426 
3.089557 
2.939756 
2.558262 
2.880142 
3.361807 
3.200920 
3.101318 
2.571279 
3.276941 
3.081908 
2.866850 
3.528897 
3.075263 
3.078104 
3.120959 
3.111750 
3.350493 
2.900451 
3.044393 
2.564041 
2.962194 
3.640547 
3.174567 
3.500400 
2.860590 
3.582279 
3.051618 
3.126821 
3.035373 
3.401924 
2.605392 
2.905975 
3.030213 
2.692183 
3.109259 
2.892860 
2.935616 
3.025391 
2.617307 
2.896309 
2.763301 
3.238943 
3.263682 
3.023417 
3.210545 
3.180628 
2.928326 
2.956736 
2.873855 
2.836626 
3.157531 
3.063329 
2.671739 
3.020824 
3.074582 
3.250153 
2.966267 
2.697217 
2.993811 
2.847790 
3.010135 
2.963232 
3.214490 
3.109744 
2.964876 
2.845360 
2.779856 
2.735319 
3.152092 
3.105606 
2.818788 
2.538236 
3.000475 
2.976060 
3.007223 
3.085373 
2.915723 
3.590486 
3.007071 
2.651004 
2.983101 
3.133261 
3.291252 
3.262648 
2.962945 
2.962416 
2.560893 
2.686021 
3.427994 
3.751334 
2.561061 
3.141060 
3.842639 
3.273725 
3.353282 
2.925339 
4.707757 
2.779693 
2.845196 
3.295129 
3.123406 
2.625104 
2.755319 
3.263675 
3.310342 
3.248366 
3.063396 
2.723773 
2.763291 
2.712573 
3.041468 
2.694816 
2.995813 
4.168311 
2.843636 
2.980589 
