Episode: 1: [[0.2 0.2 0.2 0.2 0.2]] 
Episode: 2: [[0.2001 0.1999 0.1999 0.1999 0.1999]] 
Episode: 3: [[0.20010135 0.19992703 0.19989641 0.19989173 0.19989066]] 
Episode: 4: [[0.20008978 0.19995607 0.19990651 0.19989872 0.19989744]] 
Episode: 5: [[0.20010273 0.19992606 0.19987795 0.19990574 0.19990283]] 
Episode: 6: [[0.20006377 0.19986641 0.19984809 0.19996026 0.19995695]] 
Episode: 7: [[0.20007063 0.19981167 0.1997907  0.19998448 0.19997993]] 
Episode: 8: [[0.20002651 0.19974893 0.19976464 0.2000392  0.20003432]] 
Episode: 9: [[0.20001669 0.19975084 0.19972037 0.20004793 0.20004247]] 
Episode: 10: [[0.20001355 0.19975097 0.1996639  0.20005433 0.2000481 ]] 
Episode: 11: [[0.20001781 0.19974223 0.19959494 0.20006171 0.20005444]] 
Episode: 12: [[0.20002742 0.19971782 0.19951661 0.20007586 0.20006698]] 
Episode: 13: [[0.20003623 0.19968134 0.19943397 0.20009775 0.20008698]] 
Episode: 14: [[0.20006034 0.19964175 0.19934687 0.20011146 0.20009907]] 
Episode: 15: [[0.20008878 0.1995997  0.19925779 0.20012411 0.20010996]] 
Episode: 16: [[0.20014054 0.19956562 0.19916938 0.2001126  0.20009667]] 
Episode: 17: [[0.20020725 0.19956954 0.1990756  0.20007403 0.2000568 ]] 
Episode: 18: [[0.20026311 0.19953772 0.19897911 0.20006664 0.20004761]] 
Episode: 19: [[0.20033412 0.19955473 0.19888249 0.20002635 0.2000056 ]] 
Episode: 20: [[0.20033583 0.19952668 0.19888547 0.20003901 0.20001857]] 
Episode: 21: [[0.20033379 0.19950454 0.19890693 0.20004657 0.20002663]] 
Episode: 22: [[0.20033717 0.19948594 0.19891773 0.2000511  0.20003141]] 
Episode: 23: [[0.2003289  0.19947912 0.19893703 0.20005542 0.20003672]] 
Episode: 24: [[0.20030718 0.1994711  0.19896448 0.2000686  0.20005059]] 
Episode: 25: [[0.20028777 0.19946569 0.19898598 0.2000803  0.20006269]] 
Episode: 26: [[0.20027752 0.19946301 0.19899824 0.20008619 0.2000688 ]] 
Episode: 27: [[0.20024142 0.19943057 0.19902171 0.20012319 0.20010564]] 
Episode: 28: [[0.20020463 0.19939998 0.19905148 0.20015836 0.20014068]] 
Episode: 29: [[0.20018645 0.19938391 0.19907664 0.20017388 0.20015636]] 
Episode: 30: [[0.20015134 0.19939052 0.1991285  0.20018333 0.20016605]] 
Episode: 31: [[0.20012401 0.1994016  0.19917722 0.20018539 0.20016837]] 
Episode: 32: [[0.20010397 0.1994179  0.19922526 0.20017943 0.20016277]] 
Episode: 33: [[0.20008738 0.19944155 0.19927722 0.20016584 0.20014961]] 
Episode: 34: [[0.20007324 0.19947526 0.19933505 0.20014329 0.20012753]] 
Episode: 35: [[0.20004821 0.19952352 0.19941059 0.20011282 0.20009747]] 
Episode: 36: [[0.20003621 0.19957134 0.19948082 0.20007524 0.20006035]] 
Episode: 37: [[0.20003222 0.19962427 0.19955474 0.20002839 0.20001402]] 
Episode: 38: [[0.20005986 0.1996622  0.19959264 0.19997422 0.19996016]] 
Episode: 39: [[0.20008454 0.19968723 0.19961038 0.19993553 0.19992189]] 
Episode: 40: [[0.20010921 0.1997104  0.19962807 0.19989787 0.19988462]] 
Episode: 41: [[0.20013618 0.19973308 0.19964468 0.19985905 0.19984615]] 
Episode: 42: [[0.20017587 0.19976407 0.19965227 0.19980912 0.19979584]] 
Episode: 43: [[0.20021926 0.1998     0.19967106 0.19975138 0.19973731]] 
Episode: 44: [[0.20026127 0.19982816 0.19967762 0.19970228 0.19968751]] 
Episode: 45: [[0.20030434 0.19984727 0.19967069 0.19966103 0.19964547]] 
Episode: 46: [[0.20035836 0.19988507 0.19969754 0.19959624 0.19958033]] 
Episode: 47: [[0.20042211 0.19992942 0.19973639 0.19951957 0.19950339]] 
Episode: 48: [[0.20047407 0.19997294 0.19977848 0.19945042 0.19943377]] 
Episode: 49: [[0.20047534 0.19999088 0.19978778 0.19944033 0.19942312]] 
Episode: 50: [[0.2004723  0.20001097 0.19980086 0.19943132 0.19941357]] 
Episode: 51: [[0.20042971 0.20000115 0.19977412 0.19946897 0.1994506 ]] 
Episode: 52: [[0.20037068 0.19995518 0.19970676 0.19953696 0.19951797]] 
Episode: 53: [[0.20030476 0.19990234 0.199632   0.19961286 0.19959307]] 
Episode: 54: [[0.20023388 0.19985051 0.19955799 0.19969064 0.19967066]] 
Episode: 55: [[0.20016977 0.19982094 0.1995123  0.19974959 0.19972917]] 
Episode: 56: [[0.2001364  0.19979954 0.19947621 0.19978596 0.19976512]] 
Episode: 57: [[0.200101   0.1997803  0.19944215 0.19982223 0.199801  ]] 
Episode: 58: [[0.20006305 0.19977409 0.19941969 0.19985254 0.19983113]] 
Episode: 59: [[0.20003447 0.19975689 0.19938092 0.19988587 0.19986454]] 
Episode: 60: [[0.20000441 0.19976678 0.19938034 0.19989958 0.1998784 ]] 
Episode: 61: [[0.19998501 0.1997726  0.19937511 0.19991015 0.19988917]] 
Episode: 62: [[0.19998036 0.19979474 0.19939896 0.19989741 0.19987686]] 
Episode: 63: [[0.19998659 0.19982643 0.1994472  0.19986726 0.19984715]] 
Episode: 64: [[0.20000015 0.19985709 0.19949792 0.19983274 0.19981301]] 
Episode: 65: [[0.20002206 0.19988647 0.19954686 0.19979474 0.19977543]] 
Episode: 66: [[0.20003681 0.1999166  0.19959335 0.19976106 0.19974236]] 
Episode: 67: [[0.20001096 0.19995674 0.19964598 0.19974591 0.19972782]] 
Episode: 68: [[0.19998448 0.19999954 0.19970015 0.19972947 0.19971243]] 
Episode: 69: [[0.19996311 0.2000243  0.19972475 0.19972542 0.19970903]] 
Episode: 70: [[0.19992697 0.20005797 0.19975919 0.19972417 0.19970848]] 
Episode: 71: [[0.19990648 0.2001025  0.19980603 0.19970517 0.19969071]] 
Episode: 72: [[0.19990005 0.20013955 0.1998418  0.19968416 0.19967057]] 
Episode: 73: [[0.1998935  0.20016977 0.19986846 0.19966887 0.19965558]] 
Episode: 74: [[0.19988893 0.20020548 0.19989897 0.19964908 0.19963633]] 
Episode: 75: [[0.19990145 0.20024888 0.19993201 0.19961533 0.199604  ]] 
Episode: 76: [[0.19992591 0.20029694 0.19996536 0.19957285 0.1995629 ]] 
Episode: 77: [[0.19995701 0.20033754 0.19998938 0.19953185 0.19952312]] 
Episode: 78: [[0.19998734 0.2003707  0.20000648 0.1994963  0.19948831]] 
Episode: 79: [[0.20000483 0.2003933  0.20001659 0.19947487 0.19946684]] 
Episode: 80: [[0.20002383 0.20040552 0.20001678 0.19945963 0.1994507 ]] 
Episode: 81: [[0.200046   0.20037079 0.19997893 0.19947472 0.19946158]] 
Episode: 82: [[0.20006941 0.20033532 0.19994035 0.19948943 0.19947247]] 
Episode: 83: [[0.20008196 0.20030433 0.19990751 0.19950645 0.1994864 ]] 
Episode: 84: [[0.20009601 0.20027646 0.1998773  0.19952036 0.19949754]] 
Episode: 85: [[0.20011018 0.20025048 0.19984981 0.19953237 0.19950715]] 
Episode: 86: [[0.20012677 0.20022614 0.19982302 0.19954191 0.19951469]] 
Episode: 87: [[0.20010032 0.20020604 0.19981755 0.19956964 0.19953889]] 
Episode: 88: [[0.20007835 0.20018749 0.19981208 0.19959366 0.19955994]] 
Episode: 89: [[0.20006442 0.20016776 0.19980286 0.19961417 0.19957776]] 
Episode: 90: [[0.20006171 0.20014873 0.19979003 0.19962785 0.1995901 ]] 
Episode: 91: [[0.20005576 0.2001285  0.19977717 0.19964379 0.19960523]] 
Episode: 92: [[0.20005426 0.20010947 0.1997623  0.19965659 0.19961837]] 
Episode: 93: [[0.20005779 0.20009266 0.19974615 0.19966511 0.19962867]] 
Episode: 94: [[0.20006672 0.20008047 0.19973306 0.19966774 0.19963239]] 
Episode: 95: [[0.20006531 0.20006725 0.19972228 0.19967678 0.19964212]] 
Episode: 96: [[0.20006995 0.20005363 0.19970885 0.19968268 0.19964932]] 
Episode: 97: [[0.2000692  0.20005022 0.1997073  0.19968532 0.19965112]] 
Episode: 98: [[0.2000717  0.20004137 0.19969963 0.19968939 0.19965553]] 
Episode: 99: [[0.2000672  0.20002817 0.19968943 0.19970018 0.19966719]] 
Episode: 100: [[0.200071   0.20001696 0.19967835 0.19970535 0.19967286]] 
Episode: 101: [[0.2000819  0.20002198 0.19967513 0.19969785 0.199665  ]] 
Episode: 102: [[0.2000921  0.20003742 0.19967765 0.19968468 0.1996523 ]] 
Episode: 103: [[0.2001094  0.2000544  0.19967964 0.19966687 0.1996343 ]] 
Episode: 104: [[0.20013446 0.20006868 0.1996781  0.19964613 0.19961353]] 
Episode: 105: [[0.20016317 0.20008251 0.19967572 0.19962288 0.19959135]] 
Episode: 106: [[0.20019253 0.20009048 0.19966981 0.199602   0.19957262]] 
Episode: 107: [[0.20021926 0.20010087 0.19966668 0.19958127 0.19955347]] 
Episode: 108: [[0.20023386 0.20011185 0.19967015 0.19956695 0.19953848]] 
Episode: 109: [[0.20024717 0.20012043 0.19967276 0.19955471 0.19952539]] 
Episode: 110: [[0.20025472 0.20012546 0.19967957 0.19954649 0.19951528]] 
Episode: 111: [[0.20026997 0.20011592 0.19968    0.19953941 0.19950876]] 
Episode: 112: [[0.20028494 0.20009974 0.19967756 0.1995362  0.19950548]] 
Episode: 113: [[0.20029518 0.20008147 0.19967422 0.19953655 0.19950706]] 
Episode: 114: [[0.20031406 0.20005892 0.19966416 0.19953407 0.1995079 ]] 
Episode: 115: [[0.20035149 0.20002393 0.19964997 0.19952546 0.19950148]] 
Episode: 116: [[0.2003861  0.19999138 0.19963683 0.19951725 0.19949596]] 
Episode: 117: [[0.20040709 0.199967   0.19962712 0.19951281 0.1994966 ]] 
Episode: 118: [[0.2004248  0.19994886 0.1996173  0.19950835 0.19949727]] 
Episode: 119: [[0.20044084 0.19993217 0.19960713 0.19950464 0.19949867]] 
Episode: 120: [[0.20044722 0.19991887 0.19959761 0.1995048  0.19950636]] 
Episode: 121: [[0.2004612  0.19991784 0.19959074 0.19949624 0.19950174]] 
Episode: 122: [[0.20046617 0.1999285  0.19959185 0.199487   0.1994958 ]] 
Episode: 123: [[0.20045923 0.19994493 0.19959943 0.19948207 0.19949293]] 
Episode: 124: [[0.20046292 0.19995768 0.19960083 0.19947323 0.19948657]] 
Episode: 125: [[0.20046751 0.19997318 0.19960041 0.1994632  0.19947949]] 
Episode: 126: [[0.20046891 0.2000021  0.19961151 0.19944751 0.1994643 ]] 
Episode: 127: [[0.20046343 0.20003492 0.19963044 0.19943233 0.19944945]] 
Episode: 128: [[0.2004626  0.20007311 0.19965178 0.1994116  0.19942811]] 
Episode: 129: [[0.2004597  0.20010926 0.19967324 0.1993932  0.19940867]] 
Episode: 130: [[0.20049155 0.20009363 0.19964768 0.1993785  0.19941044]] 
Episode: 131: [[0.20053175 0.20008184 0.19962324 0.19935764 0.19940232]] 
Episode: 132: [[0.20056732 0.20007335 0.19960323 0.1993378  0.19939373]] 
Episode: 133: [[0.20060053 0.20006374 0.19958283 0.19932066 0.199387  ]] 
Episode: 134: [[0.20062903 0.20005311 0.19956596 0.1993067  0.19938186]] 
Episode: 135: [[0.2006508  0.20009154 0.19958955 0.19926773 0.1993404 ]] 
Episode: 136: [[0.20066561 0.20012097 0.19961113 0.19923815 0.1993082 ]] 
Episode: 137: [[0.20068485 0.20014405 0.19962573 0.19921044 0.19927883]] 
Episode: 138: [[0.20079803 0.2000309  0.19951256 0.19932358 0.19939199]] 
Episode: 139: [[0.2009116  0.19991733 0.199399   0.19943714 0.19950555]] 
Episode: 140: [[0.20101419 0.19981474 0.1992964  0.19953974 0.19960815]] 
Episode: 141: [[0.20110689 0.19972204 0.1992037  0.19963244 0.19970085]] 
Episode: 142: [[0.2009922  0.19983675 0.19931841 0.19951773 0.19958614]] 
Episode: 143: [[0.20088857 0.19994037 0.19942203 0.1994141  0.19948252]] 
Episode: 144: [[0.20079497 0.20003398 0.19951564 0.1993205  0.1993889 ]] 
Episode: 145: [[0.2007104  0.20011854 0.1996002  0.19923593 0.19930434]] 
Episode: 146: [[0.200634   0.20019494 0.1996766  0.19915953 0.19922794]] 
Episode: 147: [[0.200565   0.20026395 0.19974561 0.19909053 0.19915894]] 
Episode: 148: [[0.20050266 0.20032628 0.19980794 0.1990282  0.1990966 ]] 
Episode: 149: [[0.20044635 0.20038259 0.19986425 0.19897188 0.1990403 ]] 
Episode: 150: [[0.2003955  0.20043345 0.19991511 0.19892102 0.19898944]] 
Episode: 151: [[0.20034955 0.20047939 0.19996105 0.19887508 0.1989435 ]] 
Episode: 152: [[0.20030805 0.20052089 0.20000255 0.19883358 0.198902  ]] 
Episode: 153: [[0.20027058 0.20055836 0.20004003 0.19879611 0.19886452]] 
Episode: 154: [[0.20023672 0.20059222 0.20007388 0.19876225 0.19883066]] 
Episode: 155: [[0.20020615 0.2006228  0.20010446 0.19873168 0.19880009]] 
Episode: 156: [[0.20017853 0.20065041 0.20013207 0.19870406 0.19877248]] 
Episode: 157: [[0.2001536  0.20067534 0.200157   0.19867913 0.19874755]] 
Episode: 158: [[0.20013109 0.20069785 0.20017952 0.19865662 0.19872503]] 
Episode: 159: [[0.20011075 0.2007182  0.20019986 0.19863628 0.19870469]] 
Episode: 160: [[0.20009238 0.20073657 0.20021823 0.1986179  0.19868632]] 
Episode: 161: [[0.20007579 0.20075315 0.20023482 0.19860132 0.19866973]] 
Episode: 162: [[0.20006081 0.20076813 0.20024979 0.19858634 0.19865476]] 
Episode: 163: [[0.20004728 0.20078166 0.20026332 0.19857281 0.19864123]] 
Episode: 164: [[0.20003507 0.20079388 0.20027554 0.1985606  0.198629  ]] 
Episode: 165: [[0.20002404 0.2008049  0.20028657 0.19854957 0.19861798]] 
Episode: 166: [[0.20001408 0.20081486 0.20029652 0.19853961 0.19860803]] 
Episode: 167: [[0.2000051  0.20082384 0.2003055  0.19853063 0.19859904]] 
Episode: 168: [[0.19999698 0.20083196 0.20031363 0.19852251 0.19859092]] 
Episode: 169: [[0.19998965 0.2008393  0.20032096 0.19851518 0.19858359]] 
Episode: 170: [[0.19998303 0.20084591 0.20032758 0.19850856 0.19857697]] 
Episode: 171: [[0.19997706 0.20085189 0.20033355 0.19850259 0.198571  ]] 
Episode: 172: [[0.19997166 0.20085728 0.20033894 0.19849719 0.1985656 ]] 
Episode: 173: [[0.19996679 0.20086215 0.20034382 0.19849232 0.19856073]] 
Episode: 174: [[0.19996239 0.20086655 0.20034821 0.19848792 0.19855633]] 
Episode: 175: [[0.19995843 0.20087053 0.20035218 0.19848394 0.19855236]] 
Episode: 176: [[0.19995484 0.20087412 0.20035577 0.19848035 0.19854876]] 
Episode: 177: [[0.1999516  0.20087735 0.200359   0.19847712 0.19854553]] 
Episode: 178: [[0.19994868 0.20088027 0.20036192 0.1984742  0.19854261]] 
Episode: 179: [[0.19994605 0.20088291 0.20036456 0.19847156 0.19853997]] 
Episode: 180: [[0.19994366 0.2008853  0.20036694 0.19846918 0.19853759]] 
Episode: 181: [[0.19994152 0.20088744 0.20036909 0.19846703 0.19853544]] 
Episode: 182: [[0.19993958 0.20088938 0.20037103 0.1984651  0.1985335 ]] 
Episode: 183: [[0.19993782 0.20089114 0.20037279 0.19846334 0.19853175]] 
Episode: 184: [[0.19993624 0.20089272 0.20037436 0.19846176 0.19853017]] 
Episode: 185: [[0.19993481 0.20089415 0.2003758  0.19846033 0.19852874]] 
Episode: 186: [[0.19993353 0.20089543 0.20037708 0.19845904 0.19852746]] 
Episode: 187: [[0.19993237 0.20089659 0.20037824 0.19845788 0.1985263 ]] 
Episode: 188: [[0.19993132 0.20089763 0.20037928 0.19845684 0.19852525]] 
Episode: 189: [[0.19993037 0.20089859 0.20038024 0.19845589 0.1985243 ]] 
Episode: 190: [[0.19992952 0.20089944 0.20038109 0.19845504 0.19852345]] 
Episode: 191: [[0.19992875 0.20090021 0.20038186 0.19845426 0.19852267]] 
Episode: 192: [[0.19992805 0.20090091 0.20038256 0.19845356 0.19852197]] 
Episode: 193: [[0.19992742 0.20090154 0.20038319 0.19845293 0.19852135]] 
Episode: 194: [[0.19992685 0.2009021  0.20038375 0.19845237 0.19852078]] 
Episode: 195: [[0.19992635 0.20090261 0.20038426 0.19845186 0.19852027]] 
Episode: 196: [[0.19992588 0.20090307 0.20038472 0.1984514  0.19851981]] 
Episode: 197: [[0.19992547 0.20090349 0.20038514 0.19845098 0.1985194 ]] 
Episode: 198: [[0.1999251  0.20090386 0.20038551 0.19845061 0.19851902]] 
Episode: 199: [[0.19992475 0.2009042  0.20038585 0.19845027 0.19851868]] 
Episode: 200: [[0.19992444 0.20090452 0.20038617 0.19844995 0.19851837]] 
Episode: 201: [[0.19992416 0.2009048  0.20038645 0.19844967 0.19851808]] 
Episode: 202: [[0.1999239  0.20090505 0.2003867  0.19844942 0.19851783]] 
Episode: 203: [[0.19992368 0.20090528 0.20038693 0.1984492  0.1985176 ]] 
Episode: 204: [[0.19992347 0.20090549 0.20038714 0.19844899 0.1985174 ]] 
Episode: 205: [[0.19992329 0.20090567 0.20038731 0.1984488  0.19851722]] 
Episode: 206: [[0.19992313 0.20090583 0.20038748 0.19844864 0.19851705]] 
Episode: 207: [[0.19992298 0.20090598 0.20038763 0.1984485  0.1985169 ]] 
Episode: 208: [[0.19992284 0.20090611 0.20038776 0.19844836 0.19851677]] 
Episode: 209: [[0.19992273 0.20090623 0.20038788 0.19844824 0.19851665]] 
Episode: 210: [[0.19992262 0.20090634 0.20038798 0.19844814 0.19851655]] 
Episode: 211: [[0.19992252 0.20090644 0.20038809 0.19844803 0.19851644]] 
Episode: 212: [[0.19992243 0.20090653 0.20038818 0.19844794 0.19851635]] 
Episode: 213: [[0.19992235 0.2009066  0.20038825 0.19844787 0.19851628]] 
Episode: 214: [[0.19992228 0.20090668 0.20038833 0.1984478  0.1985162 ]] 
Episode: 215: [[0.19992222 0.20090674 0.20038839 0.19844773 0.19851615]] 
Episode: 216: [[0.19992216 0.2009068  0.20038845 0.19844767 0.19851609]] 
Episode: 217: [[0.1999221  0.20090686 0.2003885  0.19844761 0.19851603]] 
Episode: 218: [[0.19992206 0.2009069  0.20038855 0.19844757 0.19851598]] 
Episode: 219: [[0.19992201 0.20090695 0.2003886  0.19844753 0.19851594]] 
Episode: 220: [[0.19992197 0.20090699 0.20038864 0.19844748 0.19851589]] 
Episode: 221: [[0.19992194 0.20090702 0.20038867 0.19844745 0.19851586]] 
Episode: 222: [[0.1999219  0.20090705 0.2003887  0.19844742 0.19851583]] 
Episode: 223: [[0.19992188 0.20090708 0.20038873 0.19844739 0.1985158 ]] 
Episode: 224: [[0.19992185 0.20090711 0.20038876 0.19844736 0.19851577]] 
Episode: 225: [[0.19992182 0.20090714 0.20038879 0.19844733 0.19851574]] 
Episode: 226: [[0.1999218  0.20090716 0.2003888  0.19844732 0.19851573]] 
Episode: 227: [[0.19992179 0.20090717 0.20038882 0.1984473  0.19851571]] 
Episode: 228: [[0.19992177 0.20090719 0.20038883 0.19844729 0.1985157 ]] 
Episode: 229: [[0.19992176 0.2009072  0.20038885 0.19844727 0.19851568]] 
Episode: 230: [[0.19992174 0.20090722 0.20038886 0.19844726 0.19851567]] 
Episode: 231: [[0.19992173 0.20090723 0.20038888 0.19844724 0.19851565]] 
Episode: 232: [[0.19992171 0.20090725 0.2003889  0.19844723 0.19851564]] 
Episode: 233: [[0.1999217  0.20090726 0.20038891 0.19844721 0.19851562]] 
Episode: 234: [[0.19992168 0.20090728 0.20038892 0.1984472  0.19851561]] 
Episode: 235: [[0.19992167 0.20090729 0.20038894 0.19844718 0.1985156 ]] 
Episode: 236: [[0.19992165 0.2009073  0.20038895 0.19844717 0.19851558]] 
Episode: 237: [[0.19992165 0.2009073  0.20038895 0.19844717 0.19851558]] 
Episode: 238: [[0.19992165 0.2009073  0.20038895 0.19844717 0.19851558]] 
Episode: 239: [[0.19992165 0.2009073  0.20038895 0.19844717 0.19851558]] 
Episode: 240: [[0.19992165 0.2009073  0.20038895 0.19844717 0.19851558]] 
Episode: 241: [[0.19992165 0.2009073  0.20038895 0.19844717 0.19851558]] 
Episode: 242: [[0.19992165 0.2009073  0.20038895 0.19844717 0.19851558]] 
Episode: 243: [[0.19992165 0.2009073  0.20038895 0.19844717 0.19851558]] 
Episode: 244: [[0.19992165 0.2009073  0.20038895 0.19844717 0.19851558]] 
Episode: 245: [[0.19992165 0.2009073  0.20038895 0.19844717 0.19851558]] 
Episode: 246: [[0.19992165 0.2009073  0.20038895 0.19844717 0.19851558]] 
Episode: 247: [[0.19992165 0.2009073  0.20038895 0.19844717 0.19851558]] 
Episode: 248: [[0.19992165 0.2009073  0.20038895 0.19844717 0.19851558]] 
Episode: 249: [[0.19992165 0.2009073  0.20038895 0.19844717 0.19851558]] 
Episode: 250: [[0.19992165 0.2009073  0.20038895 0.19844717 0.19851558]] 
Episode: 251: [[0.19992165 0.2009073  0.20038895 0.19844717 0.19851558]] 
Episode: 252: [[0.19992165 0.2009073  0.20038895 0.19844717 0.19851558]] 
Episode: 253: [[0.19992165 0.2009073  0.20038895 0.19844717 0.19851558]] 
Episode: 254: [[0.19992165 0.2009073  0.20038895 0.19844717 0.19851558]] 
Episode: 255: [[0.19992165 0.2009073  0.20038895 0.19844717 0.19851558]] 
Episode: 256: [[0.19992165 0.2009073  0.20038895 0.19844717 0.19851558]] 
Episode: 257: [[0.19992165 0.2009073  0.20038895 0.19844717 0.19851558]] 
Episode: 258: [[0.19992165 0.2009073  0.20038895 0.19844717 0.19851558]] 
Episode: 259: [[0.19992165 0.2009073  0.20038895 0.19844717 0.19851558]] 
Episode: 260: [[0.19992165 0.2009073  0.20038895 0.19844717 0.19851558]] 
Episode: 261: [[0.19992165 0.2009073  0.20038895 0.19844717 0.19851558]] 
Episode: 262: [[0.19992165 0.2009073  0.20038895 0.19844717 0.19851558]] 
Episode: 263: [[0.19992165 0.2009073  0.20038895 0.19844717 0.19851558]] 
Episode: 264: [[0.19992165 0.2009073  0.20038895 0.19844717 0.19851558]] 
Episode: 265: [[0.19992165 0.2009073  0.20038895 0.19844717 0.19851558]] 
Episode: 266: [[0.19992165 0.2009073  0.20038895 0.19844717 0.19851558]] 
Episode: 267: [[0.19992165 0.2009073  0.20038895 0.19844717 0.19851558]] 
Episode: 268: [[0.19992165 0.2009073  0.20038895 0.19844717 0.19851558]] 
Episode: 269: [[0.19992165 0.2009073  0.20038895 0.19844717 0.19851558]] 
Episode: 270: [[0.19992165 0.2009073  0.20038895 0.19844717 0.19851558]] 
Episode: 271: [[0.19992165 0.2009073  0.20038895 0.19844717 0.19851558]] 
Episode: 272: [[0.19992165 0.2009073  0.20038895 0.19844717 0.19851558]] 
Episode: 273: [[0.19992165 0.2009073  0.20038895 0.19844717 0.19851558]] 
Episode: 274: [[0.19992165 0.2009073  0.20038895 0.19844717 0.19851558]] 
Episode: 275: [[0.19992165 0.2009073  0.20038895 0.19844717 0.19851558]] 
Episode: 276: [[0.19992165 0.2009073  0.20038895 0.19844717 0.19851558]] 
Episode: 277: [[0.19992165 0.2009073  0.20038895 0.19844717 0.19851558]] 
Episode: 278: [[0.19992165 0.2009073  0.20038895 0.19844717 0.19851558]] 
Episode: 279: [[0.19992165 0.2009073  0.20038895 0.19844717 0.19851558]] 
Episode: 280: [[0.19992165 0.2009073  0.20038895 0.19844717 0.19851558]] 
Episode: 281: [[0.19992165 0.2009073  0.20038895 0.19844717 0.19851558]] 
Episode: 282: [[0.19992165 0.2009073  0.20038895 0.19844717 0.19851558]] 
Episode: 283: [[0.19992165 0.2009073  0.20038895 0.19844717 0.19851558]] 
Episode: 284: [[0.19992165 0.2009073  0.20038895 0.19844717 0.19851558]] 
Episode: 285: [[0.19992165 0.2009073  0.20038895 0.19844717 0.19851558]] 
Episode: 286: [[0.19992165 0.2009073  0.20038895 0.19844717 0.19851558]] 
Episode: 287: [[0.19992165 0.2009073  0.20038895 0.19844717 0.19851558]] 
Episode: 288: [[0.19992165 0.2009073  0.20038895 0.19844717 0.19851558]] 
Episode: 289: [[0.19992165 0.2009073  0.20038895 0.19844717 0.19851558]] 
Episode: 290: [[0.19992165 0.2009073  0.20038895 0.19844717 0.19851558]] 
Episode: 291: [[0.19992165 0.2009073  0.20038895 0.19844717 0.19851558]] 
Episode: 292: [[0.19992165 0.2009073  0.20038895 0.19844717 0.19851558]] 
Episode: 293: [[0.19992165 0.2009073  0.20038895 0.19844717 0.19851558]] 
Episode: 294: [[0.19992165 0.2009073  0.20038895 0.19844717 0.19851558]] 
Episode: 295: [[0.19992165 0.2009073  0.20038895 0.19844717 0.19851558]] 
Episode: 296: [[0.19992165 0.2009073  0.20038895 0.19844717 0.19851558]] 
Episode: 297: [[0.19992165 0.2009073  0.20038895 0.19844717 0.19851558]] 
Episode: 298: [[0.19992165 0.2009073  0.20038895 0.19844717 0.19851558]] 
Episode: 299: [[0.19992165 0.2009073  0.20038895 0.19844717 0.19851558]] 
Episode: 300: [[0.19992165 0.2009073  0.20038895 0.19844717 0.19851558]] 
Episode: 301: [[0.19992165 0.2009073  0.20038895 0.19844717 0.19851558]] 
Episode: 302: [[0.19992165 0.2009073  0.20038895 0.19844717 0.19851558]] 
Episode: 303: [[0.19992165 0.2009073  0.20038895 0.19844717 0.19851558]] 
Episode: 304: [[0.19992165 0.2009073  0.20038895 0.19844717 0.19851558]] 
Episode: 305: [[0.19992165 0.2009073  0.20038895 0.19844717 0.19851558]] 
Episode: 306: [[0.19992165 0.2009073  0.20038895 0.19844717 0.19851558]] 
Episode: 307: [[0.19992165 0.2009073  0.20038895 0.19844717 0.19851558]] 
Episode: 308: [[0.19992165 0.2009073  0.20038895 0.19844717 0.19851558]] 
Episode: 309: [[0.19992165 0.2009073  0.20038895 0.19844717 0.19851558]] 
Episode: 310: [[0.19992165 0.2009073  0.20038895 0.19844717 0.19851558]] 
Episode: 311: [[0.19992165 0.2009073  0.20038895 0.19844717 0.19851558]] 
Episode: 312: [[0.19992165 0.2009073  0.20038895 0.19844717 0.19851558]] 
Episode: 313: [[0.19992165 0.2009073  0.20038895 0.19844717 0.19851558]] 
Episode: 314: [[0.19992165 0.2009073  0.20038895 0.19844717 0.19851558]] 
Episode: 315: [[0.19992165 0.2009073  0.20038895 0.19844717 0.19851558]] 
Episode: 316: [[0.19992165 0.2009073  0.20038895 0.19844717 0.19851558]] 
