83.150520 67.724220 68.249397 66.950462 65.109093 0.000000 
79.243729 69.873024 70.738548 71.778450 67.036201 0.027976 
79.165192 69.542488 71.609650 70.740318 59.846760 0.027976 
74.922058 69.584267 70.428589 67.037148 52.474316 0.000000 
83.765312 71.675941 70.704193 69.576584 71.019867 0.019782 
79.479858 59.754665 59.845966 61.030060 56.436153 0.000000 
79.494698 71.896049 72.473839 72.367905 67.288605 0.019782 
76.939491 69.786728 68.206436 64.646317 49.304955 0.000000 
80.799187 76.944489 75.516533 72.943512 70.560585 0.000000 
73.957397 63.426273 64.003433 66.504822 59.841419 0.000000 
80.645813 72.286087 72.412239 71.192116 60.308491 0.019782 
76.051720 69.436867 68.326462 64.695442 58.417488 0.027976 
79.069664 68.776955 66.098587 68.067017 66.180412 0.027976 
77.878990 65.814117 68.002335 66.686523 65.980362 0.000000 
83.986244 75.025200 73.032898 73.289833 62.227467 0.000000 
80.731262 71.333954 72.320351 71.833145 64.996880 0.000000 
75.211624 65.587646 63.735512 65.292068 58.567524 0.000000 
84.121819 69.236160 70.408615 62.909573 57.717411 0.000000 
76.639709 68.350739 65.678116 65.719315 58.618504 0.000000 
81.006775 73.061569 72.912750 67.052147 60.969368 0.000000 
