87.532127 89.622742 93.818611 94.443619 92.458176 0.027976 
85.326210 99.004845 96.843681 97.439217 98.488960 0.000000 
86.980278 82.722137 87.085617 88.203491 90.196175 0.000000 
97.295654 99.968048 98.504295 99.774078 101.072479 0.027976 
90.886826 87.907082 93.895607 93.949265 93.805595 0.000000 
86.338768 95.491882 95.844795 98.176804 99.905945 0.019782 
89.581627 107.252502 102.803284 101.735237 98.710106 0.000000 
90.958755 86.887199 92.262115 92.116035 93.912422 0.000000 
85.607224 110.034500 108.182907 106.158615 109.021057 0.000000 
96.448593 110.615974 107.957275 105.970108 104.087234 0.019782 
97.088821 99.998161 101.660927 100.714165 99.286995 0.000000 
87.476433 70.689285 73.247604 84.249702 81.706490 0.019782 
91.560165 83.110893 85.655235 88.637199 91.553764 0.000000 
86.816719 85.984131 89.233086 97.204681 99.521118 0.000000 
92.917778 103.190804 100.871918 97.572701 98.817848 0.000000 
88.654907 92.416565 93.752960 90.651474 91.856071 0.000000 
90.493515 78.718979 89.051994 93.399101 100.973763 0.000000 
91.135040 99.147583 104.778511 104.227112 98.906845 0.000000 
87.674332 94.410950 98.751938 94.529648 95.738297 0.019782 
93.424065 86.875786 93.167709 94.939308 93.370148 0.000000 
