77.286331 126.233994 72.929337 69.644066 81.489532 0.000000 
73.401779 67.783836 78.441750 66.096703 98.560417 0.000000 
91.183075 44.827026 58.933270 70.720879 78.879608 0.019782 
81.409645 85.247169 105.060989 59.482605 92.835312 0.000000 
82.071907 18.887918 96.769669 76.522842 94.681992 0.019782 
78.064850 20.547892 87.678421 89.842575 91.646080 0.000000 
70.474884 51.724205 65.401466 70.825912 77.112190 0.000000 
78.550674 43.651035 53.131947 76.485291 87.918503 0.000000 
64.394135 53.564953 82.294846 64.481995 80.843231 0.000000 
78.346710 22.163300 56.971691 76.268570 72.267509 0.000000 
71.012474 110.460075 112.368591 62.768448 93.542511 0.000000 
83.732437 28.401205 95.117416 104.750343 76.020424 0.000000 
87.859665 107.750206 82.921646 91.638863 81.738602 0.000000 
71.276970 30.353275 76.556320 73.337418 70.125343 0.000000 
79.725708 115.406670 86.571861 59.812363 98.566826 0.000000 
77.811745 116.850296 113.778381 93.421677 94.294868 0.000000 
86.370140 43.257225 85.892242 73.749855 92.239716 0.000000 
95.669563 44.806152 85.740364 104.057556 79.271629 0.000000 
73.446770 11.363992 89.180603 84.866776 76.828224 0.000000 
88.725456 28.493330 64.568710 81.905228 80.639954 0.027976 
