6630.595215 3366.351807 3516.974121 4150.322266 466900.625000 
15616.614258 4012.740967 2353.314697 1477.491577 444615.968750 
11955.450195 2844.194580 1888.661743 1964.585693 617151.875000 
65196.722656 25664.230469 8123.024414 4882.842773 554920.625000 
17577.267578 3922.477295 2364.908447 2424.207031 421790.156250 
14543.535156 3618.096680 1884.631470 1666.258057 225677.828125 
12236.812500 3295.285156 2256.234375 2028.546021 427857.000000 
11489.121094 6808.339844 2581.548584 1555.775269 495022.531250 
6439.145508 2976.683838 1604.618774 1723.402954 466866.093750 
13488.866211 7108.315918 6354.034180 8011.725098 420438.031250 
13751.989258 4052.180420 2683.313477 2338.184326 557115.375000 
18711.732422 11584.046875 4116.385742 3797.698975 502187.531250 
8872.542969 2598.817139 2305.677246 1631.446289 307251.875000 
7868.481445 2626.427490 1815.327026 1854.676270 419834.250000 
54101.023438 5591.543945 3809.263916 2314.624756 394048.531250 
18205.044922 2382.797852 2887.836182 1661.307495 441592.781250 
8472.553711 6924.367188 4850.534180 4281.405273 873669.375000 
18501.271484 2889.291016 2629.481689 2761.106689 390815.218750 
11508.261719 4930.920410 2386.270508 1665.348145 445330.406250 
19338.910156 5443.501953 3124.211914 1928.135986 745984.250000 
