76.359238 40.108822 33.687927 51.530552 40.561714 0.000000 
74.047447 41.884102 42.295334 42.775429 36.898758 0.019782 
74.308403 41.583904 48.597382 45.773506 43.450932 0.000000 
73.058220 41.425995 43.653496 48.138359 41.795643 0.000000 
65.499908 42.885242 43.946423 51.951859 48.769360 0.000000 
67.608261 40.565285 38.988434 49.037403 41.291317 0.019782 
65.905891 44.136932 51.209618 52.294773 34.914085 0.000000 
69.270226 40.511318 44.031052 53.486938 47.872246 0.000000 
66.862915 38.325466 41.346085 59.222424 44.889275 0.034264 
58.452675 29.711084 36.093781 50.187786 39.675926 0.000000 
81.070267 39.121960 39.618050 36.467731 45.232651 0.027976 
71.393051 39.963345 39.081879 48.439541 47.741402 0.000000 
83.880157 44.659672 46.588291 42.001514 41.564884 0.027976 
68.785210 33.036507 38.607777 49.792698 45.419514 0.019782 
65.967552 36.187401 45.609051 46.758724 58.893246 0.000000 
68.806633 39.672813 37.247528 34.787128 40.774593 0.027976 
75.093239 46.425259 54.020748 60.950024 44.778175 0.000000 
67.744576 40.515697 47.177242 52.644215 42.556892 0.000000 
64.399017 35.533859 38.190842 34.032162 51.943844 0.019782 
62.327824 33.399281 42.404533 45.164059 48.255428 0.034264 
