<<<<<<< HEAD
10126.546875 1190.051758 637.869629 494.031769 115842.984375 
7890.057617 1023.670654 441.000336 301.320099 109494.101562 
8800.925781 1072.888306 778.151672 509.727814 74803.671875 
10988.523438 2274.940430 1472.087280 1320.716553 136831.859375 
9772.588867 1051.849365 597.937256 547.356628 83955.148438 
11100.636719 1778.192017 925.450439 813.066467 103961.945312 
12258.430664 1207.476562 1008.239075 717.115906 164600.343750 
20511.339844 1501.161621 955.890259 1214.487549 173923.187500 
17509.150391 2111.456299 1064.668457 1143.561768 190712.421875 
15262.506836 1353.170410 848.002014 572.763428 106775.734375 
11615.901367 1409.851807 505.041016 474.500702 94227.320312 
5622.827148 798.465271 501.561768 400.675018 83768.468750 
17656.986328 1570.042114 1198.368652 796.998596 85887.578125 
9691.796875 1361.924072 945.347961 393.548340 137309.171875 
13081.815430 1166.766479 1029.822510 847.916992 142404.312500 
14464.965820 1491.561768 1006.041138 618.564575 97720.593750 
14973.218750 1595.931519 843.592285 838.172363 131705.843750 
8383.582031 847.749756 558.256775 441.715729 116744.093750 
16633.587891 1640.536133 957.480530 643.779297 149241.875000 
10653.567383 1141.423340 541.533569 445.958801 128971.507812 
=======
17121.392578 1147.585449 769.230774 676.617371 171471.609375 
25616.990234 1096.392578 813.857361 555.297852 160810.515625 
17506.509766 1490.743652 968.241638 858.261414 137832.765625 
14841.318359 1715.202026 1056.837036 1017.831360 204672.156250 
17921.748047 1560.905518 1057.599854 799.129272 169501.546875 
16596.720703 1400.067261 1049.652588 746.180725 138472.109375 
16723.794922 1001.370667 750.308105 572.377014 155503.437500 
25452.873047 1467.034302 769.736938 995.947754 130473.828125 
26868.205078 1784.873901 756.121094 520.395691 209829.843750 
23708.951172 1647.575073 855.983459 1173.533936 137452.015625 
25194.509766 1749.235596 846.153992 954.220215 159412.265625 
13661.552734 1306.272705 870.558228 823.143921 162256.390625 
16655.083984 1056.121826 591.711853 470.655212 77200.062500 
22847.464844 1315.929932 705.229004 506.325287 173576.015625 
34728.566406 1686.119507 1205.353760 794.517212 159641.953125 
17660.603516 1368.390381 737.968079 621.543030 128815.320312 
19431.064453 1405.386719 870.506470 628.016663 146354.140625 
26985.541016 1304.785278 1121.367676 748.427063 223779.296875 
18328.406250 1070.920288 636.371948 482.936615 118394.398438 
17204.535156 1192.633545 656.634644 440.498169 141902.203125 
>>>>>>> 99a7af98e592cd7353df87bd1ef809244f90c4f8
