Episode: 1: [[ 1.0536578e-01  1.0436578e-01 -2.9405284e+00  1.7036511e-01
   4.8386324e-03 -2.3586277e-03]
 [-3.3434972e-02 -3.4434997e-02 -2.4965434e+00  2.0344834e-01
  -5.4034190e-03 -7.4674636e-03]
 [ 3.1590920e-02  3.0590914e-02 -5.7204819e-01  1.4119141e-01
  -3.0230754e-03 -1.0616431e-02]
 [-1.6966021e-01 -1.7066029e-01 -1.3003859e-01 -2.4823293e-02
   1.2237441e-02 -7.8765955e-03]
 [ 9.5206261e-01  9.5106250e-01 -6.7226630e-01 -3.0444440e-02
   3.7499135e-03 -4.0987581e-03]] 
Episode: 11: [[ 0.10373429  0.10273429 -2.935657    0.18047704  0.00322091 -0.00385188]
 [-0.03474241 -0.03574244 -2.4863734   0.20817477 -0.00705451 -0.00897162]
 [ 0.04176099  0.04076098 -0.56179374  0.14596249  0.00400832 -0.02073752]
 [-0.1602662  -0.16126628 -0.11973897 -0.02014794  0.01927923 -0.01800408]
 [ 0.96131986  0.96031976 -0.66192627 -0.02576612  0.01089339 -0.01422074]] 
