30252.242188 5393.875488 3125.696533 2052.549316 21937.091797 
43094.640625 5154.563477 3168.550537 2381.571777 21913.458984 
42010.054688 9837.667969 5331.511230 5447.884277 30213.416016 
37708.546875 5446.767090 4821.166992 3302.419189 19244.580078 
34673.824219 8111.711426 4086.555664 3818.342773 20893.750000 
41010.750000 5555.040527 3022.734375 2151.291016 22027.154297 
36996.210938 7003.255371 3926.393066 2801.930176 18018.625000 
32156.759766 4315.170410 2808.277100 1959.678223 9586.197266 
48907.507812 9087.423828 5746.919922 2921.339355 19778.394531 
31552.359375 6729.968262 3138.619141 1743.106812 13179.336914 
39602.859375 8491.365234 5310.198730 3872.392822 25466.736328 
38352.152344 7516.709473 4426.047852 2961.974609 20321.886719 
41049.261719 7364.075684 4243.711426 3155.123047 24722.029297 
45756.796875 9674.093750 3980.333740 3325.772461 28795.158203 
40207.867188 5449.132324 3675.367432 2769.713867 15739.327148 
29792.794922 3207.613281 2252.121582 1303.373169 14379.069336 
42906.152344 6949.503906 3320.227051 2232.465820 31337.761719 
35882.093750 9133.352539 5351.180664 2304.899170 14751.234375 
50287.214844 9364.338867 5432.325195 3493.076660 25196.087891 
45353.152344 7989.615723 6388.348633 4074.494141 26538.068359 
