3.184445 
2.706925 
2.335485 
2.101638 
2.250664 
3.930200 
2.870162 
2.150551 
3.622618 
2.535135 
3.959226 
3.648268 
2.531837 
1.898932 
2.822986 
3.403260 
3.725462 
1.936826 
3.497980 
3.227794 
1.996698 
2.660957 
2.051434 
2.627949 
2.315093 
2.271987 
2.448809 
2.427161 
2.228111 
2.853524 
1.757995 
4.052536 
2.988566 
1.735928 
1.852914 
3.538684 
2.510687 
3.078187 
2.000304 
3.655159 
3.751300 
2.216759 
3.353280 
3.702884 
3.517727 
2.424036 
1.480247 
2.015618 
2.848717 
2.646652 
1.891036 
1.991287 
1.718941 
2.442527 
1.807267 
2.753751 
3.481816 
2.114414 
1.671854 
1.787541 
2.762680 
3.285928 
3.993342 
3.778721 
1.592789 
3.612541 
1.537047 
2.032391 
3.380254 
3.844586 
1.741268 
3.206123 
1.672747 
1.650252 
1.945309 
1.788230 
1.961048 
2.002807 
1.698219 
1.965703 
1.975848 
1.762491 
2.061029 
1.659904 
1.584453 
1.709018 
4.087685 
1.634732 
1.714262 
2.128453 
2.625138 
3.148802 
2.074542 
1.732777 
1.678775 
1.218055 
2.199116 
2.750607 
2.690507 
1.735433 
2.459625 
2.466421 
1.857932 
1.614554 
2.018480 
1.534113 
2.263316 
2.196712 
1.576695 
1.706916 
1.351381 
1.950047 
1.883027 
1.538031 
1.723109 
2.030780 
1.842057 
1.608419 
1.617136 
1.908034 
1.820698 
1.975507 
2.475122 
1.874421 
1.819134 
3.847006 
1.508883 
1.592409 
2.426549 
1.698881 
2.090353 
2.501366 
1.622680 
1.811406 
1.799381 
1.804078 
1.953246 
2.717017 
3.031276 
2.062535 
1.627945 
1.604226 
1.776281 
1.547903 
1.550109 
1.715261 
1.605907 
2.533983 
1.406937 
1.659588 
1.308949 
3.196026 
1.834103 
1.730802 
1.678174 
2.131678 
2.277126 
1.575522 
2.656767 
2.113370 
1.687859 
1.881577 
1.567845 
1.356885 
1.591794 
1.931609 
1.645017 
2.352832 
1.733798 
2.479441 
1.776154 
1.423576 
1.535587 
1.644970 
2.855766 
2.234929 
1.631362 
2.007354 
1.959950 
2.782393 
1.907496 
2.077294 
4.039685 
1.132856 
1.247842 
2.365365 
2.608288 
2.717559 
2.882485 
1.603943 
2.277252 
1.601093 
1.628745 
2.261216 
1.634662 
1.719764 
2.269422 
1.541035 
1.859467 
1.596974 
2.829988 
2.983495 
1.871852 
3.346077 
2.080808 
1.162958 
4.550700 
1.548108 
1.768462 
1.397538 
1.762807 
1.698352 
1.523386 
2.167828 
2.481165 
1.580558 
1.625312 
2.321886 
1.545472 
1.618119 
1.344169 
1.425793 
1.594202 
1.867011 
1.843736 
3.387982 
1.848019 
1.932835 
2.780214 
1.266580 
1.535352 
1.531011 
1.091786 
1.396664 
2.150217 
1.444467 
1.447198 
2.199919 
1.338131 
1.353557 
1.474559 
2.657866 
1.835189 
1.319482 
1.170395 
1.596042 
1.478688 
1.655893 
0.532696 
1.533679 
1.636578 
2.715873 
1.612185 
1.668247 
1.841031 
1.292751 
1.652000 
1.261256 
2.222933 
1.665297 
2.294349 
1.845432 
1.777557 
1.626637 
2.044266 
2.165194 
1.347608 
3.071909 
1.848811 
1.367952 
1.492216 
2.315357 
1.674019 
1.265913 
1.420385 
1.466049 
1.529842 
1.354603 
1.451586 
1.801344 
1.585915 
2.069782 
1.490987 
1.750120 
1.438381 
1.706292 
2.787184 
1.493340 
1.431517 
2.787643 
1.575611 
1.336163 
1.259695 
1.599353 
1.559354 
1.463193 
1.885572 
1.509924 
1.517896 
2.302600 
2.028229 
1.620860 
1.339397 
1.783224 
1.167069 
1.426655 
2.091099 
3.284114 
2.904333 
1.618555 
0.929450 
1.328885 
3.595258 
2.021504 
1.478078 
1.267124 
2.457845 
1.503733 
1.522521 
1.905174 
2.361705 
1.386641 
3.101865 
3.524655 
1.129530 
1.642893 
1.111169 
1.140010 
2.856689 
1.254906 
1.797776 
2.090132 
2.246370 
1.968077 
1.672558 
1.385382 
2.652610 
1.192963 
1.640165 
1.329069 
1.406886 
1.241054 
1.599593 
1.662994 
2.517697 
1.483735 
1.417960 
1.160756 
1.765232 
1.478991 
3.792981 
1.745302 
1.229846 
2.269831 
1.564519 
3.413917 
1.550521 
1.439894 
1.221477 
1.478056 
1.058147 
1.472616 
1.503676 
0.901560 
3.622768 
1.933182 
0.941002 
2.083123 
1.726268 
1.734670 
1.550945 
1.360352 
1.004192 
4.316586 
1.712583 
1.366844 
1.800530 
1.234262 
2.383569 
1.662560 
1.743190 
2.170814 
1.689475 
1.418515 
2.007453 
1.769332 
1.417318 
1.070220 
3.519969 
1.197567 
2.647540 
1.265758 
2.377134 
1.517392 
1.493713 
0.742826 
1.430206 
1.847381 
1.359039 
1.580760 
1.129639 
1.678918 
1.799802 
1.577936 
3.452815 
2.986471 
4.276399 
1.314871 
1.857433 
3.504457 
1.387175 
3.828591 
1.530451 
0.744413 
1.440819 
1.139143 
1.437670 
1.609878 
1.160634 
1.423482 
1.768957 
1.166113 
2.818843 
1.385207 
2.488295 
1.189141 
1.214783 
1.626698 
0.885195 
2.159391 
0.958096 
1.440881 
1.739444 
1.162282 
1.914335 
2.218235 
1.707332 
1.757928 
1.590971 
2.234394 
1.263278 
1.088313 
1.538707 
1.496344 
1.624825 
2.920241 
1.882373 
1.341863 
1.396191 
1.700855 
3.188490 
1.561173 
1.063653 
3.046160 
1.694310 
0.925598 
1.292441 
2.268947 
1.446591 
1.703288 
1.359416 
2.636201 
1.836012 
2.400431 
1.904804 
1.410436 
1.707740 
3.226142 
0.817664 
1.781477 
1.122878 
1.048982 
1.350788 
1.500876 
0.721692 
1.524282 
1.403809 
3.011946 
1.060982 
1.462614 
1.265331 
0.992473 
2.990792 
1.176677 
0.816003 
2.216961 
1.559480 
1.463033 
1.352805 
1.403990 
1.239662 
1.044199 
1.640952 
1.617582 
1.371854 
2.643687 
1.156761 
1.819409 
1.274953 
1.775842 
1.671832 
1.781815 
1.160031 
1.329865 
1.605350 
2.650379 
1.567505 
1.072460 
1.350315 
1.393595 
1.514434 
1.409491 
1.469061 
1.886560 
1.127006 
1.716541 
2.559258 
1.790676 
2.145115 
1.470758 
1.434343 
1.140497 
1.699178 
1.693095 
1.429672 
1.288101 
1.298831 
1.477826 
0.934988 
1.554725 
1.098846 
1.584017 
1.079267 
1.358749 
1.658300 
2.673042 
0.673082 
1.287833 
1.057222 
1.052857 
1.362325 
1.279228 
1.135110 
1.587803 
1.311762 
2.730944 
1.299296 
1.167175 
1.222192 
0.847885 
1.730872 
2.852284 
1.724268 
1.427122 
1.306767 
1.650965 
3.202757 
1.127502 
1.402798 
2.432642 
1.079683 
1.083000 
2.352531 
1.859986 
1.274262 
1.024510 
2.412581 
1.485636 
1.634496 
2.752612 
1.858899 
0.836032 
0.582994 
1.572092 
1.798554 
1.303533 
1.019480 
1.605786 
0.838964 
1.520937 
1.710202 
1.636076 
1.441589 
1.037857 
1.319041 
1.451215 
1.389642 
1.077630 
1.038769 
1.631766 
1.510897 
1.724438 
1.924041 
1.654639 
1.353717 
0.962832 
1.000168 
1.762644 
1.716663 
1.603270 
1.741395 
2.117321 
1.295897 
1.002391 
1.583385 
0.879531 
1.184752 
1.257431 
1.115179 
1.285866 
1.135954 
1.572814 
0.989570 
2.016014 
2.590421 
1.046574 
1.542791 
1.700414 
1.911691 
1.070232 
2.711007 
1.423413 
1.544942 
1.266360 
1.963055 
1.253038 
1.089832 
1.235256 
1.578718 
2.721729 
1.199331 
1.756252 
1.621639 
1.559915 
0.821168 
1.919851 
1.620194 
1.230234 
1.193457 
1.434122 
1.471722 
1.976200 
1.792922 
1.557730 
1.698012 
1.644031 
1.688910 
1.571613 
0.956719 
1.099756 
1.030707 
0.924176 
1.438702 
1.025004 
1.941021 
1.073633 
0.952126 
1.724097 
1.084066 
1.253713 
0.987934 
1.452600 
1.486926 
1.041816 
2.705077 
0.667287 
1.241116 
1.394273 
1.196806 
0.618699 
1.250403 
1.311244 
1.670507 
0.851275 
0.750069 
1.603222 
1.156032 
1.782898 
2.245283 
0.880638 
1.824156 
1.275631 
1.196042 
1.717956 
1.520123 
0.971132 
0.891479 
1.000169 
2.139367 
1.405194 
1.345453 
1.135324 
1.253387 
2.891058 
1.607773 
1.923825 
4.461316 
1.829707 
1.339426 
1.168254 
0.909085 
1.267736 
0.718861 
1.488903 
1.353532 
1.495378 
1.245411 
1.089238 
1.359884 
1.639464 
0.946942 
1.540869 
2.871423 
1.093074 
1.184576 
1.470196 
0.998528 
0.938110 
1.156160 
1.129649 
1.642111 
1.373563 
1.932041 
0.867841 
1.450588 
1.772430 
1.400368 
2.977173 
1.227662 
1.068719 
1.569037 
1.523925 
0.903358 
0.828698 
1.281689 
1.539642 
2.249664 
1.586098 
0.988267 
1.536731 
1.929212 
2.053274 
1.058956 
2.339529 
2.194467 
1.156258 
1.924682 
1.740309 
0.959052 
1.774718 
1.107519 
2.616215 
3.677002 
1.462799 
2.598881 
0.937878 
0.981158 
1.479401 
0.888787 
1.733491 
1.508020 
1.221904 
1.234883 
1.312264 
1.422742 
1.708477 
1.521349 
1.665710 
1.487226 
1.021247 
2.341691 
1.226027 
1.544816 
1.548329 
1.726907 
1.131139 
2.075103 
1.260067 
1.209887 
1.108170 
1.070584 
2.650396 
1.930255 
1.214185 
1.624205 
1.182161 
2.440897 
1.278100 
1.027420 
0.991608 
1.317377 
2.468892 
1.616171 
1.117759 
1.728158 
1.700283 
0.971245 
0.956497 
1.663981 
1.266842 
0.802036 
1.040289 
2.998282 
1.796507 
1.684000 
1.741207 
1.173264 
1.130751 
1.283341 
1.161536 
0.891745 
1.633112 
1.565228 
0.734080 
2.390993 
0.886649 
1.409952 
1.169084 
1.377301 
1.556807 
1.372744 
1.333471 
1.205140 
0.682737 
1.260596 
2.117095 
1.982027 
1.732273 
1.411636 
1.828275 
1.082885 
0.947473 
1.463286 
1.678669 
1.670615 
1.478262 
1.008002 
1.798227 
1.791523 
2.237041 
1.870542 
0.940063 
1.450128 
1.510912 
1.425804 
0.894770 
1.981593 
1.454307 
2.382411 
1.456803 
1.900961 
1.292828 
1.286005 
1.584839 
1.052345 
1.278586 
0.960769 
1.401432 
1.205372 
1.727716 
1.078935 
1.131273 
1.098503 
1.713538 
1.268771 
1.260929 
1.414973 
1.082022 
1.222208 
1.160588 
1.272352 
0.911099 
1.254143 
1.132214 
0.629830 
1.164967 
1.161162 
1.411713 
1.292333 
1.358891 
1.216844 
0.837284 
1.234056 
1.359663 
1.220813 
2.099887 
1.077089 
0.996363 
1.713119 
1.552176 
0.697056 
1.211289 
1.532978 
0.418617 
0.735919 
1.437342 
1.148185 
1.189886 
1.775248 
1.065271 
1.742419 
1.301627 
1.636216 
1.267913 
0.842140 
1.348932 
1.861886 
1.993216 
1.190698 
1.191336 
1.582432 
1.078237 
0.768350 
1.689205 
1.165962 
1.828004 
0.801466 
1.254932 
1.336790 
1.420806 
3.256498 
1.440609 
1.477756 
1.174375 
1.399855 
1.583405 
1.067336 
2.323673 
1.127331 
0.779662 
1.242937 
1.189622 
1.262378 
1.607097 
0.804528 
1.304291 
0.763786 
1.727520 
0.842263 
1.146487 
0.846613 
0.739196 
0.610009 
0.755826 
2.683293 
2.484712 
0.505496 
1.156558 
1.307254 
1.546717 
1.016312 
1.091053 
1.537575 
1.148848 
1.699522 
1.466481 
1.290687 
1.421783 
1.655769 
1.361868 
1.687129 
1.392083 
0.715229 
1.042824 
1.678939 
2.533529 
0.794974 
1.144836 
0.707693 
1.512267 
1.468448 
1.440972 
1.197287 
1.156554 
0.814354 
1.065418 
1.050949 
1.097673 
1.314106 
1.296886 
1.280164 
1.727030 
1.384339 
1.251146 
1.217425 
0.523680 
2.025453 
1.367450 
1.201069 
0.681226 
1.386901 
1.695551 
1.312565 
1.067266 
1.126953 
1.004754 
2.304983 
1.627690 
1.401818 
1.321479 
1.658060 
1.262984 
1.312538 
1.214580 
1.688574 
0.774263 
1.541561 
0.969079 
1.841421 
0.833847 
1.511043 
1.466591 
1.359540 
1.797767 
2.084063 
0.675261 
1.320403 
1.075765 
1.125270 
1.310487 
1.677922 
1.123385 
0.793385 
0.958761 
0.736366 
1.693294 
1.890816 
1.417275 
1.674276 
0.917087 
1.096176 
1.590419 
1.050263 
1.517919 
1.482603 
3.030449 
2.096581 
2.770261 
0.681645 
0.920765 
1.167901 
1.004119 
1.221190 
2.940045 
1.303292 
1.032026 
1.687058 
1.646240 
1.638559 
1.302606 
0.968443 
0.551622 
1.046894 
2.139327 
1.359316 
0.817976 
1.181865 
0.812893 
1.558513 
1.676845 
1.604075 
1.733960 
1.725227 
1.129249 
1.299252 
0.626017 
0.465756 
2.568794 
1.489568 
1.389121 
1.429769 
2.232067 
0.629256 
1.877872 
1.034648 
0.927390 
1.285929 
0.875662 
0.881117 
1.356558 
1.460888 
1.083856 
0.955654 
1.953197 
1.213074 
1.012600 
1.229600 
1.622872 
1.609222 
2.050621 
1.283273 
0.969228 
1.266334 
0.725806 
1.299491 
1.253181 
1.216117 
2.275136 
1.015051 
2.399908 
0.852288 
1.708405 
1.675171 
1.008066 
1.490444 
0.826438 
1.974604 
1.126927 
1.438558 
1.542581 
0.901573 
1.626292 
2.455223 
0.949548 
0.794994 
2.772111 
1.186566 
0.768627 
1.726931 
1.784566 
1.527876 
1.142170 
1.217212 
1.219633 
0.851668 
1.499543 
1.597911 
0.925040 
1.606989 
0.996241 
1.339053 
2.138061 
0.951709 
1.182676 
1.325411 
1.759856 
2.072321 
1.277958 
0.832420 
0.493021 
1.581111 
1.657087 
1.222906 
1.709843 
0.904470 
0.957111 
0.939832 
1.194581 
0.912021 
1.502215 
0.823860 
0.862292 
2.150501 
1.501388 
1.415169 
0.684829 
0.677161 
0.803154 
1.406076 
1.270025 
0.934362 
0.900398 
1.993311 
1.581964 
0.877357 
1.243850 
1.361013 
2.065556 
1.977643 
0.756963 
1.162693 
1.145800 
1.629847 
0.800836 
1.280949 
2.546921 
1.244678 
1.562841 
2.375921 
1.567921 
1.749117 
2.015315 
1.415698 
1.591624 
0.953934 
0.630480 
1.501276 
1.602955 
1.162616 
0.966417 
1.344172 
1.469863 
1.002458 
1.151844 
1.493118 
1.009026 
1.606329 
0.923234 
0.806583 
1.848358 
