Episode: 1: [[0.2 0.2 0.2 0.2 0.2]] 
Episode: 2: [[0.2001     0.19990002 0.1999     0.1999     0.1999    ]] 
Episode: 3: [[0.20002693 0.19997379 0.19997306 0.19997306 0.19997305]] 
Episode: 4: [[0.20002961 0.19999187 0.19997038 0.19997007 0.19996996]] 
Episode: 5: [[0.20003878 0.19999972 0.1999612  0.19996063 0.19996047]] 
Episode: 6: [[0.20005056 0.20000349 0.19994941 0.19994862 0.1999484 ]] 
Episode: 7: [[0.20006084 0.2000048  0.19993912 0.19993818 0.19993791]] 
Episode: 8: [[0.20007053 0.20000494 0.19992943 0.19992834 0.19992805]] 
Episode: 9: [[0.20008421 0.20000577 0.19991575 0.19991444 0.19991408]] 
Episode: 10: [[0.20009689 0.20000562 0.19990307 0.19990157 0.19990116]] 
Episode: 11: [[0.20010896 0.20000145 0.199891   0.19988939 0.19988894]] 
Episode: 12: [[0.20011997 0.19999754 0.19987999 0.19987828 0.1998778 ]] 
Episode: 13: [[0.20013024 0.1999939  0.19986972 0.19986792 0.19986741]] 
Episode: 14: [[0.20014173 0.19999212 0.19985825 0.1998563  0.19985574]] 
Episode: 15: [[0.20015366 0.19999032 0.19984633 0.19984421 0.19984362]] 
Episode: 16: [[0.20016521 0.19998647 0.1998348  0.19983256 0.19983192]] 
Episode: 17: [[0.20017649 0.1999822  0.19982351 0.19982117 0.1998205 ]] 
Episode: 18: [[0.2001869  0.19997793 0.19981313 0.19981068 0.19980998]] 
Episode: 19: [[0.20019747 0.1999701  0.19980256 0.19980007 0.19979936]] 
Episode: 20: [[0.20020807 0.19996166 0.19979197 0.19978945 0.19978873]] 
Episode: 21: [[0.2002188  0.19995366 0.19978124 0.19977869 0.19977796]] 
Episode: 22: [[0.2002305  0.19994588 0.19976956 0.19976693 0.19976617]] 
Episode: 23: [[0.20024158 0.19993685 0.19975848 0.19975583 0.19975506]] 
Episode: 24: [[0.2002536  0.19993421 0.19974649 0.19974367 0.19974285]] 
Episode: 25: [[0.2002654  0.19993201 0.19973473 0.19973175 0.19973087]] 
Episode: 26: [[0.2002789  0.19992208 0.19972126 0.1997182  0.1997173 ]] 
Episode: 27: [[0.20029247 0.1999109  0.19970772 0.1997046  0.19970368]] 
Episode: 28: [[0.20030576 0.19990219 0.19969445 0.19969125 0.19969028]] 
Episode: 29: [[0.20031948 0.19989227 0.19968076 0.19967747 0.19967647]] 
Episode: 30: [[0.20033622 0.19987704 0.19966407 0.19966073 0.1996597 ]] 
Episode: 31: [[0.20035356 0.19986026 0.19964677 0.19964339 0.19964233]] 
Episode: 32: [[0.200378   0.1998293  0.19962241 0.19961908 0.19961803]] 
Episode: 33: [[0.20040032 0.1998009  0.19960015 0.19959688 0.19959582]] 
Episode: 34: [[0.20042212 0.19977245 0.1995784  0.19957522 0.19957417]] 
Episode: 35: [[0.20047165 0.19970849 0.19952895 0.19952618 0.19952522]] 
Episode: 36: [[0.20054379 0.19963887 0.19945683 0.199454   0.19945303]] 
Episode: 37: [[0.20061065 0.1995748  0.19938998 0.19938707 0.19938608]] 
Episode: 38: [[0.20069267 0.19949232 0.19930798 0.1993051  0.1993041 ]] 
Episode: 39: [[0.20077018 0.199415   0.19923048 0.1992276  0.1992266 ]] 
Episode: 40: [[0.20083702 0.19937213 0.19916369 0.19915983 0.19915853]] 
Episode: 41: [[0.20089635 0.19933401 0.1991044  0.19909966 0.1990981 ]] 
Episode: 42: [[0.20095934 0.19929409 0.19904144 0.19903576 0.19903393]] 
Episode: 43: [[0.20101945 0.19927283 0.19898131 0.19897407 0.1989718 ]] 
Episode: 44: [[0.20109296 0.19924292 0.19890778 0.19889894 0.1988962 ]] 
Episode: 45: [[0.20116179 0.19921488 0.19883893 0.1988286  0.19882543]] 
Episode: 46: [[0.20125097 0.19916977 0.19874974 0.19873808 0.19873457]] 
Episode: 47: [[0.20133896 0.19915326 0.19866167 0.19864792 0.19864383]] 
Episode: 48: [[0.20142159 0.19915757 0.19857943 0.19856238 0.19855739]] 
Episode: 49: [[0.20149936 0.19918813 0.19850245 0.1984806  0.19847432]] 
Episode: 50: [[0.20157975 0.19922191 0.19842274 0.19839613 0.19838856]] 
Episode: 51: [[0.20165592 0.19925734 0.19834717 0.19831595 0.19830714]] 
Episode: 52: [[0.20172478 0.19931617 0.19827925 0.1982419  0.19823141]] 
Episode: 53: [[0.20178923 0.19939022 0.19821604 0.19817138 0.1981589 ]] 
Episode: 54: [[0.20185232 0.19947627 0.198155   0.1981013  0.19808646]] 
Episode: 55: [[0.20190898 0.1995571  0.1981002  0.19803816 0.19802111]] 
Episode: 56: [[0.20196624 0.19965008 0.1980458  0.19797339 0.19795361]] 
Episode: 57: [[0.20202208 0.1997381  0.1979926  0.19791043 0.19788809]] 
Episode: 58: [[0.20208924 0.19981916 0.1979278  0.19783661 0.1978119 ]] 
Episode: 59: [[0.20215291 0.1999075  0.1978665  0.19776586 0.19773868]] 
Episode: 60: [[0.202213   0.19999705 0.19780938 0.1976986  0.19766867]] 
Episode: 61: [[0.20226839 0.20009345 0.19775745 0.19763553 0.19760254]] 
Episode: 62: [[0.20231979 0.20019929 0.19770937 0.19757576 0.19753954]] 
Episode: 63: [[0.20237951 0.2003081  0.19765265 0.19750753 0.19746815]] 
Episode: 64: [[0.20242807 0.20040484 0.1976066  0.19745155 0.19740944]] 
Episode: 65: [[0.202475   0.20049307 0.19756186 0.19739783 0.19735326]] 
Episode: 66: [[0.20251809 0.2005889  0.19752227 0.19734733 0.1972994 ]] 
Episode: 67: [[0.20257118 0.20067917 0.19747244 0.1972872  0.19723615]] 
Episode: 68: [[0.2026203  0.20077714 0.19742653 0.19723046 0.19717619]] 
Episode: 69: [[0.20266728 0.20087875 0.19738305 0.19717552 0.19711785]] 
Episode: 70: [[0.20271523 0.20097692 0.1973383  0.19711988 0.19705902]] 
Episode: 71: [[0.20275225 0.20106436 0.19730394 0.19707616 0.19701254]] 
Episode: 72: [[0.20278789 0.20116052 0.19727173 0.19703302 0.19696611]] 
Episode: 73: [[0.20282774 0.20125051 0.19723509 0.1969861  0.19691612]] 
Episode: 74: [[0.20286378 0.20134942 0.19720325 0.19694223 0.19686837]] 
Episode: 75: [[0.20289811 0.20145205 0.19717373 0.19689974 0.19682156]] 
Episode: 76: [[0.2029286  0.20155606 0.19714817 0.19686094 0.19677836]] 
Episode: 77: [[0.20296432 0.20166376 0.19711752 0.19681647 0.19672951]] 
Episode: 78: [[0.2029988  0.20177978 0.19708814 0.19677241 0.19668086]] 
Episode: 79: [[0.2030344  0.20190132 0.19705778 0.19672658 0.1966303 ]] 
Episode: 80: [[0.20307182 0.20203024 0.197026   0.19667798 0.19657677]] 
Episode: 81: [[0.20310815 0.20215459 0.19699505 0.19663084 0.19652492]] 
Episode: 82: [[0.20314911 0.2022924  0.1969594  0.19657725 0.19646634]] 
Episode: 83: [[0.20319231 0.20243898 0.19692172 0.19652012 0.19640394]] 
Episode: 84: [[0.2032313  0.20258752 0.19688842 0.19646673 0.19634505]] 
Episode: 85: [[0.20326851 0.20273976 0.1968555  0.19641456 0.19628783]] 
Episode: 86: [[0.2033043  0.20289515 0.19682367 0.19636317 0.19623135]] 
Episode: 87: [[0.20333749 0.20304479 0.1967943  0.19631487 0.19617814]] 
Episode: 88: [[0.20336573 0.20317999 0.19676937 0.19627301 0.1961319 ]] 
Episode: 89: [[0.20339026 0.20330943 0.19674803 0.19623543 0.19609003]] 
Episode: 90: [[0.20341279 0.20343761 0.19672881 0.19619988 0.1960501 ]] 
Episode: 91: [[0.20343651 0.203563   0.19670804 0.19616342 0.19600944]] 
Episode: 92: [[0.20346005 0.20368393 0.19668725 0.19612756 0.19596957]] 
Episode: 93: [[0.2035097  0.20380159 0.19664179 0.1960665  0.19590428]] 
Episode: 94: [[0.20355818 0.2039181  0.19659692 0.19600673 0.19584055]] 
Episode: 95: [[0.20360328 0.2040308  0.19655477 0.19595075 0.19578093]] 
Episode: 96: [[0.20364322 0.20414902 0.19651733 0.19589926 0.19572577]] 
Episode: 97: [[0.20368111 0.20426905 0.19648142 0.19584955 0.19567256]] 
Episode: 98: [[0.2037198  0.20438375 0.19644448 0.19579962 0.19561936]] 
Episode: 99: [[0.2037643  0.20449212 0.19640237 0.19574448 0.19556089]] 
Episode: 100: [[0.20381024 0.20459466 0.19635892 0.19568852 0.19550167]] 
Episode: 101: [[0.2038504  0.20469211 0.19632068 0.19563887 0.1954491 ]] 
Episode: 102: [[0.20389625 0.20478891 0.19627711 0.19558363 0.19539084]] 
Episode: 103: [[0.20394102 0.20487908 0.1962345  0.19553013 0.19533454]] 
Episode: 104: [[0.20398404 0.20496804 0.19619307 0.19547853 0.19528039]] 
Episode: 105: [[0.20402615 0.20505634 0.19615199 0.19542791 0.19522752]] 
Episode: 106: [[0.2040662  0.20514943 0.19611323 0.1953788  0.19517587]] 
Episode: 107: [[0.20410211 0.20525211 0.19607706 0.19533288 0.19512764]] 
Episode: 108: [[0.20413631 0.20535001 0.19604261 0.19528915 0.19508168]] 
Episode: 109: [[0.20417114 0.2054492  0.19600722 0.19524467 0.19503511]] 
Episode: 110: [[0.20420493 0.2055531  0.19597283 0.19520062 0.19498886]] 
Episode: 111: [[0.20423387 0.20567177 0.19594203 0.1951597  0.19494542]] 
Episode: 112: [[0.20425941 0.20579962 0.19591355 0.19512099 0.19490424]] 
Episode: 113: [[0.20428783 0.20592545 0.19588204 0.19507958 0.19486055]] 
Episode: 114: [[0.20431553 0.2060526  0.19585127 0.19503862 0.19481723]] 
Episode: 115: [[0.20434071 0.20618145 0.1958226  0.19499986 0.1947762 ]] 
Episode: 116: [[0.20436731 0.20630938 0.19579168 0.19495979 0.19473429]] 
Episode: 117: [[0.20439862 0.20643762 0.19575772 0.19491479 0.1946868 ]] 
Episode: 118: [[0.20443094 0.20656033 0.19572252 0.19486941 0.19463922]] 
Episode: 119: [[0.20446028 0.20668505 0.19569032 0.19482662 0.19459413]] 
Episode: 120: [[0.20449308 0.20680434 0.19565481 0.19478099 0.19454636]] 
Episode: 121: [[0.20452578 0.20690814 0.19561931 0.19473721 0.1945009 ]] 
Episode: 122: [[0.2045559  0.20699997 0.19558655 0.19469729 0.19445965]] 
Episode: 123: [[0.2045831  0.20708553 0.19555685 0.19466095 0.19442208]] 
Episode: 124: [[0.2046094  0.20716444 0.19552857 0.1946262  0.19438607]] 
Episode: 125: [[0.20463754 0.20724006 0.19549821 0.19459002 0.19434884]] 
Episode: 126: [[0.204668   0.2073121  0.19546549 0.19455197 0.1943099 ]] 
Episode: 127: [[0.20469448 0.2073759  0.19543645 0.19451885 0.19427618]] 
Episode: 128: [[0.20472103 0.20744015 0.19540708 0.1944856  0.19424249]] 
Episode: 129: [[0.20474546 0.2074799  0.19538075 0.19445707 0.19421382]] 
Episode: 130: [[0.20476548 0.20750645 0.19535662 0.19443472 0.1941925 ]] 
Episode: 131: [[0.20478359 0.2075452  0.19533369 0.19441289 0.19417161]] 
Episode: 132: [[0.20480412 0.20758194 0.19530842 0.1943889  0.19414859]] 
Episode: 133: [[0.20482792 0.20762064 0.19528133 0.19436128 0.19412135]] 
Episode: 134: [[0.20484383 0.2076564  0.19526358 0.1943417  0.19410144]] 
Episode: 135: [[0.20486236 0.20769568 0.19524251 0.1943192  0.19407882]] 
Episode: 136: [[0.2048828  0.20774418 0.1952194  0.19429371 0.19405305]] 
Episode: 137: [[0.20490137 0.20781437 0.19519827 0.19426727 0.19402555]] 
Episode: 138: [[0.20492277 0.2078806  0.19517429 0.19423854 0.19399588]] 
Episode: 139: [[0.20494907 0.20794407 0.19514585 0.1942053  0.19396164]] 
Episode: 140: [[0.2049789  0.20800641 0.1951149  0.19416857 0.19392358]] 
Episode: 141: [[0.20500758 0.20806473 0.1950857  0.19413337 0.19388697]] 
Episode: 142: [[0.20502795 0.20814073 0.19506374 0.19410428 0.19385597]] 
Episode: 143: [[0.20504512 0.2082219  0.1950434  0.19407786 0.19382802]] 
Episode: 144: [[0.20506696 0.20829847 0.19501877 0.19404735 0.19379602]] 
Episode: 145: [[0.20508936 0.20835744 0.19499564 0.19401808 0.19376524]] 
Episode: 146: [[0.20510913 0.20840426 0.1949762  0.19399273 0.19373839]] 
Episode: 147: [[0.2051335  0.208452   0.19495258 0.1939627  0.19370668]] 
Episode: 148: [[0.20515339 0.20846581 0.1949355  0.19394112 0.19368342]] 
Episode: 149: [[0.20517248 0.20847952 0.19491936 0.19392031 0.1936609 ]] 
Episode: 150: [[0.20519078 0.2084885  0.19490281 0.19390103 0.19364056]] 
Episode: 151: [[0.20519567 0.20847166 0.19490519 0.19389781 0.19363448]] 
Episode: 152: [[0.20519926 0.20845406 0.19490807 0.193896   0.19363026]] 
Episode: 153: [[0.20521401 0.2084432  0.1949003  0.19388224 0.19361384]] 
Episode: 154: [[0.20523086 0.20843583 0.19489035 0.19386595 0.19359487]] 
Episode: 155: [[0.20524535 0.20842601 0.19488272 0.19385228 0.19357868]] 
Episode: 156: [[0.20525894 0.20841599 0.19487509 0.1938396  0.19356386]] 
Episode: 157: [[0.20528083 0.20840998 0.19485912 0.19381824 0.19354036]] 
Episode: 158: [[0.2053076  0.20840667 0.19483824 0.19379173 0.1935117 ]] 
Episode: 159: [[0.20532493 0.20836969 0.19483347 0.19377874 0.19349402]] 
Episode: 160: [[0.20534974 0.20834039 0.19482249 0.19375713 0.19346721]] 
Episode: 161: [[0.20537731 0.20831619 0.19480753 0.19373225 0.19343756]] 
Episode: 162: [[0.20540352 0.20829687 0.19479184 0.19370827 0.19340956]] 
Episode: 163: [[0.2054362  0.20828323 0.1947683  0.19367735 0.19337508]] 
Episode: 164: [[0.2054646  0.20827903 0.19474831 0.19364946 0.19334354]] 
Episode: 165: [[0.20548865 0.20828992 0.1947307  0.19362405 0.19331467]] 
Episode: 166: [[0.20550704 0.20831421 0.19471899 0.19360262 0.19328861]] 
Episode: 167: [[0.20552708 0.2083349  0.19470502 0.1935801  0.19326192]] 
Episode: 168: [[0.20554155 0.20836765 0.19469512 0.19356157 0.19323933]] 
Episode: 169: [[0.20555808 0.20839733 0.19468248 0.19354147 0.19321567]] 
Episode: 170: [[0.20557438 0.20845054 0.19466853 0.19351834 0.19318889]] 
Episode: 171: [[0.20559306 0.2084992  0.1946525  0.19349341 0.19316049]] 
Episode: 172: [[0.20561302 0.20855297 0.19463404 0.19346662 0.19313061]] 
Episode: 173: [[0.2056296  0.20862398 0.19461527 0.19344108 0.1931026 ]] 
Episode: 174: [[0.20564072 0.20869224 0.19460118 0.19342141 0.19308074]] 
Episode: 175: [[0.20564893 0.20876674 0.19458954 0.19340372 0.19306074]] 
Episode: 176: [[0.20566791 0.20883463 0.19456995 0.19337605 0.19303012]] 
Episode: 177: [[0.20568287 0.20889671 0.19455281 0.19335331 0.19300531]] 
Episode: 178: [[0.20569752 0.208968   0.19453487 0.19332957 0.19297971]] 
Episode: 179: [[0.20571275 0.20903316 0.19451728 0.19330598 0.19295418]] 
Episode: 180: [[0.20573609 0.20909086 0.19449323 0.1932753  0.19292136]] 
Episode: 181: [[0.20577456 0.20914528 0.19445723 0.19322993 0.19287296]] 
Episode: 182: [[0.20581394 0.20919564 0.1944199  0.19318424 0.19282462]] 
Episode: 183: [[0.20585968 0.20924084 0.1943769  0.193133   0.19277076]] 
Episode: 184: [[0.20590955 0.20928314 0.19433062 0.19307798 0.19271299]] 
Episode: 185: [[0.20593967 0.20926109 0.19431274 0.1930512  0.19268157]] 
Episode: 186: [[0.20596483 0.20924622 0.19429919 0.19302812 0.19265386]] 
Episode: 187: [[0.20599115 0.20923303 0.19428343 0.19300377 0.19262534]] 
Episode: 188: [[0.20601721 0.20922123 0.19426695 0.19297953 0.19259734]] 
Episode: 189: [[0.20604266 0.20921078 0.19424973 0.1929558  0.19257039]] 
Episode: 190: [[0.20607655 0.2092005  0.19422536 0.19292368 0.19253469]] 
Episode: 191: [[0.20610973 0.20920555 0.19420011 0.19289002 0.19249757]] 
Episode: 192: [[0.20614327 0.20921059 0.19417426 0.19285601 0.19246027]] 
Episode: 193: [[0.20618352 0.2092147  0.19414285 0.19281547 0.19241615]] 
Episode: 194: [[0.20622632 0.20921953 0.19410875 0.19277234 0.19236955]] 
Episode: 195: [[0.20627205 0.20922495 0.19407207 0.19272621 0.19231988]] 
Episode: 196: [[0.20631179 0.20924728 0.19403838 0.19268367 0.1922742 ]] 
Episode: 197: [[0.20635998 0.20926985 0.19399612 0.19263288 0.19222046]] 
Episode: 198: [[0.20640945 0.20929055 0.19395338 0.19258101 0.19216548]] 
Episode: 199: [[0.20645575 0.2092818  0.19391596 0.19253626 0.19211839]] 
Episode: 200: [[0.20649435 0.20928876 0.1938835  0.19249693 0.1920769 ]] 
Episode: 201: [[0.20652792 0.20931733 0.19385338 0.19245927 0.1920373 ]] 
Episode: 202: [[0.20657359 0.2093429  0.19381264 0.19241023 0.19198592]] 
Episode: 203: [[0.20662616 0.20936972 0.19376314 0.19235457 0.19192863]] 
Episode: 204: [[0.2066714  0.2093958  0.1937201  0.19230627 0.19187894]] 
Episode: 205: [[0.20670818 0.20941678 0.19368199 0.19226746 0.1918402 ]] 
Episode: 206: [[0.20675188 0.20944001 0.19363813 0.19222143 0.1917938 ]] 
Episode: 207: [[0.2067696  0.20947191 0.19362348 0.19219984 0.19176799]] 
Episode: 208: [[0.20678955 0.20950104 0.19360656 0.19217643 0.19174069]] 
Episode: 209: [[0.20680673 0.20953867 0.19359058 0.19215445 0.19171539]] 
Episode: 210: [[0.2068287  0.20957795 0.19356963 0.19212753 0.19168535]] 
Episode: 211: [[0.20685053 0.20962058 0.19354874 0.19210011 0.19165489]] 
Episode: 212: [[0.2068792  0.20965935 0.19352137 0.19206657 0.19161853]] 
Episode: 213: [[0.20690057 0.20970766 0.1934966  0.19203924 0.19158961]] 
Episode: 214: [[0.20690419 0.20979877 0.19348502 0.1920224  0.19156982]] 
Episode: 215: [[0.20691061 0.20988096 0.19347264 0.19200397 0.1915483 ]] 
Episode: 216: [[0.20691724 0.20995457 0.1934603  0.19198665 0.19152837]] 
Episode: 217: [[0.20692205 0.21003447 0.19344845 0.19197007 0.19150954]] 
Episode: 218: [[0.20693469 0.2101062  0.19342962 0.19194706 0.19148456]] 
Episode: 219: [[0.20695014 0.2101698  0.19340926 0.19192246 0.19145797]] 
Episode: 220: [[0.20696288 0.21024203 0.19339201 0.19189884 0.19143195]] 
Episode: 221: [[0.20697412 0.21032545 0.193375   0.19187471 0.19140556]] 
Episode: 222: [[0.20698006 0.2104217  0.19335918 0.19185396 0.19138333]] 
Episode: 223: [[0.20698053 0.21051389 0.19334765 0.19183938 0.19136792]] 
Episode: 224: [[0.20697476 0.2106188  0.19334055 0.19182877 0.19135629]] 
Episode: 225: [[0.2069718  0.21074161 0.19332762 0.1918122  0.19133885]] 
Episode: 226: [[0.20697682 0.21085033 0.1933092  0.19179001 0.19131568]] 
Episode: 227: [[0.20698322 0.21094841 0.19329053 0.1917682  0.19129306]] 
Episode: 228: [[0.20699461 0.21103556 0.19326796 0.19174331 0.19126761]] 
Episode: 229: [[0.20701252 0.21111208 0.19324116 0.19171362 0.19123709]] 
Episode: 230: [[0.20704539 0.21118128 0.1932037  0.1916701  0.19119166]] 
Episode: 231: [[0.20707415 0.21125685 0.19317023 0.19162937 0.19114883]] 
Episode: 232: [[0.20709527 0.2113497  0.19314007 0.19159333 0.19111134]] 
Episode: 233: [[0.20709428 0.21139109 0.19312814 0.19158927 0.19110821]] 
Episode: 234: [[0.20709698 0.21143249 0.19311704 0.1915809  0.19109944]] 
Episode: 235: [[0.20709388 0.2114359  0.19312139 0.19158386 0.19110028]] 
Episode: 236: [[0.20710002 0.21143505 0.19311795 0.19157843 0.19109263]] 
Episode: 237: [[0.20710461 0.2114511  0.19311477 0.1915715  0.191083  ]] 
Episode: 238: [[0.20710646 0.2114679  0.19311161 0.19156738 0.19107722]] 
Episode: 239: [[0.20710856 0.2114835  0.19310786 0.1915632  0.19107172]] 
Episode: 240: [[0.20709722 0.21148628 0.19311345 0.19157499 0.1910842 ]] 
Episode: 241: [[0.20705792 0.21150556 0.19313715 0.19161248 0.19112426]] 
Episode: 242: [[0.20702288 0.21152608 0.19316114 0.1916449  0.1911578 ]] 
Episode: 243: [[0.20699684 0.21154198 0.19317801 0.19166915 0.19118291]] 
Episode: 244: [[0.20698398 0.21155207 0.19318318 0.19168146 0.19119605]] 
Episode: 245: [[0.20696774 0.21157312 0.19318694 0.19169556 0.19121227]] 
Episode: 246: [[0.20694537 0.21156654 0.19319645 0.19172077 0.19124107]] 
Episode: 247: [[0.20692442 0.21156211 0.19320995 0.19174342 0.19126542]] 
Episode: 248: [[0.20691085 0.21155953 0.19321643 0.19175845 0.19128212]] 
Episode: 249: [[0.20689642 0.21157882 0.19322662 0.19176973 0.19129299]] 
Episode: 250: [[0.20686848 0.21163522 0.1932341  0.19178854 0.19131564]] 
Episode: 251: [[0.20684315 0.21169354 0.19324242 0.19180396 0.19133356]] 
Episode: 252: [[0.20681982 0.21176156 0.19325088 0.19181515 0.191346  ]] 
Episode: 253: [[0.20680486 0.21182398 0.19325136 0.19181927 0.19135164]] 
Episode: 254: [[0.20679879 0.21187711 0.19324587 0.19181624 0.1913496 ]] 
Episode: 255: [[0.20679791 0.21192795 0.1932376  0.19180833 0.19134197]] 
Episode: 256: [[0.20680566 0.21197256 0.19322185 0.19179314 0.19132705]] 
Episode: 257: [[0.2068107  0.2120278  0.19321015 0.19177823 0.19131134]] 
Episode: 258: [[0.20681553 0.21209525 0.19319834 0.19176099 0.19129284]] 
Episode: 259: [[0.2068208  0.21216962 0.19318828 0.19174162 0.19127096]] 
Episode: 260: [[0.20683067 0.21223444 0.1931743  0.19171962 0.1912468 ]] 
Episode: 261: [[0.20684148 0.21229897 0.19315976 0.19169667 0.1912216 ]] 
Episode: 262: [[0.20685695 0.2123549  0.19314158 0.19167086 0.19119361]] 
Episode: 263: [[0.20687592 0.21240583 0.19312072 0.19164257 0.19116311]] 
Episode: 264: [[0.20689878 0.2124512  0.19309622 0.19161159 0.19113019]] 
Episode: 265: [[0.2069183  0.21249792 0.19307442 0.1915836  0.19110048]] 
Episode: 266: [[0.20694505 0.21253665 0.19304922 0.19154984 0.19106388]] 
Episode: 267: [[0.20697911 0.21256897 0.19301823 0.19151013 0.19102105]] 
Episode: 268: [[0.20701002 0.21260163 0.19299038 0.19147335 0.19098127]] 
Episode: 269: [[0.20705785 0.21262872 0.19294693 0.19142114 0.19092587]] 
Episode: 270: [[0.20710185 0.21265529 0.19290543 0.1913729  0.19087528]] 
Episode: 271: [[0.2071338  0.2127032  0.19287625 0.19133197 0.19083062]] 
Episode: 272: [[0.20715941 0.21272163 0.1928553  0.19130306 0.19079855]] 
Episode: 273: [[0.2071868  0.21273658 0.19283268 0.19127311 0.19076563]] 
Episode: 274: [[0.20721072 0.21276374 0.19281174 0.19124414 0.19073382]] 
Episode: 275: [[0.2072312  0.21279831 0.19279476 0.19121699 0.19070311]] 
Episode: 276: [[0.20724559 0.21284676 0.19278249 0.19119297 0.19067526]] 
Episode: 277: [[0.20725617 0.21289198 0.19277324 0.19117334 0.1906524 ]] 
Episode: 278: [[0.20726417 0.21292584 0.1927675  0.19115843 0.19063456]] 
Episode: 279: [[0.2072725  0.21297133 0.19276026 0.19114086 0.19061394]] 
Episode: 280: [[0.20728609 0.21301423 0.19274369 0.19111907 0.19059105]] 
Episode: 281: [[0.20729637 0.21306978 0.19273022 0.19109784 0.19056803]] 
Episode: 282: [[0.20731801 0.21311755 0.1927066  0.1910671  0.1905355 ]] 
Episode: 283: [[0.20734304 0.2131587  0.19268031 0.19103436 0.1905011 ]] 
Episode: 284: [[0.20736529 0.21320255 0.192656   0.1910038  0.19046909]] 
Episode: 285: [[0.20739777 0.21324047 0.19262245 0.1909644  0.1904283 ]] 
Episode: 286: [[0.20742705 0.21328174 0.19259162 0.19092745 0.19038998]] 
Episode: 287: [[0.20745745 0.21332651 0.19256    0.19088866 0.19034947]] 
Episode: 288: [[0.20748992 0.2133654  0.19252647 0.19084908 0.19030842]] 
Episode: 289: [[0.20751974 0.21340582 0.19249561 0.19081175 0.19026954]] 
Episode: 290: [[0.2075526  0.2134424  0.1924621  0.19077224 0.19022854]] 
Episode: 291: [[0.20759863 0.21347179 0.19241695 0.19072127 0.19017588]] 
Episode: 292: [[0.20764093 0.21349996 0.19237472 0.19067422 0.19012758]] 
Episode: 293: [[0.20767051 0.21348856 0.19234915 0.19064766 0.19010003]] 
Episode: 294: [[0.20769337 0.21349071 0.19232826 0.19062501 0.19007629]] 
Episode: 295: [[0.20771353 0.2134915  0.19230908 0.19060537 0.19005601]] 
Episode: 296: [[0.20772958 0.21348809 0.19229434 0.19059059 0.19004063]] 
Episode: 297: [[0.20774192 0.2134968  0.192283   0.19057685 0.19002572]] 
Episode: 298: [[0.20776144 0.21350269 0.19226499 0.19055668 0.19000442]] 
Episode: 299: [[0.20777847 0.21352753 0.19224781 0.19053501 0.18998124]] 
Episode: 300: [[0.20779084 0.21355976 0.19223323 0.1905165  0.18996154]] 
Episode: 301: [[0.20780583 0.21358918 0.19221452 0.19049619 0.18994085]] 
Episode: 302: [[0.20782791 0.21361159 0.19219036 0.19047034 0.1899144 ]] 
Episode: 303: [[0.20785114 0.21362995 0.19216579 0.1904441  0.18988763]] 
Episode: 304: [[0.20787469 0.21366242 0.192138   0.19041482 0.1898582 ]] 
Episode: 305: [[0.20790453 0.2136931  0.19210497 0.19037968 0.18982266]] 
Episode: 306: [[0.20792599 0.21373028 0.19207674 0.1903515  0.18979535]] 
Episode: 307: [[0.20794423 0.21377039 0.19205147 0.19032583 0.18977046]] 
Episode: 308: [[0.20796806 0.21380259 0.19202271 0.1902962  0.1897413 ]] 
Episode: 309: [[0.2080136  0.21382283 0.19197792 0.19024748 0.18969148]] 
Episode: 310: [[0.2080594  0.21383914 0.19193333 0.19019929 0.1896422 ]] 
Episode: 311: [[0.20810185 0.21386325 0.1918914  0.19015276 0.18959442]] 
Episode: 312: [[0.20813984 0.21388082 0.19185314 0.19011208 0.18955313]] 
Episode: 313: [[0.20817615 0.21391413 0.19181682 0.19006965 0.189509  ]] 
Episode: 314: [[0.20823364 0.21393722 0.19176313 0.19000837 0.18944523]] 
Episode: 315: [[0.20829286 0.21395817 0.1917073  0.18994589 0.18938057]] 
Episode: 316: [[0.20835735 0.21397516 0.19164677 0.18987903 0.18931161]] 
Episode: 317: [[0.20838359 0.21396022 0.19158922 0.18986149 0.18930438]] 
Episode: 318: [[0.2084105  0.21394362 0.19153567 0.18984303 0.18929487]] 
Episode: 319: [[0.20840313 0.21387134 0.19157621 0.18986288 0.18930241]] 
Episode: 320: [[0.20839565 0.21381238 0.19161296 0.18988025 0.18930864]] 
Episode: 321: [[0.20840088 0.21375678 0.19163525 0.18988502 0.18930358]] 
Episode: 322: [[0.20840763 0.21370628 0.19165342 0.18988745 0.18929723]] 
Episode: 323: [[0.20840713 0.21364194 0.19167502 0.18990023 0.18930334]] 
Episode: 324: [[0.20841204 0.21358259 0.19169083 0.1899068  0.18930355]] 
Episode: 325: [[0.20843646 0.21352603 0.19168767 0.18989415 0.18928517]] 
Episode: 326: [[0.20845951 0.2134785  0.19168419 0.18988095 0.18926652]] 
Episode: 327: [[0.20848283 0.21343991 0.19167873 0.18986566 0.18924618]] 
Episode: 328: [[0.20850329 0.21340546 0.19167341 0.1898524  0.18922882]] 
Episode: 329: [[0.20851529 0.21338904 0.19167303 0.1898435  0.18921614]] 
Episode: 330: [[0.20853013 0.21337351 0.19166856 0.18983187 0.18920131]] 
Episode: 331: [[0.20854315 0.21335742 0.19166549 0.18982212 0.18918851]] 
Episode: 332: [[0.20856135 0.21334119 0.1916574  0.18980747 0.18917103]] 
Episode: 333: [[0.20858276 0.2133246  0.19164617 0.18978988 0.18915072]] 
Episode: 334: [[0.20860747 0.21330838 0.19163024 0.18976925 0.18912812]] 
Episode: 335: [[0.20863844 0.21329628 0.19160786 0.18974182 0.18909883]] 
Episode: 336: [[0.20867072 0.21329203 0.19158247 0.18971159 0.18906726]] 
Episode: 337: [[0.20869368 0.21330251 0.19156413 0.18968715 0.18904121]] 
Episode: 338: [[0.20872438 0.21330917 0.19153811 0.18965627 0.1890092 ]] 
Episode: 339: [[0.2087471  0.21332125 0.19152056 0.18963175 0.1889825 ]] 
Episode: 340: [[0.20877534 0.21333116 0.19149768 0.18960243 0.18895137]] 
Episode: 341: [[0.2088004  0.21333916 0.19147748 0.18957657 0.18892393]] 
Episode: 342: [[0.20882876 0.21335475 0.19145438 0.18954588 0.18889122]] 
Episode: 343: [[0.20885506 0.21335381 0.19143172 0.1895209  0.18886586]] 
Episode: 344: [[0.20888108 0.21335654 0.19140986 0.18949533 0.18883942]] 
Episode: 345: [[0.20890358 0.21337456 0.19139132 0.18946975 0.18881199]] 
Episode: 346: [[0.20893325 0.21338874 0.19136564 0.18943825 0.18877918]] 
Episode: 347: [[0.2089718  0.2134047  0.19133152 0.18939792 0.1887377 ]] 
Episode: 348: [[0.20899498 0.21341407 0.19131228 0.1893738  0.18871191]] 
Episode: 349: [[0.20901486 0.2134264  0.19129568 0.18935223 0.18868864]] 
Episode: 350: [[0.2090318  0.21343814 0.19128196 0.18933354 0.1886682 ]] 
Episode: 351: [[0.20904706 0.21345437 0.1912689  0.18931554 0.18864866]] 
Episode: 352: [[0.20906104 0.21347009 0.19125535 0.18929905 0.18863137]] 
Episode: 353: [[0.20907018 0.21349075 0.19124539 0.18928616 0.18861778]] 
Episode: 354: [[0.2090778  0.21350648 0.1912376  0.1892757  0.18860652]] 
Episode: 355: [[0.20908791 0.21351981 0.19122729 0.1892634  0.18859376]] 
Episode: 356: [[0.20910099 0.21353571 0.19121432 0.18924768 0.18857746]] 
Episode: 357: [[0.20913766 0.21354435 0.19118296 0.18921068 0.18853903]] 
Episode: 358: [[0.2091707  0.21356502 0.19115362 0.18917465 0.18850148]] 
Episode: 359: [[0.20919876 0.21360144 0.19112659 0.18914013 0.1884655 ]] 
Episode: 360: [[0.20922089 0.21362475 0.19110686 0.18911402 0.18843767]] 
Episode: 361: [[0.20924003 0.21364228 0.19109048 0.18909194 0.1884139 ]] 
Episode: 362: [[0.2092402  0.21363729 0.19109622 0.18909256 0.18841164]] 
Episode: 363: [[0.20924021 0.21364993 0.19110103 0.18908955 0.18840519]] 
Episode: 364: [[0.20923743 0.21367258 0.1911075  0.18908706 0.1883991 ]] 
Episode: 365: [[0.20923421 0.2136873  0.1911154  0.18908663 0.18839507]] 
Episode: 366: [[0.2092402  0.21370001 0.19111411 0.18907793 0.18838334]] 
Episode: 367: [[0.20925725 0.2137078  0.1911022  0.18905981 0.1883628 ]] 
Episode: 368: [[0.20926683 0.21371382 0.19109769 0.18904918 0.18834947]] 
Episode: 369: [[0.20927696 0.21371941 0.19109204 0.18903817 0.18833612]] 
Episode: 370: [[0.209292   0.21372321 0.19108209 0.18902282 0.18831855]] 
Episode: 371: [[0.20931096 0.21372586 0.19106981 0.18900381 0.1882969 ]] 
Episode: 372: [[0.2093278  0.21375115 0.19105875 0.18898194 0.18827133]] 
Episode: 373: [[0.20934108 0.21378522 0.19105023 0.18896155 0.18824703]] 
Episode: 374: [[0.20935404 0.21382998 0.19104156 0.18893912 0.18822023]] 
Episode: 375: [[0.20936473 0.21387158 0.19103351 0.18891972 0.18819728]] 
Episode: 376: [[0.20937335 0.21392414 0.1910259  0.18889995 0.18817396]] 
Episode: 377: [[0.20938124 0.2139716  0.19101802 0.18888208 0.18815334]] 
Episode: 378: [[0.20939597 0.21401201 0.19100368 0.18885928 0.18812832]] 
Episode: 379: [[0.20940116 0.21405616 0.19099969 0.18884476 0.18811025]] 
Episode: 380: [[0.20941105 0.21409483 0.1909917  0.18882686 0.18808916]] 
Episode: 381: [[0.20943084 0.21412648 0.19097544 0.18880096 0.1880603 ]] 
Episode: 382: [[0.20945084 0.21415488 0.190959   0.18877551 0.1880322 ]] 
Episode: 383: [[0.20947744 0.2141782  0.19093612 0.18874498 0.18799949]] 
Episode: 384: [[0.2095134  0.21420163 0.19090691 0.18870527 0.18795668]] 
Episode: 385: [[0.2095454  0.21422255 0.19087866 0.18867011 0.18791978]] 
Episode: 386: [[0.2095826  0.21423729 0.19084649 0.1886313  0.18787925]] 
Episode: 387: [[0.20961073 0.21425349 0.19082262 0.18860073 0.18784696]] 
Episode: 388: [[0.209636   0.21426268 0.19080135 0.18857446 0.18781935]] 
Episode: 389: [[0.20965716 0.2142863  0.19078337 0.18854897 0.1877918 ]] 
Episode: 390: [[0.20969345 0.21430258 0.1907534  0.18851046 0.1877509 ]] 
Episode: 391: [[0.20972723 0.21432643 0.19072573 0.18847267 0.18771027]] 
Episode: 392: [[0.20975333 0.21435331 0.19070017 0.1884421  0.18767871]] 
Episode: 393: [[0.2097845  0.21432461 0.1906747  0.18841898 0.18765558]] 
Episode: 394: [[0.20981695 0.21429653 0.19064802 0.18839441 0.18763113]] 
Episode: 395: [[0.20984538 0.21428677 0.19062375 0.18836959 0.18760581]] 
Episode: 396: [[0.20986922 0.21429338 0.19060202 0.18834548 0.18758094]] 
Episode: 397: [[0.20988794 0.21428733 0.1905867  0.1883291  0.18756373]] 
Episode: 398: [[0.20990372 0.21427952 0.19057436 0.1883159  0.18754968]] 
Episode: 399: [[0.20992953 0.21426836 0.1905533  0.18829381 0.18752684]] 
Episode: 400: [[0.20994888 0.21425743 0.19053693 0.18827796 0.18751073]] 
Episode: 401: [[0.2099677  0.21424012 0.19052127 0.1882641  0.18749689]] 
Episode: 402: [[0.20998581 0.2142365  0.19050576 0.18824777 0.18747997]] 
Episode: 403: [[0.2100032  0.21424387 0.19049042 0.18822959 0.18746075]] 
Episode: 404: [[0.21002445 0.21425262 0.19047159 0.18820737 0.18743746]] 
Episode: 405: [[0.21004577 0.2142535  0.19045332 0.18818682 0.1874161 ]] 
Episode: 406: [[0.21005926 0.21425942 0.1904366  0.18817323 0.18740372]] 
Episode: 407: [[0.21009852 0.21425864 0.19039926 0.18813619 0.1873671 ]] 
Episode: 408: [[0.21014391 0.21425569 0.19035769 0.18809357 0.18732455]] 
Episode: 409: [[0.21017595 0.21424443 0.19032969 0.18806554 0.18729647]] 
Episode: 410: [[0.2102138  0.21423262 0.19029589 0.18803208 0.18726327]] 
Episode: 411: [[0.21027157 0.21421602 0.19024633 0.1879802  0.187211  ]] 
Episode: 412: [[0.21032375 0.21422565 0.1902002  0.18792786 0.18715736]] 
Episode: 413: [[0.21037582 0.2142327  0.1901552  0.18787608 0.18710405]] 
Episode: 414: [[0.2104231  0.21425122 0.19011419 0.18782623 0.18705215]] 
Episode: 415: [[0.21046634 0.21427782 0.19007678 0.18777841 0.18700178]] 
