76.355293 99.711014 75.767967 104.794037 83.403595 0.000000 
89.128700 110.547722 79.019127 100.735718 72.671654 0.000000 
106.746056 112.330444 88.819092 76.756744 84.854362 0.000000 
94.218102 79.840561 89.335930 82.035347 95.174980 0.000000 
85.097618 79.019913 80.827087 67.264122 90.472122 0.027976 
81.672615 76.756378 70.842323 65.010338 36.078625 0.019782 
87.997673 90.284935 85.377800 78.672760 80.735680 0.019782 
88.877480 72.917152 69.841400 65.954994 73.040169 0.019782 
90.032242 54.046860 77.544983 69.826759 54.484795 0.019782 
92.184875 84.901550 89.725151 80.029816 85.101242 0.000000 
83.697304 79.587296 68.154549 62.768436 73.692154 0.000000 
83.306961 70.967667 75.265602 68.359688 39.270176 0.000000 
90.187355 87.298447 86.234322 72.839485 100.782555 0.000000 
85.015938 90.391365 92.127396 73.367203 93.172211 0.000000 
90.898453 87.250679 86.017685 76.582047 92.456154 0.027976 
84.880295 78.921593 75.248428 61.781059 33.296101 0.019782 
89.906685 82.025780 73.960899 73.159340 57.278820 0.019782 
84.588615 75.679077 71.691109 71.620476 57.481762 0.000000 
83.692787 64.806816 62.997700 69.617279 77.928833 0.027976 
91.420685 83.965355 85.659546 76.751900 92.441719 0.000000 
93.441673 77.170258 77.554581 79.899162 43.165924 0.000000 
102.431961 89.586174 99.785126 93.062973 89.024734 0.000000 
85.932945 76.835831 71.153786 72.489136 60.575180 0.027976 
89.560722 91.826324 95.235947 85.990585 78.495605 0.019782 
90.797928 89.776237 105.541664 76.018227 95.498840 0.000000 
91.942459 80.303482 91.841377 85.432472 85.590683 0.000000 
90.040092 103.399292 89.515747 79.225128 76.082375 0.000000 
93.175728 83.399132 80.142677 72.095673 60.795429 0.000000 
87.535019 91.529709 92.362656 87.178230 84.979477 0.027976 
87.828583 73.086250 70.929710 68.784393 59.296700 0.000000 
94.203804 100.287712 84.430962 83.234032 53.323578 0.000000 
89.858513 74.705070 74.842644 70.033089 72.620888 0.000000 
87.536758 91.271881 79.360458 86.412025 59.774288 0.000000 
92.613785 100.323593 87.022476 91.376335 79.623749 0.000000 
86.407753 78.683517 82.966591 94.035522 66.856514 0.034264 
88.931816 78.698669 79.064705 82.474319 63.670677 0.000000 
94.652962 91.593994 86.226448 98.883759 77.760094 0.000000 
97.000816 103.562141 92.224701 96.864830 70.941544 0.000000 
89.926483 105.570374 68.757416 93.036270 74.340622 0.000000 
87.878700 57.434284 62.079479 52.211971 49.335278 0.000000 
89.889893 92.242775 75.065849 90.539825 66.331696 0.000000 
75.589188 84.738014 70.668503 94.149139 56.534531 0.000000 
83.436317 69.849350 76.990356 73.996162 69.846138 0.000000 
90.161011 86.276398 72.922211 74.418243 71.614410 0.000000 
93.020844 88.702736 95.401634 88.338013 66.454735 0.000000 
91.688065 85.238213 87.453606 66.868988 50.009277 0.027976 
98.462334 85.521027 79.039940 56.004688 60.796211 0.027976 
87.561203 85.258842 90.670090 83.778259 83.136261 0.000000 
83.758736 90.203346 86.200340 76.681175 82.301590 0.027976 
85.854958 69.986526 60.330738 67.932693 79.031502 0.019782 
89.026070 88.710846 87.250557 89.820969 70.252960 0.034264 
83.908508 84.703445 83.454453 89.851357 64.233566 0.019782 
88.775642 60.036964 63.536995 45.406803 65.064941 0.019782 
90.715096 47.654335 49.605087 60.985691 54.509747 0.000000 
86.100266 108.630142 86.171638 87.411263 76.900429 0.019782 
88.031784 92.849533 45.758060 71.336273 67.183281 0.000000 
88.052956 89.408562 46.615078 46.694435 77.221184 0.000000 
84.603065 69.397224 45.943661 86.814644 69.905815 0.000000 
86.457329 99.333168 81.498459 97.117546 68.901421 0.027976 
93.319611 111.052132 79.151413 95.093597 73.101768 0.000000 
88.269318 80.326210 74.427559 103.364479 73.189194 0.019782 
78.579071 96.205994 82.845634 109.217026 83.274574 0.000000 
87.985901 81.287216 57.944611 93.940987 55.238861 0.000000 
90.081520 81.155762 87.740669 84.305298 75.752190 0.027976 
88.656265 74.982208 45.789078 86.575722 81.339317 0.027976 
82.628571 39.044647 59.163780 90.854279 74.970909 0.039565 
87.477531 114.879623 81.855598 93.474464 76.860786 0.000000 
89.532440 81.874756 95.437683 88.158607 79.935913 0.027976 
92.087555 80.150139 95.990166 76.012680 73.860443 0.019782 
89.777374 95.300995 89.783524 85.420509 81.498375 0.019782 
88.337074 106.189331 82.249199 96.705078 81.505219 0.000000 
93.107582 66.884995 83.385277 78.759109 62.035091 0.019782 
85.239784 67.100998 72.360748 68.620758 65.328621 0.019782 
87.545685 100.366798 89.795250 83.928207 86.534996 0.000000 
86.855186 92.910133 76.831390 91.026123 73.209190 0.000000 
83.009094 63.161110 79.504662 62.925858 61.969524 0.000000 
102.551399 95.035576 96.179657 71.176201 82.563866 0.027976 
92.272842 89.592667 87.762100 80.011696 82.318161 0.000000 
84.181870 84.436462 76.491760 74.497787 66.741524 0.027976 
92.608696 94.309692 94.216438 90.124710 81.770172 0.000000 
85.973206 67.792946 67.384712 81.937965 70.742973 0.000000 
83.572884 87.854240 79.432762 75.492676 83.346382 0.027976 
87.041176 65.355804 60.270248 66.736900 68.840431 0.000000 
91.428810 80.197945 81.589539 79.539803 70.123314 0.019782 
89.751610 74.569435 93.325813 77.997002 90.784973 0.027976 
90.073982 92.960129 89.388474 82.496841 72.114693 0.000000 
95.648186 80.333588 75.280304 71.799049 68.159264 0.000000 
83.588875 64.491394 59.956249 59.096066 72.655762 0.000000 
86.208694 87.295860 89.610512 91.868362 87.836571 0.034264 
89.089165 75.508942 71.482132 70.325470 58.934303 0.000000 
95.610146 77.424416 81.704002 87.750732 65.027634 0.000000 
90.700745 94.072441 82.103233 73.496094 78.685707 0.000000 
91.541969 49.165188 97.751625 77.891739 70.545944 0.019782 
91.173035 82.451416 80.129974 75.599525 80.334976 0.000000 
95.840462 86.725578 86.405251 86.138626 95.842331 0.000000 
84.386086 61.660358 82.586563 87.140251 90.246407 0.000000 
85.681923 76.832962 61.006275 73.754723 67.629913 0.000000 
89.668953 91.310562 83.053474 66.338463 65.581581 0.000000 
90.885941 95.195168 75.936005 73.970016 69.184929 0.000000 
83.440414 80.460655 89.292030 66.874832 77.036407 0.034264 
84.258591 86.782608 73.731438 74.769363 70.357101 0.000000 
86.906395 72.946571 77.058670 75.905418 60.664890 0.000000 
81.339546 65.800316 59.559902 57.774654 50.714687 0.019782 
90.246735 76.606911 68.364182 69.175232 68.901894 0.000000 
80.808380 96.909866 95.373878 73.927238 48.404606 0.000000 
86.514000 67.655334 66.011810 70.151840 81.095314 0.000000 
90.338531 132.956924 69.914619 71.150887 59.093128 0.000000 
90.385284 114.342972 91.284927 111.554420 33.100845 0.000000 
86.607445 0.271962 84.019150 89.166473 65.191139 0.000000 
0.000000 0.000000 38.864723 7.979959 30.216982 0.019782 
0.000000 0.000000 52.526905 31.259617 33.990013 0.000000 
0.000000 0.000000 91.335266 114.761124 71.364334 0.000000 
0.000000 0.000000 78.573914 59.206432 40.020340 0.000000 
0.000000 0.000000 88.861465 102.636322 34.707935 0.000000 
0.000000 0.000000 90.104050 108.710396 33.699291 0.000000 
0.000000 0.000000 85.964790 90.342751 37.392033 0.027976 
0.000000 0.000000 85.574715 41.153141 41.870949 0.000000 
0.000000 0.000000 86.545891 85.096931 35.934181 0.019782 
0.000000 0.000000 90.331909 83.677681 46.074867 0.000000 
0.000000 0.000000 90.214813 90.806198 48.899105 0.019782 
0.000000 0.000000 78.867607 92.684738 58.819252 0.000000 
0.000000 0.000000 92.703186 91.437637 38.458549 0.000000 
0.000000 0.000000 87.827095 74.919128 23.842478 0.000000 
0.000000 0.000000 92.389030 107.074738 35.608715 0.000000 
0.000000 0.000000 92.357712 86.206825 31.369314 0.000000 
0.000000 0.000000 99.055038 105.289734 25.403490 0.000000 
0.000000 0.000000 93.977852 86.545769 22.381428 0.000000 
0.000000 0.000000 90.070229 93.523781 22.862173 0.019782 
0.000000 0.000000 91.601707 90.656784 48.863022 0.000000 
0.000000 0.000000 92.551529 86.102470 24.776320 0.019782 
0.000000 0.000000 94.592972 85.176529 56.391220 0.019782 
0.000000 0.000000 83.492676 86.211113 60.572670 0.019782 
0.000000 0.000000 91.229401 84.794273 56.391254 0.000000 
0.000000 0.000000 94.419456 94.460785 44.693512 0.000000 
0.000000 0.000000 87.845596 81.742729 69.414207 0.019782 
0.000000 0.000000 91.630249 87.847038 61.804573 0.000000 
0.000000 0.000000 91.488792 95.679832 54.218338 0.000000 
0.000000 0.000000 82.964943 94.037376 50.374836 0.000000 
0.000000 0.000000 99.918144 80.433060 27.238745 0.027976 
0.000000 0.000000 89.472008 92.670364 48.061417 0.000000 
0.000000 0.000000 94.996506 94.774284 32.988083 0.000000 
0.000000 0.000000 85.350304 82.167610 39.396561 0.019782 
0.000000 0.000000 83.845390 87.022499 28.037970 0.039565 
0.000000 0.000000 92.472420 83.722633 62.148296 0.000000 
0.000000 0.000000 85.818604 96.799561 39.119167 0.000000 
0.000000 0.000000 89.445541 87.794174 41.169037 0.000000 
0.000000 0.000000 100.086243 96.524406 32.883564 0.019782 
0.000000 0.000000 86.244461 89.645050 30.725922 0.027976 
0.000000 0.000000 85.854546 91.066643 18.736931 0.019782 
0.000000 0.000000 93.402962 91.265800 29.847881 0.027976 
0.000000 0.000000 95.123840 93.425392 41.282249 0.019782 
0.000000 0.000000 91.095703 83.917763 25.443806 0.000000 
0.000000 0.000000 88.190468 81.987488 46.667839 0.000000 
0.000000 0.000000 82.829994 102.618446 40.670956 0.000000 
0.000000 0.000000 92.287498 97.477707 25.875181 0.000000 
0.000000 0.000000 95.422058 87.691002 49.226120 0.019782 
0.000000 0.000000 89.883636 72.761261 33.871105 0.000000 
0.000000 0.000000 87.488861 86.363487 44.072781 0.000000 
0.000000 0.000000 90.910332 91.007233 34.287045 0.000000 
0.000000 0.000000 94.580559 92.357964 33.816708 0.000000 
0.000000 0.000000 97.902649 90.322075 60.041946 0.000000 
0.000000 0.000000 94.157036 91.915756 45.806873 0.000000 
0.000000 0.000000 93.361687 100.772018 39.107674 0.000000 
0.000000 0.000000 84.700455 82.588684 25.043127 0.019782 
0.000000 0.000000 86.533447 79.570671 34.303135 0.034264 
0.000000 0.000000 79.243958 98.698471 30.110853 0.000000 
0.000000 0.000000 87.965508 81.795456 30.524061 0.000000 
0.000000 0.000000 88.668449 83.440231 27.552200 0.000000 
0.000000 0.000000 87.283302 90.787323 43.331772 0.000000 
0.000000 0.000000 91.449471 90.671631 37.832394 0.000000 
0.000000 0.000000 87.583862 68.338234 47.312069 0.039565 
0.000000 0.000000 92.013039 98.100182 57.823502 0.027976 
0.000000 0.000000 93.906166 88.178017 48.580074 0.000000 
0.000000 0.000000 96.822311 86.472198 31.587074 0.000000 
0.000000 0.000000 90.738297 95.477203 60.563087 0.019782 
0.000000 0.000000 79.664635 102.053505 35.808113 0.019782 
0.000000 0.000000 89.549629 105.406548 55.992783 0.019782 
0.000000 0.000000 94.308296 95.649307 39.286938 0.000000 
0.000000 0.000000 92.364632 82.961067 26.082260 0.000000 
0.000000 0.000000 92.321625 106.597282 55.783947 0.000000 
0.000000 0.000000 97.483917 87.895821 61.196690 0.000000 
0.000000 0.000000 93.054886 92.637833 55.801552 0.000000 
0.000000 0.000000 88.092232 80.584457 31.462893 0.000000 
0.000000 0.000000 100.833008 92.665535 44.355629 0.000000 
0.000000 0.000000 92.653603 105.343124 45.365139 0.000000 
0.000000 0.000000 87.010513 94.189728 29.923994 0.000000 
0.000000 0.000000 84.212898 86.295929 33.011810 0.019782 
0.000000 0.000000 87.246452 79.339340 34.143108 0.000000 
0.000000 0.000000 94.366142 85.246529 32.740749 0.000000 
0.000000 0.000000 89.727676 98.529259 54.426422 0.027976 
0.000000 0.000000 91.622032 97.795319 47.067772 0.000000 
0.000000 0.000000 92.749756 104.530220 46.281517 0.027976 
