Episode: 1: [[ 0.6910421   0.17769651  0.08561417  0.05722659  0.4435118 ]
 [ 0.14163172  0.19674355  0.1755688   0.2537261   0.25771132]
 [-0.1369451   0.20210592  0.24617392  0.34990564  0.033165  ]
 [ 0.04488945  0.1541505   0.14692509  0.19035284 -0.1478187 ]
 [-0.44070077 -0.16819975 -0.14308093 -0.1313849  -0.4883075 ]] 
Episode: 2: [[ 0.6883783   0.17974809  0.08985674  0.06161419  0.4379008 ]
 [ 0.14347     0.20177822  0.1808746   0.25948015  0.25139794]
 [-0.13495721  0.2040325   0.24721487  0.3510167   0.03308149]
 [ 0.04376481  0.15010253  0.14261192  0.18606533 -0.14382969]
 [-0.4389877  -0.16908392 -0.14450999 -0.13291979 -0.48550835]] 
Episode: 3: [[ 0.6884083   0.18353434  0.09461578  0.06641661  0.43296474]
 [ 0.14797667  0.20688823  0.18501145  0.26388732  0.24720684]
 [-0.13198511  0.20563991  0.24731132  0.35112423  0.03379842]
 [ 0.03951204  0.14457838  0.1380218   0.18159729 -0.14135732]
 [-0.44060093 -0.17120944 -0.14664283 -0.13521613 -0.48260966]] 
Episode: 4: [[ 0.68624157  0.18760315  0.10098893  0.0728776   0.42507336]
 [ 0.15133289  0.21219946  0.18994506  0.26912606  0.24143313]
 [-0.12965646  0.2081101   0.24903561  0.3529538   0.03143011]
 [ 0.03613896  0.13795747  0.13171728  0.17535828 -0.13633576]
 [-0.44100872 -0.17343324 -0.14922011 -0.13800244 -0.4782853 ]] 
Episode: 5: [[ 0.68075913  0.18958132  0.10678118  0.07881685  0.41625753]
 [ 0.15186286  0.21694025  0.1954406   0.2749583   0.23367015]
 [-0.12923217  0.21039128  0.25154212  0.3554927   0.02718375]
 [ 0.03004363  0.13171855  0.12677824  0.17042792 -0.13394253]
 [-0.4388944  -0.17453414 -0.15098463 -0.13988368 -0.4750045 ]] 
Episode: 6: [[ 0.6743325   0.19110428  0.11253692  0.08474647  0.4067715 ]
 [ 0.15176949  0.2209733   0.20045102  0.28028366  0.22615801]
 [-0.1287887   0.21227655  0.25364503  0.35760105  0.02348656]
 [ 0.02426716  0.12539898  0.1216774   0.1653276  -0.13085198]
 [-0.43627915 -0.17556784 -0.15278777 -0.14179929 -0.47123355]] 
Episode: 7: [[ 0.6665205   0.18900639  0.11409626  0.08658527  0.4032156 ]
 [ 0.15056497  0.22193433  0.20211022  0.28217968  0.2244697 ]
 [-0.12925535  0.21277906  0.25446805  0.35830852  0.02059129]
 [ 0.01752039  0.12139636  0.11978371  0.16342643 -0.13365203]
 [-0.43006057 -0.1747706  -0.15319847 -0.1422395  -0.46929103]] 
Episode: 8: [[ 0.65989894  0.18759866  0.11591493  0.0886135   0.39949238]
 [ 0.14885262  0.22256294  0.20364845  0.2839209   0.22259085]
 [-0.13070805  0.21253595  0.25496736  0.35867882  0.0178064 ]
 [ 0.01039389  0.11725691  0.11784966  0.16146979 -0.13612567]
 [-0.4241671  -0.17399941 -0.1535908  -0.14266159 -0.46721613]] 
Episode: 9: [[ 0.65582013  0.1872591   0.11771107  0.09052242  0.39713463]
 [ 0.14762366  0.22272295  0.20436546  0.284788    0.2224334 ]
 [-0.13285775  0.21138088  0.2546152   0.35820428  0.01640101]
 [ 0.00285492  0.11284599  0.11576278  0.15939422 -0.1383111 ]
 [-0.4189863  -0.1735367  -0.15419567 -0.14329726 -0.4648488 ]] 
Episode: 10: [[ 0.651819    0.18593316  0.11797371  0.09097462  0.39602774]
 [ 0.14431393  0.22131397  0.20431541  0.28501615  0.22132018]
 [-0.13599685  0.20942876  0.25434276  0.35802174  0.01288318]
 [-0.0014096   0.11099961  0.11540847  0.15884152 -0.14085057]
 [-0.41405514 -0.17259169 -0.15410912 -0.14324658 -0.46370363]] 
Episode: 11: [[ 0.64724636  0.18357384  0.11722049  0.09041991  0.3956968 ]
 [ 0.14063773  0.21929523  0.20368706  0.28464413  0.22085325]
 [-0.13940407  0.20691969  0.25358605  0.35740098  0.00958866]
 [-0.005009    0.10975336  0.1155243   0.15879393 -0.14369237]
 [-0.40764427 -0.17088875 -0.15348063 -0.14265174 -0.4627768 ]] 
Episode: 12: [[ 0.6427805   0.18122382  0.11643851  0.08983013  0.3954395 ]
 [ 0.1370812   0.21730295  0.20301658  0.2842141   0.22052011]
 [-0.14245726  0.20466267  0.25285676  0.35679653  0.0067617 ]
 [-0.00858824  0.10844375  0.11552496  0.15866742 -0.1462989 ]
 [-0.40212646 -0.16947773 -0.15300363 -0.14220877 -0.46186396]] 
Episode: 13: [[ 0.6368228   0.17903467  0.11687601  0.09043222  0.39221668]
 [ 0.13145223  0.21540278  0.2035746   0.28498128  0.21688652]
 [-0.14495753  0.20356068  0.25334957  0.35740277  0.00223723]
 [-0.00899705  0.10777499  0.11492711  0.1579429  -0.14655167]
 [-0.39881548 -0.16875547 -0.15290242 -0.14215262 -0.46061513]] 
Episode: 14: [[ 0.63080764  0.17636795  0.11672786  0.09046875  0.38974497]
 [ 0.12578313  0.21314324  0.20369384  0.2853172   0.21390727]
 [-0.14721188  0.20256686  0.2537633   0.35794115 -0.00180596]
 [-0.00918646  0.10743605  0.11459719  0.15748571 -0.14705487]
 [-0.3963258  -0.16823311 -0.15285106 -0.14214431 -0.4596214 ]] 
Episode: 15: [[ 0.625904    0.17501289  0.11753347  0.0913166   0.38654634]
 [ 0.12016556  0.21078861  0.20355351  0.28535146  0.21136957]
 [-0.15085703  0.2001494   0.25302508  0.35732657 -0.0048691 ]
 [-0.0116984   0.10536794  0.11319456  0.15611655 -0.14692731]
 [-0.39309263 -0.1678147  -0.15308346 -0.14239031 -0.45756143]] 
Episode: 16: [[ 0.6207431   0.17366095  0.11857273  0.09242465  0.38254198]
 [ 0.11383733  0.20810707  0.2034454   0.28545582  0.20819424]
 [-0.15427274  0.19781806  0.252255    0.35668626 -0.00753307]
 [-0.01440745  0.10279711  0.11124706  0.15423    -0.14583364]
 [-0.39040574 -0.16764754 -0.15350586 -0.14283563 -0.45505306]] 
Episode: 17: [[ 0.61775446  0.17321184  0.11949657  0.09336948  0.37976396]
 [ 0.10775787  0.20528565  0.20318048  0.28535974  0.20525192]
 [-0.15743102  0.19579713  0.25199914  0.35651156 -0.01109683]
 [-0.0160751   0.10136721  0.11027621  0.1531489  -0.14580603]
 [-0.3881566  -0.16735342 -0.15370436 -0.14305763 -0.4531461 ]] 
Episode: 18: [[ 0.6159592   0.17323983  0.12041938  0.09432968  0.37758067]
 [ 0.10156254  0.20212552  0.20259774  0.28492114  0.20270221]
 [-0.16158614  0.1929782   0.25133988  0.3558923  -0.01486892]
 [-0.01855725  0.09976216  0.10943435  0.15219378 -0.14632107]
 [-0.3860698  -0.16703999 -0.15385345 -0.14322923 -0.4513181 ]] 
Episode: 19: [[ 0.61495334  0.17352648  0.12125513  0.0951734   0.37576795]
 [ 0.09568866  0.1989004   0.20180377  0.28426242  0.20057252]
 [-0.165297    0.19042827  0.25072774  0.35529262 -0.01820488]
 [-0.02076555  0.09852653  0.10887088  0.15146479 -0.14700857]
 [-0.38363153 -0.16653745 -0.1538768  -0.14327419 -0.4496112 ]] 
Episode: 20: [[ 0.6142298   0.17398322  0.12220748  0.09611916  0.37382782]
 [ 0.08984862  0.19553103  0.20084406  0.28343594  0.19870798]
 [-0.16924669  0.18761365  0.24990726  0.35447377 -0.0211709 ]
 [-0.02351352  0.09707053  0.1082485   0.15067272 -0.1477485 ]
 [-0.38093355 -0.16597196 -0.15389055 -0.14329694 -0.4477897 ]] 
Episode: 21: [[ 0.61323714  0.17392421  0.12264943  0.09657849  0.3725936 ]
 [ 0.08430909  0.19215721  0.19964643  0.28238612  0.1975909 ]
 [-0.17306358  0.18493828  0.2490652   0.3536473  -0.02388787]
 [-0.02610803  0.09597801  0.10794885  0.15023933 -0.14896734]
 [-0.37798533 -0.1652497  -0.15375252 -0.14315167 -0.44634637]] 
Episode: 22: [[ 0.6130618   0.17419557  0.12316332  0.097163    0.37150782]
 [ 0.07842907  0.18846478  0.19833183  0.28126994  0.19606754]
 [-0.17707516  0.1818818   0.24805826  0.3527745  -0.02707296]
 [-0.02810635  0.09517458  0.1078523   0.14995134 -0.15022254]
 [-0.3744111  -0.16418129 -0.15337794 -0.14279267 -0.44483742]] 
Episode: 23: [[ 0.61305696  0.17469826  0.12391566  0.09798161  0.37022054]
 [ 0.07299861  0.18487091  0.19687751  0.28002816  0.1951545 ]
 [-0.18073282  0.17891483  0.24687134  0.35177165 -0.02928847]
 [-0.02967452  0.0942192   0.10740249  0.14936356 -0.15074238]
 [-0.37192196 -0.16354343 -0.15329917 -0.1427637  -0.4431212 ]] 
Episode: 24: [[ 0.61385095  0.17519319  0.12420224  0.09836634  0.3702884 ]
 [ 0.06818012  0.18121295  0.19499281  0.2783251   0.19548331]
 [-0.18568979  0.17489149  0.24508037  0.3500327  -0.03200896]
 [-0.0332916   0.0929971   0.10752157  0.14927599 -0.15340601]
 [-0.36764017 -0.162232   -0.1527945  -0.14223233 -0.44160578]] 
Episode: 25: [[ 0.6141131   0.17536844  0.12435957  0.09861233  0.37024322]
 [ 0.06362682  0.17768213  0.19312638  0.27659783  0.19585942]
 [-0.19018698  0.17115413  0.2433465   0.3482964  -0.03446062]
 [-0.03679386  0.09182715  0.10766351  0.14920053 -0.15609539]
 [-0.36360294 -0.16100708 -0.15232655 -0.14172481 -0.44011873]] 
Episode: 26: [[ 0.6137042   0.17511372  0.12427461  0.09862729  0.37023038]
 [ 0.05950878  0.17442621  0.19129515  0.27490586  0.19637457]
 [-0.19429326  0.16766892  0.24158704  0.34654212 -0.03660879]
 [-0.04056909  0.09047011  0.10766189  0.1490246  -0.15888813]
 [-0.35975337 -0.1598969  -0.15190859 -0.1412628  -0.43867072]] 
Episode: 27: [[ 0.6128294   0.17434078  0.12373368  0.09819295  0.3705878 ]
 [ 0.0555268   0.17110832  0.18931474  0.27309248  0.19718225]
 [-0.19799228  0.16442251  0.2399151   0.3449474  -0.03866976]
 [-0.04391615  0.08942908  0.10788443  0.14911902 -0.1619958 ]
 [-0.35589236 -0.15864223 -0.15131903 -0.14063103 -0.4375768 ]] 
Episode: 28: [[ 0.6116464   0.17301819  0.12259064  0.09719582  0.37147093]
 [ 0.0530911   0.16879484  0.1878805   0.2718562   0.19764021]
 [-0.19958882  0.16270888  0.23915187  0.3443984  -0.04069299]
 [-0.04598555  0.08937647  0.10882267  0.14986867 -0.16544531]
 [-0.35308564 -0.15743092 -0.15053876 -0.13986817 -0.43748343]] 
Episode: 29: [[ 0.61088467  0.17194179  0.12133092  0.09609095  0.37314555]
 [ 0.05154482  0.16681038  0.18642724  0.27057445  0.1982923 ]
 [-0.20053843  0.16130275  0.23847987  0.34405544 -0.04274935]
 [-0.04722199  0.08972681  0.11019699  0.1510991  -0.16953035]
 [-0.35015023 -0.15617815 -0.14962012 -0.13898222 -0.43802315]] 
Episode: 30: [[ 0.60827583  0.16986968  0.1199216   0.09515312  0.3741814 ]
 [ 0.05051645  0.16499552  0.18487763  0.26926905  0.19944793]
 [-0.20129544  0.1599947   0.23759413  0.3433897  -0.04442416]
 [-0.04953051  0.08953276  0.11125661  0.15202747 -0.17386645]
 [-0.3465961  -0.15487874 -0.14873637 -0.13815634 -0.4381771 ]] 
Episode: 31: [[ 0.60716826  0.16823524  0.11800476  0.09349728  0.3768833 ]
 [ 0.05107486  0.16370302  0.18316758  0.2678491   0.20193419]
 [-0.2011986   0.15933998  0.23726325  0.34335935 -0.04658224]
 [-0.05272667  0.09029844  0.11391127  0.15444416 -0.18093716]
 [-0.34350047 -0.15337595 -0.14741288 -0.1368103  -0.43990657]] 
Episode: 32: [[ 0.6066328   0.16747874  0.11710613  0.09309823  0.37842676]
 [ 0.05258245  0.16272825  0.18138885  0.26632324  0.20470002]
 [-0.2012985   0.15785424  0.23582031  0.34207648 -0.04761318]
 [-0.05858474  0.08892829  0.11516576  0.1553583  -0.1874998 ]
 [-0.3409656  -0.1522122  -0.14643644 -0.13592613 -0.44052872]] 
Episode: 33: [[ 0.60485727  0.16635758  0.11649244  0.09288704  0.37858105]
 [ 0.05450424  0.16213664  0.17987487  0.26512447  0.20722733]
 [-0.2000144   0.15705489  0.23431073  0.34086725 -0.04702022]
 [-0.06351981  0.08729874  0.11562854  0.1555805  -0.19236726]
 [-0.33933035 -0.15136078 -0.14566076 -0.13526051 -0.44085488]] 
Episode: 34: [[ 0.6041267   0.1659613   0.11598951  0.09265848  0.37969255]
 [ 0.05756956  0.16186917  0.1780948   0.26344573  0.21043752]
 [-0.19974081  0.15509924  0.23193327  0.33869195 -0.0469798 ]
 [-0.06876125  0.08548214  0.11630496  0.15616585 -0.19816199]
 [-0.33540252 -0.14973961 -0.14438502 -0.13392906 -0.44129986]] 
Episode: 35: [[ 0.6024019   0.16481698  0.11506422  0.09192882  0.3806574 ]
 [ 0.0599419   0.16152208  0.17653209  0.26198846  0.21286656]
 [-0.19867045  0.15392795  0.2300661   0.3371594  -0.0468872 ]
 [-0.07245373  0.08436705  0.11711676  0.15696444 -0.20334291]
 [-0.33213645 -0.14823332 -0.14307807 -0.1325715  -0.4421629 ]] 
Episode: 36: [[ 0.6011871   0.1637831   0.11387258  0.09079972  0.38239527]
 [ 0.06181083  0.16129309  0.175357    0.26080498  0.21427228]
 [-0.19732533  0.15345801  0.22903784  0.3365542  -0.04791167]
 [-0.07420857  0.08446939  0.11865726  0.15864135 -0.20856445]
 [-0.33065447 -0.1471847  -0.14188582 -0.13136913 -0.44401187]] 
Episode: 37: [[ 0.6003183   0.16344327  0.11342774  0.09037822  0.38303062]
 [ 0.06282734  0.16098599  0.17468692  0.26018217  0.21415687]
 [-0.19529644  0.15343648  0.22842194  0.33658    -0.04879032]
 [-0.07408364  0.08472461  0.11964195  0.15979582 -0.21197212]
 [-0.33128178 -0.14686398 -0.14117606 -0.1307692  -0.44562444]] 
Episode: 38: [[ 0.5987501   0.1615431   0.11121342  0.08811022  0.38573253]
 [ 0.06329744  0.15998526  0.17329536  0.25882494  0.2151855 ]
 [-0.19373149  0.15344878  0.22801629  0.33679366 -0.05012015]
 [-0.07398558  0.08612233  0.12201142  0.16241007 -0.2171386 ]
 [-0.33075824 -0.14581956 -0.13976748 -0.12934785 -0.44850504]] 
Episode: 39: [[ 0.59587485  0.15876643  0.10870431  0.08548919  0.38784453]
 [ 0.06390464  0.1595563   0.17250888  0.2581334   0.21563768]
 [-0.19051886  0.1551828   0.22875863  0.33832753 -0.05097867]
 [-0.07135948  0.0888896   0.12475586  0.16546118 -0.22120671]
 [-0.33201694 -0.14523934 -0.13851228 -0.12812103 -0.45209876]] 
Episode: 40: [[ 0.59351254  0.15702213  0.10727772  0.08381291  0.3887026 ]
 [ 0.06366421  0.15917467  0.17227334  0.2578656   0.21442597]
 [-0.18726449  0.15694207  0.22962378  0.34010512 -0.0522113 ]
 [-0.06637683  0.0918458   0.126733    0.16794996 -0.22312993]
 [-0.33579704 -0.14568213 -0.13792896 -0.12770486 -0.4554845 ]] 
Episode: 41: [[ 0.5938721   0.15785266  0.10746287  0.08359233  0.3891415 ]
 [ 0.06329135  0.15913363  0.17256664  0.25798076  0.21181314]
 [-0.18423156  0.15832768  0.23040977  0.34189937 -0.05401577]
 [-0.06003629  0.09458157  0.12804748  0.16990842 -0.22351195]
 [-0.34179905 -0.1472508  -0.13812754 -0.12818658 -0.4587302 ]] 
Episode: 42: [[ 0.5929345   0.15932356  0.10948518  0.08521917  0.38601077]
 [ 0.05912393  0.15799977  0.17358387  0.25873244  0.20562644]
 [-0.18283775  0.15857925  0.23072222  0.34323347 -0.05729337]
 [-0.05266953  0.0960186   0.12725924  0.16984844 -0.22108592]
 [-0.34933072 -0.14962925 -0.13909404 -0.1295898  -0.4602377 ]] 
Episode: 43: [[ 0.5920031   0.16060361  0.11121736  0.08654773  0.38312083]
 [ 0.05376729  0.15622883  0.17445098  0.25932854  0.19891478]
 [-0.18212193  0.1585423   0.23109569  0.34460503 -0.06133884]
 [-0.04534715  0.09762038  0.12668309  0.17004015 -0.21876155]
 [-0.35685554 -0.15192859 -0.13993944 -0.1308663  -0.46198353]] 
Episode: 44: [[ 0.59182894  0.16270305  0.11374518  0.08877276  0.37965238]
 [ 0.04852051  0.15427233  0.17492285  0.25955248  0.19293028]
 [-0.18204059  0.15777129  0.23062377  0.34510428 -0.06441207]
 [-0.03993495  0.09748989  0.12467222  0.16880253 -0.21560375]
 [-0.36434507 -0.15443364 -0.1410873  -0.13252917 -0.46281716]] 
Episode: 45: [[ 0.59136933  0.16360413  0.11480201  0.08961325  0.37814358]
 [ 0.04417675  0.15234964  0.17491075  0.2593582   0.18836333]
 [-0.18107848  0.15773614  0.2305552   0.3460013  -0.06734196]
 [-0.0351509   0.09835038  0.12418618  0.1689834  -0.21485515]
 [-0.37099212 -0.1562287  -0.14150806 -0.13338663 -0.4650067 ]] 
Episode: 46: [[ 0.590993    0.16440114  0.11567105  0.09028513  0.37705147]
 [ 0.04074046  0.15040228  0.17426518  0.25852594  0.18554635]
 [-0.18066867  0.15716866  0.2299214   0.34615818 -0.06961515]
 [-0.03237462  0.098626    0.12376919  0.16909559 -0.2151978 ]
 [-0.37629762 -0.1576697  -0.14179842 -0.1340378  -0.46682268]] 
Episode: 47: [[ 0.5912836   0.16394927  0.11403605  0.08832434  0.37949848]
 [ 0.03689451  0.14677764  0.1716207   0.25543427  0.18449925]
 [-0.1826574   0.15451308  0.22815406  0.34486783 -0.07425725]
 [-0.03192357  0.10009651  0.1263107   0.17215388 -0.22051057]
 [-0.37849185 -0.15714316 -0.14013553 -0.13242291 -0.47115654]] 
Episode: 48: [[ 0.59724784  0.17177099  0.12127529  0.09559893  0.37440902]
 [ 0.04085933  0.1466333   0.16903275  0.25297683  0.18959472]
 [-0.18193169  0.15087448  0.22301613  0.34057266 -0.06883376]
 [-0.03463856  0.09380682  0.12030106  0.16637836 -0.21706937]
 [-0.3868766  -0.16211364 -0.14440355 -0.137474   -0.46711415]] 
Episode: 49: [[ 0.60265326  0.17879766  0.1277656   0.10211524  0.36985236]
 [ 0.04429958  0.14630108  0.16652043  0.25057074  0.19427674]
 [-0.18135673  0.14730597  0.21807115  0.33642077 -0.06371934]
 [-0.03722199  0.08804683  0.11485108  0.16117212 -0.21411285]
 [-0.3944601  -0.16650794 -0.14814898 -0.14193912 -0.4635827 ]] 
Episode: 50: [[ 0.6078368   0.1854794   0.13405095  0.10856026  0.36528778]
 [ 0.04814242  0.14681596  0.16496883  0.2492871   0.19788262]
 [-0.17950954  0.14495137  0.21402644  0.33329776 -0.05871803]
 [-0.03930608  0.08256312  0.10948197  0.15593284 -0.21080023]
 [-0.40211493 -0.17080113 -0.15179989 -0.14636022 -0.46016526]] 
Episode: 51: [[ 0.6121624   0.19128932  0.139606    0.11424735  0.36101577]
 [ 0.05142744  0.14722387  0.16369842  0.24830577  0.20055111]
 [-0.17770736  0.14279233  0.21037261  0.33045775 -0.05463267]
 [-0.04187354  0.07742268  0.10472061  0.15124741 -0.20840608]
 [-0.40847972 -0.17432348 -0.15479031 -0.14997368 -0.457178  ]] 
Episode: 52: [[ 0.6156135   0.19639884  0.14478774  0.11960258  0.35648954]
 [ 0.0542987   0.14763969  0.16267072  0.24755575  0.20277861]
 [-0.1754495   0.1413259   0.20731302  0.32817575 -0.05066562]
 [-0.04391678  0.07270595  0.10016984  0.14670093 -0.20577289]
 [-0.4148072  -0.17776427 -0.15773976 -0.1535434  -0.45407864]] 
Episode: 53: [[ 0.61882776  0.20097579  0.1493141   0.12428483  0.35281673]
 [ 0.05771724  0.14861435  0.1621317   0.24734712  0.20452249]
 [-0.17246771  0.14063431  0.20502403  0.32672003 -0.04756524]
 [-0.04497868  0.06887165  0.09641836  0.14296734 -0.2039281 ]
 [-0.42034298 -0.18071018 -0.16021897 -0.15656474 -0.45168757]] 
Episode: 54: [[ 0.62165225  0.20512567  0.15347326  0.12857626  0.34928164]
 [ 0.06010168  0.1489971   0.16132016  0.24671605  0.20619333]
 [-0.17109354  0.13915436  0.20244926  0.32468194 -0.04475419]
 [-0.0475531   0.06497851  0.09309179  0.13957608 -0.20290309]
 [-0.4243874  -0.18316607 -0.16241929 -0.15919945 -0.44921482]] 
Episode: 55: [[ 0.6241108   0.20883358  0.15719032  0.13236876  0.34605396]
 [ 0.06217371  0.14937708  0.1607175   0.24624912  0.20715895]
 [-0.17051286  0.13742118  0.20001443  0.32265326 -0.04290969]
 [-0.05079417  0.06125599  0.09024612  0.13665272 -0.20274287]
 [-0.42655313 -0.18489158 -0.16410555 -0.16118443 -0.44702002]] 
Episode: 56: [[ 0.62566876  0.2117158   0.16017959  0.13541915  0.3434    ]
 [ 0.0639901   0.14953445  0.15996237  0.2456008   0.20825034]
 [-0.16939084  0.136096    0.19782117  0.32080027 -0.04115178]
 [-0.05347724  0.05793869  0.08772736  0.13407765 -0.20286   ]
 [-0.42845285 -0.18635264 -0.16550949 -0.16284782 -0.44512314]] 
Episode: 57: [[ 0.6260938   0.21380396  0.1626942   0.13796063  0.34053388]
 [ 0.06481063  0.1492043   0.15932119  0.24510014  0.20818236]
 [-0.16838169  0.13490829  0.19600669  0.31933144 -0.04030917]
 [-0.05555608  0.05509618  0.08559053  0.13192606 -0.2031865 ]
 [-0.42987642 -0.18752524 -0.16664797 -0.1641541  -0.44345263]] 
Episode: 58: [[ 0.6263463   0.21561857  0.16489226  0.14012724  0.33831075]
 [ 0.06648915  0.14947139  0.1590026   0.24490239  0.20825644]
 [-0.16759595  0.13351941  0.19424063  0.31785193 -0.04031721]
 [-0.05736208  0.05253496  0.08388253  0.13030396 -0.20452866]
 [-0.42851228 -0.18772075 -0.16720225 -0.16472755 -0.4420136 ]] 
Episode: 59: [[ 0.6263823   0.21687423  0.16627812  0.14134824  0.33780155]
 [ 0.06833702  0.14966196  0.15846486  0.24438135  0.20911992]
 [-0.16694576  0.132113    0.1925749   0.31634557 -0.04092154]
 [-0.05932016  0.05026839  0.08274253  0.12934355 -0.20721915]
 [-0.42546397 -0.18722217 -0.1672619  -0.16471134 -0.44106624]] 
Episode: 60: [[ 0.62571406  0.2175856   0.16734158  0.1422801   0.33711663]
 [ 0.06971847  0.14964467  0.1580266   0.24402197  0.20936818]
 [-0.1662053   0.13100821  0.19126743  0.31521535 -0.0418497 ]
 [-0.06103     0.0483344   0.08183764  0.12861581 -0.2098873 ]
 [-0.42260614 -0.18672207 -0.1672584  -0.16461313 -0.44031033]] 
Episode: 61: [[ 0.62427664  0.21777967  0.16835229  0.1433143   0.33543187]
 [ 0.07045996  0.14943899  0.15788418  0.24411778  0.20846467]
 [-0.16496749  0.13045101  0.19049299  0.3147482  -0.04310779]
 [-0.06203481  0.04679749  0.08100304  0.12788473 -0.21194093]
 [-0.42065302 -0.1863453  -0.16726059 -0.16454995 -0.43946356]] 
Episode: 62: [[ 0.62295806  0.21792397  0.16926785  0.14423306  0.33404407]
 [ 0.07160483  0.14957893  0.1580103   0.24449497  0.20746727]
 [-0.16334711  0.13030982  0.19005801  0.3146503  -0.04477081]
 [-0.06252629  0.04562898  0.08049116  0.1275144  -0.21443827]
 [-0.41800538 -0.1857236  -0.16707577 -0.16425835 -0.4389148 ]] 
Episode: 63: [[ 0.6213427   0.21776143  0.17003077  0.14503214  0.33209974]
 [ 0.07235586  0.14939037  0.1580363   0.2447998   0.20585454]
 [-0.16243991  0.12958086  0.18918914  0.31398168 -0.04652376]
 [-0.06390163  0.04397462  0.07968531  0.1268362  -0.2167468 ]
 [-0.41437796 -0.18470183 -0.16660891 -0.16357796 -0.43822765]] 
Episode: 64: [[ 0.6189931   0.2172499   0.17081773  0.1458659   0.3292631 ]
 [ 0.07282279  0.1492126   0.15829287  0.24530947  0.20359695]
 [-0.16175824  0.12893456  0.18857825  0.31349143 -0.04880885]
 [-0.06665216  0.04197985  0.07899374  0.12621368 -0.21959323]
 [-0.4092089  -0.18314108 -0.16586637 -0.16251175 -0.4373654 ]] 
Episode: 65: [[ 0.6150238   0.21576789  0.17121263  0.14635311  0.32577607]
 [ 0.07238063  0.14844872  0.15851007  0.24591476  0.20043595]
 [-0.1605495   0.12867047  0.1881672   0.3132302  -0.0512202 ]
 [-0.06811248  0.04047963  0.07839224  0.12571867 -0.22198643]
 [-0.40394214 -0.18146074 -0.1649809  -0.16124588 -0.43669376]] 
Episode: 66: [[ 0.61111176  0.21413986  0.17137276  0.14662352  0.3227781 ]
 [ 0.07171388  0.14755274  0.15857874  0.24632071  0.19766217]
 [-0.15968369  0.12838005  0.18783018  0.3129911  -0.05350167]
 [-0.07016401  0.0390168   0.07798763  0.12538783 -0.22466479]
 [-0.39847782 -0.17970297 -0.16404921 -0.15994507 -0.43608394]] 
Episode: 67: [[ 0.60719264  0.2121735   0.17126307  0.14663492  0.3204053 ]
 [ 0.07155947  0.14681394  0.15867902  0.24674761  0.19520165]
 [-0.15917581  0.12769066  0.18711145  0.31224853 -0.05585219]
 [-0.0726992   0.03726631  0.07744839  0.12493993 -0.22761248]
 [-0.39141238 -0.17734008 -0.16276175 -0.15824355 -0.43544346]] 
Episode: 68: [[ 0.60369104  0.21038826  0.17107283  0.14654253  0.31859228]
 [ 0.07159191  0.14623979  0.15875974  0.24711524  0.19312577]
 [-0.15859433  0.12713389  0.18647946  0.31159967 -0.05805508]
 [-0.0750598   0.03568475  0.07702856  0.1246081  -0.23058535]
 [-0.38463792 -0.175094   -0.16153646 -0.15663923 -0.43492007]] 
Episode: 69: [[ 0.5994773   0.20824687  0.17080627  0.14642645  0.31635058]
 [ 0.07179198  0.14586113  0.15901104  0.24771765  0.1910193 ]
 [-0.15644693  0.12765668  0.18642467  0.31163388 -0.05975661]
 [-0.07589509  0.03467869  0.0766477   0.12426574 -0.23280272]
 [-0.37953076 -0.1732978  -0.16053814 -0.1553267  -0.4343985 ]] 
Episode: 70: [[ 0.5946053   0.20578934  0.1703821   0.14620622  0.31363577]
 [ 0.07164127  0.14534241  0.15924828  0.24841096  0.1884888 ]
 [-0.15255488  0.12938367  0.18709745  0.312632   -0.06115584]
 [-0.074955    0.03446918  0.07652415  0.12411637 -0.23432913]
 [-0.37669748 -0.17221206 -0.15989138 -0.15445538 -0.43411735]] 
Episode: 71: [[ 0.5899554   0.20333202  0.16967389  0.14561711  0.31161442]
 [ 0.07117535  0.14453942  0.15915333  0.24866004  0.18635014]
 [-0.14943868  0.13054898  0.18742436  0.31322238 -0.06258185]
 [-0.07467035  0.03411378  0.07646711  0.12407134 -0.23608573]
 [-0.3741356  -0.1712038  -0.15922639 -0.15357904 -0.43390608]] 
Episode: 72: [[ 0.58529043  0.20076363  0.16860442  0.1445094   0.31046402]
 [ 0.07053348  0.14358263  0.1587392   0.24841483  0.18475454]
 [-0.14712194  0.13118292  0.18741564  0.31337357 -0.06426664]
 [-0.07510587  0.03354243  0.07654064  0.12421746 -0.23872644]
 [-0.37074363 -0.1698981  -0.1583505  -0.15243644 -0.43381009]] 
Episode: 73: [[ 0.58026296  0.1979488   0.16750968  0.1435125   0.30858663]
 [ 0.0705962   0.14307979  0.15870167  0.24874826  0.1827231 ]
 [-0.1426751   0.13315965  0.18814069  0.31444037 -0.06551017]
 [-0.07307434  0.03392486  0.07681202  0.12449162 -0.2406237 ]
 [-0.36824787 -0.16869071 -0.1574188  -0.15127473 -0.4340141 ]] 
Episode: 74: [[ 0.5755328   0.19533944  0.16629544  0.14229105  0.307132  ]
 [ 0.07039011  0.14237818  0.15850253  0.24883622  0.1806726 ]
 [-0.13868994  0.1347272   0.1888179   0.31543678 -0.06741224]
 [-0.07120972  0.03439335  0.07743216  0.12511255 -0.24334425]
 [-0.36524698 -0.16725953 -0.15632099 -0.14989004 -0.4343491 ]] 
Episode: 75: [[ 0.57103074  0.19265406  0.16471289  0.14064012  0.30678123]
 [ 0.07009069  0.14153405  0.15799299  0.24852347  0.17938586]
 [-0.13527755  0.13597344  0.18928348  0.31615368 -0.06911   ]
 [-0.06954592  0.03492197  0.07820795  0.12592292 -0.2463463 ]
 [-0.36228985 -0.16581817 -0.15518537 -0.14847183 -0.43490672]] 
Episode: 76: [[ 0.56723607  0.19050711  0.16356468  0.13946518  0.30605215]
 [ 0.0702603   0.14119786  0.15792462  0.24872127  0.17775522]
 [-0.13162358  0.13746458  0.18995112  0.3171376  -0.07064942]
 [-0.06724966  0.03564755  0.07891332  0.12665361 -0.24867162]
 [-0.3596715  -0.1645001  -0.15411046 -0.1471339  -0.4356124 ]] 
Episode: 77: [[ 0.5644543   0.18905658  0.16279775  0.13863496  0.30528355]
 [ 0.07034899  0.14091201  0.15795247  0.24898964  0.17607948]
 [-0.1285133   0.13867642  0.19060917  0.31810838 -0.0723398 ]
 [-0.06534919  0.036203    0.07950692  0.12723796 -0.2507344 ]
 [-0.35715377 -0.16326122 -0.15311489 -0.14588505 -0.43619907]] 
Episode: 78: [[ 0.5612816   0.18705364  0.16135345  0.13701321  0.30563098]
 [ 0.07030409  0.14030796  0.15747787  0.24859445  0.17541224]
 [-0.12596335  0.13949881  0.19094548  0.31857258 -0.07379853]
 [-0.06350395  0.03691886  0.08033227  0.12812364 -0.25303045]
 [-0.35390684 -0.16168194 -0.15190057 -0.14432953 -0.4368716 ]] 
Episode: 79: [[ 0.5582452   0.18560192  0.16080348  0.13645542  0.30403548]
 [ 0.0698894   0.13984881  0.15753278  0.24887477  0.1735086 ]
 [-0.12353126  0.14039704  0.1914359   0.31926024 -0.07500851]
 [-0.06250351  0.03694198  0.0803927   0.12811379 -0.25409022]
 [-0.35197037 -0.16075647 -0.15123749 -0.14344369 -0.43683413]] 
Episode: 80: [[ 0.5551362   0.18391559  0.15983282  0.13541524  0.3031575 ]
 [ 0.06892739  0.1388952   0.15717474  0.24867283  0.17182377]
 [-0.12196641  0.14066364  0.19160022  0.31956324 -0.07678665]
 [-0.06160777  0.03711577  0.08077843  0.12851554 -0.2558976 ]
 [-0.34909797 -0.15937471 -0.15019016 -0.14210017 -0.4370595 ]] 
Episode: 81: [[ 0.55268675  0.18248892  0.15864618  0.13408628  0.3036556 ]
 [ 0.06836848  0.13817798  0.1567005   0.24828939  0.17103693]
 [-0.12002935  0.14131548  0.19199033  0.3201355  -0.07817811]
 [-0.06011175  0.03777076  0.08155508  0.12933812 -0.25794297]
 [-0.3466327  -0.15823765 -0.14927058 -0.14093918 -0.43784577]] 
Episode: 82: [[ 0.5497709   0.18102667  0.1578953   0.13330008  0.30236283]
 [ 0.06738683  0.13740566  0.15663369  0.24844092  0.16882405]
 [-0.11798428  0.14212526  0.19261146  0.32101884 -0.07975578]
 [-0.05782766  0.03863591  0.08214152  0.12994952 -0.25882003]
 [-0.344922   -0.15736821 -0.14850082 -0.13993555 -0.43855485]] 
Episode: 83: [[ 0.54718465  0.17964403  0.1570266   0.13239366  0.30161765]
 [ 0.06657249  0.13668664  0.1564914   0.24852689  0.16709518]
 [-0.11589486  0.14301191  0.19327544  0.32198247 -0.08093477]
 [-0.05554154  0.03958298  0.08277716  0.13063237 -0.25958222]
 [-0.343708   -0.15667415 -0.14781454 -0.1390378  -0.43944502]] 
Episode: 84: [[ 0.5456892   0.1788599   0.15627643  0.13153864  0.3017224 ]
 [ 0.06621362  0.13631728  0.15644899  0.248669    0.16570348]
 [-0.11394756  0.14391287  0.19405173  0.32309073 -0.08235165]
 [-0.052937    0.04088857  0.08382105  0.13177252 -0.2608444 ]
 [-0.34236568 -0.15597183 -0.14707424 -0.13810174 -0.44083256]] 
Episode: 85: [[ 0.54369515  0.17777148  0.15537126  0.13053599  0.30151173]
 [ 0.0654195   0.1356373   0.15621766  0.2486025   0.16420834]
 [-0.11224532  0.14465788  0.1947058   0.32404792 -0.08365913]
 [-0.05071478  0.04198502  0.08467266  0.1327084  -0.26184523]
 [-0.34123978 -0.15535395 -0.14641975 -0.13725774 -0.44194096]] 
Episode: 86: [[ 0.5416919   0.17653953  0.15429702  0.1293818   0.30175912]
 [ 0.06502235  0.13521157  0.1560704   0.24862033  0.16309568]
 [-0.11013804  0.14579704  0.195573    0.32523227 -0.08472803]
 [-0.04791942  0.04350203  0.08580068  0.1339373  -0.26296222]
 [-0.3399227  -0.15460965 -0.14560224 -0.13625576 -0.44348288]] 
Episode: 87: [[ 0.54021025  0.17589176  0.15385662  0.1288734   0.30118465]
 [ 0.06469293  0.13514659  0.15641722  0.2491516   0.16126981]
 [-0.10861854  0.14672953  0.19651519  0.3264947  -0.08637083]
 [-0.04598058  0.04469082  0.08678775  0.13501276 -0.26416376]
 [-0.33823353 -0.15374437 -0.14470218 -0.13516724 -0.44501016]] 
Episode: 88: [[ 0.53941023  0.17558819  0.1535459   0.12849641  0.30106473]
 [ 0.06452657  0.13515489  0.15668984  0.24959745  0.1598936 ]
 [-0.10742569  0.14743926  0.19724028  0.32754397 -0.08765943]
 [-0.04468674  0.04555172  0.08755241  0.13585906 -0.26523256]
 [-0.33672985 -0.15301248 -0.14394945 -0.13427114 -0.44639117]] 
Episode: 89: [[ 0.5402241   0.17589794  0.15298013  0.12771076  0.3033528 ]
 [ 0.06489584  0.13516216  0.15632452  0.24921799  0.16040805]
 [-0.10748115  0.14703803  0.1969894   0.32748562 -0.08878998]
 [-0.0450547   0.04572142  0.08828071  0.13675237 -0.26747182]
 [-0.3342352  -0.15202087 -0.14309779 -0.13326807 -0.44763726]] 
Episode: 90: [[ 0.5412148   0.17648992  0.15271725  0.12724715  0.30513328]
 [ 0.06509687  0.13515233  0.15607032  0.24897751  0.16073503]
 [-0.10756745  0.14664355  0.19669633  0.32737696 -0.08942632]
 [-0.0457073   0.04556976  0.08856658  0.13715248 -0.26891744]
 [-0.3320337  -0.15123266 -0.14245048 -0.13249423 -0.44850117]] 
Episode: 91: [[ 0.5433853   0.17779504  0.15278086  0.12706679  0.307485  ]
 [ 0.06602533  0.13574453  0.15610604  0.24899426  0.16123506]
 [-0.10722808  0.14659357  0.19671662  0.32762516 -0.0902285 ]
 [-0.04607438  0.04566242  0.08911784  0.13781083 -0.27053466]
 [-0.33055282 -0.15074869 -0.14201306 -0.13196948 -0.44966838]] 
Episode: 92: [[ 0.5459618   0.17924626  0.15297742  0.12707372  0.31010163]
 [ 0.06804465  0.13712023  0.15664053  0.24956417  0.16200985]
 [-0.10540885  0.1477187   0.1974415   0.32864657 -0.09046597]
 [-0.04488269  0.04653451  0.09002454  0.13884464 -0.2718579 ]
 [-0.3297919  -0.15048392 -0.1416282  -0.13154164 -0.4515652 ]] 
Episode: 93: [[ 0.5481379   0.180757    0.15361115  0.12759317  0.31122187]
 [ 0.06970947  0.1384895   0.15747616  0.25051367  0.16181996]
 [-0.10313091  0.14924909  0.19844148  0.33001572 -0.09037203]
 [-0.04312497  0.04743564  0.09054459  0.13945606 -0.2718381 ]
 [-0.33067885 -0.15088831 -0.141727   -0.13166557 -0.4532202 ]] 
Episode: 94: [[ 0.548088    0.18099126  0.15379336  0.12774065  0.31113407]
 [ 0.0713262   0.14008173  0.15896043  0.25223085  0.16026916]
 [-0.09869006  0.15266007  0.20109491  0.33318233 -0.09140582]
 [-0.0374816   0.05056899  0.09245929  0.14147027 -0.27222675]
 [-0.3311985  -0.150748   -0.14111519 -0.13096839 -0.45631573]] 
Episode: 95: [[ 0.5472531   0.1807192   0.15355623  0.12744115  0.31106174]
 [ 0.07208331  0.14106748  0.16006528  0.2534853   0.15866925]
 [-0.09463345  0.15596522  0.20376112  0.33625084 -0.09277956]
 [-0.03220808  0.05374387  0.09452121  0.14359519 -0.2731267 ]
 [-0.3317455  -0.15062895 -0.14050293 -0.1302508  -0.4593367 ]] 
Episode: 96: [[ 0.54639107  0.1804844   0.15342277  0.12726267  0.31068397]
 [ 0.07259382  0.14184947  0.16100514  0.2545843   0.15714873]
 [-0.09085273  0.15897143  0.20607303  0.3389698  -0.09358581]
 [-0.02753229  0.05632829  0.09595325  0.14510041 -0.2732532 ]
 [-0.333272   -0.15097101 -0.14030258 -0.12999728 -0.46180692]] 
Episode: 97: [[ 0.54397416  0.17902909  0.15235072  0.12616783  0.31046903]
 [ 0.0724517   0.14206807  0.16153926  0.25528112  0.15554117]
 [-0.08744118  0.16177422  0.20832054  0.34163556 -0.0950087 ]
 [-0.02195252  0.05970437  0.09810431  0.14736225 -0.27389482]
 [-0.33359692 -0.15064128 -0.13945821 -0.12903735 -0.4648657 ]] 
Episode: 98: [[ 0.54010737  0.1769365   0.15118282  0.12499485  0.3087054 ]
 [ 0.07085142  0.14154543  0.16194147  0.2558607   0.15271527]
 [-0.08432384  0.16453548  0.21073279  0.34450772 -0.09672406]
 [-0.01565166  0.06322274  0.09993026  0.14930241 -0.27308968]
 [-0.33582014 -0.15099011 -0.13911262 -0.12861487 -0.4675301 ]] 
Episode: 99: [[ 0.53689075  0.17563534  0.15062965  0.12441698  0.30574772]
 [ 0.06906858  0.14106463  0.16252397  0.25661787  0.14884585]
 [-0.08020068  0.16765411  0.21334694  0.34760523 -0.09821136]
 [-0.00682296  0.06733755  0.1015125   0.15100813 -0.27048662]
 [-0.34006324 -0.15208912 -0.1392942  -0.12873732 -0.4699419 ]] 
Episode: 100: [[ 0.53431594  0.17434205  0.14962938  0.12340502  0.30454648]
 [ 0.06720194  0.14028543  0.16262747  0.2568795   0.14599207]
 [-0.07669282  0.17039575  0.21576993  0.35050118 -0.09985972]
 [ 0.00203899  0.07179237  0.10363983  0.15326984 -0.2687278 ]
 [-0.3437132  -0.15291098 -0.1392091  -0.12859775 -0.4729483 ]] 
Episode: 101: [[ 0.53147084  0.17280075  0.14852552  0.12230719  0.30335328]
 [ 0.06510758  0.13919717  0.16245297  0.2568474   0.14338923]
 [-0.07393023  0.17247966  0.21760815  0.35275173 -0.1014444 ]
 [ 0.0093716   0.07543521  0.10537286  0.15513617 -0.26745403]
 [-0.34659168 -0.15350859 -0.13906942 -0.12840882 -0.47535577]] 
Episode: 102: [[ 0.5289087   0.1714113   0.14756992  0.1213283   0.30223197]
 [ 0.06280884  0.1379827   0.16219972  0.25671107  0.14085932]
 [-0.07136223  0.17444432  0.21938017  0.35494342 -0.10283198]
 [ 0.01638339  0.07876734  0.10683272  0.15675105 -0.2658631 ]
 [-0.3500672  -0.15442558 -0.13927545 -0.12857972 -0.47743487]] 
Episode: 103: [[ 0.5270595   0.17024237  0.14644445  0.12016363  0.30218455]
 [ 0.06081499  0.13669047  0.16145767  0.2560644   0.13928518]
 [-0.069469    0.17573394  0.22046307  0.3564469  -0.10408528]
 [ 0.02199561  0.08143651  0.10807508  0.15817457 -0.26484337]
 [-0.35378566 -0.15552366 -0.1397057  -0.12898967 -0.4792653 ]] 
Episode: 104: [[ 0.52564305  0.1690835   0.14519891  0.11889784  0.30277434]
 [ 0.05959211  0.1356843   0.1605648   0.25524685  0.13852374]
 [-0.06774236  0.17673165  0.22106095  0.35744193 -0.10520016]
 [ 0.02551336  0.08322448  0.10908561  0.15938978 -0.26489162]
 [-0.35700408 -0.15642522 -0.14001545 -0.12928742 -0.48087943]] 
Episode: 105: [[ 0.5236409   0.16753295  0.1438426   0.11756727  0.3028552 ]
 [ 0.05792535  0.13452724  0.15985377  0.25463036  0.13688368]
 [-0.06557903  0.17829645  0.22220203  0.359006   -0.10668863]
 [ 0.02951411  0.08554228  0.11044531  0.16095486 -0.264838  ]
 [-0.3610132  -0.15758209 -0.14042144 -0.12971939 -0.4830913 ]] 
Episode: 106: [[ 0.52246356  0.1669329   0.14332242  0.11690398  0.30376258]
 [ 0.05586524  0.13328569  0.1594341   0.2542693   0.13587551]
 [-0.06414334  0.1796247   0.22347522  0.36063448 -0.1073496 ]
 [ 0.03374861  0.08758294  0.11135221  0.16212381 -0.26433033]
 [-0.36169606 -0.15776882 -0.14031775 -0.12952773 -0.48478872]] 
Episode: 107: [[ 0.5284003   0.17241246  0.14485092  0.1174474   0.3080867 ]
 [ 0.05913082  0.13715687  0.16137503  0.25544596  0.13678922]
 [-0.06447548  0.17888352  0.22412544  0.3615154  -0.1095232 ]
 [ 0.03777917  0.09030741  0.11413904  0.16496201 -0.2663427 ]
 [-0.36398715 -0.15814659 -0.13978629 -0.12895402 -0.4888383 ]] 
Episode: 108: [[ 0.54291385  0.18616517  0.15512834  0.1273844   0.31451324]
 [ 0.06470955  0.14053516  0.16394967  0.25835943  0.13585798]
 [-0.07041402  0.17245601  0.22326212  0.3611269  -0.11392965]
 [ 0.02800752  0.08244745  0.11158247  0.16263019 -0.27004573]
 [-0.3516066  -0.14745218 -0.13056663 -0.1195713  -0.4870054 ]] 
Episode: 109: [[ 0.55599123  0.19844991  0.16410239  0.13603021  0.32114238]
 [ 0.07022136  0.14387509  0.16631785  0.26096836  0.13559878]
 [-0.07556     0.1669354   0.22269347  0.36094132 -0.11795351]
 [ 0.02010489  0.07625433  0.11031561  0.16154295 -0.27397937]
 [-0.34107855 -0.13825329 -0.12254521 -0.11141223 -0.48638904]] 
Episode: 110: [[ 0.5674825   0.20904958  0.1714381   0.14313152  0.32821676]
 [ 0.07509773  0.14675348  0.16827823  0.26315024  0.13557579]
 [-0.07981851  0.1624109   0.22277312  0.36137277 -0.12221289]
 [ 0.01388548  0.07180908  0.11066949  0.16200133 -0.27908725]
 [-0.33135426 -0.12961969 -0.11477741 -0.10352807 -0.4872056 ]] 
Episode: 111: [[ 0.5777485   0.21847428  0.17785813  0.14935401  0.33486187]
 [ 0.07944274  0.14928484  0.16996746  0.2650393   0.13564195]
 [-0.08358105  0.15840606  0.22292483  0.36184084 -0.12611645]
 [ 0.00847125  0.06801274  0.1112449   0.16266145 -0.28393662]
 [-0.32255566 -0.12178675 -0.107694   -0.09634063 -0.4881523 ]] 
Episode: 112: [[ 0.5870412   0.2270244   0.18373741  0.15504842  0.34067786]
 [ 0.0833621   0.15156052  0.1714821   0.26673242  0.13570522]
 [-0.08707432  0.15465918  0.22285587  0.36204848 -0.12934987]
 [ 0.00334096  0.06431241  0.11139437  0.16289124 -0.28787953]
 [-0.31472465 -0.11483819 -0.101471   -0.09002414 -0.48859042]] 
Episode: 113: [[ 0.59546643  0.23478128  0.1890987   0.16024183  0.34585765]
 [ 0.08696721  0.15365796  0.17287451  0.26828825  0.13577667]
 [-0.09017417  0.15128611  0.22274657  0.36218956 -0.13210338]
 [-0.00145384  0.06082508  0.11135244  0.16291931 -0.29126856]
 [-0.30777216 -0.10866854 -0.09596812 -0.08444247 -0.48882526]] 
Episode: 114: [[ 0.6030694   0.24177997  0.19393936  0.16493113  0.3505176 ]
 [ 0.09023868  0.15555903  0.17413186  0.269693    0.1358524 ]
 [-0.09293901  0.14825428  0.22263514  0.36230275 -0.13453126]
 [-0.00583597  0.05763222  0.11125932  0.1628872  -0.29427457]
 [-0.30155855 -0.10314967 -0.09105109 -0.07945722 -0.48898348]] 
Episode: 115: [[ 0.60991955  0.24808717  0.19830659  0.16916089  0.3546957 ]
 [ 0.09321491  0.15729253  0.17528439  0.27097723  0.13589615]
 [-0.09534714  0.14557928  0.22259127  0.36246115 -0.13678569]
 [-0.00979637  0.05472818  0.11112993  0.16281208 -0.2969201 ]
 [-0.2959871  -0.09819918 -0.08664545 -0.07499067 -0.48907605]] 
Episode: 116: [[ 0.6161592   0.25384414  0.2023408   0.17306702  0.35830405]
 [ 0.09592673  0.15887457  0.17633884  0.27215067  0.13592127]
 [-0.09764276  0.14303805  0.22237818  0.36242235 -0.1385829 ]
 [-0.01369713  0.05181942  0.11068483  0.16241203 -0.29895273]
 [-0.29109383 -0.09385438 -0.08281989 -0.07111504 -0.48881206]] 
Episode: 117: [[ 0.62179685  0.25904652  0.20599687  0.17660645  0.36151317]
 [ 0.09837658  0.16030017  0.17728776  0.27320483  0.13593915]
 [-0.09974873  0.14070497  0.22212982  0.36232257 -0.14014392]
 [-0.01734087  0.0490909   0.11017077  0.16193284 -0.30068228]
 [-0.2867413  -0.08998678 -0.0794296  -0.06768151 -0.48842892]] 
Episode: 118: [[ 0.62684816  0.2637066   0.20926228  0.17976601  0.3644311 ]
 [ 0.10055113  0.16156094  0.17812411  0.27413252  0.13596734]
 [-0.10164631  0.13860822  0.22191355  0.3622356  -0.1415608 ]
 [-0.02059652  0.04665954  0.10973305  0.16152549 -0.3022574 ]
 [-0.28282252 -0.08650129 -0.07637184 -0.06458464 -0.4880916 ]] 
Episode: 119: [[ 0.6314539   0.2679587   0.21226706  0.18267412  0.36697328]
 [ 0.10254681  0.16271973  0.17888953  0.27498195  0.13599835]
 [-0.10343056  0.13664193  0.22160667  0.36204207 -0.14264044]
 [-0.02379696  0.04425938  0.10911892  0.16093415 -0.3034229 ]
 [-0.27940685 -0.08345509 -0.07371917 -0.06190375 -0.48757425]] 
Episode: 120: [[ 0.63566357  0.27185172  0.21505466  0.18537089  0.36912277]
 [ 0.10436592  0.16377802  0.1795939   0.27576065  0.13599929]
 [-0.10518117  0.13474146  0.22118315  0.36170855 -0.14344299]
 [-0.02699128  0.04183856  0.10829341  0.16012299 -0.30417606]
 [-0.27644816 -0.08080879 -0.0714441  -0.05960761 -0.48680475]] 
Episode: 121: [[ 0.63949794  0.27540097  0.21761973  0.1878518   0.3709604 ]
 [ 0.1060022   0.1647299   0.18023264  0.27646378  0.13597482]
 [-0.10690422  0.13291022  0.2206843   0.36127597 -0.14407623]
 [-0.03014551  0.0394421   0.10734513  0.15917686 -0.30467507]
 [-0.27387747 -0.07850097 -0.06948322 -0.0576312  -0.4858594 ]] 
Episode: 122: [[ 0.6429619   0.2786049   0.21993484  0.19009165  0.37261677]
 [ 0.10751115  0.16560611  0.1808162   0.27710602  0.13595906]
 [-0.10839646  0.13129261  0.2202492   0.36090037 -0.14462285]
 [-0.03301373  0.0372669   0.10647739  0.15830743 -0.3051113 ]
 [-0.2716032  -0.07644817 -0.06773563 -0.05587304 -0.48499596]] 
Episode: 123: [[ 0.64611     0.281518    0.22205566  0.19214293  0.37403393]
 [ 0.10885871  0.16638717  0.18134132  0.27768093  0.13592201]
 [-0.10987002  0.1297352   0.21976632  0.36045653 -0.14505975]
 [-0.0358256   0.03513695  0.10554226  0.15735996 -0.30537432]
 [-0.26962662 -0.07465483 -0.06622621 -0.05435672 -0.4840141 ]] 
Episode: 124: [[ 0.6489454   0.28413603  0.22395325  0.19397758  0.3753418 ]
 [ 0.11007849  0.16708915  0.18180865  0.27818862  0.13590008]
 [-0.11118997  0.12833701  0.21933621  0.360049   -0.14546485]
 [-0.03842097  0.03318647  0.10468607  0.15648396 -0.3056303 ]
 [-0.26790816 -0.07307713 -0.06489418 -0.05302348 -0.48308587]] 
Episode: 125: [[ 0.65154046  0.2865304   0.22570275  0.19567087  0.37644508]
 [ 0.11116184  0.16771233  0.18222591  0.27864078  0.1358688 ]
 [-0.11256075  0.12695196  0.21883506  0.35955244 -0.14572246]
 [-0.04108236  0.03121019  0.10372915  0.15549223 -0.30568838]
 [-0.2664668  -0.07173628 -0.06377883 -0.05191429 -0.48201048]] 
Episode: 126: [[ 0.65389675  0.28870243  0.22729346  0.19721155  0.3774117 ]
 [ 0.11212596  0.1682647   0.18259636  0.27904096  0.13583338]
 [-0.11389188  0.12563369  0.21832307  0.35903296 -0.14592306]
 [-0.04367229  0.02930023  0.10276854  0.15448692 -0.30568248]
 [-0.2652398  -0.07057823 -0.06282274 -0.05096865 -0.48090065]] 
Episode: 127: [[ 0.6560017   0.29064173  0.2287109   0.19858363  0.3782837 ]
 [ 0.11294058  0.16872472  0.18290865  0.2793752   0.13579227]
 [-0.11518497  0.12438453  0.2178273   0.35851562 -0.14615276]
 [-0.04611348  0.02751394  0.10186971  0.15353465 -0.30571082]
 [-0.26415634 -0.06954808 -0.06197905 -0.05013501 -0.479796  ]] 
Episode: 128: [[ 0.6578946   0.29238948  0.2299948   0.19982484  0.37903798]
 [ 0.11362483  0.16910784  0.18317476  0.2796563   0.13574132]
 [-0.11648105  0.12316293  0.21730737  0.3579607  -0.14635739]
 [-0.04848205  0.02577741  0.10095862  0.15256359 -0.30568784]
 [-0.26323584 -0.06866039 -0.0612643  -0.04943107 -0.47863436]] 
Episode: 129: [[ 0.6596081   0.2939654   0.23114964  0.200943    0.37970772]
 [ 0.11422857  0.16943821  0.18340445  0.2798972   0.13568544]
 [-0.11771747  0.12201289  0.21680778  0.35741583 -0.14657009]
 [-0.0507715   0.02411995  0.10008668  0.15162018 -0.30568022]
 [-0.2624564  -0.06789072 -0.06064843 -0.04882906 -0.4774724 ]] 
Episode: 130: [[ 0.6611686   0.29539222  0.23218992  0.20195232  0.38031852]
 [ 0.11478913  0.16974236  0.18361375  0.28011438  0.13563351]
 [-0.11883635  0.12097845  0.21636626  0.35692075 -0.14678332]
 [-0.05293839  0.022575    0.09928029  0.15073434 -0.3056894 ]
 [-0.2618261  -0.06723982 -0.06012346 -0.04832389 -0.47636184]] 
Episode: 131: [[ 0.6626408   0.29672423  0.23316106  0.2029014   0.38083065]
 [ 0.11537968  0.1700618   0.18382272  0.2803349   0.135583  ]
 [-0.11982945  0.12004644  0.2159495   0.35644844 -0.14690296]
 [-0.05513139  0.02104345  0.09846049  0.14981918 -0.30561155]
 [-0.2613838  -0.066733   -0.05971127 -0.04794257 -0.4752349 ]] 
Episode: 132: [[ 0.66388047  0.29783887  0.23394644  0.20366651  0.38140696]
 [ 0.11581609  0.1702747   0.18396275  0.2804761   0.13554186]
 [-0.1207081   0.11922583  0.21563701  0.35607034 -0.14725219]
 [-0.05697437  0.01978177  0.09787401  0.14913723 -0.30584103]
 [-0.26091298 -0.06621423 -0.05928297 -0.04753654 -0.4742742 ]] 
Episode: 133: [[ 0.66500086  0.29884097  0.23464917  0.20435026  0.3819322 ]
 [ 0.1162197   0.17046714  0.18408668  0.2805993   0.13550864]
 [-0.12148467  0.11849414  0.2153602   0.3557314  -0.14756055]
 [-0.05866169  0.01863771  0.09734646  0.14852074 -0.3060436 ]
 [-0.26053655 -0.06577172 -0.05890909 -0.04718686 -0.47340438]] 
Episode: 134: [[ 0.6659114   0.29964957  0.23518462  0.20486712  0.38254014]
 [ 0.11647505  0.17055753  0.18414249  0.28064492  0.13549969]
 [-0.12215842  0.11785787  0.21517006  0.35547358 -0.14805394]
 [-0.06001282  0.01774597  0.09703403  0.1481234  -0.30652165]
 [-0.26011822 -0.0653076  -0.05851252 -0.04680534 -0.47269794]] 
Episode: 135: [[ 0.66662234  0.30027205  0.2355562   0.20522061  0.3832412 ]
 [ 0.1166052   0.17055604  0.18413393  0.28061804  0.13551632]
 [-0.12268287  0.11734097  0.21508268  0.35531706 -0.14873806]
 [-0.06099736  0.01712887  0.09695517  0.14796503 -0.30728185]
 [-0.25964564 -0.06481043 -0.05808165 -0.0463803  -0.47217354]] 
Episode: 136: [[ 0.66716385  0.30073825  0.23579024  0.20543721  0.38402694]
 [ 0.11663245  0.17048249  0.18407315  0.28053257  0.13556816]
 [-0.12308434  0.1169279   0.21507825  0.35524264 -0.14953561]
 [-0.06166567  0.01674394  0.09706265  0.148001   -0.30824536]
 [-0.25914812 -0.06430271 -0.05763385 -0.04593296 -0.47181866]] 
Episode: 137: [[ 0.66762316  0.30112684  0.23596764  0.2055989   0.3847681 ]
 [ 0.11660273  0.17037371  0.18399245  0.2804236   0.13561086]
 [-0.12351512  0.11651532  0.21507026  0.35515484 -0.15035681]
 [-0.0623266   0.01637555  0.0971791   0.1480404  -0.30922726]
 [-0.25869343 -0.06383423 -0.05722262 -0.04552142 -0.47144622]] 
Episode: 138: [[ 0.6679513   0.30139557  0.23604342  0.20565894  0.38555115]
 [ 0.11647882  0.17020081  0.18386932  0.28026623  0.13566871]
 [-0.12389495  0.1161527   0.21510737  0.35510805 -0.15128334]
 [-0.06279963  0.01614763  0.09741558  0.1482016  -0.31036833]
 [-0.2582149  -0.06335603 -0.05680272 -0.04509501 -0.471162  ]] 
Episode: 139: [[ 0.668135    0.3015268   0.23599531  0.20559582  0.3864126 ]
 [ 0.11627953  0.16996583  0.18369979  0.2800572   0.13574657]
 [-0.12411334  0.11590835  0.21524237  0.35516056 -0.15235612]
 [-0.06295662  0.01615771  0.09785066  0.14856747 -0.31172097]
 [-0.2576908  -0.06284496 -0.05634589 -0.04462591 -0.47103816]] 
Episode: 140: [[ 0.66834277  0.30167076  0.2359642   0.2055558   0.38719198]
 [ 0.11619166  0.16980039  0.18356451  0.27989128  0.13582732]
 [-0.12419432  0.11574966  0.21539226  0.35523736 -0.15327993]
 [-0.0631747   0.01612971  0.09822594  0.14886805 -0.3129189 ]
 [-0.25731745 -0.06244045 -0.05596507 -0.04424509 -0.470909  ]] 
Episode: 141: [[ 0.66846865  0.30174145  0.23587641  0.20545903  0.38796407]
 [ 0.11602338  0.1695852   0.1834013   0.27969265  0.13590492]
 [-0.12432254  0.11557669  0.21554027  0.3553039  -0.1542633 ]
 [-0.06335604  0.01613625  0.09863589  0.14919952 -0.31418636]
 [-0.256937   -0.06203895 -0.05559296 -0.04386878 -0.47077894]] 
Episode: 142: [[ 0.6684918   0.30172086  0.23571126  0.20528401  0.38877437]
 [ 0.11576149  0.16931091  0.18320194  0.2794518   0.13599293]
 [-0.12444453  0.11542723  0.21572043  0.3553974  -0.15534148]
 [-0.06340111  0.01624943  0.09914267  0.14962883 -0.31558746]
 [-0.25652722 -0.06162252 -0.05520871 -0.0434751  -0.4707152 ]] 
Episode: 143: [[ 0.66846997  0.3016659   0.2355286   0.20508994  0.38954356]
 [ 0.11541258  0.16899136  0.18297783  0.27918142  0.13609333]
 [-0.1247224   0.11519193  0.21582684  0.3554056  -0.15634143]
 [-0.06352336  0.01630786  0.09959407  0.15000083 -0.31692785]
 [-0.2561551  -0.06124496 -0.05486747 -0.04312314 -0.47058517]] 
Episode: 144: [[ 0.6683933   0.30155456  0.23529205  0.20484349  0.39034757]
 [ 0.11503197  0.1686486   0.18273796  0.27888978  0.13620266]
 [-0.12498012  0.11499248  0.21598151  0.35544702 -0.15742527]
 [-0.0635764   0.01643196  0.10011502  0.15043665 -0.31837797]
 [-0.25580433 -0.06088174 -0.05453223 -0.04277842 -0.47049153]] 
Episode: 145: [[ 0.66836923  0.3014846   0.23509571  0.20464307  0.39108187]
 [ 0.11478857  0.16839571  0.18254712  0.2786573   0.13631251]
 [-0.12507652  0.11489189  0.21616407  0.3555286  -0.15836807]
 [-0.0636913   0.01650578  0.10056339  0.15079409 -0.31967357]
 [-0.2556018  -0.06062252 -0.05427165 -0.04252248 -0.47037968]] 
Episode: 146: [[ 0.6682663   0.3013474   0.23484187  0.2043838   0.3918501 ]
 [ 0.11446245  0.16809043  0.18232317  0.27838704  0.13643387]
 [-0.12519959  0.11478002  0.21634658  0.35560596 -0.15937299]
 [-0.06372748  0.01663266  0.10106257  0.15120283 -0.32106307]
 [-0.2553705  -0.06034838 -0.05400169 -0.0422519  -0.4702945 ]] 
Episode: 147: [[ 0.6680847   0.30114073  0.23452674  0.20406257  0.3926584 ]
 [ 0.114065    0.1677388   0.18206884  0.2780829   0.13656756]
 [-0.12530582  0.11469138  0.21655597  0.3557105  -0.16044222]
 [-0.06363343  0.0168582   0.10164868  0.15170163 -0.32255167]
 [-0.25509667 -0.0600482  -0.05370976 -0.0419542  -0.4702775 ]] 
Episode: 148: [[ 0.66792125  0.30094737  0.23422772  0.20376109  0.39341035]
 [ 0.11367512  0.1673984   0.18182544  0.27778995  0.13668463]
 [-0.12550129  0.11455872  0.21673389  0.35576946 -0.16148758]
 [-0.06371925  0.01697489  0.10215791  0.15210754 -0.32398832]
 [-0.25489116 -0.0597995  -0.05346496 -0.04170923 -0.47016573]] 
Episode: 149: [[ 0.6677255   0.30072913  0.23391695  0.20344542  0.39412457]
 [ 0.11319886  0.16700509  0.18155119  0.27746084  0.13680641]
 [-0.12585387  0.11432524  0.21683164  0.3557359  -0.16249336]
 [-0.06384701  0.01706248  0.10264617  0.15249024 -0.32542583]
 [-0.2546818  -0.05955546 -0.05323559 -0.04147477 -0.46999538]] 
Episode: 150: [[ 0.6675463   0.30053258  0.23364453  0.2031669   0.3947297 ]
 [ 0.1127211   0.16662481  0.18129936  0.27715456  0.13688362]
 [-0.12631832  0.11402846  0.21687728  0.35564595 -0.16345361]
 [-0.06413496  0.01703373  0.10301916  0.15275407 -0.3267136 ]
 [-0.25450855 -0.05934796 -0.05305086 -0.04128499 -0.46971902]] 
Episode: 151: [[ 0.6674418   0.30039838  0.23343433  0.2029569   0.3952245 ]
 [ 0.11234819  0.16631179  0.18108773  0.27689797  0.1369339 ]
 [-0.12676786  0.11372221  0.21687594  0.35551238 -0.1642926 ]
 [-0.06466024  0.01683778  0.10324206  0.1528504  -0.32781672]
 [-0.25445426 -0.05922592 -0.05294039 -0.04118064 -0.46930748]] 
Episode: 152: [[ 0.66733116  0.30026165  0.23323046  0.20275281  0.3956723 ]
 [ 0.11194946  0.1659887   0.180875    0.27663916  0.13697022]
 [-0.12730692  0.1133652   0.21683411  0.35533273 -0.16510358]
 [-0.06528228  0.01657715  0.10340811  0.15288572 -0.3288601 ]
 [-0.25441584 -0.05912125 -0.05285278 -0.04109867 -0.46883285]] 
Episode: 153: [[ 0.6673159   0.30020222  0.23309392  0.2026259   0.39604002]
 [ 0.11173367  0.16577673  0.18071853  0.2764538   0.13700458]
 [-0.12765954  0.1130959   0.21679397  0.35517582 -0.1657433 ]
 [-0.06605167  0.01620319  0.10345679  0.15279044 -0.32971546]
 [-0.25452843 -0.05911969 -0.05284137 -0.04111021 -0.46829736]] 
Episode: 154: [[ 0.6673444   0.30017945  0.2329899   0.20253421  0.3963823 ]
 [ 0.11164018  0.16564389  0.18060514  0.2763194   0.13704418]
 [-0.12781647  0.11294141  0.2168043   0.35508674 -0.16630106]
 [-0.06676276  0.01584683  0.10348508  0.1526815  -0.33048442]
 [-0.2547398  -0.05918315 -0.05286913 -0.04117112 -0.46780723]] 
Episode: 155: [[ 0.66733754  0.3001284   0.23286785  0.20242214  0.3967052 ]
 [ 0.11147846  0.16547135  0.1804735   0.276162    0.13707015]
 [-0.12807992  0.11272881  0.21678488  0.35495883 -0.16689382]
 [-0.06751253  0.01547071  0.10350447  0.15256096 -0.33126658]
 [-0.25491533 -0.0592272  -0.05289116 -0.04122037 -0.46727815]] 
Episode: 156: [[ 0.66733164  0.3000749   0.23274143  0.20230739  0.39702633]
 [ 0.11131629  0.1652996   0.18034285  0.27600366  0.13709521]
 [-0.12836649  0.11251032  0.21676977  0.3548244  -0.16750161]
 [-0.06832016  0.01506597  0.10351298  0.15242067 -0.3320598 ]
 [-0.25512818 -0.0592955  -0.05293101 -0.04129144 -0.46672323]] 
Episode: 157: [[ 0.66730887  0.30001348  0.23261999  0.20219433  0.3973059 ]
 [ 0.11112073  0.16511409  0.18021266  0.2758432   0.13709956]
 [-0.12871978  0.11225226  0.2167287   0.3546611  -0.16811544]
 [-0.06911486  0.01466064  0.10351045  0.15227422 -0.33283564]
 [-0.25531265 -0.05935091 -0.05296933 -0.04135499 -0.46615338]] 
Episode: 158: [[ 0.6673658   0.30001682  0.23255518  0.20214625  0.39752093]
 [ 0.11106025  0.16501263  0.18012789  0.27574056  0.13709621]
 [-0.12895961  0.11204714  0.21668658  0.35450697 -0.16861744]
 [-0.07006112  0.01414476  0.10340527  0.15200873 -0.33347836]
 [-0.25561836 -0.05948875 -0.05307128 -0.04149606 -0.46550703]] 
Episode: 159: [[ 0.6674227   0.30002624  0.23250812  0.20211409  0.39767644]
 [ 0.1109592   0.1648943   0.18004091  0.27563402  0.1370761 ]
 [-0.1293413   0.1117577   0.2165797   0.35428184 -0.16907182]
 [-0.07112669  0.01354364  0.10322012  0.15166147 -0.3340296 ]
 [-0.25592288 -0.05963526 -0.05319478 -0.04165608 -0.46477646]] 
Episode: 160: [[ 0.66751295  0.3000597   0.23247828  0.20210291  0.39782208]
 [ 0.11092787  0.16481909  0.17997673  0.27555445  0.1370599 ]
 [-0.12964003  0.11152104  0.21650131  0.35408768 -0.16948886]
 [-0.07220994  0.01292959  0.10301882  0.15129355 -0.33454388]
 [-0.25629267 -0.05982373 -0.05334471 -0.04185052 -0.46405032]] 
Episode: 161: [[ 0.66764796  0.30013183  0.23248535  0.20213355  0.39791974]
 [ 0.11097801  0.16479689  0.17994148  0.2755133   0.13704179]
 [-0.1298526   0.11132856  0.21642232  0.3539077  -0.16980293]
 [-0.0733469   0.01227033  0.10275751  0.1508617  -0.33493912]
 [-0.25673476 -0.06006511 -0.05353606 -0.04209556 -0.46329337]] 
Episode: 162: [[ 0.66774863  0.3001746   0.23246786  0.20213756  0.39802942]
 [ 0.11099248  0.16475062  0.17989205  0.27545577  0.13702406]
 [-0.13004826  0.11115089  0.21636252  0.3537511  -0.17015933]
 [-0.07436579  0.01168876  0.10255368  0.15049747 -0.33537498]
 [-0.25713646 -0.06028074 -0.05370647 -0.04231482 -0.46258816]] 
Episode: 163: [[ 0.6677915   0.30016577  0.23239881  0.2020873   0.39820707]
 [ 0.11098628  0.16468285  0.17982262  0.27537602  0.13702683]
 [-0.13008466  0.11106808  0.2163778   0.3536822  -0.17059721]
 [-0.07509518  0.0112887   0.10248542  0.15028718 -0.33592203]
 [-0.2574961  -0.06046572 -0.05384407 -0.04249598 -0.46200112]] 
Episode: 164: [[ 0.66771024  0.30004317  0.2322132   0.20191655  0.39853024]
 [ 0.11084735  0.16451812  0.17968522  0.27521828  0.13706481]
 [-0.13008794  0.11102252  0.21646434  0.35368177 -0.1712264 ]
 [-0.07555054  0.01110001  0.10262977  0.15029946 -0.33674654]
 [-0.25770977 -0.06054524 -0.0538871  -0.04256827 -0.46158567]] 
Episode: 165: [[ 0.6675805   0.2998764   0.23197919  0.20169777  0.39892644]
 [ 0.11065175  0.16431509  0.17951922  0.27502868  0.13713089]
 [-0.13009994  0.11098346  0.21657492  0.35370028 -0.17190945]
 [-0.07592653  0.01097668  0.10284815  0.15038444 -0.33768076]
 [-0.25788158 -0.06059597 -0.05390337 -0.04261081 -0.46122837]] 
Episode: 166: [[ 0.6673933   0.29965916  0.23170239  0.20143244  0.39934132]
 [ 0.11036289  0.16405039  0.17932129  0.27479908  0.13718224]
 [-0.13020553  0.11089529  0.21668346  0.3537043  -0.17271726]
 [-0.07627442  0.01088701  0.10312103  0.15052272 -0.33872852]
 [-0.25796542 -0.06058643 -0.05387885 -0.04260166 -0.46086943]] 
Episode: 167: [[ 0.66717     0.29941204  0.23140204  0.2011412   0.3997606 ]
 [ 0.11000493  0.163743    0.1791018   0.2745429   0.13722457]
 [-0.13041404  0.11075073  0.21677105  0.35367763 -0.17358668]
 [-0.0766498   0.01078786  0.10340452  0.15066825 -0.33983332]
 [-0.25798813 -0.06053763 -0.05383095 -0.04256143 -0.46049133]] 
Episode: 168: [[ 0.6669127   0.29913476  0.23107322  0.20081976  0.40020612]
 [ 0.10960596  0.163408    0.17886339  0.2742652   0.13727672]
 [-0.13062881  0.11061002  0.21686745  0.353661   -0.17447428]
 [-0.07694707  0.01074917  0.1037361   0.15086897 -0.34096497]
 [-0.25797313 -0.06046376 -0.05376139 -0.04249538 -0.46016064]] 
Episode: 169: [[ 0.6667023   0.2988923   0.23077159  0.20052795  0.4006374 ]
 [ 0.1092852   0.16312307  0.17865497  0.27401918  0.13733095]
 [-0.13078146  0.11051649  0.21699487  0.35367253 -0.17531626]
 [-0.07726208  0.01070005  0.10404832  0.151049   -0.34203807]
 [-0.25803655 -0.06043896 -0.05372211 -0.04246851 -0.4598407 ]] 
Episode: 170: [[ 0.66650486  0.29866698  0.2304987   0.20026284  0.4009994 ]
 [ 0.1089398   0.16283265  0.17845348  0.27377865  0.13736078]
 [-0.13106796  0.11034778  0.21706596  0.3536213  -0.17611131]
 [-0.07769799  0.01057024  0.10428292  0.15115054 -0.3430105 ]
 [-0.2580979  -0.06042095 -0.0537024  -0.04245891 -0.45943928]] 
Episode: 171: [[ 0.6663744   0.2984993   0.23027734  0.20005454  0.4013187 ]
 [ 0.10870601  0.1626149   0.17829521  0.27358964  0.13738196]
 [-0.13125597  0.11022563  0.21714678  0.35358515 -0.17684373]
 [-0.07823157  0.0103531   0.10443375  0.15115716 -0.34390426]
 [-0.25825536 -0.06046759 -0.05373314 -0.04251023 -0.45897886]] 
Episode: 172: [[ 0.6661854   0.29827547  0.22999693  0.19978535  0.40170765]
 [ 0.10843875  0.16236548  0.178111    0.2733723   0.13741647]
 [-0.13130753  0.11019349  0.21731192  0.35364637 -0.1776905 ]
 [-0.07848127  0.01033543  0.10475066  0.15134916 -0.3449381 ]
 [-0.25835156 -0.06046418 -0.05370607 -0.04249951 -0.4586841 ]] 
Episode: 173: [[ 0.66597795  0.29804045  0.2297184   0.19951382  0.4020483 ]
 [ 0.10807268  0.16206113  0.17790546  0.27312583  0.13742346]
 [-0.13161959  0.11001047  0.21738991  0.35359827 -0.17856866]
 [-0.0789223   0.01020225  0.10499658  0.15146056 -0.34596717]
 [-0.25838503 -0.06042558 -0.05367245 -0.04247181 -0.45827514]] 
Episode: 174: [[ 0.6657424   0.29777852  0.22940822  0.19921055  0.4024417 ]
 [ 0.10772859  0.16176322  0.17769483  0.27287707  0.1374522 ]
 [-0.13171913  0.10995454  0.21755405  0.35365894 -0.17947656]
 [-0.07906756  0.0102557   0.10537174  0.15172222 -0.34705085]
 [-0.25841096 -0.06037742 -0.05361412 -0.04242016 -0.45801592]] 
Episode: 175: [[ 0.66559273  0.2975887   0.22916321  0.19897999  0.40277126]
 [ 0.10750775  0.16154552  0.1775318   0.27268663  0.13747044]
 [-0.13176574  0.10992061  0.21770443  0.35370904 -0.18027678]
 [-0.07940468  0.0101719   0.10562665  0.1518444  -0.34800982]
 [-0.25854927 -0.06040756 -0.05362222 -0.04244784 -0.45765272]] 
Episode: 176: [[ 0.6654266   0.29737946  0.22889495  0.19872631  0.40313032]
 [ 0.10730998  0.16133599  0.17736983  0.27249897  0.13749097]
 [-0.13162857  0.11000511  0.21794938  0.35387173 -0.1811496 ]
 [-0.07947544  0.0102652   0.10601385  0.15211704 -0.34904078]
 [-0.2586969  -0.06043835 -0.0536167  -0.0424644  -0.45739692]] 
Episode: 177: [[ 0.665258    0.29717958  0.22865151  0.19849285  0.40342838]
 [ 0.10705702  0.1611062   0.17721152  0.2723096   0.13747784]
 [-0.13168402  0.10997453  0.2181235   0.35394776 -0.18203406]
 [-0.07970323  0.01024457  0.10631146  0.15229456 -0.35003126]
 [-0.2588026  -0.06045114 -0.05361703 -0.04247857 -0.45704445]] 
Episode: 178: [[ 0.6650807   0.29698068  0.22842355  0.1982706   0.4036701 ]
 [ 0.10674614  0.16084808  0.17704718  0.27210975  0.13743842]
 [-0.1319082   0.10983737  0.21822324  0.3539382  -0.18290961]
 [-0.08005518  0.01013238  0.10652861  0.15238987 -0.35096228]
 [-0.258871   -0.06044586 -0.05362007 -0.0424881  -0.45660093]] 
Episode: 179: [[ 0.664962    0.29683122  0.22823809  0.19809668  0.40388176]
 [ 0.10650834  0.16064076  0.17691402  0.2719466   0.13739602]
 [-0.13214102  0.10969473  0.21831004  0.35390794 -0.18372987]
 [-0.08058807  0.00989839  0.10665552  0.1523753  -0.35184136]
 [-0.25901031 -0.06049147 -0.05366879 -0.04255167 -0.45607507]] 
Episode: 180: [[ 0.6648254   0.29667404  0.22806062  0.1979263   0.40403694]
 [ 0.10617304  0.16038206  0.17676368  0.27175885  0.13732195]
 [-0.13264464  0.10939275  0.21829914  0.35375762 -0.18457042]
 [-0.08133711  0.00952811  0.10668859  0.1522555  -0.35269266]
 [-0.2590885  -0.06050435 -0.0537156  -0.04260319 -0.45541364]] 
Episode: 181: [[ 0.6647521   0.29656792  0.22793196  0.1978077   0.40414295]
 [ 0.10609188  0.16026586  0.17669083  0.27166733  0.13723278]
 [-0.13247234  0.10945225  0.21848544  0.35387278 -0.18536706]
 [-0.08148656  0.00947363  0.10685986  0.1523226  -0.35342702]
 [-0.25933957 -0.06062245 -0.05381928 -0.04273112 -0.45487586]] 
Episode: 182: [[ 0.6647082   0.29648346  0.22780803  0.1976977   0.4043118 ]
 [ 0.10621035  0.16026515  0.17667148  0.27164465  0.13717532]
 [-0.13166434  0.10988334  0.21890923  0.3542887  -0.18618336]
 [-0.08099009  0.00979928  0.10726517  0.15267149 -0.3541973 ]
 [-0.2597308  -0.06082354 -0.05394507 -0.04290006 -0.45461416]] 
Episode: 183: [[ 0.6646386   0.2963805   0.22767486  0.19757612  0.40445504]
 [ 0.10621306  0.16019958  0.17662364  0.27158505  0.13709554]
 [-0.13117824  0.11013383  0.21923493  0.3545749  -0.18705146]
 [-0.08078042  0.00996466  0.10758965  0.1529167  -0.35500532]
 [-0.2600271  -0.0609679  -0.05404811 -0.04303418 -0.4542347 ]] 
Episode: 184: [[ 0.66462     0.29632038  0.2275809   0.19749945  0.40455824]
 [ 0.10628128  0.1601764   0.17660035  0.27155766  0.1370115 ]
 [-0.13069873  0.11037134  0.21952921  0.35482982 -0.18783401]
 [-0.08075628  0.0100072   0.10781661  0.1530446  -0.3557279 ]
 [-0.26037598 -0.06114994 -0.05418689 -0.04321025 -0.45377985]] 
Episode: 185: [[ 0.66462326  0.2962849   0.22752339  0.1974575   0.40458307]
 [ 0.10632496  0.16014665  0.17658326  0.27153504  0.13690014]
 [-0.130416    0.11048976  0.21973     0.35497862 -0.18855146]
 [-0.08097585  0.00989235  0.10791456  0.15303269 -0.35634208]
 [-0.26071247 -0.06133259 -0.05434595 -0.04340265 -0.45319912]] 
Episode: 186: [[ 0.6646839   0.2963037   0.22752555  0.19747877  0.4045238 ]
 [ 0.10641477  0.1601547   0.17659642  0.27154914  0.13676359]
 [-0.13022192  0.11054628  0.21986489  0.35505953 -0.18918037]
 [-0.08145159  0.00960601  0.10787039  0.15285952 -0.35683012]
 [-0.26109177 -0.06155213 -0.05455008 -0.04364388 -0.4524904 ]] 
Episode: 187: [[ 0.6647622   0.29633227  0.22752711  0.19750252  0.40449578]
 [ 0.10654543  0.16018647  0.17661825  0.27157325  0.13664918]
 [-0.12997086  0.11064424  0.22002827  0.35516584 -0.18977328]
 [-0.08192866  0.00932548  0.10783376  0.15268962 -0.35731107]
 [-0.26151004 -0.06179329 -0.05476167 -0.04389806 -0.4518237 ]] 
Episode: 188: [[ 0.664825    0.29635414  0.22753575  0.19752857  0.404422  ]
 [ 0.10660841  0.16018283  0.17662948  0.27158108  0.13650961]
 [-0.12988763  0.11064176  0.22012748  0.35519654 -0.19037586]
 [-0.0825066   0.00897687  0.10774088  0.15246429 -0.3577582 ]
 [-0.26188353 -0.06201001 -0.05496864 -0.04413979 -0.4510849 ]] 
Episode: 189: [[ 0.66483116  0.2963278   0.22749692  0.19750439  0.40439764]
 [ 0.10657603  0.16011773  0.17660116  0.2715427   0.1363839 ]
 [-0.12990233  0.11058813  0.22021088  0.35520187 -0.19103877]
 [-0.08305387  0.008662    0.10769751  0.15228993 -0.3582907 ]
 [-0.26217633 -0.06217286 -0.0551337  -0.0443306  -0.45038304]] 
Episode: 190: [[ 0.664813    0.29627904  0.22743982  0.1974609   0.40436307]
 [ 0.10643793  0.15998657  0.17653935  0.2714624   0.13623956]
 [-0.1302027   0.11036736  0.2202055   0.35508525 -0.19177341]
 [-0.08386056  0.0082018   0.10758939  0.15202744 -0.35888565]
 [-0.26240507 -0.06229515 -0.05528678 -0.04449998 -0.44954574]] 
Episode: 191: [[ 0.66473013  0.29616982  0.22732244  0.19735475  0.40437508]
 [ 0.10618939  0.1597791   0.17643152  0.27132678  0.13609028]
 [-0.13064548  0.11007418  0.22019261  0.35494056 -0.19265324]
 [-0.08469829  0.00775553  0.10754795  0.15182234 -0.35964268]
 [-0.26251146 -0.06233167 -0.05537475 -0.0445915  -0.4487228 ]] 
Episode: 192: [[ 0.6646267   0.2960378   0.22717077  0.19721715  0.40446207]
 [ 0.10599236  0.15959404  0.17632218  0.27119595  0.13598101]
 [-0.13080133  0.1099539   0.22029103  0.3549373  -0.19352446]
 [-0.08518705  0.00752982  0.10765649  0.15178968 -0.360442  ]
 [-0.2626367  -0.06237371 -0.05543947 -0.04466661 -0.4481002 ]] 
