1.885854 
1.747481 
0.922880 
1.715727 
1.392754 
6.395727 
1.697085 
3.065594 
2.853284 
2.789008 
1.818024 
6.571700 
2.564380 
1.993945 
2.328455 
5.719951 
4.776944 
5.311787 
5.447464 
2.216941 
3.565313 
1.994597 
4.657091 
1.277910 
2.055537 
2.282369 
2.245133 
3.917662 
2.025070 
4.686997 
2.007732 
2.968558 
3.883436 
2.113377 
2.678823 
3.049645 
2.164540 
2.794064 
2.131347 
4.142703 
3.296486 
1.760553 
1.558316 
3.098873 
1.688014 
4.652555 
1.663618 
1.171105 
2.598926 
4.353067 
3.558901 
3.335236 
5.663621 
4.627698 
2.961472 
4.833872 
4.960567 
5.028653 
2.529193 
3.364359 
1.637097 
1.871734 
4.939624 
2.401780 
3.687531 
3.333464 
2.387874 
2.055374 
2.225054 
2.412700 
1.813007 
2.236036 
1.634070 
2.619139 
2.403842 
4.810761 
3.381418 
1.481365 
3.710637 
2.018761 
2.745693 
2.109655 
3.932505 
1.876065 
3.401593 
1.475531 
3.330985 
3.693458 
2.166336 
3.906807 
2.193578 
2.213035 
2.078841 
1.977920 
1.746554 
3.353904 
3.833723 
3.858246 
2.583590 
1.082499 
2.127858 
2.629413 
3.858612 
3.040320 
2.621610 
6.523141 
3.747786 
4.071728 
3.380090 
4.010120 
3.818320 
3.826373 
4.077554 
3.645713 
4.038863 
4.037148 
4.021385 
4.050493 
3.784261 
3.844977 
4.069225 
4.058612 
4.027974 
4.051879 
4.074256 
3.848771 
3.823030 
3.900100 
3.967085 
4.055647 
3.901208 
3.965271 
3.832062 
3.831380 
3.780045 
3.845197 
3.861714 
3.806210 
4.052860 
3.852098 
3.809378 
3.767922 
3.969995 
3.902038 
4.014196 
4.075814 
4.081000 
3.837256 
3.754831 
3.917706 
4.067114 
4.076642 
3.935521 
4.049873 
3.869220 
4.029101 
4.020098 
3.753652 
4.066178 
4.079819 
3.740181 
4.037153 
3.755493 
3.767993 
3.818618 
3.812433 
3.712201 
3.926675 
4.078569 
4.028087 
3.725883 
4.075289 
4.093514 
3.991913 
4.066629 
3.769853 
4.039394 
4.055641 
3.750623 
4.062117 
4.088849 
3.765855 
3.844439 
4.068832 
4.076156 
3.965684 
3.730393 
3.721162 
3.783400 
4.045093 
4.074591 
4.069761 
