Timestep: 1 
4.294982 5.615996 3.260174 8.108742 5.816415 
Timestep: 2 
5.152372 4.400443 4.243781 17.910492 10.566340 
Timestep: 3 
6.029350 5.250391 6.253168 30.075953 16.265337 
Timestep: 4 
5.760753 5.224102 5.758821 25.703907 14.175960 
Timestep: 5 
6.349605 5.994002 6.744472 31.640871 17.047335 
Timestep: 6 
5.065676 4.400137 3.850891 14.598869 9.282240 
Timestep: 7 
5.539767 4.934359 4.228522 17.117718 11.067204 
Timestep: 8 
5.240355 4.713210 4.281470 18.207233 10.848056 
Timestep: 9 
5.239789 4.630433 4.172296 16.750854 10.504218 
Timestep: 10 
5.041852 4.130676 3.403358 12.575474 8.581208 
Timestep: 11 
5.691341 5.602911 5.351011 24.476551 14.064083 
Timestep: 12 
4.895389 4.449818 3.658422 16.042259 10.142612 
Timestep: 13 
5.046314 5.348945 4.158391 20.699348 12.405014 
Timestep: 14 
4.533223 4.757365 3.741608 19.828527 11.674372 
Timestep: 15 
4.595476 3.404661 2.455796 7.725385 6.526202 
Timestep: 16 
5.935345 4.710292 4.472539 16.679731 10.212505 
Timestep: 17 
7.517423 6.243195 6.516280 25.606604 14.468845 
Timestep: 18 
5.755788 5.167933 5.080641 20.848694 12.047568 
Timestep: 19 
4.969432 4.166845 3.413122 12.657498 8.633875 
Timestep: 20 
5.379239 4.533439 3.899275 14.908324 9.466234 
Timestep: 21 
5.823434 5.055825 4.660236 18.633705 11.175700 
Timestep: 22 
5.071586 4.280108 3.544509 12.784179 8.791532 
Timestep: 23 
4.611800 3.612958 2.697401 9.831498 7.551385 
Timestep: 24 
5.793167 5.023837 4.967955 19.561159 11.497482 
Timestep: 25 
5.913600 5.089590 4.641674 18.469591 11.069008 
Timestep: 26 
5.941242 5.541465 5.011748 20.165516 11.939874 
Timestep: 27 
6.101761 6.029344 5.983514 27.883558 15.330939 
Timestep: 28 
5.683418 5.633295 5.146602 23.261127 13.490961 
Timestep: 29 
4.930059 4.521237 3.923546 17.515165 10.597486 
Timestep: 30 
6.309114 5.025773 5.228840 19.910265 11.625045 
Timestep: 31 
4.854310 4.023618 3.173386 10.556540 7.798632 
Timestep: 32 
4.956956 4.713916 3.898794 16.687080 10.437937 
Timestep: 33 
5.610220 5.573245 5.064023 22.054539 12.800277 
Timestep: 34 
5.033515 3.946521 3.504426 13.323192 8.817304 
Timestep: 35 
5.781787 5.177089 4.842937 19.186584 11.522811 
Timestep: 36 
5.448541 5.865481 5.070140 24.076872 14.104815 
Timestep: 37 
4.579943 4.215751 3.042860 13.987209 9.265057 
Timestep: 38 
7.259220 6.435862 6.550651 24.317291 14.359996 
Timestep: 39 
5.108075 4.309305 3.913985 14.902320 9.540718 
Timestep: 40 
5.520796 5.107342 4.862310 20.717419 12.242343 
Timestep: 41 
5.129804 5.370022 4.592930 21.725080 13.022754 
Timestep: 42 
4.359720 4.552145 2.761603 14.803056 9.668459 
