35003.214844 5720.711426 17023.484375 3273.659180 15177.741211 
49264.312500 10476.945312 16573.910156 5012.200684 19268.750000 
43438.890625 8740.599609 14575.626953 3199.383789 10895.741211 
54760.976562 8408.135742 9252.450195 2861.358154 17707.667969 
68474.820312 11997.099609 11160.262695 4743.736328 21523.929688 
39927.851562 5475.406250 3229.839355 2627.874512 23341.611328 
50590.191406 8077.815918 8542.509766 5391.376953 16173.157227 
49103.703125 9227.574219 10289.357422 4271.417969 23917.914062 
47164.910156 5929.923340 7275.014160 5724.057617 33280.152344 
51397.601562 10260.199219 3830.689697 5376.555176 27048.880859 
42237.187500 9036.733398 3477.955566 4341.077637 22230.830078 
45854.820312 6179.085938 4007.191162 4437.298828 27714.673828 
41726.242188 7311.657715 2757.023438 2851.149170 21733.761719 
90019.578125 12687.626953 5649.145508 4031.423096 28887.119141 
40015.527344 7224.329590 3237.241943 3371.243652 10804.607422 
42949.019531 10381.755859 4484.239258 1386.627930 5526.958008 
42191.207031 6429.972656 6203.897461 7774.411621 35102.644531 
59991.582031 17399.355469 5753.925781 3768.327393 17846.845703 
62556.753906 10293.497070 5915.645020 5351.066895 34412.328125 
62832.488281 12757.553711 8703.877930 4718.070312 13225.503906 
