3902.938477 3772.700684 3277.776611 2612.360352 2182.925049 754694.937500 
3660.292969 4387.042969 4114.650879 2996.197266 2910.194580 921878.687500 
2751.324707 2779.104492 2869.887207 2454.208740 1629.841797 771508.875000 
3375.425049 4492.694336 4008.137939 3639.677246 2702.721191 893102.187500 
3494.280762 4376.251465 3559.649170 2746.353516 2644.387695 870466.687500 
2722.014893 3269.499756 2820.619141 2017.603027 2127.722168 657536.062500 
3096.764404 2182.038818 1873.014038 1959.824463 1584.774536 817152.687500 
3819.386475 3672.952637 3128.318115 2755.445068 1996.691040 949271.062500 
3202.059082 3005.040771 2813.592041 2525.587646 1766.096558 764027.625000 
3456.684570 4082.646240 3419.522705 3069.595459 2789.494141 858529.500000 
3566.296631 3673.287842 3351.593994 3011.861084 2225.641113 712525.500000 
2279.101562 2472.378906 2557.469238 1722.356689 1331.696167 830180.437500 
3129.026855 3612.427002 3557.434082 2984.948975 2365.237305 998125.375000 
2332.925781 2467.390381 2233.065674 2194.878662 1732.535156 602701.375000 
2784.061768 3071.788574 2723.875244 2463.709961 2094.788086 774921.937500 
4974.523926 4758.809082 3679.978516 3568.757568 2643.928223 840274.562500 
2962.488281 2887.653320 2460.556396 2380.871094 1899.018433 749758.437500 
2637.855957 3042.649902 2922.394775 2547.678467 1953.692993 756785.500000 
3187.013428 3687.326172 3979.409668 2764.462158 2964.915527 798751.437500 
2150.009033 2480.715576 2297.856445 1777.465576 1536.788696 667234.687500 
