98913.648438 5644.395996 1916.864624 2782.387451 730.909790 
142744.875000 7497.427246 3972.779785 4783.457520 1133.725830 
101098.203125 8561.332031 3966.358398 4284.405273 1377.473267 
136261.968750 8540.886719 4921.902832 3030.525146 1282.390381 
118653.171875 5486.915527 1850.625854 930.816589 312.889771 
113060.242188 6493.592773 2701.053955 1877.898315 889.857788 
126827.796875 6382.548340 4639.828613 2528.948486 1313.833496 
150899.062500 6668.989258 3151.450195 3047.321045 589.214050 
140261.265625 9193.687500 7729.223145 4504.203613 1955.933472 
153118.593750 8832.808594 5012.159668 4445.973145 1874.085571 
114654.203125 3963.676758 2439.552979 1772.985474 346.298401 
93016.234375 5778.831055 2688.901367 2450.325195 861.949829 
122017.109375 6701.239746 2176.245117 868.119934 465.319519 
114560.953125 4315.111328 2998.951904 2064.118164 1080.457397 
109736.593750 7629.979492 2170.340820 1331.824829 345.325134 
147180.687500 10633.249023 4357.511719 5172.621094 1705.550049 
138967.265625 7112.679199 3817.189697 1545.187134 898.172302 
145245.000000 7920.894043 4174.827637 3428.299805 1383.615845 
105832.710938 5070.036133 2874.259277 1300.380615 591.213501 
110668.140625 7342.993652 2660.915283 1957.051147 617.873291 
