11868.498047 19113.386719 1334.899048 1002.472046 90377.500000 
46668.925781 2070.606934 1099.491455 1260.595337 128397.867188 
62662.718750 7121.084961 1080.137451 1045.950562 76378.539062 
110485.984375 4514.376465 1297.725464 903.346008 237736.234375 
62242.269531 8630.577148 1378.382324 1095.903564 109804.843750 
16648.259766 1779.265747 678.693481 655.346436 113713.312500 
80042.781250 1871.370361 862.906311 938.958801 92491.234375 
49684.687500 1248.213379 719.138245 843.722168 82288.984375 
23161.207031 1415.435669 1062.114380 867.320984 148979.515625 
64903.402344 1722.590088 1016.823914 572.316589 100579.164062 
131642.546875 1445.140991 790.492065 1161.884888 132461.062500 
77264.148438 2850.563232 1357.998291 826.631348 189763.718750 
16940.128906 9565.095703 1838.346069 719.021729 58026.851562 
18284.060547 4162.182129 878.310120 467.135651 49820.351562 
148524.750000 2341.526611 1485.764526 2660.413086 161913.875000 
21549.537109 8069.288086 1763.514282 823.715637 70716.976562 
29800.148438 4631.812500 1274.902710 567.553345 91804.007812 
15866.413086 15073.358398 2226.254395 700.186646 90844.109375 
6233.537109 2540.186035 690.681641 533.267822 102302.617188 
72829.187500 2582.881836 1130.564941 930.143311 184672.187500 
