Episode: 1: [[ 4.7578485e-04 -8.0019454e-05  3.2592921e-03  1.8909749e-03
  -2.3487364e-03]
 [ 1.4834460e-05 -8.2804263e-04 -4.2892480e-04  1.9129213e-03
  -1.8285376e-03]
 [ 1.6196882e-03 -1.6105571e-03  9.3409850e-04  1.2592893e-03
  -1.1867105e-03]
 [-5.9510663e-04 -8.4529025e-04  2.9704662e-03  1.0839712e-03
  -2.4264427e-03]
 [-2.1083732e-03 -9.1493392e-05 -1.8512256e-03  2.1164308e-04
   1.0285106e-03]] 
Episode: 11: [[-0.00746654 -0.00668032  0.01448073  0.00253736 -0.01794595]
 [-0.00118091 -0.01340975 -0.0047764   0.00883421 -0.00295501]
 [ 0.00567586 -0.01288787  0.01115317 -0.00117728  0.01687642]
 [-0.00224217 -0.00470587  0.0090204   0.02051743  0.00413994]
 [-0.01198841  0.00235323 -0.0052832  -0.00061012 -0.00056167]] 
Episode: 21: [[-0.01764124 -0.01155361  0.01511281  0.01439264 -0.02084471]
 [ 0.00771877 -0.01434671  0.00157067  0.00717551 -0.00564857]
 [ 0.01560004 -0.01905172  0.00855694 -0.03080315  0.03071746]
 [ 0.01298763 -0.00963742  0.02000429  0.04132767  0.01179003]
 [-0.02503352  0.00802134 -0.00534765 -0.00227216 -0.01217299]] 
