30950.470703 8105.916016 3344.653320 1390.603394 58419.457031 
29641.957031 19415.902344 6311.026855 3359.865723 66769.109375 
21095.851562 8378.628906 3102.873047 1458.553833 50356.769531 
24913.373047 8237.470703 4802.467285 1605.423950 45431.156250 
21362.929688 12435.402344 2480.898193 902.292664 53848.859375 
41208.015625 13390.584961 3857.857422 2790.047363 67510.593750 
26298.781250 12794.681641 3747.157715 2087.488525 56068.003906 
33212.277344 13503.916016 4669.366699 2143.964355 55294.792969 
29287.964844 14263.900391 4454.283203 3231.895020 68329.781250 
23331.550781 7778.695801 4113.105469 2151.159668 77104.890625 
26135.283203 9396.922852 3646.001221 1456.994141 48756.703125 
27157.306641 9536.154297 6334.214355 4023.846436 63724.828125 
35067.324219 12683.770508 6265.842285 2541.056152 57088.984375 
20224.498047 7546.047363 3500.732422 2478.915771 49563.230469 
17490.138672 7391.923340 2215.909180 1096.010986 42310.460938 
23453.419922 8595.338867 2816.547852 1721.075195 51805.886719 
38748.289062 8532.238281 4306.987305 4417.170898 62518.855469 
33505.230469 8244.097656 3599.789062 1602.457886 54860.050781 
23563.285156 14278.584961 4613.914062 3842.780273 71348.820312 
24687.853516 10189.441406 4569.199707 2029.738159 48632.941406 
