81.693390 77.855339 78.936707 67.050598 60.380287 0.019782 
84.098358 59.924706 58.274384 65.963005 68.167130 0.000000 
77.048729 63.568035 50.126869 62.598598 83.163933 0.000000 
71.358299 80.996681 100.709259 63.807083 74.160225 0.000000 
75.994080 65.493668 80.752151 51.385509 59.934742 0.027976 
83.613914 72.042732 77.164589 81.121941 76.804253 0.000000 
77.115494 62.005505 78.234032 62.773930 69.864784 0.000000 
75.289902 65.503960 80.416496 85.925179 55.282410 0.000000 
85.693283 67.136818 59.611362 60.368095 72.667694 0.000000 
74.242897 86.861656 80.904480 91.492813 63.306507 0.000000 
62.422215 69.930206 52.430161 43.126160 66.659348 0.019782 
71.902481 71.277969 67.840576 73.464325 65.882416 0.000000 
75.673210 68.482681 75.501579 57.374828 69.890022 0.000000 
76.272774 63.084896 88.111229 58.879559 64.446907 0.027976 
76.277092 68.039436 67.389343 52.668480 56.222279 0.000000 
72.560410 61.081161 77.287361 66.867523 71.918091 0.019782 
89.232124 53.835915 74.137589 52.863548 73.694199 0.000000 
82.672157 62.158329 88.343163 71.748306 66.440987 0.027976 
71.699448 63.630405 72.843536 49.401947 74.230522 0.019782 
74.398148 51.431713 48.205578 48.841206 57.827782 0.039565 
