394526.437500 7493.868164 3828.963135 2381.570312 24370.904297 
222888.015625 9836.454102 5328.700195 3389.856934 27618.517578 
301366.968750 7168.077148 2635.262451 1669.920898 22114.134766 
256658.218750 7001.138672 3882.655518 2270.848633 21331.583984 
334991.187500 6906.076172 3466.977051 1634.174072 19743.294922 
378162.843750 12144.019531 3162.287842 2308.341309 25290.298828 
317973.937500 10136.966797 4109.008301 1961.030762 25670.820312 
379974.875000 7955.081055 4223.347656 1817.877808 26230.371094 
248457.562500 8188.111328 6585.671875 2882.246826 34048.492188 
383637.718750 9259.812500 4488.344727 3117.785156 36797.953125 
304884.156250 7187.676758 3651.722168 1655.665771 25716.851562 
234613.703125 10398.794922 4484.541504 2293.357422 25193.875000 
223205.546875 10338.658203 4828.076172 1885.798462 18794.486328 
208280.921875 8006.328125 3035.828613 1871.860474 24410.863281 
245401.593750 10771.716797 4014.843506 1900.157593 19752.078125 
198286.375000 9205.054688 4446.668945 2208.426758 26237.439453 
315437.093750 10523.638672 6549.366211 2145.182373 28365.798828 
362738.968750 6716.049805 4219.422852 2288.364258 23331.318359 
211045.015625 12600.377930 4129.336914 3147.970459 34887.914062 
210629.937500 6662.902344 3800.678955 1495.998413 20033.056641 
