88.193092 61.273544 63.794647 64.139549 68.250702 0.000000 
91.781487 67.905922 75.509354 79.052383 83.510445 0.019782 
84.104706 67.868660 70.635986 74.406982 80.820900 0.019782 
94.874077 95.840874 99.064201 96.348778 94.718018 0.000000 
87.662964 64.425102 74.962677 79.266991 77.304573 0.000000 
90.680885 47.915287 54.031597 56.160610 64.822319 0.019782 
91.133301 52.638241 56.825672 64.720207 69.091965 0.000000 
89.492577 65.510872 67.644539 73.460548 71.606827 0.000000 
90.112656 109.391396 103.505600 99.070625 100.924850 0.019782 
86.504745 89.488663 92.292046 93.318123 92.895332 0.000000 
90.997375 53.131004 61.802338 68.983559 72.846687 0.000000 
87.987961 68.394951 71.795685 76.068253 71.205925 0.000000 
90.746475 62.233212 65.362183 66.049850 65.509666 0.027976 
91.033264 56.441273 59.792358 64.419197 67.969170 0.000000 
88.886078 89.101242 90.042442 88.344841 87.142731 0.000000 
93.680153 83.750206 85.881989 84.180855 87.128090 0.019782 
102.886330 65.965706 71.822685 78.609116 76.426079 0.019782 
86.704285 92.450638 89.609726 85.556885 94.559677 0.000000 
88.881203 41.830315 42.230240 53.238010 55.741711 0.019782 
89.456070 79.474655 84.404175 86.569351 88.403168 0.000000 
