80499.585938 13941.360352 8964.543945 5925.199707 50204.566406 
126793.781250 41545.156250 25314.730469 11301.913086 83354.054688 
80622.929688 15221.157227 9800.388672 6288.444336 35304.597656 
93902.406250 23046.673828 14323.418945 8412.972656 60386.996094 
102049.789062 24304.888672 16092.888672 9735.313477 56327.093750 
81541.406250 22504.843750 17008.898438 11507.581055 66864.921875 
112994.867188 33725.789062 22766.484375 15000.400391 82170.320312 
84565.914062 13198.666992 7984.611328 5310.249512 44974.515625 
86239.281250 20464.503906 11425.431641 6228.674316 46918.195312 
115550.804688 25474.349609 11566.276367 7044.234863 51762.972656 
108024.359375 17620.759766 11013.297852 7760.823242 58598.707031 
85262.789062 15557.107422 8904.916016 5272.419434 44536.914062 
85147.289062 16482.910156 12115.166016 7353.585938 41420.777344 
101848.125000 21907.011719 10940.091797 5180.242188 35247.648438 
91560.671875 19259.175781 11024.242188 6842.473633 57864.988281 
91034.976562 21764.384766 13800.149414 8726.240234 51493.953125 
88603.148438 27231.259766 15562.052734 7861.073730 58877.777344 
99896.218750 32269.876953 20505.019531 9154.957031 60438.933594 
95264.218750 19464.996094 14300.425781 9420.699219 42835.601562 
97640.460938 27549.251953 19112.771484 13616.770508 76753.632812 
