2082.113770 2212.949707 2243.417480 1640.735474 141353.468750 
2994.614258 3957.389648 2831.838623 2181.261230 162044.015625 
2400.714355 3666.843262 3033.279297 1109.219727 146202.500000 
2844.884521 3808.897461 2319.493652 2040.950806 151296.859375 
1819.371826 3447.000977 2655.198486 2107.138916 107314.406250 
3194.064209 4357.711426 2863.904053 2148.344971 123231.062500 
2773.535156 4273.179199 2530.356934 2203.074951 173690.171875 
2311.490967 2427.463867 2415.197998 1523.559937 152023.531250 
4302.170898 4287.084473 3725.148682 1654.727417 176796.687500 
3060.736328 3537.664307 2699.293213 1294.097900 174149.500000 
2265.309082 2735.363281 2878.671875 1320.541870 135028.093750 
2615.690430 3265.907227 3295.498047 1655.609863 149103.500000 
2537.183594 2434.319580 3304.926514 2313.557373 156089.312500 
3583.473633 3101.974121 3854.317871 1865.771729 149146.718750 
2225.682373 2678.512695 1759.700439 1308.455933 168613.718750 
2483.673828 5752.355469 1953.329468 1331.776978 148415.734375 
2495.892822 2499.618896 1798.043823 889.044495 140839.078125 
2829.529541 4198.422363 1912.872070 1747.015747 190303.843750 
2522.168457 5038.972168 1815.720459 2354.593506 107442.351562 
2933.300537 3401.010010 1996.241089 1337.414307 166643.968750 
2610.234131 3809.915527 2344.397949 2092.337158 119747.929688 
2912.331055 3130.006104 2965.826172 1272.463623 149169.406250 
2312.791992 5819.832520 2019.061768 1364.175415 148666.984375 
2905.743652 3031.785156 2255.914062 1632.275146 165133.625000 
2703.826172 2997.855225 1623.432617 919.867371 114620.328125 
3169.151611 4782.476074 2518.459229 1712.960571 185577.687500 
2156.485596 2876.412598 2212.983887 1217.506348 118593.023438 
2370.067871 4618.736816 2452.706787 1624.595459 131806.140625 
2527.770996 4303.183594 2356.073486 1431.795776 149029.906250 
2733.521729 3344.842529 2420.022949 1362.193237 178176.578125 
1899.472534 3147.043457 2512.363525 1486.254150 127979.710938 
2961.815674 3861.167725 2309.449951 1305.520264 171931.484375 
2888.145264 4346.676270 2933.167480 1466.528198 163290.234375 
3212.859863 3392.523926 2111.994141 1611.007935 170428.640625 
1863.989990 2143.872559 2285.590576 1027.989258 145598.250000 
2394.271484 2039.900391 2247.404541 1125.775757 142478.390625 
2377.696289 2849.082520 2717.913574 1676.911011 125044.617188 
2955.923096 3840.269775 3522.566406 1401.520996 152809.984375 
2844.052002 3783.776123 3097.720459 2415.789795 127683.734375 
2488.651611 2237.021484 3587.167480 1546.107666 133859.140625 
2763.724854 2192.220703 2162.815430 1268.235962 121012.343750 
3425.918457 3978.364258 3217.973389 1839.321411 149034.421875 
2504.825928 2885.587402 2704.681152 1835.110352 141665.359375 
2550.739990 3116.836182 2041.968384 1007.411133 126915.609375 
1779.921631 2364.652588 1811.417969 1288.827637 125859.820312 
2450.404541 3236.024658 2992.477051 1359.060425 126050.789062 
3171.693604 2616.438965 2237.419922 2044.423828 201452.140625 
4869.151367 5151.474609 2342.269531 1749.629395 180712.250000 
2754.316162 3649.153320 1493.038940 1310.174927 179399.406250 
2394.330566 2722.204590 1913.075928 1031.842896 118337.679688 
