87.115791 97.734612 93.118347 96.363319 95.532364 0.027976 
97.991638 104.363113 99.963554 95.667831 91.939941 0.027976 
100.542900 104.133026 99.992340 106.271957 76.627594 0.000000 
96.038734 97.100586 96.200226 102.414352 85.686974 0.027976 
94.661285 101.802132 100.967995 87.890976 75.264175 0.000000 
82.452339 85.667274 78.142342 97.132622 90.844452 0.000000 
89.483452 79.821312 73.940887 92.756882 82.080467 0.000000 
97.840477 94.462784 97.814560 85.819946 85.166389 0.019782 
86.560654 74.080444 74.730171 76.592682 82.783783 0.000000 
85.008057 80.891060 91.933365 87.005791 87.253136 0.000000 
88.898918 86.941093 86.307175 76.781822 89.214279 0.019782 
78.116440 66.577118 66.396713 66.700302 85.607338 0.000000 
87.267319 77.910522 81.450859 86.981560 87.005356 0.000000 
84.838928 80.837456 81.785286 90.787170 70.130768 0.000000 
87.638992 85.814362 86.056252 90.243889 88.380142 0.000000 
88.558258 90.354759 86.896568 95.273315 89.382111 0.000000 
94.668121 91.698334 90.669502 95.972305 90.008545 0.027976 
93.606880 80.460297 96.249161 89.287415 88.323830 0.000000 
96.797264 82.002151 76.182373 79.658699 76.505203 0.019782 
92.675529 103.088737 92.051147 100.038559 83.482391 0.000000 
