66827.898438 4096.247070 2549.655273 1512.391357 9431.043945 
65968.164062 4216.243652 2148.040771 2262.442627 13785.510742 
52087.640625 3279.039062 2364.621338 1720.356812 7538.047363 
60246.601562 4441.270020 3191.914551 1633.579834 8827.623047 
63530.441406 3593.307373 2020.150391 1396.940186 8686.850586 
62621.343750 4304.259766 3090.040771 1517.476440 7681.971680 
74591.265625 4983.446289 2690.472656 1947.224731 19617.097656 
74350.734375 5881.524902 2740.186035 1800.359619 20570.281250 
75899.695312 5054.570801 3298.781250 2228.980713 20381.496094 
69308.984375 5341.490723 3769.431885 2081.523682 25516.035156 
52503.460938 3861.826660 2463.152588 1721.556641 16423.511719 
48739.765625 3359.694580 1944.436768 1494.400024 13522.251953 
69675.812500 4510.395508 2669.606689 2930.722656 12456.949219 
56872.308594 3525.577637 1912.808350 1660.900146 13011.448242 
68624.671875 4811.827637 2824.937256 3680.775635 19673.974609 
62916.347656 3634.757812 2413.599854 2039.871460 19096.126953 
63266.250000 4626.507324 2598.404297 1356.295898 10578.958984 
52638.613281 3841.640381 2110.203125 1894.108643 18000.015625 
88399.132812 4951.069824 3813.119141 2649.726807 13296.388672 
61233.214844 3480.626953 2068.484375 2092.981445 15813.175781 
