4245.144043 4473.889160 7898.906738 10538.504883 1080653.625000 
6129.833008 4878.825195 3673.754883 4062.262207 1428603.000000 
5291.786621 4168.403320 4386.852051 5005.103516 1434658.875000 
6031.909180 7185.253906 4004.163574 5159.895508 1290692.375000 
4736.405762 3829.962158 3889.903564 3011.096436 991450.750000 
8172.378418 5803.692383 5030.204590 5036.246094 1298898.125000 
5977.389160 4607.475586 6431.885254 3847.065430 1112410.750000 
5098.842773 3667.903320 3555.798340 3931.260986 986451.812500 
6616.599609 4156.376953 3086.290771 2957.903076 1438047.750000 
5939.637695 4008.046143 4406.847168 4496.431152 1245771.250000 
