49657.277344 6484.945312 9433.541016 5393.981934 103097.296875 
65578.460938 10636.386719 8635.544922 8082.503906 181080.250000 
49367.218750 6826.977539 5213.046875 3448.191650 82268.359375 
58658.597656 6954.868164 7584.614258 7014.532715 95571.851562 
62219.445312 8472.989258 8204.059570 4190.287598 63936.914062 
52863.105469 5711.643555 3900.773926 3520.657471 88640.703125 
44923.656250 3897.892090 4763.411133 4102.728516 53395.906250 
53918.058594 6958.159180 6922.895996 6275.558594 115148.757812 
57966.578125 11188.647461 6919.907715 8627.405273 242112.859375 
64273.058594 8949.605469 7161.340332 7590.739258 126560.492188 
56822.457031 6861.955566 5210.600098 5061.042969 105768.820312 
51122.046875 5386.229980 4516.184082 3878.669922 96981.304688 
57135.843750 5796.274902 3628.496582 4979.135254 108871.804688 
58969.605469 7118.572754 4683.323730 5226.610840 91707.351562 
60124.640625 7592.366211 5449.142090 6174.091309 123034.507812 
57956.218750 5617.368164 6763.188965 5228.952148 83019.148438 
57978.953125 7057.597168 7952.151367 6559.578613 109945.507812 
50897.882812 8031.680664 5622.951660 5441.222168 79427.164062 
70790.062500 13707.155273 7662.689453 8302.946289 126141.250000 
72856.367188 9780.744141 6879.150391 8163.920410 125503.742188 
