82.734627 44.366634 39.447205 38.604904 37.277966 0.027976 
82.720985 50.702732 45.333015 42.668545 45.040562 0.000000 
87.051323 60.164810 59.553852 56.671070 50.808853 0.000000 
78.463181 41.670242 40.296928 40.390770 48.609196 0.027976 
90.822830 69.649788 70.666649 59.348495 47.463966 0.019782 
76.863121 39.127811 43.860081 41.679672 39.030071 0.027976 
76.461899 46.846310 42.308491 43.090553 39.002483 0.000000 
75.548195 46.419189 40.892853 47.707111 42.526123 0.000000 
77.952385 47.181454 50.882366 45.712971 40.828548 0.000000 
79.953041 52.281937 50.512810 48.380775 38.649479 0.000000 
76.957092 46.282024 51.867805 54.391346 46.259068 0.000000 
82.873260 38.441826 39.773087 36.644157 35.841217 0.034264 
83.389107 50.623756 48.909275 48.078415 37.613987 0.000000 
74.731964 44.026215 46.574303 39.926697 35.622372 0.000000 
79.138382 42.869102 52.185120 52.845985 43.495018 0.019782 
75.383499 52.504807 48.892311 46.376446 43.021767 0.000000 
83.907288 53.824875 53.186855 51.168949 46.329903 0.000000 
77.903107 45.775856 52.417713 51.668449 37.895908 0.000000 
69.692963 47.034061 48.272915 48.885349 49.147274 0.000000 
81.434311 45.328110 53.775738 45.823833 41.194370 0.000000 
