78.154076 66.563301 69.992126 71.414261 71.973709 0.000000 
84.163383 78.360588 76.656868 74.243050 69.265579 0.000000 
80.147949 74.405197 74.475258 71.489273 74.652245 0.027976 
82.867516 75.713333 78.673820 78.629097 75.772293 0.000000 
85.585312 75.049240 74.737778 75.355354 72.319489 0.000000 
81.294357 77.521095 76.345543 77.314796 70.258530 0.000000 
82.338326 77.928497 74.659248 74.679192 72.414429 0.000000 
82.241882 74.499481 76.111351 71.129631 71.409561 0.019782 
81.360756 76.978493 77.814590 76.791725 69.740440 0.019782 
80.762939 73.897499 72.063950 73.663712 67.389679 0.000000 
82.234772 75.856422 72.856804 73.659271 70.147728 0.000000 
83.656082 73.839462 74.737511 73.746895 68.669312 0.000000 
91.939720 87.267815 80.658150 76.457848 71.708908 0.019782 
81.241280 77.604034 72.590508 73.875725 71.117348 0.019782 
82.632217 76.184723 74.126419 74.567139 72.010735 0.000000 
80.638557 75.373634 73.004219 73.196564 68.530495 0.027976 
82.381371 75.936470 74.501419 79.479179 73.652931 0.019782 
82.737770 70.869110 72.375610 69.498070 72.714844 0.000000 
77.597458 71.932632 68.898949 68.984085 72.055992 0.000000 
77.951485 66.765167 65.276009 70.296303 65.918945 0.000000 
