Episode: 1: [[ 6.6356733e-09 -9.9999341e-04  9.9999330e-04  9.9999306e-04
  -9.9999167e-04 -9.9999341e-04]
 [ 6.6356733e-09 -9.9999341e-04  9.9999330e-04  9.9999271e-04
  -9.9999283e-04 -9.9999341e-04]
 [ 6.6356733e-09 -9.9999341e-04  9.9999330e-04  9.9999306e-04
  -9.9999213e-04 -9.9999330e-04]
 [ 6.6356733e-09 -9.9999341e-04  9.9999330e-04  9.9999318e-04
   9.9999236e-04 -9.9999330e-04]
 [ 6.6356733e-09 -9.9999341e-04  9.9999341e-04  9.9999330e-04
   9.9999341e-04 -9.9999341e-04]] 
Episode: 11: [[-0.00413202 -0.00513202  0.00684837  0.00681044 -0.00570738  0.00297758]
 [-0.00441453 -0.00541453  0.0069135   0.00666181 -0.00573397  0.00302343]
 [-0.00441743 -0.00541743  0.00702114  0.00667009 -0.0057372   0.00305059]
 [-0.00445843 -0.00545843  0.00713461  0.00663947 -0.00375795  0.00307834]
 [-0.00498009 -0.00598009  0.00677964  0.00593158 -0.00342736  0.00291537]] 
Episode: 21: [[-0.00349677 -0.00449677  0.00738455  0.0132411  -0.00703716  0.00407006]
 [-0.00412831 -0.00512831  0.00741517  0.01310736 -0.00530577  0.00444408]
 [-0.00414177 -0.00514177  0.00753025  0.01312207 -0.00450221  0.00450411]
 [-0.00427412 -0.00527412  0.00761735  0.01302442 -0.00267782  0.00448543]
 [-0.00666072 -0.00766072  0.00747517  0.01153681 -0.00473635  0.00420809]] 
Episode: 31: [[ 0.00187377  0.00087377  0.0054925   0.01562334 -0.0053505   0.00398552]
 [ 0.00073671 -0.00026329  0.00539418  0.01534929 -0.00328339  0.00462965]
 [ 0.00051488 -0.00048512  0.00550157  0.01538308 -0.00244503  0.00463225]
 [ 0.00020956 -0.00079044  0.00558592  0.01528988 -0.00070907  0.00445257]
 [-0.00586104 -0.00686104  0.00549744  0.01434747 -0.00368841  0.00424053]] 
Episode: 41: [[ 0.00570346  0.00470346  0.00549137  0.01659053 -0.00546096  0.00346008]
 [ 0.00390073  0.00290073  0.00529509  0.01627066 -0.00291207  0.00476601]
 [ 0.00343964  0.00243964  0.00541647  0.01632893 -0.00187776  0.00484056]
 [ 0.00306579  0.00206579  0.00551086  0.01625038 -0.00014882  0.00464188]
 [-0.00499723 -0.00599723  0.00524479  0.01542044 -0.00373022  0.00450337]] 
Episode: 51: [[ 8.0605932e-03  7.0605921e-03  5.9008365e-03  1.7562689e-02
  -5.5483002e-03  3.0227641e-03]
 [ 5.7267365e-03  4.7267354e-03  5.6438833e-03  1.7194148e-02
  -2.8379047e-03  4.8786313e-03]
 [ 5.1311674e-03  4.1311667e-03  5.7656206e-03  1.7240180e-02
  -1.7274134e-03  5.0644674e-03]
 [ 4.7244257e-03  3.7244267e-03  5.8492250e-03  1.7177075e-02
  -5.1443891e-05  4.9318089e-03]
 [-3.9568450e-03 -4.9568443e-03  5.4894150e-03  1.6217137e-02
  -5.0039906e-03  5.0275498e-03]] 
Episode: 61: [[ 0.00821793  0.00721793  0.00708294  0.01916425 -0.00581764  0.00296423]
 [ 0.00565308  0.00465308  0.00672225  0.01873167 -0.00296028  0.0052475 ]
 [ 0.00515245  0.00415245  0.00683144  0.0187371  -0.00180298  0.00558771]
 [ 0.00476166  0.00376166  0.00690499  0.01864951 -0.00017918  0.00554061]
 [-0.0039018  -0.0049018   0.00612662  0.01701183 -0.00637982  0.00542855]] 
Episode: 71: [[ 0.00710391  0.0061039   0.00853977  0.02002024 -0.00605399  0.00372663]
 [ 0.00356584  0.00256584  0.00800988  0.01946328 -0.00304843  0.00601662]
 [ 0.00281267  0.00181267  0.00808084  0.01942871 -0.0018448   0.00632851]
 [ 0.00240558  0.00140558  0.00813315  0.01933092 -0.00023018  0.00628456]
 [-0.00570153 -0.00670152  0.00678986  0.01741739 -0.00680731  0.00569958]] 
Episode: 81: [[ 0.00721555  0.00621555  0.0095034   0.02084321 -0.00675592  0.00460226]
 [ 0.00218793  0.00118793  0.0087847   0.02020361 -0.00341093  0.00663083]
 [ 0.00078786 -0.00021214  0.00881685  0.02018051 -0.00204211  0.00680275]
 [ 0.00023383 -0.00076617  0.00884897  0.02010273 -0.00037763  0.0067454 ]
 [-0.00777055 -0.00877055  0.0071611   0.01772569 -0.00706633  0.00573233]] 
Episode: 91: [[ 0.00767887  0.00667887  0.01020051  0.02074377 -0.007083    0.00459802]
 [ 0.00227277  0.00127277  0.00938936  0.01997136 -0.00350281  0.00657976]
 [ 0.00086127 -0.00013873  0.00939908  0.01992463 -0.0019984   0.00676527]
 [ 0.00047632 -0.00052368  0.00942266  0.01984637 -0.00026539  0.00672326]
 [-0.00795702 -0.00895702  0.00733111  0.01750442 -0.0067802   0.00558703]] 
