4.012886 
1.778971 
1.205239 
3.123862 
1.069377 
1.599364 
0.492215 
0.831845 
1.311798 
0.735168 
1.291503 
1.320506 
0.895595 
2.932286 
3.798149 
4.751981 
1.124274 
1.475585 
1.934883 
2.612440 
1.008096 
1.395659 
3.559534 
2.088574 
1.002364 
1.826030 
0.869009 
1.516748 
2.136235 
5.057033 
2.064783 
0.988268 
0.602298 
1.006556 
0.863003 
2.674658 
1.106356 
1.288286 
1.531098 
1.028092 
1.021375 
2.280332 
1.869289 
1.257780 
1.188254 
2.569052 
0.985556 
1.653890 
2.082965 
1.654330 
3.318838 
1.317858 
1.545951 
1.469184 
1.167709 
1.498523 
1.073868 
1.382728 
1.956489 
2.228965 
1.043992 
1.080357 
0.727075 
5.910145 
2.028440 
0.599914 
1.504903 
1.406651 
1.206659 
2.758768 
1.251371 
0.597173 
1.607489 
0.838710 
1.153191 
1.348772 
1.740935 
1.950729 
1.383726 
0.666835 
2.066526 
1.234426 
1.715634 
0.947399 
0.871846 
1.031361 
1.718447 
1.436862 
1.223490 
0.991032 
0.553392 
1.058659 
1.659523 
2.300529 
1.081771 
5.485781 
0.946790 
0.984132 
1.865674 
0.946053 
1.705027 
0.986747 
0.655902 
4.000689 
1.507236 
1.451206 
0.750145 
0.934480 
0.868626 
2.770537 
2.594448 
0.785453 
3.698188 
0.983282 
2.489717 
1.195320 
2.665061 
0.993431 
0.762439 
0.686805 
1.218647 
0.607442 
0.870796 
1.369793 
0.823557 
2.365276 
1.058906 
1.367296 
2.568936 
2.635529 
1.534912 
1.274626 
1.410023 
2.375919 
3.302791 
1.462555 
1.696705 
1.108097 
2.101278 
1.156686 
1.580617 
0.935788 
1.105459 
2.665447 
1.478509 
1.257782 
1.032103 
1.647697 
2.018961 
1.121086 
2.371621 
4.109750 
0.666567 
1.179500 
0.997581 
1.623147 
2.219813 
1.123989 
2.482872 
2.536485 
1.130599 
3.695333 
1.196384 
0.543307 
0.806023 
1.641367 
3.136445 
2.320549 
1.756040 
1.051625 
0.951563 
1.773074 
1.193522 
1.757123 
1.254690 
2.427053 
1.402382 
1.448970 
1.168153 
1.729888 
2.450753 
1.219763 
2.253236 
2.369214 
1.036672 
1.322460 
6.604784 
1.497921 
2.444622 
0.831652 
1.638977 
1.557839 
1.350793 
1.603642 
2.716977 
0.712814 
1.254120 
0.569537 
1.591335 
1.218940 
1.187075 
1.253430 
1.794131 
1.222421 
0.756037 
1.393860 
2.048594 
2.693941 
2.307044 
0.970549 
1.721923 
1.878209 
1.092628 
1.225964 
1.221317 
1.863020 
1.707469 
1.317217 
1.913320 
1.707639 
0.809064 
1.578425 
3.981331 
1.178379 
2.039914 
2.183151 
1.440877 
3.000486 
1.082199 
2.824426 
1.760555 
1.788712 
0.843623 
1.414062 
0.865471 
0.458230 
0.838816 
1.225759 
1.013229 
1.858642 
1.202334 
0.882114 
1.744031 
4.997920 
3.401843 
1.042749 
1.389912 
2.579494 
2.168519 
1.301873 
0.498260 
6.782375 
0.679990 
1.114545 
2.761130 
0.908317 
3.263415 
2.197639 
1.539864 
7.752951 
2.618545 
0.486130 
1.189387 
2.230794 
0.828283 
1.374750 
0.344812 
1.146644 
1.362722 
1.097389 
2.126690 
1.350066 
1.289883 
0.850525 
1.171759 
1.490860 
1.710188 
0.962382 
0.983758 
6.355628 
2.505334 
0.583184 
1.381824 
2.738989 
0.315021 
4.063819 
5.705138 
1.208036 
1.497434 
2.080061 
1.039818 
2.263221 
2.474504 
2.046656 
2.382428 
2.348795 
1.732044 
1.731058 
1.032653 
1.467903 
1.386744 
2.286607 
1.660928 
2.640230 
1.076261 
1.572174 
1.920383 
1.303065 
0.947633 
1.611269 
1.303237 
1.810653 
1.962418 
0.644156 
1.874984 
1.624610 
1.310104 
0.775654 
2.447465 
0.822364 
1.602929 
3.172776 
1.655630 
1.224495 
3.124954 
0.976210 
3.049006 
1.626366 
0.605499 
1.485357 
1.405228 
1.482632 
1.402303 
0.934126 
2.448251 
0.910302 
1.265376 
2.464710 
0.992983 
0.903953 
3.248476 
1.174321 
1.359673 
1.436160 
1.481878 
1.063139 
5.263450 
0.783981 
2.302311 
0.779505 
3.661227 
1.961519 
0.730928 
1.239691 
0.874225 
1.148924 
0.741030 
1.117915 
0.899324 
0.998053 
1.690711 
1.956289 
1.306948 
1.663994 
1.215316 
0.968478 
1.882875 
3.811345 
0.885538 
0.890392 
3.851899 
0.867249 
0.770541 
3.045505 
1.384100 
1.545882 
1.636797 
0.870045 
2.103059 
1.427351 
2.254884 
1.494632 
1.345226 
2.221508 
2.283190 
1.073100 
1.644526 
3.952148 
1.814347 
1.033050 
1.615361 
0.806427 
1.185470 
0.715504 
1.888828 
0.960015 
1.019815 
1.002468 
2.111349 
2.600345 
1.192520 
2.422300 
1.112172 
1.371970 
2.622361 
1.673284 
1.151013 
0.943057 
1.360217 
0.963271 
1.445603 
1.264337 
0.894462 
0.588146 
0.667173 
2.140453 
1.277535 
1.247708 
0.912373 
1.304377 
1.097804 
1.420254 
1.199716 
1.900763 
1.070285 
1.071379 
2.048079 
1.289160 
2.673734 
1.509845 
0.818226 
2.077629 
2.405019 
0.467285 
1.659608 
2.078702 
0.846706 
1.620788 
1.489635 
1.264228 
1.246899 
0.779740 
1.172938 
1.094461 
1.472782 
1.351497 
0.960306 
0.424946 
1.140956 
1.832514 
1.011315 
0.690218 
0.809069 
2.584817 
1.836726 
1.950661 
2.133865 
1.971257 
1.354651 
0.919656 
0.858266 
5.176234 
0.891550 
1.390392 
2.428020 
3.214081 
1.300476 
2.133162 
1.227055 
1.535819 
1.588549 
1.669195 
3.620813 
1.063662 
1.795822 
1.803963 
2.896118 
1.649106 
0.966343 
0.768754 
2.509707 
1.358649 
1.401117 
1.303734 
1.572864 
1.943208 
4.956079 
1.910502 
2.752860 
1.202570 
1.695175 
3.534014 
2.411836 
0.902644 
3.202633 
2.651732 
0.749223 
1.706727 
0.801853 
2.066706 
2.673815 
0.305498 
1.064264 
0.579768 
1.133157 
0.773118 
1.952675 
0.914362 
1.504907 
1.648079 
0.891298 
0.929694 
1.097626 
1.849938 
1.205977 
1.840740 
2.599005 
3.009079 
2.337241 
2.003758 
1.165810 
3.055290 
3.682440 
1.292982 
1.283134 
2.383868 
1.864691 
0.614160 
2.041320 
1.483972 
1.868237 
1.424753 
0.912405 
0.981846 
1.351939 
2.381179 
2.544225 
2.142873 
1.562450 
1.657849 
0.778370 
1.732468 
4.091346 
3.008008 
3.088112 
1.288059 
3.423816 
0.738366 
1.372882 
0.732588 
1.495093 
1.234291 
1.457106 
1.105067 
1.019699 
1.583955 
0.890261 
1.131479 
2.260972 
5.260952 
1.487650 
1.523402 
1.352402 
0.517741 
1.309044 
0.995001 
1.301369 
1.290116 
1.311805 
1.320165 
0.770203 
0.848300 
0.909405 
2.232033 
3.045394 
0.685210 
0.412988 
1.157427 
0.958025 
1.464989 
5.169233 
0.983019 
1.426785 
1.816314 
1.209730 
0.631639 
4.112575 
1.108759 
1.782566 
1.303124 
0.995340 
1.153174 
1.488964 
1.185162 
2.074447 
1.276169 
1.941287 
1.330314 
2.028831 
1.096130 
1.193878 
2.035872 
0.985235 
0.857465 
1.818091 
1.151221 
3.425403 
1.352704 
1.112326 
0.902545 
0.942608 
2.189391 
0.653756 
2.044612 
1.765108 
2.595737 
0.894394 
0.702665 
1.207925 
1.481194 
0.945581 
2.183057 
1.185671 
1.963462 
1.704835 
1.066116 
1.248350 
1.367027 
4.928923 
2.682152 
1.759443 
1.329602 
1.162270 
0.954842 
0.393275 
0.910849 
0.631339 
2.346965 
3.418135 
1.232315 
1.825407 
0.847921 
1.106233 
1.507257 
1.196133 
1.326817 
0.590882 
4.682861 
0.858564 
1.928305 
4.687057 
1.414939 
1.722210 
1.549402 
1.553751 
1.033811 
2.714343 
0.987647 
4.037648 
1.338816 
3.411061 
1.039259 
1.961107 
1.781149 
2.271932 
2.193076 
2.222436 
2.200796 
1.327007 
2.756161 
0.863980 
1.575670 
1.206851 
1.796207 
0.969181 
0.875373 
0.991363 
1.237391 
1.188384 
1.537742 
3.809792 
3.329717 
1.455067 
1.531493 
1.246180 
1.739698 
2.586647 
0.459052 
1.495419 
2.834375 
1.659358 
1.402807 
4.008530 
0.600828 
4.720679 
1.791987 
0.729031 
2.091034 
2.841325 
0.639290 
0.702707 
1.635789 
1.364764 
1.195466 
2.052443 
0.786288 
1.991932 
0.730332 
0.880802 
0.599189 
3.249836 
2.560893 
0.850570 
0.557504 
2.222464 
1.185451 
1.026974 
0.726259 
1.188530 
1.203580 
3.198153 
0.732527 
1.597854 
0.688834 
1.853144 
0.934192 
2.154303 
1.664840 
1.245121 
0.689797 
1.357079 
0.533406 
0.845204 
1.942626 
1.148043 
2.395463 
1.431152 
0.726059 
2.052157 
1.332744 
2.387578 
0.921504 
2.283506 
1.257755 
1.318994 
1.348000 
0.783236 
1.141573 
1.511311 
1.111523 
1.093432 
1.578411 
0.578114 
1.061054 
1.518278 
1.362776 
2.234580 
1.245249 
1.104477 
0.821824 
1.203506 
1.095043 
0.937377 
4.315113 
0.963465 
1.386468 
1.203673 
1.380641 
3.089827 
1.665502 
1.093184 
0.745425 
1.234138 
1.226539 
1.441295 
1.721458 
1.185166 
1.625531 
2.015916 
2.758947 
1.962249 
0.999702 
2.503234 
2.132993 
0.877933 
1.591232 
4.081732 
4.477347 
0.755553 
1.048545 
1.150606 
2.429603 
1.015418 
1.197658 
1.965026 
2.052315 
5.101959 
2.166936 
3.051405 
1.319980 
1.975809 
0.818473 
1.010348 
1.055401 
1.735305 
0.487671 
2.888189 
1.114416 
2.462953 
1.886368 
2.194852 
1.939848 
1.194457 
0.963505 
1.671178 
1.359067 
1.095798 
1.380328 
1.688496 
1.054156 
2.614231 
2.726221 
1.105819 
0.707196 
2.596741 
1.216210 
6.439538 
1.037269 
1.118132 
0.827721 
1.009750 
1.182618 
1.100224 
1.392568 
1.733250 
1.801668 
1.059364 
1.179990 
1.559251 
1.411490 
3.322913 
1.421919 
1.397543 
1.815526 
3.646336 
1.431647 
2.596004 
1.647445 
1.051331 
4.216016 
2.198475 
0.849984 
1.577481 
1.623734 
2.749450 
0.935927 
1.301713 
0.523005 
1.128453 
2.239110 
1.786868 
1.320427 
0.829036 
1.840892 
2.105053 
0.780228 
1.423286 
3.324759 
1.178082 
1.867472 
0.916912 
1.246706 
0.845413 
2.310256 
1.334403 
0.681920 
1.004551 
1.690924 
2.622309 
2.547058 
1.718884 
0.832566 
1.038380 
0.417637 
1.481638 
0.953412 
1.631717 
4.497571 
0.706084 
0.553754 
2.010187 
1.713022 
1.271096 
1.573115 
1.513148 
1.088354 
0.822578 
3.956019 
1.861866 
2.259731 
1.508418 
0.713661 
1.445242 
0.875366 
2.725109 
1.512804 
1.000289 
1.261386 
3.074538 
1.533266 
0.848361 
2.840045 
1.926462 
1.920305 
1.152412 
1.086638 
0.796988 
1.248607 
1.384560 
1.855802 
1.922961 
1.075742 
0.792187 
1.756361 
2.793105 
1.251558 
0.963530 
1.888348 
2.252670 
0.987198 
2.887213 
1.092411 
3.109645 
1.312155 
1.606031 
1.770400 
1.835249 
0.706526 
1.359450 
1.098546 
0.618720 
0.834697 
0.895859 
1.150946 
0.672134 
0.889363 
1.382074 
2.243262 
3.745299 
3.650201 
1.001113 
0.922760 
0.945831 
2.490010 
0.923964 
2.261513 
1.069071 
2.293973 
1.628826 
1.036323 
0.929400 
1.179630 
1.394708 
0.743192 
2.327719 
0.892609 
2.159841 
2.837798 
1.793509 
2.960505 
1.421456 
1.051467 
1.116017 
0.726015 
1.479250 
1.532139 
1.204342 
2.783828 
1.542333 
1.783828 
0.944445 
0.733778 
1.052966 
1.255215 
2.615475 
1.168443 
1.550480 
1.313216 
1.266991 
1.077007 
0.798630 
0.801715 
2.025442 
1.312346 
2.312294 
1.909727 
0.985005 
1.024646 
1.387017 
2.184373 
1.528379 
0.890855 
1.042422 
2.249840 
1.077490 
0.766197 
2.564870 
1.735384 
0.908943 
0.505972 
2.254991 
0.756732 
2.194474 
0.770774 
1.464211 
2.007632 
4.009835 
1.733565 
0.774167 
2.335220 
1.103243 
1.416098 
1.478541 
1.667613 
2.247272 
0.740764 
0.902373 
0.420678 
2.237666 
1.003556 
0.871511 
1.778830 
2.039152 
1.289086 
1.553825 
1.334931 
0.993809 
0.741139 
1.925221 
0.674430 
3.865279 
1.257630 
1.978091 
2.546841 
0.256140 
0.987196 
1.221149 
2.593815 
1.626545 
1.361009 
1.005306 
2.591475 
1.614431 
2.532040 
1.768007 
0.985208 
0.431227 
0.992654 
0.332100 
2.737839 
1.080044 
0.882534 
3.207646 
0.753837 
0.801967 
1.622916 
1.055397 
0.523947 
1.542008 
0.939475 
1.383044 
2.091118 
1.261355 
1.464720 
1.236188 
1.027285 
0.995604 
3.614302 
0.875725 
0.817285 
1.746989 
1.605496 
0.877626 
1.261464 
1.558652 
0.834282 
0.755989 
0.905115 
2.952260 
1.224215 
2.010524 
0.891184 
0.827011 
1.113411 
0.951484 
0.773907 
1.373832 
1.201357 
0.333470 
2.144792 
1.972329 
1.895186 
0.852377 
0.879128 
1.413031 
1.597212 
1.566437 
1.934482 
2.069544 
1.321564 
1.652203 
1.363465 
1.148399 
0.921099 
0.711029 
1.988371 
1.909656 
0.872289 
0.972028 
0.822807 
1.261490 
0.899202 
1.107798 
1.604559 
1.538184 
1.134750 
1.510957 
1.164682 
1.929533 
1.075260 
2.332705 
0.397249 
0.837244 
0.996221 
1.431571 
2.928969 
1.151812 
1.503463 
0.838978 
0.622671 
3.654666 
0.986437 
1.382204 
1.045974 
0.708307 
1.523299 
0.602896 
0.937684 
1.538923 
1.148797 
1.093143 
0.876723 
1.674659 
1.069631 
2.704746 
1.225196 
1.136115 
2.909271 
2.510493 
1.507217 
0.771693 
1.320389 
0.535457 
1.380850 
0.461463 
1.515224 
1.221097 
0.739008 
1.211203 
1.528866 
1.790100 
2.603764 
1.080534 
1.769599 
1.660434 
1.816593 
0.995685 
1.676698 
1.741547 
1.956377 
1.343835 
0.859249 
0.543775 
2.215191 
1.864864 
4.402016 
2.270374 
2.018851 
0.796827 
0.977635 
1.855644 
1.218467 
1.651842 
1.224577 
1.535287 
2.485053 
1.139585 
1.644743 
1.291860 
0.924359 
1.612344 
0.723633 
1.899716 
0.967143 
4.543430 
1.340085 
3.804008 
0.667819 
0.459563 
1.323514 
0.926696 
0.963013 
0.726588 
0.735350 
3.053741 
0.495460 
0.753317 
1.463028 
0.619621 
1.169183 
1.156521 
0.564463 
1.750692 
1.932385 
0.962237 
2.752868 
1.898215 
1.452835 
1.015344 
0.775871 
1.155333 
0.852936 
0.811423 
1.714681 
2.015097 
0.827616 
1.212359 
3.752627 
2.317795 
0.365937 
1.110514 
3.561229 
3.320096 
1.286207 
0.885515 
2.662139 
3.351302 
1.545091 
1.678208 
0.933727 
0.594581 
2.098258 
1.088509 
1.031161 
1.658585 
2.928158 
0.811799 
2.066242 
0.473782 
1.419380 
1.346743 
0.644501 
1.827033 
0.738764 
1.461827 
0.991308 
2.687669 
0.800404 
1.452023 
1.373995 
1.358894 
0.662462 
0.903809 
1.375170 
2.019579 
0.930833 
1.146601 
1.347714 
1.576247 
1.634067 
2.045658 
1.471630 
1.659402 
3.521328 
1.190005 
2.807166 
1.665426 
2.140806 
6.011248 
1.296472 
1.786760 
1.266884 
1.967349 
1.475330 
1.942165 
1.296655 
1.468520 
1.369215 
1.271433 
0.811179 
2.196796 
0.699866 
3.530380 
1.436544 
0.738652 
0.389235 
2.516026 
1.321600 
0.831627 
1.974185 
1.437858 
0.915630 
0.867509 
0.678315 
0.665018 
1.379825 
1.148897 
1.967490 
1.653082 
2.978012 
3.399733 
0.789325 
0.956845 
1.542445 
0.721469 
2.474782 
1.301927 
2.916010 
0.922064 
1.187401 
2.459654 
1.201326 
1.717609 
1.263723 
2.309816 
1.860257 
1.384310 
2.161747 
1.731231 
0.956305 
2.603162 
0.947347 
0.991329 
3.680176 
1.271806 
0.777016 
1.038390 
3.233162 
2.245689 
3.040120 
1.750458 
1.284122 
0.616335 
0.594345 
2.298979 
1.693015 
1.088925 
1.423824 
3.237685 
2.354724 
1.940653 
2.683966 
1.157720 
1.553570 
1.442731 
1.622839 
3.289135 
1.390707 
0.655298 
0.707106 
0.589686 
1.939640 
0.526692 
0.813984 
1.198352 
0.990527 
1.011389 
1.473773 
1.158187 
1.139900 
1.643430 
0.911842 
0.976991 
2.487253 
1.121787 
1.976949 
1.958066 
1.140941 
1.151481 
1.427431 
0.513668 
0.727917 
0.672040 
1.523217 
0.574896 
2.545002 
1.999364 
1.793445 
1.022566 
1.612057 
1.701867 
1.545411 
2.676049 
2.396807 
1.584293 
1.447530 
1.173505 
1.422613 
1.423465 
0.734391 
0.889792 
0.953025 
3.679917 
0.974389 
1.319675 
2.872669 
1.678987 
1.214046 
1.905782 
3.086520 
2.583919 
2.152953 
3.326159 
2.215885 
1.112614 
1.256587 
1.501035 
1.444489 
4.099916 
2.179625 
2.043624 
2.099406 
0.704583 
3.643323 
1.774745 
2.121663 
1.309226 
0.885806 
1.866199 
4.683200 
4.024175 
1.014737 
0.641321 
5.989585 
1.422361 
3.033494 
1.759928 
1.565006 
1.603589 
1.784074 
1.914156 
2.789634 
0.685128 
1.622208 
2.838114 
1.328254 
1.578051 
2.442768 
0.804162 
1.470704 
1.063902 
1.137146 
1.691736 
0.766379 
1.356985 
0.667471 
1.856742 
0.865121 
0.739613 
1.046957 
5.194881 
1.469389 
0.840470 
2.768522 
2.752683 
1.278377 
2.219702 
1.128300 
2.509423 
1.107061 
0.726347 
0.978345 
1.175312 
1.116433 
0.875050 
0.955898 
1.163465 
0.577697 
1.202813 
1.063872 
1.670308 
0.933694 
3.146656 
1.115384 
0.563140 
1.356834 
0.688593 
1.214386 
2.110116 
6.167341 
4.105356 
0.973026 
2.044410 
0.501048 
2.072491 
0.748936 
1.766407 
1.055191 
1.124521 
1.421385 
1.650484 
2.589801 
0.892306 
1.449674 
1.215725 
0.909018 
1.670669 
1.059166 
1.123016 
1.699645 
1.534235 
0.979716 
1.361328 
1.346127 
1.724984 
2.572855 
1.276510 
0.590144 
1.417184 
1.498886 
1.272187 
0.962756 
0.901533 
2.938358 
0.824135 
2.795523 
0.736096 
0.868717 
1.630884 
1.017500 
0.732086 
2.993720 
0.975210 
1.478374 
1.571204 
2.344674 
1.716766 
4.863937 
1.605771 
0.784103 
0.969994 
0.756302 
0.989887 
0.989865 
1.423349 
1.177060 
0.967803 
1.662564 
0.659468 
2.343456 
0.901632 
0.826944 
1.139952 
2.079875 
0.852161 
2.888364 
2.428246 
1.338287 
1.178900 
1.410425 
1.066455 
1.671412 
0.951491 
0.924360 
1.525340 
0.545611 
1.213661 
1.324944 
0.884987 
1.087297 
0.555717 
1.492357 
2.113162 
1.564765 
1.015513 
1.420654 
1.020353 
1.083346 
1.443936 
2.004468 
0.652948 
1.445192 
3.474378 
0.636916 
1.175037 
1.951121 
1.148571 
1.903658 
1.288793 
1.698446 
0.968445 
2.024583 
2.898976 
1.280634 
1.232274 
1.236181 
0.666227 
1.240110 
1.289637 
1.303469 
0.629387 
1.042925 
2.354660 
0.925456 
2.520538 
3.502146 
0.832053 
2.944105 
3.230043 
1.593824 
0.672309 
2.758552 
0.622127 
1.599090 
0.864718 
0.700295 
1.666663 
1.971474 
0.980179 
0.833943 
3.234309 
1.474746 
0.527543 
1.136123 
1.286987 
1.934343 
2.394280 
0.841305 
0.990130 
1.090315 
1.019376 
0.829553 
0.957321 
0.737594 
0.880545 
1.241377 
1.630275 
3.867340 
0.688978 
1.950311 
0.972582 
2.367082 
0.866895 
1.982306 
1.316969 
1.010076 
1.530218 
1.095406 
0.840869 
1.350287 
1.114210 
1.149402 
6.328513 
1.989292 
0.783811 
2.858670 
1.868151 
1.002423 
1.994347 
0.978836 
2.443676 
1.071389 
0.860277 
0.829908 
1.180973 
1.499426 
0.891927 
1.004932 
3.402542 
0.963774 
1.171368 
1.750222 
1.029032 
0.883642 
0.689251 
2.237071 
3.964787 
1.625820 
3.030262 
1.272573 
2.083987 
0.700071 
2.982419 
2.690570 
4.028322 
1.206983 
2.536375 
2.906615 
2.329863 
1.536352 
1.038845 
2.885256 
1.485755 
2.179762 
0.660555 
0.954969 
5.113853 
0.873761 
1.285854 
2.177131 
1.998301 
1.851280 
1.800690 
1.129094 
0.689489 
1.415146 
2.935414 
0.984266 
1.531634 
2.170965 
2.954623 
2.004427 
0.942718 
1.458453 
1.131363 
0.826990 
1.674266 
2.012515 
1.306384 
1.017559 
2.713593 
3.322974 
0.749055 
1.181292 
0.975622 
1.654900 
0.995083 
1.205820 
0.454242 
3.200611 
0.674788 
0.978619 
1.865359 
1.195183 
0.649709 
1.790511 
2.082381 
1.560627 
2.413995 
1.067507 
1.591049 
0.662692 
2.291837 
3.193324 
1.512183 
1.311262 
1.688399 
2.383420 
4.564627 
3.120495 
1.668396 
2.728305 
1.219342 
1.002650 
1.058766 
2.693813 
1.449332 
1.034244 
0.659936 
3.137138 
0.951713 
0.914661 
1.168637 
1.529481 
2.367051 
2.192779 
0.911677 
0.797584 
1.655484 
1.729058 
0.893949 
1.772677 
1.008417 
1.054142 
2.326033 
1.138257 
0.691146 
2.016262 
2.181763 
1.161162 
1.510210 
1.124321 
1.326613 
1.049150 
0.849206 
1.348431 
1.093220 
0.704799 
0.892701 
1.702516 
0.573489 
2.518634 
1.166365 
0.834500 
0.937690 
0.910382 
1.130250 
1.095837 
2.859028 
1.025855 
2.155727 
0.987265 
1.440584 
1.014747 
1.156343 
0.550969 
1.983107 
1.584787 
2.158583 
1.210628 
0.968008 
1.270501 
1.141659 
2.614988 
1.403678 
2.156718 
1.261866 
0.760657 
0.660453 
1.127223 
1.273779 
1.630829 
0.802247 
1.468096 
1.347939 
2.158589 
1.300698 
1.007432 
0.548948 
1.539636 
1.932180 
1.485632 
0.732691 
2.339566 
2.338475 
1.759942 
1.126124 
0.994979 
1.308038 
1.867555 
3.529153 
0.872995 
1.487422 
0.850352 
0.804268 
1.031852 
0.792658 
0.761239 
2.023752 
0.749913 
1.266425 
1.301349 
1.328806 
0.494977 
2.630522 
0.497561 
2.755323 
1.496681 
1.355627 
0.769278 
1.311673 
2.583771 
1.368338 
1.007201 
1.181073 
1.392434 
3.215105 
1.703346 
1.551644 
5.129741 
1.260147 
0.391979 
1.875172 
0.832156 
1.250557 
1.064728 
2.937235 
0.595899 
0.928370 
1.533000 
1.350341 
1.065904 
1.694626 
0.684255 
1.414107 
2.524113 
0.373587 
1.513602 
1.418382 
2.043927 
1.494407 
1.172154 
1.303370 
1.050874 
1.473261 
0.517056 
0.798442 
1.426603 
1.225088 
1.256018 
1.302754 
2.560258 
0.718823 
1.427413 
3.425555 
0.884645 
1.190636 
2.161249 
1.935659 
2.065911 
2.065301 
0.975079 
0.807905 
1.329022 
2.316465 
0.864404 
2.531914 
1.171200 
1.376899 
1.271186 
1.227237 
2.464407 
1.060733 
1.501566 
1.215032 
0.526740 
1.060813 
1.771569 
0.909090 
1.697757 
1.199520 
0.973363 
1.680355 
1.458353 
1.490614 
0.838971 
2.265442 
0.411099 
0.670268 
1.312521 
1.335419 
1.093222 
1.629175 
0.936608 
0.903806 
1.130614 
0.987977 
0.800912 
4.378565 
1.550666 
1.217392 
1.937287 
2.334318 
2.853423 
1.648262 
1.996910 
0.797824 
1.697520 
1.410370 
1.790073 
0.818107 
2.153558 
0.722653 
0.891027 
0.779263 
0.679057 
0.919536 
1.073404 
2.786753 
1.619613 
3.088804 
2.080503 
1.488075 
2.558329 
1.058975 
0.894556 
1.576856 
1.068864 
1.189084 
2.414603 
1.301078 
1.539701 
1.396489 
1.298960 
2.860298 
1.452057 
1.858512 
0.814610 
1.805482 
2.332213 
