20751.242188 1849.103394 2200.218018 1692.485107 95099.132812 
24376.716797 2358.163086 4083.591553 1952.451904 79314.304688 
28938.482422 3527.225830 3827.638672 4362.216797 113536.335938 
27681.615234 2564.551758 2728.176025 3764.983154 90526.281250 
21740.255859 2212.834229 2741.673828 2542.354980 56215.929688 
24092.376953 3574.681885 2574.005859 2388.142090 89424.304688 
30958.691406 3125.834717 3723.616943 5264.493652 81987.796875 
24364.220703 3445.321045 4563.020508 3645.515625 71140.648438 
47241.441406 3870.473145 4689.069824 2764.400146 149805.468750 
27781.681641 3568.688721 3911.676270 5375.095215 73545.968750 
32908.843750 3532.835449 3365.251953 3935.197266 99669.656250 
24166.460938 2598.645264 4162.236328 3186.505615 116429.359375 
19245.957031 2098.565918 1482.144531 1771.104126 64513.332031 
19935.677734 2659.828125 2533.689209 1158.145508 83909.742188 
36632.750000 3297.173096 2595.709717 2751.012207 77032.367188 
15209.218750 2027.667847 2040.315674 1988.707031 80964.093750 
32829.585938 3765.518311 3709.071777 3847.295898 85069.312500 
30786.996094 3158.737549 2725.395752 1823.364014 112494.898438 
22880.892578 2318.857178 2479.515137 2182.558105 80998.328125 
25241.730469 2443.129883 2937.458496 2004.436646 92887.742188 
