63207.359375 5821.000000 4115.475098 1999.308105 15675.784180 
77587.054688 4638.116699 2333.653076 2368.352539 12472.972656 
84971.093750 5176.412109 3138.724365 1709.459961 14893.853516 
77801.445312 5445.946289 2748.967041 2059.450195 17214.507812 
62537.734375 4617.673828 3337.404297 1905.438232 12183.033203 
61230.097656 4921.360840 2169.835938 2210.379395 11986.122070 
70111.210938 5096.147461 2784.306885 2093.500488 12616.949219 
71120.289062 4255.792480 3453.378418 2048.531738 10998.773438 
67657.742188 3823.202393 3139.519043 2148.587891 16005.253906 
67937.226562 4644.672363 4119.739258 3139.921631 9470.838867 
69166.000000 4082.998047 2738.533203 1561.120483 12623.250977 
73851.359375 4622.043457 3153.453369 2344.832031 14176.258789 
61210.140625 4568.733398 2604.496338 1490.210449 14684.688477 
55012.265625 3461.723145 2410.809570 1625.417847 9688.289062 
71840.851562 4930.067383 2544.480225 2019.408081 16053.166016 
55190.730469 3742.863037 2127.742920 2069.429688 7681.597168 
76044.492188 5497.391113 3490.405029 3006.639160 14345.908203 
71203.906250 4674.790039 3004.974365 1995.206299 12324.811523 
71772.171875 4056.830811 3417.679932 4529.492676 10349.671875 
64677.253906 4873.346191 2877.557373 2210.129395 13707.859375 
