84.713043 57.166828 60.028290 60.531376 52.783512 48.768307 44.466999 34.966007 37.856800 16.959846 0.034264 
74.462860 60.380180 42.266792 47.014553 48.346298 36.228172 45.416626 43.105091 35.844376 25.635929 0.019782 
80.889946 44.306484 58.367352 44.559650 46.827805 51.973530 41.460648 44.751492 40.916477 29.921803 0.000000 
73.128967 38.196510 36.386860 35.157784 26.290821 37.855118 29.769335 31.812906 30.730001 31.475746 0.000000 
84.943390 36.888542 56.215885 51.858093 52.789131 45.396843 49.162430 38.629238 34.102615 35.309727 0.019782 
78.837196 40.213959 54.684826 53.125786 58.752823 54.252392 43.211681 42.064285 35.814396 16.634974 0.000000 
78.775696 38.658787 27.476782 28.167402 24.714403 19.576565 37.043152 30.247467 33.744110 27.494490 0.000000 
72.985138 34.501194 38.447063 42.625698 46.088123 45.920128 44.616085 43.268242 41.835358 35.545925 0.000000 
74.685493 24.420612 29.581209 29.345705 25.797808 28.802879 27.813578 18.730976 32.099239 21.096367 0.019782 
69.704399 36.036217 32.173435 29.908253 27.123009 33.255611 36.273285 39.956387 40.012089 45.230232 0.000000 
72.904182 40.840794 32.358234 29.969059 30.265057 26.497942 25.679686 27.270201 39.993149 24.095610 0.027976 
83.733543 58.984871 44.274029 46.143532 49.373268 52.484970 47.353706 51.822407 38.601696 25.723196 0.000000 
77.416420 33.867805 27.484615 29.721666 25.921656 22.175001 26.757673 39.534218 27.178688 20.764841 0.000000 
81.779808 36.346504 33.783768 32.047737 29.948214 30.747099 32.148533 27.887594 24.341185 34.426208 0.000000 
80.851669 36.049770 32.956608 34.966377 42.295532 40.519108 40.115562 39.133625 22.816738 29.372530 0.000000 
69.809341 30.834778 29.260983 30.795208 34.826241 43.804935 37.424721 41.786053 41.561111 26.230501 0.000000 
76.917206 35.462284 24.756966 36.336124 35.582199 32.148083 30.290520 34.554810 24.865376 21.654316 0.019782 
84.122055 40.129650 31.345613 25.622602 33.155140 29.474739 31.501942 32.056126 33.990967 34.885616 0.000000 
76.485481 37.856556 36.997936 36.016071 33.985798 36.117443 30.080118 29.721292 32.031078 25.926241 0.000000 
71.846130 37.979565 32.966187 32.600750 26.378750 25.085716 24.894745 19.412830 30.505423 20.674561 0.027976 
