89.429474 88.716240 90.092972 89.824066 48.124146 
89.559006 89.718620 90.522919 90.376678 39.128017 
89.804581 90.143867 90.217796 89.886833 40.617466 
89.514328 90.070419 90.105339 89.653419 39.480324 
90.075867 89.883362 90.791039 89.023544 40.197914 
89.653526 89.303246 89.406288 89.761292 39.790947 
89.427887 90.345520 90.849342 90.691559 39.525284 
89.225166 89.067581 90.384979 90.300316 41.112255 
89.531631 90.275566 90.359550 89.909355 37.477581 
90.185478 90.044434 90.907951 90.168640 40.805817 
88.911797 89.006622 89.270927 90.258934 40.198467 
89.797318 90.304520 90.459778 89.855980 43.971291 
88.569862 89.322472 89.918236 89.858284 39.786415 
88.800163 88.777596 89.423836 89.937912 43.654591 
90.018242 89.963287 90.876907 90.324814 38.461330 
89.767952 89.149422 89.645615 88.976707 44.365807 
89.130692 89.155495 90.061005 89.552361 42.905285 
89.547478 88.581726 89.658066 89.297409 48.951801 
88.390450 88.195099 88.960785 88.917542 44.363235 
89.567650 90.181198 89.188904 89.582619 42.561256 
