83.246651 72.134964 75.367065 69.043571 75.463402 0.000000 
94.069069 84.784088 85.089142 84.865471 86.624962 0.027976 
84.525658 85.442039 86.412766 87.871269 92.444649 0.034264 
90.810478 74.262634 75.331001 82.030968 83.527290 0.027976 
86.830872 80.662590 85.416397 90.262909 93.511513 0.000000 
90.634171 73.898552 79.944633 80.332718 81.355721 0.000000 
95.340172 81.812592 79.642090 82.086182 84.438721 0.027976 
89.267860 80.211166 81.448105 84.187515 89.123314 0.019782 
78.541420 88.524078 93.585732 96.691490 97.126823 0.000000 
89.821892 81.415878 83.622284 86.409943 86.056229 0.000000 
94.318954 86.764679 87.943947 88.574287 89.129456 0.000000 
89.741333 86.233963 89.567299 88.760651 92.125801 0.000000 
89.786476 52.806900 51.606941 53.111553 54.216255 0.019782 
82.939354 78.293083 79.266510 80.076958 80.791878 0.019782 
88.532349 88.691467 90.658493 92.778374 95.018326 0.000000 
93.265289 90.651886 94.950027 94.951492 94.716248 0.000000 
89.738586 74.226547 81.330818 85.937195 88.296692 0.019782 
89.932243 83.572960 82.005562 82.332886 87.367851 0.039565 
94.850914 77.783569 82.169838 85.788963 86.175903 0.000000 
86.360352 75.418503 76.589371 76.790619 80.916275 0.019782 
