Episode: 1: [[0. 0. 0.]
 [0. 0. 0.]
 [0. 0. 0.]] 
Episode: 2: [[ 6.19880397e-11  4.31880885e-11  1.32315365e-11]
 [ 9.20444207e-11  4.34490569e-11 -1.08279063e-11]
 [-2.57121602e-10 -2.81449447e-10 -2.01937383e-10]] 
Episode: 3: [[ 4.2315755e-11  1.0542345e-11 -1.6953359e-11]
 [-1.2612067e-10 -1.8544563e-10 -2.1324945e-10]
 [-2.9749441e-09 -2.6381590e-09 -1.7118787e-09]] 
Episode: 4: [[ 5.3744297e-11  1.1469730e-11 -2.5679830e-11]
 [ 1.9022078e-10  2.8199568e-11 -1.8595300e-10]
 [-2.1354380e-09 -2.1508311e-09 -1.7992374e-09]] 
Episode: 5: [[-2.5031174e-10 -2.3134501e-10 -1.4766249e-10]
 [-1.4800721e-09 -1.3123505e-09 -8.8397778e-10]
 [-1.2166598e-08 -1.0167232e-08 -5.7201772e-09]] 
Episode: 6: [[-4.3155191e-10 -3.7768877e-10 -2.2222439e-10]
 [-2.3857005e-09 -2.0458308e-09 -1.2807881e-09]
 [-1.7748349e-08 -1.4661323e-08 -7.9850677e-09]] 
Episode: 7: [[-2.0159951e-06 -2.0551897e-06 -1.9211820e-06]
 [-1.7758051e-06 -1.8350579e-06 -2.0697221e-06]
 [-2.0609493e-06 -2.1154215e-06 -2.2993192e-06]] 
