76.277969 57.675896 60.249474 66.539543 67.229599 0.027976 
81.846786 59.525963 88.824471 70.458649 66.456100 0.000000 
87.573021 66.591797 72.222542 86.443184 86.853729 0.000000 
82.161156 64.033913 74.065979 78.127258 84.663109 0.000000 
75.979324 80.896568 58.792732 73.827980 63.557587 0.000000 
75.439041 70.780869 78.940193 75.871758 86.990234 0.000000 
79.958679 64.735214 63.788170 77.323700 70.301399 0.000000 
84.620369 83.336899 81.823257 80.362404 82.605835 0.000000 
83.367279 71.112129 66.328308 72.394226 63.411221 0.019782 
74.940475 67.516953 78.807472 78.483353 65.051224 0.000000 
79.407318 55.560593 63.504898 62.457485 67.329056 0.000000 
87.315300 78.829117 73.110802 81.116837 63.864731 0.019782 
79.334045 59.917461 78.390549 69.595009 67.397614 0.000000 
79.697205 65.407013 71.124382 69.876373 70.159096 0.039565 
75.060814 66.357948 71.258881 77.841293 79.726173 0.027976 
85.148224 75.904953 75.215790 74.521439 74.104889 0.000000 
87.535400 78.875946 87.761253 79.127754 65.808556 0.000000 
76.135651 68.404198 65.932716 73.225464 67.903290 0.000000 
74.661560 73.937782 62.088245 63.589348 74.574394 0.000000 
83.819817 70.794273 85.420914 85.405914 88.787796 0.000000 
