116029.093750 4698.737793 3817.705322 1691.871826 611.080750 
127917.796875 6104.973633 3700.496582 995.840088 463.088898 
79701.226562 3754.564453 1146.739136 596.563660 240.455963 
44118.121094 1856.292480 738.471252 385.517792 177.729370 
62414.984375 2452.729248 885.956421 459.515717 151.805145 
50619.417969 1851.072266 730.210693 289.246796 147.337265 
56747.167969 2684.134277 853.483337 352.522675 98.585815 
61874.187500 2142.071289 942.304443 411.351624 136.957825 
47595.859375 1453.944092 518.752197 337.010559 125.857529 
44004.250000 912.585022 492.408661 284.746765 72.106621 
37490.171875 615.768616 387.314636 229.186310 71.956772 
36674.609375 983.401794 469.970215 220.090302 76.298790 
39220.171875 838.168823 406.548584 212.161575 66.417580 
36882.437500 666.768738 273.958801 200.103165 72.713036 
29215.878906 717.311157 257.234955 240.736099 71.667061 
40343.765625 860.707336 367.810730 173.145035 60.828445 
37982.425781 683.428894 330.674988 383.491791 87.243355 
36276.796875 562.399414 392.822174 131.175323 43.850494 
32735.496094 673.554626 297.527374 287.956329 82.203751 
43171.277344 562.919006 254.904068 186.815063 89.231369 
34826.835938 931.188232 466.840210 293.782379 71.976868 
33450.550781 776.724915 404.479401 178.053726 60.858059 
29368.474609 682.019836 242.067520 153.854187 72.470055 
42925.476562 911.583801 499.534271 183.996277 94.276321 
36544.773438 522.528381 392.700531 286.177399 76.478676 
28757.123047 412.955017 180.992096 121.691444 44.583214 
46639.527344 288.239929 226.858856 215.515015 68.067993 
42678.828125 329.689453 206.142075 145.465897 56.703770 
52341.445312 217.994568 227.862106 132.245453 63.460236 
54968.820312 278.439056 208.462524 118.532524 56.172691 
33303.375000 441.757355 316.945160 184.083008 60.335091 
36704.195312 657.181885 322.006439 159.018845 109.064095 
48923.250000 369.828979 243.490051 266.216461 66.161255 
47692.937500 330.920746 225.413895 191.307526 100.015244 
41450.906250 429.348816 295.554871 179.347641 92.610573 
37843.183594 528.007446 284.713409 194.718704 59.856056 
53624.238281 273.633148 238.222397 201.604889 68.783585 
36834.656250 590.033997 274.549286 241.751556 73.369415 
44351.277344 395.332062 263.282013 228.107422 71.811165 
56315.847656 275.792908 193.885742 141.069580 78.754791 
35278.453125 632.983643 387.115051 240.301361 69.400543 
37752.273438 557.509766 342.636200 282.778564 115.201996 
59305.953125 297.364014 235.809891 140.072754 48.877937 
39039.015625 296.260742 170.446182 153.591187 36.117081 
36350.621094 509.889130 460.647644 212.074402 60.264275 
50909.367188 213.309326 304.070526 127.177406 60.233006 
60756.554688 286.397949 233.230850 155.642319 53.937977 
67950.242188 172.458847 198.908539 151.863022 40.749504 
42670.460938 677.854492 492.448090 235.177643 80.946533 
53215.468750 326.685394 206.338699 129.713318 75.908783 
50404.839844 239.129059 240.271881 147.240845 54.912064 
47040.449219 350.025818 208.745468 169.962646 102.274078 
87873.976562 325.436676 224.828339 158.476700 60.244915 
64324.597656 208.377472 205.444412 144.157944 53.131203 
47364.710938 365.847992 305.707367 110.960724 37.314251 
63916.335938 245.040710 218.350266 154.230301 44.610722 
71135.226562 222.179169 223.415924 151.134644 54.328579 
38658.281250 705.102478 261.799866 213.178192 99.119530 
57695.878906 223.170822 218.552460 173.827713 27.515776 
40970.335938 779.074646 427.976379 229.565201 77.713882 
43357.070312 330.580322 214.840668 260.820709 52.576912 
45959.832031 561.926819 284.951385 173.715683 67.689529 
45248.203125 394.871887 216.876846 167.278015 53.532730 
39123.406250 649.564026 288.989227 194.546219 103.743034 
94688.992188 235.107422 210.631088 170.859573 59.737053 
44360.398438 301.790680 201.726212 210.488266 68.128792 
68079.460938 209.520386 223.821884 145.039200 39.012882 
59316.277344 245.005692 281.758820 160.326401 97.865990 
73429.585938 244.332947 179.826950 178.981247 66.457626 
67786.015625 272.260956 206.645096 160.131683 26.808243 
48773.093750 402.145660 211.060425 116.969086 61.050953 
39370.894531 349.563416 237.879623 239.967804 51.698109 
53375.105469 278.489960 340.500854 280.135834 62.309223 
66345.703125 356.068787 209.324768 153.644165 38.607445 
37915.402344 344.346649 240.723373 197.832611 100.092773 
49210.343750 422.355316 211.896347 176.445786 62.903519 
32896.183594 572.160217 324.534302 254.674759 83.961494 
69780.765625 268.713684 166.510300 178.158096 40.605850 
62334.460938 259.153137 187.554016 197.489151 58.822376 
57096.203125 239.129654 233.497574 284.544220 64.635834 
47607.828125 294.562225 303.505188 217.914169 47.276104 
50644.242188 215.499603 192.568604 128.370911 48.284683 
90770.390625 255.053757 195.274643 136.906830 46.116966 
71931.390625 326.615204 178.243439 169.570648 31.393316 
36897.117188 584.142700 287.718384 288.827667 56.432289 
87389.953125 275.213226 205.167343 177.752716 69.276184 
65380.085938 254.954407 291.897400 167.885300 35.555496 
44009.640625 411.894226 252.225739 128.746323 50.159042 
70302.078125 270.152527 221.096252 154.856674 41.503437 
52071.093750 268.507355 251.661911 256.407623 53.436756 
73790.914062 220.506760 184.018417 88.770653 76.256355 
42569.269531 269.880157 218.522095 160.715851 43.019936 
35498.414062 819.922302 273.759613 276.294983 61.191235 
42468.261719 321.816650 293.616455 161.116364 54.669296 
63533.718750 238.991898 204.262955 134.537048 42.390999 
50777.597656 244.119339 190.556992 170.153595 56.557709 
44083.199219 539.396851 282.033203 312.610931 90.572205 
52804.148438 354.507996 267.854034 213.199814 32.629532 
65445.539062 264.843262 186.103958 148.868637 47.978184 
35395.535156 491.879486 320.933716 181.430893 35.349297 
73325.843750 212.017715 259.014069 182.983734 64.672966 
82764.976562 216.584137 190.474518 118.325890 58.087147 
77532.351562 299.879791 211.585190 149.765610 28.080036 
106117.156250 240.254883 212.983612 143.429169 54.250542 
112965.179688 244.990555 167.574417 200.170166 54.935738 
76929.359375 260.423431 157.316254 170.521072 47.857750 
79608.945312 255.297211 179.450073 204.451447 59.335556 
52754.000000 250.782898 166.988342 160.361191 48.143627 
89851.289062 269.375732 220.471680 117.081718 61.671925 
56881.691406 446.422211 299.632324 171.325180 54.607342 
49026.105469 364.913116 305.577179 215.458511 52.651405 
66540.742188 296.176453 217.402023 196.771515 42.302746 
46313.375000 257.823914 238.682693 238.059753 81.475044 
60758.324219 342.784943 209.620270 174.150986 56.777931 
35746.156250 523.772278 338.742004 189.527374 66.861786 
46028.992188 373.096375 205.203262 134.122437 32.258369 
34102.996094 1035.561279 446.142426 232.348694 132.585114 
67683.195312 2078.949463 670.632935 643.999512 136.107498 
39700.148438 1415.108154 473.714111 302.902710 115.376602 
78438.781250 231.471848 252.332077 168.183426 54.124733 
51970.664062 1250.582153 475.382355 301.187256 67.930183 
40309.863281 993.557556 471.747833 231.687073 52.134159 
40219.507812 797.685486 396.980133 315.726227 123.971710 
41115.167969 699.481262 318.906372 199.015823 80.715553 
122309.648438 3795.572266 1419.381470 736.059082 247.359619 
317012.781250 447875.875000 62840.089844 729501.500000 4607.041504 
119966285824.000000 87334821888.000000 626267652096.000000 36885120417792.000000 263355727872.000000 
nan nan nan nan nan 
