Episode: 1: [[0. 0. 0. 0. 0.]
 [0. 0. 0. 0. 0.]
 [0. 0. 0. 0. 0.]
 [0. 0. 0. 0. 0.]
 [0. 0. 0. 0. 0.]] 
Episode: 2: [[-9.99999829e-05  1.00000005e-04  9.99999902e-05  9.99999975e-05
   9.99999975e-05]
 [-9.99999975e-05 -9.99998811e-05  9.99999902e-05  9.99999975e-05
   9.99999975e-05]
 [-9.99999975e-05 -9.99999975e-05 -9.99992481e-05  9.99999975e-05
   9.99999902e-05]
 [-9.99999975e-05 -9.99999975e-05 -9.99999975e-05 -9.99956974e-05
   9.99999829e-05]
 [-9.99999975e-05 -9.99999975e-05 -9.99999975e-05 -9.99999975e-05
  -9.99773692e-05]] 
Episode: 3: [[-0.00018345  0.00018578  0.00018658  0.00018684  0.00018693]
 [-0.00018488 -0.00018633  0.00018773  0.00018794  0.000188  ]
 [-0.00018519 -0.00018724 -0.0001871   0.0001881   0.00018813]
 [-0.0001853  -0.0001873  -0.00018794 -0.00018722  0.00018811]
 [-0.00018534 -0.00018731 -0.00018793 -0.00018807 -0.00018717]] 
Episode: 4: [[-0.00025165  0.00025239  0.00025383  0.0002543   0.00025446]
 [-0.00025079 -0.00025753  0.0002559   0.00025629  0.00025639]
 [-0.00025135 -0.00025503 -0.00025915  0.00025655  0.00025662]
 [-0.00025154 -0.00025513 -0.00025628 -0.0002594   0.00025659]
 [-0.00025162 -0.00025516 -0.00025627 -0.00025651 -0.00025931]] 
Episode: 5: [[-0.00030083  0.00031031  0.00032637  0.00033416  0.00033469]
 [-0.00030436 -0.00028604  0.00033601  0.00033356  0.00033185]
 [-0.00030538 -0.00031961 -0.00034181  0.00032953  0.0003278 ]
 [-0.00030602 -0.00032285 -0.00033535 -0.00032688  0.00032604]
 [-0.00030637 -0.00032432 -0.00033485 -0.00032708 -0.00032557]] 
Episode: 6: [[-0.00031689  0.00035816  0.00038627  0.00040085  0.00040274]
 [-0.00033598 -0.00029755  0.00039636  0.00038579  0.00038721]
 [-0.000338   -0.00036677 -0.00040444  0.00036441  0.00037576]
 [-0.00033369 -0.00034813 -0.00034634 -0.00038053  0.00040233]
 [-0.00033714 -0.00036429 -0.00037784 -0.00040195 -0.00038721]] 
Episode: 7: [[-0.00032632  0.00041476  0.00045614  0.00047483  0.0004786 ]
 [-0.0003601  -0.00027057  0.00041605  0.00038378  0.00039778]
 [-0.00036206 -0.00039351 -0.0003916   0.00033127  0.00036774]
 [-0.00035214 -0.00033008 -0.00030149 -0.00045027  0.00048161]
 [-0.00035865 -0.0003673  -0.00035613 -0.00048063 -0.00046046]] 
Episode: 8: [[-0.00033554  0.00048531  0.00053381  0.00055366  0.00055969]
 [-0.00037497 -0.00029671  0.00046829  0.00040239  0.00043077]
 [-0.00038389 -0.00044924 -0.00042248  0.00030431  0.00037415]
 [-0.00037233 -0.00035429 -0.0002822  -0.00052938  0.00056421]
 [-0.00038159 -0.00041035 -0.0003685  -0.00056372 -0.00054195]] 
Episode: 9: [[-0.00031473  0.00054491  0.00052856  0.00063011  0.00061106]
 [-0.00039008 -0.00034766  0.00052854  0.00041431  0.00048815]
 [-0.00042146 -0.000511   -0.00047283  0.00024939  0.00038145]
 [-0.00039523 -0.00039839 -0.00032755 -0.0004843   0.00053513]
 [-0.00039901 -0.0004286  -0.00041919 -0.00054594 -0.0004939 ]] 
Episode: 10: [[-0.00028688  0.00060741  0.00054585  0.0007078   0.00067532]
 [-0.00041034 -0.00039235  0.00055312  0.00037128  0.00046593]
 [-0.00044353 -0.00056957 -0.00051386  0.00018384  0.00033434]
 [-0.00038753 -0.00043881 -0.0003272  -0.00045376  0.00056241]
 [-0.00038783 -0.00045281 -0.00041439 -0.00058079 -0.00045607]] 
Episode: 11: [[-0.00025795  0.00067656  0.00056984  0.00078908  0.00074215]
 [-0.00042546 -0.00043206  0.00056711  0.0003193   0.00043635]
 [-0.0004572  -0.00062342 -0.00055018  0.00011405  0.00028334]
 [-0.00037088 -0.00045247 -0.00031598 -0.00042771  0.00059559]
 [-0.00036932 -0.00046495 -0.00039936 -0.00062382 -0.00042267]] 
Episode: 12: [[-2.1801314e-04  7.4444403e-04  5.9368944e-04  8.6390437e-04
   8.0351328e-04]
 [-4.3801969e-04 -4.6666697e-04  5.7954155e-04  2.7192530e-04
   4.0948950e-04]
 [-4.6798872e-04 -6.7175057e-04 -5.8241235e-04  5.0846083e-05
   2.3726175e-04]
 [-3.5392196e-04 -4.6238376e-04 -3.0535727e-04 -4.0473766e-04
   6.2574609e-04]
 [-3.5073786e-04 -4.7456194e-04 -3.8539930e-04 -6.6300418e-04
  -3.9283605e-04]] 
Episode: 13: [[-1.7149892e-04  8.1476010e-04  6.1922561e-04  9.3486300e-04
   8.6138956e-04]
 [-4.4840825e-04 -4.9692608e-04  5.9055822e-04  2.2818947e-04
   3.8484746e-04]
 [-4.7608832e-04 -7.1539020e-04 -6.1110355e-04 -6.9507737e-06
   1.9528778e-04]
 [-3.3650882e-04 -4.6823377e-04 -2.9502332e-04 -3.8456626e-04
   6.5348431e-04]
 [-3.3171434e-04 -4.8169694e-04 -3.7217335e-04 -6.9920311e-04
  -3.6611944e-04]] 
Episode: 14: [[-1.5715367e-04  8.8691944e-04  6.4662646e-04  1.0028348e-03
   9.1652642e-04]
 [-4.7282042e-04 -5.2428129e-04  6.0131727e-04  1.8944927e-04
   3.6319156e-04]
 [-4.9646175e-04 -7.5631175e-04 -6.3689146e-04 -5.9096958e-05
   1.5757709e-04]
 [-3.3285061e-04 -4.7689539e-04 -2.8567330e-04 -3.6672948e-04
   6.7877106e-04]
 [-3.2694440e-04 -4.9245957e-04 -3.6042236e-04 -7.3227461e-04
  -3.4211270e-04]] 
Episode: 15: [[-0.00014038  0.00096288  0.00067614  0.00106874  0.00096961]
 [-0.00050167 -0.00054845  0.00061112  0.0001536   0.00034332]
 [-0.0005177  -0.000794   -0.00066002 -0.00010708  0.00012307]
 [-0.00033042 -0.00048321 -0.00027656 -0.00035101  0.00070224]
 [-0.00032306 -0.00050241 -0.00034931 -0.00076313 -0.00032051]] 
Episode: 16: [[-1.6384968e-04  1.0380596e-03  7.0695509e-04  1.1323965e-03
   1.0206827e-03]
 [-5.4044771e-04 -5.7214353e-04  6.2125316e-04  1.2262426e-04
   3.2640097e-04]
 [-5.4964935e-04 -8.3014945e-04 -6.8140030e-04 -1.5016570e-04
   9.2303781e-05]
 [-3.4093772e-04 -4.9466034e-04 -2.6858764e-04 -3.3732320e-04
   7.2373351e-04]
 [-3.3276223e-04 -5.1800435e-04 -3.3986586e-04 -7.9145376e-04
  -3.0109510e-04]] 
Episode: 17: [[-1.9504507e-04  1.1115187e-03  7.3707243e-04  1.1922882e-03
   1.0685426e-03]
 [-5.8927236e-04 -5.9314020e-04  6.3049642e-04  9.4424191e-05
   3.1099794e-04]
 [-5.8984704e-04 -8.6319627e-04 -7.0060301e-04 -1.8942135e-04
   6.4265936e-05]
 [-3.6021828e-04 -5.0487556e-04 -2.6119515e-04 -3.2492264e-04
   7.4327667e-04]
 [-3.5131615e-04 -5.3217635e-04 -3.3110831e-04 -8.1722299e-04
  -2.8349261e-04]] 
Episode: 18: [[-2.4853225e-04  1.1834473e-03  7.6818129e-04  1.2504813e-03
   1.1149261e-03]
 [-6.4283423e-04 -6.1528204e-04  6.4042682e-04  7.0715920e-05
   2.9838929e-04]
 [-6.3670368e-04 -8.9561794e-04 -7.1887870e-04 -2.2456497e-04
   3.9475690e-05]
 [-3.8846192e-04 -5.2113505e-04 -2.5488634e-04 -3.1452934e-04
   7.6133898e-04]
 [-3.7938589e-04 -5.5299909e-04 -3.2400005e-04 -8.4111257e-04
  -2.6774532e-04]] 
Episode: 19: [[-2.9599346e-04  1.2574476e-03  7.9951406e-04  1.3064130e-03
   1.1591325e-03]
 [-6.9978420e-04 -6.3535210e-04  6.4924260e-04  4.8472935e-05
   2.8646243e-04]
 [-6.8330817e-04 -9.2521048e-04 -7.3540187e-04 -2.5697469e-04
   1.6517453e-05]
 [-4.1544868e-04 -5.3456216e-04 -2.4882183e-04 -3.0502331e-04
   7.7777205e-04]
 [-4.0643086e-04 -5.7066546e-04 -3.1704473e-04 -8.6287432e-04
  -2.5341765e-04]] 
Episode: 20: [[-3.4334796e-04  1.3303420e-03  8.2998700e-04  1.3593156e-03
   1.2007287e-03]
 [-7.6076720e-04 -6.5318664e-04  6.5701694e-04  2.7772581e-05
   2.7530195e-04]
 [-7.3310809e-04 -9.5194584e-04 -7.5026485e-04 -2.8675591e-04
  -4.6418122e-06]
 [-4.4606251e-04 -5.4514600e-04 -2.4304715e-04 -2.9630557e-04
   7.9272914e-04]
 [-4.3729556e-04 -5.8511749e-04 -3.1033441e-04 -8.8269496e-04
  -2.4036833e-04]] 
Episode: 21: [[-3.6059946e-04  1.4137080e-03  8.6601486e-04  1.4179007e-03
   1.2456625e-03]
 [-7.8893860e-04 -6.6840951e-04  6.6262309e-04  4.3986570e-06
   2.6233940e-04]
 [-7.4719585e-04 -9.7716844e-04 -7.6343433e-04 -3.1682922e-04
  -2.6385647e-05]
 [-4.4366816e-04 -5.4415350e-04 -2.3573771e-04 -2.8836864e-04
   8.0663397e-04]
 [-4.3463876e-04 -5.8989855e-04 -3.0147709e-04 -9.0128701e-04
  -2.2845616e-04]] 
Episode: 22: [[-3.7479360e-04  1.5051861e-03  9.0096879e-04  1.4811637e-03
   1.2926374e-03]
 [-8.1168133e-04 -6.8132143e-04  6.6225731e-04 -2.6975304e-05
   2.4446685e-04]
 [-7.5439923e-04 -1.0039076e-03 -7.7508809e-04 -3.5149584e-04
  -5.1807281e-05]
 [-4.3091943e-04 -5.1531062e-04 -2.2406004e-04 -2.8110281e-04
   8.2055328e-04]
 [-4.2267860e-04 -5.7204982e-04 -2.8686013e-04 -9.2044036e-04
  -2.1755436e-04]] 
Episode: 23: [[-3.9837952e-04  1.5891356e-03  9.3381619e-04  1.5398838e-03
   1.3363111e-03]
 [-8.3414518e-04 -6.9478207e-04  6.6262536e-04 -5.4663222e-05
   2.2884506e-04]
 [-7.6365832e-04 -1.0293435e-03 -7.8620645e-04 -3.8280751e-04
  -7.4620497e-05]
 [-4.2218567e-04 -4.9176515e-04 -2.1363521e-04 -2.7497901e-04
   8.3338103e-04]
 [-4.1486672e-04 -5.5918569e-04 -2.7397188e-04 -9.3811820e-04
  -2.0776139e-04]] 
Episode: 24: [[-4.1582529e-04  1.6806379e-03  9.6505292e-04  1.6000269e-03
   1.3798376e-03]
 [-8.4431138e-04 -7.0719171e-04  6.6648319e-04 -7.8860110e-05
   2.1546819e-04]
 [-7.6827925e-04 -1.0662244e-03 -7.9603068e-04 -4.1525171e-04
  -9.8079159e-05]
 [-4.0760235e-04 -4.7553601e-04 -2.0166971e-04 -2.6934271e-04
   8.4627734e-04]
 [-4.0188932e-04 -5.5913773e-04 -2.5936076e-04 -9.5639110e-04
  -1.9879015e-04]] 
Episode: 25: [[-4.3332507e-04  1.7598805e-03  9.8952977e-04  1.6520104e-03
   1.4172038e-03]
 [-8.4296276e-04 -7.1966765e-04  6.7225273e-04 -9.6171549e-05
   2.0661046e-04]
 [-7.7399856e-04 -1.1061536e-03 -8.0502353e-04 -4.4361904e-04
  -1.1767823e-04]
 [-3.9864902e-04 -4.7668064e-04 -1.9130851e-04 -2.6464366e-04
   8.5928902e-04]
 [-3.9639301e-04 -5.7850324e-04 -2.4749679e-04 -9.7512983e-04
  -1.9071998e-04]] 
Episode: 26: [[-0.00045957  0.0018327   0.00101289  0.00170059  0.00145223]
 [-0.00084369 -0.00073247  0.00067826 -0.00011097  0.00019926]
 [-0.00078244 -0.00114366 -0.00081363 -0.00046919 -0.00013517]
 [-0.00039391 -0.00048047 -0.00018209 -0.00026079  0.00087132]
 [-0.00039504 -0.00059939 -0.00023713 -0.00099247 -0.00018348]] 
Episode: 27: [[-0.00048496  0.00189666  0.0010312   0.00174291  0.00148242]
 [-0.00083431 -0.00074549  0.00068619 -0.00011925  0.00019609]
 [-0.0007922  -0.00118487 -0.00082152 -0.00049116 -0.0001493 ]
 [-0.00039458 -0.0005002  -0.00017426 -0.00025773  0.00088345]
 [-0.00040054 -0.00063698 -0.00022911 -0.00101025 -0.00017699]] 
Episode: 28: [[-0.00049977  0.00197292  0.00104789  0.00179056  0.00151486]
 [-0.00081546 -0.00075685  0.00069276 -0.00013098  0.00019067]
 [-0.00079195 -0.00123038 -0.00082841 -0.00051666 -0.00016641]
 [-0.00038252 -0.00050884 -0.00016396 -0.00025493  0.00089518]
 [-0.0003933  -0.00066542 -0.0002175  -0.0010278  -0.00017101]] 
Episode: 29: [[-0.00050756  0.00205825  0.00106129  0.0018416   0.00154811]
 [-0.00078755 -0.00076677  0.0007029  -0.00013993  0.00018668]
 [-0.00078803 -0.00128583 -0.00083439 -0.00054584 -0.00018626]
 [-0.00036268 -0.00051437 -0.00015141 -0.00025228  0.00090706]
 [-0.00037862 -0.00069343 -0.00020289 -0.00104612 -0.00016548]] 
Episode: 30: [[-0.00050939  0.00214161  0.00107445  0.00189111  0.00157996]
 [-0.00074674 -0.00077717  0.00071417 -0.00014448  0.0001855 ]
 [-0.00077812 -0.00134339 -0.00083982 -0.00057234 -0.00020365]
 [-0.00034132 -0.00053213 -0.00013977 -0.00025026  0.00091905]
 [-0.00036369 -0.00073417 -0.00018982 -0.00106487 -0.00016051]] 
Episode: 31: [[-0.0005253   0.00221876  0.00108792  0.00193824  0.00161056]
 [-0.00070853 -0.00078669  0.00072533 -0.00014664  0.00018584]
 [-0.00077574 -0.00139772 -0.00084456 -0.00059602 -0.00021881]
 [-0.00033032 -0.00055231 -0.0001293  -0.00024875  0.00093045]
 [-0.00035995 -0.00077598 -0.00017829 -0.00108274 -0.00015605]] 
Episode: 32: [[-0.00053067  0.00229707  0.00110309  0.00198566  0.00164117]
 [-0.00066149 -0.00079607  0.00073631 -0.00014805  0.00018649]
 [-0.00076177 -0.00145199 -0.00084875 -0.00061851 -0.00023316]
 [-0.00031    -0.00057638 -0.00011911 -0.0002475   0.00094135]
 [-0.0003469  -0.00082136 -0.00016701 -0.00110002 -0.00015198]] 
Episode: 33: [[-0.00054049  0.00236881  0.00111741  0.00202934  0.00166942]
 [-0.00061964 -0.00080517  0.00074646 -0.00014916  0.00018721]
 [-0.00075014 -0.00150165 -0.00085271 -0.00063897 -0.00024619]
 [-0.00029248 -0.00059877 -0.00010986 -0.00024649  0.00095131]
 [-0.00033604 -0.00086324 -0.00015681 -0.0011158  -0.0001483 ]] 
Episode: 34: [[-0.0005638   0.00243558  0.00113267  0.0020712   0.00169684]
 [-0.00058431 -0.00081535  0.00075667 -0.00014901  0.00018872]
 [-0.00074342 -0.00154826 -0.00085674 -0.00065728 -0.00025762]
 [-0.0002804  -0.00062239 -0.00010169 -0.00024611  0.0009606 ]
 [-0.00033026 -0.00090504 -0.00014805 -0.00113052 -0.00014509]] 
Episode: 35: [[-5.8029278e-04  2.5038114e-03  1.1503025e-03  2.1144883e-03
   1.7253541e-03]
 [-5.5768969e-04 -8.2580425e-04  7.6792552e-04 -1.4883754e-04
   1.9043076e-04]
 [-7.3464052e-04 -1.5950281e-03 -8.6069742e-04 -6.7502557e-04
  -2.6856040e-04]
 [-2.6387427e-04 -6.4876449e-04 -9.4136863e-05 -2.4611963e-04
   9.6957188e-04]
 [-3.1837443e-04 -9.4937976e-04 -1.4036542e-04 -1.1447944e-03
  -1.4222704e-04]] 
Episode: 36: [[-5.8005156e-04  2.5851266e-03  1.1668549e-03  2.1664044e-03
   1.7582293e-03]
 [-5.1403290e-04 -8.4052497e-04  7.7877636e-04 -1.5167425e-04
   1.9073798e-04]
 [-7.0258509e-04 -1.6585207e-03 -8.6433790e-04 -6.9905957e-04
  -2.8346333e-04]
 [-2.2581742e-04 -6.9373980e-04 -8.4352519e-05 -2.4672816e-04
   9.7982038e-04]
 [-2.8271653e-04 -1.0125929e-03 -1.3026626e-04 -1.1616577e-03
  -1.3966669e-04]] 
Episode: 37: [[-5.95813326e-04  2.66187335e-03  1.18511089e-03  2.21700710e-03
   1.79074914e-03]
 [-4.84236225e-04 -8.54999118e-04  7.89722893e-04 -1.53055866e-04
   1.91867104e-04]
 [-6.83844846e-04 -1.71799469e-03 -8.67717783e-04 -7.20829994e-04
  -2.96809449e-04]
 [-2.00203707e-04 -7.37813825e-04 -7.55178626e-05 -2.47625227e-04
   9.89361666e-04]
 [-2.59329012e-04 -1.07355474e-03 -1.21322075e-04 -1.17734913e-03
  -1.37401279e-04]] 
Episode: 38: [[-6.1433401e-04  2.7346509e-03  1.2023973e-03  2.2651113e-03
   1.8216725e-03]
 [-4.7133406e-04 -8.6871092e-04  8.0000510e-04 -1.5479368e-04
   1.9270460e-04]
 [-6.7729648e-04 -1.7733292e-03 -8.7105803e-04 -7.4141746e-04
  -3.0944915e-04]
 [-1.8344553e-04 -7.7801413e-04 -6.7261230e-05 -2.4859855e-04
   9.9828397e-04]
 [-2.4420040e-04 -1.1296793e-03 -1.1304893e-04 -1.1920334e-03
  -1.3536893e-04]] 
Episode: 39: [[-6.5780652e-04  2.8049950e-03  1.2236020e-03  2.3144321e-03
   1.8542554e-03]
 [-4.7204766e-04 -8.8509533e-04  8.1151532e-04 -1.5381453e-04
   1.9531802e-04]
 [-6.8536092e-04 -1.8268208e-03 -8.7481749e-04 -7.5967988e-04
  -3.2024216e-04]
 [-1.8115960e-04 -8.2109246e-04 -6.0111939e-05 -2.5056320e-04
   1.0068618e-03]
 [-2.4360599e-04 -1.1877830e-03 -1.0636996e-04 -1.2061242e-03
  -1.3377146e-04]] 
Episode: 40: [[-6.9357100e-04  2.8766133e-03  1.2462613e-03  2.3644054e-03
   1.8873942e-03]
 [-4.7538659e-04 -9.0077496e-04  8.2446268e-04 -1.5292184e-04
   1.9814998e-04]
 [-6.8863470e-04 -1.8820758e-03 -8.7833678e-04 -7.7816966e-04
  -3.3097595e-04]
 [-1.7367784e-04 -8.6640404e-04 -5.3114178e-05 -2.5276135e-04
   1.0156474e-03]
 [-2.3584256e-04 -1.2489230e-03 -1.0050528e-04 -1.2204992e-03
  -1.3238663e-04]] 
Episode: 41: [[-7.4600882e-04  2.9443423e-03  1.2705349e-03  2.4134370e-03
   1.9204445e-03]
 [-4.8513242e-04 -9.1890671e-04  8.3765236e-04 -1.5043165e-04
   2.0196266e-04]
 [-6.9924793e-04 -1.9342829e-03 -8.8243885e-04 -7.9461333e-04
  -3.4020338e-04]
 [-1.7403347e-04 -9.1186393e-04 -4.7061127e-05 -2.5579630e-04
   1.0239435e-03]
 [-2.3606852e-04 -1.3091377e-03 -9.5844567e-05 -1.2340531e-03
  -1.3138411e-04]] 
Episode: 42: [[-8.0783217e-04  3.0090266e-03  1.2962517e-03  2.4619817e-03
   1.9535820e-03]
 [-5.0368172e-04 -9.3723024e-04  8.5112109e-04 -1.4643936e-04
   2.0664655e-04]
 [-7.1973389e-04 -1.9841238e-03 -8.8633894e-04 -8.0936460e-04
  -3.4824398e-04]
 [-1.8413190e-04 -9.5770531e-04 -4.1694988e-05 -2.5906577e-04
   1.0317749e-03]
 [-2.4612859e-04 -1.3687406e-03 -9.1999849e-05 -1.2468406e-03
  -1.3057554e-04]] 
Episode: 43: [[-8.6486922e-04  3.0717149e-03  1.3194599e-03  2.5084277e-03
   1.9850740e-03]
 [-5.3386763e-04 -9.5495238e-04  8.6433999e-04 -1.4304400e-04
   2.1099861e-04]
 [-7.4761960e-04 -2.0327626e-03 -8.9038856e-04 -8.2387711e-04
  -3.5608941e-04]
 [-1.9832047e-04 -1.0020997e-03 -3.6759830e-05 -2.6230776e-04
   1.0394214e-03]
 [-2.5948026e-04 -1.4269563e-03 -8.8865243e-05 -1.2593425e-03
  -1.2990063e-04]] 
Episode: 44: [[-9.3623908e-04  3.1323638e-03  1.3452590e-03  2.5556150e-03
   2.0176652e-03]
 [-5.7162339e-04 -9.7469671e-04  8.7836909e-04 -1.3750262e-04
   2.1672469e-04]
 [-7.8497018e-04 -2.0800550e-03 -8.9466438e-04 -8.3662278e-04
  -3.6254406e-04]
 [-2.2258080e-04 -1.0487440e-03 -3.2605356e-05 -2.6626192e-04
   1.0468228e-03]
 [-2.8319639e-04 -1.4866755e-03 -8.6804495e-05 -1.2714268e-03
  -1.2951555e-04]] 
Episode: 45: [[-1.0122124e-03  3.1887819e-03  1.3705377e-03  2.6002889e-03
   2.0487418e-03]
 [-6.0902734e-04 -9.9512271e-04  8.9182385e-04 -1.3163095e-04
   2.2255002e-04]
 [-8.2243787e-04 -2.1240131e-03 -8.9916587e-04 -8.4801362e-04
  -3.6813261e-04]
 [-2.4798373e-04 -1.0932814e-03 -2.8997132e-05 -2.7050290e-04
   1.0537057e-03]
 [-3.0816623e-04 -1.5432910e-03 -8.5288557e-05 -1.2826549e-03
  -1.2932743e-04]] 
Episode: 46: [[-1.0894659e-03  3.2424366e-03  1.3957721e-03  2.6434085e-03
   2.0788789e-03]
 [-6.5074844e-04 -1.0140004e-03  9.0477691e-04 -1.2559490e-04
   2.2832068e-04]
 [-8.6445647e-04 -2.1653068e-03 -9.0310059e-04 -8.5846701e-04
  -3.7324143e-04]
 [-2.7789865e-04 -1.1357581e-03 -2.5633104e-05 -2.7447628e-04
   1.0600787e-03]
 [-3.3763031e-04 -1.5969083e-03 -8.3868144e-05 -1.2930523e-03
  -1.2916054e-04]] 
Episode: 47: [[-1.1610393e-03  3.2931480e-03  1.4184315e-03  2.6836949e-03
   2.1068836e-03]
 [-6.9752883e-04 -1.0314838e-03  9.1683317e-04 -1.2021803e-04
   2.3354597e-04]
 [-9.0993161e-04 -2.2041081e-03 -9.0693083e-04 -8.6848554e-04
  -3.7822558e-04]
 [-3.1000411e-04 -1.1750193e-03 -2.2414742e-05 -2.7815977e-04
   1.0660244e-03]
 [-3.6898276e-04 -1.6467141e-03 -8.2478393e-05 -1.3027523e-03
  -1.2902640e-04]] 
Episode: 48: [[-1.2135066e-03  3.3354061e-03  1.4403086e-03  2.7313605e-03
   2.1396102e-03]
 [-7.3349068e-04 -1.0446967e-03  9.3222852e-04 -1.0815673e-04
   2.4231224e-04]
 [-9.4016478e-04 -2.2360927e-03 -9.1011258e-04 -8.8526501e-04
  -3.8880671e-04]
 [-3.2281617e-04 -1.1988521e-03 -1.7918617e-05 -2.8148817e-04
   1.0726098e-03]
 [-3.8071690e-04 -1.6814847e-03 -7.8240650e-05 -1.3129979e-03
  -1.2883532e-04]] 
Episode: 49: [[-1.2507652e-03  3.3828816e-03  1.4625314e-03  2.7908557e-03
   2.1790387e-03]
 [-7.5873424e-04 -1.0630945e-03  9.4836269e-04 -9.7993034e-05
   2.5022877e-04]
 [-9.5176487e-04 -2.2844844e-03 -9.1284257e-04 -9.1268180e-04
  -4.0642754e-04]
 [-3.1494669e-04 -1.2413411e-03 -1.0547173e-05 -2.8546969e-04
   1.0811582e-03]
 [-3.7111688e-04 -1.7359257e-03 -7.0184033e-05 -1.3277923e-03
  -1.2867867e-04]] 
Episode: 50: [[-1.2895548e-03  3.4276154e-03  1.4835381e-03  2.8461565e-03
   2.2157382e-03]
 [-7.8926334e-04 -1.0792895e-03  9.6313551e-04 -8.8832094e-05
   2.5734905e-04]
 [-9.6923951e-04 -2.3289474e-03 -9.1513683e-04 -9.3791052e-04
  -4.2273264e-04]
 [-3.1306015e-04 -1.2799620e-03 -3.6323083e-06 -2.8899944e-04
   1.0889272e-03]
 [-3.6746601e-04 -1.7854295e-03 -6.2554020e-05 -1.3412425e-03
  -1.2849813e-04]] 
Episode: 51: [[-1.3317324e-03  3.4700742e-03  1.5038195e-03  2.8979904e-03
   2.2502583e-03]
 [-8.2461070e-04 -1.0937310e-03  9.7682676e-04 -8.0324462e-05
   2.6393204e-04]
 [-9.9250791e-04 -2.3700832e-03 -9.1702910e-04 -9.6107204e-04
  -4.3774082e-04]
 [-3.1729959e-04 -1.3156529e-03  2.8336383e-06 -2.9221390e-04
   1.0960425e-03]
 [-3.7000730e-04 -1.8310918e-03 -5.5388198e-05 -1.3535606e-03
  -1.2831521e-04]] 
Episode: 52: [[-1.3606672e-03  3.5231852e-03  1.5260748e-03  2.9525647e-03
   2.2861145e-03]
 [-8.4856531e-04 -1.1124361e-03  9.9290931e-04 -7.1358256e-05
   2.7069138e-04]
 [-9.9736510e-04 -2.4215535e-03 -9.1898983e-04 -9.8453159e-04
  -4.5284384e-04]
 [-3.0556208e-04 -1.3655893e-03  9.1214288e-06 -2.9556328e-04
   1.1031044e-03]
 [-3.5658339e-04 -1.8906809e-03 -4.8751484e-05 -1.3660098e-03
  -1.2818187e-04]] 
Episode: 53: [[-1.3788444e-03  3.5802287e-03  1.5461283e-03  3.0076425e-03
   2.3214789e-03]
 [-8.5961795e-04 -1.1326643e-03  1.0081496e-03 -6.2154686e-05
   2.7719990e-04]
 [-9.9006761e-04 -2.4775786e-03 -9.2089950e-04 -1.0088128e-03
  -4.6838479e-04]
 [-2.8285009e-04 -1.4200399e-03  1.5622411e-05 -2.9889125e-04
   1.1103402e-03]
 [-3.3344023e-04 -1.9547930e-03 -4.1711839e-05 -1.3791182e-03
  -1.2805576e-04]] 
Episode: 54: [[-1.3873186e-03  3.6304549e-03  1.5644672e-03  3.0671910e-03
   2.3586554e-03]
 [-8.6280704e-04 -1.1506667e-03  1.0221412e-03 -4.5043969e-05
   2.8696709e-04]
 [-9.7948103e-04 -2.5275585e-03 -9.2239084e-04 -1.0396130e-03
  -4.8717659e-04]
 [-2.5165797e-04 -1.4662782e-03  2.4671008e-05 -3.0271776e-04
   1.1213491e-03]
 [-3.0473431e-04 -2.0105222e-03 -3.2387594e-05 -1.3990998e-03
  -1.2798294e-04]] 
Episode: 55: [[-1.3878418e-03  3.6711805e-03  1.5791622e-03  3.1231025e-03
   2.3908610e-03]
 [-8.3218736e-04 -1.1620882e-03  1.0430341e-03 -3.1362765e-06
   3.0834888e-04]
 [-9.7115204e-04 -2.5580737e-03 -9.2402857e-04 -1.0698618e-03
  -5.0121808e-04]
 [-2.2298502e-04 -1.4865970e-03  3.2742984e-05 -3.0752204e-04
   1.1399336e-03]
 [-2.8451465e-04 -2.0414244e-03 -2.7245993e-05 -1.4330205e-03
  -1.2808564e-04]] 
Episode: 56: [[-1.3866182e-03  3.6919429e-03  1.5925253e-03  3.1752372e-03
   2.4208897e-03]
 [-7.8987808e-04 -1.1637660e-03  1.0671059e-03  4.5695931e-05
   3.3432085e-04]
 [-9.6683984e-04 -2.5681574e-03 -9.2548400e-04 -1.0974745e-03
  -5.1227858e-04]
 [-2.0046266e-04 -1.4795987e-03  3.9797531e-05 -3.1266420e-04
   1.1600291e-03]
 [-2.7292353e-04 -2.0461963e-03 -2.3671300e-05 -1.4700993e-03
  -1.2826973e-04]] 
Episode: 57: [[-1.3847481e-03  3.7068566e-03  1.6031520e-03  3.2219375e-03
   2.4475413e-03]
 [-7.4397464e-04 -1.1643262e-03  1.0876895e-03  9.1799586e-05
   3.5881720e-04]
 [-9.6392806e-04 -2.5769181e-03 -9.2658482e-04 -1.1224052e-03
  -5.2197516e-04]
 [-1.8230976e-04 -1.4730287e-03  4.6576712e-05 -3.1747582e-04
   1.1788604e-03]
 [-2.6638908e-04 -2.0514515e-03 -1.9590174e-05 -1.5050898e-03
  -1.2843589e-04]] 
Episode: 58: [[-1.3803579e-03  3.7116583e-03  1.6110499e-03  3.2636409e-03
   2.4711322e-03]
 [-6.9488987e-04 -1.1604269e-03  1.1060167e-03  1.3730601e-04
   3.8307198e-04]
 [-9.6214237e-04 -2.5758960e-03 -9.2759996e-04 -1.1452144e-03
  -5.3014758e-04]
 [-1.6603163e-04 -1.4542275e-03  5.2706262e-05 -3.2227830e-04
   1.1974043e-03]
 [-2.6267048e-04 -2.0442787e-03 -1.5968420e-05 -1.5398059e-03
  -1.2863609e-04]] 
Episode: 59: [[-1.3907801e-03  3.7173291e-03  1.6204201e-03  3.3037360e-03
   2.4944544e-03]
 [-6.5345550e-04 -1.1606474e-03  1.1238498e-03  1.8002339e-04
   4.0620234e-04]
 [-9.6517330e-04 -2.5765381e-03 -9.2932809e-04 -1.1655452e-03
  -5.3704990e-04]
 [-1.5574547e-04 -1.4404212e-03  5.7971258e-05 -3.2757840e-04
   1.2145079e-03]
 [-2.6389226e-04 -2.0413129e-03 -1.3301398e-05 -1.5717364e-03
  -1.2904574e-04]] 
Episode: 60: [[-1.3934729e-03  3.7222144e-03  1.6293764e-03  3.3512714e-03
   2.5224818e-03]
 [-6.1657745e-04 -1.1603077e-03  1.1414647e-03  2.2430618e-04
   4.2987117e-04]
 [-9.5846853e-04 -2.5787104e-03 -9.3085412e-04 -1.1924150e-03
  -5.4922700e-04]
 [-1.3227692e-04 -1.4266019e-03  6.3660475e-05 -3.3289625e-04
   1.2323430e-03]
 [-2.5171874e-04 -2.0380456e-03 -9.7335960e-06 -1.6043258e-03
  -1.2941203e-04]] 
Episode: 61: [[-1.3977834e-03  3.7282084e-03  1.6375073e-03  3.3954156e-03
   2.5485063e-03]
 [-5.8971700e-04 -1.1592590e-03  1.1573707e-03  2.6426706e-04
   4.5116612e-04]
 [-9.5898675e-04 -2.5810562e-03 -9.3214761e-04 -1.2172257e-03
  -5.6065468e-04]
 [-1.1565964e-04 -1.4135791e-03  6.9056689e-05 -3.3758167e-04
   1.2485258e-03]
 [-2.4515393e-04 -2.0346195e-03 -6.1599144e-06 -1.6338972e-03
  -1.2970164e-04]] 
Episode: 62: [[-1.4126867e-03  3.7352878e-03  1.6469117e-03  3.4377833e-03
   2.5739926e-03]
 [-5.6975364e-04 -1.1605504e-03  1.1728531e-03  3.0178559e-04
   4.7143843e-04]
 [-9.6545368e-04 -2.5848204e-03 -9.3361508e-04 -1.2395220e-03
  -5.7069451e-04]
 [-1.0597645e-04 -1.4047783e-03  7.3799507e-05 -3.4238686e-04
   1.2634328e-03]
 [-2.4466094e-04 -2.0347724e-03 -3.2826438e-06 -1.6610848e-03
  -1.3008100e-04]] 
Episode: 63: [[-1.4408763e-03  3.7432425e-03  1.6577163e-03  3.4782512e-03
   2.5988433e-03]
 [-5.5480486e-04 -1.1651599e-03  1.1877266e-03  3.3669357e-04
   4.9052271e-04]
 [-9.7520754e-04 -2.5892567e-03 -9.3570544e-04 -1.2595633e-03
  -5.7952414e-04]
 [-1.0068630e-04 -1.3987843e-03  7.7937097e-05 -3.4758082e-04
   1.2771212e-03]
 [-2.4774266e-04 -2.0370721e-03 -1.0315352e-06 -1.6860036e-03
  -1.3062230e-04]] 
Episode: 64: [[-1.47978787e-03  3.75216478e-03  1.66996673e-03  3.51747521e-03
   2.62349076e-03]
 [-5.45214280e-04 -1.17273338e-03  1.20243197e-03  3.69763526e-04
   5.08931407e-04]
 [-9.89518245e-04 -2.59498251e-03 -9.38209821e-04 -1.27743883e-03
  -5.87079849e-04]
 [-1.00919075e-04 -1.39665941e-03  8.14555679e-05 -3.53180076e-04
   1.28982542e-03]
 [-2.55687541e-04 -2.04279111e-03  4.75588195e-07 -1.70905818e-03
  -1.31311535e-04]] 
Episode: 65: [[-1.5058705e-03  3.7688774e-03  1.6814672e-03  3.5635298e-03
   2.6528062e-03]
 [-5.2633852e-04 -1.1829355e-03  1.2141351e-03  3.9927280e-04
   5.2497676e-04]
 [-9.9259499e-04 -2.6121442e-03 -9.4014365e-04 -1.3006675e-03
  -5.9906283e-04]
 [-9.4548835e-05 -1.4018227e-03  8.7612745e-05 -3.5875177e-04
   1.3039854e-03]
 [-2.5354591e-04 -2.0576685e-03  4.7598005e-06 -1.7329247e-03
  -1.3197378e-04]] 
Episode: 66: [[-1.5122790e-03  3.7844577e-03  1.6900243e-03  3.6119488e-03
   2.6854591e-03]
 [-4.9584924e-04 -1.1868845e-03  1.2334540e-03  4.4152973e-04
   5.4810772e-04]
 [-9.8006544e-04 -2.6183992e-03 -9.4221532e-04 -1.3225046e-03
  -6.1327266e-04]
 [-7.6187906e-05 -1.3841322e-03  9.2695431e-05 -3.6275716e-04
   1.3178564e-03]
 [-2.3672573e-04 -2.0500147e-03  8.5438414e-06 -1.7519953e-03
  -1.3246671e-04]] 
Episode: 67: [[-1.5076547e-03  3.8130051e-03  1.6956133e-03  3.6610216e-03
   2.7176039e-03]
 [-4.5715540e-04 -1.1920435e-03  1.2485477e-03  4.7490228e-04
   5.6603411e-04]
 [-9.5528713e-04 -2.6346105e-03 -9.4428670e-04 -1.3473125e-03
  -6.2939461e-04]
 [-4.9862832e-05 -1.3713245e-03  9.9359146e-05 -3.6672471e-04
   1.3321413e-03]
 [-2.0869478e-04 -2.0497332e-03  1.3275435e-05 -1.7715476e-03
  -1.3297331e-04]] 
Episode: 68: [[-1.50388572e-03  3.84139782e-03  1.69966347e-03  3.70673207e-03
   2.74732057e-03]
 [-4.28679545e-04 -1.19708909e-03  1.26237830e-03  5.05040516e-04
   5.82292792e-04]
 [-9.38770187e-04 -2.65055406e-03 -9.46547312e-04 -1.37039192e-03
  -6.44324638e-04]
 [-2.97395200e-05 -1.35970663e-03  1.05333704e-04 -3.70376016e-04
   1.34523783e-03]
 [-1.86671445e-04 -2.04985728e-03  1.73469380e-05 -1.78949675e-03
  -1.33453272e-04]] 
Episode: 69: [[-1.50315952e-03  3.87059106e-03  1.70355872e-03  3.75073869e-03
   2.77569471e-03]
 [-4.08573775e-04 -1.20247516e-03  1.27586746e-03  5.33501734e-04
   5.97768871e-04]
 [-9.31695104e-04 -2.66783498e-03 -9.48771485e-04 -1.39208813e-03
  -6.58207457e-04]
 [-1.75695568e-05 -1.35075673e-03  1.10948524e-04 -3.73881077e-04
   1.35746668e-03]
 [-1.72732689e-04 -2.05217022e-03  2.11751576e-05 -1.80650223e-03
  -1.33907102e-04]] 
Episode: 70: [[-1.5152534e-03  3.8982236e-03  1.7092429e-03  3.7928415e-03
   2.8033238e-03]
 [-3.9280325e-04 -1.2120821e-03  1.2894204e-03  5.6087109e-04
   6.1304722e-04]
 [-9.2922349e-04 -2.6852244e-03 -9.5184153e-04 -1.4113137e-03
  -6.7019719e-04]
 [-1.0479147e-05 -1.3462126e-03  1.1567878e-04 -3.7822433e-04
   1.3688490e-03]
 [-1.6412108e-04 -2.0581302e-03  2.3917759e-05 -1.8223774e-03
  -1.3460148e-04]] 
Episode: 71: [[-1.5303594e-03  3.9243619e-03  1.7137113e-03  3.8321954e-03
   2.8289526e-03]
 [-3.8212084e-04 -1.2210456e-03  1.3010510e-03  5.8637129e-04
   6.2715990e-04]
 [-9.3419291e-04 -2.7028639e-03 -9.5447188e-04 -1.4290640e-03
  -6.8125810e-04]
 [-1.0080834e-05 -1.3440785e-03  1.2029091e-04 -3.8228874e-04
   1.3793849e-03]
 [-1.6269222e-04 -2.0659575e-03  2.6951873e-05 -1.8372806e-03
  -1.3522521e-04]] 
Episode: 72: [[-1.5628039e-03  3.9497879e-03  1.7213016e-03  3.8718805e-03
   2.8556369e-03]
 [-3.7618476e-04 -1.2370738e-03  1.3142837e-03  6.1289186e-04
   6.4262853e-04]
 [-9.4602909e-04 -2.7226468e-03 -9.5837523e-04 -1.4441708e-03
  -6.8998634e-04]
 [-1.7364728e-05 -1.3500148e-03  1.2374522e-04 -3.8795840e-04
   1.3895878e-03]
 [-1.6930123e-04 -2.0815616e-03  2.8218881e-05 -1.8518140e-03
  -1.3625760e-04]] 
Episode: 73: [[-1.5971260e-03  3.9744526e-03  1.7282555e-03  3.9094109e-03
   2.8807868e-03]
 [-3.7581674e-04 -1.2514207e-03  1.3262519e-03  6.3751527e-04
   6.5695791e-04]
 [-9.6400286e-04 -2.7421475e-03 -9.6158934e-04 -1.4581677e-03
  -6.9810165e-04]
 [-2.9982923e-05 -1.3570171e-03  1.2719622e-04 -3.9312665e-04
   1.3990157e-03]
 [-1.8140831e-04 -2.0976108e-03  2.9809693e-05 -1.8653400e-03
  -1.3716174e-04]] 
Episode: 74: [[-1.6482462e-03  3.9984896e-03  1.7383194e-03  3.9482908e-03
   2.9077043e-03]
 [-3.7925452e-04 -1.2733819e-03  1.3405606e-03  6.6459656e-04
   6.7360542e-04]
 [-9.8971161e-04 -2.7652902e-03 -9.6586300e-04 -1.4695057e-03
  -7.0370932e-04]
 [-5.1554205e-05 -1.3744776e-03  1.2944310e-04 -4.0003081e-04
   1.4084589e-03]
 [-2.0295338e-04 -2.1241268e-03  2.9426985e-05 -1.8790378e-03
  -1.3848305e-04]] 
Episode: 75: [[-1.6947973e-03  4.0224539e-03  1.7459438e-03  3.9842278e-03
   2.9321746e-03]
 [-3.8994156e-04 -1.2919601e-03  1.3528724e-03  6.8836706e-04
   6.8809558e-04]
 [-1.0204657e-03 -2.7865293e-03 -9.6974970e-04 -1.4806672e-03
  -7.0953817e-04]
 [-7.5959120e-05 -1.3884028e-03  1.3189299e-04 -4.0598257e-04
   1.4170103e-03]
 [-2.2723450e-04 -2.1463570e-03  2.9755563e-05 -1.8914858e-03
  -1.3960300e-04]] 
Episode: 76: [[-1.7405724e-03  4.0343627e-03  1.7460935e-03  4.0061586e-03
   2.9462480e-03]
 [-3.6466308e-04 -1.3022439e-03  1.3574824e-03  7.2872022e-04
   7.0751127e-04]
 [-1.0582065e-03 -2.7860268e-03 -9.7336952e-04 -1.4868821e-03
  -7.0661254e-04]
 [-1.0983397e-04 -1.3791959e-03  1.3157456e-04 -4.1307628e-04
   1.4341795e-03]
 [-2.6894591e-04 -2.1485700e-03  2.5869589e-05 -1.9233143e-03
  -1.4081689e-04]] 
Episode: 77: [[-1.7883534e-03  4.0361290e-03  1.7398855e-03  4.0167514e-03
   2.9521724e-03]
 [-3.2456015e-04 -1.3067923e-03  1.3538389e-03  7.7474589e-04
   7.2738650e-04]
 [-1.1060192e-03 -2.7707408e-03 -9.7683643e-04 -1.4909880e-03
  -6.9908990e-04]
 [-1.5228335e-04 -1.3538140e-03  1.2958457e-04 -4.2104660e-04
   1.4561765e-03]
 [-3.2407930e-04 -2.1364489e-03  2.0089230e-05 -1.9664522e-03
  -1.4209957e-04]] 
Episode: 78: [[-1.8374296e-03  4.0407418e-03  1.7345659e-03  4.0281569e-03
   2.9586277e-03]
 [-2.9700692e-04 -1.3104681e-03  1.3504811e-03  8.1617333e-04
   7.4516708e-04]
 [-1.1585630e-03 -2.7577793e-03 -9.7993587e-04 -1.4953869e-03
  -6.9281977e-04]
 [-1.9754811e-04 -1.3305417e-03  1.2813178e-04 -4.2819639e-04
   1.4761670e-03]
 [-3.8041256e-04 -2.1253484e-03  1.5343785e-05 -2.0056590e-03
  -1.4322173e-04]] 
Episode: 79: [[-1.8819694e-03  4.0523270e-03  1.7325180e-03  4.0434552e-03
   2.9674785e-03]
 [-2.7681395e-04 -1.3171777e-03  1.3514133e-03  8.5503969e-04
   7.6251529e-04]
 [-1.2066024e-03 -2.7523967e-03 -9.8326418e-04 -1.5007078e-03
  -6.8764755e-04]
 [-2.3681705e-04 -1.3155092e-03  1.2628610e-04 -4.3508576e-04
   1.4945671e-03]
 [-4.3000284e-04 -2.1219000e-03  1.0137093e-05 -2.0419105e-03
  -1.4428697e-04]] 
Episode: 80: [[-1.9160648e-03  4.0739435e-03  1.7351303e-03  4.0657595e-03
   2.9804707e-03]
 [-2.6397820e-04 -1.3288964e-03  1.3605854e-03  8.9244707e-04
   7.8055350e-04]
 [-1.2424862e-03 -2.7597959e-03 -9.8735758e-04 -1.5083340e-03
  -6.8414037e-04]
 [-2.6197126e-04 -1.3149207e-03  1.2387132e-04 -4.4198611e-04
   1.5118513e-03]
 [-4.6355132e-04 -2.1322859e-03  3.0430028e-06 -2.0755725e-03
  -1.4536369e-04]] 
Episode: 81: [[-1.9154840e-03  4.0976233e-03  1.7421232e-03  4.1173333e-03
   3.0103477e-03]
 [-2.5388109e-04 -1.3373949e-03  1.3843894e-03  9.3419489e-04
   8.0410508e-04]
 [-1.2390561e-03 -2.7731797e-03 -9.9155342e-04 -1.5355856e-03
  -6.9449260e-04]
 [-2.4122985e-04 -1.3080679e-03  1.2437291e-04 -4.4884669e-04
   1.5284540e-03]
 [-4.4963989e-04 -2.1332065e-03 -2.3864827e-06 -2.1049359e-03
  -1.4624260e-04]] 
Episode: 82: [[-1.9221272e-03  4.1198046e-03  1.7495514e-03  4.1649239e-03
   3.0382073e-03]
 [-2.4604893e-04 -1.3470269e-03  1.4063155e-03  9.7238197e-04
   8.2574890e-04]
 [-1.2375149e-03 -2.7857390e-03 -9.9579035e-04 -1.5601857e-03
  -7.0374302e-04]
 [-2.2381535e-04 -1.3026778e-03  1.2474974e-04 -4.5553083e-04
   1.5435673e-03]
 [-4.3836021e-04 -2.1349385e-03 -7.4723930e-06 -2.1316446e-03
  -1.4714683e-04]] 
Episode: 83: [[-1.9237727e-03  4.1476404e-03  1.7591992e-03  4.2140442e-03
   3.0671884e-03]
 [-2.4136956e-04 -1.3590129e-03  1.4317468e-03  1.0091284e-03
   8.4742618e-04]
 [-1.2312060e-03 -2.8044248e-03 -1.0002740e-03 -1.5846898e-03
  -7.1281684e-04]
 [-2.0130184e-04 -1.3036646e-03  1.2414616e-04 -4.6222020e-04
   1.5579767e-03]
 [-4.2196742e-04 -2.1435567e-03 -1.3712654e-05 -2.1575438e-03
  -1.4803135e-04]] 
Episode: 84: [[-1.9260938e-03  4.1755140e-03  1.7676410e-03  4.2594504e-03
   3.0938571e-03]
 [-2.4486211e-04 -1.3683493e-03  1.4546062e-03  1.0415938e-03
   8.6649746e-04]
 [-1.2320137e-03 -2.8214951e-03 -1.0044044e-03 -1.6076817e-03
  -7.2171300e-04]
 [-1.8474646e-04 -1.3027822e-03  1.2394425e-04 -4.6799186e-04
   1.5709909e-03]
 [-4.1048790e-04 -2.1495603e-03 -1.8882203e-05 -2.1809218e-03
  -1.4876685e-04]] 
Episode: 85: [[-1.9217795e-03  4.2044036e-03  1.7777693e-03  4.3078451e-03
   3.1222049e-03]
 [-2.4608654e-04 -1.3773635e-03  1.4812121e-03  1.0747748e-03
   8.8640593e-04]
 [-1.2239398e-03 -2.8406286e-03 -1.0084658e-03 -1.6320291e-03
  -7.3126837e-04]
 [-1.6056276e-04 -1.3023473e-03  1.2365558e-04 -4.7403330e-04
   1.5841876e-03]
 [-3.9137469e-04 -2.1560052e-03 -2.4617691e-05 -2.2049665e-03
  -1.4948317e-04]] 
Episode: 86: [[-1.9072936e-03  4.2317943e-03  1.7866710e-03  4.3757809e-03
   3.1605444e-03]
 [-2.5291910e-04 -1.3836435e-03  1.5140263e-03  1.1173172e-03
   9.0979977e-04]
 [-1.2074835e-03 -2.8619042e-03 -1.0130075e-03 -1.6787542e-03
  -7.5503404e-04]
 [-1.1690426e-04 -1.2913774e-03  1.2251952e-04 -4.8158964e-04
   1.6006230e-03]
 [-3.5439795e-04 -2.1529465e-03 -3.2933949e-05 -2.2360513e-03
  -1.5009263e-04]] 
Episode: 87: [[-1.8930304e-03  4.2619645e-03  1.7962620e-03  4.4407630e-03
   3.1974826e-03]
 [-2.6327884e-04 -1.3911267e-03  1.5466704e-03  1.1572969e-03
   9.3224784e-04]
 [-1.1943163e-03 -2.8855952e-03 -1.0177131e-03 -1.7223086e-03
  -7.7704142e-04]
 [-7.7280412e-05 -1.2842207e-03  1.2131530e-04 -4.8876530e-04
   1.6159954e-03]
 [-3.2068815e-04 -2.1536322e-03 -4.1081614e-05 -2.2651062e-03
  -1.5069092e-04]] 
Episode: 88: [[-1.9013555e-03  4.2918492e-03  1.8088353e-03  4.5031682e-03
   3.2342505e-03]
 [-2.7764263e-04 -1.4054530e-03  1.5781617e-03  1.1958693e-03
   9.5451460e-04]
 [-1.1893818e-03 -2.9096894e-03 -1.0235435e-03 -1.7610745e-03
  -7.9604273e-04]
 [-4.7827536e-05 -1.2830946e-03  1.1967462e-04 -4.9716706e-04
   1.6303969e-03]
 [-2.9649542e-04 -2.1601496e-03 -4.9585728e-05 -2.2921450e-03
  -1.5166380e-04]] 
Episode: 89: [[-1.9099552e-03  4.3217898e-03  1.8218905e-03  4.5643193e-03
   3.2701935e-03]
 [-2.8746473e-04 -1.4207602e-03  1.6095524e-03  1.2346993e-03
   9.7684911e-04]
 [-1.1846325e-03 -2.9374911e-03 -1.0290326e-03 -1.7980017e-03
  -8.1386510e-04]
 [-2.1391654e-05 -1.2878453e-03  1.1837065e-04 -5.0561270e-04
   1.6446091e-03]
 [-2.7601767e-04 -2.1733087e-03 -5.7005720e-05 -2.3196628e-03
  -1.5259800e-04]] 
Episode: 90: [[-1.9159010e-03  4.3451884e-03  1.8348038e-03  4.6214685e-03
   3.3037204e-03]
 [-2.8258181e-04 -1.4335136e-03  1.6375538e-03  1.2745558e-03
   9.9897466e-04]
 [-1.1734950e-03 -2.9603422e-03 -1.0337390e-03 -1.8315620e-03
  -8.2957122e-04]
 [ 5.3130948e-06 -1.2900976e-03  1.1778883e-04 -5.1418622e-04
   1.6590955e-03]
 [-2.5756739e-04 -2.1851554e-03 -6.1867984e-05 -2.3492442e-03
  -1.5348123e-04]] 
Episode: 91: [[-1.9134418e-03  4.3638637e-03  1.8464549e-03  4.6772673e-03
   3.3366228e-03]
 [-2.6220517e-04 -1.4407686e-03  1.6631417e-03  1.3191899e-03
   1.0228615e-03]
 [-1.1487951e-03 -2.9732899e-03 -1.0377866e-03 -1.8630069e-03
  -8.4368471e-04]
 [ 3.9335191e-05 -1.2799217e-03  1.1753252e-04 -5.2292342e-04
   1.6752804e-03]
 [-2.3348951e-04 -2.1850185e-03 -6.5915228e-05 -2.3820184e-03
  -1.5433146e-04]] 
Episode: 92: [[-1.9120345e-03  4.3840683e-03  1.8576819e-03  4.7303480e-03
   3.3679800e-03]
 [-2.4564765e-04 -1.4487698e-03  1.6886308e-03  1.3615375e-03
   1.0459619e-03]
 [-1.1297570e-03 -2.9895981e-03 -1.0415803e-03 -1.8922973e-03
  -8.5674500e-04]
 [ 6.7116234e-05 -1.2745303e-03  1.1777740e-04 -5.3114584e-04
   1.6905814e-03]
 [-2.1435131e-04 -2.1896926e-03 -6.9492962e-05 -2.4126803e-03
  -1.5513849e-04]] 
Episode: 93: [[-1.9120876e-03  4.4050235e-03  1.8701961e-03  4.7818352e-03
   3.3986578e-03]
 [-2.3157912e-04 -1.4573763e-03  1.7157905e-03  1.4029032e-03
   1.0690865e-03]
 [-1.1146421e-03 -3.0086224e-03 -1.0451585e-03 -1.9196845e-03
  -8.6870248e-04]
 [ 8.9783920e-05 -1.2735751e-03  1.1811825e-04 -5.3909159e-04
   1.7051636e-03]
 [-1.9888993e-04 -2.1986736e-03 -7.3391930e-05 -2.4417632e-03
  -1.5592437e-04]] 
Episode: 94: [[-1.9088263e-03  4.4265138e-03  1.8846963e-03  4.8332121e-03
   3.4300149e-03]
 [-2.1320366e-04 -1.4638200e-03  1.7451738e-03  1.4460827e-03
   1.0935003e-03]
 [-1.0940237e-03 -3.0253453e-03 -1.0484215e-03 -1.9459549e-03
  -8.8037818e-04]
 [ 1.1401112e-04 -1.2681102e-03  1.1846473e-04 -5.4668181e-04
   1.7193540e-03]
 [-1.7968944e-04 -2.2024261e-03 -7.8126039e-05 -2.4690358e-03
  -1.5666716e-04]] 
Episode: 95: [[-1.9134067e-03  4.4497317e-03  1.8966900e-03  4.8823175e-03
   3.4596967e-03]
 [-2.0519304e-04 -1.4716369e-03  1.7719754e-03  1.4861571e-03
   1.1161517e-03]
 [-1.0872673e-03 -3.0449007e-03 -1.0515656e-03 -1.9706967e-03
  -8.9144037e-04]
 [ 1.2717374e-04 -1.2671929e-03  1.1911998e-04 -5.5396545e-04
   1.7326564e-03]
 [-1.7095119e-04 -2.2109458e-03 -8.2012331e-05 -2.4947610e-03
  -1.5736510e-04]] 
Episode: 96: [[-1.9163075e-03  4.4740899e-03  1.9098570e-03  4.9345288e-03
   3.4915374e-03]
 [-1.8968296e-04 -1.4781794e-03  1.8017942e-03  1.5319737e-03
   1.1420127e-03]
 [-1.0823859e-03 -3.0647127e-03 -1.0549617e-03 -1.9961728e-03
  -9.0285577e-04]
 [ 1.3527890e-04 -1.2626157e-03  1.1973321e-04 -5.6155480e-04
   1.7464894e-03]
 [-1.6424715e-04 -2.2165021e-03 -8.7794891e-05 -2.5210835e-03
  -1.5807220e-04]] 
Episode: 97: [[-1.9199741e-03  4.4967476e-03  1.9245379e-03  4.9847183e-03
   3.5222911e-03]
 [-1.6973000e-04 -1.4846183e-03  1.8313950e-03  1.5770426e-03
   1.1668995e-03]
 [-1.0744417e-03 -3.0831634e-03 -1.0580409e-03 -2.0201388e-03
  -9.1317575e-04]
 [ 1.4242006e-04 -1.2580897e-03  1.2091139e-04 -5.6952320e-04
   1.7608380e-03]
 [-1.6052625e-04 -2.2229562e-03 -9.1427246e-05 -2.5503230e-03
  -1.5878493e-04]] 
Episode: 98: [[-1.9216057e-03  4.5176134e-03  1.9414228e-03  5.0333953e-03
   3.5527425e-03]
 [-1.4131684e-04 -1.4897301e-03  1.8604215e-03  1.6241841e-03
   1.1922484e-03]
 [-1.0593329e-03 -3.0976823e-03 -1.0607262e-03 -2.0417627e-03
  -9.2202862e-04]
 [ 1.5089997e-04 -1.2504474e-03  1.2294520e-04 -5.7776930e-04
   1.7761273e-03]
 [-1.5687641e-04 -2.2268100e-03 -9.3351809e-05 -2.5821056e-03
  -1.5951700e-04]] 
Episode: 99: [[-1.9222390e-03  4.5367363e-03  1.9595399e-03  5.0801565e-03
   3.5823877e-03]
 [-1.1147020e-04 -1.4942867e-03  1.8902877e-03  1.6699139e-03
   1.2165409e-03]
 [-1.0403412e-03 -3.1101590e-03 -1.0631830e-03 -2.0631710e-03
  -9.2997937e-04]
 [ 1.6141326e-04 -1.2412884e-03  1.2487698e-04 -5.8657059e-04
   1.7930605e-03]
 [-1.5443111e-04 -2.2309446e-03 -9.3934854e-05 -2.6191368e-03
  -1.6027305e-04]] 
Episode: 100: [[-1.9267397e-03  4.5578377e-03  1.9745929e-03  5.1244027e-03
   3.6101467e-03]
 [-9.4102026e-05 -1.4986831e-03  1.9174232e-03  1.7109209e-03
   1.2384373e-03]
 [-1.0335499e-03 -3.1236343e-03 -1.0660129e-03 -2.0839085e-03
  -9.3793403e-04]
 [ 1.6480836e-04 -1.2325917e-03  1.2661603e-04 -5.9465319e-04
   1.8086215e-03]
 [-1.5805775e-04 -2.2348089e-03 -9.4580697e-05 -2.6530907e-03
  -1.6096822e-04]] 
Episode: 101: [[-1.9386983e-03  4.5803050e-03  1.9907642e-03  5.1674936e-03
   3.6377164e-03]
 [-8.4870029e-05 -1.5039511e-03  1.9430824e-03  1.7490829e-03
   1.2590612e-03]
 [-1.0353170e-03 -3.1381350e-03 -1.0683438e-03 -2.1029795e-03
  -9.4523863e-04]
 [ 1.6178063e-04 -1.2274155e-03  1.2841822e-04 -6.0248410e-04
   1.8230295e-03]
 [-1.6728583e-04 -2.2414469e-03 -9.5034404e-05 -2.6843450e-03
  -1.6163372e-04]] 
Episode: 102: [[-1.9598610e-03  4.6039480e-03  2.0080456e-03  5.2098702e-03
   3.6654070e-03]
 [-8.2853468e-05 -1.5113988e-03  1.9676411e-03  1.7852768e-03
   1.2789805e-03]
 [-1.0452293e-03 -3.1541607e-03 -1.0704387e-03 -2.1202511e-03
  -9.5162843e-04]
 [ 1.5220331e-04 -1.2269696e-03  1.3010451e-04 -6.1048049e-04
   1.8365195e-03]
 [-1.8237275e-04 -2.2523114e-03 -9.5633382e-05 -2.7133678e-03
  -1.6235789e-04]] 
Episode: 103: [[-1.9805611e-03  4.6294834e-03  2.0228929e-03  5.2501396e-03
   3.6914402e-03]
 [-9.0466674e-05 -1.5173713e-03  1.9899816e-03  1.8174078e-03
   1.2967574e-03]
 [-1.0640416e-03 -3.1705145e-03 -1.0727742e-03 -2.1374070e-03
  -9.5835183e-04]
 [ 1.3790310e-04 -1.2252068e-03  1.3189102e-04 -6.1764295e-04
   1.8489544e-03]
 [-2.0135166e-04 -2.2612500e-03 -9.5921874e-05 -2.7400129e-03
  -1.6298257e-04]] 
Episode: 104: [[-1.9990308e-03  4.6521472e-03  2.0384144e-03  5.2862740e-03
   3.7151531e-03]
 [-9.3259951e-05 -1.5230688e-03  2.0102898e-03  1.8467453e-03
   1.3126604e-03]
 [-1.0760652e-03 -3.1851041e-03 -1.0746184e-03 -2.1522406e-03
  -9.6447463e-04]
 [ 1.2677383e-04 -1.2248987e-03  1.3458468e-04 -6.2419934e-04
   1.8602732e-03]
 [-2.1741699e-04 -2.2707100e-03 -9.4147588e-05 -2.7645384e-03
  -1.6354259e-04]] 
Episode: 105: [[-2.01035687e-03  4.67744982e-03  2.05674535e-03  5.32978773e-03
   3.74422013e-03]
 [-9.70943292e-05 -1.52717915e-03  2.04026094e-03  1.88248034e-03
   1.33276440e-03]
 [-1.08547939e-03 -3.20038013e-03 -1.07762706e-03 -2.17355555e-03
  -9.74094088e-04]
 [ 1.18661985e-04 -1.21689320e-03  1.35830865e-04 -6.31612667e-04
   1.87502010e-03]
 [-2.25260344e-04 -2.27412954e-03 -9.88869215e-05 -2.79187621e-03
  -1.64187848e-04]] 
Episode: 106: [[-0.00202578  0.00470271  0.00207441  0.00537099  0.00377184]
 [-0.00010537 -0.0015309   0.00206775  0.00191522  0.00135122]
 [-0.00109989 -0.0032158  -0.00107995 -0.00219328 -0.00098308]
 [ 0.00010693 -0.00121102  0.00013731 -0.00063855  0.0018886 ]
 [-0.00023668 -0.00227899 -0.00010278 -0.00281702 -0.00016475]] 
Episode: 107: [[-2.0428051e-03  4.7284211e-03  2.0890988e-03  5.4107225e-03
   3.7980450e-03]
 [-1.2002440e-04 -1.5371651e-03  2.0946199e-03  1.9456312e-03
   1.3690434e-03]
 [-1.1197019e-03 -3.2337292e-03 -1.0827127e-03 -2.2129845e-03
  -9.9122908e-04]
 [ 9.3263137e-05 -1.2086865e-03  1.3659149e-04 -6.4545294e-04
   1.9015097e-03]
 [-2.5093029e-04 -2.2879830e-03 -1.0860295e-04 -2.8422563e-03
  -1.6532651e-04]] 
Episode: 108: [[-2.0578129e-03  4.7540977e-03  2.1008940e-03  5.4472787e-03
   3.8216778e-03]
 [-1.3985566e-04 -1.5408255e-03  2.1183253e-03  1.9720055e-03
   1.3843483e-03]
 [-1.1443051e-03 -3.2505572e-03 -1.0853354e-03 -2.2321804e-03
  -9.9966745e-04]
 [ 7.7538440e-05 -1.2040557e-03  1.3642196e-04 -6.5125286e-04
   1.9131845e-03]
 [-2.6698213e-04 -2.2937218e-03 -1.1312784e-04 -2.8651177e-03
  -1.6573910e-04]] 
Episode: 109: [[-2.0727909e-03  4.7788187e-03  2.1106848e-03  5.4808818e-03
   3.8431354e-03]
 [-1.6151120e-04 -1.5434683e-03  2.1392033e-03  1.9953800e-03
   1.3977932e-03]
 [-1.1707257e-03 -3.2663983e-03 -1.0877199e-03 -2.2502507e-03
  -1.0078105e-03]
 [ 6.0839749e-05 -1.1990069e-03  1.3657649e-04 -6.5646291e-04
   1.9238523e-03]
 [-2.8400510e-04 -2.2983879e-03 -1.1674644e-04 -2.8860685e-03
  -1.6607723e-04]] 
Episode: 110: [[-2.0926995e-03  4.8023895e-03  2.1208576e-03  5.5128005e-03
   3.8638175e-03]
 [-1.8313005e-04 -1.5475723e-03  2.1586046e-03  2.0175178e-03
   1.4106513e-03]
 [-1.1977993e-03 -3.2821076e-03 -1.0897921e-03 -2.2663726e-03
  -1.0148879e-03]
 [ 4.2627642e-05 -1.1970294e-03  1.3670056e-04 -6.6175708e-04
   1.9337473e-03]
 [-3.0253603e-04 -2.3055617e-03 -1.2016691e-04 -2.9054435e-03
  -1.6646400e-04]] 
Episode: 111: [[-2.1106021e-03  4.8212097e-03  2.1271880e-03  5.5372012e-03
   3.8799315e-03]
 [-1.9181715e-04 -1.5501553e-03  2.1686789e-03  2.0385983e-03
   1.4205910e-03]
 [-1.2188186e-03 -3.2909173e-03 -1.0914411e-03 -2.2763931e-03
  -1.0177104e-03]
 [ 2.4736642e-05 -1.1924667e-03  1.3583376e-04 -6.6772575e-04
   1.9467438e-03]
 [-3.2600365e-04 -2.3122218e-03 -1.2173895e-04 -2.9340379e-03
  -1.6689055e-04]] 
Episode: 112: [[-2.1351392e-03  4.8396257e-03  2.1340442e-03  5.5614198e-03
   3.8961819e-03]
 [-2.0238158e-04 -1.5552316e-03  2.1786666e-03  2.0595775e-03
   1.4309085e-03]
 [-1.2428729e-03 -3.3013772e-03 -1.0927839e-03 -2.2849715e-03
  -1.0196688e-03]
 [ 3.4032380e-06 -1.1931178e-03  1.3497041e-04 -6.7399925e-04
   1.9589306e-03]
 [-3.5244727e-04 -2.3236456e-03 -1.2348214e-04 -2.9606465e-03
  -1.6740113e-04]] 
Episode: 113: [[-2.1689809e-03  4.8582852e-03  2.1422659e-03  5.5862963e-03
   3.9133155e-03]
 [-2.1575572e-04 -1.5641241e-03  2.1890718e-03  2.0810268e-03
   1.4420414e-03]
 [-1.2710741e-03 -3.3139037e-03 -1.0941562e-03 -2.2920500e-03
  -1.0205912e-03]
 [-2.2394033e-05 -1.1997293e-03  1.3392800e-04 -6.8091828e-04
   1.9704902e-03]
 [-3.8289276e-04 -2.3407224e-03 -1.2572597e-04 -2.9856088e-03
  -1.6807001e-04]] 
Episode: 114: [[-2.2176877e-03  4.8772553e-03  2.1525268e-03  5.6126695e-03
   3.9321440e-03]
 [-2.3195981e-04 -1.5799727e-03  2.2005234e-03  2.1040407e-03
   1.4548276e-03]
 [-1.3040310e-03 -3.3290728e-03 -1.0963315e-03 -2.2971365e-03
  -1.0198924e-03]
 [-5.3804437e-05 -1.2142134e-03  1.3223935e-04 -6.8920135e-04
   1.9816367e-03]
 [-4.1853907e-04 -2.3655186e-03 -1.2923031e-04 -3.0093063e-03
  -1.6908179e-04]] 
Episode: 115: [[-2.2656301e-03  4.8988289e-03  2.1603673e-03  5.6390418e-03
   3.9499947e-03]
 [-2.4874671e-04 -1.5975822e-03  2.2115810e-03  2.1262986e-03
   1.4672078e-03]
 [-1.3378622e-03 -3.3488688e-03 -1.0987623e-03 -2.3029095e-03
  -1.0195741e-03]
 [-8.5535510e-05 -1.2329138e-03  1.3041389e-04 -6.9727650e-04
   1.9922669e-03]
 [-4.5394336e-04 -2.3951209e-03 -1.3293671e-04 -3.0321965e-03
  -1.7004920e-04]] 
Episode: 116: [[-0.00229955  0.00491784  0.00216657  0.005667    0.00396927]
 [-0.00025333 -0.00160907  0.00222414  0.00215439  0.00148259]
 [-0.00135895 -0.0033622  -0.00110138 -0.00230963 -0.00102081]
 [-0.00010562 -0.00123767  0.00012848 -0.00070468  0.00200335]
 [-0.00047677 -0.00240981 -0.00013753 -0.00305265 -0.00017095]] 
Episode: 117: [[-0.00232162  0.00493426  0.00216988  0.0056986   0.00399064]
 [-0.00024497 -0.00161358  0.00224058  0.00219221  0.00150261]
 [-0.00136997 -0.00336831 -0.00110433 -0.00231878 -0.00102424]
 [-0.00011603 -0.00122696  0.00012416 -0.00071167  0.00201512]
 [-0.00048889 -0.00240824 -0.00014531 -0.00307181 -0.00017176]] 
Episode: 118: [[-0.00234685  0.00495059  0.00217331  0.00572837  0.00401077]
 [-0.00024079 -0.00161831  0.00225573  0.00222688  0.00152103]
 [-0.00138422 -0.00337506 -0.00110687 -0.00232721 -0.00102741]
 [-0.00012884 -0.00121866  0.00012037 -0.00071828  0.00202593]
 [-0.00050319 -0.0024085  -0.00015226 -0.00308945 -0.00017252]] 
Episode: 119: [[-0.00237194  0.00496749  0.00217634  0.00575629  0.00402954]
 [-0.00024178 -0.00162244  0.00226954  0.00225801  0.0015376 ]
 [-0.00140194 -0.00338212 -0.00110945 -0.00233549 -0.00103067]
 [-0.00014319 -0.0012108   0.00011709 -0.00072426  0.00203582]
 [-0.0005187  -0.0024086  -0.00015841 -0.00310557 -0.0001732 ]] 
Episode: 120: [[-0.00238979  0.00499134  0.0021744   0.00580684  0.00405728]
 [-0.0002433  -0.00162881  0.00229702  0.00229189  0.00155325]
 [-0.00141232 -0.00340069 -0.00111534 -0.00236981 -0.00104681]
 [-0.00014555 -0.00119944  0.0001021  -0.00073575  0.00205339]
 [-0.00052139 -0.00241193 -0.00017925 -0.00314278 -0.00017394]] 
Episode: 121: [[-2.4049396e-03  5.0193076e-03  2.1748922e-03  5.8615571e-03
   4.0872521e-03]
 [-2.4121271e-04 -1.6372314e-03  2.3294927e-03  2.3285265e-03
   1.5714001e-03]
 [-1.4182740e-03 -3.4254834e-03 -1.1217867e-03 -2.4058959e-03
  -1.0631260e-03]
 [-1.4437409e-04 -1.1929661e-03  8.6919346e-05 -7.4794772e-04
   2.0714125e-03]
 [-5.1937980e-04 -2.4202645e-03 -2.0191738e-04 -3.1808172e-03
  -1.7474830e-04]] 
Episode: 122: [[-2.4048355e-03  5.0476897e-03  2.1735881e-03  5.9276270e-03
   4.1232659e-03]
 [-2.3406898e-04 -1.6412926e-03  2.3646827e-03  2.3768884e-03
   1.5940047e-03]
 [-1.4108083e-03 -3.4492554e-03 -1.1288541e-03 -2.4514222e-03
  -1.0860221e-03]
 [-1.2519387e-04 -1.1727856e-03  6.8958361e-05 -7.6155836e-04
   2.0930737e-03]
 [-4.9968553e-04 -2.4159048e-03 -2.2980433e-04 -3.2219121e-03
  -1.7554454e-04]] 
Episode: 123: [[-2.3837804e-03  5.0721187e-03  2.1729011e-03  6.0026771e-03
   4.1662562e-03]
 [-2.1510338e-04 -1.6380182e-03  2.4045473e-03  2.4382984e-03
   1.6254120e-03]
 [-1.3835183e-03 -3.4630420e-03 -1.1359961e-03 -2.5002041e-03
  -1.1112583e-03]
 [-8.5396707e-05 -1.1339044e-03  5.1081577e-05 -7.7655213e-04
   2.1210101e-03]
 [-4.6176784e-04 -2.3930178e-03 -2.5963862e-04 -3.2671534e-03
  -1.7649888e-04]] 
Episode: 124: [[-2.3535811e-03  5.0939429e-03  2.1694405e-03  6.0802517e-03
   4.2094607e-03]
 [-1.8981002e-04 -1.6306224e-03  2.4397639e-03  2.5119190e-03
   1.6595444e-03]
 [-1.3432608e-03 -3.4690814e-03 -1.1422304e-03 -2.5388580e-03
  -1.1318038e-03]
 [-3.8542203e-05 -1.0873047e-03  3.4581419e-05 -7.9290598e-04
   2.1527109e-03]
 [-4.1925488e-04 -2.3639712e-03 -2.8838275e-04 -3.3179035e-03
  -1.7751411e-04]] 
Episode: 125: [[-2.3239893e-03  5.1075071e-03  2.1628810e-03  6.1475551e-03
   4.2454945e-03]
 [-1.5614968e-04 -1.6227432e-03  2.4671333e-03  2.5789985e-03
   1.6890635e-03]
 [-1.2999438e-03 -3.4720467e-03 -1.1459214e-03 -2.5722736e-03
  -1.1501710e-03]
 [ 5.5658452e-06 -1.0467849e-03  2.1228368e-05 -8.0754247e-04
   2.1812061e-03]
 [-3.8057094e-04 -2.3402155e-03 -3.1097719e-04 -3.3646813e-03
  -1.7825374e-04]] 
Episode: 126: [[-2.2979858e-03  5.1203361e-03  2.1608681e-03  6.1991913e-03
   4.2749140e-03]
 [-1.2346420e-04 -1.6154300e-03  2.4891356e-03  2.6348096e-03
   1.7135051e-03]
 [-1.2603219e-03 -3.4700893e-03 -1.1481666e-03 -2.5901145e-03
  -1.1603789e-03]
 [ 4.0346829e-05 -1.0091773e-03  1.2290055e-05 -8.2020374e-04
   2.2081202e-03]
 [-3.5326436e-04 -2.3188351e-03 -3.2530967e-04 -3.4099200e-03
  -1.7897018e-04]] 
Episode: 127: [[-2.2803799e-03  5.1324894e-03  2.1631303e-03  6.2326700e-03
   4.2963116e-03]
 [-9.2097776e-05 -1.6098174e-03  2.5052675e-03  2.6734557e-03
   1.7303482e-03]
 [-1.2274926e-03 -3.4667728e-03 -1.1491505e-03 -2.5910633e-03
  -1.1627591e-03]
 [ 6.1431689e-05 -9.8022295e-04  7.7290215e-06 -8.2939502e-04
   2.2310095e-03]
 [-3.4073964e-04 -2.3048811e-03 -3.3057673e-04 -3.4499068e-03
  -1.7948476e-04]] 
Episode: 128: [[-2.2753363e-03  5.1448643e-03  2.1671511e-03  6.2644952e-03
   4.3171779e-03]
 [-6.6052889e-05 -1.6086180e-03  2.5205549e-03  2.7092001e-03
   1.7462714e-03]
 [-1.2005972e-03 -3.4646969e-03 -1.1509873e-03 -2.5916754e-03
  -1.1645731e-03]
 [ 7.7967990e-05 -9.5585751e-04  3.3783674e-06 -8.3861424e-04
   2.2518472e-03]
 [-3.3186964e-04 -2.2942431e-03 -3.3576938e-04 -3.4862680e-03
  -1.8016693e-04]] 
Episode: 129: [[-2.2640168e-03  5.1404559e-03  2.1684868e-03  6.2841489e-03
   4.3290486e-03]
 [-7.3144170e-06 -1.6009106e-03  2.5151197e-03  2.7435331e-03
   1.7538578e-03]
 [-1.1529740e-03 -3.4382467e-03 -1.1495539e-03 -2.5814720e-03
  -1.1641317e-03]
 [ 9.7237673e-05 -9.2161167e-04  6.2015774e-06 -8.4680726e-04
   2.2695053e-03]
 [-3.2740191e-04 -2.2727768e-03 -3.2384644e-04 -3.5245670e-03
  -1.8047122e-04]] 
Episode: 130: [[-2.25101947e-03  5.13368333e-03  2.16864911e-03  6.30049454e-03
   4.33851220e-03]
 [ 5.42443267e-05 -1.59233331e-03  2.50658859e-03  2.77535478e-03
   1.75946183e-03]
 [-1.10163388e-03 -3.40912119e-03 -1.14765042e-03 -2.57058977e-03
  -1.16327463e-03]
 [ 1.18344346e-04 -8.87337024e-04  9.48313482e-06 -8.54740210e-04
   2.28607329e-03]
 [-3.23078566e-04 -2.25136476e-03 -3.09582625e-04 -3.56352981e-03
  -1.80692557e-04]] 
Episode: 131: [[-2.25099153e-03  5.12904162e-03  2.17098114e-03  6.31701993e-03
   4.34877304e-03]
 [ 1.07590815e-04 -1.58922968e-03  2.49970541e-03  2.80510471e-03
   1.76537386e-03]
 [-1.05816103e-03 -3.38386279e-03 -1.14710256e-03 -2.56043812e-03
  -1.16206950e-03]
 [ 1.34652670e-04 -8.58546467e-04  1.21528810e-05 -8.63024092e-04
   2.30123149e-03]
 [-3.21869506e-04 -2.23440980e-03 -2.97240680e-04 -3.59901413e-03
  -1.81155032e-04]] 
Episode: 132: [[-2.2494949e-03  5.1287389e-03  2.1713348e-03  6.3331439e-03
   4.3582697e-03]
 [ 1.4782144e-04 -1.5849526e-03  2.4934313e-03  2.8309901e-03
   1.7703208e-03]
 [-1.0272186e-03 -3.3628875e-03 -1.1472333e-03 -2.5531072e-03
  -1.1620036e-03]
 [ 1.4545322e-04 -8.3020591e-04  1.4940528e-05 -8.7033317e-04
   2.3153056e-03]
 [-3.2455855e-04 -2.2174995e-03 -2.8573867e-04 -3.6317213e-03
  -1.8153622e-04]] 
Episode: 133: [[-2.2491266e-03  5.1307934e-03  2.1724892e-03  6.3487664e-03
   4.3675257e-03]
 [ 1.8026349e-04 -1.5790742e-03  2.4877687e-03  2.8538164e-03
   1.7743933e-03]
 [-1.0033505e-03 -3.3446287e-03 -1.1466746e-03 -2.5473821e-03
  -1.1626608e-03]
 [ 1.5288655e-04 -8.0353930e-04  1.8081468e-05 -8.7688328e-04
   2.3281986e-03]
 [-3.2927378e-04 -2.2014717e-03 -2.7456856e-04 -3.6615804e-03
  -1.8178418e-04]] 
Episode: 134: [[-2.2470430e-03  5.1405756e-03  2.1707232e-03  6.3651605e-03
   4.3771090e-03]
 [ 2.0641311e-04 -1.5736300e-03  2.4825223e-03  2.8719611e-03
   1.7774906e-03]
 [-9.8525465e-04 -3.3322875e-03 -1.1476342e-03 -2.5457486e-03
  -1.1645315e-03]
 [ 1.5877315e-04 -7.7431550e-04  2.0618119e-05 -8.8333723e-04
   2.3414677e-03]
 [-3.3339323e-04 -2.1840441e-03 -2.6570630e-04 -3.6906416e-03
  -1.8217484e-04]] 
Episode: 135: [[-2.2356273e-03  5.1593082e-03  2.1598828e-03  6.3802348e-03
   4.3852003e-03]
 [ 2.3617547e-04 -1.5693411e-03  2.4763162e-03  2.8896309e-03
   1.7817731e-03]
 [-9.6692442e-04 -3.3305553e-03 -1.1505845e-03 -2.5467330e-03
  -1.1660462e-03]
 [ 1.6737860e-04 -7.4047624e-04  1.9184074e-05 -8.8826311e-04
   2.3548990e-03]
 [-3.3241225e-04 -2.1654544e-03 -2.6301146e-04 -3.7173524e-03
  -1.8267309e-04]] 
Episode: 136: [[-2.21166853e-03  5.17754583e-03  2.14688038e-03  6.39086915e-03
   4.39497922e-03]
 [ 2.78184423e-04 -1.56079838e-03  2.47897301e-03  2.92908656e-03
   1.79929589e-03]
 [-9.41149541e-04 -3.31793493e-03 -1.15627074e-03 -2.53664097e-03
  -1.16943417e-03]
 [ 1.83664160e-04 -6.87301625e-04  1.01345095e-05 -8.88228358e-04
   2.37362017e-03]
 [-3.19317449e-04 -2.12460570e-03 -2.72392674e-04 -3.72548867e-03
  -1.83147436e-04]] 
Episode: 137: [[-2.1856187e-03  5.1962645e-03  2.1335788e-03  6.4008888e-03
   4.4034217e-03]
 [ 3.1219592e-04 -1.5503448e-03  2.4809798e-03  2.9638845e-03
   1.8144840e-03]
 [-9.2243595e-04 -3.3077791e-03 -1.1610282e-03 -2.5289329e-03
  -1.1735159e-03]
 [ 1.9633355e-04 -6.3758995e-04  2.7841620e-06 -8.8775938e-04
   2.3908119e-03]
 [-3.0960250e-04 -2.0866233e-03 -2.7981243e-04 -3.7333868e-03
  -1.8343311e-04]] 
Episode: 138: [[-2.1707430e-03  5.2141347e-03  2.1230732e-03  6.4110956e-03
   4.4121877e-03]
 [ 3.4155275e-04 -1.5443837e-03  2.4833367e-03  2.9959509e-03
   1.8287533e-03]
 [-9.0727903e-04 -3.2992640e-03 -1.1662557e-03 -2.5217573e-03
  -1.1769179e-03]
 [ 2.0610599e-04 -5.9403357e-04 -4.0621030e-06 -8.8818616e-04
   2.4064626e-03]
 [-3.0245344e-04 -2.0537942e-03 -2.8688958e-04 -3.7406941e-03
  -1.8389383e-04]] 
Episode: 139: [[-2.1597978e-03  5.2326685e-03  2.1075360e-03  6.4244415e-03
   4.4215163e-03]
 [ 3.6076235e-04 -1.5422818e-03  2.4847230e-03  3.0294678e-03
   1.8453441e-03]
 [-9.1285480e-04 -3.3028973e-03 -1.1720877e-03 -2.5185437e-03
  -1.1782794e-03]
 [ 2.0483421e-04 -5.6281342e-04 -1.4478188e-05 -8.8990678e-04
   2.4222750e-03]
 [-3.0647145e-04 -2.0351016e-03 -2.9974928e-04 -3.7516765e-03
  -1.8450747e-04]] 
Episode: 140: [[-2.1500692e-03  5.2527948e-03  2.0917594e-03  6.4375950e-03
   4.4299257e-03]
 [ 3.7144544e-04 -1.5392556e-03  2.4856771e-03  3.0588480e-03
   1.8598330e-03]
 [-9.2547777e-04 -3.3082506e-03 -1.1776637e-03 -2.5175232e-03
  -1.1805992e-03]
 [ 1.9982399e-04 -5.3284835e-04 -2.3270222e-05 -8.9143933e-04
   2.4369671e-03]
 [-3.1406927e-04 -2.0174177e-03 -3.1061348e-04 -3.7624852e-03
  -1.8501145e-04]] 
Episode: 141: [[-2.1391069e-03  5.2735317e-03  2.0757511e-03  6.4545176e-03
   4.4409144e-03]
 [ 3.7084683e-04 -1.5368559e-03  2.4928276e-03  3.0893376e-03
   1.8784142e-03]
 [-9.5183577e-04 -3.3194050e-03 -1.1841506e-03 -2.5234246e-03
  -1.1816599e-03]
 [ 1.9189839e-04 -5.0478923e-04 -3.5463127e-05 -8.9400588e-04
   2.4540401e-03]
 [-3.2245505e-04 -2.0003656e-03 -3.3009177e-04 -3.7760737e-03
  -1.8570230e-04]] 
Episode: 142: [[-2.1318775e-03  5.2939411e-03  2.0625312e-03  6.4730938e-03
   4.4532157e-03]
 [ 3.6482132e-04 -1.5370245e-03  2.5039734e-03  3.1195048e-03
   1.8983842e-03]
 [-9.8381925e-04 -3.3351704e-03 -1.1904626e-03 -2.5312239e-03
  -1.1819226e-03]
 [ 1.8087513e-04 -4.8421955e-04 -4.8768117e-05 -8.9752494e-04
   2.4704831e-03]
 [-3.3500642e-04 -1.9920324e-03 -3.5066594e-04 -3.7924438e-03
  -1.8644343e-04]] 
Episode: 143: [[-2.1276099e-03  5.3168922e-03  2.0468005e-03  6.4922646e-03
   4.4647781e-03]
 [ 3.4903866e-04 -1.5383260e-03  2.5145963e-03  3.1471066e-03
   1.9172870e-03]
 [-1.0257374e-03 -3.3543203e-03 -1.1975177e-03 -2.5406075e-03
  -1.1827217e-03]
 [ 1.6347571e-04 -4.6615372e-04 -6.1418592e-05 -9.0103975e-04
   2.4858864e-03]
 [-3.5382988e-04 -1.9862235e-03 -3.7024420e-04 -3.8084444e-03
  -1.8717832e-04]] 
Episode: 144: [[-2.1219398e-03  5.3393370e-03  2.0330106e-03  6.5115672e-03
   4.4765188e-03]
 [ 3.3126792e-04 -1.5396257e-03  2.5255412e-03  3.1728027e-03
   1.9354504e-03]
 [-1.0681477e-03 -3.3736632e-03 -1.2042908e-03 -2.5518378e-03
  -1.1840247e-03]
 [ 1.4761269e-04 -4.4754750e-04 -7.4157877e-05 -9.0477866e-04
   2.5000598e-03]
 [-3.7258447e-04 -1.9805063e-03 -3.8839504e-04 -3.8262224e-03
  -1.8783260e-04]] 
Episode: 145: [[-2.1112168e-03  5.3536543e-03  2.0191951e-03  6.5188720e-03
   4.4814833e-03]
 [ 3.3315111e-04 -1.5362127e-03  2.5223957e-03  3.1882112e-03
   1.9434388e-03]
 [-1.0811751e-03 -3.3733975e-03 -1.2081442e-03 -2.5549515e-03
  -1.1856121e-03]
 [ 1.4810939e-04 -4.1733927e-04 -8.3368548e-05 -9.0634974e-04
   2.5090056e-03]
 [-3.8181688e-04 -1.9651230e-03 -3.9295008e-04 -3.8449587e-03
  -1.8797071e-04]] 
Episode: 146: [[-2.1088170e-03  5.3688926e-03  2.0035820e-03  6.5279873e-03
   4.4861124e-03]
 [ 3.2941310e-04 -1.5360581e-03  2.5183270e-03  3.2041441e-03
   1.9510600e-03]
 [-1.1032135e-03 -3.3787261e-03 -1.2116014e-03 -2.5587732e-03
  -1.1875686e-03]
 [ 1.4008858e-04 -3.9599178e-04 -9.1132097e-05 -9.0859126e-04
   2.5175672e-03]
 [-3.9947711e-04 -1.9593060e-03 -3.9579978e-04 -3.8641295e-03
  -1.8807272e-04]] 
Episode: 147: [[-2.1047927e-03  5.3747650e-03  1.9957889e-03  6.5317890e-03
   4.4882470e-03]
 [ 3.4584582e-04 -1.5329180e-03  2.5091830e-03  3.2193623e-03
   1.9534896e-03]
 [-1.1021005e-03 -3.3701502e-03 -1.2126885e-03 -2.5554833e-03
  -1.1893825e-03]
 [ 1.4114588e-04 -3.7419720e-04 -9.4093608e-05 -9.1070036e-04
   2.5236814e-03]
 [-4.1252066e-04 -1.9541979e-03 -3.8765671e-04 -3.8874219e-03
  -1.8789587e-04]] 
Episode: 148: [[-2.0988658e-03  5.3808424e-03  1.9867180e-03  6.5356372e-03
   4.4899904e-03]
 [ 3.5924884e-04 -1.5297051e-03  2.4995874e-03  3.2327396e-03
   1.9555637e-03]
 [-1.1025463e-03 -3.3629143e-03 -1.2143935e-03 -2.5537023e-03
  -1.1910995e-03]
 [ 1.4290577e-04 -3.5218991e-04 -9.7837299e-05 -9.1268850e-04
   2.5290919e-03]
 [-4.2421310e-04 -1.9481590e-03 -3.8096757e-04 -3.9095134e-03
  -1.8773605e-04]] 
Episode: 149: [[-0.0020981   0.00538763  0.00197927  0.00654232  0.00449275]
 [ 0.00036923 -0.00152955  0.00249123  0.00324806  0.00195834]
 [-0.00110961 -0.00336189 -0.00121584 -0.0025529  -0.00119322]
 [ 0.00013787 -0.00033978 -0.00010006 -0.00091567  0.00253467]
 [-0.00044256 -0.00195253 -0.00037283 -0.00393278 -0.0001876 ]] 
Episode: 150: [[-0.00209617  0.0053883   0.0019722   0.00654261  0.00449144]
 [ 0.00039083 -0.00152724  0.00247664  0.00325912  0.00195576]
 [-0.00110172 -0.0033506  -0.00121566 -0.00254706 -0.00119519]
 [ 0.00013988 -0.00032422 -0.00010008 -0.00091807  0.00253774]
 [-0.00045759 -0.00195542 -0.00035761 -0.00395844 -0.0001872 ]] 
Episode: 151: [[-2.0965431e-03  5.3913854e-03  1.9651772e-03  6.5441723e-03
   4.4905776e-03]
 [ 4.0532180e-04 -1.5243550e-03  2.4635633e-03  3.2690098e-03
   1.9532987e-03]
 [-1.1007411e-03 -3.3423137e-03 -1.2152389e-03 -2.5429467e-03
  -1.1977309e-03]
 [ 1.3765864e-04 -3.1022256e-04 -9.9484059e-05 -9.2030177e-04
   2.5408077e-03]
 [-4.7526351e-04 -1.9586987e-03 -3.4312496e-04 -3.9822520e-03
  -1.8676031e-04]] 
Episode: 152: [[-0.00209842  0.00539696  0.0019536   0.00654747  0.00448967]
 [ 0.00041073 -0.00152319  0.00245183  0.00327868  0.00195254]
 [-0.00110964 -0.00333999 -0.00121636 -0.00254141 -0.00119946]
 [ 0.00013103 -0.0002993  -0.00010122 -0.00092283  0.00254408]
 [-0.00049602 -0.00196481 -0.00033316 -0.00400527 -0.00018648]] 
Episode: 153: [[-0.00209797  0.00540471  0.00194117  0.00655125  0.00448852]
 [ 0.0004099  -0.00152013  0.00244084  0.00328656  0.00195132]
 [-0.00112405 -0.00333954 -0.00121759 -0.00254177 -0.00120203]
 [ 0.00012182 -0.0002875  -0.00010226 -0.00092479  0.00254727]
 [-0.00051802 -0.00196898 -0.00032347 -0.00402663 -0.00018613]] 
Episode: 154: [[-0.00209852  0.00541423  0.00193032  0.006556    0.00448812]
 [ 0.00040475 -0.00151629  0.00243116  0.00329343  0.00195009]
 [-0.0011419  -0.00334045 -0.00121843 -0.00254309 -0.00120501]
 [ 0.00011041 -0.00027643 -0.00010265 -0.00092662  0.0025504 ]
 [-0.00054097 -0.00197277 -0.00031408 -0.0040464  -0.00018577]] 
Episode: 155: [[-2.10577692e-03  5.42868488e-03  1.91714743e-03  6.56491565e-03
   4.48943628e-03]
 [ 3.87731765e-04 -1.51683891e-03  2.42426665e-03  3.30207101e-03
   1.95175968e-03]
 [-1.17390021e-03 -3.35026160e-03 -1.22080848e-03 -2.54691392e-03
  -1.20700186e-03]
 [ 8.98690123e-05 -2.72604550e-04 -1.05038926e-04 -9.29553702e-04
   2.55445577e-03]
 [-5.71607787e-04 -1.98449637e-03 -3.09051742e-04 -4.06681281e-03
  -1.85656652e-04]] 
Episode: 156: [[-2.0974232e-03  5.4432414e-03  1.9059170e-03  6.5758270e-03
   4.4953139e-03]
 [ 3.7025320e-04 -1.5134382e-03  2.4253177e-03  3.3118669e-03
   1.9604911e-03]
 [-1.2006249e-03 -3.3591695e-03 -1.2254389e-03 -2.5540784e-03
  -1.2059910e-03]
 [ 8.1173610e-05 -2.5837307e-04 -1.1218477e-04 -9.3182741e-04
   2.5611755e-03]
 [-5.8685383e-04 -1.9821201e-03 -3.1480409e-04 -4.0845764e-03
  -1.8601269e-04]] 
Episode: 157: [[-2.0940863e-03  5.4589156e-03  1.8944925e-03  6.5878299e-03
   4.5012352e-03]
 [ 3.5061245e-04 -1.5125681e-03  2.4256604e-03  3.3217603e-03
   1.9687950e-03]
 [-1.2302895e-03 -3.3709605e-03 -1.2301471e-03 -2.5614584e-03
  -1.2051217e-03]
 [ 6.9222864e-05 -2.4861380e-04 -1.1909065e-04 -9.3460712e-04
   2.5675038e-03]
 [-6.0504687e-04 -1.9845257e-03 -3.2033763e-04 -4.1020587e-03
  -1.8639343e-04]] 
Episode: 158: [[-2.0857458e-03  5.4710563e-03  1.8825304e-03  6.5991166e-03
   4.5060883e-03]
 [ 3.3831081e-04 -1.5109107e-03  2.4254308e-03  3.3312270e-03
   1.9762970e-03]
 [-1.2504775e-03 -3.3806886e-03 -1.2348593e-03 -2.5692065e-03
  -1.2050798e-03]
 [ 6.3225001e-05 -2.3813293e-04 -1.2507408e-04 -9.3765685e-04
   2.5738387e-03]
 [-6.1828783e-04 -1.9871956e-03 -3.2407651e-04 -4.1211760e-03
  -1.8669831e-04]] 
Episode: 159: [[-2.0996162e-03  5.4853964e-03  1.8761017e-03  6.6144597e-03
   4.5148134e-03]
 [ 3.2195245e-04 -1.5195867e-03  2.4277959e-03  3.3439854e-03
   1.9861725e-03]
 [-1.2768840e-03 -3.3939506e-03 -1.2403941e-03 -2.5747570e-03
  -1.2033524e-03]
 [ 4.8511778e-05 -2.3819153e-04 -1.3135567e-04 -9.4328960e-04
   2.5804073e-03]
 [-6.3957373e-04 -2.0001673e-03 -3.2918167e-04 -4.1398550e-03
  -1.8747200e-04]] 
Episode: 160: [[-2.1153654e-03  5.5006994e-03  1.8693192e-03  6.6299010e-03
   4.5232261e-03]
 [ 3.0320810e-04 -1.5287380e-03  2.4302343e-03  3.3561520e-03
   1.9956583e-03]
 [-1.3057380e-03 -3.4086343e-03 -1.2460029e-03 -2.5806366e-03
  -1.2018894e-03]
 [ 3.1955813e-05 -2.3976419e-04 -1.3726103e-04 -9.4873540e-04
   2.5866535e-03]
 [-6.6200836e-04 -2.0140496e-03 -3.3422149e-04 -4.1574179e-03
  -1.8823215e-04]] 
Episode: 161: [[-2.1187582e-03  5.5143121e-03  1.8645118e-03  6.6573326e-03
   4.5375051e-03]
 [ 2.9052014e-04 -1.5304659e-03  2.4368137e-03  3.3872281e-03
   2.0110735e-03]
 [-1.3201527e-03 -3.4143832e-03 -1.2521793e-03 -2.5885601e-03
  -1.2035054e-03]
 [ 3.0273837e-05 -2.2137199e-04 -1.4751284e-04 -9.5700566e-04
   2.6005246e-03]
 [-6.6876772e-04 -2.0065485e-03 -3.4974547e-04 -4.1788141e-03
  -1.8911847e-04]] 
Episode: 162: [[-2.1252690e-03  5.5280011e-03  1.8602727e-03  6.6834344e-03
   4.5510223e-03]
 [ 2.7669308e-04 -1.5329963e-03  2.4430850e-03  3.4161580e-03
   2.0254429e-03]
 [-1.3366285e-03 -3.4213415e-03 -1.2574903e-03 -2.5958451e-03
  -1.2049812e-03]
 [ 2.5573154e-05 -2.0700954e-04 -1.5657452e-04 -9.6493372e-04
   2.6133261e-03]
 [-6.7810662e-04 -2.0025033e-03 -3.6361514e-04 -4.1987184e-03
  -1.8993138e-04]] 
Episode: 163: [[-2.1312637e-03  5.5391970e-03  1.8566571e-03  6.7066648e-03
   4.5627109e-03]
 [ 2.6813406e-04 -1.5355397e-03  2.4476382e-03  3.4427142e-03
   2.0376744e-03]
 [-1.3480348e-03 -3.4270482e-03 -1.2613151e-03 -2.6016885e-03
  -1.2066930e-03]
 [ 2.2153341e-05 -1.9532851e-04 -1.6367859e-04 -9.7226427e-04
   2.6248253e-03]
 [-6.8623933e-04 -2.0007426e-03 -3.7428126e-04 -4.2173197e-03
  -1.9056209e-04]] 
Episode: 164: [[-2.1331580e-03  5.5490299e-03  1.8536418e-03  6.7260838e-03
   4.5736288e-03]
 [ 2.6089427e-04 -1.5364756e-03  2.4518396e-03  3.4643260e-03
   2.0484515e-03]
 [-1.3537711e-03 -3.4275949e-03 -1.2647447e-03 -2.6042813e-03
  -1.2082054e-03]
 [ 2.2824448e-05 -1.7888028e-04 -1.6983038e-04 -9.7879791e-04
   2.6360399e-03]
 [-6.9090136e-04 -1.9946517e-03 -3.8291462e-04 -4.2345552e-03
  -1.9113340e-04]] 
Episode: 165: [[-2.1334370e-03  5.5582612e-03  1.8521566e-03  6.7428332e-03
   4.5842244e-03]
 [ 2.5365927e-04 -1.5365583e-03  2.4576634e-03  3.4831082e-03
   2.0586951e-03]
 [-1.3555278e-03 -3.4250293e-03 -1.2675382e-03 -2.5994603e-03
  -1.2081699e-03]
 [ 2.4615609e-05 -1.6277081e-04 -1.7475976e-04 -9.8428596e-04
   2.6465065e-03]
 [-6.9344550e-04 -1.9874168e-03 -3.9024977e-04 -4.2450549e-03
  -1.9168429e-04]] 
Episode: 166: [[-2.1358547e-03  5.5681509e-03  1.8520568e-03  6.7601325e-03
   4.5950771e-03]
 [ 2.4735014e-04 -1.5385262e-03  2.4638576e-03  3.5017205e-03
   2.0688574e-03]
 [-1.3572115e-03 -3.4248340e-03 -1.2702381e-03 -2.5956407e-03
  -1.2082855e-03]
 [ 2.5332281e-05 -1.5054511e-04 -1.7920358e-04 -9.8993455e-04
   2.6564593e-03]
 [-6.9666025e-04 -1.9839930e-03 -3.9690748e-04 -4.2559230e-03
  -1.9223063e-04]] 
Episode: 167: [[-2.1511461e-03  5.5783144e-03  1.8540761e-03  6.7776968e-03
   4.6067517e-03]
 [ 2.3983630e-04 -1.5467549e-03  2.4704435e-03  3.5200117e-03
   2.0792710e-03]
 [-1.3612508e-03 -3.4259122e-03 -1.2745230e-03 -2.5914973e-03
  -1.2075618e-03]
 [ 2.2982966e-05 -1.4265497e-04 -1.8383158e-04 -9.9666184e-04
   2.6656913e-03]
 [-7.0252304e-04 -1.9842994e-03 -4.0393259e-04 -4.2661061e-03
  -1.9312395e-04]] 
Episode: 168: [[-2.1720624e-03  5.5909464e-03  1.8577651e-03  6.7972625e-03
   4.6193358e-03]
 [ 2.3077102e-04 -1.5584416e-03  2.4782831e-03  3.5394763e-03
   2.0902355e-03]
 [-1.3693094e-03 -3.4322767e-03 -1.2781982e-03 -2.5881622e-03
  -1.2071187e-03]
 [ 1.5130167e-05 -1.4296413e-04 -1.8726999e-04 -1.0040192e-03
   2.6749435e-03]
 [-7.1347092e-04 -1.9933961e-03 -4.0970900e-04 -4.2772293e-03
  -1.9400816e-04]] 
Episode: 169: [[-2.1969990e-03  5.6050615e-03  1.8614592e-03  6.8170517e-03
   4.6318527e-03]
 [ 2.1798717e-04 -1.5708419e-03  2.4860927e-03  3.5579461e-03
   2.1008234e-03]
 [-1.3823805e-03 -3.4407780e-03 -1.2818297e-03 -2.5858139e-03
  -1.2068524e-03]
 [ 3.6008330e-06 -1.4559078e-04 -1.9037080e-04 -1.0112071e-03
   2.6836467e-03]
 [-7.2766963e-04 -2.0045289e-03 -4.1509949e-04 -4.2879470e-03
  -1.9486823e-04]] 
Episode: 170: [[-2.2175745e-03  5.6168982e-03  1.8671374e-03  6.8302341e-03
   4.6427571e-03]
 [ 2.0578117e-04 -1.5823512e-03  2.4935729e-03  3.5718733e-03
   2.1102431e-03]
 [-1.3919607e-03 -3.4438758e-03 -1.2846458e-03 -2.5739244e-03
  -1.2039791e-03]
 [-5.7077782e-06 -1.4772898e-04 -1.9027603e-04 -1.0153461e-03
   2.6906470e-03]
 [-7.3951494e-04 -2.0132666e-03 -4.1728583e-04 -4.2878808e-03
  -1.9563307e-04]] 
Episode: 171: [[-2.2565944e-03  5.6303139e-03  1.8758405e-03  6.8458994e-03
   4.6558906e-03]
 [ 1.9041539e-04 -1.6008313e-03  2.5020507e-03  3.5871714e-03
   2.1208331e-03]
 [-1.4065937e-03 -3.4493981e-03 -1.2885506e-03 -2.5621424e-03
  -1.2001614e-03]
 [-2.0843136e-05 -1.5565557e-04 -1.9092552e-04 -1.0214045e-03
   2.6974974e-03]
 [-7.5690157e-04 -2.0277617e-03 -4.2060771e-04 -4.2886827e-03
  -1.9676681e-04]] 
Episode: 172: [[-2.2896237e-03  5.6449254e-03  1.8822529e-03  6.8613398e-03
   4.6680770e-03]
 [ 1.7495474e-04 -1.6182194e-03  2.5104426e-03  3.6012384e-03
   2.1310060e-03]
 [-1.4214750e-03 -3.4569269e-03 -1.2929986e-03 -2.5528108e-03
  -1.1970155e-03]
 [-3.4587621e-05 -1.6274188e-04 -1.9159126e-04 -1.0270972e-03
   2.7042429e-03]
 [-7.7272253e-04 -2.0418400e-03 -4.2393536e-04 -4.2904667e-03
  -1.9784129e-04]] 
Episode: 173: [[-2.3211509e-03  5.6621097e-03  1.8884441e-03  6.8785651e-03
   4.6810787e-03]
 [ 1.5847410e-04 -1.6364591e-03  2.5202255e-03  3.6158401e-03
   2.1422005e-03]
 [-1.4381744e-03 -3.4687445e-03 -1.2979431e-03 -2.5458217e-03
  -1.1939345e-03]
 [-4.8804850e-05 -1.7265695e-04 -1.9303615e-04 -1.0331342e-03
   2.7113110e-03]
 [-7.8830787e-04 -2.0590511e-03 -4.2873056e-04 -4.2935382e-03
  -1.9897895e-04]] 
Episode: 174: [[-2.3335719e-03  5.6744367e-03  1.8955176e-03  6.8952492e-03
   4.6965154e-03]
 [ 1.5469156e-04 -1.6463833e-03  2.5326256e-03  3.6380903e-03
   2.1584714e-03]
 [-1.4404599e-03 -3.4676204e-03 -1.3024220e-03 -2.5328160e-03
  -1.1897394e-03]
 [-4.9578452e-05 -1.6085895e-04 -1.9031559e-04 -1.0378906e-03
   2.7218703e-03]
 [-7.9090672e-04 -2.0521367e-03 -4.3055674e-04 -4.2934958e-03
  -2.0021465e-04]] 
Episode: 175: [[-2.3379161e-03  5.6837797e-03  1.9013243e-03  6.9166007e-03
   4.7133495e-03]
 [ 1.5675795e-04 -1.6506730e-03  2.5471642e-03  3.6665716e-03
   2.1770021e-03]
 [-1.4379739e-03 -3.4626110e-03 -1.3076195e-03 -2.5266968e-03
  -1.1882788e-03]
 [-4.2725078e-05 -1.3803100e-04 -1.9203399e-04 -1.0433459e-03
   2.7353808e-03]
 [-7.8581041e-04 -2.0333973e-03 -4.3901551e-04 -4.2967140e-03
  -2.0143317e-04]] 
Episode: 176: [[-2.33602780e-03  5.69302682e-03  1.90926029e-03  6.94462610e-03
   4.73290309e-03]
 [ 1.59748684e-04 -1.65275938e-03  2.56649987e-03  3.69962258e-03
   2.19763489e-03]
 [-1.43322768e-03 -3.45875393e-03 -1.31406053e-03 -2.53161602e-03
  -1.19088974e-03]
 [-2.84876496e-05 -1.08465356e-04 -1.99342787e-04 -1.05044129e-03
   2.75273737e-03]
 [-7.73422129e-04 -2.00869050e-03 -4.56024864e-04 -4.30649752e-03
  -2.02689771e-04]] 
Episode: 177: [[-2.3416949e-03  5.7077743e-03  1.9198128e-03  6.9755465e-03
   4.7544772e-03]
 [ 1.5449048e-04 -1.6592790e-03  2.5886793e-03  3.7324303e-03
   2.2195145e-03]
 [-1.4371594e-03 -3.4624829e-03 -1.3213516e-03 -2.5380321e-03
  -1.1930292e-03]
 [-2.1144284e-05 -8.7855224e-05 -2.0660189e-04 -1.0583849e-03
   2.7698844e-03]
 [-7.6687068e-04 -1.9935456e-03 -4.7352884e-04 -4.3173144e-03
  -2.0410382e-04]] 
Episode: 178: [[-2.3285234e-03  5.7193688e-03  1.9252769e-03  7.0194965e-03
   4.7793700e-03]
 [ 1.5560212e-04 -1.6585184e-03  2.6055682e-03  3.7885078e-03
   2.2463158e-03]
 [-1.4298338e-03 -3.4586471e-03 -1.3296286e-03 -2.5422720e-03
  -1.1988806e-03]
 [ 7.8665898e-06 -4.2042113e-05 -2.1340446e-04 -1.0690818e-03
   2.8019880e-03]
 [-7.4532884e-04 -1.9605209e-03 -4.9543433e-04 -4.3371394e-03
  -2.0556911e-04]] 
Episode: 179: [[-2.3083603e-03  5.7279710e-03  1.9304551e-03  7.0683998e-03
   4.8047951e-03]
 [ 1.6251554e-04 -1.6535389e-03  2.6216514e-03  3.8559132e-03
   2.2746895e-03]
 [-1.4138314e-03 -3.4472693e-03 -1.3374221e-03 -2.5419451e-03
  -1.2036384e-03]
 [ 4.2683401e-05  1.1184524e-05 -2.1999334e-04 -1.0824311e-03
   2.8384337e-03]
 [-7.2020799e-04 -1.9213656e-03 -5.1831838e-04 -4.3671262e-03
  -2.0705198e-04]] 
Episode: 180: [[-2.3029170e-03  5.7384088e-03  1.9373120e-03  7.1158283e-03
   4.8301890e-03]
 [ 1.6379426e-04 -1.6533617e-03  2.6374732e-03  3.9189085e-03
   2.3018417e-03]
 [-1.4060934e-03 -3.4397158e-03 -1.3446435e-03 -2.5411393e-03
  -1.2072707e-03]
 [ 6.7260095e-05  5.4528562e-05 -2.2613407e-04 -1.0960381e-03
   2.8718680e-03]
 [-7.0445519e-04 -1.8914532e-03 -5.3954817e-04 -4.3951450e-03
  -2.0859948e-04]] 
Episode: 181: [[-2.2963758e-03  5.7462673e-03  1.9440193e-03  7.1508256e-03
   4.8509510e-03]
 [ 1.6700875e-04 -1.6522126e-03  2.6509743e-03  3.9705145e-03
   2.3244189e-03]
 [-1.3939295e-03 -3.4253611e-03 -1.3500209e-03 -2.5237801e-03
  -1.2054167e-03]
 [ 8.7332919e-05  9.3983013e-05 -2.2855384e-04 -1.1066732e-03
   2.9011739e-03]
 [-6.9370744e-04 -1.8651175e-03 -5.5229140e-04 -4.4171102e-03
  -2.0995770e-04]] 
Episode: 182: [[-0.00227153  0.00574974  0.0019433   0.00717701  0.0048666 ]
 [ 0.00017451 -0.00164384  0.00265907  0.00401044  0.00234266]
 [-0.00137361 -0.00340475 -0.00135742 -0.00251076 -0.00120352]
 [ 0.00012135  0.00014604 -0.0002347  -0.00111383  0.00292619]
 [-0.00066844 -0.00182345 -0.00056775 -0.00443485 -0.00021111]] 
Episode: 183: [[-0.00226293  0.00575439  0.00194503  0.00720281  0.0048828 ]
 [ 0.000179   -0.00164269  0.00266736  0.00404795  0.00236038]
 [-0.00135818 -0.00338737 -0.00136605 -0.00249831 -0.00120097]
 [ 0.00014874  0.00019006 -0.00024088 -0.00112198  0.00294901]
 [-0.00064892 -0.00178906 -0.00058272 -0.00445124 -0.00021257]] 
Episode: 184: [[-0.00227252  0.00576126  0.00194982  0.00723032  0.00490088]
 [ 0.00017858 -0.00164905  0.00267658  0.00408513  0.00237879]
 [-0.00135071 -0.00337475 -0.00137471 -0.0024856  -0.00119713]
 [ 0.00016574  0.00022286 -0.00024722 -0.00113177  0.00297026]
 [-0.0006391  -0.00176577 -0.00059768 -0.00446716 -0.0002143 ]] 
Episode: 185: [[-0.00229883  0.00576977  0.00195763  0.00725818  0.00492009]
 [ 0.00017475 -0.00166258  0.00268626  0.00412053  0.00239699]
 [-0.00134821 -0.00336502 -0.00138477 -0.00247334 -0.00119269]
 [ 0.00017654  0.00024878 -0.00025365 -0.00114277  0.00298978]
 [-0.00063475 -0.00174878 -0.00061237 -0.00448202 -0.00021637]] 
