90.186768 75.854843 73.670975 78.135155 78.370171 0.027976 
93.665108 90.350082 93.254639 93.590279 92.459953 0.019782 
85.081863 77.649620 80.395645 85.108482 86.083946 0.000000 
89.206787 72.370316 77.423607 84.631271 88.022629 0.000000 
88.925430 81.578369 88.223419 92.276939 98.648842 0.019782 
92.243469 80.951332 82.573235 87.729057 90.912384 0.000000 
92.563805 76.943420 77.409302 77.911949 83.744942 0.000000 
92.087044 77.360527 76.119164 72.904854 78.510544 0.000000 
99.990326 101.619667 101.674408 100.728134 101.168800 0.000000 
96.716560 81.456085 87.566269 89.923813 89.686935 0.000000 
84.153107 94.255409 97.951828 98.509689 99.513885 0.000000 
88.479622 78.821678 81.713432 83.820663 86.771049 0.000000 
84.003891 74.220680 80.550438 84.333145 86.692551 0.019782 
96.028175 79.230537 81.241058 87.495865 88.092873 0.000000 
88.001114 88.071770 90.289536 94.424942 96.315880 0.000000 
89.654930 83.241562 86.388382 85.824959 85.998138 0.027976 
92.862282 76.658333 82.902870 87.076340 90.681313 0.027976 
93.893845 81.770096 82.018784 83.887894 80.564598 0.027976 
86.136551 81.134453 84.597694 87.860245 89.434784 0.027976 
94.231781 84.538071 88.299591 88.782478 89.573822 0.000000 
