88.005074 52.381439 47.429886 43.662128 44.642998 0.000000 
79.902351 54.827782 55.146431 36.077286 36.993084 0.027976 
81.520638 53.094402 55.147381 47.659500 42.865479 0.000000 
87.883514 47.104256 44.587486 38.552761 36.100666 0.000000 
84.615501 50.957527 52.125397 54.098358 49.757362 0.000000 
82.923737 47.285347 37.655468 33.672951 37.253510 0.000000 
87.198174 59.548599 50.595539 40.137215 39.375038 0.000000 
84.559174 51.896294 50.329071 44.250416 41.449291 0.027976 
87.586945 49.053406 41.161304 36.139313 30.496294 0.000000 
90.155830 52.865719 47.384899 39.772926 31.272701 0.000000 
88.585266 60.876274 50.062347 42.999340 35.122620 0.000000 
79.991241 40.423820 47.837646 40.420845 40.040451 0.027976 
92.481270 51.729755 40.865200 32.465515 45.255062 0.019782 
78.775009 42.343441 36.966022 36.657467 35.859283 0.000000 
87.323883 45.196533 35.398895 31.235659 42.280815 0.000000 
94.013054 36.640919 37.914356 28.816380 31.696161 0.000000 
86.253220 58.785908 44.011997 44.661659 34.757957 0.000000 
84.457687 51.798031 41.012379 34.184368 37.370045 0.019782 
87.309074 49.280251 43.025047 46.945732 38.531548 0.000000 
84.071602 47.310474 48.583492 36.561821 39.171951 0.000000 
