92.100853 73.861366 79.431236 77.562111 76.909134 0.019782 
89.721909 84.481865 85.977386 85.630844 90.775978 0.027976 
85.888115 81.511673 84.501053 83.584648 81.433052 0.000000 
89.834610 87.447830 93.386429 94.979202 88.458176 0.000000 
93.757599 86.730194 89.764343 95.798042 100.108536 0.000000 
86.887299 83.066048 83.395691 85.243271 84.835777 0.019782 
89.618881 94.238380 94.123428 92.702919 93.921989 0.000000 
83.991028 89.250290 91.389351 96.545273 98.943703 0.027976 
91.196037 80.939201 83.845833 81.913612 81.526688 0.000000 
94.587585 81.387192 82.810204 87.098572 88.305801 0.000000 
85.488388 70.077118 71.898285 78.669075 79.092972 0.000000 
85.235435 66.626083 74.437691 75.820137 78.112091 0.000000 
95.525787 83.255753 87.487030 87.992767 90.764099 0.000000 
95.358032 66.827896 73.248627 77.889664 77.776375 0.027976 
93.806244 95.027084 96.470924 94.081902 96.253235 0.027976 
94.335251 88.062813 91.015785 88.299820 93.456848 0.019782 
90.507759 104.248146 104.317024 104.631332 102.671158 0.000000 
93.753578 40.184410 44.723087 31.235632 37.477718 0.000000 
86.152985 78.957870 80.562706 82.786842 85.219627 0.000000 
94.569885 69.429253 70.371582 71.665558 67.415344 0.000000 
