87.046738 87.160179 86.002686 85.837921 80.827499 
86.871338 87.681908 87.022835 87.843239 77.117691 
86.363007 86.404114 85.419022 83.332718 80.684601 
87.388367 89.351028 89.451263 88.399696 74.194641 
87.618965 86.170944 87.457870 86.016426 77.035919 
87.472557 88.399208 88.269676 88.060020 71.076477 
87.383751 88.261719 88.114502 85.217796 72.504204 
88.161720 88.432693 87.470703 87.723358 73.978119 
87.860695 92.343857 92.348450 91.440842 69.998016 
85.495468 83.463425 84.069923 81.527000 81.302933 
88.471344 90.861755 90.406662 89.180733 71.707657 
87.077332 87.722702 87.593613 85.930138 78.297752 
87.630623 87.336014 86.968132 85.905724 76.622269 
87.152756 87.021927 87.500336 85.726349 81.172890 
87.139374 85.513878 85.424728 84.015694 77.703545 
87.907532 89.103851 87.475029 86.278557 75.372566 
87.044006 90.054649 90.482216 91.786415 75.507408 
86.972908 86.678055 88.609993 89.829208 79.623146 
86.858459 87.770172 87.624260 86.164482 77.284203 
88.618195 92.501190 92.283249 91.841774 78.290512 
