1916.329956 1758.753296 1627.486694 1778.600220 182874.125000 
2418.242188 1537.747437 1487.049927 1283.706421 208645.703125 
2021.595337 1993.603271 1208.935913 968.020508 193246.015625 
2084.874023 2394.964355 1590.102905 1419.281982 207903.156250 
1862.293335 1470.670898 881.377075 982.496399 141543.171875 
2106.098145 1909.253296 1713.615234 1228.043335 160898.921875 
1782.527588 2606.417969 1382.402954 1054.636230 227351.234375 
1782.051147 1987.622803 1638.937012 976.384155 211250.734375 
2560.103027 2404.827881 1552.066406 1177.317505 222910.609375 
2101.824707 1785.326782 1767.384155 1066.165527 184822.250000 
2074.978027 1785.728882 1454.503052 981.680786 168649.312500 
2149.517334 1734.820190 1942.052612 1274.267578 176623.062500 
2068.357910 1908.502319 2477.520508 1241.119263 235656.031250 
2273.618408 1842.415405 1798.663452 1386.240967 214285.140625 
2024.668335 1660.194702 1379.925659 970.713074 192479.156250 
1623.213135 1542.487671 1463.680054 1093.056763 167803.593750 
1836.125977 1385.682007 1333.604248 1713.454468 214597.109375 
2372.283203 3164.163818 1471.695679 1516.487183 222995.281250 
2217.352539 1999.951904 1510.639282 1096.345093 221608.296875 
2257.363525 2462.447266 1381.091309 1158.237915 184858.843750 
1882.013428 1845.190552 1701.356079 1244.594360 190256.343750 
2137.362305 1923.666504 1230.833984 979.780090 217313.765625 
1876.163330 1828.288574 1268.525635 1122.309326 192717.625000 
2248.946289 1699.914429 2690.613037 948.620361 225383.015625 
1866.249634 1658.557251 1263.644897 987.440308 185006.484375 
2104.949219 1938.446289 1304.360840 1122.310059 181414.828125 
2185.899902 2272.354248 1924.006836 1426.571533 196148.453125 
1795.902832 1714.632690 1144.421509 1116.933472 177211.343750 
1885.327759 1965.228882 1730.919189 1757.742676 170604.953125 
2120.875488 1922.096802 1028.995117 887.729309 204901.578125 
1605.328247 1519.598877 3044.739014 939.119202 170679.656250 
2071.885742 1467.926270 1089.868530 857.959229 198997.406250 
2095.792480 1708.416870 1287.472778 1114.219360 225450.625000 
2124.759766 1571.306885 1259.183350 1890.034424 212813.609375 
1528.498169 1959.167236 1192.635132 1590.653687 185604.750000 
2176.302002 1672.032593 2012.824951 1174.949097 217155.031250 
2072.744629 1642.494629 1683.011597 1408.216797 169278.500000 
2096.444824 1908.236328 1532.905762 894.030640 228715.640625 
1884.132324 1694.493896 2034.121704 1032.467407 188272.968750 
2014.237793 1626.668457 2298.842285 1451.015259 190194.468750 
1717.767700 1660.244141 1023.678345 765.030212 147017.687500 
2406.183594 2213.664307 2190.667236 1390.378296 198746.140625 
2081.560791 1487.488647 1244.883423 1178.643066 168675.078125 
1805.961792 1914.637939 1969.958618 905.244995 151628.046875 
1599.869995 1404.003906 1334.651001 1003.456116 193583.046875 
1916.524902 1553.787964 2472.886475 1053.847168 153503.234375 
2104.618896 1985.310913 1276.375000 1724.104004 225195.515625 
1978.860352 1691.161743 1539.179321 1293.087524 183378.359375 
2011.724609 2825.034668 1470.995972 981.206299 214376.125000 
1744.523926 2082.181641 1580.987549 1079.053955 168277.093750 
