39420.351562 11175.644531 6163.656250 3934.919678 80309.429688 
53511.035156 14742.841797 10193.498047 6518.544434 147116.593750 
47926.000000 10441.958008 6575.327637 5465.958496 146542.281250 
43937.812500 13241.830078 9101.913086 7007.441895 86110.742188 
44502.011719 8855.810547 5660.127441 4479.836426 72933.734375 
50846.257812 11413.268555 10461.184570 9794.164062 130937.015625 
48136.050781 12076.201172 7623.483398 5693.832520 104649.148438 
44657.914062 10982.234375 6304.474121 5594.270020 137444.000000 
46588.953125 9102.388672 7496.392578 6642.889160 117308.171875 
52354.796875 13710.920898 10402.925781 7590.693848 128304.625000 
46497.753906 8723.624023 5567.065430 3864.017822 60849.324219 
48621.285156 10727.399414 6871.700684 5951.459961 129777.031250 
41434.460938 8679.137695 5939.159180 3824.748535 57105.996094 
45676.898438 11294.979492 7823.949707 6498.007812 93998.773438 
56813.460938 18626.193359 15971.903320 10736.163086 150267.500000 
44858.988281 10755.939453 8360.700195 6719.341309 125703.984375 
54889.414062 18517.841797 7421.166992 3908.486328 60040.890625 
47475.992188 16695.703125 9321.202148 6114.357910 101021.898438 
58303.503906 19764.169922 12426.088867 6064.823242 147248.234375 
48628.144531 11189.178711 7213.564941 4927.145020 110494.015625 
