3.593667 
3.307202 
3.145892 
2.336823 
1.955472 
2.006648 
1.746694 
1.676991 
2.148090 
2.455853 
2.207883 
2.019748 
2.354136 
1.892773 
2.059045 
1.863242 
1.370050 
2.523623 
1.553184 
1.710362 
1.701697 
2.190842 
2.467648 
1.479706 
1.777475 
1.735805 
2.024881 
2.015409 
1.772408 
2.054920 
2.111806 
2.670898 
1.340376 
2.021383 
2.167668 
2.123879 
2.118294 
2.542451 
2.085189 
1.893489 
2.023515 
2.062008 
2.029167 
1.983551 
1.981776 
1.700372 
2.106381 
1.980817 
2.054525 
2.008138 
2.042858 
1.962033 
1.952634 
2.072529 
1.987376 
1.728405 
1.612937 
1.881013 
1.617832 
1.895421 
1.623371 
1.553473 
1.633421 
1.890740 
2.080024 
1.841660 
1.915862 
1.490861 
1.830767 
1.621032 
1.819537 
1.789254 
1.878483 
1.787010 
1.927834 
1.912047 
1.757255 
1.851169 
1.531886 
1.707479 
1.823819 
1.773485 
1.771364 
1.468631 
1.852083 
1.781098 
1.699293 
1.709651 
1.685990 
1.717574 
1.789967 
1.370712 
1.770532 
1.457083 
1.694996 
1.660795 
1.715673 
1.902061 
1.754214 
1.739402 
1.712414 
1.684953 
1.081426 
1.653313 
1.738830 
1.913101 
1.501036 
1.803367 
1.399866 
1.686612 
1.829934 
2.881244 
2.893297 
1.681827 
1.800035 
1.698632 
1.812634 
1.870300 
1.681993 
1.826083 
1.865497 
1.822661 
1.709328 
1.809842 
1.754444 
1.896373 
1.899499 
1.660656 
1.419623 
1.697866 
1.842977 
1.769714 
1.459089 
1.648430 
2.083284 
2.423973 
1.745089 
1.687489 
1.482513 
1.716573 
1.762284 
1.624388 
1.686852 
1.648901 
1.959396 
1.814425 
1.830093 
1.659791 
1.888325 
1.802901 
1.521022 
1.362656 
1.790229 
1.716400 
1.509962 
1.722909 
1.715952 
1.823898 
1.684560 
1.786459 
1.720621 
1.963284 
1.785317 
1.823794 
1.830328 
3.365773 
2.147083 
1.944490 
2.072626 
3.851330 
1.959517 
1.839145 
1.516785 
1.881414 
1.905920 
1.677167 
2.113917 
2.168352 
2.235822 
2.066386 
1.930931 
2.323045 
2.516890 
2.134832 
2.296109 
2.241292 
2.548716 
2.395831 
2.276881 
2.241831 
2.582244 
2.568622 
2.570590 
2.174888 
2.179115 
2.605945 
3.115414 
2.399128 
2.394843 
2.311297 
2.381256 
2.568091 
2.004488 
2.411123 
2.763806 
2.147539 
2.473337 
2.380995 
2.428782 
2.582968 
2.626931 
2.742941 
2.783242 
2.556125 
2.332290 
2.589615 
2.621852 
2.448492 
6.028888 
2.181731 
2.582585 
2.532238 
2.636112 
2.252285 
2.448079 
2.838270 
2.509525 
2.453218 
2.753385 
2.092846 
3.654151 
2.602046 
2.557767 
2.537974 
2.625882 
2.596296 
2.448700 
2.425959 
2.783896 
2.898709 
2.580341 
2.524445 
3.189253 
4.302757 
2.523467 
2.247417 
2.279287 
2.800735 
2.752041 
2.384421 
2.645020 
2.627820 
2.627251 
2.554149 
3.530071 
2.112502 
2.474927 
2.771843 
2.254151 
2.487930 
2.362990 
2.485250 
2.621026 
2.221497 
2.305395 
2.464245 
2.795413 
2.317655 
2.145027 
2.476255 
2.769854 
2.284109 
2.521780 
2.485084 
2.264430 
2.176821 
2.440876 
2.077419 
2.539013 
2.628050 
2.334159 
2.505506 
2.431504 
2.445430 
2.454505 
2.597619 
2.227560 
2.392046 
2.515671 
2.417567 
2.428758 
2.513769 
2.284388 
2.454115 
2.296365 
2.095621 
2.222253 
2.613737 
2.706658 
2.235576 
2.333653 
2.833305 
2.395459 
2.469465 
2.527246 
2.732822 
2.534433 
2.731524 
2.240798 
2.461708 
2.666818 
2.402081 
2.626846 
2.417132 
2.223464 
2.341100 
2.104666 
2.623340 
2.253887 
2.095759 
2.439940 
1.998967 
2.243939 
2.438626 
2.294341 
2.482293 
2.330598 
2.380641 
2.338712 
2.358139 
2.305465 
2.025402 
2.346002 
2.290417 
2.311143 
3.010393 
2.593509 
2.094751 
2.370895 
2.423720 
2.540485 
2.399868 
2.459120 
2.567912 
2.525107 
2.719512 
3.064172 
2.737880 
2.771117 
2.899266 
3.199512 
2.738016 
2.673144 
2.986587 
2.823930 
2.933530 
2.908778 
2.741068 
2.925803 
2.667860 
2.525461 
2.819862 
2.524453 
2.263641 
2.896484 
2.618974 
2.934526 
2.841044 
3.328594 
2.836302 
2.833537 
2.816105 
2.734632 
2.916621 
2.846053 
2.655037 
2.679689 
2.826312 
2.819676 
2.927742 
2.794242 
2.879540 
3.151613 
2.878720 
2.813830 
2.542508 
2.530002 
2.826117 
2.859138 
3.015074 
2.563878 
2.798314 
2.849393 
2.695313 
2.803817 
3.368147 
2.832553 
2.890675 
2.820061 
2.739582 
2.807559 
2.756749 
2.498109 
2.753682 
2.648259 
2.684319 
2.584361 
2.806534 
2.723117 
2.845750 
2.762007 
2.653522 
2.849979 
2.537632 
2.829143 
2.812204 
2.630569 
2.663450 
2.836473 
2.434510 
2.676193 
2.623774 
2.720606 
2.655683 
2.710004 
2.663553 
2.439074 
2.851496 
2.709560 
2.694087 
2.801366 
2.663594 
2.767928 
2.658728 
2.606549 
2.629555 
2.646353 
2.711671 
2.663507 
2.692906 
2.626412 
2.491738 
2.508368 
2.635366 
2.693269 
2.739561 
2.600300 
2.711120 
2.769558 
2.387106 
2.706369 
2.587329 
2.270290 
2.643391 
2.554647 
2.713891 
2.616599 
2.619838 
2.799366 
2.531886 
2.695204 
2.154999 
2.726619 
2.651999 
2.655097 
2.633348 
2.565071 
2.465536 
2.631942 
2.600448 
2.618703 
2.315285 
2.691842 
2.242693 
2.767698 
2.393347 
2.662214 
2.516193 
2.334854 
2.583854 
2.382226 
2.538050 
2.629522 
2.543169 
2.657696 
2.616115 
2.609819 
2.710159 
2.700885 
2.297794 
2.345803 
2.538177 
2.604327 
1.918566 
2.123790 
2.570904 
2.548606 
2.774535 
2.631444 
2.593016 
2.398931 
2.660895 
2.745497 
2.542320 
2.578636 
2.586987 
2.309114 
2.502921 
2.598795 
2.607747 
2.561019 
2.526455 
2.578233 
2.549486 
2.570433 
2.494164 
2.537215 
2.252456 
2.537123 
2.556701 
2.508781 
2.648641 
2.462788 
2.509681 
2.447206 
2.352116 
2.456578 
2.181614 
2.574103 
2.193932 
2.531617 
2.563722 
2.380111 
2.515634 
2.550333 
2.503234 
2.570133 
2.617173 
2.536271 
2.450229 
2.511124 
2.249264 
2.450191 
2.587707 
2.530826 
2.475898 
2.386716 
2.383525 
2.298917 
2.482778 
2.508199 
22.633955 
nan 
