20547.330078 2113.338867 1178.884277 607.328552 44882.085938 
20348.462891 4974.098633 2670.270752 1190.793335 55104.789062 
18994.119141 2385.072754 1491.941650 1078.896362 39070.886719 
16556.847656 2379.822754 1442.486450 1275.042725 41613.851562 
22175.906250 2366.736084 1455.009644 1179.570679 44577.820312 
19843.542969 1910.638672 1065.816650 741.153809 25650.332031 
22210.927734 2441.728516 1452.411987 846.032471 37872.726562 
21073.105469 2405.348633 1538.678589 1313.934448 34906.964844 
19990.708984 2515.489746 1648.210938 854.545959 38835.722656 
19250.914062 2233.438477 1380.672852 1081.930420 42264.699219 
17976.748047 3484.169189 1927.200439 1258.146118 45018.011719 
17902.101562 3605.250977 2210.126709 1292.511963 61006.996094 
18411.511719 2462.056396 1172.142822 938.420471 25586.597656 
18046.562500 2031.428345 1428.470825 1118.483521 29804.015625 
23838.769531 3042.255615 1925.897095 1062.813599 46424.750000 
22755.029297 3391.942139 1784.055664 1388.367432 49493.574219 
20748.201172 2330.582520 1430.013062 1039.636353 48877.695312 
21129.960938 3132.170166 2637.133301 1572.525269 33214.132812 
21377.281250 2863.818359 1625.361572 816.835938 53256.117188 
21415.564453 4403.991699 2860.524414 1552.666138 33664.292969 
