92.858185 88.900795 81.028366 73.505333 50.058773 0.019782 
84.181366 78.125488 71.298569 64.049049 41.937515 0.000000 
88.220467 72.351616 61.349575 56.458076 46.115040 0.027976 
94.481003 83.993301 78.626366 65.832191 50.197208 0.000000 
76.437927 63.681374 65.327133 60.897774 45.896416 0.019782 
86.910271 74.863388 77.146721 60.301643 47.929077 0.000000 
75.369911 74.170410 65.937393 60.880577 47.452141 0.000000 
82.530197 69.591431 72.144409 67.145134 48.248173 0.000000 
69.597717 65.322868 63.336926 55.639114 49.596142 0.039565 
82.528862 71.770279 63.995514 56.971180 44.289898 0.000000 
