0.557779 
0.668559 
0.329464 
0.639917 
0.559627 
0.587421 
0.655420 
0.460147 
2.452058 
1.276731 
1.426526 
2.193077 
0.280551 
1.090918 
0.765599 
0.895707 
1.840110 
1.180690 
1.010247 
1.012340 
0.970525 
0.719640 
0.415189 
0.499160 
0.890381 
0.692550 
0.577478 
0.527154 
1.085361 
0.687400 
0.252389 
3.379211 
0.943801 
1.242167 
0.570147 
1.826350 
0.899809 
0.908594 
1.017012 
2.925663 
0.968430 
0.554538 
1.136003 
1.952724 
1.187244 
1.032731 
0.418465 
0.651234 
0.825253 
0.899120 
0.679617 
0.737946 
0.382886 
1.244219 
0.822972 
1.041316 
1.294398 
0.759361 
0.837814 
0.523990 
0.931620 
0.885058 
2.149417 
1.251649 
0.583202 
1.441278 
0.530291 
0.407264 
0.758367 
2.330521 
0.752830 
1.906090 
0.546404 
0.762192 
1.081274 
0.514267 
0.865743 
0.716946 
0.524796 
0.704059 
0.839201 
0.310886 
1.835510 
0.494267 
0.645931 
0.482500 
1.589165 
0.785400 
0.968510 
0.823150 
0.624944 
1.427343 
0.724296 
0.762216 
0.422434 
0.602552 
0.628533 
1.197151 
0.738671 
0.262238 
0.505935 
0.617848 
0.633562 
0.772778 
0.560487 
0.589617 
0.820560 
0.406023 
0.814784 
0.719060 
0.576804 
0.637386 
0.553124 
0.690283 
0.261376 
0.867828 
0.731539 
0.639130 
0.494955 
0.707941 
0.532706 
0.434629 
0.915776 
0.325649 
0.699501 
2.103455 
0.487809 
0.596493 
0.832594 
0.567349 
0.897090 
1.344800 
