Episode: 1: [[-0.00157494 -0.02344849 -0.20249392 -0.2466056  -0.03348872  0.
  -0.01473545  0.          0.00317181  0.01108918]
 [-0.00167831  0.10139623 -0.23416623 -0.23812497  0.04982126  0.
  -0.02541874  0.         -0.01725222  0.02579883]
 [ 0.1371886   0.26837078 -0.25639182 -0.18080689  0.10596623  0.
  -0.00983493  0.         -0.03533321  0.00847336]
 [ 0.35146594  0.3600052  -0.25722003 -0.02365263  0.10494792  0.
   0.02554556  0.         -0.04325048 -0.01174624]
 [ 0.22538349  0.08645372 -0.11242832 -0.03549751  0.03378949  0.
   0.01490321  0.         -0.0089737   0.01419764]] 
Episode: 2: [[-0.00087494 -0.02414849 -0.20179392 -0.24590561 -0.03278872  0.
  -0.01403545  0.          0.00317181  0.01178918]
 [-0.00097831  0.10069623 -0.23346624 -0.23742497  0.05052126  0.
  -0.02471874  0.         -0.01725222  0.02649883]
 [ 0.1364886   0.26767078 -0.25569183 -0.1801069   0.10666623  0.
  -0.00913493  0.         -0.03533321  0.00917336]
 [ 0.35216594  0.3593052  -0.25652003 -0.02295263  0.10564791  0.
   0.02624556  0.         -0.04325048 -0.01104624]
 [ 0.2246835   0.08575372 -0.11172833 -0.03479751  0.03448949  0.
   0.01560321  0.         -0.0089737   0.01489764]] 
Episode: 3: [[-0.0005884  -0.02373924 -0.20184776 -0.24614008 -0.03212297  0.
  -0.01407229  0.          0.00317181  0.01175234]
 [-0.00092648  0.10027359 -0.23350558 -0.2376702   0.05122221  0.
  -0.02475558  0.         -0.01725222  0.02646198]
 [ 0.13588421  0.2672357  -0.25575933 -0.18038876  0.10736646  0.
  -0.00917178  0.         -0.03533321  0.00913652]
 [ 0.35278755  0.3590163  -0.256685   -0.02321327  0.10630108  0.
   0.02620872  0.         -0.04325048 -0.01108308]
 [ 0.22417274  0.08528981 -0.11179753 -0.03521178  0.03518627  0.
   0.01556636  0.         -0.0089737   0.01499829]] 
Episode: 4: [[-0.00063645 -0.02392867 -0.20203382 -0.24659817 -0.0318673   0.
  -0.01435384  0.          0.00317181  0.01147079]
 [-0.00083879  0.09972623 -0.23368776 -0.23813406  0.05160009  0.
  -0.02503713  0.         -0.01725222  0.02618043]
 [ 0.13572618  0.26695445 -0.2559485  -0.1808745   0.10801985  0.
  -0.00945333  0.         -0.03533321  0.00885497]
 [ 0.35344288  0.35894126 -0.2569421  -0.02366515  0.10696655  0.
   0.02592717  0.         -0.04325048 -0.01136463]
 [ 0.22420816  0.08499157 -0.11197522 -0.03576073  0.03582757  0.
   0.01528481  0.         -0.0089737   0.0150082 ]] 
Episode: 5: [[-3.38048354e-04 -2.42733583e-02 -2.02212632e-01 -2.47131228e-01
  -3.18269581e-02  0.00000000e+00 -1.47570688e-02  0.00000000e+00
   3.17181321e-03  1.11981966e-02]
 [-4.36843577e-04  9.91699994e-02 -2.33856991e-01 -2.38675594e-01
   5.14676161e-02  0.00000000e+00 -2.54403595e-02  0.00000000e+00
  -1.72522180e-02  2.58059725e-02]
 [ 1.35536358e-01  2.66491503e-01 -2.56163716e-01 -1.81438118e-01
   1.08311161e-01  0.00000000e+00 -9.85655282e-03  0.00000000e+00
  -3.53332087e-02  8.45174212e-03]
 [ 3.53773534e-01  3.58842552e-01 -2.57238120e-01 -2.42000297e-02
   1.07641615e-01  0.00000000e+00  2.55239457e-02  0.00000000e+00
  -4.32504788e-02 -1.17678605e-02]
 [ 2.24261180e-01  8.45178291e-02 -1.12180546e-01 -3.63665670e-02
   3.62819023e-02  0.00000000e+00  1.48815876e-02  0.00000000e+00
  -8.97369999e-03  1.49383787e-02]] 
Episode: 6: [[-1.09733453e-04 -2.42654402e-02 -2.02242091e-01 -2.47678816e-01
  -3.17939073e-02  0.00000000e+00 -1.52327670e-02  0.00000000e+00
   3.17181321e-03  1.11887762e-02]
 [ 6.40014550e-05  9.88673791e-02 -2.33837336e-01 -2.39227489e-01
   5.11556156e-02  0.00000000e+00 -2.59160567e-02  0.00000000e+00
  -1.72522180e-02  2.53879111e-02]
 [ 1.35825962e-01  2.66370237e-01 -2.56179005e-01 -1.82009548e-01
   1.08389042e-01  0.00000000e+00 -1.03322510e-02  0.00000000e+00
  -3.53332087e-02  7.97604397e-03]
 [ 3.54177266e-01  3.58986706e-01 -2.57341981e-01 -2.47693546e-02
   1.08227000e-01  0.00000000e+00  2.50482485e-02  0.00000000e+00
  -4.32504788e-02 -1.22435587e-02]
 [ 2.24594131e-01  8.43893662e-02 -1.12170726e-01 -3.69595997e-02
   3.65396589e-02  0.00000000e+00  1.44058894e-02  0.00000000e+00
  -8.97369999e-03  1.48123577e-02]] 
Episode: 7: [[-1.82355958e-04 -2.42498796e-02 -2.02379107e-01 -2.48185411e-01
  -3.18242908e-02  0.00000000e+00 -1.57563351e-02  0.00000000e+00
   3.17181321e-03  1.10184075e-02]
 [ 9.41673643e-05  9.86345038e-02 -2.33969361e-01 -2.39721596e-01
   5.07824197e-02  0.00000000e+00 -2.61719394e-02  0.00000000e+00
  -1.72522180e-02  2.51719225e-02]
 [ 1.35798007e-01  2.66353726e-01 -2.56336600e-01 -1.82486773e-01
   1.08238079e-01  0.00000000e+00 -1.05570313e-02  0.00000000e+00
  -3.53332087e-02  7.73275085e-03]
 [ 3.54647785e-01  3.59167814e-01 -2.57547855e-01 -2.51900759e-02
   1.08631894e-01  0.00000000e+00  2.48234682e-02  0.00000000e+00
  -4.32504788e-02 -1.24683389e-02]
 [ 2.24533394e-01  8.43656734e-02 -1.12317413e-01 -3.74638885e-02
   3.65668051e-02  0.00000000e+00  1.40776867e-02  0.00000000e+00
  -8.97369999e-03  1.47512816e-02]] 
Episode: 8: [[-4.92091312e-05 -2.39285231e-02 -2.02521026e-01 -2.48270288e-01
  -3.15355621e-02  0.00000000e+00 -1.60453692e-02  0.00000000e+00
   3.17181321e-03  1.07380366e-02]
 [ 3.24087741e-04  9.83899683e-02 -2.33998403e-01 -2.39822373e-01
   5.06852008e-02  0.00000000e+00 -2.62408201e-02  0.00000000e+00
  -1.72522180e-02  2.51537077e-02]
 [ 1.35951385e-01  2.66125292e-01 -2.56397694e-01 -1.82660669e-01
   1.08209305e-01  0.00000000e+00 -1.06045492e-02  0.00000000e+00
  -3.53332087e-02  7.67255249e-03]
 [ 3.55186045e-01  3.59108001e-01 -2.57698834e-01 -2.53579672e-02
   1.08844593e-01  0.00000000e+00  2.47759502e-02  0.00000000e+00
  -4.32504788e-02 -1.25158569e-02]
 [ 2.24795371e-01  8.41951370e-02 -1.12413906e-01 -3.75499465e-02
   3.66889201e-02  0.00000000e+00  1.39577156e-02  0.00000000e+00
  -8.97369999e-03  1.49291493e-02]] 
Episode: 9: [[-1.07410975e-04 -2.37433799e-02 -2.02384382e-01 -2.48277232e-01
  -3.12361550e-02  0.00000000e+00 -1.61607470e-02  0.00000000e+00
   3.17181321e-03  1.06402487e-02]
 [ 3.22657870e-04  9.80490819e-02 -2.33819067e-01 -2.39846930e-01
   5.07118963e-02  0.00000000e+00 -2.61721481e-02  0.00000000e+00
  -1.72522180e-02  2.52758916e-02]
 [ 1.35765359e-01  2.65797824e-01 -2.56256104e-01 -1.82757169e-01
   1.08248428e-01  0.00000000e+00 -1.05208168e-02  0.00000000e+00
  -3.53332087e-02  7.49863777e-03]
 [ 3.55473697e-01  3.58975470e-01 -2.57600278e-01 -2.54628807e-02
   1.08998902e-01  0.00000000e+00  2.48596836e-02  0.00000000e+00
  -4.32504788e-02 -1.26779396e-02]
 [ 2.24694744e-01  8.39045942e-02 -1.12327799e-01 -3.75655740e-02
   3.68516259e-02  0.00000000e+00  1.39890714e-02  0.00000000e+00
  -8.97369999e-03  1.50465313e-02]] 
Episode: 10: [[-9.44197473e-06 -2.38217004e-02 -2.02605605e-01 -2.48351783e-01
  -3.10893785e-02  0.00000000e+00 -1.63715612e-02  0.00000000e+00
   3.17181321e-03  1.04381060e-02]
 [ 4.76398971e-04  9.76059735e-02 -2.33980253e-01 -2.39911780e-01
   5.07966541e-02  0.00000000e+00 -2.62310505e-02  0.00000000e+00
  -1.72522180e-02  2.55024154e-02]
 [ 1.35891333e-01  2.65456825e-01 -2.56385356e-01 -1.82839289e-01
   1.08397804e-01  0.00000000e+00 -1.03364820e-02  0.00000000e+00
  -3.53332087e-02  7.46878516e-03]
 [ 3.55891436e-01  3.58813196e-01 -2.57684201e-01 -2.55224071e-02
   1.09156646e-01  0.00000000e+00  2.50440184e-02  0.00000000e+00
  -4.32504788e-02 -1.26992920e-02]
 [ 2.24943191e-01  8.35646242e-02 -1.12475686e-01 -3.75569388e-02
   3.70651297e-02  0.00000000e+00  1.41124837e-02  0.00000000e+00
  -8.97369999e-03  1.53148072e-02]] 
Episode: 11: [[-6.11365322e-05 -2.41339132e-02 -2.02451304e-01 -2.48344108e-01
  -3.13625336e-02  0.00000000e+00 -1.64425336e-02  0.00000000e+00
   3.17181321e-03  1.03810849e-02]
 [ 4.61488904e-04  9.71733406e-02 -2.33840361e-01 -2.39909992e-01
   5.05253226e-02  0.00000000e+00 -2.61716880e-02  0.00000000e+00
  -1.72522180e-02  2.58091222e-02]
 [ 1.35786906e-01  2.65044868e-01 -2.56220818e-01 -1.82877406e-01
   1.08194321e-01  0.00000000e+00 -1.00729754e-02  0.00000000e+00
  -3.53332087e-02  7.55203608e-03]
 [ 3.55823517e-01  3.58941197e-01 -2.57467121e-01 -2.54798196e-02
   1.09009631e-01  0.00000000e+00  2.53075249e-02  0.00000000e+00
  -4.32504788e-02 -1.26098925e-02]
 [ 2.24689379e-01  8.31410736e-02 -1.12320751e-01 -3.75790000e-02
   3.68519723e-02  0.00000000e+00  1.43305389e-02  0.00000000e+00
  -8.97369999e-03  1.56844445e-02]] 
Episode: 12: [[-2.2694617e-04 -2.4563031e-02 -2.0225421e-01 -2.4833976e-01
  -3.1747539e-02  0.0000000e+00 -1.6401151e-02  0.0000000e+00
   3.1718132e-03  1.0439408e-02]
 [ 3.2036938e-04  9.6662879e-02 -2.3368309e-01 -2.3990610e-01
   5.0140556e-02  0.0000000e+00 -2.6017608e-02  0.0000000e+00
  -1.7252218e-02  2.6179036e-02]
 [ 1.3556993e-01  2.6455212e-01 -2.5606456e-01 -1.8288411e-01
   1.0787048e-01  0.0000000e+00 -9.7458577e-03  0.0000000e+00
  -3.5333209e-02  7.7259834e-03]
 [ 3.5571644e-01  3.5895863e-01 -2.5725937e-01 -2.5396982e-02
   1.0877242e-01  0.0000000e+00  2.5634643e-02  0.0000000e+00
  -4.3250479e-02 -1.2431509e-02]
 [ 2.2444181e-01  8.2637563e-02 -1.1217504e-01 -3.7577879e-02
   3.6513533e-02  0.0000000e+00  1.4623603e-02  0.0000000e+00
  -8.9737000e-03  1.6127149e-02]] 
Episode: 13: [[-4.8221313e-04 -2.5016671e-02 -2.0225190e-01 -2.4827898e-01
  -3.2180972e-02  0.0000000e+00 -1.6267983e-02  0.0000000e+00
   3.1718132e-03  1.0591122e-02]
 [ 8.1641825e-05  9.6151903e-02 -2.3372686e-01 -2.3984246e-01
   4.9670924e-02  0.0000000e+00 -2.5786355e-02  0.0000000e+00
  -1.7252218e-02  2.6599776e-02]
 [ 1.3523912e-01  2.6416039e-01 -2.5611123e-01 -1.8282956e-01
   1.0743031e-01  0.0000000e+00 -9.3667749e-03  0.0000000e+00
  -3.5333209e-02  7.9739010e-03]
 [ 3.5545862e-01  3.5909906e-01 -2.5721708e-01 -2.5258096e-02
   1.0838752e-01  0.0000000e+00  2.6013725e-02  0.0000000e+00
  -4.3250479e-02 -1.2180434e-02]
 [ 2.2410944e-01  8.2296140e-02 -1.1221652e-01 -3.7513129e-02
   3.6061157e-02  0.0000000e+00  1.4977254e-02  0.0000000e+00
  -8.9737000e-03  1.6624905e-02]] 
Episode: 14: [[-7.37229944e-04 -2.54405830e-02 -2.02246994e-01 -2.48161912e-01
  -3.25781330e-02  0.00000000e+00 -1.60588138e-02  0.00000000e+00
   3.17181321e-03  1.08149899e-02]
 [-1.74561865e-04  9.56735909e-02 -2.33757436e-01 -2.39723563e-01
   4.92410883e-02  0.00000000e+00 -2.54913438e-02  0.00000000e+00
  -1.72522180e-02  2.70620398e-02]
 [ 1.34885132e-01  2.63775468e-01 -2.56147325e-01 -1.82715699e-01
   1.07027501e-01  0.00000000e+00 -8.94466322e-03  0.00000000e+00
  -3.53332087e-02  8.28298461e-03]
 [ 3.55184823e-01  3.59195352e-01 -2.57170409e-01 -2.50515193e-02
   1.08029984e-01  0.00000000e+00  2.64358371e-02  0.00000000e+00
  -4.32504788e-02 -1.18691651e-02]
 [ 2.23795220e-01  8.19615349e-02 -1.12254433e-01 -3.74184698e-02
   3.56489904e-02  0.00000000e+00  1.53805949e-02  0.00000000e+00
  -8.97369999e-03  1.71515327e-02]] 
Episode: 15: [[-0.00106456 -0.02584029 -0.20202537 -0.24789388 -0.03292701  0.
  -0.015786    0.          0.00317181  0.01110367]
 [-0.00050574  0.09520267 -0.2335457  -0.239457    0.04880744  0.
  -0.02514305  0.         -0.01725222  0.02755867]
 [ 0.1344526   0.26330432 -0.25593987 -0.1824745   0.10656082  0.
  -0.00848652  0.         -0.03533321  0.00864323]
 [ 0.35492855  0.35908955 -0.25690868 -0.0247516   0.10756708  0.
   0.02689398  0.         -0.04325048 -0.01150749]
 [ 0.22344919  0.08154736 -0.11205415 -0.03710753  0.03518372  0.
   0.0158252   0.         -0.0089737   0.01755308]] 
Episode: 16: [[-0.001451   -0.02624892 -0.20176049 -0.24764653 -0.03320862  0.
  -0.0154594   0.          0.00317181  0.01144678]
 [-0.00089778  0.09471929 -0.23328389 -0.23921515  0.04846855  0.
  -0.02474979  0.         -0.01725222  0.02808405]
 [ 0.13399345  0.26277146 -0.2556803  -0.18226074  0.10621494  0.
  -0.00799792  0.         -0.03533321  0.00904666]
 [ 0.3546952   0.35888997 -0.2566059  -0.02447298  0.10720415  0.
   0.02738258  0.         -0.04325048 -0.01110322]
 [ 0.22310725  0.08106812 -0.11179565 -0.03682303  0.03483661  0.
   0.01628583  0.         -0.0089737   0.01795684]] 
Episode: 17: [[-0.00173821 -0.02664006 -0.20155859 -0.24749102 -0.03350164  0.
  -0.0152588   0.          0.00317181  0.01165808]
 [-0.00117263  0.09427781 -0.2330965  -0.2390595   0.04814094  0.
  -0.02449176  0.         -0.01725222  0.02845287]
 [ 0.13367389  0.26231647 -0.2555057  -0.18211007  0.10591342  0.
  -0.00765521  0.         -0.03533321  0.00931401]
 [ 0.35464656  0.35874492 -0.25639364 -0.02422201  0.1069102   0.
   0.02772529  0.         -0.04325048 -0.01083214]
 [ 0.2228415   0.0806632  -0.11163209 -0.03658982  0.03454336  0.
   0.01659754  0.         -0.0089737   0.01829022]] 
Episode: 18: [[-0.00208769 -0.02701334 -0.2014497  -0.2474013  -0.03368432  0.
  -0.01516629  0.          0.00317181  0.01193043]
 [-0.00150265  0.09385864 -0.23298839 -0.23895355  0.04800012  0.
  -0.02434959  0.         -0.01725222  0.02883962]
 [ 0.13340797  0.261882   -0.2553821  -0.18198448  0.10585674  0.
  -0.00743765  0.         -0.03533321  0.00952057]
 [ 0.35463136  0.35860726 -0.25621966 -0.02399313  0.1067706   0.
   0.02794285  0.         -0.04325048 -0.01062668]
 [ 0.22260627  0.0802795  -0.11151744 -0.03638315  0.03446736  0.
   0.01678242  0.         -0.0089737   0.01858379]] 
Episode: 19: [[-0.0024895  -0.02733164 -0.20132399 -0.24736649 -0.03381873  0.
  -0.01516703  0.          0.00317181  0.01216359]
 [-0.00188961  0.09348465 -0.23286928 -0.23890658  0.04789773  0.
  -0.02430728  0.         -0.01725222  0.02922409]
 [ 0.13310938  0.26149365 -0.2552599  -0.18192063  0.10584698  0.
  -0.00732805  0.         -0.03533321  0.00976443]
 [ 0.3546488   0.35850158 -0.25606334 -0.0238192   0.10670459  0.
   0.02805245  0.         -0.04325048 -0.01039399]
 [ 0.22237147  0.07993833 -0.11140288 -0.03624052  0.03444622  0.
   0.01685858  0.         -0.0089737   0.01887812]] 
Episode: 20: [[-0.00274689 -0.02763132 -0.20123625 -0.24748068 -0.03395535  0.
  -0.01524861  0.          0.00317181  0.01228338]
 [-0.0021351   0.0931573  -0.23279092 -0.2390178   0.0478496   0.
  -0.02435145  0.         -0.01725222  0.02955619]
 [ 0.13289164  0.2612579  -0.25518763 -0.18200687  0.10599875  0.
  -0.00731205  0.         -0.03533321  0.00989505]
 [ 0.35475355  0.35855365 -0.25596744 -0.02379417  0.10686555  0.
   0.02806845  0.         -0.04325048 -0.01027314]
 [ 0.22218615  0.07976084 -0.11134684 -0.0362385   0.03459631  0.
   0.01684101  0.         -0.0089737   0.01910284]] 
Episode: 21: [[-0.0029441  -0.02789096 -0.20114452 -0.24764436 -0.03405238  0.
  -0.01540059  0.          0.00317181  0.01230509]
 [-0.00238836  0.09288522 -0.23270598 -0.23918211  0.04785649  0.
  -0.02447088  0.         -0.01725222  0.02975949]
 [ 0.13265546  0.26111576 -0.25511742 -0.18215062  0.10620978  0.
  -0.00737756  0.         -0.03533321  0.00992754]
 [ 0.3548754   0.358668   -0.25588778 -0.02382161  0.10708126  0.
   0.02800294  0.         -0.04325048 -0.01024924]
 [ 0.22201805  0.07966597 -0.11130017 -0.03628547  0.03480804  0.
   0.01674225  0.         -0.0089737   0.01928431]] 
Episode: 22: [[-0.00311611 -0.02811902 -0.20108841 -0.24792887 -0.03410506  0.
  -0.01561411  0.          0.00317181  0.01224156]
 [-0.00261628  0.09264913 -0.23266226 -0.2394647   0.04793859  0.
  -0.02465602  0.         -0.01725222  0.02985158]
 [ 0.13245334  0.26102558 -0.25509557 -0.18240282  0.10651068  0.
  -0.00751431  0.         -0.03533321  0.00987462]
 [ 0.355065    0.35884896 -0.2558687  -0.02396275  0.10740667  0.
   0.02786619  0.         -0.04325048 -0.01030972]
 [ 0.22186814  0.07959819 -0.11130045 -0.03649187  0.03509642  0.
   0.01657284  0.         -0.0089737   0.01938334]] 
Episode: 23: [[-0.00325685 -0.02830732 -0.20105585 -0.24826899 -0.0341257   0.
  -0.0158816   0.          0.00317181  0.01215515]
 [-0.00281607  0.09245266 -0.23264389 -0.23980759  0.04805275  0.
  -0.02489875  0.         -0.01725222  0.02986674]
 [ 0.13227944  0.2609855  -0.25510344 -0.18273146  0.10683392  0.
  -0.00771354  0.         -0.03533321  0.00974709]
 [ 0.35528204  0.35907742 -0.25589058 -0.02419776  0.10776945  0.
   0.02766695  0.         -0.04325048 -0.01044392]
 [ 0.22173923  0.07958049 -0.11133223 -0.03675175  0.03541321  0.
   0.01634175  0.         -0.0089737   0.01942556]] 
Episode: 24: [[-0.00335364 -0.02844997 -0.2010581  -0.24869326 -0.0341202   0.
  -0.01619654  0.          0.00317181  0.01199624]
 [-0.00300382  0.09230606 -0.23266026 -0.2402323   0.04818082  0.
  -0.0251921   0.         -0.01725222  0.02979479]
 [ 0.1321277   0.26103804 -0.25514683 -0.18313426  0.10718854  0.
  -0.00796772  0.         -0.03533321  0.00955418]
 [ 0.35554612  0.35936967 -0.25595182 -0.02451113  0.10817853  0.
   0.02741278  0.         -0.04325048 -0.0106427 ]
 [ 0.2216261   0.07963339 -0.11139453 -0.03711418  0.03575291  0.
   0.01605664  0.         -0.0089737   0.01941178]] 
Episode: 25: [[-0.00340857 -0.02857644 -0.20105892 -0.24909918 -0.03410475  0.
  -0.01655332  0.          0.00317181  0.01188665]
 [-0.00319773  0.09218269 -0.23267731 -0.2406432   0.04832592  0.
  -0.02553004  0.         -0.01725222  0.02969768]
 [ 0.1319405   0.26110357 -0.25519574 -0.18353346  0.10755808  0.
  -0.00827035  0.         -0.03533321  0.00932071]
 [ 0.3557952   0.35963818 -0.25602195 -0.02483177  0.10859119  0.
   0.02711015  0.         -0.04325048 -0.01089825]
 [ 0.2215122   0.07968391 -0.11146591 -0.03747101  0.03610617  0.
   0.01572408  0.         -0.0089737   0.01938513]] 
Episode: 26: [[-0.00355321 -0.02871609 -0.20104307 -0.2495707  -0.03407739  0.
  -0.01694708  0.          0.00317181  0.01170739]
 [-0.00346768  0.09205624 -0.23267896 -0.2411235   0.04848309  0.
  -0.02590737  0.         -0.01725222  0.02952668]
 [ 0.13169989  0.26115626 -0.25524    -0.18399552  0.10793253  0.
  -0.00861578  0.         -0.03533321  0.00903415]
 [ 0.356062    0.35992888 -0.25609657 -0.02521838  0.1090228   0.
   0.02676471  0.         -0.04325048 -0.01120381]
 [ 0.22138035  0.07969975 -0.11153226 -0.03789026  0.03645447  0.
   0.01534974  0.         -0.0089737   0.01923951]] 
Episode: 27: [[-0.00375512 -0.0288303  -0.20096776 -0.24998854 -0.0340428   0.
  -0.01723992  0.          0.00317181  0.01146691]
 [-0.00380284  0.09193448 -0.23260704 -0.24155027  0.04861133  0.
  -0.02616901  0.         -0.01725222  0.02940587]
 [ 0.13140658  0.26117504 -0.2551982  -0.18439911  0.10824109  0.
  -0.00884946  0.         -0.03533321  0.00885655]
 [ 0.35633484  0.36014444 -0.25607556 -0.02553313  0.10937111  0.
   0.02653104  0.         -0.04325048 -0.01139919]
 [ 0.22123682  0.07967838 -0.11150338 -0.03826397  0.03674216  0.
   0.01509323  0.         -0.0089737   0.01915659]] 
Episode: 28: [[-0.00398645 -0.02888171 -0.20089598 -0.25038606 -0.03402276  0.
  -0.01757639  0.          0.00317181  0.01133277]
 [-0.00416257  0.09189779 -0.23253167 -0.24195689  0.04875324  0.
  -0.02647756  0.         -0.01725222  0.02933578]
 [ 0.1310674   0.26129788 -0.25514907 -0.18478675  0.10856812  0.
  -0.00913264  0.         -0.03533321  0.00867118]
 [ 0.35655692  0.3603938  -0.2560521  -0.02583346  0.10972416  0.
   0.02624786  0.         -0.04325048 -0.01162677]
 [ 0.22108322  0.07975251 -0.11146752 -0.03862188  0.0370445   0.
   0.01478752  0.         -0.0089737   0.01907551]] 
Episode: 29: [[-0.00428522 -0.02895411 -0.2008078  -0.25066468 -0.03404899  0.
  -0.01780297  0.          0.00317181  0.0112856 ]
 [-0.00457593  0.09183874 -0.23244697 -0.24224578  0.04882965  0.
  -0.02667923  0.         -0.01725222  0.02921917]
 [ 0.13068016  0.26135206 -0.2550956  -0.18504868  0.10881313  0.
  -0.00931207  0.         -0.03533321  0.0084277 ]
 [ 0.3567903   0.36058012 -0.25603527 -0.02599577  0.11000404  0.
   0.02606842  0.         -0.04325048 -0.01190683]
 [ 0.22091122  0.07976052 -0.11142521 -0.03890906  0.03727305  0.
   0.01459056  0.         -0.0089737   0.01894756]] 
Episode: 30: [[-0.00464253 -0.02907285 -0.20064993 -0.25100392 -0.03400225  0.
  -0.01807963  0.          0.00317181  0.0111645 ]
 [-0.00503569  0.09163371 -0.23229517 -0.24259917  0.04892746  0.
  -0.02693354  0.         -0.01725222  0.02903013]
 [ 0.13028486  0.26111227 -0.25494337 -0.18538655  0.10908119  0.
  -0.00954614  0.         -0.03533321  0.00828766]
 [ 0.35697737  0.36048892 -0.25589105 -0.02624209  0.11031648  0.
   0.02583436  0.         -0.04325048 -0.01208086]
 [ 0.22072698  0.07949946 -0.11128135 -0.0392273   0.03754081  0.
   0.01433881  0.         -0.0089737   0.01885023]] 
Episode: 31: [[-0.00499672 -0.02920116 -0.2004841  -0.25125474 -0.03394504  0.
  -0.01825382  0.          0.00317181  0.01097792]
 [-0.00547869  0.09138694 -0.23212557 -0.24285956  0.04898499  0.
  -0.02708779  0.         -0.01725222  0.02889012]
 [ 0.12989643  0.26080137 -0.25476432 -0.18562189  0.10928366  0.
  -0.00968266  0.         -0.03533321  0.0082394 ]
 [ 0.3572052   0.36031467 -0.2557163  -0.02637622  0.1105588   0.
   0.02569783  0.         -0.04325048 -0.01216071]
 [ 0.22056688  0.07917159 -0.11111277 -0.0394749   0.03775598  0.
   0.01418878  0.         -0.0089737   0.01888754]] 
Episode: 32: [[-0.00534241 -0.02933676 -0.20031151 -0.25142702 -0.03388617  0.
  -0.01833669  0.          0.00317181  0.01073326]
 [-0.00590075  0.09115396 -0.23195505 -0.24303742  0.0490369   0.
  -0.02715285  0.         -0.01725222  0.02870924]
 [ 0.12956466  0.26050487 -0.25458762 -0.18576284  0.1094397   0.
  -0.00973221  0.         -0.03533321  0.00814263]
 [ 0.35748488  0.3601669  -0.25554368 -0.02640522  0.11075328  0.
   0.02564828  0.         -0.04325048 -0.01224608]
 [ 0.22043371  0.07886632 -0.11095097 -0.0396648   0.03793069  0.
   0.01412929  0.         -0.0089737   0.0188834 ]] 
Episode: 33: [[-0.00574223 -0.02964823 -0.19996117 -0.25151235 -0.03409277  0.
  -0.01833808  0.          0.00317181  0.01059184]
 [-0.00636935  0.09075012 -0.2316282  -0.2431463   0.04873795  0.
  -0.02713833  0.         -0.01725222  0.02863362]
 [ 0.1291457   0.26002932 -0.25431028 -0.18586546  0.10932083  0.
  -0.00970415  0.         -0.03533321  0.00813278]
 [ 0.35751253  0.3598926  -0.2553267  -0.02641931  0.11080881  0.
   0.02567635  0.         -0.04325048 -0.01224622]
 [ 0.22007844  0.07838162 -0.11068598 -0.0398192   0.0378156   0.
   0.01415045  0.         -0.0089737   0.01899856]] 
Episode: 34: [[-0.00609836 -0.03004968 -0.19973926 -0.2516024  -0.03437923  0.
  -0.01826672  0.          0.00317181  0.01054223]
 [-0.00683404  0.09036435 -0.23141009 -0.24325791  0.04843521  0.
  -0.02712709  0.         -0.01725222  0.02854269]
 [ 0.12873495  0.2596302  -0.25410798 -0.18595722  0.10921191  0.
  -0.00960674  0.         -0.03533321  0.00820027]
 [ 0.35761485  0.3596887  -0.2551611  -0.02640367  0.11084873  0.
   0.02577375  0.         -0.04325048 -0.01217047]
 [ 0.2197579   0.07796334 -0.11049742 -0.03995581  0.03769742  0.
   0.01423981  0.         -0.0089737   0.01916968]] 
Episode: 35: [[-0.00632143 -0.03055893 -0.19938102 -0.25155106 -0.03473466  0.
  -0.01813034  0.          0.00317181  0.01057437]
 [-0.00715238  0.08985436 -0.23106478 -0.24322866  0.04808676  0.
  -0.02704357  0.         -0.01725222  0.02854719]
 [ 0.12844838  0.25913697 -0.25377795 -0.18592429  0.10911055  0.
  -0.00944736  0.         -0.03533321  0.00833666]
 [ 0.3576117   0.35939893 -0.25488222 -0.02628843  0.1108983   0.
   0.02593314  0.         -0.04325048 -0.01202711]
 [ 0.21947925  0.07745269 -0.11017038 -0.03989063  0.03757513  0.
   0.01439385  0.         -0.0089737   0.01943477]] 
Episode: 36: [[-0.00642775 -0.03109157 -0.1989969  -0.25151554 -0.03508252  0.
  -0.01808012  0.          0.00317181  0.01052697]
 [-0.0073424   0.08932322 -0.23068383 -0.24321388  0.04774595  0.
  -0.02704185  0.         -0.01725222  0.02859037]
 [ 0.12830749  0.25861067 -0.25340366 -0.1859193   0.10898215  0.
  -0.00937612  0.         -0.03533321  0.00853446]
 [ 0.35766914  0.35904264 -0.2545405  -0.02624627  0.11090373  0.
   0.02600438  0.         -0.04325048 -0.01192856]
 [ 0.21926293  0.07691477 -0.1098186  -0.03983463  0.03742658  0.
   0.01447085  0.         -0.0089737   0.0197446 ]] 
Episode: 37: [[-0.00643144 -0.03169305 -0.19855513 -0.2514058  -0.03548617  0.
  -0.01796309  0.          0.00317181  0.01040863]
 [-0.00754487  0.08873233 -0.23021291 -0.24312739  0.04735424  0.
  -0.02696734  0.         -0.01725222  0.02871435]
 [ 0.12805878  0.25804242 -0.25292483 -0.18584067  0.10878847  0.
  -0.00924055  0.         -0.03533321  0.00878704]
 [ 0.35758263  0.35861385 -0.25409943 -0.02613514  0.11085731  0.
   0.02613995  0.         -0.04325048 -0.01176438]
 [ 0.21903926  0.07633475 -0.10935795 -0.03973147  0.03721865  0.
   0.01461368  0.         -0.0089737   0.02012901]] 
Episode: 38: [[-0.00639004 -0.03226456 -0.1981442  -0.25133616 -0.0358851   0.
  -0.01792979  0.          0.00317181  0.01037811]
 [-0.00776743  0.08818877 -0.22975557 -0.24308605  0.0469962   0.
  -0.02697323  0.         -0.01725222  0.02888386]
 [ 0.12771925  0.2575392  -0.25246033 -0.18582217  0.10863138  0.
  -0.00919027  0.         -0.03533321  0.00908852]
 [ 0.3573393   0.35827488 -0.2536729  -0.02609478  0.11083157  0.
   0.02619023  0.         -0.04325048 -0.01154163]
 [ 0.2187795   0.07583077 -0.10891557 -0.03966629  0.03703865  0.
   0.01466829  0.         -0.0089737   0.02053273]] 
Episode: 39: [[-0.00644367 -0.03287599 -0.19775937 -0.2512723  -0.03628781  0.
  -0.01782827  0.          0.00317181  0.01042603]
 [-0.0080586   0.08762791 -0.2293364  -0.24304785  0.04663502  0.
  -0.02703768  0.         -0.01725222  0.02912024]
 [ 0.12730283  0.25703758 -0.25204754 -0.18580523  0.10846035  0.
  -0.00916632  0.         -0.03533321  0.00942155]
 [ 0.35700968  0.35795587 -0.25329554 -0.02604984  0.1107903   0.
   0.02630669  0.         -0.04325048 -0.01131086]
 [ 0.21847288  0.07533824 -0.10852306 -0.03960901  0.03685156  0.
   0.01472601  0.         -0.0089737   0.02092103]] 
Episode: 40: [[-0.00640185 -0.03346258 -0.19743545 -0.25132284 -0.03657335  0.
  -0.01780856  0.          0.00317181  0.01054404]
 [-0.00822555  0.08712425 -0.2289465  -0.24313319  0.04640521  0.
  -0.02716828  0.         -0.01725222  0.02933514]
 [ 0.1268988   0.25658205 -0.25164363 -0.18590361  0.10837612  0.
  -0.00921684  0.         -0.03533321  0.00964542]
 [ 0.35663626  0.35767406 -0.25292057 -0.02611097  0.11075391  0.
   0.02634014  0.         -0.04325048 -0.01117994]
 [ 0.21819116  0.07488942 -0.10812898 -0.03963448  0.03674091  0.
   0.01470366  0.         -0.0089737   0.02124212]] 
Episode: 41: [[-0.00645336 -0.03407319 -0.19699796 -0.2512533  -0.03699154  0.
  -0.0177195   0.          0.00317181  0.01072472]
 [-0.00846556  0.08659822 -0.2284632  -0.24311426  0.04605046  0.
  -0.02721299  0.         -0.01725222  0.02961246]
 [ 0.12642676  0.2560645  -0.25117448 -0.18594132  0.1081264   0.
  -0.00919034  0.         -0.03533321  0.00992093]
 [ 0.35616118  0.3572957  -0.2525125  -0.02614433  0.11056701  0.
   0.02644124  0.         -0.04325048 -0.01098678]
 [ 0.21775475  0.07437287 -0.10767369 -0.03962431  0.03645937  0.
   0.01475754  0.         -0.0089737   0.0216372 ]] 
Episode: 42: [[-0.0065874  -0.03467271 -0.19657008 -0.2511789  -0.03740257  0.
  -0.01756824  0.          0.00317181  0.01084027]
 [-0.00871342  0.08610882 -0.2280132  -0.24308102  0.04572408  0.
  -0.02718072  0.         -0.01725222  0.02981751]
 [ 0.12602893  0.25560614 -0.25075573 -0.18595105  0.10789873  0.
  -0.00909477  0.         -0.03533321  0.01024265]
 [ 0.3557718   0.35697785 -0.25215808 -0.02613848  0.11039216  0.
   0.02660305  0.         -0.04325048 -0.010738  ]
 [ 0.21736626  0.07391549 -0.10727521 -0.03960615  0.03619948  0.
   0.01487967  0.         -0.0089737   0.02204706]] 
Episode: 43: [[-0.00670183 -0.03521242 -0.19619168 -0.25106707 -0.0377699   0.
  -0.01736115  0.          0.00317181  0.01086898]
 [-0.00895687  0.08565    -0.22762021 -0.24300842  0.04541887  0.
  -0.02707945  0.         -0.01725222  0.02991552]
 [ 0.12562251  0.25516325 -0.25039926 -0.18591759  0.10767309  0.
  -0.00893726  0.         -0.03533321  0.0104572 ]
 [ 0.35537755  0.3566654  -0.2518608  -0.0260881   0.11020828  0.
   0.02681932  0.         -0.04325048 -0.01056291]
 [ 0.2170001   0.07347279 -0.10694528 -0.03957804  0.03594657  0.
   0.01506291  0.         -0.0089737   0.02239621]] 
Episode: 44: [[-0.0068923  -0.03576576 -0.19578514 -0.25093985 -0.03815512  0.
  -0.01710398  0.          0.00317181  0.01081996]
 [-0.00926598  0.08518665 -0.22719741 -0.24292648  0.04513073  0.
  -0.02691629  0.         -0.01725222  0.03008786]
 [ 0.12514846  0.25472322 -0.25000954 -0.18587042  0.10751989  0.
  -0.00872417  0.         -0.03533321  0.01072391]
 [ 0.35488716  0.35634893 -0.2515294  -0.02601967  0.11011417  0.
   0.0270845   0.         -0.04325048 -0.01033015]
 [ 0.21658719  0.07302539 -0.10657547 -0.03954035  0.03576132  0.
   0.01530091  0.         -0.0089737   0.02281595]] 
Episode: 45: [[-0.00697479 -0.03620819 -0.19549824 -0.25083482 -0.03841545  0.
  -0.01680719  0.          0.00317181  0.01070134]
 [-0.00945036  0.08481648 -0.22691678 -0.24285509  0.04495521  0.
  -0.02669763  0.         -0.01725222  0.03032622]
 [ 0.12484449  0.25436547 -0.24974535 -0.18581775  0.10744745  0.
  -0.00846121  0.         -0.03533321  0.01103734]
 [ 0.35452372  0.35607874 -0.25128096 -0.02594559  0.110042    0.
   0.02739358  0.         -0.04325048 -0.0100458 ]
 [ 0.21628042  0.07265174 -0.10631961 -0.03949939  0.03564903  0.
   0.01558796  0.         -0.0089737   0.02329658]] 
Episode: 46: [[-0.00696148 -0.03655093 -0.19527651 -0.25070328 -0.03860375  0.
  -0.01646936  0.          0.00317181  0.01052948]
 [-0.00952438  0.08453184 -0.22670592 -0.24275185  0.04480974  0.
  -0.02642916  0.         -0.01725222  0.03061751]
 [ 0.12462814  0.2540905  -0.24954103 -0.18572323  0.10734309  0.
  -0.00815348  0.         -0.03533321  0.0113926 ]
 [ 0.3542482   0.3558795  -0.25106376 -0.02582986  0.10992513  0.
   0.0277421   0.         -0.04325048 -0.00971531]
 [ 0.21603243  0.07235956 -0.10611747 -0.03943622  0.03551359  0.
   0.01591898  0.         -0.0089737   0.02380287]] 
Episode: 47: [[-0.00703604 -0.03694095 -0.19509108 -0.25067145 -0.03884853  0.
  -0.01623656  0.          0.00317181  0.01044966]
 [-0.00964784  0.08426583 -0.22654754 -0.24274886  0.04464154  0.
  -0.02625971  0.         -0.01725222  0.03079842]
 [ 0.1244278   0.2539009  -0.2494006  -0.18574443  0.10725657  0.
  -0.00794811  0.         -0.03533321  0.01163812]
 [ 0.35401782  0.3558426  -0.25092775 -0.02583169  0.10989519  0.
   0.02798493  0.         -0.04325048 -0.00949363]
 [ 0.21579313  0.07215762 -0.10598496 -0.03945549  0.03539724  0.
   0.01614337  0.         -0.0089737   0.02414596]] 
Episode: 48: [[-0.00708164 -0.03730584 -0.19494092 -0.25075537 -0.03907717  0.
  -0.01609812  0.          0.00317181  0.01030361]
 [-0.00973522  0.08401165 -0.22643076 -0.2428653   0.04448419  0.
  -0.02617916  0.         -0.01725222  0.03087728]
 [ 0.12425319  0.2537102  -0.24931194 -0.18587784  0.10718495  0.
  -0.00783466  0.         -0.03533321  0.0117852 ]
 [ 0.35384208  0.35579324 -0.2508569  -0.02593637  0.10989874  0.
   0.02813281  0.         -0.04325048 -0.00936946]
 [ 0.21557994  0.07195067 -0.10590437 -0.03957694  0.03529997  0.
   0.0162721   0.         -0.0089737   0.0244029 ]] 
Episode: 49: [[-0.00703572 -0.03769385 -0.19480956 -0.2508201  -0.03931191  0.
  -0.01590279  0.          0.00317181  0.01012264]
 [-0.00972234  0.08372497 -0.22631985 -0.2429598   0.04429471  0.
  -0.02603505  0.         -0.01725222  0.03089849]
 [ 0.12419159  0.25349563 -0.24921678 -0.18599693  0.1070523   0.
  -0.0078004   0.         -0.03533321  0.01184399]
 [ 0.35368034  0.35571745 -0.25078213 -0.02604912  0.10984777  0.
   0.02819536  0.         -0.04325048 -0.00933267]
 [ 0.21541375  0.07172132 -0.10581939 -0.03969243  0.0351558   0.
   0.01636535  0.         -0.0089737   0.02458637]] 
Episode: 50: [[-0.00702698 -0.03804103 -0.19471684 -0.2509519  -0.03952356  0.
  -0.01579791  0.          0.00317181  0.01003467]
 [-0.00978351  0.08347724 -0.22625215 -0.2431196   0.04412961  0.
  -0.0259771   0.         -0.01725222  0.0310006 ]
 [ 0.12409803  0.25335604 -0.2491674  -0.18618003  0.10695899  0.
  -0.00784073  0.         -0.03533321  0.01182356]
 [ 0.35357082  0.35575393 -0.2507478  -0.02621275  0.10986175  0.
   0.02818122  0.         -0.04325048 -0.00937422]
 [ 0.21525724  0.07158627 -0.10578135 -0.03985049  0.03506729  0.
   0.0163757   0.         -0.0089737   0.0246609 ]] 
Episode: 51: [[-0.00703972 -0.03834867 -0.19463466 -0.25107074 -0.03968665  0.
  -0.01576011  0.          0.00317181  0.00988119]
 [-0.00981078  0.08323818 -0.2261948  -0.24326415  0.04399216  0.
  -0.02599655  0.         -0.01725222  0.03100935]
 [ 0.12402973  0.25320792 -0.24912755 -0.18634515  0.10689189  0.
  -0.00794809  0.         -0.03533321  0.01173204]
 [ 0.35349104  0.35577843 -0.25071812 -0.02635489  0.10990165  0.
   0.02809814  0.         -0.04325048 -0.00947524]
 [ 0.21512327  0.07144848 -0.10575286 -0.0399945   0.0350144   0.
   0.01632916  0.         -0.0089737   0.0247054 ]] 
Episode: 52: [[-0.00704871 -0.03861014 -0.19459623 -0.25125065 -0.03976106  0.
  -0.01579704  0.          0.00317181  0.00970843]
 [-0.00982225  0.08302663 -0.22619197 -0.24347     0.04390765  0.
  -0.02608552  0.         -0.01725222  0.03093482]
 [ 0.12397934  0.25307205 -0.24915873 -0.1865846   0.10684884  0.
  -0.00811568  0.         -0.03533321  0.01157672]
 [ 0.35346237  0.35582143 -0.25077677 -0.02658509  0.10997241  0.
   0.02795307  0.         -0.04325048 -0.00964056]
 [ 0.21500854  0.07132041 -0.10580317 -0.04019731  0.03499058  0.
   0.01621376  0.         -0.0089737   0.02468722]] 
Episode: 53: [[-0.00697697 -0.03884    -0.19460194 -0.2514958  -0.03981661  0.
  -0.01590115  0.          0.00317181  0.00949877]
 [-0.00978761  0.08283225 -0.22623342 -0.24374372  0.04383583  0.
  -0.02623698  0.         -0.01725222  0.03078599]
 [ 0.12396061  0.2529365  -0.24923618 -0.18690325  0.1068167   0.
  -0.0083374   0.         -0.03533321  0.01136414]
 [ 0.35351354  0.3558548  -0.25088587 -0.02689246  0.11005826  0.
   0.02775228  0.         -0.04325048 -0.00986352]
 [ 0.21492341  0.07118706 -0.10590107 -0.04046188  0.03497647  0.
   0.01603657  0.         -0.0089737   0.02463628]] 
Episode: 54: [[-0.00694509 -0.03907594 -0.19461069 -0.25176182 -0.03989116  0.
  -0.01606564  0.          0.00317181  0.00934107]
 [-0.0097428   0.0826351  -0.22627594 -0.2440381   0.04374475  0.
  -0.02644456  0.         -0.01725222  0.03064337]
 [ 0.12396928  0.25279838 -0.24931616 -0.18724728  0.10677055  0.
  -0.00860776  0.         -0.03533321  0.01111738]
 [ 0.35361055  0.35586905 -0.25099915 -0.02723664  0.11013954  0.
   0.02750138  0.         -0.04325048 -0.01013819]
 [ 0.21485476  0.07105049 -0.10599719 -0.04074391  0.03494712  0.
   0.01580393  0.         -0.0089737   0.02457619]] 
Episode: 55: [[-0.0068278  -0.03918632 -0.19461235 -0.25195375 -0.03991442  0.
  -0.0161428   0.          0.00317181  0.00927509]
 [-0.00964715  0.08251084 -0.22631225 -0.24425635  0.04368017  0.
  -0.02655993  0.         -0.01725222  0.03059799]
 [ 0.12394065  0.25268188 -0.24939252 -0.1875113   0.10671353  0.
  -0.00878006  0.         -0.03533321  0.01096869]
 [ 0.35370943  0.35585958 -0.2511093  -0.02750616  0.11016782  0.
   0.0273459   0.         -0.04325048 -0.01031081]
 [ 0.21479246  0.0709328  -0.10608698 -0.04097045  0.0349016   0.
   0.01566811  0.         -0.0089737   0.02459925]] 
Episode: 56: [[-0.00670414 -0.0393011  -0.19452485 -0.2521031  -0.03996317  0.
  -0.01614143  0.          0.00317181  0.00929135]
 [-0.00958691  0.08238672 -0.2262328  -0.24443477  0.04360764  0.
  -0.02659241  0.         -0.01725222  0.03057775]
 [ 0.12386226  0.25257024 -0.24931742 -0.18773834  0.10665456  0.
  -0.00890499  0.         -0.03533321  0.01076198]
 [ 0.35379916  0.35584491 -0.25104058 -0.02774391  0.11017644  0.
   0.02727622  0.         -0.04325048 -0.01054004]
 [ 0.21472092  0.07082968 -0.10603901 -0.04116534  0.03485147  0.
   0.01554226  0.         -0.0089737   0.0245972 ]] 
Episode: 57: [[-0.00668252 -0.03935595 -0.19452558 -0.25225228 -0.03997889  0.
  -0.01617777  0.          0.00317181  0.00923056]
 [-0.00962713  0.08230018 -0.22624695 -0.24460521  0.043564    0.
  -0.02655037  0.         -0.01725222  0.03064242]
 [ 0.12370024  0.25248227 -0.24934207 -0.1879329   0.10661829  0.
  -0.00894598  0.         -0.03533321  0.0106491 ]
 [ 0.35382953  0.35582823 -0.25105336 -0.02792154  0.11019605  0.
   0.02728372  0.         -0.04325048 -0.01067208]
 [ 0.21462342  0.07075205 -0.10609855 -0.04132948  0.03483443  0.
   0.015503    0.         -0.0089737   0.02470536]] 
Episode: 58: [[-0.00675167 -0.03934361 -0.19459847 -0.25246853 -0.03995933  0.
  -0.01628164  0.          0.00317181  0.00925122]
 [-0.00975638  0.08230761 -0.22635241 -0.24483074  0.04356073  0.
  -0.02658377  0.         -0.01725222  0.0307829 ]
 [ 0.12343817  0.25251436 -0.2494679  -0.1881503   0.1066331   0.
  -0.00905418  0.         -0.03533321  0.01062051]
 [ 0.353824    0.3559028  -0.2511401  -0.02808014  0.11025439  0.
   0.0272203   0.         -0.04325048 -0.01075958]
 [ 0.21448317  0.07078571 -0.10625607 -0.04149395  0.03487286  0.
   0.01539394  0.         -0.0089737   0.02483494]] 
Episode: 59: [[-0.00690159 -0.03930759 -0.19463466 -0.25266892 -0.0398862   0.
  -0.01644623  0.          0.00317181  0.00919462]
 [-0.00995996  0.08231592 -0.22640863 -0.24503994  0.04360386  0.
  -0.02668498  0.         -0.01725222  0.03087599]
 [ 0.12313271  0.25255582 -0.24953344 -0.18835194  0.10670687  0.
  -0.00922281  0.         -0.03533321  0.0105858 ]
 [ 0.35381022  0.35599196 -0.25116515 -0.02821914  0.11036056  0.
   0.02709308  0.         -0.04325048 -0.01080659]
 [ 0.2143266   0.07083941 -0.10635223 -0.04165342  0.03496586  0.
   0.01524644  0.         -0.0089737   0.02496172]] 
Episode: 60: [[-0.00694825 -0.03918667 -0.19457719 -0.252872   -0.03977531  0.
  -0.01666541  0.          0.00317181  0.00907486]
 [-0.01022166  0.08235576 -0.22634749 -0.24526478  0.04367974  0.
  -0.02684717  0.         -0.01725222  0.03087673]
 [ 0.12274534  0.25261393 -0.24945763 -0.18859553  0.10681093  0.
  -0.00944576  0.         -0.03533321  0.01052451]
 [ 0.35364935  0.35610294 -0.25103238 -0.02843286  0.11047859  0.
   0.02690846  0.         -0.04325048 -0.01092376]
 [ 0.21412925  0.07092002 -0.10631246 -0.04183593  0.03508461  0.
   0.01503985  0.         -0.0089737   0.02504664]] 
Episode: 61: [[-0.00695344 -0.03906874 -0.19451001 -0.25302985 -0.03963865  0.
  -0.01679149  0.          0.00317181  0.00889218]
 [-0.01046739  0.08239114 -0.22627129 -0.24544099  0.04378602  0.
  -0.02692197  0.         -0.01725222  0.03085613]
 [ 0.12237704  0.2526579  -0.24936566 -0.18878493  0.1069417   0.
  -0.00957509  0.         -0.03533321  0.01054336]
 [ 0.35347995  0.35619992 -0.25088957 -0.0285924   0.11061549  0.
   0.02681247  0.         -0.04325048 -0.01095425]
 [ 0.21394007  0.07097985 -0.10625127 -0.04198664  0.03522475  0.
   0.01491908  0.         -0.0089737   0.02514187]] 
Episode: 62: [[-0.00695571 -0.0389948  -0.19442858 -0.2531815  -0.03953555  0.
  -0.01683387  0.          0.00317181  0.00877138]
 [-0.01067896  0.08239877 -0.2261831  -0.24561416  0.04386672  0.
  -0.02691818  0.         -0.01725222  0.03092072]
 [ 0.12199713  0.25268954 -0.24926893 -0.18898259  0.10705703  0.
  -0.00962025  0.         -0.03533321  0.01063418]
 [ 0.35327297  0.35630593 -0.250748   -0.02877297  0.11074629  0.
   0.02678218  0.         -0.04325048 -0.01090695]
 [ 0.21374924  0.0710291  -0.10618825 -0.04214247  0.03534861  0.
   0.01483348  0.         -0.0089737   0.02527941]] 
Episode: 63: [[-0.00704611 -0.03887547 -0.19434457 -0.2533072  -0.03935247  0.
  -0.01680097  0.          0.00317181  0.00866483]
 [-0.01096157  0.08244794 -0.22610027 -0.24575582  0.04404444  0.
  -0.02684373  0.         -0.01725222  0.03106142]
 [ 0.12155858  0.2527328  -0.24918714 -0.18912607  0.10724759  0.
  -0.0095897   0.         -0.03533321  0.01078962]
 [ 0.35315096  0.3564082  -0.25063324 -0.02887207  0.11091068  0.
   0.02682523  0.         -0.04325048 -0.01078983]
 [ 0.21356326  0.07108635 -0.10614295 -0.04225757  0.03553753  0.
   0.01483106  0.         -0.0089737   0.02551379]] 
Episode: 64: [[-0.007215   -0.0388057  -0.19427355 -0.2534529  -0.03921397  0.
  -0.01684237  0.          0.00317181  0.00864501]
 [-0.01127677  0.08247858 -0.22605768 -0.24590138  0.04419266  0.
  -0.02684776  0.         -0.01725222  0.03110513]
 [ 0.12127246  0.25278607 -0.24914554 -0.18925297  0.10742216  0.
  -0.00963336  0.         -0.03533321  0.01085566]
 [ 0.35317037  0.35652176 -0.2505453  -0.02895318  0.11106119  0.
   0.02679367  0.         -0.04325048 -0.01075907]
 [ 0.21343008  0.07115135 -0.10613012 -0.04235891  0.03571151  0.
   0.01475445  0.         -0.0089737   0.02561122]] 
Episode: 65: [[-0.00727876 -0.03878417 -0.1941256  -0.25345153 -0.03916916  0.
  -0.01680864  0.          0.00317181  0.0085514 ]
 [-0.01146557  0.08240429 -0.2258863  -0.24591623  0.04423556  0.
  -0.0267804   0.         -0.01725222  0.03122658]
 [ 0.12092232  0.25270817 -0.24896973 -0.18927568  0.10744769  0.
  -0.00960153  0.         -0.03533321  0.01098868]
 [ 0.35311198  0.35651112 -0.25035387 -0.028969    0.11105496  0.
   0.02683556  0.         -0.04325048 -0.01065698]
 [ 0.21330251  0.07109169 -0.10597744 -0.0423917   0.03572357  0.
   0.01475993  0.         -0.0089737   0.02580735]] 
Episode: 66: [[-0.00724877 -0.03882714 -0.1939779  -0.25331533 -0.03911842  0.
  -0.01670734  0.          0.00317181  0.00839157]
 [-0.01164448  0.08228814 -0.22570404 -0.24579677  0.04431567  0.
  -0.02664882  0.         -0.01725222  0.03128069]
 [ 0.12057626  0.25255474 -0.24878438 -0.18917593  0.10750945  0.
  -0.00950181  0.         -0.03533321  0.01118146]
 [ 0.3530388   0.3563999  -0.25015077 -0.02887556  0.11106373  0.
   0.02694352  0.         -0.04325048 -0.01051697]
 [ 0.2131795   0.07095867 -0.10582785 -0.04235724  0.03576131  0.
   0.01483911  0.         -0.0089737   0.02600565]] 
Episode: 67: [[-0.00722506 -0.03883038 -0.1939011  -0.25323215 -0.0390783   0.
  -0.01668713  0.          0.00317181  0.00817233]
 [-0.0118418   0.08223418 -0.22560558 -0.24571837  0.04439198  0.
  -0.02660138  0.         -0.01725222  0.03141146]
 [ 0.12031694  0.25249514 -0.24868245 -0.18909274  0.10757025  0.
  -0.00948315  0.         -0.03533321  0.01142832]
 [ 0.35298336  0.3563706  -0.2500112  -0.02878368  0.11106261  0.
   0.02711094  0.         -0.04325048 -0.01031645]
 [ 0.21308234  0.07091122 -0.10575631 -0.0423267   0.03579403  0.
   0.01488146  0.         -0.0089737   0.02625   ]] 
Episode: 68: [[-0.00721934 -0.03878102 -0.19380641 -0.25303036 -0.03902966  0.
  -0.01659803  0.          0.00317181  0.0078998 ]
 [-0.01204317  0.08223388 -0.22549476 -0.24551845  0.04446923  0.
  -0.02648777  0.         -0.01725222  0.03144683]
 [ 0.12009998  0.25249237 -0.24857335 -0.1889      0.10761744  0.
  -0.00939532  0.         -0.03533321  0.01157685]
 [ 0.3530079   0.35638478 -0.24988301 -0.02859465  0.11104107  0.
   0.02733185  0.         -0.04325048 -0.01021076]
 [ 0.21299684  0.07091105 -0.1056636  -0.04222402  0.03581669  0.
   0.01499418  0.         -0.0089737   0.02642706]] 
Episode: 69: [[-0.00724284 -0.03873634 -0.19373405 -0.25283194 -0.03898518  0.
  -0.01644698  0.          0.00317181  0.00773023]
 [-0.01224093  0.08223759 -0.22540846 -0.2453212   0.04454026  0.
  -0.02631464  0.         -0.01725222  0.03143525]
 [ 0.11990024  0.25249863 -0.24848692 -0.18870911  0.10765821  0.
  -0.00924528  0.         -0.03533321  0.01163703]
 [ 0.35304913  0.35640967 -0.24977966 -0.02840579  0.11101492  0.
   0.02760088  0.         -0.04325048 -0.01019023]
 [ 0.21291882  0.07091742 -0.10559045 -0.04212917  0.03583452  0.
   0.01513836  0.         -0.0089737   0.02655638]] 
Episode: 70: [[-0.00735247 -0.03875374 -0.19360206 -0.25265485 -0.0389868   0.
  -0.01629943  0.          0.00317181  0.00765311]
 [-0.0125128   0.08219516 -0.22526722 -0.24514833  0.04455938  0.
  -0.0262073   0.         -0.01725222  0.03150697]
 [ 0.11960637  0.25248718 -0.24836543 -0.18853867  0.1076612   0.
  -0.00918128  0.         -0.03533321  0.01176447]
 [ 0.35304576  0.35642773 -0.24966058 -0.0282212   0.11098096  0.
   0.02782094  0.         -0.04325048 -0.01009736]
 [ 0.2127762   0.07090606 -0.10548462 -0.04204173  0.03582369  0.
   0.01525052  0.         -0.0089737   0.02673347]] 
Episode: 71: [[-0.00736251 -0.03870949 -0.19344063 -0.25244233 -0.03892894  0.
  -0.0160953   0.          0.00317181  0.00765898]
 [-0.01266151  0.08219838 -0.22510633 -0.2449452   0.04462906  0.
  -0.02603956  0.         -0.01725222  0.03165321]
 [ 0.1193382   0.25250125 -0.24823707 -0.18834783  0.10770221  0.
  -0.00905272  0.         -0.03533321  0.01195236]
 [ 0.35304007  0.3564543  -0.24954122 -0.02803037  0.11095687  0.
   0.02808964  0.         -0.04325048 -0.00993953]
 [ 0.2126722   0.07091955 -0.10537088 -0.04193729  0.03584439  0.
   0.01542676  0.         -0.0089737   0.0269482 ]] 
Episode: 72: [[-0.00736418 -0.03866305 -0.19329621 -0.25234345 -0.03886815  0.
  -0.01598301  0.          0.00317181  0.00761324]
 [-0.01279908  0.08221433 -0.22495218 -0.24486506  0.04470681  0.
  -0.02595978  0.         -0.01725222  0.03170282]
 [ 0.1190808   0.2525222  -0.24810152 -0.1882982   0.10776436  0.
  -0.00900801  0.         -0.03533321  0.01204811]
 [ 0.3530483   0.35648823 -0.24940611 -0.02796873  0.11096227  0.
   0.02826075  0.         -0.04325048 -0.00987189]
 [ 0.21257694  0.07092926 -0.10525714 -0.0419233   0.03588361  0.
   0.01550984  0.         -0.0089737   0.02707637]] 
Episode: 73: [[-0.00727724 -0.03863796 -0.19320808 -0.25227064 -0.03884932  0.
  -0.01595332  0.          0.00317181  0.00754765]
 [-0.01282756  0.08221485 -0.22486253 -0.24481085  0.04474374  0.
  -0.02595911  0.         -0.01725222  0.03166591]
 [ 0.1189433   0.25254396 -0.24801736 -0.18827252  0.10779932  0.
  -0.00903872  0.         -0.03533321  0.01206106]
 [ 0.35309052  0.35654375 -0.24930723 -0.02792436  0.11095458  0.
   0.02834404  0.         -0.04325048 -0.00988525]
 [ 0.21255054  0.07094742 -0.10519154 -0.04192065  0.03589784  0.
   0.01550927  0.         -0.0089737   0.02714581]] 
Episode: 74: [[-0.00722271 -0.03867785 -0.19313717 -0.25218388 -0.03890038  0.
  -0.01585529  0.          0.00317181  0.00756453]
 [-0.01287334  0.08215884 -0.2247958  -0.24474221  0.04470972  0.
  -0.02588741  0.         -0.01725222  0.03166979]
 [ 0.11879334  0.25252542 -0.24795914 -0.18823154  0.107761    0.
  -0.0090336   0.         -0.03533321  0.01199959]
 [ 0.35313648  0.35657635 -0.24923514 -0.02786156  0.1108977   0.
   0.02838094  0.         -0.04325048 -0.00997139]
 [ 0.2125111   0.07093672 -0.10515253 -0.04192959  0.03585134  0.
   0.01551355  0.         -0.0089737   0.02718865]] 
Episode: 75: [[-0.00709922 -0.03870575 -0.1930465  -0.25209904 -0.03894777  0.
  -0.01575726  0.          0.00317181  0.00750397]
 [-0.01286365  0.08209993 -0.22470047 -0.24467476  0.04468279  0.
  -0.02585694  0.         -0.01725222  0.03163042]
 [ 0.11866566  0.2524829  -0.24786165 -0.18819416  0.10773712  0.
  -0.0091003   0.         -0.03533321  0.01190402]
 [ 0.35316372  0.35657692 -0.24911523 -0.02781313  0.11086374  0.
   0.02836981  0.         -0.04325048 -0.0101229 ]
 [ 0.2124783   0.07089349 -0.10507439 -0.0419317   0.03581665  0.
   0.01548277  0.         -0.0089737   0.0272104 ]] 
Episode: 76: [[-0.00707708 -0.03876104 -0.19277807 -0.2519239  -0.038982    0.
  -0.01559728  0.          0.00317181  0.00752518]
 [-0.0129499   0.08202023 -0.22439419 -0.24451894  0.04466587  0.
  -0.02575807  0.         -0.01725222  0.03167708]
 [ 0.11843464  0.25241753 -0.24751572 -0.18806927  0.10770898  0.
  -0.00908903  0.         -0.03533321  0.01189147]
 [ 0.35309872  0.3565316  -0.24873358 -0.0276791   0.11078409  0.
   0.0284311   0.         -0.04325048 -0.01018516]
 [ 0.21234524  0.07082775 -0.10474207 -0.04188045  0.03577329  0.
   0.0155312   0.         -0.0089737   0.02734262]] 
Episode: 77: [[-0.00696907 -0.03883889 -0.19258282 -0.25190327 -0.03895893  0.
  -0.01552511  0.          0.00317181  0.00761981]
 [-0.01297839  0.08191483 -0.22416556 -0.24451283  0.04471393  0.
  -0.02574055  0.         -0.01725222  0.03180075]
 [ 0.11819603  0.25230917 -0.24725035 -0.18807824  0.10778427  0.
  -0.00915015  0.         -0.03533321  0.01180683]
 [ 0.35304296  0.35645038 -0.24844544 -0.02766859  0.11085254  0.
   0.02841496  0.         -0.04325048 -0.01031507]
 [ 0.2122197   0.07071906 -0.10448592 -0.04204869  0.03582942  0.
   0.01549873  0.         -0.0089737   0.02744232]] 
Episode: 78: [[-0.00688695 -0.03888282 -0.19240284 -0.251921   -0.0389417   0.
  -0.0155319   0.          0.00317181  0.0076294 ]
 [-0.01304619  0.08184431 -0.22395486 -0.24454494  0.0447487   0.
  -0.0257962   0.         -0.01725222  0.0318302 ]
 [ 0.11796293  0.25223553 -0.24701011 -0.18812452  0.10782566  0.
  -0.0092764   0.         -0.03533321  0.0116574 ]
 [ 0.3530586   0.3564187  -0.24819015 -0.02768016  0.11089791  0.
   0.02832919  0.         -0.04325048 -0.01050576]
 [ 0.21210708  0.0706421  -0.10425009 -0.04223904  0.03586468  0.
   0.01539365  0.         -0.0089737   0.02748015]] 
Episode: 79: [[-0.00690171 -0.03888549 -0.19223244 -0.25188926 -0.03890458  0.
  -0.01546632  0.          0.00317181  0.0075847 ]
 [-0.01320197  0.08180462 -0.2237531  -0.24452458  0.0447963   0.
  -0.02577487  0.         -0.01725222  0.03177525]
 [ 0.1177021   0.25218555 -0.24677579 -0.18810333  0.10786954  0.
  -0.00931877  0.         -0.03533321  0.01144975]
 [ 0.35306805  0.35640216 -0.24793294 -0.02760322  0.11093234  0.
   0.02832325  0.         -0.04325048 -0.0107482 ]
 [ 0.21198687  0.07058846 -0.10402565 -0.04237436  0.0359095   0.
   0.01537499  0.         -0.0089737   0.02747965]] 
Episode: 80: [[-0.00682691 -0.03890003 -0.1920911  -0.2519177  -0.03885458  0.
  -0.01547899  0.          0.00317181  0.0074689 ]
 [-0.01328216  0.08175796 -0.22358783 -0.24456762  0.04485318  0.
  -0.02582705  0.         -0.01725222  0.03166476]
 [ 0.11749134  0.2521372  -0.24658038 -0.18815695  0.10791858  0.
  -0.0094281   0.         -0.03533321  0.01129621]
 [ 0.3531067   0.35638753 -0.24771328 -0.02761718  0.11096661  0.
   0.02824669  0.         -0.04325048 -0.01092386]
 [ 0.21189527  0.07054261 -0.10383955 -0.04253928  0.03596176  0.
   0.0152825   0.         -0.0089737   0.02749292]] 
Episode: 81: [[-0.0067708  -0.03892421 -0.19191898 -0.251878   -0.03881061  0.
  -0.01541873  0.          0.00317181  0.00744033]
 [-0.0134035   0.08169168 -0.22338878 -0.24454215  0.04489037  0.
  -0.02580266  0.         -0.01725222  0.03154187]
 [ 0.11727586  0.25207016 -0.24634598 -0.1881339   0.10793128  0.
  -0.00945527  0.         -0.03533321  0.01108454]
 [ 0.35318518  0.35635632 -0.2474546  -0.02754401  0.11096526  0.
   0.028249    0.         -0.04325048 -0.01115592]
 [ 0.21180078  0.07047619 -0.10361112 -0.0426487   0.03598325  0.
   0.01527499  0.         -0.0089737   0.02748795]] 
Episode: 82: [[-0.00665221 -0.0389928  -0.19177671 -0.25187775 -0.03889528  0.
  -0.0152929   0.          0.00317181  0.00749008]
 [-0.01360717  0.0816256  -0.22321808 -0.24455878  0.0448336   0.
  -0.02570938  0.         -0.01725222  0.03151333]
 [ 0.11703321  0.2519748  -0.24614136 -0.18815012  0.1078451   0.
  -0.00944248  0.         -0.03533321  0.0109677 ]
 [ 0.3532963   0.35629424 -0.2472266  -0.02749575  0.11090428  0.
   0.0281799   0.         -0.04325048 -0.01143864]
 [ 0.21169938  0.07036305 -0.10340273 -0.04275637  0.03591002  0.
   0.0152352   0.         -0.0089737   0.02751542]] 
Episode: 83: [[-0.00653378 -0.03905409 -0.19165769 -0.25192168 -0.03894863  0.
  -0.01525128  0.          0.00317181  0.00760407]
 [-0.01379766  0.08156756 -0.22307059 -0.24462269  0.04480585  0.
  -0.02569676  0.         -0.01725222  0.03147895]
 [ 0.11678272  0.2518997  -0.2459611  -0.18823205  0.10782587  0.
  -0.00950248  0.         -0.03533321  0.01078913]
 [ 0.35336167  0.3562637  -0.24702886 -0.02754507  0.11092035  0.
   0.02804656  0.         -0.04325048 -0.01176688]
 [ 0.21158513  0.07026324 -0.10321484 -0.04290142  0.03588803  0.
   0.01512351  0.         -0.0089737   0.02755352]] 
Episode: 84: [[-0.00651644 -0.03930298 -0.19138584 -0.2518261  -0.03913815  0.
  -0.01514226  0.          0.00317181  0.00778193]
 [-0.01406332  0.08128013 -0.22276753 -0.2445474   0.04463759  0.
  -0.02561411  0.         -0.01725222  0.03153019]
 [ 0.11643983  0.25154328 -0.24559833 -0.18818526  0.10768265  0.
  -0.00948497  0.         -0.03533321  0.01070195]
 [ 0.35346508  0.35592368 -0.24662195 -0.02748137  0.11080031  0.
   0.02799773  0.         -0.04325048 -0.01198815]
 [ 0.21134898  0.06981509 -0.10283126 -0.04271184  0.03576263  0.
   0.01509894  0.         -0.0089737   0.02767615]] 
Episode: 85: [[-0.00649346 -0.03955889 -0.1911422  -0.25177586 -0.03934168  0.
  -0.01511573  0.          0.00317181  0.00798155]
 [-0.01439583  0.08101908 -0.22246292 -0.24452616  0.04454718  0.
  -0.02561102  0.         -0.01725222  0.03154659]
 [ 0.11601605  0.25120446 -0.24523394 -0.18821111  0.10767359  0.
  -0.00954069  0.         -0.03533321  0.01055017]
 [ 0.35351044  0.355573   -0.246223   -0.0274932   0.11078338  0.
   0.02788265  0.         -0.04325048 -0.01226102]
 [ 0.21105622  0.06938279 -0.10246137 -0.04257789  0.03573168  0.
   0.01500108  0.         -0.0089737   0.02778473]] 
Episode: 86: [[-0.0064996  -0.03984087 -0.19092049 -0.25170484 -0.03954707  0.
  -0.01502032  0.          0.00317181  0.00823665]
 [-0.01472733  0.08072611 -0.22218618 -0.24448276  0.04443205  0.
  -0.02553699  0.         -0.01725222  0.0315744 ]
 [ 0.1155945   0.25085658 -0.24490152 -0.18821073  0.10762314  0.
  -0.00951937  0.         -0.03533321  0.01036988]
 [ 0.35352108  0.35523    -0.2458554  -0.02748122  0.11073487  0.
   0.02785023  0.         -0.04325048 -0.01248618]
 [ 0.21077473  0.06895848 -0.10212242 -0.04244144  0.03567192  0.
   0.01495315  0.         -0.0089737   0.02786879]] 
Episode: 87: [[-0.00655763 -0.04011549 -0.19073483 -0.2516654  -0.03974295  0.
  -0.01500599  0.          0.00317181  0.00839045]
 [-0.01504985  0.08043268 -0.22195238 -0.24446957  0.04431692  0.
  -0.02554161  0.         -0.01725222  0.03151655]
 [ 0.11521902  0.25050452 -0.2446213  -0.18824483  0.10757003  0.
  -0.00957162  0.         -0.03533321  0.01013412]
 [ 0.3535722   0.35488856 -0.24554448 -0.02752006  0.11069335  0.
   0.02774995  0.         -0.04325048 -0.01276289]
 [ 0.2105237   0.06853944 -0.1018386  -0.04234392  0.03561036  0.
   0.01483406  0.         -0.0089737   0.02790808]] 
Episode: 88: [[-0.00651993 -0.0404521  -0.19057655 -0.25163978 -0.0399918   0.
  -0.01506335  0.          0.00317181  0.00845328]
 [-0.01524347  0.08012442 -0.2217597  -0.2444614   0.04415087  0.
  -0.0256106   0.         -0.01725222  0.03138199]
 [ 0.11500367  0.25016913 -0.24439004 -0.18826903  0.10745819  0.
  -0.00959156  0.         -0.03533321  0.00984852]
 [ 0.35378808  0.35457766 -0.24527672 -0.02754744  0.11062127  0.
   0.0277005   0.         -0.04325048 -0.01308591]
 [ 0.21040131  0.06814379 -0.1016025  -0.04225092  0.03550189  0.
   0.01472955  0.         -0.0089737   0.02787417]] 
Episode: 89: [[-0.00657552 -0.04087984 -0.1903065  -0.25162703 -0.04027027  0.
  -0.01511771  0.          0.00317181  0.00858516]
 [-0.01551153  0.07976379 -0.22142163 -0.24446836  0.04394532  0.
  -0.02561526  0.         -0.01725222  0.0313436 ]
 [ 0.11469883  0.24981572 -0.24400102 -0.18831351  0.10731553  0.
  -0.00954086  0.         -0.03533321  0.00966515]
 [ 0.35392433  0.35422656 -0.24484329 -0.02760417  0.11053196  0.
   0.02772738  0.         -0.04325048 -0.0133023 ]
 [ 0.2102238   0.06775142 -0.10123445 -0.04216941  0.03536602  0.
   0.01460487  0.         -0.0089737   0.02791861]] 
Episode: 90: [[-0.00671442 -0.04135464 -0.19005738 -0.25155947 -0.04058958  0.
  -0.01509469  0.          0.00317181  0.00877906]
 [-0.01584584  0.07939456 -0.22110586 -0.24441434  0.04374084  0.
  -0.02554802  0.         -0.01725222  0.03139136]
 [ 0.11431104  0.24944472 -0.24362329 -0.18829142  0.10720274  0.
  -0.00942347  0.         -0.03533321  0.00947032]
 [ 0.35401762  0.35385442 -0.24440642 -0.02757934  0.11047474  0.
   0.02782291  0.         -0.04325048 -0.01357098]
 [ 0.21000174  0.06734418 -0.10087556 -0.04206945  0.03524764  0.
   0.01456953  0.         -0.0089737   0.0279495 ]] 
Episode: 91: [[-0.00675024 -0.04184457 -0.18978813 -0.2514504  -0.04090811  0.
  -0.01500209  0.          0.00317181  0.00902866]
 [-0.01612993  0.07900579 -0.22076647 -0.24431776  0.04352195  0.
  -0.02541612  0.         -0.01725222  0.03151631]
 [ 0.11394855  0.24907173 -0.24322672 -0.18821764  0.10707382  0.
  -0.00924608  0.         -0.03533321  0.00936892]
 [ 0.35409978  0.35348716 -0.24396113 -0.0274941   0.11039386  0.
   0.0279802   0.         -0.04325048 -0.01373861]
 [ 0.20979781  0.06694215 -0.10049652 -0.04194956  0.03511989  0.
   0.01461439  0.         -0.0089737   0.02809502]] 
Episode: 92: [[-0.00675266 -0.04226767 -0.18953496 -0.2513231  -0.04117294  0.
  -0.0148469   0.          0.00317181  0.00917791]
 [-0.01640004  0.07867621 -0.22044791 -0.2442009   0.04334487  0.
  -0.02522606  0.         -0.01725222  0.0316007 ]
 [ 0.11359345  0.24876119 -0.24285458 -0.18811482  0.10697363  0.
  -0.00901474  0.         -0.03533321  0.00935149]
 [ 0.3541704   0.35316515 -0.24354985 -0.02736809  0.1103205   0.
   0.02819306  0.         -0.04325048 -0.01381541]
 [ 0.20960289  0.06659677 -0.10013721 -0.04182068  0.03501543  0.
   0.01473127  0.         -0.0089737   0.0282572 ]] 
Episode: 93: [[-0.00684368 -0.0426491  -0.18936035 -0.251203   -0.04141608  0.
  -0.01463543  0.          0.00317181  0.00930655]
 [-0.01663575  0.07836948 -0.22022697 -0.2440875   0.04316839  0.
  -0.02498367  0.         -0.01725222  0.03164753]
 [ 0.11330415  0.24846695 -0.24258772 -0.18800978  0.10684658  0.
  -0.00873488  0.         -0.03533321  0.00937029]
 [ 0.35425606  0.35287094 -0.2432306  -0.0272423   0.11021855  0.
   0.02845588  0.         -0.04325048 -0.01386216]
 [ 0.20943823  0.06627268 -0.09988474 -0.04169761  0.03488593  0.
   0.01491281  0.         -0.0089737   0.02841402]] 
Episode: 94: [[-0.00686603 -0.04297382 -0.18922317 -0.2511873  -0.04161157  0.
  -0.01451699  0.          0.00317181  0.00945322]
 [-0.01679268  0.07808832 -0.22005475 -0.2440805   0.04299344  0.
  -0.02483692  0.         -0.01725222  0.03169462]
 [ 0.11308613  0.2481979  -0.24237902 -0.18802588  0.10671796  0.
  -0.00855477  0.         -0.03533321  0.00931316]
 [ 0.3544116   0.3526266  -0.2429793  -0.02723986  0.11016201  0.
   0.02862109  0.         -0.04325048 -0.01397849]
 [ 0.20930935  0.06597763 -0.09968996 -0.04165974  0.03476052  0.
   0.01499964  0.         -0.0089737   0.02852159]] 
Episode: 95: [[-0.00685744 -0.04323953 -0.189095   -0.25129077 -0.04176666  0.
  -0.01448223  0.          0.00317181  0.00959071]
 [-0.01691268  0.0778546  -0.21989866 -0.2441998   0.04284408  0.
  -0.02477622  0.         -0.01725222  0.0316838 ]
 [ 0.11289591  0.24798387 -0.24219209 -0.18816166  0.10661647  0.
  -0.0084644   0.         -0.03533321  0.00918778]
 [ 0.35458258  0.352455   -0.24275765 -0.02734661  0.11014023  0.
   0.02869847  0.         -0.04325048 -0.01415734]
 [ 0.20919573  0.06573375 -0.09951281 -0.04171837  0.03466216  0.
   0.0150014   0.         -0.0089737   0.02859106]] 
Episode: 96: [[-0.00677849 -0.04347352 -0.18897554 -0.25142473 -0.04187997  0.
  -0.01452274  0.          0.00317181  0.00967142]
 [-0.01697758  0.07764667 -0.21975042 -0.24435149  0.04273192  0.
  -0.02479292  0.         -0.01725222  0.03164559]
 [ 0.1127454   0.24779436 -0.24201262 -0.18833867  0.10654832  0.
  -0.00845474  0.         -0.03533321  0.00909399]
 [ 0.35473394  0.3523032  -0.2425435  -0.02750757  0.11014183  0.
   0.02869684  0.         -0.04325048 -0.01425033]
 [ 0.20910025  0.06551091 -0.09934819 -0.04179944  0.03459451  0.
   0.01492676  0.         -0.0089737   0.02867647]] 
Episode: 97: [[-0.00670658 -0.04368918 -0.1888837  -0.25168005 -0.04195641  0.
  -0.01463096  0.          0.00317181  0.00966741]
 [-0.01702028  0.07745359 -0.21963163 -0.2446195   0.04267208  0.
  -0.02487925  0.         -0.01725222  0.03152759]
 [ 0.11263731  0.2476156  -0.24186517 -0.18861665  0.10658512  0.
  -0.0085177   0.         -0.03533321  0.00893532]
 [ 0.35491568  0.35216644 -0.24236551 -0.02775951  0.11029034  0.
   0.02862413  0.         -0.04325048 -0.01440817]
 [ 0.20902565  0.06529757 -0.09921517 -0.04197855  0.03461811  0.
   0.01478351  0.         -0.0089737   0.02871314]] 
Episode: 98: [[-0.00667386 -0.04388974 -0.18881132 -0.2520061  -0.04202068  0.
  -0.01480007  0.          0.00317181  0.0097165 ]
 [-0.01704352  0.07729197 -0.21954083 -0.24495995  0.04263345  0.
  -0.02502822  0.         -0.01725222  0.03133814]
 [ 0.11256468  0.24748328 -0.24175556 -0.18897796  0.10665439  0.
  -0.00864597  0.         -0.03533321  0.00871834]
 [ 0.3551539   0.35209107 -0.24223684 -0.02809194  0.11048134  0.
   0.02848748  0.         -0.04325048 -0.01462429]
 [ 0.20897315  0.06512528 -0.09912182 -0.04221726  0.03466888  0.
   0.01457865  0.         -0.0089737   0.02862572]] 
Episode: 99: [[-0.00655458 -0.04401873 -0.18882713 -0.25237948 -0.04206251  0.
  -0.01502396  0.          0.00317181  0.00968397]
 [-0.01696701  0.07721086 -0.21955638 -0.24534355  0.04260445  0.
  -0.02523355  0.         -0.01725222  0.03108472]
 [ 0.11257239  0.2474775  -0.2417598  -0.18937284  0.106737    0.
  -0.00883298  0.         -0.03533321  0.00844897]
 [ 0.35541657  0.35217223 -0.2422028  -0.02843533  0.1107133   0.
   0.0282933   0.         -0.04325048 -0.01489277]
 [ 0.20897217  0.06508385 -0.09914583 -0.04247575  0.03475624  0.
   0.01431847  0.         -0.0089737   0.028429  ]] 
Episode: 100: [[-0.00635797 -0.04411147 -0.18889129 -0.25271827 -0.04208476  0.
  -0.01526731  0.          0.00317181  0.00957814]
 [-0.01680163  0.07713878 -0.2196206  -0.24569     0.04258007  0.
  -0.02539974  0.         -0.01725222  0.03077401]
 [ 0.11266671  0.24746437 -0.24180977 -0.18972121  0.10679973  0.
  -0.00892967  0.         -0.03533321  0.00828087]
 [ 0.35572708  0.35223708 -0.24220707 -0.02872764  0.11090401  0.
   0.02818978  0.         -0.04325048 -0.01506019]
 [ 0.20902392  0.06504205 -0.09921886 -0.04270384  0.03482556  0.
   0.01412217  0.         -0.0089737   0.02829004]] 
Episode: 101: [[-0.00617503 -0.04417362 -0.18895742 -0.25291392 -0.04210001  0.
  -0.0154143   0.          0.00317181  0.00942541]
 [-0.01664891  0.07709028 -0.21967879 -0.24588686  0.04256903  0.
  -0.02547767  0.         -0.01725222  0.03054904]
 [ 0.11275019  0.24745601 -0.24185339 -0.18991286  0.10686985  0.
  -0.00894509  0.         -0.03533321  0.00820381]
 [ 0.3560018   0.35228536 -0.24221146 -0.02888132  0.11107536  0.
   0.02816781  0.         -0.04325048 -0.01513676]
 [ 0.209069    0.06501009 -0.09928542 -0.04284435  0.03490055  0.
   0.01402188  0.         -0.0089737   0.0282106 ]] 
Episode: 102: [[-0.00601855 -0.04426439 -0.18903263 -0.2531225  -0.04213851  0.
  -0.01561849  0.          0.00317181  0.00921147]
 [-0.01655617  0.07702792 -0.21975462 -0.24609703  0.0425368   0.
  -0.02561938  0.         -0.01725222  0.0302639 ]
 [ 0.11278491  0.2474663  -0.24192838 -0.19011524  0.10690185  0.
  -0.00903053  0.         -0.03533321  0.00806041]
 [ 0.35625663  0.35239422 -0.24225986 -0.02903156  0.11120697  0.
   0.02807686  0.         -0.04325048 -0.01527959]
 [ 0.20909858  0.06500332 -0.0993869  -0.04298918  0.03493934  0.
   0.01385558  0.         -0.0089737   0.02802135]] 
Episode: 103: [[-0.00592637 -0.04435472 -0.189097   -0.25329053 -0.04218513  0.
  -0.0157303   0.          0.00317181  0.00894257]
 [-0.01644807  0.07695294 -0.21982126 -0.24626212  0.04246533  0.
  -0.02567531  0.         -0.01725222  0.03007619]
 [ 0.11287633  0.24747379 -0.24199337 -0.19026099  0.10686437  0.
  -0.00903586  0.         -0.03533321  0.00800547]
 [ 0.35653943  0.35250914 -0.24230005 -0.02911944  0.11127591  0.
   0.02806619  0.         -0.04325048 -0.01533415]
 [ 0.20914973  0.06500003 -0.09947629 -0.04309578  0.03491865  0.
   0.01378211  0.         -0.0089737   0.02794252]] 
Episode: 104: [[-0.00593419 -0.04439471 -0.18916272 -0.25353485 -0.04222528  0.
  -0.01590278  0.          0.00317181  0.00862432]
 [-0.0164489   0.07696117 -0.21989636 -0.24650234  0.04241412  0.
  -0.0257972   0.         -0.01725222  0.02982465]
 [ 0.11283731  0.2475984  -0.24206989 -0.19048072  0.106876    0.
  -0.00911218  0.         -0.03533321  0.00788415]
 [ 0.3566443   0.3527354  -0.24235664 -0.0292616   0.11139102  0.
   0.02798544  0.         -0.04325048 -0.01534121]
 [ 0.20912081  0.06510254 -0.09957105 -0.04324765  0.03494642  0.
   0.01364006  0.         -0.0089737   0.02782488]] 
Episode: 105: [[-0.00603139 -0.0444542  -0.18913095 -0.25379556 -0.04224853  0.
  -0.01612985  0.          0.00317181  0.00829561]
 [-0.01653565  0.07694922 -0.2198689  -0.24676244  0.0423727   0.
  -0.02597841  0.         -0.01725222  0.02951595]
 [ 0.11276677  0.2477034  -0.2420382  -0.19073474  0.10689559  0.
  -0.00925236  0.         -0.03533321  0.00770107]
 [ 0.35673717  0.35292688 -0.24229693 -0.0294616   0.1114969   0.
   0.02784164  0.         -0.04325048 -0.01542167]
 [ 0.20906945  0.065194   -0.09957395 -0.0434203   0.0349781   0.
   0.01343642  0.         -0.0089737   0.02768251]] 
Episode: 106: [[-0.00620846 -0.04450337 -0.18910523 -0.25390545 -0.04226298  0.
  -0.0162623   0.          0.00317181  0.00807672]
 [-0.01671028  0.07695796 -0.2198431  -0.24686474  0.04233015  0.
  -0.02606994  0.         -0.01725222  0.02932128]
 [ 0.11258417  0.24784683 -0.24201304 -0.19084278  0.10690627  0.
  -0.009307    0.         -0.03533321  0.00761031]
 [ 0.35677826  0.3531575  -0.24226138 -0.0295327   0.11157212  0.
   0.02778336  0.         -0.04325048 -0.01541998]
 [ 0.20893916  0.06531281 -0.09958235 -0.04349225  0.03499902  0.
   0.01332915  0.         -0.0089737   0.02767328]] 
Episode: 107: [[-0.00627772 -0.04453707 -0.18909805 -0.25392926 -0.04227966  0.
  -0.01630965  0.          0.00317181  0.00795649]
 [-0.01682037  0.07696159 -0.21984108 -0.2468818   0.04228237  0.
  -0.02608079  0.         -0.01725222  0.02922888]
 [ 0.11241738  0.24798544 -0.24201104 -0.1908573   0.10690761  0.
  -0.0092847   0.         -0.03533321  0.00760256]
 [ 0.35676524  0.35340455 -0.24225222 -0.02950357  0.11162967  0.
   0.02780203  0.         -0.04325048 -0.01534442]
 [ 0.20881057  0.06544351 -0.09960417 -0.04351269  0.03500875  0.
   0.01330847  0.         -0.0089737   0.02769672]] 
Episode: 108: [[-0.00625053 -0.0447684  -0.18903017 -0.25381714 -0.04250897  0.
  -0.01628043  0.          0.00317181  0.00792489]
 [-0.01682226  0.07678717 -0.21976884 -0.2467671   0.04205394  0.
  -0.02601905  0.         -0.01725222  0.02922818]
 [ 0.11238788  0.2479822  -0.24194148 -0.19075313  0.10677664  0.
  -0.00919318  0.         -0.03533321  0.00766942]
 [ 0.35686678  0.35351267 -0.24217649 -0.029371    0.11159476  0.
   0.02788994  0.         -0.04325048 -0.01520248]
 [ 0.20878941  0.06544038 -0.09955491 -0.04341983  0.03488478  0.
   0.01336559  0.         -0.0089737   0.02783475]] 
Episode: 109: [[-0.00615856 -0.04500045 -0.18898839 -0.2537326  -0.04272055  0.
  -0.01632594  0.          0.00317181  0.00782005]
 [-0.01676312  0.07659239 -0.21972181 -0.24668266  0.04182087  0.
  -0.02603498  0.         -0.01725222  0.02914541]
 [ 0.11238656  0.24794102 -0.24189095 -0.19068313  0.10662962  0.
  -0.00918226  0.         -0.03533321  0.00765577]
 [ 0.35696596  0.3535759  -0.24210864 -0.0292761   0.11155204  0.
   0.02789796  0.         -0.04325048 -0.01514874]
 [ 0.20878913  0.06541226 -0.09952639 -0.04335618  0.03475523  0.
   0.01334131  0.         -0.0089737   0.02789016]] 
Episode: 110: [[-0.00616511 -0.04512583 -0.18889567 -0.2536528  -0.04281823  0.
  -0.0162951   0.          0.00317181  0.00777686]
 [-0.0167954   0.07645429 -0.21962883 -0.2466039   0.0416733   0.
  -0.02597785  0.         -0.01725222  0.02915304]
 [ 0.11233746  0.24792509 -0.24179639 -0.19061163  0.10654215  0.
  -0.00910101  0.         -0.03533321  0.00771725]
 [ 0.3570331   0.35365647 -0.2419995  -0.02917266  0.11153555  0.
   0.02797625  0.         -0.04325048 -0.01502651]
 [ 0.2087702   0.06540998 -0.09945548 -0.04329957  0.0346867   0.
   0.01339506  0.         -0.0089737   0.02805572]] 
Episode: 111: [[-0.0061001  -0.04529053 -0.18873213 -0.2535487  -0.04298402  0.
  -0.0161956   0.          0.00317181  0.0076615 ]
 [-0.01692053  0.07633793 -0.21944721 -0.2465086   0.04155334  0.
  -0.025855    0.         -0.01725222  0.02921835]
 [ 0.11217476  0.24789296 -0.24160682 -0.19053583  0.10648068  0.
  -0.00895649  0.         -0.03533321  0.00784627]
 [ 0.35691762  0.3536762  -0.24180135 -0.0290843   0.11147977  0.
   0.02811777  0.         -0.04325048 -0.01484269]
 [ 0.20866728  0.06536531 -0.09929903 -0.04324934  0.03462001  0.
   0.01348727  0.         -0.0089737   0.02823085]] 
Episode: 112: [[-0.00595296 -0.04523754 -0.18862577 -0.25351563 -0.04299469  0.
  -0.01617781  0.          0.00317181  0.00763422]
 [-0.01693687  0.07642759 -0.2193137  -0.24648762  0.04157206  0.
  -0.02581588  0.         -0.01725222  0.02919505]
 [ 0.11200284  0.24800698 -0.2414529  -0.19056271  0.10658063  0.
  -0.00889785  0.         -0.03533321  0.00788864]
 [ 0.35667577  0.35376573 -0.24162877 -0.02911261  0.11156707  0.
   0.02817407  0.         -0.04325048 -0.01475117]
 [ 0.20854717  0.06545351 -0.09917428 -0.04325387  0.03469915  0.
   0.01349444  0.         -0.0089737   0.02838206]] 
Episode: 113: [[-0.00581691 -0.04516819 -0.18847351 -0.25342852 -0.04299896  0.
  -0.01609008  0.          0.00317181  0.00768609]
 [-0.01704693  0.07651182 -0.21912569 -0.24641372  0.04160326  0.
  -0.02570926  0.         -0.01725222  0.02925594]
 [ 0.11173115  0.24809732 -0.24124113 -0.1905311   0.10669585  0.
  -0.00877369  0.         -0.03533321  0.00800041]
 [ 0.3563742   0.35382923 -0.24140395 -0.02907686  0.11165567  0.
   0.02829577  0.         -0.04325048 -0.01459506]
 [ 0.2083817   0.06553066 -0.09898702 -0.04321495  0.03478711  0.
   0.01357658  0.         -0.0089737   0.02863319]] 
Episode: 114: [[-0.00565635 -0.04508969 -0.18826766 -0.2533586  -0.04298232  0.
  -0.01608285  0.          0.00317181  0.00777343]
 [-0.01724062  0.07658707 -0.21887429 -0.24636392  0.04165234  0.
  -0.02568473  0.         -0.01725222  0.02939234]
 [ 0.1113714   0.2481723  -0.24095796 -0.19053642  0.10683018  0.
  -0.00873334  0.         -0.03533321  0.00817455]
 [ 0.3560087   0.35389894 -0.24110264 -0.02909036  0.11177295  0.
   0.02833425  0.         -0.04325048 -0.01451505]
 [ 0.20816255  0.06560121 -0.09873427 -0.04320766  0.03489399  0.
   0.01357481  0.         -0.0089737   0.02889191]] 
Episode: 115: [[-0.00553134 -0.04515477 -0.18803768 -0.25323507 -0.04299758  0.
  -0.01600465  0.          0.00317181  0.00780416]
 [-0.01750557  0.07655197 -0.21859956 -0.24626034  0.04168082  0.
  -0.02559127  0.         -0.01725222  0.02948664]
 [ 0.11096205  0.24816948 -0.24064595 -0.19047934  0.10693666  0.
  -0.00862568  0.         -0.03533321  0.00827927]
 [ 0.35565475  0.3539343  -0.24076414 -0.0290314   0.11185834  0.
   0.02843991  0.         -0.04325048 -0.01450915]
 [ 0.20792325  0.06559592 -0.0984503  -0.04316843  0.03497256  0.
   0.01364879  0.         -0.0089737   0.02912555]] 
Episode: 116: [[-0.00544065 -0.04521722 -0.18783726 -0.25316256 -0.04301658  0.
  -0.01600597  0.          0.00317181  0.00775504]
 [-0.01774401  0.07651827 -0.21835785 -0.24620792  0.0416916   0.
  -0.02557855  0.         -0.01725222  0.02948949]
 [ 0.11059828  0.24816924 -0.24037367 -0.19047849  0.1070127   0.
  -0.00860014  0.         -0.03533321  0.00829975]
 [ 0.35535964  0.35397193 -0.24046744 -0.02904245  0.11193045  0.
   0.02846397  0.         -0.04325048 -0.0145777 ]
 [ 0.20770696  0.06558917 -0.09820224 -0.04316736  0.03503096  0.
   0.01363981  0.         -0.0089737   0.02929127]] 
Episode: 117: [[-0.00544928 -0.04535766 -0.18763721 -0.2531329  -0.04314387  0.
  -0.01607881  0.          0.00317181  0.0076342 ]
 [-0.01805257  0.07647351 -0.21812777 -0.2461987   0.04163417  0.
  -0.02563847  0.         -0.01725222  0.02941034]
 [ 0.11015697  0.24815921 -0.24011411 -0.19051856  0.10704551  0.
  -0.0086485   0.         -0.03533321  0.00824449]
 [ 0.35504812  0.3539881  -0.24018814 -0.02907972  0.11198873  0.
   0.0284146   0.         -0.04325048 -0.0147132 ]
 [ 0.20744361  0.06556474 -0.09796506 -0.04319528  0.03503675  0.
   0.01355627  0.         -0.0089737   0.02942373]] 
Episode: 118: [[-0.00543966 -0.04549327 -0.18743402 -0.25315472 -0.04328396  0.
  -0.016216    0.          0.00317181  0.00757897]
 [-0.0182817   0.07642519 -0.21790531 -0.24624059  0.0415571   0.
  -0.02576374  0.         -0.01725222  0.02933385]
 [ 0.10979167  0.2481493  -0.2398661  -0.19061437  0.10704831  0.
  -0.00876334  0.         -0.03533321  0.00816562]
 [ 0.35478312  0.35401696 -0.23991899 -0.02918345  0.11202773  0.
   0.02829918  0.         -0.04325048 -0.01490888]
 [ 0.20721705  0.06554404 -0.09773847 -0.04326089  0.03501544  0.
   0.01340574  0.         -0.0089737   0.02956207]] 
Episode: 119: [[-0.0054356  -0.04562733 -0.18713485 -0.25312397 -0.0434048   0.
  -0.01626781  0.          0.00317181  0.00748653]
 [-0.01850053  0.07637629 -0.2175699  -0.2462283   0.0414944   0.
  -0.02580513  0.         -0.01725222  0.02934708]
 [ 0.10942078  0.24811731 -0.23949793 -0.19065356  0.10705466  0.
  -0.00879536  0.         -0.03533321  0.00816859]
 [ 0.3544973   0.3539839  -0.23953749 -0.02923735  0.11205026  0.
   0.02826631  0.         -0.04325048 -0.01501114]
 [ 0.20698357  0.06550796 -0.0973899  -0.04327599  0.03499178  0.
   0.01334571  0.         -0.0089737   0.02978743]] 
Episode: 120: [[-0.00534143 -0.04577802 -0.18684365 -0.25309077 -0.04348952  0.
  -0.01638605  0.          0.00317181  0.00732644]
 [-0.01867748  0.07629463 -0.21724598 -0.24621677  0.04147634  0.
  -0.0259137   0.         -0.01725222  0.02939614]
 [ 0.10902403  0.24803822 -0.23914583 -0.19069599  0.10710252  0.
  -0.00889547  0.         -0.03533321  0.00824103]
 [ 0.3541925   0.35389122 -0.23916571 -0.02929765  0.11209618  0.
   0.02816574  0.         -0.04325048 -0.01508716]
 [ 0.20675766  0.06543546 -0.09705684 -0.04329449  0.03500684  0.
   0.01324332  0.         -0.0089737   0.03001157]] 
Episode: 121: [[-0.00534719 -0.04601111 -0.1865167  -0.25294182 -0.04358796  0.
  -0.01642084  0.          0.00317181  0.00725939]
 [-0.01893158  0.07613912 -0.2168827  -0.24608347  0.0414676   0.
  -0.02594008  0.         -0.01725222  0.02952231]
 [ 0.10855325  0.24794713 -0.23874548 -0.19061425  0.10716181  0.
  -0.00891428  0.         -0.03533321  0.00838008]
 [ 0.35381025  0.35384575 -0.23874967 -0.02924327  0.11212958  0.
   0.02814622  0.         -0.04325048 -0.01508151]
 [ 0.2064557   0.06535076 -0.09667073 -0.04322398  0.0350327   0.
   0.01322672  0.         -0.0089737   0.03032907]] 
Episode: 122: [[-0.0054226  -0.04624382 -0.18621978 -0.25267392 -0.04368711  0.
  -0.01638056  0.          0.00317181  0.00712227]
 [-0.01920961  0.07598458 -0.21655053 -0.24583286  0.04145507  0.
  -0.02589251  0.         -0.01725222  0.02959725]
 [ 0.10807362  0.247862   -0.23837645 -0.1904227   0.10722195  0.
  -0.00885992  0.         -0.03533321  0.00857902]
 [ 0.35344452  0.35380194 -0.23836367 -0.02908696  0.11217277  0.
   0.02819961  0.         -0.04325048 -0.01500244]
 [ 0.20615217  0.0652763  -0.09631476 -0.04307963  0.03506234  0.
   0.01328721  0.         -0.0089737   0.0305994 ]] 
Episode: 123: [[-0.00558027 -0.04642621 -0.18593866 -0.2524292  -0.04375267  0.
  -0.01641589  0.          0.00317181  0.00696391]
 [-0.01952257  0.07586522 -0.2162428  -0.24560207  0.04146054  0.
  -0.02592099  0.         -0.01725222  0.02964458]
 [ 0.10761961  0.2477912  -0.23804015 -0.19024107  0.10728991  0.
  -0.00888227  0.         -0.03533321  0.00868416]
 [ 0.35315412  0.353748   -0.23801541 -0.02892705  0.11222058  0.
   0.02817671  0.         -0.04325048 -0.01500526]
 [ 0.20586772  0.06520984 -0.09599128 -0.04295149  0.0351053   0.
   0.01326625  0.         -0.0089737   0.03080454]] 
Episode: 124: [[-0.00563204 -0.04656275 -0.18573841 -0.25221127 -0.04380768  0.
  -0.01651923  0.          0.00317181  0.00689853]
 [-0.01976713  0.07577989 -0.21600637 -0.24540108  0.04146734  0.
  -0.02601791  0.         -0.01725222  0.02968145]
 [ 0.10716483  0.24774401 -0.23777808 -0.19008453  0.10736766  0.
  -0.00897364  0.         -0.03533321  0.00870495]
 [ 0.35290626  0.35372287 -0.23773937 -0.02877977  0.11227932  0.
   0.02808515  0.         -0.04325048 -0.01508172]
 [ 0.20561095  0.065167   -0.09574266 -0.04283615  0.03516356  0.
   0.01317207  0.         -0.0089737   0.03087696]] 
Episode: 125: [[-0.00567174 -0.04669885 -0.18555997 -0.25202665 -0.04386345  0.
  -0.01668377  0.          0.00317181  0.00676279]
 [-0.0199781   0.0756909  -0.21579479 -0.24523199  0.04146526  0.
  -0.0261764   0.         -0.01725222  0.0296317 ]
 [ 0.10675997  0.24768881 -0.2375428  -0.18995643  0.1074308   0.
  -0.00912709  0.         -0.03533321  0.00864992]
 [ 0.35271356  0.3536911  -0.23749267 -0.02865682  0.11232761  0.
   0.02793181  0.         -0.04325048 -0.01522437]
 [ 0.20538352  0.06511344 -0.09551954 -0.04274818  0.03520941  0.
   0.01301211  0.         -0.0089737   0.03091766]] 
Episode: 126: [[-0.00578619 -0.04687016 -0.18535942 -0.25174597 -0.04394989  0.
  -0.01676029  0.          0.00317181  0.00671761]
 [-0.02023293  0.07559708 -0.21555234 -0.24496153  0.04143898  0.
  -0.02624775  0.         -0.01725222  0.02966973]
 [ 0.10633536  0.24764843 -0.23726502 -0.18972293  0.10747     0.
  -0.00919395  0.         -0.03533321  0.00867412]
 [ 0.35246694  0.35368073 -0.23719476 -0.02843847  0.11234004  0.
   0.02786475  0.         -0.04325048 -0.01527885]
 [ 0.20513879  0.06507105 -0.09524881 -0.04257653  0.03522581  0.
   0.01294346  0.         -0.0089737   0.03107102]] 
Episode: 127: [[-0.00593775 -0.04700707 -0.18519384 -0.2515084  -0.04396228  0.
  -0.01690067  0.          0.00317181  0.00660018]
 [-0.02047799  0.07552044 -0.21535726 -0.24472158  0.04150704  0.
  -0.02638321  0.         -0.01725222  0.0297865 ]
 [ 0.10594703  0.2476103  -0.23703188 -0.18950982  0.10760964  0.
  -0.00932534  0.         -0.03533321  0.00876957]
 [ 0.352191    0.3536654  -0.2369355  -0.02823961  0.11240642  0.
   0.02779815  0.         -0.04325048 -0.01525406]
 [ 0.20489465  0.06503231 -0.09502033 -0.04242169  0.03533252  0.
   0.01280949  0.         -0.0089737   0.03131365]] 
Episode: 128: [[-0.00616376 -0.04709179 -0.18496954 -0.25116193 -0.04397037  0.
  -0.01695548  0.          0.00317181  0.00657132]
 [-0.02079423  0.07553335 -0.21508342 -0.24437623  0.0415699   0.
  -0.02643387  0.         -0.01725222  0.02997389]
 [ 0.10548252  0.24770518 -0.23670885 -0.18920086  0.10774197  0.
  -0.00937235  0.         -0.03533321  0.00892908]
 [ 0.35180143  0.3537318  -0.23658197 -0.0279535   0.1124627   0.
   0.02780943  0.         -0.04325048 -0.01515798]
 [ 0.20455337  0.06510725 -0.09470905 -0.04212734  0.0354339   0.
   0.01276415  0.         -0.0089737   0.03164595]] 
Episode: 129: [[-0.00627688 -0.04713084 -0.18476404 -0.25085747 -0.04396218  0.
  -0.01693331  0.          0.00317181  0.00662204]
 [-0.0210624   0.07556283 -0.21482915 -0.2440753   0.04162453  0.
  -0.0265166   0.         -0.01725222  0.0302246 ]
 [ 0.10500927  0.24782126 -0.23640607 -0.18893817  0.1078549   0.
  -0.00948586  0.         -0.03533321  0.00907037]
 [ 0.35140944  0.35383546 -0.23624933 -0.02771288  0.11251028  0.
   0.02774837  0.         -0.04325048 -0.01514529]
 [ 0.20422198  0.06521381 -0.09442294 -0.04187573  0.03552626  0.
   0.01269139  0.         -0.0089737   0.03193618]] 
Episode: 130: [[-0.00646792 -0.04711604 -0.18462102 -0.250648   -0.04392545  0.
  -0.01698484  0.          0.00317181  0.00659104]
 [-0.02132496  0.0756379  -0.21464217 -0.24386585  0.04169727  0.
  -0.02666249  0.         -0.01725222  0.03036768]
 [ 0.10465389  0.24798962 -0.23618077 -0.1887533   0.1079659   0.
  -0.00965919  0.         -0.03533321  0.00912356]
 [ 0.35120416  0.35401365 -0.23600046 -0.0275213   0.11256897  0.
   0.02762222  0.         -0.04325048 -0.01520758]
 [ 0.20396999  0.06537769 -0.09422192 -0.04168898  0.03562561  0.
   0.0125506   0.         -0.0089737   0.03208035]] 
Episode: 131: [[-0.00656471 -0.04697204 -0.18447098 -0.25049797 -0.0437807   0.
  -0.01710267  0.          0.00317181  0.00663971]
 [-0.02150934  0.07581592 -0.21446    -0.24371633  0.04187056  0.
  -0.0268652   0.         -0.01725222  0.03041418]
 [ 0.10435723  0.24818201 -0.23597673 -0.18863383  0.10814735  0.
  -0.00988635  0.         -0.03533321  0.00909752]
 [ 0.35104856  0.3541742  -0.23577224 -0.02741435  0.11266169  0.
   0.02743752  0.         -0.04325048 -0.01533728]
 [ 0.20375656  0.06554821 -0.09404062 -0.0415391   0.0357958   0.
   0.01234868  0.         -0.0089737   0.03209482]] 
