Episode: 1: [[0.2 0.2 0.2 0.2 0.2]] 
Episode: 2: [[0.2001 0.1999 0.1999 0.1999 0.1999]] 
Episode: 3: [[0.20019889 0.1998186  0.19980107 0.19980174 0.19980195]] 
Episode: 4: [[0.20028423 0.19975147 0.19971572 0.19971678 0.19971712]] 
Episode: 5: [[0.20033494 0.19980742 0.19967897 0.19963704 0.19964196]] 
Episode: 6: [[0.20038106 0.19985354 0.1996168  0.19955827 0.19965245]] 
Episode: 7: [[0.20042334 0.19987988 0.199542   0.19948585 0.1996976 ]] 
Episode: 8: [[0.20045903 0.19989936 0.19947188 0.19942325 0.19974424]] 
Episode: 9: [[0.20040946 0.19984978 0.19952145 0.19947283 0.19979382]] 
Episode: 10: [[0.20036544 0.19980578 0.19956547 0.19951685 0.19983783]] 
Episode: 11: [[0.20032616 0.1997665  0.19960475 0.19955613 0.19987711]] 
Episode: 12: [[0.20029096 0.1997313  0.19963995 0.19959132 0.19991231]] 
Episode: 13: [[0.20025931 0.19969966 0.1996716  0.19962297 0.19994396]] 
Episode: 14: [[0.20023078 0.19967112 0.19970013 0.19965151 0.1999725 ]] 
Episode: 15: [[0.200205   0.19964534 0.19972591 0.19967729 0.19999827]] 
Episode: 16: [[0.20018166 0.199622   0.19974925 0.19970062 0.20002161]] 
Episode: 17: [[0.20016052 0.19960086 0.19977039 0.19972177 0.20004275]] 
Episode: 18: [[0.20014134 0.19958168 0.19978957 0.19974095 0.20006193]] 
Episode: 19: [[0.20012392 0.19956426 0.19980699 0.19975837 0.20007935]] 
Episode: 20: [[0.20010808 0.19954844 0.19982281 0.19977419 0.20009519]] 
Episode: 21: [[0.20009369 0.19953404 0.19983721 0.19978859 0.20010959]] 
Episode: 22: [[0.20008059 0.19952095 0.1998503  0.19980168 0.20012268]] 
Episode: 23: [[0.20006867 0.19950902 0.19986223 0.1998136  0.2001346 ]] 
Episode: 24: [[0.2000578  0.19949816 0.19987309 0.19982447 0.20014547]] 
Episode: 25: [[0.20004793 0.19948827 0.19988297 0.19983436 0.20015536]] 
Episode: 26: [[0.20003892 0.19947925 0.19989197 0.19984336 0.20016436]] 
Episode: 27: [[0.20003071 0.19947104 0.19990018 0.19985157 0.20017257]] 
Episode: 28: [[0.20002323 0.19946356 0.19990766 0.19985905 0.20018005]] 
Episode: 29: [[0.20001642 0.19945675 0.19991447 0.19986586 0.20018686]] 
Episode: 30: [[0.20001023 0.19945054 0.19992067 0.19987206 0.20019306]] 
Episode: 31: [[0.20000458 0.19944488 0.19992632 0.19987771 0.20019871]] 
Episode: 32: [[0.19999939 0.1994399  0.19993149 0.19988286 0.20020385]] 
Episode: 33: [[0.19999467 0.19943537 0.1999362  0.19988756 0.20020853]] 
Episode: 34: [[0.19999036 0.19943124 0.19994049 0.19989184 0.20021279]] 
Episode: 35: [[0.19998644 0.19942747 0.19994439 0.19989572 0.20021668]] 
Episode: 36: [[0.19998287 0.19942403 0.19994795 0.19989927 0.20022021]] 
Episode: 37: [[0.19997962 0.1994209  0.1999512  0.1999025  0.20022343]] 
Episode: 38: [[0.19997665 0.19941805 0.19995415 0.19990544 0.20022637]] 
Episode: 39: [[0.19997396 0.19941546 0.19995683 0.19990812 0.20022903]] 
Episode: 40: [[0.1999715  0.19941309 0.19995928 0.19991055 0.20023146]] 
Episode: 41: [[0.19996926 0.19941095 0.1999615  0.19991277 0.20023367]] 
Episode: 42: [[0.19996724 0.199409   0.19996352 0.19991478 0.20023568]] 
Episode: 43: [[0.19996539 0.19940722 0.19996537 0.19991662 0.20023751]] 
Episode: 44: [[0.1999637  0.1994056  0.19996706 0.19991829 0.20023918]] 
Episode: 45: [[0.19996217 0.19940412 0.19996858 0.1999198  0.2002407 ]] 
Episode: 46: [[0.19996078 0.19940278 0.19996996 0.19992119 0.20024209]] 
Episode: 47: [[0.19995952 0.19940156 0.19997123 0.19992244 0.20024334]] 
Episode: 48: [[0.19995837 0.19940045 0.19997238 0.19992359 0.20024449]] 
Episode: 49: [[0.19995733 0.19939944 0.19997342 0.19992463 0.20024553]] 
Episode: 50: [[0.19995637 0.19939852 0.19997437 0.19992557 0.20024647]] 
Episode: 51: [[0.19995551 0.19939768 0.19997524 0.19992644 0.20024732]] 
Episode: 52: [[0.19995472 0.19939692 0.19997603 0.19992721 0.20024809]] 
