79.817528 82.084084 83.911644 83.768044 77.618866 
83.154022 83.965691 84.863251 83.257263 72.701630 
83.056892 84.257736 86.790375 87.025223 78.144211 
81.197395 82.254539 84.136818 82.272247 72.101151 
77.936028 78.056770 78.757484 79.240997 78.300690 
80.221245 80.367386 81.251167 80.399544 76.770737 
79.166649 74.829460 73.157585 72.020287 74.405296 
79.164032 80.438599 81.339684 80.971428 76.842224 
84.285957 84.692688 86.147713 86.590218 75.757263 
83.850555 85.441826 85.618927 85.008026 74.876106 
83.272858 85.888000 87.907860 86.745361 75.496681 
81.981926 85.405350 87.522659 86.258202 77.909637 
78.841316 81.529877 85.471672 83.380264 76.603127 
83.354851 84.913971 85.086182 84.012794 73.811653 
79.063812 78.962204 80.931221 81.317436 74.851852 
79.374641 80.381058 82.190002 79.879715 74.204552 
82.741989 84.286598 84.527275 83.794632 75.324951 
84.628441 85.602997 87.096008 83.288712 69.956398 
84.009483 85.304535 84.768967 83.731422 75.269058 
81.249557 81.511795 81.503517 78.771515 74.212181 
