78.487953 34.041946 36.030033 39.149704 37.846111 0.000000 
54.622555 31.743786 31.478985 42.422211 33.492538 0.019782 
75.959473 33.504959 34.249039 34.683807 34.042988 0.000000 
73.568367 36.274391 46.333870 48.748856 45.058853 0.019782 
74.444336 33.359440 37.595680 40.064964 35.893192 0.000000 
76.881531 43.031918 46.457829 40.392979 34.266693 0.000000 
73.797226 32.220085 33.187965 35.867237 41.506813 0.019782 
80.175865 33.611122 42.209942 38.526806 39.515285 0.019782 
74.015671 29.320847 34.215221 33.873569 34.053154 0.000000 
76.767326 35.254513 44.380890 52.904930 41.809124 0.000000 
70.944870 35.342892 33.551228 35.980606 44.017788 0.019782 
72.022141 35.934105 40.997406 39.524761 31.743294 0.019782 
78.990997 35.967094 40.361080 40.599030 30.659960 0.019782 
68.155914 40.302124 38.090130 56.975933 32.168739 0.019782 
71.960533 30.578974 33.885857 43.088795 32.550648 0.019782 
64.404823 38.754719 46.745808 58.429005 38.739319 0.019782 
57.862198 32.364788 41.138046 53.519859 23.901020 0.000000 
59.680717 65.067047 78.419128 84.208740 21.525370 0.000000 
71.037521 37.521023 38.815659 36.023785 39.806507 0.000000 
59.662647 39.519440 35.831043 40.117867 38.656094 0.000000 
