70.850304 59.707832 59.168247 62.578983 57.979534 0.027976 
82.476395 76.163170 79.630531 71.681396 57.328896 0.000000 
69.178177 61.776779 68.508324 64.189537 57.589161 0.000000 
77.075768 61.200577 71.385590 76.626999 52.351727 0.000000 
73.346458 57.372890 62.063557 63.838879 54.944969 0.000000 
80.331139 70.296677 76.634209 65.968002 55.239716 0.000000 
81.992828 58.834076 74.497772 71.424301 65.296753 0.027976 
81.535477 75.994362 80.110947 84.287109 61.137390 0.000000 
79.133797 62.130241 68.339081 63.403046 54.521790 0.019782 
72.587585 73.441742 79.557373 77.096725 62.518257 0.019782 
79.341438 65.231880 72.256241 70.528175 61.034958 0.027976 
73.762848 63.848873 73.659096 66.201370 59.375908 0.000000 
76.705162 60.614197 65.359711 64.201744 58.905682 0.000000 
76.799568 74.228378 78.729881 79.703239 56.076633 0.034264 
75.354881 66.503242 74.967880 74.537323 57.345119 0.019782 
76.079681 73.907471 72.565704 70.434357 48.022701 0.027976 
77.414467 70.789925 64.539124 63.792870 56.306393 0.000000 
73.969711 68.940643 69.646263 66.672981 63.853935 0.000000 
80.289558 71.891312 60.951855 67.873055 55.176762 0.019782 
75.324387 72.255936 69.047150 68.636482 53.133503 0.019782 
