2.602344 
4.132636 
4.013775 
4.332076 
1.298667 
2.083271 
1.892613 
1.048918 
0.865683 
6.462492 
4.255139 
1.477230 
1.876157 
1.769937 
1.943029 
1.512076 
6.829814 
1.909405 
7.684800 
1.866916 
6.195703 
5.961863 
3.914186 
1.831453 
4.372834 
2.353627 
3.816967 
4.331635 
1.958724 
2.322555 
1.770023 
2.166248 
11.196672 
2.035225 
1.841291 
6.132994 
2.599163 
4.530410 
4.248020 
3.865346 
3.867418 
3.936430 
1.884685 
2.432765 
4.035367 
3.918675 
3.860899 
1.072425 
3.853719 
4.003509 
1.933971 
3.988526 
1.532154 
2.123904 
3.860569 
2.833059 
3.853284 
3.915975 
2.018918 
3.845170 
1.702455 
2.121167 
1.314611 
1.985345 
1.262692 
3.877288 
3.897795 
1.282185 
1.939302 
1.656562 
1.636140 
1.958702 
3.985636 
2.265611 
3.960541 
2.479996 
2.471908 
3.881789 
3.894691 
3.879925 
2.285804 
1.891092 
2.005720 
3.845464 
3.858123 
3.862582 
2.338340 
2.338739 
2.530435 
1.792462 
1.644890 
3.940577 
1.470041 
5.131184 
1.560842 
3.864532 
1.873111 
1.507474 
1.382651 
1.546487 
1.531994 
1.382692 
4.791687 
5.088401 
1.430563 
2.150796 
3.947596 
2.565064 
2.637917 
5.905418 
2.072097 
1.595169 
1.686931 
1.915736 
1.625599 
3.965193 
4.867800 
3.864277 
4.089219 
1.871307 
3.910142 
10.890947 
2.810549 
3.864664 
3.893872 
4.557326 
2.594619 
3.881102 
3.837256 
1.303720 
4.215068 
3.962056 
1.563422 
2.433339 
1.444078 
4.086903 
2.338655 
1.696413 
3.898921 
3.913184 
1.440215 
2.122469 
4.135040 
3.952451 
73.454597 
1.486755 
1.314273 
2.099767 
5.625562 
1.091912 
1.602146 
1.419892 
3.868616 
3.936532 
3.870631 
1.446174 
3.917917 
18.536526 
3.826122 
1.623249 
1.829727 
1.643895 
3.901304 
1.691177 
2.342432 
3.900294 
2.519297 
2.278759 
2.299342 
2.074580 
3.921681 
1.896225 
1.531225 
2.245343 
3.849067 
3.963618 
1.497191 
3.859310 
3.873453 
1.990252 
3.956910 
3.900191 
5.491159 
3.508641 
1.506379 
1.889966 
3.944329 
3.860187 
4.550241 
1.735527 
2.340392 
1.769876 
4.618396 
1.456215 
1.300178 
2.252018 
1.850662 
1.590494 
1.569753 
2.111381 
3.850793 
2.520168 
3.860478 
1.263230 
1.664810 
0.905769 
2.102093 
3.912054 
3.853392 
1.800809 
2.577100 
4.010448 
1.740412 
3.887381 
7.411412 
2.465748 
3.854203 
1.926598 
1.593287 
3.953757 
1.425115 
3.850685 
1.824927 
3.843603 
1.963017 
3.853806 
3.858459 
3.874504 
1.626243 
2.106873 
1.239542 
3.868530 
5.528225 
3.892233 
0.972924 
3.862391 
4.098497 
4.614258 
5.716845 
4.949522 
2.081425 
3.849394 
3.977349 
3.887623 
2.147506 
4.501738 
3.855930 
1.629400 
4.392140 
1.474429 
6.686302 
4.364402 
1.277059 
2.082560 
3.865556 
3.862868 
3.863839 
1.359313 
4.274879 
3.860768 
4.294289 
3.861709 
47.490444 
3.870922 
4.040432 
1.461749 
3.876680 
3.835246 
35.264763 
1.781258 
2.543955 
3.853358 
3.865148 
1.717771 
1.632445 
3.854893 
1.349595 
1.307343 
1.983185 
4.301525 
7.476866 
1.801761 
1.844302 
6.364558 
3.916960 
1.162187 
2.243907 
1.795791 
1.538874 
2.271794 
3.791991 
1.445126 
2.215344 
4.402891 
1.716252 
1.124185 
1.704521 
4.019242 
1.651284 
3.901540 
3.881081 
2.257511 
2.347512 
1.661792 
5.044442 
3.854490 
4.253592 
8.056281 
3.904032 
2.825019 
4.906004 
2.287952 
2.450644 
3.873731 
1.789121 
6.737571 
2.406788 
1.384221 
1.531371 
3.819248 
2.041720 
3.893555 
3.857615 
3.920295 
15.183062 
3.902280 
2.088539 
1.492868 
3.859012 
1.411356 
3.899129 
3.855749 
1.772079 
2.171381 
2.025113 
1.458251 
1.411936 
1.291732 
7.776479 
6.302813 
3.968245 
3.891547 
0.981516 
4.189388 
3.927535 
3.884694 
2.388885 
3.757947 
1.535823 
2.145462 
3.858834 
2.024599 
3.864689 
3.910578 
1.751596 
3.915488 
3.905065 
3.915330 
2.349624 
3.897529 
1.978147 
3.897010 
1.403637 
1.721673 
3.903179 
25.193020 
3.895058 
2.222503 
1.316719 
4.841201 
3.875529 
4.158854 
2.362810 
3.862631 
4.697226 
2.606973 
1.916087 
1.687837 
3.852906 
3.921880 
2.457328 
4.931042 
4.152560 
17.552828 
1.132037 
3.857100 
4.452722 
3.867026 
1.945477 
3.890297 
1.871905 
1.944611 
2.596977 
4.353132 
2.035118 
2.325033 
1.351146 
4.082568 
1.281306 
2.293914 
2.493711 
5.930420 
1.614901 
4.451219 
1.492858 
1.689219 
3.896958 
3.926020 
2.427726 
3.856193 
40.686638 
1.306658 
5.476504 
4.416820 
4.946186 
5.844095 
3.893550 
1.241899 
2.176147 
7.175907 
2.304430 
1.431238 
1.649132 
1.562240 
1.628578 
1.115322 
3.857183 
1.775052 
3.853893 
5.240301 
1.763741 
3.856209 
3.837340 
3.845625 
3.907104 
3.885021 
3.884439 
1.505832 
1.647482 
3.924873 
2.286980 
1.543729 
2.050334 
3.863554 
3.873625 
3.902175 
0.948884 
1.315678 
4.493144 
1.605340 
3.900167 
1.771917 
2.509411 
1.703023 
1.257279 
1.361524 
3.817386 
3.865541 
1.677624 
1.883186 
1.077876 
3.851476 
0.901663 
3.872865 
2.493164 
3.800988 
8.427813 
2.051167 
1.387190 
3.672964 
1.696035 
2.280683 
3.862744 
3.843441 
3.755043 
2.280682 
1.751586 
3.834479 
3.764992 
1.661642 
4.001778 
4.295932 
3.864899 
2.010590 
4.365707 
3.903417 
4.992564 
2.560938 
1.887834 
1.953847 
3.892021 
5.003755 
1.593753 
15.010329 
1.734784 
1.392306 
2.315382 
21.647793 
1.556078 
4.043943 
2.211066 
3.867290 
1.604242 
1.800025 
1.021745 
3.955476 
2.397864 
3.876838 
3.850902 
3.855061 
4.435397 
1.373767 
1.566651 
3.999252 
1.875611 
3.836069 
3.868605 
3.953640 
2.389625 
6.050337 
2.387643 
10.748452 
3.806891 
2.339396 
3.802207 
7.904012 
3.965003 
4.041957 
3.872374 
4.543916 
3.853730 
1.136040 
3.866305 
6.199738 
1.461589 
2.233918 
1.985289 
3.040086 
3.804103 
3.862146 
9.279340 
1.530739 
1.789930 
3.867116 
5.328348 
2.041467 
3.863507 
1.574076 
3.894787 
1.601255 
4.222098 
2.326133 
3.846251 
3.881021 
3.857120 
4.001639 
1.315790 
1.460486 
2.327633 
3.967096 
2.236696 
4.116146 
1.683979 
3.855357 
3.831103 
1.356294 
3.972570 
2.310757 
2.716461 
4.123277 
3.818613 
3.778216 
2.469870 
3.825330 
2.524501 
3.887618 
2.276568 
9.121333 
3.860393 
2.237153 
3.743448 
2.152582 
1.825363 
2.430470 
3.849880 
3.874340 
3.831391 
4.819706 
3.936997 
3.855960 
3.894226 
2.085788 
28.982679 
1.311414 
1.299501 
3.851944 
1.629542 
3.882618 
2.146399 
2.342949 
3.827065 
2.410123 
3.931045 
4.653583 
5.148652 
3.889866 
3.927007 
3.864091 
1.469087 
3.921746 
2.418844 
1.841813 
3.860371 
1.660351 
3.920702 
3.872694 
3.845455 
4.771209 
3.854304 
2.426138 
1.468874 
3.829665 
4.125825 
4.291019 
2.389394 
4.279334 
1.265657 
2.116782 
3.863194 
1.517746 
26.288603 
3.857367 
1.608927 
3.872468 
1.811852 
3.915017 
5.246025 
3.915833 
2.172844 
1.745818 
3.947596 
4.332469 
3.950680 
1.223183 
3.875701 
1.708814 
3.869712 
3.905364 
1.550878 
3.853503 
2.428524 
3.971456 
1.122449 
1.867122 
4.729194 
1.685103 
2.342853 
1.291951 
3.904091 
2.293849 
4.229196 
2.043066 
1.390863 
3.859977 
4.275807 
4.374337 
4.335131 
4.094541 
1.945163 
1.379771 
1.267922 
3.881166 
3.879246 
1.070981 
2.168568 
3.854872 
26.395361 
1.483713 
3.847577 
3.859935 
3.855286 
1.731140 
4.008744 
1.594291 
4.064453 
3.704114 
1.481959 
3.932782 
2.649838 
3.885444 
3.868592 
2.299968 
3.869842 
6.442085 
2.859957 
4.164645 
56.404900 
3.883721 
1.558682 
1.407969 
2.584619 
1.907106 
3.894275 
1.547032 
1.487162 
3.867254 
6.507835 
1.715725 
1.321052 
3.890040 
2.102660 
3.871064 
4.312102 
3.871468 
2.174624 
1.331932 
50.570110 
3.873476 
4.373764 
2.071539 
2.405257 
4.065645 
3.737248 
1.732754 
3.840954 
3.875070 
1.401317 
1.121854 
1.628674 
2.144604 
5.802275 
3.873745 
2.187481 
2.610368 
3.886738 
4.119988 
1.483878 
1.699474 
1.583400 
26.053051 
1.250225 
5.266924 
4.430897 
0.943883 
3.903820 
2.183008 
2.635151 
2.616604 
3.884556 
2.070079 
1.286968 
4.050889 
7.569018 
0.912109 
4.025002 
2.100417 
1.981003 
3.905154 
5.246175 
3.891846 
4.267895 
3.850194 
3.859113 
3.872210 
3.905096 
3.985830 
1.824077 
2.730759 
1.936209 
1.127003 
3.851042 
3.864201 
3.782591 
1.855278 
3.852382 
1.759869 
5.354524 
3.956289 
3.863198 
2.419159 
3.841227 
3.845355 
4.695777 
3.947058 
3.851840 
4.234664 
3.887837 
1.613546 
4.067626 
3.871691 
1.994131 
1.279558 
1.397122 
1.278427 
1.454775 
3.892885 
1.459595 
1.195351 
0.774815 
37.079998 
2.280825 
1.706284 
2.182505 
3.865554 
6.514996 
3.882132 
1.644759 
2.458537 
2.017804 
3.833029 
11.152756 
1.344445 
2.058697 
3.694360 
3.885318 
2.175228 
4.460611 
3.852813 
2.386816 
3.706348 
3.869872 
3.879564 
4.236295 
1.765332 
2.097965 
4.124303 
3.805863 
2.017477 
3.897911 
2.177882 
1.181072 
1.418280 
3.968050 
1.556277 
2.756120 
3.911373 
3.886648 
3.857393 
3.692482 
1.581511 
1.505942 
3.850790 
1.283687 
3.815230 
5.184464 
3.958002 
1.310241 
3.937120 
3.900743 
3.866627 
3.762132 
1.358147 
4.399210 
2.015959 
4.097825 
3.982387 
3.869704 
3.891246 
1.873936 
3.863824 
3.889787 
4.392301 
3.997376 
1.679365 
4.614797 
5.537276 
4.448402 
3.855279 
2.223122 
1.583282 
3.860569 
1.512550 
3.846382 
1.362831 
3.840457 
2.137692 
2.021892 
5.972504 
1.260801 
2.760754 
4.197488 
3.961149 
3.852366 
1.333856 
1.732690 
1.485787 
1.925326 
4.157795 
1.436629 
32.448650 
2.023321 
0.940607 
3.890295 
1.612291 
1.556539 
4.109985 
2.412202 
4.167459 
3.849736 
1.217484 
3.862727 
2.651798 
3.778057 
2.254848 
2.447181 
1.801780 
4.175453 
5.669582 
3.896099 
1.384135 
4.093402 
1.163466 
5.028486 
2.005384 
3.856887 
3.867042 
3.841861 
2.165630 
4.623922 
3.887649 
3.866003 
1.835213 
4.673835 
3.897492 
3.913979 
1.503060 
5.172819 
3.916293 
4.315512 
1.273771 
2.709019 
3.767001 
1.515338 
2.143854 
3.921956 
1.532509 
2.327799 
1.631777 
2.138252 
1.228573 
3.862103 
4.021935 
1.599194 
3.880962 
1.677717 
3.845283 
1.443830 
3.733332 
1.649352 
3.855364 
1.858884 
1.275969 
2.157729 
4.120615 
4.055262 
3.885801 
1.554135 
3.836549 
3.855598 
1.933065 
15.028549 
3.851343 
1.386971 
2.030484 
1.542493 
3.873450 
3.842293 
2.401356 
4.361438 
1.091384 
3.871570 
3.886164 
2.014533 
1.961663 
2.244664 
3.856051 
3.953096 
3.872300 
3.796147 
1.597046 
9.539915 
4.068473 
3.874008 
2.341317 
3.850308 
3.929972 
4.104086 
3.618813 
3.906687 
1.898378 
1.578798 
3.878970 
3.853663 
2.098806 
3.983499 
2.125209 
3.884899 
3.752767 
3.852901 
1.635048 
2.246284 
1.562321 
1.716715 
1.814102 
4.031064 
2.157743 
4.086608 
3.966531 
3.828721 
4.472510 
3.847974 
3.851398 
3.867831 
3.851030 
2.926996 
4.885853 
3.904913 
3.887000 
3.817403 
1.825987 
2.420470 
3.852793 
1.469979 
1.616198 
1.090984 
1.397551 
1.235942 
3.872080 
3.838285 
3.871453 
4.576365 
3.898022 
1.544310 
3.900892 
4.117499 
3.910164 
2.565242 
3.853055 
3.844807 
6.286844 
11.039175 
1.151089 
3.876587 
2.040646 
2.936161 
3.958562 
2.370864 
1.359102 
3.896144 
5.702371 
1.717306 
3.688618 
1.134917 
0.992020 
1.448958 
3.947088 
2.516727 
2.304442 
1.148633 
1.695806 
3.877209 
3.916630 
1.414200 
20.059135 
3.847826 
3.911759 
3.882007 
3.944988 
1.770648 
3.884526 
1.684046 
1.474466 
1.756174 
1.869781 
3.877156 
3.858226 
1.553298 
3.901814 
16.638060 
55.960819 
2.154090 
2.004166 
3.943309 
1.339948 
3.847425 
3.847423 
3.957319 
3.855124 
3.930263 
1.550440 
3.949565 
3.931268 
1.437684 
4.313219 
2.698952 
3.834380 
51.985405 
1.624565 
1.938282 
5.750153 
4.820467 
1.401175 
3.937325 
3.770365 
3.909938 
1.711277 
3.817823 
1.851974 
3.869578 
1.102344 
4.056116 
2.442824 
1.813297 
1.732449 
3.991770 
4.231629 
1.888400 
1.289777 
1.477800 
3.866643 
1.399747 
3.982163 
3.874712 
2.205974 
3.913287 
3.911510 
1.878023 
1.531378 
3.744464 
1.951264 
2.954914 
3.912626 
2.286989 
1.477766 
3.887462 
3.909882 
3.954032 
3.860812 
2.521474 
3.863939 
2.713273 
3.871413 
1.372421 
1.309794 
3.873724 
2.072955 
2.592538 
3.878790 
6.137859 
1.865632 
1.454152 
1.835235 
3.891574 
1.388627 
1.896222 
1.608520 
1.431771 
2.218641 
4.026126 
1.838116 
5.773839 
2.016637 
1.891159 
4.381691 
3.862458 
1.973531 
3.861405 
4.085454 
4.059029 
1.803339 
3.799987 
2.011585 
1.686810 
1.885826 
3.918286 
6.054017 
3.895932 
1.567767 
6.147606 
1.969828 
4.966515 
1.489766 
2.120483 
3.846994 
4.943488 
5.014217 
1.364821 
2.454138 
6.046361 
3.854853 
1.013227 
2.202146 
3.887923 
3.837554 
4.311151 
3.873187 
3.856762 
3.884872 
2.171407 
2.127582 
4.309003 
3.976755 
3.871132 
1.335498 
1.967871 
1.399797 
11.206906 
5.416282 
1.648930 
3.866605 
4.865375 
4.275177 
3.866770 
0.910982 
4.592667 
3.902535 
1.419279 
1.952753 
2.200327 
1.355828 
2.529479 
9.225401 
4.005921 
1.556881 
4.074167 
1.770062 
16.160191 
5.366627 
2.135581 
2.501907 
3.763674 
1.413290 
1.400622 
1.720781 
4.595108 
8.410899 
1.794836 
1.562276 
1.312899 
2.723737 
2.006405 
3.873221 
1.484833 
1.778123 
3.863031 
2.050319 
1.579990 
2.176812 
3.915302 
3.848794 
31.650831 
1.277926 
3.872797 
3.910674 
3.863808 
1.491048 
1.607143 
1.811480 
2.528765 
2.368493 
2.163731 
1.305935 
1.410312 
1.158481 
3.876182 
3.781109 
1.828559 
1.549491 
3.891837 
3.904635 
1.900170 
1.602807 
1.442022 
1.743060 
1.736908 
4.452059 
1.702898 
1.945734 
3.915779 
4.009086 
3.840721 
2.321856 
3.861284 
3.901226 
1.642923 
1.505759 
1.645021 
3.707158 
3.925807 
48.317894 
3.846085 
2.562842 
1.413852 
2.143862 
3.825469 
3.907193 
1.696598 
3.900632 
2.225773 
1.729741 
3.900889 
2.108508 
1.449333 
2.279469 
3.838395 
4.603279 
1.485404 
3.860339 
1.187696 
4.506901 
3.778963 
3.854664 
3.881575 
1.343431 
3.871290 
1.261670 
1.145987 
1.223963 
3.876776 
1.505389 
1.883193 
20.408407 
3.899634 
3.901006 
3.851058 
3.837427 
2.399267 
3.852425 
3.843650 
3.916227 
1.802251 
3.891448 
3.862924 
3.908882 
3.779627 
1.237897 
4.243237 
1.726662 
1.588707 
5.931804 
3.870318 
4.141719 
3.877380 
3.877294 
2.053739 
3.849365 
3.866727 
4.208890 
2.098362 
1.253587 
3.892151 
2.347393 
2.526638 
4.730434 
1.380899 
2.431396 
4.233313 
4.015092 
1.475713 
1.625344 
1.333520 
2.040556 
3.852982 
14.360003 
3.850876 
2.365586 
1.460531 
5.045393 
1.553798 
2.441725 
5.059664 
1.547266 
1.338548 
2.108872 
1.543021 
2.136742 
3.863011 
1.782230 
3.854793 
4.368068 
1.613950 
37.203430 
1.866474 
1.639204 
3.951601 
4.685766 
3.874133 
3.789470 
1.538294 
4.031930 
2.644440 
3.871858 
3.897145 
6.560116 
1.325478 
3.864712 
1.471677 
3.997657 
36.292000 
3.913043 
3.844638 
4.654419 
5.174766 
3.862584 
3.892053 
2.059806 
4.010165 
3.841209 
2.221169 
3.848774 
1.591990 
2.572169 
3.871354 
1.159951 
3.890200 
3.908844 
2.181052 
5.913069 
10.112433 
4.289633 
3.883535 
3.851371 
2.094777 
3.888705 
1.392827 
5.936235 
3.885508 
6.854402 
3.899354 
3.967020 
2.165701 
4.684944 
3.868416 
3.852073 
1.890514 
1.527307 
1.794820 
1.684015 
1.565058 
1.439456 
2.297127 
1.561254 
2.308305 
3.909520 
1.428771 
2.631910 
4.060843 
1.286454 
1.850195 
1.852963 
1.613775 
1.135622 
5.657052 
7.601395 
4.452346 
1.699958 
1.369829 
3.847634 
3.895562 
1.705745 
2.303605 
2.185243 
3.685472 
2.341675 
3.879129 
1.409231 
1.131044 
4.921028 
1.730334 
2.330114 
3.855984 
4.062268 
2.146610 
2.289343 
3.862271 
3.915328 
1.539063 
4.135171 
3.890986 
4.499954 
1.669815 
3.941550 
8.477202 
2.164209 
2.178992 
1.850299 
2.250050 
2.472262 
3.851760 
3.863518 
3.888871 
3.853419 
5.883162 
3.921166 
1.752375 
3.862414 
1.264664 
2.483094 
2.059086 
3.832529 
1.719310 
3.860176 
4.775917 
3.862075 
1.300571 
2.314735 
4.172412 
7.282713 
1.520429 
4.230850 
8.514515 
1.629367 
3.925532 
3.898182 
1.707199 
3.882939 
4.402598 
4.447517 
1.829401 
3.861978 
1.183531 
5.799382 
4.161906 
4.111777 
2.111051 
1.378614 
3.902641 
1.348699 
1.402800 
1.824305 
2.393737 
3.905699 
2.220793 
1.342067 
4.007895 
1.356200 
1.861302 
1.537619 
2.361150 
3.907585 
3.820277 
3.854943 
5.661905 
2.202044 
3.939883 
3.879965 
1.487509 
1.423115 
1.770511 
2.245567 
1.500647 
3.875436 
1.700464 
3.944038 
1.809284 
2.241037 
5.551526 
4.557519 
3.847331 
3.899324 
4.727725 
8.708879 
1.139615 
3.963530 
1.608294 
3.874983 
2.380684 
1.624330 
2.270111 
3.912559 
3.857561 
3.920584 
3.913459 
5.196333 
1.096911 
37.779770 
3.875280 
1.324732 
1.315473 
2.066141 
2.230297 
1.737188 
3.886324 
3.918488 
4.079977 
1.906747 
2.172320 
4.655844 
2.242796 
1.481557 
5.016051 
3.846977 
5.300828 
1.822370 
3.875327 
1.166640 
2.615810 
1.305429 
2.134085 
3.858659 
3.870984 
2.713278 
1.321366 
2.173133 
3.870647 
1.840721 
2.749058 
1.742407 
1.544216 
1.642206 
3.111232 
1.878359 
2.463683 
4.256296 
3.875808 
3.864024 
1.629788 
1.951939 
3.830849 
3.864692 
3.958738 
3.901926 
5.255078 
1.454526 
10.398622 
3.884672 
3.903090 
3.906504 
1.245854 
4.233954 
1.535849 
1.175361 
4.405513 
2.101729 
3.668187 
1.601112 
1.313603 
3.850081 
1.989919 
3.866379 
1.600885 
5.352686 
6.353344 
3.828270 
5.573888 
4.998529 
3.887519 
2.064897 
5.030226 
3.951630 
3.850849 
1.627090 
3.856797 
1.373704 
1.444319 
3.941885 
3.929417 
3.852221 
4.182637 
1.852139 
3.834752 
2.122095 
1.514821 
1.678322 
1.385388 
1.673086 
1.823706 
4.109029 
2.487780 
3.844060 
3.903226 
1.163907 
1.606687 
3.899618 
1.716289 
3.852117 
1.387333 
2.214011 
3.844313 
4.037841 
4.181891 
1.450793 
4.213832 
1.933092 
1.563186 
1.420092 
1.335317 
4.645077 
3.912915 
1.352687 
3.922402 
3.869209 
1.680685 
4.038121 
2.210737 
4.616817 
1.329685 
3.855407 
1.921008 
3.932339 
2.052826 
1.775757 
1.574490 
3.863801 
4.211849 
3.887764 
3.809376 
3.842892 
4.007972 
1.253665 
3.856470 
7.721458 
1.690133 
1.501217 
6.526339 
3.898839 
5.165674 
3.849187 
6.257458 
1.849716 
1.272035 
4.663443 
2.850833 
1.935340 
3.921669 
4.073237 
4.153735 
3.853926 
4.061795 
3.890934 
1.825504 
2.554796 
3.889726 
1.657093 
2.422287 
2.394763 
1.854492 
2.243030 
1.777007 
3.864444 
3.835806 
1.624220 
1.509588 
2.300289 
3.929867 
0.924625 
4.066354 
3.893982 
3.989684 
3.887733 
3.850553 
3.857537 
4.344997 
0.859388 
3.851092 
1.772174 
2.189217 
3.843181 
2.437031 
4.013959 
1.573146 
3.879525 
5.527318 
1.877181 
3.858060 
1.526664 
1.302315 
6.711226 
2.674943 
3.962952 
2.934093 
1.508186 
4.810600 
3.893379 
2.358253 
1.481489 
1.924666 
0.936024 
2.779876 
1.804825 
1.388173 
4.878537 
3.870836 
1.519688 
2.970704 
1.415469 
1.298692 
2.889834 
1.692718 
2.354023 
2.207222 
3.705398 
1.830785 
6.833800 
3.954996 
3.995640 
4.437921 
1.891736 
3.882499 
2.457475 
1.941465 
4.602491 
2.178582 
35.918995 
3.847568 
4.115031 
2.214173 
3.872821 
1.680269 
3.902711 
14.603198 
1.730388 
3.976362 
3.676497 
3.879220 
1.563290 
3.926114 
4.810100 
3.855342 
6.230299 
1.354116 
4.036907 
4.294884 
1.437956 
1.508491 
3.063188 
3.814162 
1.579227 
1.243045 
3.914645 
1.116128 
3.859047 
1.124652 
3.859238 
1.173000 
3.800333 
2.096103 
3.852330 
1.356994 
3.865381 
2.569482 
4.436057 
1.924585 
4.984567 
3.884424 
1.947939 
3.838564 
2.143675 
2.290695 
1.342165 
1.690862 
1.718282 
2.179451 
2.314820 
1.547419 
1.297229 
5.766419 
1.408342 
0.666844 
2.664845 
3.850210 
1.664346 
3.855023 
3.599368 
2.893901 
3.905174 
3.917260 
1.782549 
3.922399 
1.882793 
1.966732 
3.868279 
5.730066 
2.193348 
2.435635 
1.478970 
1.905801 
4.082417 
1.403009 
2.324646 
1.261891 
3.869535 
3.880453 
15.263459 
1.338456 
2.245169 
2.041585 
1.598938 
3.854263 
3.802232 
0.970457 
1.339302 
3.908292 
3.830215 
2.240975 
3.895821 
1.706577 
2.118074 
1.588522 
1.752064 
3.886585 
3.830134 
3.955914 
2.264002 
2.195576 
4.597550 
1.462634 
2.245153 
3.917201 
3.957980 
1.956170 
1.199811 
3.900296 
3.841597 
2.259486 
2.879056 
1.607357 
2.420771 
1.456495 
1.238549 
5.443053 
3.818892 
3.864012 
1.806237 
1.627828 
1.672272 
3.896284 
2.342441 
1.912293 
1.819634 
1.926925 
3.883220 
3.916095 
5.056607 
3.925524 
3.876158 
3.881001 
3.914864 
3.738302 
3.923067 
3.949348 
0.805809 
1.424380 
3.835585 
1.530122 
2.425573 
2.399488 
2.568865 
4.695603 
4.641232 
1.813655 
3.857352 
3.990546 
4.208276 
4.270439 
2.247098 
3.996396 
1.757643 
1.392967 
1.200826 
1.632170 
4.902790 
3.861223 
4.660743 
25.833647 
4.083041 
1.802441 
7.603771 
2.580510 
7.437986 
1.677210 
3.887077 
1.979736 
4.002673 
3.976605 
3.365388 
1.566650 
4.445841 
1.470769 
3.948505 
3.985500 
3.795390 
7.762997 
1.707521 
3.944378 
2.308960 
1.874957 
1.415715 
2.446990 
1.114746 
4.271150 
3.969273 
4.046749 
3.915892 
3.900209 
5.623674 
2.342824 
1.396674 
3.868362 
2.214603 
1.836530 
2.405266 
1.279408 
2.354685 
3.907804 
2.112730 
3.898829 
2.458566 
4.696123 
1.951615 
3.853575 
2.422658 
3.786346 
1.932261 
3.898015 
3.919212 
3.852371 
4.133067 
28.590200 
5.520126 
3.900183 
1.755933 
3.869635 
1.584362 
1.355459 
3.966349 
3.496724 
2.218885 
3.887920 
3.848796 
1.202994 
1.711006 
3.871171 
7.443824 
3.859549 
1.447542 
1.199522 
3.844245 
1.374791 
1.414284 
2.090630 
3.976410 
2.516715 
3.887135 
2.164832 
1.927598 
2.407969 
3.850653 
3.857911 
0.933301 
1.276905 
3.979435 
1.526487 
2.259564 
3.872948 
11.932210 
3.850635 
1.705094 
2.017238 
3.902973 
3.932376 
2.491305 
3.888037 
3.890584 
4.557308 
3.912320 
1.491013 
3.887320 
3.798640 
1.228951 
1.759432 
3.935505 
3.878542 
1.568764 
4.372254 
3.414099 
3.846837 
1.516186 
1.518412 
3.939605 
2.109606 
7.540012 
1.854223 
1.708878 
3.858202 
1.976446 
1.750990 
3.787520 
3.765164 
3.902593 
1.442474 
2.396671 
2.185554 
1.433369 
2.051414 
1.784929 
4.368464 
4.114051 
1.785191 
2.309400 
1.547803 
0.643603 
3.861185 
1.061709 
3.873999 
3.885045 
1.304784 
3.845419 
3.899452 
3.872475 
3.918393 
2.291243 
1.761976 
1.377276 
1.779047 
1.813757 
1.103564 
3.951921 
2.056400 
1.214928 
3.830724 
4.371634 
3.954829 
1.247900 
3.862087 
4.260453 
3.880998 
1.489518 
3.853938 
2.151741 
1.806413 
4.053092 
1.394864 
1.630702 
1.726451 
2.328066 
5.204089 
3.855631 
3.872812 
1.349120 
2.225953 
3.956264 
1.825821 
1.192406 
2.068130 
2.661801 
2.407791 
3.979870 
1.772665 
2.240794 
1.549987 
3.852649 
3.934483 
3.942176 
22.226845 
1.539781 
2.284674 
1.383225 
3.889462 
2.299467 
1.835242 
5.472184 
3.951055 
3.952709 
3.851119 
3.718528 
32.394966 
8.191992 
3.958614 
1.310425 
2.168541 
1.691516 
1.113250 
3.842225 
4.384169 
1.511476 
3.661916 
4.024471 
3.872750 
3.860766 
2.377818 
3.918270 
1.346446 
2.058989 
3.851810 
1.620760 
1.701545 
3.913963 
1.253991 
3.819702 
3.897647 
1.258203 
2.409056 
4.023523 
1.339729 
1.716073 
2.041412 
1.997844 
2.212632 
2.230786 
1.940463 
3.984328 
4.624953 
3.879420 
2.111214 
43.881248 
5.774861 
1.738529 
1.371714 
5.046297 
1.655139 
3.923885 
2.490328 
1.936989 
3.892510 
1.130935 
1.520983 
1.451332 
2.702014 
4.352511 
2.027295 
7.391119 
2.382322 
2.335867 
3.736531 
1.536578 
16.158710 
3.883326 
3.945320 
2.089033 
3.892166 
2.076185 
3.870622 
3.891504 
23.959476 
3.838589 
3.901289 
1.279880 
3.864279 
1.510841 
1.641393 
4.531946 
19.077898 
1.594763 
3.864236 
6.171227 
1.734534 
3.914796 
2.508482 
3.916452 
3.916612 
1.795875 
1.794848 
3.853626 
4.285802 
3.865973 
3.969644 
2.275684 
2.130198 
1.787972 
3.870759 
1.939486 
3.930474 
5.555483 
3.886622 
4.087960 
4.241440 
1.607283 
3.911765 
3.796337 
1.553684 
2.237731 
3.907469 
2.316441 
1.186340 
3.882651 
1.468793 
1.558282 
3.922870 
3.904411 
2.248704 
4.095312 
2.387285 
1.795845 
1.021834 
4.892924 
3.861404 
3.856963 
3.736465 
1.866039 
3.881537 
3.964640 
3.851702 
1.740010 
1.675056 
3.908354 
3.898077 
1.405930 
3.873610 
2.638273 
3.860635 
2.045107 
1.327322 
2.344529 
1.225114 
4.081656 
3.897288 
1.832240 
1.656225 
3.852882 
3.863831 
1.450982 
4.502767 
1.734827 
1.289842 
2.579716 
2.061333 
2.121730 
2.641990 
3.904296 
3.824145 
1.357653 
4.645779 
2.054147 
1.582946 
3.941963 
3.897293 
1.590873 
3.852300 
6.374691 
3.867504 
4.185661 
3.859898 
3.954816 
1.683091 
2.174863 
3.888611 
4.114474 
3.859688 
2.703742 
3.876691 
1.700378 
2.507284 
1.464962 
1.587842 
4.452460 
1.790408 
3.722895 
1.588077 
4.330513 
2.041677 
5.721714 
2.220296 
1.056191 
3.878438 
1.330621 
1.837454 
4.003623 
2.145611 
1.531804 
3.930502 
4.173978 
1.720128 
1.739324 
2.432470 
1.546653 
1.755080 
3.783412 
1.537749 
2.659627 
3.723956 
2.439294 
3.878410 
3.850899 
2.036437 
3.862550 
3.815006 
2.611819 
4.039052 
4.632232 
1.156593 
0.987210 
3.927288 
3.848866 
4.039568 
3.744347 
2.546951 
3.838537 
1.977180 
3.939576 
1.911746 
1.508471 
3.877987 
3.865735 
2.371018 
3.899353 
3.930901 
1.524932 
5.605254 
1.945710 
1.739473 
2.039711 
3.903867 
2.432187 
2.491901 
1.860445 
3.892601 
1.437232 
2.081414 
3.909974 
2.460426 
3.760936 
2.038917 
1.789780 
3.926170 
2.398488 
1.355354 
4.958458 
3.898951 
2.352772 
2.180495 
1.747788 
3.852048 
1.155041 
3.882106 
3.949169 
3.941865 
1.312256 
2.847584 
3.879683 
3.914316 
3.855593 
4.549267 
1.534076 
3.913647 
3.856276 
1.353605 
2.736021 
3.870139 
3.902065 
34.432705 
1.550280 
2.334990 
1.365270 
2.388292 
4.424040 
1.334856 
3.932289 
1.555346 
2.809949 
1.251850 
1.975530 
2.374374 
2.212043 
1.826342 
4.534277 
3.854030 
3.862923 
3.993892 
1.939829 
3.772775 
1.723961 
1.374080 
1.709718 
1.833934 
3.826496 
3.868522 
3.792299 
3.881460 
6.261736 
2.408359 
3.871433 
1.412660 
1.188184 
0.873383 
3.849875 
3.865694 
2.194383 
1.923145 
2.190145 
4.010090 
3.857241 
2.110249 
1.732106 
3.856084 
4.164001 
1.519439 
1.266812 
1.325426 
3.885834 
1.314028 
3.875722 
1.447718 
1.887089 
3.816070 
4.024880 
3.882086 
4.068326 
4.030296 
3.869203 
1.648906 
1.359057 
3.854883 
1.247841 
3.676846 
1.270415 
3.839483 
2.815035 
3.883127 
0.842445 
5.535223 
4.151297 
2.179337 
2.202146 
1.309877 
3.875921 
1.746788 
2.277292 
3.814306 
1.723066 
1.928590 
2.213798 
3.852154 
2.250386 
2.447999 
3.861811 
2.089100 
3.922508 
2.422819 
4.365379 
3.853930 
1.673357 
1.540075 
3.849795 
4.154828 
3.876049 
3.797205 
1.023945 
2.269688 
99.970993 
3.851523 
3.928173 
1.844551 
2.023699 
3.065874 
4.849103 
3.844175 
3.867989 
1.305128 
3.787430 
2.563004 
1.999803 
3.847922 
2.236247 
3.663006 
1.944416 
2.016731 
3.863754 
3.989895 
3.934516 
1.685408 
4.510509 
5.578207 
3.876332 
3.925703 
1.925843 
3.887313 
2.088393 
3.935406 
1.690966 
1.457679 
3.795290 
3.880489 
4.623608 
3.831457 
1.094292 
1.322760 
17.381397 
2.145627 
3.882850 
3.853160 
9.881828 
1.643204 
2.225163 
2.118611 
3.776689 
3.852245 
39.154503 
3.877296 
4.000146 
3.837073 
1.709781 
2.161372 
1.428683 
3.823971 
1.815506 
3.920713 
3.938900 
4.977564 
3.932667 
3.874939 
3.980500 
3.851425 
3.856162 
3.874696 
3.939202 
1.511271 
1.371054 
1.590242 
1.301721 
3.853997 
32.991573 
3.888268 
3.863046 
3.900372 
2.026420 
3.881609 
2.483823 
3.850700 
1.421798 
1.673365 
4.280681 
4.293782 
3.903342 
1.402675 
5.321404 
4.214176 
3.860052 
4.610480 
2.291289 
2.755865 
2.051136 
1.657297 
1.565599 
6.044742 
3.896834 
1.562769 
3.845210 
3.930650 
3.908431 
1.564695 
3.991415 
1.598568 
7.321177 
1.123386 
4.046039 
4.224727 
2.287572 
3.846257 
3.867316 
1.641559 
1.621830 
2.446496 
3.843505 
4.163309 
2.521674 
1.267660 
3.862928 
1.413668 
2.334064 
1.871735 
1.495760 
3.864770 
4.812018 
1.237170 
3.847276 
1.159499 
1.472330 
3.854156 
7.649206 
1.650896 
4.612538 
2.427426 
3.889845 
2.260058 
1.709453 
1.553226 
2.369764 
3.847335 
3.509953 
3.919527 
1.643807 
5.909854 
3.878418 
1.991356 
1.511380 
3.851604 
4.261761 
3.779795 
2.394271 
1.201591 
99.962769 
1.938254 
1.695652 
3.879164 
4.486357 
1.813336 
1.424864 
4.415565 
1.359003 
1.411099 
4.227737 
1.556655 
1.595287 
2.022499 
7.106640 
1.022113 
2.886301 
1.125793 
3.863562 
5.345326 
1.555103 
1.488245 
3.801664 
3.863612 
2.064742 
1.529249 
4.087042 
3.876051 
7.000589 
1.351810 
2.579661 
2.874624 
1.607961 
4.887114 
3.882693 
2.258775 
3.843137 
1.823506 
3.898539 
5.006035 
3.697198 
3.852526 
3.892426 
6.128244 
1.958567 
1.341370 
1.407942 
3.851446 
2.378492 
3.858419 
3.792908 
26.022419 
1.072891 
4.335062 
2.253919 
2.215776 
17.876110 
2.141615 
5.477363 
3.871976 
1.143421 
1.562571 
3.776750 
3.872937 
2.275158 
1.228071 
3.918678 
1.993703 
2.544937 
1.374547 
1.496442 
4.010304 
3.891616 
3.864067 
3.874761 
1.872494 
1.691982 
2.100779 
5.738268 
4.039909 
3.853143 
3.890404 
1.974734 
7.249530 
2.120362 
3.909240 
3.910478 
3.743431 
1.661909 
4.056909 
1.590493 
2.569859 
1.334191 
4.380483 
1.532830 
1.274851 
2.256912 
2.596971 
2.768978 
3.906016 
1.249681 
3.748347 
2.370421 
1.374360 
3.919170 
1.397546 
3.837587 
1.699675 
4.002954 
1.186579 
3.907974 
4.089125 
5.137239 
1.671188 
4.140701 
2.344564 
1.594814 
1.816368 
4.006806 
3.866260 
3.877661 
4.170060 
11.991379 
1.534542 
2.048732 
4.286939 
3.886725 
1.470243 
1.561261 
2.309730 
2.283561 
1.186241 
2.054875 
3.883526 
3.867383 
1.693829 
4.812818 
3.847342 
1.759122 
2.715682 
3.917907 
1.488692 
3.856722 
5.216362 
4.454798 
1.734284 
1.777537 
3.892407 
1.631975 
2.118500 
2.194729 
2.411398 
5.187274 
3.816453 
3.878597 
2.270132 
2.134976 
2.596011 
3.886111 
3.849109 
3.861665 
2.010370 
4.153969 
1.337984 
4.843208 
1.565769 
1.382182 
2.242450 
3.880240 
2.421667 
3.870271 
1.496074 
0.965103 
3.864710 
3.849986 
4.016575 
1.957153 
3.880811 
1.687751 
3.823622 
3.837180 
2.451703 
3.897605 
4.047629 
2.174976 
1.507850 
3.855921 
2.454206 
2.337283 
4.458688 
3.857212 
1.834015 
4.778731 
1.563468 
3.862324 
1.515236 
2.169201 
1.612381 
4.412280 
1.743886 
2.189915 
1.921093 
3.885239 
3.833387 
1.577121 
3.861021 
3.845225 
3.869221 
1.919379 
3.853694 
3.882335 
4.962539 
1.810627 
9.218620 
3.868542 
4.053912 
4.391034 
2.198914 
1.559159 
1.411888 
1.454265 
1.829379 
1.579147 
2.412878 
9.984434 
0.983743 
3.911916 
3.870508 
3.850376 
3.880981 
1.351933 
4.032172 
1.414316 
2.325398 
3.898046 
1.997907 
3.858906 
1.520273 
4.169807 
3.842720 
3.945122 
4.952574 
3.863151 
1.201174 
5.573051 
3.856779 
3.906228 
1.230347 
3.897856 
1.884197 
3.985389 
2.334682 
4.068562 
1.702602 
3.841121 
6.006204 
1.403039 
1.713643 
3.916487 
3.910989 
3.852631 
1.357895 
3.916305 
1.622444 
1.359028 
2.481292 
2.466435 
3.699904 
1.437325 
17.832880 
1.613223 
1.360729 
36.309498 
3.930786 
1.543706 
1.589164 
3.852733 
3.850012 
2.606731 
1.178742 
1.933473 
3.852400 
4.596141 
3.897993 
1.363527 
1.320102 
11.864062 
1.507203 
3.846385 
3.804271 
4.807158 
2.248199 
3.866603 
1.695508 
3.856023 
1.180576 
4.328135 
3.968744 
2.358790 
1.370677 
3.869202 
3.881863 
3.884042 
1.906987 
1.517855 
4.084847 
1.251255 
3.854979 
6.857119 
4.475329 
1.463983 
1.738470 
3.901631 
3.991953 
3.863052 
3.862850 
3.875235 
2.201051 
3.726974 
1.456267 
1.711693 
31.028759 
3.862061 
1.508451 
1.845916 
1.613500 
3.929201 
2.210224 
2.140045 
1.510086 
1.752095 
3.887657 
1.363479 
1.726796 
1.875178 
3.831415 
2.732495 
3.772396 
1.986384 
3.854428 
1.204687 
1.411026 
3.882553 
2.582500 
3.979570 
3.908739 
1.595505 
3.862439 
3.976003 
4.318370 
4.173521 
8.253730 
3.905394 
2.503538 
1.742931 
3.854309 
1.918453 
4.333057 
5.815968 
3.870233 
4.153977 
1.869481 
3.904584 
1.288803 
1.265071 
1.438697 
3.750097 
2.399082 
60.845848 
2.342323 
3.964264 
1.687458 
2.256201 
1.181829 
1.528525 
1.368630 
2.313090 
1.409871 
3.856609 
1.532781 
2.517213 
1.446026 
3.961561 
2.385497 
2.328821 
1.372375 
2.478021 
1.688763 
3.950511 
7.671793 
2.306445 
1.484712 
3.864764 
3.892324 
3.882544 
2.043561 
4.114734 
7.416851 
7.724254 
2.226772 
3.796916 
3.849147 
2.024454 
1.978880 
3.827372 
2.160184 
3.907694 
3.936688 
1.310079 
1.469812 
3.905497 
2.248219 
1.606956 
1.813206 
1.578314 
1.780918 
4.145620 
3.498317 
3.850051 
1.152226 
3.870664 
1.061499 
2.705395 
1.757312 
1.463912 
1.974681 
32.180504 
4.002010 
2.051463 
3.930390 
3.862051 
7.345001 
4.229324 
1.568124 
3.882584 
11.993815 
3.874141 
1.730039 
3.854441 
2.178510 
3.873033 
2.060091 
2.287921 
3.795687 
3.884295 
1.699984 
3.706310 
2.003565 
3.851401 
3.864626 
3.838945 
3.865033 
2.633698 
3.850737 
2.027246 
3.858218 
4.093725 
2.094937 
3.898785 
4.428416 
1.647129 
3.848229 
2.375240 
1.946548 
26.604877 
3.998220 
3.860706 
0.755317 
2.374452 
8.979784 
4.223696 
3.955809 
3.844270 
3.893147 
3.897294 
3.855314 
3.845905 
3.878196 
3.825470 
2.816481 
2.628042 
1.385391 
1.979822 
2.039987 
5.187049 
2.177373 
3.887473 
4.217690 
3.879727 
1.033478 
6.226024 
5.704062 
1.290117 
1.427138 
4.335090 
4.657866 
1.683688 
3.999800 
1.714479 
1.895859 
2.132723 
3.832977 
4.132296 
3.838156 
3.857241 
4.998176 
3.875230 
4.767208 
1.512227 
2.393872 
2.809772 
1.062889 
2.163987 
2.094300 
1.462427 
3.872089 
3.848539 
2.222233 
4.303531 
4.282815 
4.340984 
3.904018 
3.859717 
3.854814 
3.864968 
3.895398 
3.857879 
3.868999 
2.512423 
1.654648 
3.879582 
3.901190 
2.351979 
1.491432 
3.835832 
1.940769 
1.482743 
3.927652 
4.951424 
3.975849 
3.872910 
0.840133 
3.887185 
2.073008 
1.267200 
3.890240 
2.354449 
1.582536 
25.740103 
1.436785 
3.903158 
1.594317 
2.108688 
3.749380 
1.956313 
3.997850 
1.691685 
3.843014 
1.276231 
1.680638 
3.855511 
1.705499 
7.887774 
1.863836 
4.195542 
3.876782 
3.856859 
2.044461 
3.849205 
2.555018 
1.484570 
3.996208 
1.388859 
4.277496 
2.075420 
2.151983 
2.199038 
1.711597 
3.897557 
3.871796 
2.058563 
4.241785 
1.823789 
3.845722 
5.452853 
4.978928 
2.200615 
1.461342 
1.673450 
1.436772 
1.880514 
3.867688 
1.291743 
3.880420 
1.672208 
3.664073 
1.451643 
1.844379 
1.215136 
2.202702 
3.849651 
2.286935 
3.888361 
3.922854 
1.871980 
1.661380 
4.479017 
6.735431 
1.900588 
3.575367 
3.907907 
1.403102 
3.904559 
4.298808 
1.700205 
1.844089 
1.861260 
4.187249 
2.470834 
1.375792 
2.656843 
1.530705 
1.980229 
4.224632 
1.987977 
3.996141 
4.508430 
3.881451 
2.014739 
1.544862 
1.375645 
1.062277 
1.459364 
4.310497 
3.886327 
4.152409 
3.859185 
1.601746 
3.903608 
3.899271 
4.027665 
1.254845 
4.789023 
1.911664 
3.909233 
4.132812 
3.878113 
2.464991 
3.878771 
5.233179 
1.786174 
1.526536 
1.510577 
2.378843 
4.988667 
3.911303 
4.298966 
2.200765 
5.061923 
1.305341 
2.253752 
3.970346 
3.878456 
2.342232 
1.768691 
3.843959 
1.283767 
5.793570 
3.869431 
4.284313 
3.928675 
2.272265 
1.708271 
3.881201 
4.649681 
2.382337 
1.894650 
1.938665 
3.787470 
3.901325 
1.208229 
3.875159 
4.006958 
2.325099 
3.955435 
1.588640 
3.861992 
2.612496 
2.392647 
4.075132 
3.842617 
5.685994 
4.031711 
3.953194 
1.939374 
3.867970 
3.891942 
3.376629 
1.846642 
3.881912 
2.311615 
1.262608 
3.861890 
3.862236 
2.436520 
3.982348 
1.507803 
1.710426 
1.446048 
1.799097 
1.576355 
1.816144 
4.218626 
3.877511 
14.604982 
0.862667 
2.259838 
1.820701 
3.860937 
3.922670 
2.232002 
5.854465 
3.973745 
4.027797 
5.170195 
3.888990 
1.550803 
2.481712 
4.582645 
3.945253 
16.670218 
1.432039 
6.517659 
3.843242 
1.934965 
3.955066 
3.865752 
1.863127 
3.869432 
4.006640 
1.822309 
1.245320 
3.863735 
1.675146 
1.554648 
3.877551 
3.851187 
10.624049 
1.882874 
3.929853 
3.874944 
3.932049 
3.873202 
0.892313 
4.144036 
2.149362 
3.892766 
4.006485 
1.990998 
3.868639 
3.848183 
3.859360 
4.629510 
3.916154 
2.386643 
3.118057 
3.853071 
1.562681 
2.499897 
4.225070 
4.258377 
1.461749 
1.339012 
3.853334 
3.840996 
4.078914 
3.869773 
18.441540 
6.929348 
4.444053 
2.316197 
3.864155 
3.930464 
2.478759 
3.853893 
3.942842 
1.950431 
1.314496 
3.911832 
3.984263 
1.243234 
1.493267 
3.872055 
1.724689 
1.637137 
2.424033 
1.350143 
3.920078 
1.823961 
3.882317 
1.213023 
2.322476 
1.504520 
1.561054 
1.330287 
3.701234 
1.936656 
4.911624 
1.604888 
4.766184 
3.952305 
3.699599 
3.850677 
6.382585 
1.373926 
4.999566 
1.436043 
3.874092 
2.084972 
1.665840 
4.130589 
4.364079 
2.415846 
3.902319 
1.544438 
3.907384 
3.892387 
2.656407 
3.860768 
1.603257 
1.679448 
1.589096 
2.329810 
2.098011 
3.868487 
4.149039 
6.641113 
3.952436 
3.893840 
1.642621 
3.850558 
1.642320 
1.481075 
1.575507 
2.440551 
1.715574 
3.884467 
4.971434 
2.313706 
3.886636 
1.666014 
1.783509 
1.854987 
2.412766 
5.061147 
1.649118 
1.433465 
3.891414 
3.861536 
3.921616 
1.474051 
1.690181 
1.424977 
3.867581 
2.307695 
3.858807 
2.825565 
3.884928 
3.860770 
3.854754 
1.639203 
1.902118 
4.881663 
1.159639 
1.115848 
2.379600 
2.500574 
3.843618 
4.563054 
4.356016 
3.775389 
3.901156 
3.784803 
3.855033 
1.414858 
2.137458 
1.362681 
2.406337 
0.729991 
4.445602 
1.401994 
3.884956 
4.679466 
3.869957 
3.916961 
3.657151 
3.883233 
1.947404 
4.389880 
3.821712 
1.585781 
2.056959 
1.968946 
3.911081 
4.202040 
2.052787 
1.859049 
1.350927 
3.856705 
1.567320 
2.385366 
3.835157 
2.398862 
3.927988 
2.163904 
1.874837 
1.716774 
0.976458 
2.092807 
1.178975 
1.565522 
1.603596 
1.660298 
3.851674 
3.900862 
3.879501 
3.871620 
2.155265 
3.859160 
1.813615 
5.555766 
3.927971 
3.718532 
0.958422 
4.301700 
3.813399 
2.419268 
4.034516 
3.918990 
1.975555 
3.965279 
4.367198 
4.071696 
5.910266 
2.680090 
3.915516 
3.891255 
1.650227 
3.886813 
3.890074 
18.737534 
2.393816 
4.662189 
3.860285 
4.398953 
3.926612 
1.456273 
4.519248 
3.844971 
3.792360 
4.089552 
1.941086 
2.036251 
2.537910 
3.939302 
3.856382 
5.027883 
3.875545 
3.889469 
3.851618 
2.631662 
1.819157 
3.876142 
3.825583 
3.744374 
1.274828 
1.514541 
3.870391 
3.876809 
3.694799 
3.880359 
1.098174 
3.873675 
3.871206 
4.104377 
3.849746 
1.752150 
2.171947 
2.076584 
3.886235 
1.377995 
3.883280 
1.973442 
4.232925 
1.527713 
2.536926 
1.810360 
1.351594 
3.864379 
3.907041 
3.840822 
4.521310 
2.477668 
2.171161 
1.948523 
4.153541 
1.322465 
4.076147 
2.343675 
1.545809 
3.928866 
4.821980 
3.754042 
1.467379 
3.880489 
5.804858 
1.830563 
3.871688 
3.956614 
3.899346 
3.839087 
3.840546 
4.596623 
1.956712 
3.870413 
1.444885 
3.853630 
1.786664 
1.992412 
1.988618 
2.577019 
1.231546 
2.043228 
1.509279 
3.853796 
3.889338 
1.477303 
1.839071 
1.412772 
3.908921 
4.114742 
1.758920 
3.962822 
1.549671 
3.906073 
1.724614 
1.096793 
1.512234 
4.079272 
1.701314 
3.903712 
4.070319 
3.900912 
4.654029 
4.472353 
2.573045 
3.886940 
2.120672 
4.044623 
1.259659 
1.393879 
1.866316 
1.011269 
1.702066 
4.051529 
1.211022 
3.887461 
1.806734 
2.318986 
3.851119 
1.789557 
4.036332 
3.856144 
2.065192 
3.922929 
3.871674 
1.670560 
1.433305 
1.687730 
3.849942 
1.687644 
2.519865 
1.175682 
4.045825 
3.862198 
1.781688 
1.566619 
4.020475 
3.755070 
3.877995 
4.039831 
4.122223 
1.506698 
4.061566 
3.898218 
1.556898 
1.459600 
1.098103 
1.530452 
0.620974 
19.255228 
5.046983 
3.857981 
2.499772 
1.853657 
3.861286 
3.867843 
3.882172 
2.446403 
3.820450 
2.430593 
1.876785 
2.114233 
1.832637 
1.817738 
1.627101 
3.853795 
4.677133 
3.716971 
1.838853 
2.371772 
1.466052 
3.261501 
0.891940 
1.299087 
1.143981 
3.891165 
3.846888 
1.769413 
1.502462 
51.016010 
4.675498 
2.556637 
1.691836 
1.336728 
1.575424 
1.389800 
1.220215 
4.029778 
1.341550 
0.670343 
1.659534 
2.350219 
3.878315 
1.591092 
5.553201 
4.455026 
3.846368 
3.903637 
2.465134 
1.208243 
4.014281 
2.312946 
3.924392 
1.835995 
3.857153 
3.880346 
3.863292 
1.570973 
3.920449 
1.428108 
2.462662 
2.333409 
2.299199 
1.756343 
1.686526 
1.607620 
1.655309 
1.484165 
1.640421 
4.414959 
1.492318 
1.472222 
1.936392 
1.936494 
1.597616 
19.737450 
3.932440 
2.422644 
1.475703 
2.202338 
1.300637 
3.875428 
1.584300 
1.505406 
1.946374 
3.913370 
3.767922 
1.870485 
2.326652 
2.417945 
2.467979 
1.688835 
2.306390 
1.863527 
2.130567 
1.443488 
7.142958 
1.814839 
2.089194 
1.089210 
3.884372 
2.257033 
3.985596 
1.983604 
1.512326 
1.886706 
1.650256 
3.892838 
3.882446 
3.877993 
3.860566 
3.888135 
3.891869 
3.838480 
3.949168 
1.264968 
1.727698 
3.856185 
1.453569 
3.993007 
3.881105 
4.475941 
4.317954 
3.792417 
3.915169 
4.776522 
5.150530 
0.810258 
3.842979 
2.733168 
3.696934 
10.087398 
3.883175 
3.860288 
3.868520 
3.844393 
3.855067 
4.267835 
1.731878 
3.958565 
1.271634 
1.643325 
2.408716 
3.847167 
3.862117 
2.465934 
7.779523 
4.064703 
1.614763 
1.754411 
1.373022 
1.658271 
1.422656 
0.799951 
1.490022 
1.841722 
3.895646 
3.844668 
3.845477 
3.854803 
4.762175 
3.858240 
4.118937 
1.639982 
3.885823 
4.760857 
1.398945 
1.575020 
4.652077 
3.867740 
1.625232 
1.310603 
3.872463 
3.850402 
3.931230 
4.358582 
3.794209 
2.049595 
1.909475 
25.436205 
3.931241 
3.852827 
1.459927 
3.868023 
3.857131 
3.956479 
3.844273 
1.268606 
2.331222 
3.685176 
1.575391 
3.843423 
2.097416 
1.638778 
1.694170 
1.812281 
1.419839 
2.101900 
4.874058 
2.500330 
2.247632 
5.294835 
3.938174 
1.608642 
2.694847 
4.004126 
0.824348 
2.546663 
3.863989 
2.247086 
3.031536 
1.909194 
1.382169 
2.379236 
3.908734 
3.868941 
4.113019 
3.936538 
2.266788 
3.929858 
3.983952 
4.177151 
3.860528 
3.889313 
5.362322 
3.974636 
1.720978 
3.939756 
4.117643 
3.861458 
1.767696 
2.350658 
4.224836 
1.959885 
1.410028 
1.224824 
4.759258 
3.870688 
3.558635 
3.891822 
4.938624 
3.868807 
1.174688 
3.847881 
3.871265 
3.857093 
1.726880 
3.867674 
1.648535 
1.168589 
3.215780 
3.857461 
1.347325 
2.037125 
3.580399 
1.476178 
1.811099 
1.709068 
3.936748 
2.364887 
2.268486 
1.152406 
2.156545 
1.376761 
3.589212 
3.858810 
1.606230 
3.867899 
4.142515 
1.151797 
3.900090 
3.861717 
1.838878 
5.713915 
3.861600 
4.963680 
3.845803 
4.358582 
1.275462 
34.597263 
1.407885 
4.184607 
1.392491 
3.977815 
1.573825 
1.671539 
3.867324 
4.063642 
3.651616 
3.937027 
3.715224 
2.629484 
1.990966 
1.374290 
1.711505 
5.503791 
2.225152 
1.253483 
3.865276 
3.861832 
3.848693 
3.875664 
1.748552 
3.878903 
1.757574 
3.899285 
3.847119 
3.030529 
1.877008 
1.327645 
3.879433 
3.850613 
2.210881 
1.991725 
3.844871 
3.893288 
3.928810 
1.308595 
3.864330 
2.134953 
1.199877 
3.844493 
1.442723 
1.469041 
2.156858 
1.719765 
1.570134 
2.697565 
3.850943 
4.237452 
3.877628 
3.893895 
2.899236 
6.328060 
1.629492 
1.572968 
3.849900 
1.228736 
1.648069 
2.245461 
3.890456 
3.863975 
3.882035 
1.516351 
1.402296 
2.293490 
1.705371 
3.828129 
3.811483 
3.893040 
3.965273 
1.597175 
3.739538 
1.693829 
1.545141 
1.780057 
1.394651 
3.853298 
2.055773 
1.591755 
2.492240 
3.939905 
2.416775 
1.515963 
4.121649 
1.730659 
1.409487 
3.859446 
1.595412 
1.952963 
3.989231 
2.496310 
3.983559 
1.309454 
1.739725 
1.034646 
7.109749 
1.881238 
1.335658 
3.893998 
4.350660 
3.869243 
3.866333 
2.037850 
1.581129 
4.406696 
3.933758 
3.953643 
2.686547 
3.884612 
4.079758 
3.902657 
3.952376 
1.242392 
3.874780 
2.158689 
1.791191 
2.410309 
2.075234 
4.024493 
2.007014 
3.911174 
1.696947 
1.572886 
5.480637 
3.917581 
2.313819 
2.327055 
4.210685 
3.890601 
2.762246 
3.909311 
2.811217 
1.816314 
3.876069 
3.846395 
1.258417 
4.045934 
1.349455 
3.864424 
5.641833 
0.600744 
3.870993 
3.880062 
3.861111 
1.669824 
5.759457 
3.836518 
2.234801 
4.142833 
3.869587 
1.866926 
1.258317 
3.855105 
3.915858 
3.877966 
2.456760 
1.684351 
1.033379 
2.036547 
3.976994 
1.511085 
2.322735 
3.878526 
6.079072 
3.879626 
1.250292 
2.247656 
6.169109 
0.791585 
4.020559 
5.805900 
4.008522 
4.253076 
2.282550 
3.858547 
1.565537 
2.237550 
3.888035 
3.893437 
3.864040 
1.475542 
1.068785 
3.811815 
3.885078 
2.086426 
3.877552 
1.167811 
3.873522 
3.883399 
3.852288 
3.883144 
1.910625 
1.657561 
3.874687 
3.858134 
1.950389 
3.899644 
3.846655 
2.225534 
7.356365 
2.124829 
1.727504 
4.320969 
2.014791 
4.363214 
40.016808 
1.364438 
1.511473 
3.856108 
1.739181 
3.853534 
1.661646 
1.939995 
4.109908 
3.953131 
3.603921 
1.909013 
3.909628 
3.849920 
3.954863 
63.194870 
3.899158 
1.990004 
3.893064 
3.854330 
2.504989 
4.116894 
3.851309 
0.864603 
3.904330 
1.965104 
3.885902 
1.733876 
2.267410 
3.876158 
3.896242 
3.965350 
1.308159 
2.757838 
1.413641 
2.093920 
2.008016 
3.862950 
3.994427 
1.317743 
1.622286 
1.839107 
3.784455 
3.848619 
1.474114 
1.580033 
3.874880 
4.651565 
3.867308 
4.363221 
1.614157 
1.944568 
1.465450 
3.857742 
1.247008 
4.582529 
1.329337 
3.945697 
3.847145 
3.983739 
1.527769 
3.844952 
3.796751 
1.921137 
1.616255 
2.443287 
3.936498 
3.589122 
1.559662 
3.861457 
3.874959 
3.937272 
1.342788 
4.720099 
3.879402 
1.268564 
3.926495 
3.914009 
4.794806 
1.175112 
4.598165 
4.396432 
4.238679 
3.859986 
4.466122 
1.679319 
1.991143 
3.879478 
1.519947 
4.785678 
1.698556 
1.727601 
3.643689 
1.664382 
3.944647 
15.647392 
3.896020 
3.980454 
3.829249 
1.235828 
3.840378 
1.659331 
3.879155 
6.382181 
3.922662 
4.253370 
1.651339 
9.075310 
3.901541 
4.239057 
3.862417 
1.629754 
1.862008 
3.842258 
2.118231 
3.891267 
3.728394 
3.638491 
5.114623 
3.874245 
3.864204 
2.084300 
4.067219 
1.538390 
2.035314 
3.950464 
1.451298 
1.501785 
2.303126 
2.030410 
3.850764 
1.606659 
1.626572 
1.239272 
1.297929 
3.849861 
2.005362 
3.870756 
3.866916 
1.154785 
2.408976 
1.865407 
1.446682 
2.027161 
1.820985 
1.717349 
4.104650 
4.978618 
1.542044 
2.098672 
5.155061 
2.766675 
2.280124 
2.139680 
2.378437 
3.862371 
18.792143 
1.443531 
1.638365 
1.670425 
3.884674 
1.804506 
1.425064 
3.927542 
2.037419 
1.205353 
2.385277 
2.514963 
2.231153 
4.282873 
3.865448 
1.689182 
4.005641 
3.882935 
3.909700 
2.431955 
2.340382 
1.716137 
3.921028 
1.145180 
1.896353 
3.866496 
3.833146 
3.846225 
1.312423 
3.869960 
1.630060 
3.866615 
3.917035 
1.589440 
1.748954 
3.871703 
1.324120 
5.967710 
1.212824 
2.344662 
1.416032 
3.849623 
3.875455 
4.341091 
2.666876 
3.888740 
3.851995 
4.120580 
1.950938 
4.431553 
2.287976 
3.889560 
1.943816 
3.788141 
3.915079 
3.800857 
3.925972 
1.318317 
1.700329 
1.879693 
2.274836 
3.918122 
4.618378 
2.336833 
4.563440 
1.086458 
1.609819 
2.350900 
1.309120 
2.479688 
10.416614 
3.873418 
3.861043 
1.943713 
1.582509 
3.765346 
2.557616 
4.757405 
1.394615 
2.318780 
4.670121 
2.180449 
3.876580 
3.843008 
2.386628 
3.742972 
6.490100 
3.845622 
6.615188 
3.856270 
3.819977 
2.047257 
3.845904 
2.086353 
2.570645 
3.852674 
3.842509 
1.738487 
2.093285 
1.857050 
1.489238 
3.939788 
1.044154 
3.834848 
1.872171 
1.772934 
31.965258 
6.018230 
1.652656 
1.269775 
3.911280 
1.228066 
6.229187 
3.886424 
2.863534 
3.907500 
1.282457 
4.031401 
1.419164 
3.887784 
4.507698 
2.123075 
4.812049 
2.397882 
3.862890 
5.115208 
3.889246 
3.842441 
3.892761 
4.246352 
2.017643 
1.583291 
3.904203 
3.918263 
1.400535 
1.721973 
3.933404 
3.871489 
1.699677 
1.379061 
3.936869 
1.848575 
3.853753 
2.402194 
4.140371 
1.653674 
3.885135 
3.853440 
4.240809 
4.716072 
2.060533 
4.323168 
1.611123 
3.870066 
8.068819 
2.564331 
3.918804 
1.559955 
3.834156 
2.446360 
2.377886 
1.597550 
1.314370 
3.865501 
3.898624 
2.218195 
5.288980 
3.871075 
3.881878 
2.330682 
3.977437 
1.911708 
2.275930 
3.897847 
3.670878 
5.226605 
1.170993 
3.845500 
3.934110 
4.133485 
3.877632 
2.124330 
1.680937 
1.713029 
1.505107 
3.888731 
5.079359 
5.896838 
4.199749 
1.586455 
3.955111 
2.061681 
4.048215 
2.178594 
5.389900 
1.869761 
1.113767 
1.185115 
6.300151 
3.873264 
4.864530 
7.285638 
1.383823 
2.387261 
1.831162 
3.888713 
1.705303 
3.849281 
1.463254 
1.574543 
3.779687 
1.654496 
3.908955 
3.947243 
1.791216 
2.347329 
1.267284 
3.916559 
1.512303 
1.634522 
2.119937 
1.356331 
1.673944 
1.415497 
1.515753 
3.896677 
3.880793 
3.938488 
2.209747 
1.202903 
3.955424 
3.910278 
3.870838 
3.834280 
1.255039 
3.903484 
1.561571 
3.850415 
3.862982 
1.824443 
2.093201 
3.921204 
1.681815 
2.205204 
1.998387 
3.858053 
4.044819 
3.867491 
2.454487 
1.166874 
3.869076 
6.899864 
1.841508 
3.849164 
1.396788 
2.572557 
1.468663 
2.483074 
3.867364 
2.589530 
1.652842 
3.678672 
3.858302 
4.071019 
1.551773 
1.468464 
3.930172 
144.579514 
3.852636 
3.901037 
1.124971 
3.778331 
2.264634 
3.824182 
3.953984 
1.222195 
1.453046 
4.630835 
1.457672 
1.669341 
3.856029 
1.404845 
1.524712 
1.563767 
3.901983 
1.430486 
1.592949 
6.782119 
4.427877 
3.719328 
3.896130 
1.196370 
1.133677 
1.505560 
1.766046 
3.996064 
3.937177 
1.294035 
2.006342 
3.657428 
1.896966 
4.086689 
3.888987 
2.124748 
3.751695 
3.835511 
4.061945 
1.414136 
1.226252 
3.972942 
26.076338 
2.522938 
3.851911 
1.510023 
3.867922 
2.315537 
5.947072 
4.063516 
3.848153 
2.660645 
3.934106 
3.971933 
1.309626 
3.879105 
1.824855 
2.473946 
3.841550 
3.969140 
3.950798 
3.960328 
3.874830 
1.468758 
1.716559 
1.580985 
3.863569 
6.171277 
4.831047 
3.939122 
1.874695 
1.456693 
1.922706 
1.537660 
3.849180 
2.301667 
3.750147 
2.684312 
4.073506 
1.568456 
3.851483 
4.001690 
3.790155 
1.129218 
6.344002 
1.645884 
6.346123 
1.255007 
3.887686 
3.937242 
0.948288 
2.642661 
1.397349 
28.389183 
2.467904 
2.587652 
3.932355 
2.012558 
3.987425 
1.380491 
3.903094 
1.840690 
1.562435 
3.885491 
3.878777 
2.811966 
2.495595 
2.364141 
3.861832 
2.449051 
3.841425 
3.858107 
1.642045 
3.850932 
4.883281 
3.881580 
1.360254 
4.039386 
3.953332 
2.350079 
6.196948 
3.855290 
4.974547 
3.933745 
1.525623 
2.038373 
1.614893 
4.019062 
1.591843 
1.646279 
3.866675 
5.366866 
3.903099 
1.591245 
1.586853 
2.236014 
1.730944 
1.222376 
1.276130 
2.239832 
1.948046 
3.850950 
3.860430 
4.232845 
1.339135 
3.858987 
4.205802 
1.744300 
3.698904 
3.855282 
7.707360 
46.451351 
40.726326 
3.901717 
5.139278 
3.911803 
3.759166 
3.870414 
1.435075 
3.917172 
1.503077 
1.457468 
3.875440 
2.727049 
0.996481 
1.415002 
1.358667 
3.697594 
3.904141 
69.805420 
1.471318 
2.286047 
1.638016 
1.770649 
2.198654 
4.691699 
2.189631 
3.870248 
3.901323 
2.403673 
3.999144 
1.813547 
1.536043 
4.039588 
1.489368 
18.534296 
1.832776 
1.753962 
4.699067 
1.609620 
3.859636 
3.417909 
2.141732 
2.512402 
1.791808 
4.016725 
1.942675 
3.918911 
2.219249 
3.832455 
3.916811 
1.494697 
3.865078 
3.883309 
3.811122 
3.961888 
2.002031 
2.283480 
1.590084 
3.856742 
1.119725 
3.851534 
3.810632 
3.899921 
1.037305 
3.931466 
1.553286 
3.886453 
3.967971 
1.788314 
2.105597 
2.362636 
3.854111 
3.893072 
1.315398 
1.661905 
3.859686 
2.437015 
3.889915 
3.863376 
3.866677 
3.859560 
1.068058 
3.904361 
6.465058 
1.528237 
1.380997 
4.101068 
2.423666 
1.921902 
3.672514 
3.883123 
1.731424 
4.360463 
1.297992 
1.448328 
3.941481 
1.866569 
2.218588 
2.267016 
3.891783 
2.385752 
1.283634 
2.762976 
1.452609 
3.944035 
2.050764 
1.770299 
3.864322 
3.992502 
1.222464 
78.949326 
1.708685 
3.881817 
3.860013 
9.380440 
1.639615 
3.903164 
3.937333 
1.079948 
1.194297 
4.027914 
0.913063 
3.867518 
1.533394 
3.861816 
3.867256 
3.888857 
5.675496 
3.758732 
3.879927 
3.836651 
1.432899 
3.981127 
3.893355 
3.856501 
3.758867 
3.865347 
3.863257 
1.086755 
2.639480 
3.860935 
3.947178 
1.855472 
1.799005 
1.248228 
3.882146 
3.896149 
