Episode: 1: [ 0.1892557  -0.09338599 -0.22023408  0.02362646 -0.01438014] 
Episode: 11: [ 0.1848022  -0.08887002 -0.22154593  0.02049009 -0.01949223] 
Episode: 21: [ 0.18179701 -0.08549832 -0.21880952  0.02259005 -0.02324045] 
Episode: 31: [ 0.18277778 -0.08599735 -0.21621926  0.02422774 -0.02329926] 
Episode: 41: [ 0.18537773 -0.08859736 -0.21361834  0.0268278  -0.02069921] 
Episode: 51: [ 0.18639012 -0.08960979 -0.21260509  0.02784029 -0.01968672] 
Episode: 61: [ 0.18677874 -0.08999845 -0.21221611  0.02822897 -0.01929804] 
Episode: 71: [ 0.18692604 -0.09014574 -0.21206869  0.02837627 -0.01915075] 
Episode: 81: [ 0.18698125 -0.09020098 -0.21201342  0.02843151 -0.01909551] 
Episode: 91: [ 0.18700178 -0.09022151 -0.21199286  0.02845205 -0.01907497] 
Episode: 101: [ 0.18700936 -0.0902291  -0.21198528  0.02845964 -0.01906738] 
Episode: 111: [ 0.18701215 -0.09023189 -0.21198246  0.02846242 -0.01906459] 
Episode: 121: [ 0.18701316 -0.0902329  -0.21198143  0.02846343 -0.01906357] 
Episode: 131: [ 0.18701355 -0.09023328 -0.21198104  0.0284638  -0.0190632 ] 
Episode: 141: [ 0.1870137  -0.09023341 -0.2119809   0.02846394 -0.01906307] 
Episode: 151: [ 0.1870137  -0.09023347 -0.21198088  0.02846399 -0.01906302] 
Episode: 161: [ 0.1870137  -0.09023347 -0.21198088  0.02846401 -0.019063  ] 
Episode: 171: [ 0.1870137  -0.09023347 -0.21198088  0.02846401 -0.019063  ] 
Episode: 181: [ 0.1870137  -0.09023347 -0.21198088  0.02846401 -0.019063  ] 
Episode: 191: [ 0.1870137  -0.09023347 -0.21198082  0.028464   -0.019063  ] 
Episode: 201: [ 0.1870137  -0.09023347 -0.21198067  0.02846399 -0.019063  ] 
Episode: 211: [ 0.1870137  -0.09023347 -0.21198067  0.02846399 -0.019063  ] 
Episode: 221: [ 0.1870137  -0.09023347 -0.21198067  0.02846399 -0.019063  ] 
Episode: 231: [ 0.1870137  -0.09023347 -0.21198067  0.02846399 -0.019063  ] 
Episode: 241: [ 0.1870137  -0.09023347 -0.21198067  0.02846399 -0.019063  ] 
Episode: 251: [ 0.1870137  -0.09023347 -0.21198067  0.02846399 -0.019063  ] 
Episode: 261: [ 0.1870137  -0.09023347 -0.21198067  0.02846399 -0.019063  ] 
Episode: 271: [ 0.1870137  -0.09023347 -0.21198067  0.02846399 -0.019063  ] 
Episode: 281: [ 0.1870137  -0.09023347 -0.21198067  0.02846399 -0.019063  ] 
Episode: 291: [ 0.1870137  -0.09023347 -0.21198067  0.02846399 -0.019063  ] 
Episode: 301: [ 0.1870137  -0.09023347 -0.21198067  0.02846399 -0.019063  ] 
Episode: 311: [ 0.1870137  -0.09023347 -0.21198067  0.02846399 -0.019063  ] 
Episode: 321: [ 0.1870137  -0.09023347 -0.21198067  0.02846399 -0.019063  ] 
Episode: 331: [ 0.1870137  -0.09023347 -0.21198067  0.02846399 -0.019063  ] 
Episode: 341: [ 0.1870137  -0.09023347 -0.21198067  0.02846399 -0.019063  ] 
Episode: 351: [ 0.18701382 -0.09023355 -0.21198137  0.02846416 -0.01906297] 
Episode: 361: [ 0.18701385 -0.09023359 -0.21198173  0.02846425 -0.01906295] 
Episode: 371: [ 0.18701352 -0.09023341 -0.21198045  0.02846389 -0.01906285] 
Episode: 381: [ 0.18701327 -0.09023327 -0.21197945  0.02846361 -0.01906276] 
Episode: 391: [ 0.18701316 -0.09023321 -0.21197906  0.02846351 -0.01906274] 
Episode: 401: [ 0.18701316 -0.09023321 -0.21197891  0.02846348 -0.01906273] 
Episode: 411: [ 0.18701316 -0.09023321 -0.21197897  0.02846348 -0.01906271] 
Episode: 421: [ 0.18701316 -0.09023321 -0.21197897  0.02846346 -0.01906271] 
Episode: 431: [ 0.18701316 -0.09023321 -0.21197897  0.02846346 -0.01906271] 
Episode: 441: [ 0.18701316 -0.09023321 -0.21197897  0.02846345 -0.01906271] 
Episode: 451: [ 0.18701316 -0.09023321 -0.21197897  0.02846345 -0.01906271] 
Episode: 461: [ 0.18701316 -0.09023321 -0.21197897  0.02846345 -0.01906271] 
Episode: 471: [ 0.18701316 -0.09023321 -0.21197897  0.02846345 -0.01906271] 
Episode: 481: [ 0.18701316 -0.09023321 -0.21197891  0.02846345 -0.01906271] 
Episode: 491: [ 0.18701316 -0.09023321 -0.2119789   0.02846344 -0.01906271] 
Episode: 501: [ 0.18701316 -0.09023321 -0.2119789   0.02846344 -0.01906271] 
Episode: 511: [ 0.18701316 -0.09023321 -0.2119789   0.02846344 -0.01906271] 
Episode: 521: [ 0.18701316 -0.09023321 -0.2119789   0.02846344 -0.01906271] 
Episode: 531: [ 0.18701325 -0.09023326 -0.21197897  0.02846351 -0.01906269] 
Episode: 541: [ 0.18701327 -0.09023329 -0.21197897  0.02846355 -0.01906267] 
Episode: 551: [ 0.18701327 -0.09023329 -0.21197897  0.02846357 -0.01906267] 
Episode: 561: [ 0.18701327 -0.09023329 -0.21197897  0.02846357 -0.01906267] 
Episode: 571: [ 0.18701327 -0.09023329 -0.21197897  0.02846357 -0.01906267] 
Episode: 581: [ 0.18701327 -0.09023329 -0.21197897  0.02846357 -0.01906267] 
Episode: 591: [ 0.18701327 -0.09023329 -0.21197897  0.02846357 -0.01906267] 
Episode: 601: [ 0.18701327 -0.09023329 -0.21197897  0.02846357 -0.01906267] 
Episode: 611: [ 0.18701327 -0.09023329 -0.2119788   0.02846354 -0.01906268] 
Episode: 621: [ 0.18701327 -0.09023329 -0.21197869  0.02846353 -0.01906268] 
Episode: 631: [ 0.18701327 -0.09023329 -0.21197875  0.02846354 -0.01906268] 
Episode: 641: [ 0.18701327 -0.09023329 -0.21197875  0.02846354 -0.01906268] 
Episode: 651: [ 0.18701327 -0.09023329 -0.21197875  0.02846354 -0.01906268] 
Episode: 661: [ 0.18701327 -0.09023329 -0.21197875  0.02846354 -0.01906268] 
Episode: 671: [ 0.18701327 -0.09023329 -0.21197884  0.02846356 -0.01906267] 
Episode: 681: [ 0.18701327 -0.09023329 -0.21197897  0.02846358 -0.01906267] 
Episode: 691: [ 0.18701327 -0.09023329 -0.21197897  0.02846358 -0.01906267] 
Episode: 701: [ 0.18701327 -0.09023325 -0.21197885  0.02846353 -0.01906268] 
Episode: 711: [ 0.18701327 -0.09023325 -0.21197873  0.02846348 -0.01906269] 
Episode: 721: [ 0.18701327 -0.09023325 -0.21197878  0.02846346 -0.01906269] 
Episode: 731: [ 0.18701327 -0.09023326 -0.21197882  0.02846347 -0.01906269] 
Episode: 741: [ 0.18701327 -0.09023326 -0.21197902  0.02846352 -0.01906269] 
Episode: 751: [ 0.18701316 -0.09023309 -0.21197993  0.028463   -0.01906282] 
Episode: 761: [ 0.18701316 -0.09023302 -0.21198024  0.02846282 -0.01906287] 
Episode: 771: [ 0.18701316 -0.09023302 -0.21198037  0.02846276 -0.01906288] 
Episode: 781: [ 0.18701316 -0.09023302 -0.21198037  0.02846273 -0.01906288] 
Episode: 791: [ 0.18701316 -0.09023302 -0.2119804   0.02846273 -0.01906288] 
Episode: 801: [ 0.18701316 -0.09023302 -0.2119804   0.02846273 -0.01906288] 
Episode: 811: [ 0.18701316 -0.09023302 -0.2119804   0.02846273 -0.01906288] 
Episode: 821: [ 0.18701316 -0.09023302 -0.2119804   0.02846273 -0.01906288] 
Episode: 831: [ 0.18701316 -0.09023302 -0.2119804   0.02846273 -0.01906288] 
Episode: 841: [ 0.18701316 -0.09023302 -0.2119804   0.02846273 -0.01906288] 
Episode: 851: [ 0.18701316 -0.09023302 -0.2119804   0.02846273 -0.01906288] 
Episode: 861: [ 0.18701316 -0.09023302 -0.2119804   0.02846273 -0.01906288] 
Episode: 871: [ 0.18701316 -0.09023302 -0.21198045  0.02846273 -0.01906288] 
Episode: 881: [ 0.18701316 -0.09023301 -0.21198043  0.02846272 -0.01906288] 
Episode: 891: [ 0.18701316 -0.090233   -0.2119803   0.02846262 -0.01906288] 
Episode: 901: [ 0.18701316 -0.090233   -0.2119803   0.02846258 -0.01906288] 
Episode: 911: [ 0.18701316 -0.090233   -0.21198028  0.02846257 -0.01906288] 
Episode: 921: [ 0.18701316 -0.090233   -0.21198022  0.02846259 -0.01906288] 
Episode: 931: [ 0.18701316 -0.090233   -0.21198022  0.02846258 -0.01906288] 
Episode: 941: [ 0.18701316 -0.090233   -0.21198022  0.02846256 -0.01906288] 
Episode: 951: [ 0.18701316 -0.090233   -0.21198022  0.02846256 -0.01906288] 
Episode: 961: [ 0.18701316 -0.090233   -0.21198022  0.02846256 -0.01906288] 
Episode: 971: [ 0.18701316 -0.090233   -0.21198022  0.02846256 -0.01906288] 
Episode: 981: [ 0.18701316 -0.090233   -0.21198022  0.02846256 -0.01906288] 
Episode: 991: [ 0.18701316 -0.090233   -0.21198022  0.02846256 -0.01906288] 
Episode: 1001: [ 0.18701316 -0.090233   -0.21198022  0.02846256 -0.01906288] 
Episode: 1011: [ 0.18701316 -0.090233   -0.21198022  0.02846256 -0.01906288] 
Episode: 1021: [ 0.18701316 -0.090233   -0.21198028  0.02846257 -0.01906288] 
Episode: 1031: [ 0.18701316 -0.090233   -0.21198028  0.02846257 -0.01906288] 
Episode: 1041: [ 0.18701316 -0.090233   -0.21198028  0.02846257 -0.01906288] 
Episode: 1051: [ 0.18701316 -0.090233   -0.21198028  0.02846256 -0.01906288] 
Episode: 1061: [ 0.18701316 -0.090233   -0.21198028  0.02846256 -0.01906288] 
Episode: 1071: [ 0.18701316 -0.090233   -0.21198028  0.02846256 -0.01906288] 
Episode: 1081: [ 0.18701316 -0.090233   -0.21198028  0.02846256 -0.01906288] 
Episode: 1091: [ 0.18701316 -0.090233   -0.21198028  0.02846256 -0.01906288] 
Episode: 1101: [ 0.18701316 -0.090233   -0.21198028  0.02846256 -0.01906288] 
Episode: 1111: [ 0.18701316 -0.09023301 -0.21198033  0.0284626  -0.01906288] 
Episode: 1121: [ 0.18701316 -0.09023301 -0.21198033  0.02846265 -0.01906288] 
Episode: 1131: [ 0.18701316 -0.09023301 -0.21198033  0.02846267 -0.01906288] 
Episode: 1141: [ 0.18701316 -0.09023301 -0.21198033  0.02846267 -0.01906288] 
Episode: 1151: [ 0.18701321 -0.09023304 -0.21198058  0.02846271 -0.01906287] 
Episode: 1161: [ 0.18701322 -0.09023306 -0.21198107  0.02846278 -0.01906285] 
Episode: 1171: [ 0.18701322 -0.09023306 -0.21198145  0.02846283 -0.01906284] 
Episode: 1181: [ 0.18701322 -0.09023307 -0.21198158  0.02846288 -0.01906284] 
Episode: 1191: [ 0.18701322 -0.09023307 -0.21198164  0.02846294 -0.01906284] 
Episode: 1201: [ 0.18701322 -0.09023307 -0.21198164  0.02846296 -0.01906284] 
Episode: 1211: [ 0.18701322 -0.09023307 -0.21198153  0.02846295 -0.01906284] 
Episode: 1221: [ 0.18701322 -0.09023307 -0.21198122  0.02846291 -0.01906285] 
Episode: 1231: [ 0.18701322 -0.09023307 -0.21198125  0.02846289 -0.01906285] 
Episode: 1241: [ 0.18701322 -0.09023307 -0.2119814   0.02846287 -0.01906284] 
Episode: 1251: [ 0.18701322 -0.09023307 -0.2119814   0.02846287 -0.01906284] 
Episode: 1261: [ 0.18701322 -0.09023307 -0.2119814   0.02846287 -0.01906284] 
Episode: 1271: [ 0.18701322 -0.09023307 -0.21198137  0.02846287 -0.01906284] 
Episode: 1281: [ 0.18701322 -0.09023307 -0.21198136  0.02846288 -0.01906284] 
Episode: 1291: [ 0.18701322 -0.09023307 -0.21198136  0.02846287 -0.01906284] 
Episode: 1301: [ 0.18701322 -0.09023307 -0.21198136  0.02846286 -0.01906284] 
Episode: 1311: [ 0.18701322 -0.09023307 -0.21198136  0.02846286 -0.01906284] 
Episode: 1321: [ 0.18701322 -0.09023307 -0.21198136  0.02846286 -0.01906284] 
Episode: 1331: [ 0.18701322 -0.09023307 -0.21198136  0.02846286 -0.01906284] 
Episode: 1341: [ 0.18701322 -0.09023307 -0.21198139  0.02846286 -0.01906284] 
Episode: 1351: [ 0.18701322 -0.09023307 -0.2119816   0.02846288 -0.01906282] 
Episode: 1361: [ 0.18701322 -0.09023307 -0.21198174  0.0284629  -0.01906282] 
Episode: 1371: [ 0.18701327 -0.09023308 -0.21198228  0.02846294 -0.01906282] 
Episode: 1381: [ 0.18701327 -0.09023308 -0.21198253  0.02846295 -0.01906282] 
Episode: 1391: [ 0.18701327 -0.09023308 -0.21198264  0.02846295 -0.01906282] 
Episode: 1401: [ 0.18701327 -0.09023308 -0.21198264  0.02846295 -0.01906282] 
Episode: 1411: [ 0.18701327 -0.09023308 -0.21198264  0.02846295 -0.01906282] 
Episode: 1421: [ 0.18701315 -0.09023298 -0.21198227  0.02846271 -0.01906287] 
Episode: 1431: [ 0.18701299 -0.09023285 -0.21198182  0.0284624  -0.01906294] 
Episode: 1441: [ 0.18701297 -0.0902328  -0.21198165  0.0284623  -0.01906297] 
Episode: 1451: [ 0.18701297 -0.0902328  -0.21198162  0.02846226 -0.01906298] 
Episode: 1461: [ 0.18701297 -0.0902328  -0.21198162  0.02846225 -0.01906298] 
Episode: 1471: [ 0.18701297 -0.0902328  -0.21198162  0.02846225 -0.01906298] 
Episode: 1481: [ 0.18701297 -0.0902328  -0.21198162  0.02846224 -0.01906298] 
Episode: 1491: [ 0.18701293 -0.09023277 -0.21198127  0.0284622  -0.01906298] 
Episode: 1501: [ 0.18701293 -0.09023277 -0.2119811   0.02846218 -0.01906298] 
Episode: 1511: [ 0.18701293 -0.09023277 -0.21198107  0.02846219 -0.01906298] 
Episode: 1521: [ 0.18701293 -0.09023277 -0.211981    0.02846217 -0.01906298] 
Episode: 1531: [ 0.18701293 -0.09023277 -0.21198098  0.02846216 -0.01906298] 
Episode: 1541: [ 0.18701293 -0.09023277 -0.21198098  0.02846216 -0.01906298] 
Episode: 1551: [ 0.18701293 -0.09023277 -0.21198098  0.02846216 -0.01906298] 
Episode: 1561: [ 0.18701288 -0.09023274 -0.21198073  0.02846207 -0.01906298] 
Episode: 1571: [ 0.18701288 -0.09023274 -0.2119805   0.028462   -0.01906298] 
Episode: 1581: [ 0.18701288 -0.09023274 -0.21198036  0.02846195 -0.01906299] 
Episode: 1591: [ 0.18701288 -0.09023274 -0.21198027  0.02846191 -0.01906299] 
Episode: 1601: [ 0.18701288 -0.09023274 -0.21198021  0.0284619  -0.01906299] 
Episode: 1611: [ 0.18701288 -0.09023274 -0.21198021  0.0284619  -0.01906299] 
Episode: 1621: [ 0.18701288 -0.09023272 -0.21198039  0.02846183 -0.01906298] 
Episode: 1631: [ 0.18701288 -0.09023272 -0.21198054  0.0284618  -0.01906298] 
Episode: 1641: [ 0.18701288 -0.09023272 -0.21198054  0.02846179 -0.01906298] 
Episode: 1651: [ 0.18701288 -0.09023272 -0.21198086  0.02846182 -0.01906298] 
Episode: 1661: [ 0.18701288 -0.09023272 -0.211981    0.02846183 -0.01906298] 
Episode: 1671: [ 0.18701288 -0.09023272 -0.2119809   0.02846181 -0.01906298] 
Episode: 1681: [ 0.18701288 -0.09023272 -0.21198077  0.02846178 -0.01906298] 
Episode: 1691: [ 0.18701288 -0.09023272 -0.21198077  0.02846177 -0.01906298] 
Episode: 1701: [ 0.18701288 -0.09023272 -0.21198077  0.02846177 -0.01906298] 
Episode: 1711: [ 0.18701288 -0.09023272 -0.21198077  0.02846177 -0.01906298] 
Episode: 1721: [ 0.18701288 -0.09023272 -0.21198091  0.02846178 -0.01906297] 
Episode: 1731: [ 0.18701288 -0.09023272 -0.21198091  0.02846178 -0.01906297] 
Episode: 1741: [ 0.18701288 -0.09023272 -0.21198091  0.02846178 -0.01906297] 
Episode: 1751: [ 0.18701288 -0.09023272 -0.21198091  0.02846178 -0.01906297] 
Episode: 1761: [ 0.18701288 -0.09023272 -0.21198091  0.02846178 -0.01906297] 
Episode: 1771: [ 0.18701288 -0.09023272 -0.21198094  0.0284618  -0.01906297] 
Episode: 1781: [ 0.18701288 -0.09023272 -0.21198095  0.02846182 -0.01906297] 
Episode: 1791: [ 0.18701288 -0.09023272 -0.21198094  0.02846182 -0.01906297] 
Episode: 1801: [ 0.18701288 -0.09023272 -0.2119809   0.0284618  -0.01906297] 
Episode: 1811: [ 0.18701288 -0.09023272 -0.21198091  0.0284618  -0.01906297] 
Episode: 1821: [ 0.18701288 -0.09023272 -0.21198088  0.02846182 -0.01906297] 
Episode: 1831: [ 0.18701288 -0.09023272 -0.21198104  0.02846185 -0.01906296] 
Episode: 1841: [ 0.18701288 -0.09023272 -0.21198118  0.02846186 -0.01906296] 
Episode: 1851: [ 0.18701288 -0.09023272 -0.21198118  0.02846186 -0.01906296] 
Episode: 1861: [ 0.18701288 -0.09023272 -0.21198118  0.02846186 -0.01906296] 
Episode: 1871: [ 0.18701288 -0.09023272 -0.21198118  0.02846186 -0.01906296] 
Episode: 1881: [ 0.18701288 -0.09023272 -0.21198118  0.02846186 -0.01906296] 
Episode: 1891: [ 0.18701288 -0.09023272 -0.21198118  0.02846186 -0.01906296] 
Episode: 1901: [ 0.18701288 -0.09023272 -0.21198118  0.02846186 -0.01906296] 
Episode: 1911: [ 0.187013   -0.09023279 -0.21198283  0.02846204 -0.01906287] 
Episode: 1921: [ 0.18701309 -0.09023285 -0.21198405  0.02846217 -0.01906281] 
Episode: 1931: [ 0.18701309 -0.09023285 -0.21198449  0.02846222 -0.01906279] 
Episode: 1941: [ 0.18701309 -0.09023285 -0.21198463  0.02846222 -0.01906278] 
Episode: 1951: [ 0.18701309 -0.09023285 -0.21198457  0.0284622  -0.01906279] 
Episode: 1961: [ 0.18701299 -0.09023276 -0.21198398  0.02846198 -0.01906284] 
Episode: 1971: [ 0.18701299 -0.09023276 -0.21198434  0.02846199 -0.01906287] 
Episode: 1981: [ 0.18701299 -0.09023276 -0.21198446  0.02846199 -0.01906289] 
Episode: 1991: [ 0.18701299 -0.09023276 -0.21198456  0.02846201 -0.01906289] 
Episode: 2001: [ 0.18701299 -0.09023276 -0.21198456  0.02846201 -0.01906289] 
Episode: 2011: [ 0.18701299 -0.09023276 -0.21198456  0.02846201 -0.01906289] 
Episode: 2021: [ 0.18701302 -0.09023277 -0.21198462  0.02846203 -0.01906289] 
Episode: 2031: [ 0.18701302 -0.0902328  -0.2119848   0.02846209 -0.01906289] 
Episode: 2041: [ 0.18701313 -0.09023289 -0.21198498  0.02846254 -0.01906289] 
Episode: 2051: [ 0.18701315 -0.09023295 -0.21198508  0.02846276 -0.01906289] 
Episode: 2061: [ 0.18701315 -0.09023295 -0.21198508  0.02846284 -0.01906289] 
Episode: 2071: [ 0.18701315 -0.09023295 -0.21198508  0.02846286 -0.01906289] 
Episode: 2081: [ 0.18701315 -0.09023295 -0.21198508  0.02846287 -0.01906289] 
Episode: 2091: [ 0.18701315 -0.09023295 -0.21198508  0.02846287 -0.01906289] 
Episode: 2101: [ 0.18701315 -0.09023295 -0.21198508  0.02846288 -0.01906289] 
Episode: 2111: [ 0.18701315 -0.09023295 -0.21198528  0.0284629  -0.01906288] 
Episode: 2121: [ 0.18701315 -0.09023295 -0.21198562  0.02846294 -0.01906287] 
Episode: 2131: [ 0.18701315 -0.09023295 -0.21198568  0.02846296 -0.01906287] 
Episode: 2141: [ 0.18701315 -0.09023295 -0.21198568  0.02846296 -0.01906287] 
Episode: 2151: [ 0.18701315 -0.09023295 -0.21198568  0.02846296 -0.01906287] 
Episode: 2161: [ 0.18701315 -0.09023295 -0.21198568  0.02846296 -0.01906287] 
Episode: 2171: [ 0.18701315 -0.09023295 -0.21198568  0.02846294 -0.01906287] 
Episode: 2181: [ 0.18701315 -0.09023295 -0.21198568  0.02846292 -0.01906287] 
Episode: 2191: [ 0.18701315 -0.09023295 -0.21198568  0.02846292 -0.01906287] 
Episode: 2201: [ 0.18701315 -0.09023295 -0.21198568  0.02846292 -0.01906287] 
Episode: 2211: [ 0.18701315 -0.09023295 -0.21198566  0.02846292 -0.01906287] 
Episode: 2221: [ 0.18701315 -0.09023295 -0.21198566  0.02846292 -0.01906287] 
Episode: 2231: [ 0.18701315 -0.09023295 -0.21198566  0.02846289 -0.01906287] 
Episode: 2241: [ 0.18701315 -0.09023295 -0.21198566  0.02846289 -0.01906287] 
Episode: 2251: [ 0.18701315 -0.09023295 -0.21198596  0.02846289 -0.01906289] 
Episode: 2261: [ 0.18701315 -0.09023295 -0.21198615  0.02846289 -0.01906291] 
Episode: 2271: [ 0.18701315 -0.09023295 -0.21198617  0.02846285 -0.01906291] 
Episode: 2281: [ 0.18701315 -0.09023295 -0.21198617  0.02846283 -0.01906291] 
Episode: 2291: [ 0.18701315 -0.09023295 -0.21198596  0.02846282 -0.01906292] 
Episode: 2301: [ 0.18701315 -0.09023295 -0.21198581  0.02846281 -0.01906292] 
Episode: 2311: [ 0.18701315 -0.09023295 -0.21198581  0.02846281 -0.01906292] 
Episode: 2321: [ 0.1870131  -0.09023291 -0.21198541  0.0284627  -0.01906295] 
Episode: 2331: [ 0.1870131  -0.09023291 -0.2119852   0.02846265 -0.01906295] 
Episode: 2341: [ 0.1870131  -0.09023291 -0.2119851   0.02846263 -0.01906295] 
Episode: 2351: [ 0.18701346 -0.09023308 -0.21198805  0.02846273 -0.01906292] 
Episode: 2361: [ 0.18701445 -0.09023355 -0.21199636  0.02846297 -0.01906282] 
Episode: 2371: [ 0.18701485 -0.09023375 -0.21199942  0.02846314 -0.0190628 ] 
Episode: 2381: [ 0.18701491 -0.09023378 -0.21199994  0.0284632  -0.01906279] 
Episode: 2391: [ 0.18701482 -0.09023374 -0.21199936  0.02846323 -0.0190628 ] 
Episode: 2401: [ 0.18701482 -0.09023374 -0.21199915  0.02846324 -0.0190628 ] 
Episode: 2411: [ 0.18701482 -0.09023374 -0.21199912  0.02846325 -0.0190628 ] 
Episode: 2421: [ 0.18701482 -0.09023374 -0.21199912  0.02846325 -0.0190628 ] 
Episode: 2431: [ 0.18701482 -0.09023374 -0.2119992   0.02846326 -0.0190628 ] 
Episode: 2441: [ 0.18701482 -0.09023374 -0.21199924  0.02846326 -0.0190628 ] 
Episode: 2451: [ 0.18701482 -0.09023374 -0.21199924  0.02846325 -0.0190628 ] 
Episode: 2461: [ 0.18701482 -0.09023374 -0.21199924  0.02846325 -0.0190628 ] 
Episode: 2471: [ 0.18701482 -0.09023374 -0.21199924  0.02846325 -0.0190628 ] 
Episode: 2481: [ 0.18701482 -0.09023374 -0.21199924  0.02846325 -0.0190628 ] 
Episode: 2491: [ 0.18701482 -0.09023374 -0.21199924  0.02846325 -0.0190628 ] 
Episode: 2501: [ 0.18701482 -0.09023374 -0.21199928  0.02846326 -0.0190628 ] 
Episode: 2511: [ 0.18701482 -0.09023374 -0.21199937  0.02846329 -0.0190628 ] 
Episode: 2521: [ 0.18701482 -0.09023374 -0.2119994   0.02846331 -0.0190628 ] 
Episode: 2531: [ 0.18701482 -0.09023374 -0.2119994   0.02846331 -0.0190628 ] 
Episode: 2541: [ 0.18701482 -0.09023374 -0.2119994   0.02846331 -0.0190628 ] 
Episode: 2551: [ 0.18701485 -0.09023377 -0.21199971  0.02846337 -0.0190628 ] 
Episode: 2561: [ 0.18701485 -0.09023377 -0.21199985  0.0284634  -0.0190628 ] 
Episode: 2571: [ 0.18701485 -0.09023377 -0.21199985  0.0284634  -0.0190628 ] 
Episode: 2581: [ 0.18701485 -0.09023377 -0.21199985  0.0284634  -0.0190628 ] 
Episode: 2591: [ 0.187015   -0.09023385 -0.2120008   0.02846353 -0.01906279] 
Episode: 2601: [ 0.187015   -0.09023386 -0.21200116  0.02846358 -0.01906279] 
Episode: 2611: [ 0.187015   -0.09023386 -0.21200134  0.02846361 -0.01906279] 
Episode: 2621: [ 0.187015   -0.09023386 -0.2120014   0.02846362 -0.01906279] 
Episode: 2631: [ 0.187015   -0.09023386 -0.21200146  0.02846367 -0.01906278] 
Episode: 2641: [ 0.187015   -0.09023386 -0.21200143  0.02846371 -0.01906278] 
Episode: 2651: [ 0.18701492 -0.09023381 -0.21200013  0.02846345 -0.01906287] 
Episode: 2661: [ 0.18701491 -0.09023376 -0.21199891  0.02846318 -0.01906296] 
Episode: 2671: [ 0.18701491 -0.09023376 -0.21199848  0.02846309 -0.01906299] 
Episode: 2681: [ 0.18701491 -0.09023376 -0.21199836  0.02846306 -0.019063  ] 
Episode: 2691: [ 0.18701491 -0.09023376 -0.21199836  0.02846304 -0.019063  ] 
Episode: 2701: [ 0.1870151  -0.09023379 -0.21200031  0.02846314 -0.01906309] 
Episode: 2711: [ 0.1870151  -0.09023379 -0.212001    0.02846317 -0.01906312] 
Episode: 2721: [ 0.1870151  -0.09023379 -0.21200122  0.02846319 -0.01906313] 
Episode: 2731: [ 0.1870151  -0.09023379 -0.21200122  0.0284632  -0.01906314] 
Episode: 2741: [ 0.1870151  -0.09023379 -0.21200122  0.02846319 -0.01906314] 
Episode: 2751: [ 0.1870151  -0.09023379 -0.212001    0.02846315 -0.01906315] 
Episode: 2761: [ 0.1870151  -0.09023379 -0.2120008   0.02846312 -0.01906315] 
Episode: 2771: [ 0.1870151  -0.09023379 -0.2120007   0.02846311 -0.01906315] 
Episode: 2781: [ 0.187015   -0.09023372 -0.21199967  0.02846292 -0.01906319] 
Episode: 2791: [ 0.18701495 -0.09023368 -0.21199909  0.02846282 -0.01906322] 
Episode: 2801: [ 0.18701495 -0.09023368 -0.21199888  0.02846278 -0.01906323] 
Episode: 2811: [ 0.18701495 -0.09023368 -0.21199882  0.02846277 -0.01906323] 
Episode: 2821: [ 0.18701507 -0.09023374 -0.21199922  0.02846289 -0.01906323] 
Episode: 2831: [ 0.18701507 -0.09023375 -0.21199942  0.02846294 -0.01906323] 
Episode: 2841: [ 0.18701507 -0.09023375 -0.21199952  0.02846296 -0.01906323] 
Episode: 2851: [ 0.18701507 -0.09023375 -0.21199952  0.02846296 -0.01906323] 
Episode: 2861: [ 0.18701507 -0.09023375 -0.21199952  0.02846296 -0.01906323] 
Episode: 2871: [ 0.18701507 -0.09023375 -0.2119996   0.02846295 -0.01906323] 
Episode: 2881: [ 0.18701507 -0.09023375 -0.2119996   0.02846295 -0.01906323] 
Episode: 2891: [ 0.18701507 -0.09023375 -0.2119996   0.02846295 -0.01906323] 
Episode: 2901: [ 0.18701488 -0.09023359 -0.2119989   0.02846251 -0.01906333] 
Episode: 2911: [ 0.18701465 -0.09023338 -0.21199802  0.02846195 -0.01906346] 
Episode: 2921: [ 0.18701455 -0.0902333  -0.21199763  0.02846176 -0.01906351] 
Episode: 2931: [ 0.18701455 -0.09023329 -0.21199745  0.02846169 -0.01906352] 
Episode: 2941: [ 0.18701455 -0.09023329 -0.21199743  0.02846166 -0.01906352] 
Episode: 2951: [ 0.18701455 -0.09023329 -0.21199743  0.02846166 -0.01906352] 
Episode: 2961: [ 0.18701455 -0.09023329 -0.21199743  0.02846166 -0.01906352] 
Episode: 2971: [ 0.18701455 -0.09023329 -0.21199752  0.02846169 -0.01906352] 
Episode: 2981: [ 0.18701479 -0.09023346 -0.21199864  0.0284621  -0.01906347] 
Episode: 2991: [ 0.18701507 -0.09023366 -0.21199983  0.02846256 -0.01906342] 
Episode: 3001: [ 0.18701518 -0.09023374 -0.21200027  0.02846273 -0.01906339] 
Episode: 3011: [ 0.1870152  -0.09023377 -0.2120006   0.02846283 -0.01906338] 
Episode: 3021: [ 0.1870152  -0.09023377 -0.21200074  0.02846286 -0.01906338] 
Episode: 3031: [ 0.1870152  -0.09023377 -0.21200074  0.02846288 -0.01906338] 
Episode: 3041: [ 0.1870152  -0.09023377 -0.21200074  0.02846288 -0.01906338] 
Episode: 3051: [ 0.1870152  -0.09023377 -0.21200074  0.02846288 -0.01906338] 
Episode: 3061: [ 0.1870153  -0.09023382 -0.21200152  0.02846301 -0.01906336] 
Episode: 3071: [ 0.18701552 -0.09023396 -0.21200374  0.0284634  -0.0190633 ] 
Episode: 3081: [ 0.18701553 -0.09023398 -0.21200396  0.02846349 -0.01906328] 
Episode: 3091: [ 0.1870151  -0.09023375 -0.21200112  0.02846327 -0.01906329] 
Episode: 3101: [ 0.18701494 -0.09023366 -0.21200018  0.02846317 -0.01906329] 
Episode: 3111: [ 0.1870149  -0.09023363 -0.21199973  0.02846312 -0.01906329] 
Episode: 3121: [ 0.1870149  -0.09023363 -0.2119995   0.0284631  -0.01906329] 
Episode: 3131: [ 0.1870149  -0.09023363 -0.21199949  0.02846307 -0.01906329] 
Episode: 3141: [ 0.1870149  -0.09023363 -0.21199949  0.02846304 -0.01906329] 
Episode: 3151: [ 0.1870149  -0.09023363 -0.21199949  0.02846303 -0.01906329] 
Episode: 3161: [ 0.18701501 -0.09023371 -0.21200012  0.02846328 -0.01906328] 
Episode: 3171: [ 0.18701512 -0.0902338  -0.21200068  0.0284635  -0.01906326] 
Episode: 3181: [ 0.18701516 -0.09023383 -0.21200117  0.02846359 -0.01906326] 
Episode: 3191: [ 0.18701117 -0.09023034 -0.21200418  0.02845464 -0.01906349] 
Episode: 3201: [ 0.18700978 -0.09022912 -0.21200524  0.02845151 -0.01906357] 
Episode: 3211: [ 0.1870093  -0.09022869 -0.21200562  0.02845042 -0.0190636 ] 
Episode: 3221: [ 0.18700913 -0.09022855 -0.21200575  0.02845004 -0.0190636 ] 
Episode: 3231: [ 0.1870091  -0.09022849 -0.21200575  0.02844991 -0.0190636 ] 
Episode: 3241: [ 0.1870091  -0.09022849 -0.21200575  0.02844986 -0.0190636 ] 
Episode: 3251: [ 0.1870091  -0.09022849 -0.21200563  0.02844982 -0.0190636 ] 
Episode: 3261: [ 0.1870091  -0.09022849 -0.2120056   0.02844979 -0.0190636 ] 
Episode: 3271: [ 0.1870091  -0.09022849 -0.2120056   0.02844979 -0.0190636 ] 
Episode: 3281: [ 0.1870091  -0.09022849 -0.2120056   0.02844979 -0.0190636 ] 
Episode: 3291: [ 0.1870091  -0.09022849 -0.2120056   0.02844979 -0.0190636 ] 
Episode: 3301: [ 0.18700916 -0.09022848 -0.21200608  0.02844963 -0.01906365] 
Episode: 3311: [ 0.18700914 -0.09022844 -0.21200584  0.0284493  -0.0190638 ] 
Episode: 3321: [ 0.18700911 -0.09022836 -0.21200451  0.02844903 -0.01906396] 
Episode: 3331: [ 0.1870091  -0.09022833 -0.21200387  0.02844889 -0.01906401] 
Episode: 3341: [ 0.1870091  -0.09022833 -0.21200372  0.02844894 -0.01906403] 
Episode: 3351: [ 0.1870091  -0.09022833 -0.21200371  0.02844896 -0.01906404] 
Episode: 3361: [ 0.1870091  -0.09022833 -0.21200386  0.028449   -0.01906402] 
Episode: 3371: [ 0.1870091  -0.09022833 -0.212004    0.02844903 -0.01906401] 
Episode: 3381: [ 0.1870091  -0.09022833 -0.21200413  0.02844904 -0.01906401] 
Episode: 3391: [ 0.1870091  -0.09022833 -0.21200429  0.02844905 -0.01906401] 
Episode: 3401: [ 0.1870091  -0.09022833 -0.21200432  0.02844905 -0.01906401] 
Episode: 3411: [ 0.18700504 -0.09022536 -0.21197599  0.02844048 -0.01906517] 
Episode: 3421: [ 0.18700203 -0.09022315 -0.21195498  0.02843413 -0.01906602] 
Episode: 3431: [ 0.18700098 -0.09022238 -0.2119476   0.02843191 -0.01906632] 
Episode: 3441: [ 0.1870006  -0.09022211 -0.21194485  0.02843113 -0.01906643] 
Episode: 3451: [ 0.18700047 -0.09022202 -0.21194398  0.02843086 -0.01906647] 
Episode: 3461: [ 0.18700045 -0.09022199 -0.21194355  0.02843078 -0.01906647] 
Episode: 3471: [ 0.18700045 -0.09022199 -0.21194339  0.02843076 -0.01906648] 
Episode: 3481: [ 0.18700045 -0.09022199 -0.21194331  0.02843075 -0.01906648] 
Episode: 3491: [ 0.18700045 -0.09022199 -0.21194331  0.02843075 -0.01906648] 
Episode: 3501: [ 0.1870005  -0.09022202 -0.21194348  0.0284308  -0.01906648] 
Episode: 3511: [ 0.18700051 -0.09022204 -0.21194363  0.02843088 -0.01906649] 
Episode: 3521: [ 0.18700051 -0.09022204 -0.21194369  0.02843091 -0.01906649] 
Episode: 3531: [ 0.18700057 -0.0902221  -0.21194382  0.02843104 -0.01906647] 
Episode: 3541: [ 0.18700065 -0.09022217 -0.21194398  0.02843119 -0.01906644] 
Episode: 3551: [ 0.18700065 -0.09022217 -0.21194403  0.02843124 -0.01906643] 
Episode: 3561: [ 0.18700065 -0.09022217 -0.21194403  0.02843126 -0.01906643] 
Episode: 3571: [ 0.18700084 -0.09022208 -0.21194632  0.02842936 -0.01906633] 
Episode: 3581: [ 0.18700096 -0.09022204 -0.21194743  0.02842842 -0.01906627] 
Episode: 3591: [ 0.18700096 -0.09022204 -0.21194778  0.02842808 -0.01906626] 
Episode: 3601: [ 0.18700096 -0.09022204 -0.2119482   0.02842797 -0.01906623] 
Episode: 3611: [ 0.18700096 -0.09022204 -0.21194845  0.02842794 -0.01906621] 
Episode: 3621: [ 0.18700096 -0.09022204 -0.21194854  0.02842792 -0.01906621] 
Episode: 3631: [ 0.18700096 -0.09022204 -0.21194893  0.02842795 -0.01906618] 
Episode: 3641: [ 0.18700096 -0.09022204 -0.21194899  0.02842792 -0.01906617] 
Episode: 3651: [ 0.18700096 -0.09022204 -0.21194905  0.02842791 -0.01906617] 
Episode: 3661: [ 0.18700096 -0.09022204 -0.21194911  0.02842791 -0.01906617] 
Episode: 3671: [ 0.18700096 -0.09022204 -0.21194912  0.02842791 -0.01906617] 
Episode: 3681: [ 0.18700108 -0.09022225 -0.21195     0.02842888 -0.01906592] 
Episode: 3691: [ 0.18700118 -0.0902224  -0.21195063  0.0284296  -0.01906574] 
Episode: 3701: [ 0.18700118 -0.09022246 -0.21195081  0.02842985 -0.01906568] 
Episode: 3711: [ 0.18700118 -0.09022248 -0.21195099  0.02842995 -0.01906566] 
Episode: 3721: [ 0.18700118 -0.09022248 -0.21195114  0.02843    -0.01906565] 
Episode: 3731: [ 0.18700118 -0.09022248 -0.21195129  0.02843004 -0.01906565] 
Episode: 3741: [ 0.18700118 -0.09022248 -0.2119514   0.02843004 -0.01906565] 
Episode: 3751: [ 0.18700118 -0.09022248 -0.21195143  0.02843004 -0.01906565] 
Episode: 3761: [ 0.18700118 -0.09022248 -0.2119514   0.02843004 -0.01906566] 
Episode: 3771: [ 0.18700118 -0.09022248 -0.21195135  0.02843004 -0.01906566] 
Episode: 3781: [ 0.18700118 -0.09022248 -0.2119514   0.02843006 -0.01906565] 
Episode: 3791: [ 0.18700118 -0.09022248 -0.21195157  0.02843003 -0.01906565] 
Episode: 3801: [ 0.18700118 -0.09022248 -0.21195172  0.02843003 -0.01906565] 
Episode: 3811: [ 0.18700118 -0.09022248 -0.21195172  0.02843003 -0.01906565] 
Episode: 3821: [ 0.18700118 -0.09022248 -0.21195172  0.02843003 -0.01906565] 
Episode: 3831: [ 0.18700118 -0.09022248 -0.21195146  0.02842999 -0.01906566] 
Episode: 3841: [ 0.18700118 -0.09022248 -0.2119514   0.02842996 -0.01906567] 
Episode: 3851: [ 0.18700118 -0.09022248 -0.21195146  0.02842996 -0.01906568] 
Episode: 3861: [ 0.18700118 -0.09022248 -0.21195146  0.02842996 -0.01906568] 
Episode: 3871: [ 0.18700118 -0.09022248 -0.21195166  0.02843001 -0.01906568] 
Episode: 3881: [ 0.18700118 -0.09022248 -0.21195175  0.02843002 -0.01906568] 
Episode: 3891: [ 0.18700118 -0.09022248 -0.21195175  0.02843003 -0.01906568] 
Episode: 3901: [ 0.18700118 -0.09022248 -0.21195175  0.02843003 -0.01906568] 
Episode: 3911: [ 0.18700118 -0.09022248 -0.21195175  0.02843003 -0.01906568] 
Episode: 3921: [ 0.1870022  -0.09022323 -0.2119574   0.02843117 -0.01906514] 
Episode: 3931: [ 0.187001   -0.09022257 -0.21194695  0.02842916 -0.01906506] 
Episode: 3941: [ 0.18700024 -0.09022214 -0.2119407   0.02842799 -0.01906509] 
Episode: 3951: [ 0.18699999 -0.09022198 -0.21193853  0.02842758 -0.0190651 ] 
Episode: 3961: [ 0.18700002 -0.090222   -0.2119386   0.02842756 -0.0190651 ] 
Episode: 3971: [ 0.1870002  -0.09022212 -0.21193986  0.02842777 -0.01906506] 
Episode: 3981: [ 0.18700032 -0.0902222  -0.21194081  0.02842793 -0.01906499] 
Episode: 3991: [ 0.18700032 -0.09022222 -0.21194118  0.02842801 -0.01906497] 
Episode: 4001: [ 0.18700032 -0.09022229 -0.2119416   0.0284282  -0.01906492] 
Episode: 4011: [ 0.18700032 -0.09022229 -0.21194172  0.02842829 -0.0190649 ] 
Episode: 4021: [ 0.1870002  -0.09022223 -0.21194114  0.02842813 -0.01906491] 
Episode: 4031: [ 0.1870002  -0.09022223 -0.21194099  0.02842811 -0.01906491] 
Episode: 4041: [ 0.1870002  -0.09022223 -0.21194099  0.02842813 -0.01906491] 
Episode: 4051: [ 0.18700029 -0.09022231 -0.21194127  0.02842834 -0.01906489] 
Episode: 4061: [ 0.18700041 -0.0902224  -0.2119416   0.02842857 -0.01906486] 
Episode: 4071: [ 0.18700047 -0.09022245 -0.21194203  0.02842871 -0.01906482] 
Episode: 4081: [ 0.18700047 -0.09022245 -0.21194224  0.02842873 -0.0190648 ] 
Episode: 4091: [ 0.18700047 -0.09022245 -0.2119423   0.02842873 -0.0190648 ] 
Episode: 4101: [ 0.18700047 -0.09022245 -0.2119423   0.02842873 -0.0190648 ] 
Episode: 4111: [ 0.18700047 -0.09022245 -0.2119423   0.02842873 -0.0190648 ] 
Episode: 4121: [ 0.18700047 -0.09022245 -0.2119423   0.02842873 -0.0190648 ] 
Episode: 4131: [ 0.18700047 -0.09022245 -0.2119423   0.02842873 -0.0190648 ] 
Episode: 4141: [ 0.18700047 -0.09022245 -0.21194233  0.02842874 -0.0190648 ] 
Episode: 4151: [ 0.18700047 -0.09022245 -0.21194245  0.02842875 -0.0190648 ] 
Episode: 4161: [ 0.18700047 -0.09022245 -0.21194234  0.02842874 -0.0190648 ] 
Episode: 4171: [ 0.18700047 -0.09022245 -0.2119422   0.02842874 -0.0190648 ] 
Episode: 4181: [ 0.18700185 -0.09022326 -0.21195419  0.0284305  -0.01906447] 
Episode: 4191: [ 0.1870036  -0.09022427 -0.21196932  0.02843273 -0.01906405] 
Episode: 4201: [ 0.18700422 -0.09022463 -0.21197473  0.02843354 -0.0190639 ] 
Episode: 4211: [ 0.18700443 -0.09022476 -0.21197665  0.02843383 -0.01906384] 
Episode: 4221: [ 0.1870045  -0.09022481 -0.21197738  0.02843394 -0.01906382] 
Episode: 4231: [ 0.18700436 -0.09022473 -0.21197687  0.02843384 -0.01906384] 
Episode: 4241: [ 0.18700436 -0.09022471 -0.21197668  0.02843379 -0.01906384] 
Episode: 4251: [ 0.18700436 -0.09022469 -0.21197663  0.02843373 -0.01906385] 
Episode: 4261: [ 0.18700436 -0.09022469 -0.21197663  0.02843371 -0.01906385] 
Episode: 4271: [ 0.18700436 -0.09022469 -0.21197663  0.02843371 -0.01906385] 
Episode: 4281: [ 0.18700473 -0.090225   -0.2119775   0.02843442 -0.01906371] 
Episode: 4291: [ 0.18700509 -0.09022529 -0.21197847  0.02843501 -0.01906359] 
Episode: 4301: [ 0.18700524 -0.09022539 -0.21197888  0.02843522 -0.01906355] 
Episode: 4311: [ 0.18700524 -0.09022542 -0.21197905  0.02843529 -0.01906353] 
Episode: 4321: [ 0.18700516 -0.09022546 -0.21197695  0.02843597 -0.01906362] 
Episode: 4331: [ 0.18700507 -0.09022553 -0.211975    0.02843661 -0.01906371] 
Episode: 4341: [ 0.18700507 -0.09022553 -0.21197435  0.02843684 -0.01906374] 
Episode: 4351: [ 0.18700507 -0.09022553 -0.21197413  0.02843693 -0.01906375] 
Episode: 4361: [ 0.18700548 -0.09022574 -0.21197762  0.02843723 -0.01906364] 
Episode: 4371: [ 0.18700658 -0.09022634 -0.21198718  0.02843802 -0.01906339] 
Episode: 4381: [ 0.18700698 -0.09022655 -0.21199062  0.0284383  -0.01906329] 
Episode: 4391: [ 0.18700655 -0.09022623 -0.21198952  0.02843739 -0.01906324] 
Episode: 4401: [ 0.18700586 -0.09022572 -0.2119871   0.02843632 -0.01906343] 
Episode: 4411: [ 0.1870055  -0.09022544 -0.2119858   0.02843582 -0.01906357] 
Episode: 4421: [ 0.18700537 -0.09022535 -0.21198536  0.02843565 -0.01906362] 
Episode: 4431: [ 0.18700537 -0.09022532 -0.21198522  0.0284356  -0.01906363] 
Episode: 4441: [ 0.18700537 -0.09022532 -0.21198522  0.02843558 -0.01906363] 
Episode: 4451: [ 0.18700537 -0.09022532 -0.21198523  0.02843558 -0.01906363] 
Episode: 4461: [ 0.18700537 -0.09022532 -0.21198525  0.0284356  -0.01906363] 
Episode: 4471: [ 0.18700537 -0.09022532 -0.21198525  0.0284356  -0.01906363] 
Episode: 4481: [ 0.18700537 -0.09022532 -0.21198525  0.0284356  -0.01906363] 
Episode: 4491: [ 0.1870038  -0.09022418 -0.21197526  0.02843319 -0.0190643 ] 
Episode: 4501: [ 0.18700305 -0.09022363 -0.21197033  0.028432   -0.01906463] 
Episode: 4511: [ 0.18700278 -0.09022342 -0.21196865  0.0284316  -0.01906475] 
Episode: 4521: [ 0.18700264 -0.09022334 -0.21196787  0.02843142 -0.01906479] 
Episode: 4531: [ 0.18700255 -0.09022328 -0.21196708  0.02843129 -0.01906482] 
Episode: 4541: [ 0.18700255 -0.09022328 -0.2119668   0.02843124 -0.01906484] 
Episode: 4551: [ 0.18700255 -0.09022328 -0.21196672  0.02843122 -0.01906484] 
Episode: 4561: [ 0.18700255 -0.09022326 -0.21196662  0.02843112 -0.01906485] 
Episode: 4571: [ 0.18700255 -0.09022326 -0.2119666   0.02843106 -0.01906486] 
Episode: 4581: [ 0.18700255 -0.09022326 -0.2119666   0.02843103 -0.01906486] 
Episode: 4591: [ 0.18700244 -0.09022348 -0.21196353  0.02843219 -0.01906442] 
Episode: 4601: [ 0.18700223 -0.09022388 -0.21195814  0.02843424 -0.01906366] 
Episode: 4611: [ 0.18700215 -0.09022402 -0.21195626  0.02843496 -0.01906338] 
Episode: 4621: [ 0.18700215 -0.09022408 -0.21195562  0.02843521 -0.01906329] 
Episode: 4631: [ 0.18700257 -0.09022439 -0.21195608  0.02843589 -0.01906331] 
Episode: 4641: [ 0.18700251 -0.09022439 -0.21195464  0.02843588 -0.01906335] 
Episode: 4651: [ 0.18700251 -0.09022439 -0.21195406  0.02843586 -0.01906336] 
Episode: 4661: [ 0.18700251 -0.09022439 -0.21195388  0.02843586 -0.01906336] 
Episode: 4671: [ 0.18700251 -0.09022439 -0.21195385  0.02843586 -0.01906336] 
Episode: 4681: [ 0.18700251 -0.09022439 -0.21195386  0.02843587 -0.01906336] 
Episode: 4691: [ 0.18700251 -0.09022439 -0.21195395  0.0284359  -0.01906336] 
Episode: 4701: [ 0.18700251 -0.09022439 -0.21195395  0.0284359  -0.01906336] 
Episode: 4711: [ 0.18700266 -0.09022446 -0.21195525  0.02843597 -0.01906332] 
Episode: 4721: [ 0.18700266 -0.09022446 -0.2119557   0.02843599 -0.01906332] 
Episode: 4731: [ 0.18700266 -0.09022446 -0.21195585  0.02843599 -0.01906332] 
Episode: 4741: [ 0.18700235 -0.09022422 -0.21195422  0.02843544 -0.01906341] 
Episode: 4751: [ 0.18700235 -0.09022421 -0.21195568  0.02843543 -0.01906338] 
Episode: 4761: [ 0.18700235 -0.09022421 -0.21195611  0.02843545 -0.01906339] 
Episode: 4771: [ 0.18700229 -0.09022415 -0.21195592  0.02843538 -0.01906341] 
Episode: 4781: [ 0.18700229 -0.09022415 -0.21195608  0.02843529 -0.01906343] 
Episode: 4791: [ 0.18700214 -0.09022401 -0.21195525  0.0284347  -0.01906353] 
Episode: 4801: [ 0.18700224 -0.09022401 -0.21195498  0.0284344  -0.01906358] 
Episode: 4811: [ 0.18700224 -0.09022401 -0.21195485  0.02843429 -0.01906359] 
Episode: 4821: [ 0.18700224 -0.09022401 -0.21195485  0.02843426 -0.0190636 ] 
Episode: 4831: [ 0.18700224 -0.09022401 -0.21195494  0.02843424 -0.0190636 ] 
Episode: 4841: [ 0.18700084 -0.09022295 -0.21194798  0.02843197 -0.01906423] 
Episode: 4851: [ 0.18700014 -0.09022241 -0.21194442  0.02843081 -0.01906455] 
Episode: 4861: [ 0.18699983 -0.09022217 -0.21194272  0.02843032 -0.01906469] 
Episode: 4871: [ 0.18699962 -0.09022203 -0.21194139  0.02843006 -0.01906474] 
Episode: 4881: [ 0.1869994  -0.09022187 -0.21194035  0.02842979 -0.01906478] 
Episode: 4891: [ 0.1869992  -0.09022175 -0.21193966  0.02842958 -0.0190648 ] 
Episode: 4901: [ 0.18699917 -0.09022176 -0.21193977  0.02842963 -0.01906478] 
Episode: 4911: [ 0.18699917 -0.09022176 -0.21193981  0.02842964 -0.01906476] 
Episode: 4921: [ 0.18699917 -0.09022176 -0.21193981  0.02842964 -0.01906476] 
Episode: 4931: [ 0.18699917 -0.09022176 -0.21193981  0.02842964 -0.01906476] 
Episode: 4941: [ 0.18699917 -0.09022176 -0.21193981  0.02842964 -0.01906476] 
Episode: 4951: [ 0.18699917 -0.09022176 -0.21193981  0.0284296  -0.01906475] 
Episode: 4961: [ 0.18699917 -0.09022176 -0.21193981  0.02842955 -0.01906474] 
Episode: 4971: [ 0.18699849 -0.09022149 -0.21193384  0.02842957 -0.0190647 ] 
Episode: 4981: [ 0.18699816 -0.09022136 -0.21193153  0.02842965 -0.01906465] 
Episode: 4991: [ 0.18699795 -0.09022125 -0.21193044  0.02842956 -0.01906465] 
