50337.765625 6816.542480 6950.737793 6301.553223 34626.734375 
46838.433594 10414.643555 8720.846680 3957.759766 21208.076172 
52782.609375 12071.743164 8234.101562 4515.208984 27385.699219 
47253.109375 8056.351074 5019.158203 4616.671387 32947.984375 
48346.050781 7766.404297 6381.211426 3226.764404 9237.258789 
49445.441406 8318.765625 5285.012207 4196.453125 28691.013672 
53635.777344 9728.489258 5798.500977 3512.748535 29117.869141 
65932.328125 29493.582031 29606.191406 18606.203125 65239.585938 
50241.542969 7016.191895 6254.321289 4581.265137 24148.224609 
45903.558594 8256.629883 3961.706055 3674.357910 24388.095703 
48017.851562 8162.672852 5729.408203 4507.760254 20610.888672 
41516.003906 5669.850098 4210.034668 3708.634521 16838.384766 
65839.445312 13515.331055 9933.691406 7927.560547 30743.669922 
45694.253906 6228.108398 3580.881348 2589.932129 15106.632812 
50907.121094 8543.692383 5456.466309 4813.541504 30124.099609 
55954.222656 11216.720703 5626.166016 4284.218262 33966.605469 
55792.140625 8309.351562 4734.794922 2949.024414 26623.736328 
45959.937500 10924.742188 6561.840332 5812.085938 21291.394531 
58658.871094 14652.994141 8326.121094 6523.072754 33646.972656 
61341.847656 13326.083984 4982.554199 6390.240723 26493.533203 
