4.114271 
3.813338 
3.918885 
4.064147 
3.964727 
3.648779 
3.569789 
4.243814 
3.899768 
4.015587 
3.981297 
4.053774 
4.044607 
3.661570 
3.931238 
3.732398 
3.795022 
3.945225 
3.649559 
3.967862 
3.824457 
3.817119 
3.969366 
3.750418 
3.748893 
3.886563 
4.265587 
4.144235 
4.400913 
3.686962 
3.917363 
3.802136 
4.023284 
3.914326 
3.772906 
4.206450 
3.749222 
3.805717 
4.003969 
3.890110 
3.675034 
3.902220 
3.846962 
3.811806 
3.939991 
3.722287 
3.793524 
3.832452 
3.824233 
4.885814 
3.778791 
3.758861 
3.864872 
3.664882 
3.817553 
3.881043 
3.859393 
3.650285 
5.009379 
3.832167 
3.778910 
3.759597 
3.713072 
4.025035 
3.749298 
3.638078 
3.681747 
3.636725 
3.676549 
3.780031 
4.144882 
3.709878 
3.427707 
3.777559 
3.902537 
3.630666 
3.806984 
3.587502 
3.713662 
3.799501 
2.706335 
3.520259 
11.515947 
3.743613 
9.042449 
7.469746 
3.900436 
2.737898 
3.589647 
3.800258 
3.685485 
1.421641 
3.680721 
5.507565 
3.571345 
2.543349 
3.532447 
3.488970 
3.548078 
2.201149 
3.433720 
2.406221 
3.713202 
20.494215 
28.867580 
72.849167 
3.525286 
13.613865 
9.537447 
3.717551 
3.538193 
3.691136 
3.869800 
3.842920 
2.145803 
5.173943 
18.149759 
3.646197 
3.614141 
3.733869 
3.449097 
3.597508 
4.153951 
3.719842 
3.689924 
3.239099 
3.377370 
3.644725 
3.509935 
7.224291 
3.746984 
3.766829 
3.769705 
3.741817 
3.965683 
3.560783 
3.748568 
3.730336 
3.647296 
3.715978 
3.745336 
3.641069 
4.981891 
2.679895 
11.099929 
3.735042 
3.540299 
3.711230 
3.784640 
3.789497 
2.951204 
3.667018 
3.718138 
2.727718 
4.909018 
4.431508 
7.264359 
2.747096 
2.835112 
2.808907 
3.442380 
3.706117 
2.536722 
3.658580 
2.891029 
119.627625 
nan 
