179832.750000 290869.281250 731269.062500 1295117.875000 3016578.250000 1283134.125000 2178205.500000 614565.875000 161251.437500 1110594.125000 
136229.718750 308246.906250 443261.843750 384225.343750 435579.125000 391069.843750 89042.960938 165070.312500 31994.480469 186687.312500 
114727.703125 115245.562500 159047.828125 211778.234375 604965.437500 1333288.000000 1309353.875000 412786.718750 271762.062500 409094.906250 
183322.375000 699628.937500 1596057.500000 48549144.000000 9974290.000000 576877.687500 324161.750000 30451.964844 19081.849609 1437.611206 
224858.968750 367636.468750 1005342.937500 1797885.500000 3290666.500000 1335248.250000 1085166.000000 271501.812500 81542.539062 29184.933594 
132312.484375 173817.468750 224997.296875 1005294.812500 1995512.500000 365458.031250 252962.125000 73016.078125 61695.937500 586294.062500 
106492.218750 107077.382812 140603.687500 142661.500000 142201.375000 75151.445312 91013.687500 64247.089844 23034.091797 278445.468750 
196919.015625 371437.718750 478297.343750 2591112.250000 9427822.000000 1931766.125000 247269.000000 574569.625000 52216.878906 1448267.375000 
143879.609375 287613.875000 284916.218750 455962.906250 277614.625000 132169.875000 47533.878906 21807.523438 16723.408203 14822.540039 
69776.898438 73146.265625 107613.046875 263814.906250 384355.343750 721410.437500 113205.820312 50430.339844 79940.421875 240510.734375 
152675.921875 403882.125000 528501.562500 1017187.375000 928152.687500 299745.156250 663637.875000 48772.171875 33485.558594 755156.625000 
108095.648438 146175.546875 210043.046875 665930.625000 385077.000000 207705.281250 138798.875000 55454.636719 76433.046875 97330.914062 
163454.921875 347304.125000 651617.000000 4449344.500000 7398426.500000 6909436.000000 3684281.000000 2138491.000000 184841.796875 2805062.250000 
144146.750000 252654.046875 204578.625000 299596.406250 305927.156250 161660.062500 101771.984375 92753.460938 47807.484375 272018.906250 
131950.562500 256824.640625 291456.250000 1477448.875000 1301698.875000 1618044.875000 165443.171875 281227.968750 107384.875000 462320.906250 
108065.890625 132549.265625 175049.671875 154362.125000 635095.187500 38251.511719 30053.212891 24586.460938 35657.339844 66420.640625 
102944.765625 111213.171875 201018.187500 341259.000000 361389.437500 165124.890625 38643.074219 16232.795898 22141.359375 944297.375000 
109628.304688 117065.007812 174288.390625 319439.312500 378892.781250 321606.812500 203243.937500 86090.484375 38437.304688 555317.937500 
187621.953125 262323.781250 406727.250000 987922.312500 644186.187500 511833.875000 416273.687500 150611.406250 78000.132812 819771.437500 
136627.781250 165720.875000 201946.781250 1162489.875000 794318.937500 204246.562500 117242.937500 62736.863281 6225.898926 99566.421875 
