Episode: 1: [[0.001 0.    0.    0.    0.    0.   ]
 [0.001 0.    0.    0.    0.    0.   ]
 [0.001 0.    0.    0.    0.    0.   ]
 [0.001 0.    0.    0.    0.    0.   ]
 [0.001 0.    0.    0.    0.    0.   ]] 
Episode: 2: [[ 1.09999999e-03  1.00000005e-04 -1.00000005e-04  9.99999975e-05
   9.99999975e-05 -9.99999975e-05]
 [ 1.09999999e-03  9.99999975e-05 -9.99999975e-05  9.99999975e-05
   9.99999975e-05 -9.99999902e-05]
 [ 1.09999999e-03  1.00000005e-04 -9.99999975e-05  9.99999902e-05
   9.99999975e-05 -9.99999975e-05]
 [ 1.09999999e-03  9.99999902e-05 -1.00000005e-04  9.99999975e-05
   1.00000005e-04 -9.99999902e-05]
 [ 1.09999999e-03  9.99999902e-05 -1.00000012e-04  9.99999829e-05
   9.99999975e-05 -9.99999975e-05]] 
Episode: 3: [[ 1.1988210e-03  1.9608634e-04 -1.8986478e-04  2.9438790e-05
   2.7387199e-05 -1.7985994e-04]
 [ 1.1997625e-03  1.9959874e-04 -1.8700337e-04  3.1964129e-05
   2.7243097e-05 -1.8690569e-04]
 [ 1.1999705e-03  1.9931429e-04 -1.8602873e-04  3.2583695e-05
   2.7207696e-05 -1.8541448e-04]
 [ 1.2000161e-03  1.9917445e-04 -1.8574693e-04  3.2767271e-05
   2.7189406e-05 -1.8482612e-04]
 [ 1.2000268e-03  1.9912297e-04 -1.8567426e-04  3.2821998e-05
   2.7179265e-05 -1.8462764e-04]] 
Episode: 4: [[ 1.2837170e-03  2.6576078e-04 -2.6237842e-04 -2.5940280e-05
  -2.9103079e-05 -2.4023073e-04]
 [ 1.2855126e-03  2.7310790e-04 -2.5717181e-04 -2.1716643e-05
  -2.9349478e-05 -2.5289503e-04]
 [ 1.2860473e-03  2.7262402e-04 -2.5542814e-04 -2.0664376e-05
  -2.9414225e-05 -2.5026425e-04]
 [ 1.2861827e-03  2.7237268e-04 -2.5492581e-04 -2.0350313e-05
  -2.9447201e-05 -2.4922329e-04]
 [ 1.2862179e-03  2.7227911e-04 -2.5479702e-04 -2.0255800e-05
  -2.9465189e-05 -2.4887145e-04]] 
Episode: 5: [[ 1.30312040e-03  3.46811692e-04 -3.19291023e-04 -6.73656687e-05
  -9.69547036e-05 -2.79039232e-04]
 [ 1.25457766e-03  3.24008724e-04 -3.09112569e-04 -7.35784779e-05
  -1.02779275e-04 -2.52152822e-04]
 [ 1.23248645e-03  3.17835045e-04 -2.88772135e-04 -7.48576567e-05
  -8.81892629e-05 -2.46892043e-04]
 [ 1.22929388e-03  3.37432750e-04 -2.45409319e-04 -7.34694258e-05
  -8.77729981e-05 -2.55137362e-04]
 [ 1.22868537e-03  3.52848612e-04 -2.21655981e-04 -7.21521210e-05
  -8.77234197e-05 -2.68378877e-04]] 
Episode: 6: [[ 0.00129277  0.00039005 -0.00036848 -0.00010317 -0.00016727 -0.00031511]
 [ 0.00119985  0.0003206  -0.00035711 -0.00011973 -0.00017695 -0.00025535]
 [ 0.00116451  0.00029742 -0.00033332 -0.00012483 -0.00015232 -0.00025131]
 [ 0.00116327  0.00032346 -0.00026915 -0.00012416 -0.00014642 -0.00027666]
 [ 0.001169    0.00036121 -0.0002316  -0.0001227  -0.00014284 -0.00031429]] 
Episode: 7: [[ 0.0012861   0.00042707 -0.00041133 -0.00013402 -0.00022763 -0.00034603]
 [ 0.00115361  0.00031751 -0.00039912 -0.00015943 -0.00024141 -0.00025788]
 [ 0.00110622  0.00028029 -0.00037289 -0.00016768 -0.0002075  -0.00025471]
 [ 0.00110898  0.00031351 -0.00029403 -0.00016738 -0.00019585 -0.00029385]
 [ 0.00112591  0.000372   -0.00025031 -0.00016566 -0.00018622 -0.00034891]] 
Episode: 8: [[ 0.0012363   0.00037705 -0.00046565 -0.00018699 -0.00027948 -0.00029593]
 [ 0.00109318  0.00026685 -0.00046104 -0.00021119 -0.00029331 -0.00020727]
 [ 0.00103545  0.00022957 -0.00043409 -0.00021891 -0.00026789 -0.00020408]
 [ 0.0010406   0.00026285 -0.00034779 -0.00021835 -0.00015926 -0.00024325]
 [ 0.00106849  0.00032137 -0.00029733 -0.00021652 -0.00013892 -0.00029832]] 
Episode: 9: [[ 1.1812479e-03  3.5852837e-04 -5.3092069e-04 -2.2349937e-04
  -3.4057017e-04 -2.3187173e-04]
 [ 1.0292020e-03  2.5365665e-04 -5.3473824e-04 -2.4138970e-04
  -3.5658298e-04 -1.4256376e-04]
 [ 9.6445263e-04  2.1553482e-04 -5.0616672e-04 -2.4773154e-04
  -3.3967244e-04 -1.3877147e-04]
 [ 9.7274239e-04  2.6275552e-04 -4.1326403e-04 -2.3551576e-04
  -1.0227189e-04 -1.7656210e-04]
 [ 1.0125035e-03  3.2257263e-04 -3.6036840e-04 -2.3133456e-04
  -7.4160482e-05 -2.3164431e-04]] 
Episode: 10: [[ 1.1351018e-03  3.4252994e-04 -5.9325807e-04 -2.5550427e-04
  -3.9472640e-04 -1.7512945e-04]
 [ 9.7737415e-04  2.4221420e-04 -6.0470315e-04 -2.6797620e-04
  -4.1264523e-04 -8.5225052e-05]
 [ 9.0499484e-04  2.0324222e-04 -5.7353749e-04 -2.7313776e-04
  -4.0320688e-04 -8.0869606e-05]
 [ 9.1397326e-04  2.6276929e-04 -4.7326265e-04 -2.5061760e-04
  -5.1544848e-05 -1.1740105e-04]
 [ 9.6355350e-04  3.2370290e-04 -4.1766054e-04 -2.4439392e-04
  -1.6631140e-05 -1.7248237e-04]] 
Episode: 11: [[ 1.09574024e-03  3.27894784e-04 -6.48331945e-04 -2.84726790e-04
  -4.43068246e-04 -1.24481012e-04]
 [ 9.31401795e-04  2.31707731e-04 -6.66254084e-04 -2.92272714e-04
  -4.62725875e-04 -3.39255384e-05]
 [ 8.52095021e-04  1.92093343e-04 -6.32974901e-04 -2.96201964e-04
  -4.59963834e-04 -2.91357483e-05]
 [ 8.61687411e-04  2.62774207e-04 -5.26498072e-04 -2.64333125e-04
  -6.36070035e-06 -6.46102344e-05]
 [ 9.20144957e-04  3.24913766e-04 -4.68763435e-04 -2.56196246e-04
   3.50076807e-05 -1.19728444e-04]] 
Episode: 12: [[ 1.06610998e-03  3.14028614e-04 -6.99886936e-04 -3.13303404e-04
  -4.86310164e-04 -7.63908320e-05]
 [ 8.92356096e-04  2.22031187e-04 -7.23568373e-04 -3.14958103e-04
  -5.07503282e-04  1.30452345e-05]
 [ 8.05677846e-04  1.81997573e-04 -6.88349130e-04 -3.17359285e-04
  -5.10773505e-04  1.77888523e-05]
 [ 8.15822685e-04  2.63018243e-04 -5.77973900e-04 -2.76971667e-04
   3.40710103e-05 -1.64922458e-05]
 [ 8.81802640e-04  3.26156092e-04 -5.17290493e-04 -2.67010910e-04
   8.11909267e-05 -7.19108721e-05]] 
Episode: 13: [[ 1.0621517e-03  3.0259695e-04 -7.6040369e-04 -3.3390601e-04
  -5.2512524e-04 -4.1989326e-05]
 [ 8.6494174e-04  2.1369576e-04 -7.8329712e-04 -3.3401960e-04
  -5.4791092e-04  5.2329011e-05]
 [ 7.6717424e-04  1.7308863e-04 -7.4325642e-04 -3.3566795e-04
  -5.5656605e-04  5.8580663e-05]
 [ 7.7594985e-04  2.6331368e-04 -6.2691275e-04 -2.8794864e-04
   7.0387272e-05  2.6114021e-05]
 [ 8.4809348e-04  3.2732307e-04 -5.6283467e-04 -2.7646881e-04
   1.2270916e-04 -2.9353107e-05]] 
Episode: 14: [[ 1.0631419e-03  2.9226625e-04 -8.3087781e-04 -3.5263592e-04
  -5.6010217e-04 -1.1221568e-05]
 [ 8.4179011e-04  2.0617705e-04 -8.4785552e-04 -3.5137092e-04
  -5.8432866e-04  8.7666893e-05]
 [ 7.3313527e-04  1.6505479e-04 -7.9987757e-04 -3.5225868e-04
  -5.9784099e-04  9.5318166e-05]
 [ 7.4029207e-04  2.6357887e-04 -6.7483936e-04 -2.9788885e-04
   1.0312909e-04  6.4506508e-05]
 [ 8.1786711e-04  3.2837433e-04 -6.0665217e-04 -2.8502502e-04
   1.6013841e-04  9.0013900e-06]] 
Episode: 15: [[ 1.0652228e-03  2.8294916e-04 -8.9678500e-04 -3.6936512e-04
  -5.9169729e-04  1.6475766e-05]
 [ 8.2128181e-04  1.9939172e-04 -9.0770808e-04 -3.6705923e-04
  -6.1722653e-04  1.1956035e-04]
 [ 7.0256542e-04  1.5780036e-04 -8.5198914e-04 -3.6725317e-04
  -6.3512754e-04  1.2849210e-04]
 [ 7.0815691e-04  2.6382002e-04 -7.1862893e-04 -3.0687187e-04
   1.3270936e-04  9.9183671e-05]
 [ 7.9060480e-04  3.2932509e-04 -6.4658973e-04 -2.9275657e-04
   1.9395282e-04  4.3646651e-05]] 
Episode: 16: [[ 1.0688424e-03  2.7456754e-04 -9.5974858e-04 -3.8444548e-04
  -6.2028202e-04  4.1341907e-05]
 [ 8.0339186e-04  1.9327008e-04 -9.6405658e-04 -3.8124176e-04
  -6.4699241e-04  1.4835616e-04]
 [ 6.7518989e-04  1.5124437e-04 -9.0051600e-04 -3.8081440e-04
  -6.6886662e-04  1.5848149e-04]
 [ 6.7919947e-04  2.6404246e-04 -7.5895956e-04 -3.1499661e-04
   1.5948048e-04  1.3055047e-04]
 [ 7.6600310e-04  3.3018825e-04 -6.8323460e-04 -2.9975022e-04
   2.2455440e-04  7.4989679e-05]] 
Episode: 17: [[ 1.07357441e-03  2.66971358e-04 -1.01790321e-03 -3.98197561e-04
  -6.46185188e-04  6.37576522e-05]
 [ 7.87730445e-04  1.87723374e-04 -1.01589598e-03 -3.94168455e-04
  -6.73966482e-04  1.74412868e-04]
 [ 6.50633534e-04  1.45303464e-04 -9.44991305e-04 -3.93143564e-04
  -6.99441764e-04  1.85639365e-04]
 [ 6.53067196e-04  2.64244271e-04 -7.95766187e-04 -3.22380569e-04
   1.83742246e-04  1.58967072e-04]
 [ 7.43770739e-04  3.30970652e-04 -7.16628740e-04 -3.06102389e-04
   2.52287253e-04  1.03387894e-04]] 
Episode: 18: [[ 1.0795867e-03  2.6012430e-04 -1.0758472e-03 -4.1037853e-04
  -6.6968269e-04  8.3941224e-05]
 [ 7.7422435e-04  1.8270931e-04 -1.0666068e-03 -4.0577381e-04
  -6.9843663e-04  1.9799947e-04]
 [ 6.2865688e-04  1.3992202e-04 -9.8764501e-04 -4.0426434e-04
  -7.2718004e-04  2.1025339e-04]
 [ 6.2948745e-04  2.6443132e-04 -8.3034451e-04 -3.2904491e-04
   2.0575571e-04  1.8473694e-04]
 [ 7.2367262e-04  3.3168311e-04 -7.4777281e-04 -3.1184172e-04
   2.7744929e-04  1.2914522e-04]] 
Episode: 19: [[ 0.0010864   0.00025397 -0.00113179 -0.00042115 -0.00069102  0.00010221]
 [ 0.00076252  0.00017818 -0.00111512 -0.00041626 -0.00072066  0.0002194 ]
 [ 0.00060896  0.00013505 -0.00102804 -0.00041433 -0.00075237  0.00023259]
 [ 0.00060819  0.00026461 -0.00086262 -0.00033508  0.00022575  0.00020813]
 [ 0.00070549  0.00033233 -0.00077669 -0.00031704  0.0003003   0.00015253]] 
Episode: 20: [[ 0.00109416  0.00024839 -0.00118953 -0.00043096 -0.00071042  0.00011871]
 [ 0.00075256  0.00017408 -0.00116454 -0.00042593 -0.00074086  0.0002388 ]
 [ 0.00059139  0.00013062 -0.00106848 -0.00042356 -0.00077526  0.00025288]
 [ 0.00058898  0.00026477 -0.00089394 -0.00034061  0.00024392  0.00022939]
 [ 0.00068904  0.00033293 -0.00080441 -0.00032179  0.00032107  0.00017378]] 
Episode: 21: [[ 0.00110176  0.00024331 -0.00124293 -0.00043973 -0.00072805  0.00013369]
 [ 0.00074374  0.00017035 -0.00121026 -0.0004347  -0.00075922  0.00025645]
 [ 0.00057552  0.0001266  -0.00110579 -0.00043194 -0.00079608  0.00027132]
 [ 0.00057156  0.00026492 -0.00092271 -0.00034562  0.00026044  0.00024871]
 [ 0.00067412  0.00033347 -0.00082983 -0.00032611  0.00033995  0.0001931 ]] 
Episode: 22: [[ 0.00110919  0.00023872 -0.00129595 -0.00044748 -0.0007441   0.00014732]
 [ 0.00073594  0.00016697 -0.00125546 -0.00044267 -0.00077593  0.0002725 ]
 [ 0.0005612   0.00012295 -0.00114228 -0.00043955 -0.00081503  0.0002881 ]
 [ 0.00055576  0.00026506 -0.00095024 -0.00035018  0.00027547  0.0002663 ]
 [ 0.00066056  0.00033396 -0.00085395 -0.00033003  0.00035714  0.00021068]] 
Episode: 23: [[ 0.00111679  0.00023456 -0.00134466 -0.0004544  -0.0007587   0.00015967]
 [ 0.0007292   0.0001639  -0.00129693 -0.00044985 -0.00079114  0.00028709]
 [ 0.00054832  0.00011963 -0.00117569 -0.00044645 -0.00083227  0.00030336]
 [ 0.00054144  0.00026518 -0.00097541 -0.00035431  0.00028916  0.0002823 ]
 [ 0.00064827  0.00033441 -0.00087597 -0.00033359  0.00037278  0.00022668]] 
Episode: 24: [[ 0.00112424  0.00023078 -0.00139121 -0.00046054 -0.000772    0.00017093]
 [ 0.00072332  0.00016112 -0.00133664 -0.00045641 -0.00080499  0.00030038]
 [ 0.00053671  0.00011661 -0.00120749 -0.00045273 -0.00084797  0.00031726]
 [ 0.00052846  0.0002653  -0.00099905 -0.00035808  0.00030162  0.00029687]
 [ 0.0006371   0.00033482 -0.00089655 -0.00033684  0.00038702  0.00024125]] 
Episode: 25: [[ 0.00113172  0.00022733 -0.00143685 -0.00046602 -0.00078411  0.00018119]
 [ 0.00071828  0.00015858 -0.00137553 -0.0004624  -0.0008176   0.00031248]
 [ 0.0005263   0.00011386 -0.0012384  -0.00045847 -0.00086226  0.00032992]
 [ 0.00051671  0.00026541 -0.00102163 -0.00036151  0.00031297  0.00031014]
 [ 0.00062697  0.0003352  -0.00091606 -0.00033979  0.00039999  0.00025452]] 
Episode: 26: [[ 0.00113887  0.00022419 -0.00147889 -0.00047099 -0.00079514  0.00019055]
 [ 0.00071385  0.00015626 -0.00141131 -0.00046784 -0.00082909  0.00032351]
 [ 0.00051688  0.00011136 -0.00126679 -0.00046369 -0.00087529  0.00034146]
 [ 0.00050604  0.00026551 -0.00104231 -0.00036463  0.0003233   0.00032223]
 [ 0.00061776  0.00033554 -0.00093391 -0.00034248  0.00041181  0.00026661]] 
Episode: 27: [[ 0.00114589  0.00022131 -0.00151917 -0.00047521 -0.00080519  0.00019911]
 [ 0.00071005  0.00015415 -0.00144563 -0.0004727  -0.00083956  0.00033358]
 [ 0.00050842  0.00010907 -0.00129391 -0.00046838 -0.00088715  0.00035198]
 [ 0.00049637  0.0002656  -0.00106184 -0.00036744  0.00033272  0.00033325]
 [ 0.0006094   0.00033585 -0.00095067 -0.00034491  0.00042257  0.00027762]] 
Episode: 28: [[ 0.00115279  0.00021869 -0.00155694 -0.00047895 -0.00081435  0.00020689]
 [ 0.00070684  0.00015223 -0.00147792 -0.00047712 -0.00084909  0.00034274]
 [ 0.00050084  0.00010699 -0.00131936 -0.00047264 -0.00089796  0.00036155]
 [ 0.00048762  0.00026568 -0.00108003 -0.00037     0.0003413   0.00034328]
 [ 0.00060182  0.00033613 -0.00096623 -0.00034711  0.00043238  0.00028766]] 
Episode: 29: [[ 0.00115958  0.00021632 -0.00159285 -0.00048215 -0.00082269  0.00021399]
 [ 0.00070415  0.00015049 -0.00150875 -0.00048112 -0.00085779  0.00035109]
 [ 0.00049406  0.0001051  -0.00134356 -0.00047652 -0.00090781  0.00037028]
 [ 0.0004797   0.00026575 -0.00109713 -0.00037232  0.00034912  0.00035243]
 [ 0.00059494  0.00033639 -0.0009808  -0.00034912  0.00044131  0.0002968 ]] 
Episode: 30: [[ 0.00116673  0.00021416 -0.00162489 -0.00048485 -0.0008303   0.00022043]
 [ 0.00070219  0.00014891 -0.00153641 -0.00048473 -0.00086571  0.00035869]
 [ 0.00048812  0.00010338 -0.0013653  -0.00048003 -0.00091679  0.00037823]
 [ 0.00047259  0.00026582 -0.00111255 -0.00037442  0.00035624  0.00036076]
 [ 0.00058874  0.00033663 -0.00099395 -0.00035094  0.00044945  0.00030513]] 
Episode: 31: [[ 0.00117383  0.00021222 -0.00165577 -0.00048727 -0.00083722  0.0002263 ]
 [ 0.00070069  0.00014748 -0.00156305 -0.000488   -0.00087292  0.00036561]
 [ 0.00048286  0.00010182 -0.00138614 -0.00048321 -0.00092497  0.00038547]
 [ 0.00046618  0.00026589 -0.00112716 -0.00037633  0.00036272  0.00036835]
 [ 0.00058313  0.00033685 -0.00100634 -0.00035259  0.00045687  0.00031271]] 
Episode: 32: [[ 0.00118053  0.00021044 -0.00168434 -0.00048943 -0.00084354  0.00023165]
 [ 0.00069943  0.00014618 -0.00158775 -0.00049099 -0.00087949  0.00037192]
 [ 0.00047812  0.0001004  -0.00140545 -0.00048612 -0.00093242  0.00039206]
 [ 0.00046037  0.00026595 -0.00114064 -0.00037807  0.00036864  0.00037526]
 [ 0.00057803  0.00033705 -0.00101775 -0.00035409  0.00046363  0.00031962]] 
Episode: 33: [[ 1.1870795e-03  2.0881616e-04 -1.7113102e-03 -4.9138570e-04
  -8.4928609e-04  2.3653610e-04]
 [ 6.9848477e-04  1.4498917e-04 -1.6109351e-03 -4.9369974e-04
  -8.8548154e-04  3.7767002e-04]
 [ 4.7389258e-04  9.9100311e-05 -1.4234644e-03 -4.8875751e-04
  -9.3920465e-04  3.9807172e-04]
 [ 4.5511275e-04  2.6600674e-04 -1.1531380e-03 -3.7965470e-04
   3.7402165e-04  3.8155811e-04]
 [ 5.7340704e-04  3.3722556e-04 -1.0283063e-03 -3.5546118e-04
   4.6978207e-04  3.2592201e-04]] 
Episode: 34: [[ 1.1941517e-03  2.0731692e-04 -1.7443488e-03 -4.9305701e-04
  -8.5452426e-04  2.4097868e-04]
 [ 6.9814583e-04  1.4389490e-04 -1.6389878e-03 -4.9616146e-04
  -8.9093664e-04  3.8290516e-04]
 [ 4.7029101e-04  9.7912605e-05 -1.4446678e-03 -4.9115840e-04
  -9.4538782e-04  4.0354591e-04]
 [ 4.5043431e-04  2.6605377e-04 -1.1670702e-03 -3.8109292e-04
   3.7892742e-04  3.8729588e-04]
 [ 5.6925853e-04  3.3738787e-04 -1.0397637e-03 -3.5670592e-04
   4.7538988e-04  3.3165881e-04]] 
Episode: 35: [[ 1.2008718e-03  2.0594928e-04 -1.7747239e-03 -4.9459265e-04
  -8.5929537e-04  2.4500082e-04]
 [ 6.9797551e-04  1.4289717e-04 -1.6648137e-03 -4.9842050e-04
  -8.9590531e-04  3.8766116e-04]
 [ 4.6708144e-04  9.6830190e-05 -1.4641853e-03 -4.9335574e-04
  -9.5101964e-04  4.0852471e-04]
 [ 4.4620503e-04  2.6609632e-04 -1.1798711e-03 -3.8240888e-04
   3.8339593e-04  3.9251844e-04]
 [ 5.6549837e-04  3.3753552e-04 -1.0502806e-03 -3.5784391e-04
   4.8049784e-04  3.3688170e-04]] 
Episode: 36: [[ 1.2074618e-03  2.0471492e-04 -1.8051917e-03 -4.9586303e-04
  -8.6364150e-04  2.4867780e-04]
 [ 6.9805712e-04  1.4199645e-04 -1.6909339e-03 -5.0048728e-04
  -9.0043142e-04  3.9200074e-04]
 [ 4.6427961e-04  9.5848751e-05 -1.4839036e-03 -4.9536250e-04
  -9.5614966e-04  4.1306386e-04]
 [ 4.4240808e-04  2.6613715e-04 -1.1925850e-03 -3.8360959e-04
   3.8746544e-04  3.9727727e-04]
 [ 5.6210550e-04  3.3767137e-04 -1.0606311e-03 -3.5888143e-04
   4.8514991e-04  3.4164006e-04]] 
Episode: 37: [[ 1.2138245e-03  2.0358604e-04 -1.8324920e-03 -4.9707765e-04
  -8.6759863e-04  2.5199653e-04]
 [ 6.9830118e-04  1.4117411e-04 -1.7143787e-03 -5.0240348e-04
  -9.0455246e-04  3.9594001e-04]
 [ 4.6180972e-04  9.4953895e-05 -1.5016265e-03 -4.9720966e-04
  -9.6082070e-04  4.1719069e-04]
 [ 4.3898655e-04  2.6617383e-04 -1.2040396e-03 -3.8471381e-04
   3.9117158e-04  4.0160763e-04]
 [ 5.5903645e-04  3.3779474e-04 -1.0699675e-03 -3.5983371e-04
   4.8938644e-04  3.4597109e-04]] 
Episode: 38: [[ 1.2200187e-03  2.0254964e-04 -1.8581211e-03 -4.9812865e-04
  -8.7120174e-04  2.5502179e-04]
 [ 6.9872389e-04  1.4042194e-04 -1.7364486e-03 -5.0413993e-04
  -9.0830488e-04  3.9952880e-04]
 [ 4.5966476e-04  9.4137176e-05 -1.5182990e-03 -4.9888605e-04
  -9.6507394e-04  4.2094948e-04]
 [ 4.3591837e-04  2.6620631e-04 -1.2147588e-03 -3.8571589e-04
   3.9454619e-04  4.0555117e-04]
 [ 5.5626931e-04  3.3790644e-04 -1.0786802e-03 -3.6069832e-04
   4.9324398e-04  3.4991506e-04]] 
Episode: 39: [[ 1.2260084e-03  2.0160606e-04 -1.8822879e-03 -4.9905828e-04
  -8.7448227e-04  2.5779410e-04]
 [ 6.9926883e-04  1.3973724e-04 -1.7571911e-03 -5.0571410e-04
  -9.1172138e-04  4.0280356e-04]
 [ 4.5778663e-04  9.3393610e-05 -1.5339043e-03 -5.0040899e-04
  -9.6894638e-04  4.2437555e-04]
 [ 4.3315784e-04  2.6623585e-04 -1.2247403e-03 -3.8662646e-04
   3.9761845e-04  4.0914339e-04]
 [ 5.5376877e-04  3.3800813e-04 -1.0867722e-03 -3.6148430e-04
   4.9675594e-04  3.5350706e-04]] 
Episode: 40: [[ 1.2321291e-03  2.0075031e-04 -1.9026921e-03 -4.9983105e-04
  -8.7746861e-04  2.6031255e-04]
 [ 7.0009864e-04  1.3911637e-04 -1.7748572e-03 -5.0715310e-04
  -9.1483147e-04  4.0578374e-04]
 [ 4.5624824e-04  9.2718037e-05 -1.5472040e-03 -5.0179800e-04
  -9.7247149e-04  4.2749388e-04]
 [ 4.3072252e-04  2.6626335e-04 -1.2333343e-03 -3.8745627e-04
   4.0041513e-04  4.1241318e-04]
 [ 5.5153738e-04  3.3810112e-04 -1.0937775e-03 -3.6220020e-04
   4.9995288e-04  3.5677670e-04]] 
Episode: 41: [[ 1.2385596e-03  2.0001657e-04 -1.9226504e-03 -5.0039223e-04
  -8.8018319e-04  2.6254420e-04]
 [ 7.0123578e-04  1.3857121e-04 -1.7919866e-03 -5.0839182e-04
  -9.1765920e-04  4.0847241e-04]
 [ 4.5501778e-04  9.2112918e-05 -1.5599786e-03 -5.0302380e-04
  -9.7567774e-04  4.3032033e-04]
 [ 4.2857949e-04  2.6629289e-04 -1.2415025e-03 -3.8819088e-04
   4.0296142e-04  4.1538366e-04]
 [ 5.4954801e-04  3.3818872e-04 -1.1004013e-03 -3.6283766e-04
   5.0286285e-04  3.5974890e-04]] 
Episode: 42: [[ 1.2448381e-03  1.9936331e-04 -1.9417783e-03 -5.0089206e-04
  -8.8265276e-04  2.6454442e-04]
 [ 7.0247002e-04  1.3808148e-04 -1.8083375e-03 -5.0951767e-04
  -9.2023180e-04  4.1090621e-04]
 [ 4.5399327e-04  9.1565438e-05 -1.5721136e-03 -5.0413853e-04
  -9.7859488e-04  4.3288557e-04]
 [ 4.2667141e-04  2.6632127e-04 -1.2492031e-03 -3.8885896e-04
   4.0527890e-04  4.1808354e-04]
 [ 5.4776174e-04  3.3826943e-04 -1.1066219e-03 -3.6341746e-04
   5.0551107e-04  3.6245145e-04]] 
Episode: 43: [[ 1.2511732e-03  1.9875575e-04 -1.9618208e-03 -5.0123193e-04
  -8.8489900e-04  2.6635278e-04]
 [ 7.0390606e-04  1.3763132e-04 -1.8256402e-03 -5.1053258e-04
  -9.2257169e-04  4.1311467e-04]
 [ 4.5322409e-04  9.1064750e-05 -1.5850012e-03 -5.0514581e-04
  -9.8124845e-04  4.3521600e-04]
 [ 4.2500944e-04  2.6634586e-04 -1.2572181e-03 -3.8946222e-04
   4.0738794e-04  4.2053833e-04]
 [ 5.4617936e-04  3.3834204e-04 -1.1130219e-03 -3.6394148e-04
   5.0792081e-04  3.6490924e-04]] 
Episode: 44: [[ 1.2572260e-03  1.9820979e-04 -1.9791094e-03 -5.0149322e-04
  -8.8694278e-04  2.6799896e-04]
 [ 7.0534495e-04  1.3722484e-04 -1.8406580e-03 -5.1143486e-04
  -9.2470075e-04  4.1512446e-04]
 [ 4.5258668e-04  9.0610833e-05 -1.5962421e-03 -5.0604995e-04
  -9.8366279e-04  4.3733648e-04]
 [ 4.2352494e-04  2.6636900e-04 -1.2642560e-03 -3.9000425e-04
   4.0930661e-04  4.2277179e-04]
 [ 5.4475549e-04  3.3840860e-04 -1.1186611e-03 -3.6441351e-04
   5.1011308e-04  3.6714540e-04]] 
Episode: 45: [[ 1.2635308e-03  1.9771335e-04 -1.9968299e-03 -5.0159177e-04
  -8.8880217e-04  2.6947283e-04]
 [ 7.0700300e-04  1.3685536e-04 -1.8558106e-03 -5.1218807e-04
  -9.2663761e-04  4.1694383e-04]
 [ 4.5215897e-04  9.0198067e-05 -1.6074078e-03 -5.0683646e-04
  -9.8585908e-04  4.3926109e-04]
 [ 4.2224006e-04  2.6639010e-04 -1.2711427e-03 -3.9047803e-04
   4.1105185e-04  4.2480140e-04]
 [ 5.4349721e-04  3.3846920e-04 -1.1241373e-03 -3.6482976e-04
   5.1210728e-04  3.6917816e-04]] 
Episode: 46: [[ 1.2697360e-03  1.9726394e-04 -2.0144780e-03 -5.0167827e-04
  -8.9049252e-04  2.7079711e-04]
 [ 7.0873165e-04  1.3652050e-04 -1.8708414e-03 -5.1288021e-04
  -9.2839851e-04  4.1859143e-04]
 [ 4.5187603e-04  8.9823297e-05 -1.6184353e-03 -5.0755579e-04
  -9.8785607e-04  4.4100769e-04]
 [ 4.2111852e-04  2.6640960e-04 -1.2778699e-03 -3.9091107e-04
   4.1263941e-04  4.2664548e-04]
 [ 5.4237980e-04  3.3852449e-04 -1.1294544e-03 -3.6520977e-04
   5.1392108e-04  3.7102570e-04]] 
Episode: 47: [[ 1.2766154e-03  1.9686972e-04 -2.0333629e-03 -5.0175068e-04
  -8.9202879e-04  2.7196552e-04]
 [ 7.1093551e-04  1.3622505e-04 -1.8871562e-03 -5.1357073e-04
  -9.2999882e-04  4.2007322e-04]
 [ 4.5195533e-04  8.9487854e-05 -1.6304860e-03 -5.0824950e-04
  -9.8967110e-04  4.4258591e-04]
 [ 4.2025291e-04  2.6642994e-04 -1.2850940e-03 -3.9132684e-04
   4.1408351e-04  4.2831729e-04]
 [ 5.4145325e-04  3.3857656e-04 -1.1351020e-03 -3.6557045e-04
   5.1557057e-04  3.7270228e-04]] 
Episode: 48: [[ 1.2835423e-03  1.9650151e-04 -2.0521812e-03 -5.0174497e-04
  -8.9342595e-04  2.7300610e-04]
 [ 7.1327511e-04  1.3595434e-04 -1.9036444e-03 -5.1423849e-04
  -9.3145401e-04  4.2141011e-04]
 [ 4.5220132e-04  8.9181645e-05 -1.6426994e-03 -5.0890341e-04
  -9.9132140e-04  4.4401461e-04]
 [ 4.1954493e-04  2.6644784e-04 -1.2923477e-03 -3.9171701e-04
   4.1539650e-04  4.2983421e-04]
 [ 5.4065656e-04  3.3862347e-04 -1.1407394e-03 -3.6590642e-04
   5.1707035e-04  3.7422453e-04]] 
Episode: 49: [[ 1.2904955e-03  1.9616581e-04 -2.0707299e-03 -5.0163118e-04
  -8.9469628e-04  2.7394391e-04]
 [ 7.1573030e-04  1.3570966e-04 -1.9200341e-03 -5.1484490e-04
  -9.3277718e-04  4.2262248e-04]
 [ 4.5259547e-04  8.8904046e-05 -1.6548602e-03 -5.0949678e-04
  -9.9282188e-04  4.4531163e-04]
 [ 4.1897889e-04  2.6646449e-04 -1.2995180e-03 -3.9207042e-04
   4.1659008e-04  4.3121233e-04]
 [ 5.3997728e-04  3.3866637e-04 -1.1462865e-03 -3.6621065e-04
   5.1843381e-04  3.7560778e-04]] 
Episode: 50: [[ 1.2975939e-03  1.9586283e-04 -2.0895118e-03 -5.0146325e-04
  -8.9584995e-04  2.7475265e-04]
 [ 7.1833527e-04  1.3548804e-04 -1.9365076e-03 -5.1537255e-04
  -9.3397900e-04  4.2370576e-04]
 [ 4.5313846e-04  8.8651934e-05 -1.6670185e-03 -5.1002245e-04
  -9.9418510e-04  4.4648032e-04]
 [ 4.1854710e-04  2.6647968e-04 -1.3066244e-03 -3.9238404e-04
   4.1767530e-04  4.3245999e-04]
 [ 5.3940737e-04  3.3870540e-04 -1.1517562e-03 -3.6648189e-04
   5.1967317e-04  3.7686172e-04]] 
Episode: 51: [[ 1.3042730e-03  1.9558663e-04 -2.1083409e-03 -5.0130027e-04
  -8.9689810e-04  2.7547844e-04]
 [ 7.2080997e-04  1.3528619e-04 -1.9528822e-03 -5.1585370e-04
  -9.3507086e-04  4.2468624e-04]
 [ 4.5368506e-04  8.8422537e-05 -1.6790426e-03 -5.1050109e-04
  -9.9542364e-04  4.4754028e-04]
 [ 4.1817848e-04  2.6649336e-04 -1.3136006e-03 -3.9266952e-04
   4.1866172e-04  4.3359280e-04]
 [ 5.3890311e-04  3.3874079e-04 -1.1571028e-03 -3.6672869e-04
   5.2079960e-04  3.7800061e-04]] 
Episode: 52: [[ 1.3109021e-03  1.9533577e-04 -2.1273366e-03 -5.0102104e-04
  -8.9785061e-04  2.7612815e-04]
 [ 7.2333723e-04  1.3510390e-04 -1.9694818e-03 -5.1626132e-04
  -9.3606312e-04  4.2557306e-04]
 [ 4.5432756e-04  8.8214736e-05 -1.6912827e-03 -5.1091629e-04
  -9.9654926e-04  4.4850094e-04]
 [ 4.1791002e-04  2.6650610e-04 -1.3206591e-03 -3.9291722e-04
   4.1955806e-04  4.3462092e-04]
 [ 5.3848349e-04  3.3877316e-04 -1.1624895e-03 -3.6694453e-04
   5.2182318e-04  3.7903464e-04]] 
Episode: 53: [[ 1.3174945e-03  1.9510352e-04 -2.1467844e-03 -5.0061441e-04
  -8.9871645e-04  2.7673080e-04]
 [ 7.2591502e-04  1.3493861e-04 -1.9866109e-03 -5.1661610e-04
  -9.3696511e-04  4.2638453e-04]
 [ 4.5505661e-04  8.8026012e-05 -1.7039604e-03 -5.1128323e-04
  -9.9757232e-04  4.4937711e-04]
 [ 4.1773211e-04  2.6651769e-04 -1.3279233e-03 -3.9313559e-04
   4.2037235e-04  4.3555672e-04]
 [ 5.3814042e-04  3.3880255e-04 -1.1680083e-03 -3.6713554e-04
   5.2275317e-04  3.7997527e-04]] 
Episode: 54: [[ 1.3242712e-03  1.9489233e-04 -2.1652740e-03 -5.0011685e-04
  -8.9950423e-04  2.7729772e-04]
 [ 7.2864798e-04  1.3479344e-04 -2.0031794e-03 -5.1699870e-04
  -9.3778613e-04  4.2713358e-04]
 [ 4.5592236e-04  8.7857305e-05 -1.7162430e-03 -5.1165506e-04
  -9.9850306e-04  4.5018014e-04]
 [ 4.1766316e-04  2.6652947e-04 -1.3349385e-03 -3.9335430e-04
   4.2111156e-04  4.3641040e-04]
 [ 5.3788244e-04  3.3883008e-04 -1.1733259e-03 -3.6732259e-04
   5.2359793e-04  3.8083221e-04]] 
Episode: 55: [[ 1.3310622e-03  1.9469643e-04 -2.1819894e-03 -4.9951766e-04
  -9.0021879e-04  2.7781885e-04]
 [ 7.3144480e-04  1.3466217e-04 -2.0184075e-03 -5.1735155e-04
  -9.3853107e-04  4.2781775e-04]
 [ 4.5687304e-04  8.7704349e-05 -1.7275480e-03 -5.1199552e-04
  -9.9934777e-04  4.5091184e-04]
 [ 4.1767547e-04  2.6654030e-04 -1.3413923e-03 -3.9355355e-04
   4.2178330e-04  4.3718694e-04]
 [ 5.3769164e-04  3.3885517e-04 -1.1782157e-03 -3.6749247e-04
   5.2436534e-04  3.8161137e-04]] 
Episode: 56: [[ 1.3383190e-03  1.9451600e-04 -2.1976838e-03 -4.9873197e-04
  -9.0087001e-04  2.7827660e-04]
 [ 7.3452381e-04  1.3454605e-04 -2.0329391e-03 -5.1764736e-04
  -9.3920983e-04  4.2843091e-04]
 [ 4.5801766e-04  8.7567023e-05 -1.7383299e-03 -5.1228912e-04
  -1.0001168e-03  4.5157116e-04]
 [ 4.1781494e-04  2.6655084e-04 -1.3475310e-03 -3.9372471e-04
   4.2239268e-04  4.3788957e-04]
 [ 5.3759268e-04  3.3887842e-04 -1.1828583e-03 -3.6763944e-04
   5.2506215e-04  3.8231720e-04]] 
Episode: 57: [[ 1.3458959e-03  1.9436043e-04 -2.2166965e-03 -4.9795985e-04
  -9.0146210e-04  2.7864697e-04]
 [ 7.3780009e-04  1.3444680e-04 -2.0502764e-03 -5.1797583e-04
  -9.3982671e-04  4.2896671e-04]
 [ 4.5930495e-04  8.7445587e-05 -1.7511685e-03 -5.1259616e-04
  -1.0008155e-03  4.5215705e-04]
 [ 4.1805426e-04  2.6656195e-04 -1.3547579e-03 -3.9390280e-04
   4.2294592e-04  4.3852112e-04]
 [ 5.3756812e-04  3.3890054e-04 -1.1882829e-03 -3.6778851e-04
   5.2569492e-04  3.8295370e-04]] 
Episode: 58: [[ 1.3535916e-03  1.9423812e-04 -2.2402429e-03 -4.9691019e-04
  -9.0200047e-04  2.7898684e-04]
 [ 7.4117619e-04  1.3437106e-04 -2.0717292e-03 -5.1826006e-04
  -9.4038760e-04  4.2945525e-04]
 [ 4.6068255e-04  8.7343295e-05 -1.7671852e-03 -5.1286508e-04
  -1.0014506e-03  4.5269009e-04]
 [ 4.1836669e-04  2.6657584e-04 -1.3637136e-03 -3.9405687e-04
   4.2344801e-04  4.3909505e-04]
 [ 5.3760095e-04  3.3892316e-04 -1.1949678e-03 -3.6791750e-04
   5.2626943e-04  3.8353197e-04]] 
Episode: 59: [[ 1.3610442e-03  1.9412934e-04 -2.2626466e-03 -4.9595506e-04
  -9.0248865e-04  2.7929005e-04]
 [ 7.4444414e-04  1.3430341e-04 -2.0919722e-03 -5.1852042e-04
  -9.4089634e-04  4.2989673e-04]
 [ 4.6202328e-04  8.7250955e-05 -1.7822162e-03 -5.1311048e-04
  -1.0020267e-03  4.5317301e-04]
 [ 4.1868936e-04  2.6658867e-04 -1.3720985e-03 -3.9419738e-04
   4.2390398e-04  4.3961563e-04]
 [ 5.3765287e-04  3.3894385e-04 -1.2012189e-03 -3.6803505e-04
   5.2679103e-04  3.8405662e-04]] 
Episode: 60: [[ 1.3691972e-03  1.9404801e-04 -2.2931478e-03 -4.9423845e-04
  -9.0293511e-04  2.7955417e-04]
 [ 7.4811000e-04  1.3427975e-04 -2.1203808e-03 -5.1871676e-04
  -9.4136217e-04  4.3029551e-04]
 [ 4.6360420e-04  8.7188491e-05 -1.8036119e-03 -5.1330356e-04
  -1.0025532e-03  4.5360994e-04]
 [ 4.1914827e-04  2.6661041e-04 -1.3840023e-03 -3.9430245e-04
   4.2431659e-04  4.4008737e-04]
 [ 5.3779624e-04  3.3896937e-04 -1.2100521e-03 -3.6812358e-04
   5.2726426e-04  3.8453232e-04]] 
Episode: 61: [[ 1.3771439e-03  1.9397620e-04 -2.3208521e-03 -4.9263664e-04
  -9.0334122e-04  2.7974491e-04]
 [ 7.5168832e-04  1.3425856e-04 -2.1461835e-03 -5.1887898e-04
  -9.4178575e-04  4.3063701e-04]
 [ 4.6516609e-04  8.7131593e-05 -1.8229954e-03 -5.1346904e-04
  -1.0030316e-03  4.5399467e-04]
 [ 4.1962214e-04  2.6663000e-04 -1.3947793e-03 -3.9439238e-04
   4.2469084e-04  4.4050961e-04]
 [ 5.3795957e-04  3.3899242e-04 -1.2180464e-03 -3.6820018e-04
   5.2769372e-04  3.8496000e-04]] 
Episode: 62: [[ 1.3852153e-03  1.9388548e-04 -2.3444395e-03 -4.9111602e-04
  -9.0370647e-04  2.7987803e-04]
 [ 7.5531611e-04  1.3422922e-04 -2.1684577e-03 -5.1899289e-04
  -9.4216707e-04  4.3092878e-04]
 [ 4.6676263e-04  8.7074899e-05 -1.8397860e-03 -5.1359989e-04
  -1.0034633e-03  4.5433416e-04]
 [ 4.2013125e-04  2.6664542e-04 -1.4041312e-03 -3.9446339e-04
   4.2503147e-04  4.4088814e-04]
 [ 5.3815299e-04  3.3901178e-04 -1.2249895e-03 -3.6826241e-04
   5.2808365e-04  3.8534502e-04]] 
Episode: 63: [[ 1.3940901e-03  1.9377648e-04 -2.3676169e-03 -4.8986857e-04
  -9.0404222e-04  2.8006709e-04]
 [ 7.5927243e-04  1.3419134e-04 -2.1899813e-03 -5.1916757e-04
  -9.4251666e-04  4.3121947e-04]
 [ 4.6849882e-04  8.7018103e-05 -1.8558417e-03 -5.1375641e-04
  -1.0038576e-03  4.5465483e-04]
 [ 4.2071679e-04  2.6665698e-04 -1.4130406e-03 -3.9454806e-04
   4.2533959e-04  4.4123759e-04]
 [ 5.3839822e-04  3.3902773e-04 -1.2315920e-03 -3.6833264e-04
   5.2843732e-04  3.8569837e-04]] 
Episode: 64: [[ 1.4030031e-03  1.9365700e-04 -2.3926503e-03 -4.8873969e-04
  -9.0434757e-04  2.8019969e-04]
 [ 7.6323631e-04  1.3414868e-04 -2.2125156e-03 -5.1934208e-04
  -9.4283448e-04  4.3146871e-04]
 [ 4.7024331e-04  8.6962405e-05 -1.8723835e-03 -5.1390758e-04
  -1.0042159e-03  4.5493848e-04]
 [ 4.2132183e-04  2.6666553e-04 -1.4221608e-03 -3.9462981e-04
   4.2561899e-04  4.4155115e-04]
 [ 5.3866266e-04  3.3904091e-04 -1.2383291e-03 -3.6839972e-04
   5.2875816e-04  3.8601662e-04]] 
Episode: 65: [[ 1.4118585e-03  1.9356907e-04 -2.4174768e-03 -4.8759804e-04
  -9.0462563e-04  2.8030167e-04]
 [ 7.6718978e-04  1.3412118e-04 -2.2348997e-03 -5.1951117e-04
  -9.4312371e-04  4.3168527e-04]
 [ 4.7201154e-04  8.6918430e-05 -1.8888959e-03 -5.1405095e-04
  -1.0045416e-03  4.5518979e-04]
 [ 4.2195540e-04  2.6667648e-04 -1.4312670e-03 -3.9470673e-04
   4.2587219e-04  4.4183258e-04]
 [ 5.3895172e-04  3.3905503e-04 -1.2450550e-03 -3.6846206e-04
   5.2904920e-04  3.8630323e-04]] 
Episode: 66: [[ 1.4206878e-03  1.9349398e-04 -2.4431800e-03 -4.8635842e-04
  -9.0487878e-04  2.8037021e-04]
 [ 7.7114755e-04  1.3410092e-04 -2.2580680e-03 -5.1965337e-04
  -9.4338675e-04  4.3187151e-04]
 [ 4.7380963e-04  8.6881118e-05 -1.9060371e-03 -5.1417470e-04
  -1.0048377e-03  4.5541153e-04]
 [ 4.2261885e-04  2.6668762e-04 -1.4407146e-03 -3.9477227e-04
   4.2610164e-04  4.4208471e-04]
 [ 5.3926557e-04  3.3906865e-04 -1.2520289e-03 -3.6851520e-04
   5.2931317e-04  3.8656106e-04]] 
Episode: 67: [[ 1.4294620e-03  1.9345088e-04 -2.4707795e-03 -4.8507334e-04
  -9.0510910e-04  2.8042993e-04]
 [ 7.7508873e-04  1.3409620e-04 -2.2826756e-03 -5.1977928e-04
  -9.4362604e-04  4.3203885e-04]
 [ 4.7562254e-04  8.6854852e-05 -1.9243254e-03 -5.1428383e-04
  -1.0051068e-03  4.5561150e-04]
 [ 4.2330360e-04  2.6670136e-04 -1.4507957e-03 -3.9482891e-04
   4.2630956e-04  4.4231277e-04]
 [ 5.3959840e-04  3.3908346e-04 -1.2594686e-03 -3.6856087e-04
   5.2955258e-04  3.8679451e-04]] 
Episode: 68: [[ 1.4382412e-03  1.9339603e-04 -2.4988030e-03 -4.8372077e-04
  -9.0531952e-04  2.8051541e-04]
 [ 7.7903440e-04  1.3408743e-04 -2.3075314e-03 -5.1989051e-04
  -9.4384473e-04  4.3220763e-04]
 [ 4.7745986e-04  8.6827633e-05 -1.9428844e-03 -5.1438191e-04
  -1.0053526e-03  4.5580333e-04]
 [ 4.2401283e-04  2.6671204e-04 -1.4610327e-03 -3.9487888e-04
   4.2649746e-04  4.4252491e-04]
 [ 5.3995161e-04  3.3909563e-04 -1.2670243e-03 -3.6860077e-04
   5.2976958e-04  3.8700982e-04]] 
Episode: 69: [[ 1.4477948e-03  1.9344813e-04 -2.5352070e-03 -4.8194436e-04
  -9.0551097e-04  2.8052030e-04]
 [ 7.8335061e-04  1.3412902e-04 -2.3394113e-03 -5.1987724e-04
  -9.4404334e-04  4.3232844e-04]
 [ 4.7951273e-04  8.6831678e-05 -1.9669237e-03 -5.1438675e-04
  -1.0055754e-03  4.5595755e-04]
 [ 4.2483301e-04  2.6673573e-04 -1.4743274e-03 -3.9487265e-04
   4.2666786e-04  4.4270724e-04]
 [ 5.4037489e-04  3.3911617e-04 -1.2768396e-03 -3.6859908e-04
   5.2996638e-04  3.8719818e-04]] 
Episode: 70: [[ 1.4571479e-03  1.9350907e-04 -2.5692629e-03 -4.8031021e-04
  -9.0568198e-04  2.8047751e-04]
 [ 7.8755739e-04  1.3417243e-04 -2.3690851e-03 -5.1985570e-04
  -9.4422128e-04  4.3242035e-04]
 [ 4.8150355e-04  8.6838176e-05 -1.9892193e-03 -5.1438587e-04
  -1.0057759e-03  4.5608869e-04]
 [ 4.2563269e-04  2.6675852e-04 -1.4866437e-03 -3.9486415e-04
   4.2682298e-04  4.4286842e-04]
 [ 5.4079044e-04  3.3913567e-04 -1.2859276e-03 -3.6859559e-04
   5.3014490e-04  3.8736619e-04]] 
Episode: 71: [[ 1.4667090e-03  1.9359664e-04 -2.6070247e-03 -4.7849474e-04
  -9.0583775e-04  2.8040758e-04]
 [ 7.9185300e-04  1.3422858e-04 -2.4015964e-03 -5.1974988e-04
  -9.4438321e-04  4.3249072e-04]
 [ 4.8355520e-04  8.6853754e-05 -2.0136703e-03 -5.1432662e-04
  -1.0059581e-03  4.5619957e-04]
 [ 4.2646989e-04  2.6678390e-04 -1.5001512e-03 -3.9482184e-04
   4.2696344e-04  4.4301047e-04]
 [ 5.4123229e-04  3.3915654e-04 -1.2958924e-03 -3.6856750e-04
   5.3030672e-04  3.8751570e-04]] 
Episode: 72: [[ 1.4759105e-03  1.9369091e-04 -2.6422869e-03 -4.7681917e-04
  -9.0597756e-04  2.8029765e-04]
 [ 7.9597277e-04  1.3428589e-04 -2.4318337e-03 -5.1964290e-04
  -9.4452885e-04  4.3253694e-04]
 [ 4.8551700e-04  8.6871129e-05 -2.0363496e-03 -5.1426701e-04
  -1.0061223e-03  4.5629122e-04]
 [ 4.2727328e-04  2.6680843e-04 -1.5126689e-03 -3.9478031e-04
   4.2709112e-04  4.4313498e-04]
 [ 5.4165814e-04  3.3917648e-04 -1.3051231e-03 -3.6853986e-04
   5.3045352e-04  3.8764838e-04]] 
Episode: 73: [[ 1.4847445e-03  1.9378314e-04 -2.6777391e-03 -4.7523418e-04
  -9.0610469e-04  2.8018831e-04]
 [ 7.9991907e-04  1.3434088e-04 -2.4618711e-03 -5.1953114e-04
  -9.4466121e-04  4.3257562e-04]
 [ 4.8740153e-04  8.6888540e-05 -2.0588422e-03 -5.1420368e-04
  -1.0062716e-03  4.5637236e-04]
 [ 4.2804945e-04  2.6683146e-04 -1.5250748e-03 -3.9473723e-04
   4.2720675e-04  4.4324686e-04]
 [ 5.4207188e-04  3.3919507e-04 -1.3142688e-03 -3.6851090e-04
   5.3058658e-04  3.8776797e-04]] 
Episode: 74: [[ 1.4933996e-03  1.9385797e-04 -2.7113138e-03 -4.7377477e-04
  -9.0621982e-04  2.8009363e-04]
 [ 8.0376957e-04  1.3438746e-04 -2.4901747e-03 -5.1942898e-04
  -9.4478112e-04  4.3261252e-04]
 [ 4.8923708e-04  8.6902612e-05 -2.0799628e-03 -5.1414565e-04
  -1.0064068e-03  4.5644696e-04]
 [ 4.2880911e-04  2.6685151e-04 -1.5367104e-03 -3.9469774e-04
   4.2731155e-04  4.4334878e-04]
 [ 5.4247904e-04  3.3921140e-04 -1.3228421e-03 -3.6848430e-04
   5.3070718e-04  3.8787673e-04]] 
Episode: 75: [[ 1.5020542e-03  1.9392995e-04 -2.7465848e-03 -4.7229169e-04
  -9.0632431e-04  2.8004986e-04]
 [ 8.0760592e-04  1.3443215e-04 -2.5195447e-03 -5.1930366e-04
  -9.4488997e-04  4.3266284e-04]
 [ 4.9107865e-04  8.6915832e-05 -2.1019198e-03 -5.1407312e-04
  -1.0065296e-03  4.5652466e-04]
 [ 4.2957862e-04  2.6686976e-04 -1.5488121e-03 -3.9465024e-04
   4.2740648e-04  4.4344628e-04]
 [ 5.4289517e-04  3.3922619e-04 -1.3317609e-03 -3.6845167e-04
   5.3081644e-04  3.8797880e-04]] 
Episode: 76: [[ 1.5110121e-03  1.9397185e-04 -2.7789022e-03 -4.7069983e-04
  -9.0641988e-04  2.7998546e-04]
 [ 8.1157795e-04  1.3447077e-04 -2.5471360e-03 -5.1925186e-04
  -9.4498950e-04  4.3269966e-04]
 [ 4.9300643e-04  8.6926804e-05 -2.1225950e-03 -5.1404588e-04
  -1.0066414e-03  4.5658968e-04]
 [ 4.3039460e-04  2.6688576e-04 -1.5602112e-03 -3.9462734e-04
   4.2749225e-04  4.4353187e-04]
 [ 5.4334139e-04  3.3923920e-04 -1.3401608e-03 -3.6843520e-04
   5.3091545e-04  3.8806940e-04]] 
Episode: 77: [[ 1.5205418e-03  1.9398183e-04 -2.8163304e-03 -4.6839070e-04
  -9.0651022e-04  2.7989122e-04]
 [ 8.1583724e-04  1.3453681e-04 -2.5796758e-03 -5.1925587e-04
  -9.4508432e-04  4.3272163e-04]
 [ 4.9509655e-04  8.6954307e-05 -2.1471758e-03 -5.1405228e-04
  -1.0067468e-03  4.5664154e-04]
 [ 4.3129118e-04  2.6690849e-04 -1.5738092e-03 -3.9461849e-04
   4.2756848e-04  4.4360579e-04]
 [ 5.4383714e-04  3.3925640e-04 -1.3501869e-03 -3.6842568e-04
   5.3100486e-04  3.8814897e-04]] 
Episode: 78: [[ 1.5297298e-03  1.9398217e-04 -2.8498089e-03 -4.6629558e-04
  -9.0659194e-04  2.7978365e-04]
 [ 8.1992813e-04  1.3459328e-04 -2.6088976e-03 -5.1926967e-04
  -9.4517018e-04  4.3273333e-04]
 [ 4.9710728e-04  8.6977365e-05 -2.1692635e-03 -5.1406515e-04
  -1.0068421e-03  4.5668375e-04]
 [ 4.3215646e-04  2.6692817e-04 -1.5860299e-03 -3.9461450e-04
   4.2763757e-04  4.4367035e-04]
 [ 5.4431707e-04  3.3927138e-04 -1.3591977e-03 -3.6841989e-04
   5.3108588e-04  3.8821940e-04]] 
Episode: 79: [[ 1.5388813e-03  1.9399555e-04 -2.8835328e-03 -4.6419294e-04
  -9.0666697e-04  2.7966761e-04]
 [ 8.2398247e-04  1.3465156e-04 -2.6381393e-03 -5.1926699e-04
  -9.4524870e-04  4.3273717e-04]
 [ 4.9910863e-04  8.7002234e-05 -2.1914076e-03 -5.1406544e-04
  -1.0069292e-03  4.5671780e-04]
 [ 4.3302242e-04  2.6694793e-04 -1.5982890e-03 -3.9460335e-04
   4.2769991e-04  4.4372669e-04]
 [ 5.4479967e-04  3.3928626e-04 -1.3682401e-03 -3.6840868e-04
   5.3115922e-04  3.8828171e-04]] 
Episode: 80: [[ 1.5485379e-03  1.9402403e-04 -2.9164760e-03 -4.6187002e-04
  -9.0673612e-04  2.7953714e-04]
 [ 8.2823442e-04  1.3471353e-04 -2.6668934e-03 -5.1921292e-04
  -9.4532093e-04  4.3273170e-04]
 [ 5.0122273e-04  8.7029883e-05 -2.2132192e-03 -5.1403040e-04
  -1.0070089e-03  4.5674309e-04]
 [ 4.3394466e-04  2.6696827e-04 -1.6103688e-03 -3.9457128e-04
   4.2775608e-04  4.4377486e-04]
 [ 5.4531719e-04  3.3930139e-04 -1.3771511e-03 -3.6838197e-04
   5.3122564e-04  3.8833619e-04]] 
Episode: 81: [[ 1.5588085e-03  1.9407076e-04 -2.9514283e-03 -4.5901805e-04
  -9.0680196e-04  2.7940320e-04]
 [ 8.3274813e-04  1.3479580e-04 -2.6977889e-03 -5.1913835e-04
  -9.4538979e-04  4.3272375e-04]
 [ 5.0348171e-04  8.7069362e-05 -2.2367705e-03 -5.1397912e-04
  -1.0070840e-03  4.5676398e-04]
 [ 4.3493757e-04  2.6699356e-04 -1.6234339e-03 -3.9452722e-04
   4.2780585e-04  4.4381741e-04]
 [ 5.4587779e-04  3.3931964e-04 -1.3867943e-03 -3.6834486e-04
   5.3128559e-04  3.8838477e-04]] 
Episode: 82: [[ 1.5690445e-03  1.9410474e-04 -2.9843233e-03 -4.5638857e-04
  -9.0686348e-04  2.7932107e-04]
 [ 8.3722360e-04  1.3486689e-04 -2.7266673e-03 -5.1904994e-04
  -9.4545365e-04  4.3273077e-04]
 [ 5.0569337e-04  8.7103508e-05 -2.2586640e-03 -5.1392155e-04
  -1.0071532e-03  4.5678971e-04]
 [ 4.3590783e-04  2.6701574e-04 -1.6355601e-03 -3.9448132e-04
   4.2785052e-04  4.4385917e-04]
 [ 5.4642552e-04  3.3933570e-04 -1.3957376e-03 -3.6830717e-04
   5.3133984e-04  3.8843090e-04]] 
Episode: 83: [[ 1.5793176e-03  1.9417498e-04 -3.0178460e-03 -4.5372304e-04
  -9.0691983e-04  2.7924389e-04]
 [ 8.4168714e-04  1.3495097e-04 -2.7558161e-03 -5.1895494e-04
  -9.4551209e-04  4.3273543e-04]
 [ 5.0791074e-04  8.7145563e-05 -2.2808057e-03 -5.1385793e-04
  -1.0072162e-03  4.5681171e-04]
 [ 4.3688490e-04  2.6704121e-04 -1.6478337e-03 -3.9443173e-04
   4.2789083e-04  4.4389631e-04]
 [ 5.4697908e-04  3.3935389e-04 -1.4047945e-03 -3.6826645e-04
   5.3138891e-04  3.8847220e-04]] 
Episode: 84: [[ 1.5893425e-03  1.9423310e-04 -3.0515583e-03 -4.5122788e-04
  -9.0697024e-04  2.7917660e-04]
 [ 8.4601610e-04  1.3502568e-04 -2.7845767e-03 -5.1885203e-04
  -9.4556448e-04  4.3274049e-04]
 [ 5.1006232e-04  8.7182518e-05 -2.3025915e-03 -5.1379000e-04
  -1.0072727e-03  4.5683212e-04]
 [ 4.3783465e-04  2.6706367e-04 -1.6599010e-03 -3.9438083e-04
   4.2792753e-04  4.4393018e-04]
 [ 5.4751808e-04  3.3936993e-04 -1.4136981e-03 -3.6822527e-04
   5.3143338e-04  3.8850977e-04]] 
Episode: 85: [[ 1.6003242e-03  1.9434794e-04 -3.0922387e-03 -4.4773601e-04
  -9.0701907e-04  2.7911246e-04]
 [ 8.5073640e-04  1.3514087e-04 -2.8198694e-03 -5.1872712e-04
  -9.4561512e-04  4.3274806e-04]
 [ 5.1242870e-04  8.7242552e-05 -2.3296017e-03 -5.1370478e-04
  -1.0073266e-03  4.5685191e-04]
 [ 4.3888652e-04  2.6709671e-04 -1.6749299e-03 -3.9431485e-04
   4.2795975e-04  4.4396144e-04]
 [ 5.4811832e-04  3.3939298e-04 -1.4248044e-03 -3.6816974e-04
   5.3147349e-04  3.8854414e-04]] 
Episode: 86: [[ 1.6115153e-03  1.9441829e-04 -3.1309458e-03 -4.4384482e-04
  -9.0706436e-04  2.7906097e-04]
 [ 8.5552922e-04  1.3525136e-04 -2.8542622e-03 -5.1863363e-04
  -9.4566320e-04  4.3276179e-04]
 [ 5.1484082e-04  8.7300185e-05 -2.3559388e-03 -5.1363994e-04
  -1.0073774e-03  4.5687379e-04]
 [ 4.3996255e-04  2.6712805e-04 -1.6895849e-03 -3.9425850e-04
   4.2798821e-04  4.4399171e-04]
 [ 5.4873404e-04  3.3941472e-04 -1.4356312e-03 -3.6811945e-04
   5.3150969e-04  3.8857659e-04]] 
Episode: 87: [[ 1.6228210e-03  1.9446450e-04 -3.1683075e-03 -4.3994494e-04
  -9.0710726e-04  2.7900704e-04]
 [ 8.6032914e-04  1.3535113e-04 -2.8874399e-03 -5.1851926e-04
  -9.4570831e-04  4.3276991e-04]
 [ 5.1726302e-04  8.7352069e-05 -2.3813553e-03 -5.1356264e-04
  -1.0074246e-03  4.5689070e-04]
 [ 4.4104594e-04  2.6715623e-04 -1.7037318e-03 -3.9419555e-04
   4.2801353e-04  4.4401761e-04]
 [ 5.4935535e-04  3.3943425e-04 -1.4460841e-03 -3.6806453e-04
   5.3154235e-04  3.8860494e-04]] 
Episode: 88: [[ 1.6338704e-03  1.9449749e-04 -3.2035073e-03 -4.3637163e-04
  -9.0714626e-04  2.7896994e-04]
 [ 8.6499995e-04  1.3543801e-04 -2.9184481e-03 -5.1840238e-04
  -9.4574929e-04  4.3278141e-04]
 [ 5.1960029e-04  8.7397340e-05 -2.4050053e-03 -5.1348528e-04
  -1.0074674e-03  4.5690814e-04]
 [ 4.4208948e-04  2.6718093e-04 -1.7168786e-03 -3.9413449e-04
   4.2803641e-04  4.4404209e-04]
 [ 5.4995343e-04  3.3945139e-04 -1.4557926e-03 -3.6801197e-04
   5.3157192e-04  3.8863131e-04]] 
Episode: 89: [[ 1.6451869e-03  1.9456891e-04 -3.2383536e-03 -4.3266147e-04
  -9.0718601e-04  2.7893097e-04]
 [ 8.6973497e-04  1.3553935e-04 -2.9492481e-03 -5.1829650e-04
  -9.4579021e-04  4.3279162e-04]
 [ 5.2197708e-04  8.7451066e-05 -2.4285286e-03 -5.1341334e-04
  -1.0075094e-03  4.5692344e-04]
 [ 4.4315364e-04  2.6720946e-04 -1.7299624e-03 -3.9407570e-04
   4.2805588e-04  4.4406392e-04]
 [ 5.5056479e-04  3.3947107e-04 -1.4654571e-03 -3.6796022e-04
   5.3159846e-04  3.8865494e-04]] 
Episode: 90: [[ 1.6564539e-03  1.9464720e-04 -3.2731632e-03 -4.2887876e-04
  -9.0722268e-04  2.7888786e-04]
 [ 8.7440666e-04  1.3564156e-04 -2.9799689e-03 -5.1819161e-04
  -9.4582781e-04  4.3279701e-04]
 [ 5.2432809e-04  8.7505367e-05 -2.4519877e-03 -5.1334215e-04
  -1.0075478e-03  4.5693468e-04]
 [ 4.4420845e-04  2.6723795e-04 -1.7430126e-03 -3.9401738e-04
   4.2807334e-04  4.4408231e-04]
 [ 5.5117183e-04  3.3949068e-04 -1.4750982e-03 -3.6790845e-04
   5.3162244e-04  3.8867537e-04]] 
Episode: 91: [[ 1.6679774e-03  1.9471557e-04 -3.3082424e-03 -4.2457445e-04
  -9.0725877e-04  2.7885131e-04]
 [ 8.7914563e-04  1.3574494e-04 -3.0117400e-03 -5.1805982e-04
  -9.4586483e-04  4.3281110e-04]
 [ 5.2672025e-04  8.7560402e-05 -2.4763204e-03 -5.1325426e-04
  -1.0075851e-03  4.5695019e-04]
 [ 4.4528447e-04  2.6726650e-04 -1.7565630e-03 -3.9394796e-04
   4.2808818e-04  4.4410158e-04]
 [ 5.5179244e-04  3.3951027e-04 -1.4851112e-03 -3.6784707e-04
   5.3164398e-04  3.8869560e-04]] 
Episode: 92: [[ 1.6799273e-03  1.9475596e-04 -3.3451519e-03 -4.2007637e-04
  -9.0729166e-04  2.7879368e-04]
 [ 8.8399678e-04  1.3584131e-04 -3.0445107e-03 -5.1793730e-04
  -9.4589882e-04  4.3281505e-04]
 [ 5.2917621e-04  8.7611610e-05 -2.5014409e-03 -5.1317079e-04
  -1.0076192e-03  4.5695869e-04]
 [ 4.4639196e-04  2.6729293e-04 -1.7705652e-03 -3.9388007e-04
   4.2810151e-04  4.4411616e-04]
 [ 5.5243255e-04  3.3952831e-04 -1.4954659e-03 -3.6778580e-04
   5.3166348e-04  3.8871192e-04]] 
Episode: 93: [[ 1.6924714e-03  1.9478172e-04 -3.3811780e-03 -4.1498931e-04
  -9.0732280e-04  2.7876557e-04]
 [ 8.8901579e-04  1.3593538e-04 -3.0771906e-03 -5.1773572e-04
  -9.4593113e-04  4.3282611e-04]
 [ 5.3172483e-04  8.7661785e-05 -2.5265354e-03 -5.1303679e-04
  -1.0076513e-03  4.5697036e-04]
 [ 4.4754412e-04  2.6731862e-04 -1.7845596e-03 -3.9378161e-04
   4.2811313e-04  4.4413135e-04]
 [ 5.5309996e-04  3.3954583e-04 -1.5058146e-03 -3.6770126e-04
   5.3168106e-04  3.8872808e-04]] 
Episode: 94: [[ 1.7051975e-03  1.9486959e-04 -3.4177306e-03 -4.0920186e-04
  -9.0735365e-04  2.7876612e-04]
 [ 8.9407433e-04  1.3607010e-04 -3.1109033e-03 -5.1760301e-04
  -9.4596454e-04  4.3285152e-04]
 [ 5.3429772e-04  8.7734676e-05 -2.5524541e-03 -5.1294611e-04
  -1.0076839e-03  4.5698963e-04]
 [ 4.4870915e-04  2.6735503e-04 -1.7990246e-03 -3.9370413e-04
   4.2812229e-04  4.4414942e-04]
 [ 5.5377575e-04  3.3957051e-04 -1.5165134e-03 -3.6762850e-04
   5.3169671e-04  3.8874563e-04]] 
Episode: 95: [[ 1.7189746e-03  1.9505680e-04 -3.4579355e-03 -4.0337443e-04
  -9.0738415e-04  2.7874851e-04]
 [ 8.9941965e-04  1.3623603e-04 -3.1465737e-03 -5.1748648e-04
  -9.4599684e-04  4.3286991e-04]
 [ 5.3702097e-04  8.7825567e-05 -2.5798937e-03 -5.1286048e-04
  -1.0077150e-03  4.5700400e-04]
 [ 4.4994484e-04  2.6740012e-04 -1.8143565e-03 -3.9362843e-04
   4.2812998e-04  4.4416415e-04]
 [ 5.5449409e-04  3.3960113e-04 -1.5278670e-03 -3.6755620e-04
   5.3171074e-04  3.8876038e-04]] 
Episode: 96: [[ 1.7332747e-03  1.9518465e-04 -3.4935216e-03 -3.9703780e-04
  -9.0741634e-04  2.7871813e-04]
 [ 9.0492464e-04  1.3639522e-04 -3.1803495e-03 -5.1735103e-04
  -9.4603118e-04  4.3288482e-04]
 [ 5.3983030e-04  8.7912638e-05 -2.6058548e-03 -5.1276467e-04
  -1.0077474e-03  4.5701547e-04]
 [ 4.5122189e-04  2.6744304e-04 -1.8288483e-03 -3.9354549e-04
   4.2813533e-04  4.4417661e-04]
 [ 5.5523764e-04  3.3963018e-04 -1.5385820e-03 -3.6747722e-04
   5.3172314e-04  3.8877307e-04]] 
Episode: 97: [[ 1.7479870e-03  1.9525856e-04 -3.5245682e-03 -3.9023740e-04
  -9.0744888e-04  2.7868128e-04]
 [ 9.1053999e-04  1.3654905e-04 -3.2120529e-03 -5.1719864e-04
  -9.4606692e-04  4.3289925e-04]
 [ 5.4269924e-04  8.7996916e-05 -2.6302305e-03 -5.1265804e-04
  -1.0077805e-03  4.5702604e-04]
 [ 4.5252792e-04  2.6748440e-04 -1.8424474e-03 -3.9345454e-04
   4.2813871e-04  4.4418787e-04]
 [ 5.5599905e-04  3.3965806e-04 -1.5486229e-03 -3.6739101e-04
   5.3173408e-04  3.8878451e-04]] 
Episode: 98: [[ 1.7635007e-03  1.9518803e-04 -3.5530922e-03 -3.8194857e-04
  -9.0747973e-04  2.7861079e-04]
 [ 9.1644836e-04  1.3669714e-04 -3.2447160e-03 -5.1702769e-04
  -9.4610453e-04  4.3291156e-04]
 [ 5.4572278e-04  8.8077904e-05 -2.6554083e-03 -5.1254407e-04
  -1.0078149e-03  4.5703494e-04]
 [ 4.5390686e-04  2.6752369e-04 -1.8565020e-03 -3.9335428e-04
   4.2814011e-04  4.4419759e-04]
 [ 5.5680412e-04  3.3968428e-04 -1.5589865e-03 -3.6729316e-04
   5.3174369e-04  3.8879443e-04]] 
Episode: 99: [[ 1.7800323e-03  1.9500362e-04 -3.5795025e-03 -3.7185827e-04
  -9.0751017e-04  2.7850133e-04]
 [ 9.2275022e-04  1.3686267e-04 -3.2793130e-03 -5.1681802e-04
  -9.4614847e-04  4.3292026e-04]
 [ 5.4895447e-04  8.8167944e-05 -2.6821406e-03 -5.1240815e-04
  -1.0078542e-03  4.5704114e-04]
 [ 4.5538362e-04  2.6756673e-04 -1.8714325e-03 -3.9323443e-04
   4.2813824e-04  4.4420527e-04]
 [ 5.5766752e-04  3.3971271e-04 -1.5699809e-03 -3.6717535e-04
   5.3175178e-04  3.8880252e-04]] 
Episode: 100: [[ 1.7968483e-03  1.9482365e-04 -3.6084098e-03 -3.6239249e-04
  -9.0753677e-04  2.7836900e-04]
 [ 9.2898257e-04  1.3701276e-04 -3.3134562e-03 -5.1663374e-04
  -9.4618776e-04  4.3292015e-04]
 [ 5.5215042e-04  8.8249231e-05 -2.7085068e-03 -5.1228842e-04
  -1.0078894e-03  4.5704172e-04]
 [ 4.5684518e-04  2.6760550e-04 -1.8861722e-03 -3.9312642e-04
   4.2813673e-04  4.4420961e-04]
 [ 5.5852311e-04  3.3973827e-04 -1.5808538e-03 -3.6706775e-04
   5.3175917e-04  3.8880800e-04]] 
Episode: 101: [[ 1.8134817e-03  1.9455461e-04 -3.6386861e-03 -3.5374810e-04
  -9.0756372e-04  2.7824679e-04]
 [ 9.3508180e-04  1.3711593e-04 -3.3468492e-03 -5.1647011e-04
  -9.4622519e-04  4.3292018e-04]
 [ 5.5525743e-04  8.8306071e-05 -2.7340674e-03 -5.1218143e-04
  -1.0079228e-03  4.5704257e-04]
 [ 4.5826336e-04  2.6763268e-04 -1.9004298e-03 -3.9302910e-04
   4.2813478e-04  4.4421371e-04]
 [ 5.5935275e-04  3.3975605e-04 -1.5913666e-03 -3.6697043e-04
   5.3176575e-04  3.8881309e-04]] 
Episode: 102: [[ 1.8293589e-03  1.9432580e-04 -3.6669327e-03 -3.4585921e-04
  -9.0758613e-04  2.7810058e-04]
 [ 9.4085181e-04  1.3721400e-04 -3.3776066e-03 -5.1630422e-04
  -9.4625779e-04  4.3290912e-04]
 [ 5.5818778e-04  8.8360030e-05 -2.7575667e-03 -5.1207427e-04
  -1.0079519e-03  4.5703744e-04]
 [ 4.5959983e-04  2.6765850e-04 -1.9135315e-03 -3.9293524e-04
   4.2813341e-04  4.4421453e-04]
 [ 5.6013442e-04  3.3977296e-04 -1.6010263e-03 -3.6687829e-04
   5.3177174e-04  3.8881571e-04]] 
Episode: 103: [[ 1.8446827e-03  1.9423373e-04 -3.6979339e-03 -3.3852330e-04
  -9.0760522e-04  2.7790555e-04]
 [ 9.4632985e-04  1.3733076e-04 -3.4081195e-03 -5.1613175e-04
  -9.4628666e-04  4.3288400e-04]
 [ 5.6096714e-04  8.8424596e-05 -2.7808305e-03 -5.1196106e-04
  -1.0079776e-03  4.5702339e-04]
 [ 4.6086760e-04  2.6768958e-04 -1.9265095e-03 -3.9284019e-04
   4.2813245e-04  4.4421037e-04]
 [ 5.6087633e-04  3.3979365e-04 -1.6106126e-03 -3.6678711e-04
   5.3177722e-04  3.8881460e-04]] 
Episode: 104: [[ 1.8644456e-03  1.9377730e-04 -3.7294705e-03 -3.2479069e-04
  -9.0763671e-04  2.7750476e-04]
 [ 9.5347821e-04  1.3757145e-04 -3.4516302e-03 -5.1589526e-04
  -9.4633509e-04  4.3281174e-04]
 [ 5.6461350e-04  8.8557739e-05 -2.8144880e-03 -5.1181047e-04
  -1.0080190e-03  4.5698025e-04]
 [ 4.6253816e-04  2.6775210e-04 -1.9454210e-03 -3.9269266e-04
   4.2812474e-04  4.4419063e-04]
 [ 5.6185696e-04  3.3983451e-04 -1.6245490e-03 -3.6663431e-04
   5.3178088e-04  3.8880223e-04]] 
Episode: 105: [[ 1.8849208e-03  1.9317490e-04 -3.7559196e-03 -3.0952340e-04
  -9.0766430e-04  2.7707082e-04]
 [ 9.6090499e-04  1.3780443e-04 -3.4954813e-03 -5.1573466e-04
  -9.4638451e-04  4.3273682e-04]
 [ 5.6841050e-04  8.8686145e-05 -2.8485018e-03 -5.1171164e-04
  -1.0080610e-03  4.5693529e-04]
 [ 4.6428075e-04  2.6781182e-04 -1.9645386e-03 -3.9256748e-04
   4.2811604e-04  4.4416959e-04]
 [ 5.6288124e-04  3.3987319e-04 -1.6386122e-03 -3.6649033e-04
   5.3178391e-04  3.8878867e-04]] 
Episode: 106: [[ 1.9042093e-03  1.9272605e-04 -3.7838502e-03 -2.9555740e-04
  -9.0768543e-04  2.7659113e-04]
 [ 9.6783636e-04  1.3803988e-04 -3.5371289e-03 -5.1555241e-04
  -9.4642711e-04  4.3264611e-04]
 [ 5.7194632e-04  8.8815548e-05 -2.8806631e-03 -5.1159906e-04
  -1.0080972e-03  4.5688218e-04]
 [ 4.6590244e-04  2.6787224e-04 -1.9826009e-03 -3.9244094e-04
   4.2810885e-04  4.4414436e-04]
 [ 5.6383433e-04  3.3991257e-04 -1.6519055e-03 -3.6635052e-04
   5.3178676e-04  3.8877214e-04]] 
Episode: 107: [[ 1.9252365e-03  1.9243809e-04 -3.8130966e-03 -2.7989244e-04
  -9.0771937e-04  2.7609264e-04]
 [ 9.7530981e-04  1.3841546e-04 -3.5827940e-03 -5.1551725e-04
  -9.4649324e-04  4.3256799e-04]
 [ 5.7576224e-04  8.9021232e-05 -2.9161151e-03 -5.1157450e-04
  -1.0081525e-03  4.5683529e-04]
 [ 4.6765531e-04  2.6796895e-04 -2.0025715e-03 -3.9235331e-04
   4.2809386e-04  4.4412169e-04]
 [ 5.6486583e-04  3.3997631e-04 -1.6666115e-03 -3.6622921e-04
   5.3178775e-04  3.8875703e-04]] 
Episode: 108: [[ 1.9468125e-03  1.9216769e-04 -3.8480153e-03 -2.6586029e-04
  -9.0775004e-04  2.7553202e-04]
 [ 9.8271028e-04  1.3875347e-04 -3.6281967e-03 -5.1559275e-04
  -9.4655337e-04  4.3247239e-04]
 [ 5.7952554e-04  8.9206624e-05 -2.9511773e-03 -5.1161507e-04
  -1.0082026e-03  4.5677897e-04]
 [ 4.6938259e-04  2.6805614e-04 -2.0223164e-03 -3.9230858e-04
   4.2808030e-04  4.4409418e-04]
 [ 5.6588277e-04  3.4003376e-04 -1.6811766e-03 -3.6614333e-04
   5.3178868e-04  3.8873847e-04]] 
Episode: 109: [[ 1.9681798e-03  1.9191840e-04 -3.8827332e-03 -2.5319445e-04
  -9.0777711e-04  2.7491746e-04]
 [ 9.8981522e-04  1.3905930e-04 -3.6707353e-03 -5.1570137e-04
  -9.4660750e-04  4.3236616e-04]
 [ 5.8313407e-04  8.9374262e-05 -2.9839897e-03 -5.1167537e-04
  -1.0082475e-03  4.5671652e-04]
 [ 4.7103918e-04  2.6813496e-04 -2.0407978e-03 -3.9228107e-04
   4.2806816e-04  4.4406336e-04]
 [ 5.6685903e-04  3.4008568e-04 -1.6948213e-03 -3.6607453e-04
   5.3178956e-04  3.8871745e-04]] 
Episode: 110: [[ 1.9901830e-03  1.9183994e-04 -3.9244792e-03 -2.4143553e-04
  -9.0779713e-04  2.7424729e-04]
 [ 9.9691970e-04  1.3938086e-04 -3.7143291e-03 -5.1579718e-04
  -9.4665418e-04  4.3224057e-04]
 [ 5.8672274e-04  8.9548324e-05 -3.0172879e-03 -5.1172613e-04
  -1.0082861e-03  4.5664411e-04]
 [ 4.7268436e-04  2.6821677e-04 -2.0595232e-03 -3.9225264e-04
   4.2805797e-04  4.4402760e-04]
 [ 5.6782860e-04  3.4013973e-04 -1.7086613e-03 -3.6600875e-04
   5.3179049e-04  3.8869298e-04]] 
Episode: 111: [[ 2.0137285e-03  1.9140929e-04 -3.9516333e-03 -2.2688122e-04
  -9.0781302e-04  2.7352973e-04]
 [ 1.0048144e-03  1.3970159e-04 -3.7585993e-03 -5.1575783e-04
  -9.4671652e-04  4.3211316e-04]
 [ 5.9073610e-04  8.9720626e-05 -3.0513012e-03 -5.1168568e-04
  -1.0083378e-03  4.5656975e-04]
 [ 4.7453077e-04  2.6829631e-04 -2.0786242e-03 -3.9215398e-04
   4.2804255e-04  4.4399028e-04]
 [ 5.6891848e-04  3.4019147e-04 -1.7226838e-03 -3.6588180e-04
   5.3179014e-04  3.8866713e-04]] 
Episode: 112: [[ 2.0360607e-03  1.9101509e-04 -3.9791865e-03 -2.1382289e-04
  -9.0782403e-04  2.7279547e-04]
 [ 1.0122001e-03  1.3999110e-04 -3.8000466e-03 -5.1576452e-04
  -9.4677147e-04  4.3197905e-04]
 [ 5.9448241e-04  8.9876114e-05 -3.0830456e-03 -5.1167357e-04
  -1.0083833e-03  4.5649227e-04]
 [ 4.7625331e-04  2.6836808e-04 -2.0964420e-03 -3.9207836e-04
   4.2802907e-04  4.4395143e-04]
 [ 5.6993531e-04  3.4023813e-04 -1.7357705e-03 -3.6577656e-04
   5.3178996e-04  3.8864021e-04]] 
Episode: 113: [[ 2.0571554e-03  1.9068910e-04 -4.0086140e-03 -2.0225278e-04
  -9.0783089e-04  2.7204287e-04]
 [ 1.0191005e-03  1.4025878e-04 -3.8395403e-03 -5.1585236e-04
  -9.4681972e-04  4.3183562e-04]
 [ 5.9797382e-04  9.0019828e-05 -3.1131567e-03 -5.1170995e-04
  -1.0084233e-03  4.5641040e-04]
 [ 4.7785754e-04  2.6843449e-04 -2.1133320e-03 -3.9203637e-04
   4.2801737e-04  4.4391045e-04]
 [ 5.7088217e-04  3.4028137e-04 -1.7481856e-03 -3.6570002e-04
   5.3178990e-04  3.8861184e-04]] 
Episode: 114: [[ 2.0774598e-03  1.9038825e-04 -4.0342938e-03 -1.9176080e-04
  -9.0783444e-04  2.7125722e-04]
 [ 1.0256604e-03  1.4049803e-04 -3.8748162e-03 -5.1593286e-04
  -9.4686204e-04  4.3168056e-04]
 [ 6.0127827e-04  9.0148591e-05 -3.1401031e-03 -5.1174249e-04
  -1.0084583e-03  4.5632329e-04]
 [ 4.7937376e-04  2.6849401e-04 -2.1284539e-03 -3.9199789e-04
   4.2800722e-04  4.4386697e-04]
 [ 5.7177665e-04  3.4032017e-04 -1.7593019e-03 -3.6563032e-04
   5.3178990e-04  3.8858177e-04]] 
Episode: 115: [[ 2.0992749e-03  1.9015571e-04 -4.0631876e-03 -1.8106910e-04
  -9.0784556e-04  2.7046772e-04]
 [ 1.0323426e-03  1.4074828e-04 -3.9115781e-03 -5.1611447e-04
  -9.4690605e-04  4.3153006e-04]
 [ 6.0464459e-04  9.0282003e-05 -3.1682637e-03 -5.1183946e-04
  -1.0084945e-03  4.5623753e-04]
 [ 4.8092115e-04  2.6855568e-04 -2.1442948e-03 -3.9199556e-04
   4.2799630e-04  4.4382384e-04]
 [ 5.7269208e-04  3.4036039e-04 -1.7709704e-03 -3.6558407e-04
   5.3178956e-04  3.8855171e-04]] 
Episode: 116: [[ 2.1219812e-03  1.9000715e-04 -4.0884558e-03 -1.6995476e-04
  -9.0785732e-04  2.6969294e-04]
 [ 1.0392201e-03  1.4102372e-04 -3.9508604e-03 -5.1639613e-04
  -9.4695279e-04  4.3139345e-04]
 [ 6.0811703e-04  9.0428686e-05 -3.1986223e-03 -5.1199651e-04
  -1.0085328e-03  4.5615903e-04]
 [ 4.8252061e-04  2.6862379e-04 -2.1614179e-03 -3.9202344e-04
   4.2798434e-04  4.4378405e-04]
 [ 5.7364028e-04  3.4040507e-04 -1.7835706e-03 -3.6555564e-04
   5.3178886e-04  3.8852377e-04]] 
Episode: 117: [[ 2.1462149e-03  1.8986504e-04 -4.1093943e-03 -1.5621846e-04
  -9.0788241e-04  2.6885574e-04]
 [ 1.0467636e-03  1.4146038e-04 -3.9980006e-03 -5.1709992e-04
  -9.4702409e-04  4.3124953e-04]
 [ 6.1194104e-04  9.0661997e-05 -3.2354624e-03 -5.1240355e-04
  -1.0085910e-03  4.5607449e-04]
 [ 4.8428634e-04  2.6873263e-04 -2.1823049e-03 -3.9217094e-04
   4.2796461e-04  4.4374052e-04]
 [ 5.7468819e-04  3.4047678e-04 -1.7989273e-03 -3.6559548e-04
   5.3178659e-04  3.8849289e-04]] 
Episode: 118: [[ 2.1696861e-03  1.8976876e-04 -4.1342881e-03 -1.4370648e-04
  -9.0790313e-04  2.6795830e-04]
 [ 1.0539100e-03  1.4186182e-04 -4.0429626e-03 -5.1775359e-04
  -9.4708771e-04  4.3109362e-04]
 [ 6.1555352e-04  9.0876449e-05 -3.2704328e-03 -5.1277864e-04
  -1.0086430e-03  4.5598423e-04]
 [ 4.8595326e-04  2.6883275e-04 -2.2021229e-03 -3.9230724e-04
   4.2794706e-04  4.4369424e-04]
 [ 5.7567761e-04  3.4054279e-04 -1.8135172e-03 -3.6563294e-04
   5.3178461e-04  3.8846012e-04]] 
Episode: 119: [[ 2.1927718e-03  1.8964682e-04 -4.1655772e-03 -1.3242630e-04
  -9.0791954e-04  2.6705256e-04]
 [ 1.0607160e-03  1.4222188e-04 -4.0866924e-03 -5.1839318e-04
  -9.4714452e-04  4.3093716e-04]
 [ 6.1898684e-04  9.1068468e-05 -3.3043043e-03 -5.1314599e-04
  -1.0086892e-03  4.5589384e-04]
 [ 4.8753739e-04  2.6892227e-04 -2.2213270e-03 -3.9244586e-04
   4.2793146e-04  4.4364788e-04]
 [ 5.7661865e-04  3.4060169e-04 -1.8276932e-03 -3.6567735e-04
   5.3178286e-04  3.8842726e-04]] 
Episode: 120: [[ 2.2167854e-03  1.8949067e-04 -4.1858745e-03 -1.2042224e-04
  -9.0793864e-04  2.6615264e-04]
 [ 1.0679599e-03  1.4259738e-04 -4.1335491e-03 -5.1917729e-04
  -9.4720651e-04  4.3078273e-04]
 [ 6.2265422e-04  9.1267269e-05 -3.3407444e-03 -5.1359338e-04
  -1.0087396e-03  4.5580341e-04]
 [ 4.8923353e-04  2.6901456e-04 -2.2419724e-03 -3.9262080e-04
   4.2791411e-04  4.4360114e-04]
 [ 5.7762768e-04  3.4066229e-04 -1.8428563e-03 -3.6574205e-04
   5.3178065e-04  3.8839396e-04]] 
Episode: 121: [[ 2.24339915e-03  1.89784623e-04 -4.20367019e-03 -1.07021144e-04
  -9.07976588e-04  2.65174021e-04]
 [ 1.07584242e-03  1.43178229e-04 -4.18673363e-03 -5.20228466e-04
  -9.47295688e-04  4.30627464e-04]
 [ 6.26651803e-04  9.15760611e-05 -3.38229793e-03 -5.14189247e-04
  -1.00881164e-03  4.55710542e-04]
 [ 4.91086335e-04  2.69159762e-04 -2.26556882e-03 -3.92865477e-04
   4.27888444e-04  4.43552475e-04]
 [ 5.78732055e-04  3.40758881e-04 -1.86016096e-03 -3.65845946e-04
   5.31776808e-04  3.88358923e-04]] 
Episode: 122: [[ 2.2721610e-03  1.8952423e-04 -4.2072292e-03 -9.0510737e-05
  -9.0800039e-04  2.6409051e-04]
 [ 1.0852403e-03  1.4379162e-04 -4.2425389e-03 -5.2107614e-04
  -9.4742770e-04  4.3044752e-04]
 [ 6.3146657e-04  9.1900729e-05 -3.4260463e-03 -5.1463256e-04
  -1.0089192e-03  4.5560161e-04]
 [ 4.9332686e-04  2.6930909e-04 -2.2903769e-03 -3.9298512e-04
   4.2784968e-04  4.4349473e-04]
 [ 5.8006652e-04  3.4085696e-04 -1.8782591e-03 -3.6584699e-04
   5.3177046e-04  3.8831728e-04]] 
Episode: 123: [[ 2.3026159e-03  1.8972596e-04 -4.2060241e-03 -7.0788461e-05
  -9.0801227e-04  2.6295983e-04]
 [ 1.0958448e-03  1.4498644e-04 -4.3108193e-03 -5.2237784e-04
  -9.4762008e-04  4.3028439e-04]
 [ 6.3692243e-04  9.2543225e-05 -3.4800617e-03 -5.1529420e-04
  -1.0090770e-03  4.5550047e-04]
 [ 4.9586938e-04  2.6960924e-04 -2.3212472e-03 -3.9316600e-04
   4.2779229e-04  4.4343987e-04]
 [ 5.8158004e-04  3.4105641e-04 -1.9008259e-03 -3.6586629e-04
   5.3176057e-04  3.8827720e-04]] 
Episode: 124: [[ 2.3351270e-03  1.8934259e-04 -4.1991444e-03 -4.7524100e-05
  -9.0800738e-04  2.6175237e-04]
 [ 1.1085318e-03  1.4636654e-04 -4.3834262e-03 -5.2273175e-04
  -9.4791478e-04  4.3009646e-04]
 [ 6.4353825e-04  9.3290219e-05 -3.5376153e-03 -5.1532633e-04
  -1.0093219e-03  4.5538144e-04]
 [ 4.9896614e-04  2.6995235e-04 -2.3541641e-03 -3.9291833e-04
   4.2770326e-04  4.4337413e-04]
 [ 5.8342062e-04  3.4128316e-04 -1.9248765e-03 -3.6556862e-04
   5.3174474e-04  3.8822921e-04]] 
Episode: 125: [[ 2.3691920e-03  1.8949623e-04 -4.2065983e-03 -2.5483128e-05
  -9.0800872e-04  2.6043490e-04]
 [ 1.1207197e-03  1.4770839e-04 -4.4543366e-03 -5.2308291e-04
  -9.4818563e-04  4.2991663e-04]
 [ 6.4988015e-04  9.4015777e-05 -3.5938451e-03 -5.1536184e-04
  -1.0095466e-03  4.5526607e-04]
 [ 5.0193717e-04  2.7028730e-04 -2.3864247e-03 -3.9269050e-04
   4.2762153e-04  4.4330989e-04]
 [ 5.8519095e-04  3.4150566e-04 -1.9485555e-03 -3.6529088e-04
   5.3173018e-04  3.8818180e-04]] 
Episode: 126: [[ 2.4035003e-03  1.8991111e-04 -4.2034485e-03 -5.3751228e-06
  -9.0801885e-04  2.5917840e-04]
 [ 1.1334870e-03  1.4917801e-04 -4.5299092e-03 -5.2403746e-04
  -9.4846892e-04  4.2974876e-04]
 [ 6.5652584e-04  9.4808434e-05 -3.6537533e-03 -5.1572308e-04
  -1.0097817e-03  4.5515614e-04]
 [ 5.0505268e-04  2.7065503e-04 -2.4208219e-03 -3.9263431e-04
   4.2753571e-04  4.4324811e-04]
 [ 5.8704824e-04  3.4175074e-04 -1.9737680e-03 -3.6513573e-04
   5.3171476e-04  3.8813605e-04]] 
Episode: 127: [[ 2.4398153e-03  1.9080295e-04 -4.1932967e-03  1.5355141e-05
  -9.0804556e-04  2.5796593e-04]
 [ 1.1481940e-03  1.5130472e-04 -4.6156757e-03 -5.2566826e-04
  -9.4886910e-04  4.2961686e-04]
 [ 6.6420902e-04  9.5967174e-05 -3.7220232e-03 -5.1641918e-04
  -1.0101146e-03  4.5506234e-04]
 [ 5.0865958e-04  2.7119595e-04 -2.4602388e-03 -3.9268821e-04
   4.2741396e-04  4.4319258e-04]
 [ 5.8919669e-04  3.4211308e-04 -2.0027184e-03 -3.6504079e-04
   5.3169258e-04  3.8809419e-04]] 
Episode: 128: [[ 2.4736628e-03  1.9158554e-04 -4.1858261e-03  3.4055629e-05
  -9.0807170e-04  2.5690231e-04]
 [ 1.1618168e-03  1.5322049e-04 -4.6941387e-03 -5.2715564e-04
  -9.4923191e-04  4.2950609e-04]
 [ 6.7129545e-04  9.7011376e-05 -3.7843466e-03 -5.1705557e-04
  -1.0104162e-03  4.5498169e-04]
 [ 5.1198114e-04  2.7168341e-04 -2.4962039e-03 -3.9274085e-04
   4.2730363e-04  4.4314438e-04]
 [ 5.9117359e-04  3.4243963e-04 -2.0291321e-03 -3.6495773e-04
   5.3167250e-04  3.8805773e-04]] 
Episode: 129: [[ 2.5077467e-03  1.9238713e-04 -4.1707377e-03  4.9865179e-05
  -9.0810133e-04  2.5582814e-04]
 [ 1.1752556e-03  1.5501124e-04 -4.7726585e-03 -5.2868132e-04
  -9.4957091e-04  4.2938656e-04]
 [ 6.7827589e-04  9.7985270e-05 -3.8467115e-03 -5.1771599e-04
  -1.0106976e-03  4.5489630e-04]
 [ 5.1525480e-04  2.7213816e-04 -2.5321867e-03 -3.9282840e-04
   4.2720058e-04  4.4309392e-04]
 [ 5.9312442e-04  3.4274432e-04 -2.0555058e-03 -3.6491349e-04
   5.3165370e-04  3.8801963e-04]] 
Episode: 130: [[ 2.5455037e-03  1.9343398e-04 -4.1307257e-03  6.2998239e-05
  -9.0814364e-04  2.5468657e-04]
 [ 1.1909208e-03  1.5716995e-04 -4.8659504e-03 -5.3121359e-04
  -9.4996265e-04  4.2923909e-04]
 [ 6.8639359e-04  9.9150493e-05 -3.9209863e-03 -5.1884539e-04
  -1.0110212e-03  4.5479080e-04]
 [ 5.1906239e-04  2.7268313e-04 -2.5752448e-03 -3.9311877e-04
   4.2708177e-04  4.4303184e-04]
 [ 5.9539411e-04  3.4311000e-04 -2.0870036e-03 -3.6500645e-04
   5.3163193e-04  3.8797315e-04]] 
Episode: 131: [[ 2.58052233e-03  1.94368578e-04 -4.09514736e-03  7.48422535e-05
  -9.08185611e-04  2.53719481e-04]
 [ 1.20535318e-03  1.59116782e-04 -4.95065050e-03 -5.33513899e-04
  -9.50318878e-04  4.29123640e-04]
 [ 6.93849172e-04  1.00201665e-04 -3.98835959e-03 -5.19872177e-04
  -1.01131527e-03  4.54704044e-04]
 [ 5.22555376e-04  2.73174781e-04 -2.61429301e-03 -3.93384456e-04
   4.26973798e-04  4.42979857e-04]
 [ 5.97475097e-04  3.43439926e-04 -2.11556675e-03 -3.65092681e-04
   5.31612139e-04  3.87933891e-04]] 
Episode: 132: [[ 2.61545228e-03  1.95200380e-04 -4.07839427e-03  8.54536411e-05
  -9.08222981e-04  2.52604368e-04]
 [ 1.21886446e-03  1.60883763e-04 -5.03143342e-03 -5.35617466e-04
  -9.50640941e-04  4.28996544e-04]
 [ 7.00817502e-04  1.01154976e-04 -4.05250350e-03 -5.20812406e-04
  -1.01158104e-03  4.54612047e-04]
 [ 5.25821699e-04  2.73620506e-04 -2.65155989e-03 -3.93630733e-04
   4.26876242e-04  4.42925462e-04]
 [ 5.99423831e-04  3.43738910e-04 -2.14293972e-03 -3.65175045e-04
   5.31594269e-04  3.87892796e-04]] 
Episode: 133: [[ 2.6486563e-03  1.9615906e-04 -4.0737977e-03  9.5963762e-05
  -9.0825063e-04  2.5134184e-04]
 [ 1.2313923e-03  1.6251736e-04 -5.1081148e-03 -5.3732889e-04
  -9.5093000e-04  4.2883720e-04]
 [ 7.0726324e-04  1.0203550e-04 -4.1131107e-03 -5.2155356e-04
  -1.0118196e-03  4.5450544e-04]
 [ 5.2884134e-04  2.7403259e-04 -2.6867799e-03 -3.9379124e-04
   4.2678876e-04  4.4286446e-04]
 [ 6.0122547e-04  3.4401563e-04 -2.1688556e-03 -3.6520447e-04
   5.3157826e-04  3.8784731e-04]] 
Episode: 134: [[ 0.00268899  0.0001976  -0.00410117  0.0001006  -0.00090831  0.00024952]
 [ 0.00124456  0.00016413 -0.0051946  -0.00053927 -0.00095122  0.00042864]
 [ 0.00071401  0.0001029  -0.00418195 -0.00052247 -0.00101206  0.00045437]
 [ 0.00053201  0.00027444 -0.00272731 -0.00039409  0.0004267   0.00044279]
 [ 0.00060313  0.00034429 -0.00219901 -0.00036536  0.00053156  0.00038779]] 
Episode: 135: [[ 0.00273069  0.00019956 -0.00413798  0.00010316 -0.00090838  0.00024763]
 [ 0.00125752  0.00016576 -0.00528499 -0.00054113 -0.00095149  0.00042843]
 [ 0.00072064  0.00010378 -0.00425401 -0.00052335 -0.00101228  0.00045423]
 [ 0.00053513  0.00027485 -0.00276993 -0.00039439  0.00042662  0.00044271]
 [ 0.000605    0.00034457 -0.0022308  -0.00036552  0.00053155  0.00038773]] 
Episode: 136: [[ 0.00277555  0.00020148 -0.0041726   0.00011217 -0.00090836  0.0002455 ]
 [ 0.00127447  0.00016866 -0.00540126 -0.00054142 -0.00095194  0.0004281 ]
 [ 0.00072946  0.00010542 -0.00435064 -0.00052316 -0.00101266  0.00045402]
 [ 0.00053929  0.00027563 -0.00282919 -0.00039385  0.00042648  0.00044259]
 [ 0.00060749  0.0003451  -0.00227555 -0.00036504  0.00053152  0.00038764]] 
Episode: 137: [[ 0.00282152  0.00020359 -0.00423261  0.00012181 -0.00090834  0.00024308]
 [ 0.00129072  0.00017138 -0.00551585 -0.00054135 -0.00095234  0.00042774]
 [ 0.00073788  0.00010695 -0.0044452  -0.0005228  -0.001013    0.0004538 ]
 [ 0.00054327  0.00027636 -0.00288727 -0.00039325  0.00042636  0.00044246]
 [ 0.00060987  0.00034559 -0.00231955 -0.00036452  0.0005315   0.00038755]] 
Episode: 138: [[ 0.00286403  0.00020558 -0.00428973  0.0001306  -0.00090832  0.00024081]
 [ 0.00130574  0.00017386 -0.00562102 -0.00054127 -0.0009527   0.00042739]
 [ 0.00074562  0.00010835 -0.00453175 -0.00052246 -0.0010133   0.00045358]
 [ 0.00054692  0.00027702 -0.00294039 -0.0003927   0.00042625  0.00044234]
 [ 0.00061206  0.00034604 -0.00235977 -0.00036405  0.00053148  0.00038746]] 
Episode: 139: [[ 0.00290823  0.00020834 -0.00432918  0.00013531 -0.00090831  0.00023857]
 [ 0.00132155  0.00017654 -0.00572796 -0.00054194 -0.0009531   0.00042704]
 [ 0.00075375  0.00010984 -0.0046195  -0.00052254 -0.00101364  0.00045337]
 [ 0.00055075  0.00027773 -0.00299421 -0.00039241  0.00042613  0.00044222]
 [ 0.00061435  0.00034652 -0.0024004  -0.00036377  0.00053146  0.00038737]] 
Episode: 140: [[ 0.00295585  0.00021127 -0.00441055  0.0001372  -0.00090831  0.00023585]
 [ 0.00133701  0.00017906 -0.00583897 -0.00054265 -0.00095347  0.00042666]
 [ 0.00076167  0.00011124 -0.00471036 -0.00052267 -0.00101394  0.00045313]
 [ 0.00055448  0.0002784  -0.00305042 -0.00039218  0.00042602  0.00044209]
 [ 0.0006166   0.00034698 -0.00244323 -0.00036354  0.00053144  0.00038727]] 
Episode: 141: [[ 0.00300267  0.00021222 -0.00449288  0.00014887 -0.00090814  0.00023278]
 [ 0.00135471  0.00018093 -0.00595375 -0.00053734 -0.00095366  0.00042599]
 [ 0.00077112  0.00011241 -0.00480711 -0.00051911 -0.00101413  0.00045273]
 [ 0.00055901  0.00027897 -0.00311141 -0.00038976  0.00042595  0.00044187]
 [ 0.00061931  0.00034736 -0.00248986 -0.00036177  0.00053142  0.00038712]] 
Episode: 142: [[ 0.0030465   0.00021006 -0.00457152  0.0001608  -0.0009077   0.00023027]
 [ 0.00137463  0.00017995 -0.00606669 -0.00053051 -0.00095265  0.00042544]
 [ 0.00078502  0.00011195 -0.00491711 -0.00051329 -0.00101319  0.00045229]
 [ 0.0005679   0.00027904 -0.00319591 -0.00038542  0.00042605  0.00044157]
 [ 0.00062455  0.00034743 -0.00255539 -0.00035869  0.00053144  0.0003869 ]] 
Episode: 143: [[ 0.0030919   0.0002085  -0.00465399  0.00016895 -0.00090731  0.00022756]
 [ 0.00139331  0.00017911 -0.00617345 -0.00052433 -0.00095173  0.00042493]
 [ 0.00079792  0.00011155 -0.00502034 -0.00050804 -0.00101233  0.00045187]
 [ 0.00057611  0.00027911 -0.00327474 -0.00038152  0.00042614  0.00044129]
 [ 0.00062939  0.0003475  -0.00261662 -0.00035594  0.00053146  0.00038671]] 
Episode: 144: [[ 0.00313834  0.00020838 -0.00471773  0.00017157 -0.00090696  0.00022494]
 [ 0.00141246  0.00017892 -0.00628442 -0.00051971 -0.00095097  0.00042443]
 [ 0.00081073  0.0001115  -0.0051247  -0.00050379 -0.00101161  0.00045147]
 [ 0.00058407  0.00027933 -0.00335268 -0.00037826  0.00042621  0.00044102]
 [ 0.0006341   0.00034766 -0.00267702 -0.00035365  0.00053147  0.00038652]] 
Episode: 145: [[ 0.00318684  0.00020951 -0.00475679  0.00016922 -0.00090664  0.00022266]
 [ 0.00143354  0.00017965 -0.00639748 -0.00051733 -0.00095045  0.00042404]
 [ 0.00082419  0.00011192 -0.00522817 -0.00050093 -0.0010111   0.00045114]
 [ 0.00059216  0.00027975 -0.00342826 -0.00037581  0.00042621  0.00044079]
 [ 0.00063889  0.00034797 -0.00273536 -0.00035193  0.00053147  0.00038635]] 
Episode: 146: [[ 0.00323705  0.0002114  -0.00480475  0.00016243 -0.00090636  0.00022019]
 [ 0.00145357  0.00018049 -0.00651054 -0.00051498 -0.00094998  0.00042368]
 [ 0.00083686  0.00011239 -0.00533045 -0.00049822 -0.00101064  0.00045082]
 [ 0.00059972  0.00028018 -0.00350215 -0.00037354  0.00042622  0.00044057]
 [ 0.00064338  0.00034828 -0.00279248 -0.00035036  0.00053147  0.00038619]] 
Episode: 147: [[ 0.0032874   0.00021383 -0.00483901  0.00015155 -0.00090612  0.00021778]
 [ 0.00147402  0.00018161 -0.00662263 -0.00051392 -0.00094963  0.0004233 ]
 [ 0.00084948  0.00011301 -0.00543014 -0.00049637 -0.00101028  0.00045051]
 [ 0.00060711  0.00028065 -0.00357319 -0.00037184  0.0004262   0.00044036]
 [ 0.00064777  0.00034862 -0.00284729 -0.00034919  0.00053146  0.00038604]] 
Episode: 148: [[ 0.00334141  0.00021753 -0.00485454  0.00013867 -0.00090595  0.00021493]
 [ 0.00149476  0.00018312 -0.00673661 -0.00051289 -0.0009494   0.00042288]
 [ 0.00086201  0.00011382 -0.00553014 -0.0004946  -0.00101003  0.00045017]
 [ 0.00061434  0.00028121 -0.00364334 -0.00037021  0.00042616  0.00044013]
 [ 0.00065207  0.00034902 -0.00290119 -0.0003481   0.00053145  0.00038588]] 
Episode: 149: [[ 0.00339556  0.00022188 -0.00486199  0.00012278 -0.0009058   0.000212  ]
 [ 0.00151482  0.0001848  -0.00685236 -0.00051216 -0.00094921  0.00042245]
 [ 0.00087399  0.00011472 -0.00563055 -0.00049311 -0.00100981  0.00044984]
 [ 0.00062118  0.0002818  -0.00371295 -0.00036882  0.00042612  0.00043991]
 [ 0.00065616  0.00034943 -0.00295462 -0.00034717  0.00053145  0.00038572]] 
Episode: 150: [[ 0.00345034  0.00022745 -0.00485966  0.00010266 -0.00090571  0.0002091 ]
 [ 0.00153598  0.00018721 -0.00697145 -0.0005135  -0.00094916  0.000422  ]
 [ 0.00088632  0.000116   -0.00573209 -0.0004929  -0.00100971  0.00044949]
 [ 0.00062808  0.00028256 -0.00378234 -0.00036821  0.00042604  0.00043969]
 [ 0.00066028  0.00034996 -0.00300783 -0.00034681  0.00053143  0.00038555]] 
Episode: 151: [[ 3.5041892e-03  2.3288114e-04 -4.8696552e-03  8.4747517e-05
  -9.0561889e-04  2.0588271e-04]
 [ 1.5557577e-03  1.8946112e-04 -7.0830979e-03 -5.1465293e-04
  -9.4912067e-04  4.2151703e-04]
 [ 8.9777156e-04  1.1719249e-04 -5.8268835e-03 -4.9268646e-04
  -1.0096254e-03  4.4913849e-04]
 [ 6.3447037e-04  2.8325763e-04 -3.8469918e-03 -3.6763240e-04
   4.2597656e-04  4.3946246e-04]
 [ 6.6409650e-04  3.5045898e-04 -3.0574831e-03 -3.4646134e-04
   5.3141813e-04  3.8538832e-04]] 
Episode: 152: [[ 3.5641443e-03  2.3968608e-04 -4.8669265e-03  6.3065687e-05
  -9.0554799e-04  2.0195349e-04]
 [ 1.5764394e-03  1.9244717e-04 -7.2130156e-03 -5.1636907e-04
  -9.4913942e-04  4.2098682e-04]
 [ 9.0953073e-04  1.1875717e-04 -5.9367730e-03 -4.9283844e-04
  -1.0095874e-03  4.4875976e-04]
 [ 6.4093299e-04  2.8412923e-04 -3.9212722e-03 -3.6729363e-04
   4.2590054e-04  4.3922343e-04]
 [ 6.6797144e-04  3.5106836e-04 -3.1146391e-03 -3.4629303e-04
   5.3140341e-04  3.8521219e-04]] 
Episode: 153: [[ 3.62479687e-03  2.46272975e-04 -4.90052905e-03  4.22798294e-05
  -9.05462774e-04  1.97619345e-04]
 [ 1.59593741e-03  1.95239336e-04 -7.34016765e-03 -5.18022804e-04
  -9.49151232e-04  4.20438271e-04]
 [ 9.20555729e-04  1.20217905e-04 -6.04397524e-03 -4.93038446e-04
  -1.00954878e-03  4.48378094e-04]
 [ 6.46971865e-04  2.84939684e-04 -3.99379013e-03 -3.67026427e-04
   4.25833743e-04  4.38985240e-04]
 [ 6.71598886e-04  3.51634837e-04 -3.17077572e-03 -3.46171728e-04
   5.31390484e-04  3.85036168e-04]] 
Episode: 154: [[ 3.6823056e-03  2.5214240e-04 -4.9461615e-03  2.2674485e-05
  -9.0537907e-04  1.9323835e-04]
 [ 1.6139972e-03  1.9777488e-04 -7.4596647e-03 -5.1970565e-04
  -9.4915956e-04  4.1988777e-04]
 [ 9.3072432e-04  1.2154248e-04 -6.1443918e-03 -4.9332448e-04
  -1.0095120e-03  4.4800367e-04]
 [ 6.5252668e-04  2.8567339e-04 -4.0616640e-03 -3.6684534e-04
   4.2577417e-04  4.3875416e-04]
 [ 6.7493669e-04  3.5214721e-04 -3.2234213e-03 -3.4610560e-04
   5.3137896e-04  3.8486550e-04]] 
Episode: 155: [[ 3.7418925e-03  2.5826908e-04 -4.9719205e-03  4.1974349e-06
  -9.0531941e-04  1.8851242e-04]
 [ 1.6319014e-03  2.0038693e-04 -7.5823376e-03 -5.2162068e-04
  -9.4919984e-04  4.1932860e-04]
 [ 9.4070093e-04  1.2290003e-04 -6.2467465e-03 -4.9377972e-04
  -1.0095034e-03  4.4762480e-04]
 [ 6.5793708e-04  2.8641438e-04 -4.1302331e-03 -3.6677587e-04
   4.2571116e-04  4.3852016e-04]
 [ 6.7819620e-04  3.5266389e-04 -3.2764152e-03 -3.4610997e-04
   5.3136685e-04  3.8469138e-04]] 
Episode: 156: [[ 3.8023966e-03  2.6248817e-04 -4.9917912e-03  4.9324999e-06
  -9.0513058e-04  1.8317370e-04]
 [ 1.6526065e-03  2.0376401e-04 -7.7119046e-03 -5.1834073e-04
  -9.4952562e-04  4.1847007e-04]
 [ 9.5220318e-04  1.2478666e-04 -6.3574640e-03 -4.9099640e-04
  -1.0097498e-03  4.4706967e-04]
 [ 6.6404085e-04  2.8739427e-04 -4.2046830e-03 -3.6456645e-04
   4.2556506e-04  4.3818934e-04]
 [ 6.8186538e-04  3.5333741e-04 -3.3341905e-03 -3.4450984e-04
   5.3133932e-04  3.8444815e-04]] 
Episode: 157: [[ 3.8650765e-03  2.6721507e-04 -5.0020176e-03  8.0673395e-08
  -9.0497034e-04  1.7736452e-04]
 [ 1.6727791e-03  2.0714056e-04 -7.8425510e-03 -5.1602628e-04
  -9.4984629e-04  4.1764393e-04]
 [ 9.6332363e-04  1.2665424e-04 -6.4682085e-03 -4.8888382e-04
  -1.0099919e-03  4.4653242e-04]
 [ 6.6992117e-04  2.8835965e-04 -4.2787762e-03 -3.6283358e-04
   4.2542591e-04  4.3786629e-04]
 [ 6.8541011e-04  3.5400144e-04 -3.3916000e-03 -3.4327604e-04
   5.3131313e-04  3.8420834e-04]] 
Episode: 158: [[ 3.9255293e-03  2.7050416e-04 -5.0180368e-03  1.1558458e-05
  -9.0465375e-04  1.7148563e-04]
 [ 1.6938013e-03  2.1086467e-04 -7.9786014e-03 -5.0905294e-04
  -9.5022953e-04  4.1670588e-04]
 [ 9.7492302e-04  1.2880063e-04 -6.5856166e-03 -4.8395895e-04
  -1.0103079e-03  4.4593721e-04]
 [ 6.7599962e-04  2.8945607e-04 -4.3580984e-03 -3.5929627e-04
   4.2526814e-04  4.3751270e-04]
 [ 6.8906904e-04  3.5475101e-04 -3.4534237e-03 -3.4069092e-04
   5.3128361e-04  3.8394710e-04]] 
Episode: 159: [[ 3.9828122e-03  2.7359140e-04 -5.0408798e-03  2.1446394e-05
  -9.0435433e-04  1.6581480e-04]
 [ 1.7132752e-03  2.1425639e-04 -8.1044380e-03 -5.0286757e-04
  -9.5057103e-04  4.1580305e-04]
 [ 9.8562206e-04  1.3075274e-04 -6.6938568e-03 -4.7957242e-04
  -1.0105898e-03  4.4537138e-04]
 [ 6.8159390e-04  2.9045279e-04 -4.4311755e-03 -3.5613647e-04
   4.2512707e-04  4.3717885e-04]
 [ 6.9243659e-04  3.5543239e-04 -3.5104139e-03 -3.3838119e-04
   5.3125725e-04  3.8370088e-04]] 
Episode: 160: [[ 4.0537994e-03  2.7814647e-04 -5.0884071e-03  3.9070990e-05
  -9.0406189e-04  1.5773665e-04]
 [ 1.7332282e-03  2.1815320e-04 -8.2361465e-03 -4.9764139e-04
  -9.5093518e-04  4.1493948e-04]
 [ 9.9650258e-04  1.3291881e-04 -6.8067228e-03 -4.7568235e-04
  -1.0108844e-03  4.4481139e-04]
 [ 6.8728736e-04  2.9154288e-04 -4.5077344e-03 -3.5321090e-04
   4.2498548e-04  4.3683566e-04]
 [ 6.9589244e-04  3.5617509e-04 -3.5704921e-03 -3.3618740e-04
   5.3123088e-04  3.8344032e-04]] 
Episode: 161: [[ 4.1204416e-03  2.8231720e-04 -5.1359693e-03  5.7346737e-05
  -9.0368302e-04  1.5020468e-04]
 [ 1.7541561e-03  2.2201508e-04 -8.3636995e-03 -4.9053668e-04
  -9.5113943e-04  4.1398368e-04]
 [ 1.0088542e-03  1.3556016e-04 -6.9216150e-03 -4.7046371e-04
  -1.0112661e-03  4.4417888e-04]
 [ 6.9401867e-04  2.9305660e-04 -4.5888089e-03 -3.4939178e-04
   4.2477768e-04  4.3644960e-04]
 [ 6.9994951e-04  3.5721334e-04 -3.6343113e-03 -3.3337501e-04
   5.3119025e-04  3.8315149e-04]] 
