86.330101 85.706741 83.750603 83.469193 84.560722 
86.749954 87.200592 86.899109 86.231194 82.168701 
85.591629 85.814255 84.862610 82.949593 83.030968 
86.624817 88.396347 88.473763 86.919708 76.937904 
86.778496 85.328659 86.721153 85.573044 78.809669 
86.845039 87.632889 87.369980 87.264313 74.145973 
86.496262 87.342659 86.861504 83.753929 74.945740 
87.678596 87.494583 86.433670 86.350174 78.376099 
86.979622 90.882874 90.399559 89.916580 73.201485 
84.732491 82.306778 83.102364 80.556053 83.125427 
87.673935 88.981575 88.731552 87.149353 74.308105 
86.634735 87.071732 86.284851 83.970306 79.882675 
87.156342 86.910088 86.359657 85.061813 78.331535 
86.453430 85.752396 86.372635 83.851784 82.786469 
86.552513 84.419121 84.652718 82.781876 79.719635 
87.210091 87.961800 86.347588 84.785919 78.009247 
86.650345 88.724426 88.624603 90.381706 78.275627 
86.368271 86.298576 87.968719 87.731209 80.749901 
86.128166 86.985603 87.079323 85.472137 78.002083 
87.700584 91.041878 90.752159 90.687996 79.977119 
