84.938156 86.582169 91.101860 85.837692 98.805618 0.000000 
95.388130 93.239311 98.127663 91.727295 94.587349 0.000000 
93.812538 92.895493 95.303169 81.619034 90.305794 0.000000 
92.300682 80.364655 80.336334 85.303207 106.073242 0.000000 
89.979309 83.858063 81.453781 101.361816 75.317696 0.000000 
88.085182 84.239250 95.440971 101.133499 92.801712 0.000000 
87.885117 80.786385 92.530624 94.324730 105.998909 0.019782 
87.470337 85.494125 94.424103 83.674408 96.506790 0.000000 
87.768417 87.432709 95.522118 96.489441 74.400253 0.000000 
92.700783 85.358307 90.409485 89.063850 107.567657 0.000000 
90.763786 95.319962 86.039650 80.167534 100.650993 0.019782 
88.641975 86.714653 85.383575 90.853836 99.265617 0.039565 
89.287247 89.585793 80.665657 88.514725 84.414299 0.000000 
86.823570 94.943947 92.354156 86.532822 102.447891 0.000000 
90.038322 89.392120 83.466644 85.352623 94.449440 0.027976 
88.260498 88.711479 86.837341 88.751930 74.385727 0.034264 
94.731606 88.706001 88.210411 105.313065 87.096878 0.019782 
84.543846 87.280525 77.707344 86.638832 90.397064 0.027976 
89.453545 94.262047 83.565056 83.314095 99.793999 0.000000 
92.044044 95.383896 89.681389 99.696762 93.278130 0.000000 
93.368439 91.880791 84.020714 98.926437 86.280685 0.019782 
88.622414 87.062035 95.196686 83.602699 78.831093 0.000000 
96.834862 96.059586 91.007484 78.898727 84.827049 0.000000 
90.093086 103.880844 96.231812 85.403198 92.003349 0.000000 
97.626518 84.490616 78.707802 86.506325 86.897545 0.000000 
93.773468 101.319557 86.888130 87.279404 88.072647 0.000000 
84.772301 96.484695 90.157990 103.063934 86.732079 0.000000 
91.436943 99.250290 93.377747 89.266518 85.281967 0.019782 
88.962677 93.272461 86.644402 84.924873 90.210289 0.000000 
92.064163 86.922577 100.195053 70.540840 93.835426 0.019782 
84.970467 96.254814 89.033722 89.186348 91.670708 0.000000 
89.047249 88.596107 85.214584 91.363838 92.479103 0.000000 
87.017746 92.063873 87.182808 95.299294 98.529594 0.000000 
80.254242 93.599258 102.289017 97.583893 84.716759 0.019782 
91.212959 95.117210 92.427589 93.334167 84.692741 0.027976 
86.611282 92.781120 86.723335 94.023354 89.167152 0.000000 
86.885208 75.848015 94.563881 83.893044 79.417648 0.000000 
90.592674 93.180038 90.410828 88.075287 87.919792 0.027976 
92.040291 88.555939 88.497597 96.909164 99.264320 0.019782 
91.934570 89.827057 93.808281 88.602043 92.901321 0.019782 
87.857071 103.923851 98.039841 89.424591 100.378304 0.034264 
86.721169 86.889183 88.574432 93.247444 90.509644 0.000000 
95.646095 90.200165 84.050667 93.465363 91.067581 0.000000 
95.007164 95.090141 91.660065 78.715775 108.024376 0.000000 
94.382874 95.108246 91.127655 87.822655 88.748322 0.000000 
89.131729 83.479424 82.962715 82.020988 92.074104 0.019782 
88.378670 87.573685 89.828568 86.575760 89.283363 0.019782 
90.883430 85.913300 90.855499 85.888802 88.220764 0.034264 
86.541985 84.904129 88.616524 94.464188 84.116310 0.000000 
96.606308 88.160004 82.907883 88.713409 98.634537 0.027976 
93.566368 92.580101 90.384697 90.889313 94.612419 0.027976 
92.181931 90.965149 97.573860 94.605080 104.780434 0.000000 
87.738617 94.481514 88.378975 85.466667 93.578499 0.000000 
87.167328 91.022720 75.478821 91.499893 90.120316 0.000000 
90.210747 85.375092 94.078102 97.319038 79.306625 0.019782 
89.102409 87.794884 91.999084 97.803368 98.298790 0.000000 
88.043755 88.747925 95.129288 81.743874 84.972710 0.027976 
87.429077 93.973358 89.825386 101.579834 93.443077 0.000000 
88.687378 85.213280 89.449806 81.684402 77.985558 0.027976 
87.786072 90.635414 89.704460 90.193298 86.631905 0.019782 
86.963593 84.850410 90.556595 88.836647 89.868279 0.019782 
84.859673 85.461769 87.218636 98.627937 87.336357 0.000000 
88.966553 88.798767 90.198189 101.322990 75.328018 0.019782 
87.946457 90.476753 91.317230 87.222084 87.517403 0.000000 
88.435860 87.568382 91.255119 76.941467 87.788269 0.000000 
91.030777 84.470551 87.998955 85.419655 104.115341 0.019782 
87.399055 84.101074 89.521210 92.137665 100.337494 0.000000 
93.847092 81.200996 88.424652 87.158783 100.031654 0.000000 
91.060295 94.037788 92.453751 91.042152 92.012138 0.019782 
91.135979 87.867447 88.059219 74.258499 105.201744 0.000000 
94.885773 87.151588 91.840210 98.053719 88.696480 0.000000 
89.456520 89.029579 93.930031 88.557190 89.524940 0.000000 
84.174164 95.291588 86.477882 91.570641 86.992500 0.000000 
89.102684 86.266647 91.953690 88.833878 99.423752 0.019782 
88.300941 85.300896 90.685226 87.583206 96.824959 0.000000 
93.176086 89.334099 102.251518 77.032875 93.665718 0.000000 
87.896080 96.121574 93.467781 90.358154 98.646782 0.034264 
92.746033 80.528168 94.104622 90.087738 94.231377 0.000000 
92.026405 84.414803 83.543892 95.975807 88.409874 0.000000 
90.852821 92.857307 89.915321 86.349686 94.540665 0.000000 
87.981117 86.237411 87.862541 88.908478 88.412315 0.000000 
86.228706 82.664780 83.892586 102.926697 100.599220 0.000000 
89.242798 89.802650 101.392242 103.560883 82.366722 0.027976 
90.578560 88.795120 89.294907 90.891167 80.304810 0.000000 
88.999191 89.503044 93.963356 86.720779 89.056458 0.000000 
90.404503 89.332092 91.649010 83.405609 87.168961 0.000000 
90.288635 99.356895 93.727509 101.664955 90.173981 0.000000 
90.706367 85.340179 89.906105 87.730247 83.671318 0.000000 
89.660477 94.970825 88.765472 96.247276 89.568550 0.000000 
85.352951 91.940353 89.410957 81.016045 91.193085 0.000000 
88.854240 97.410774 86.410423 100.917557 91.642128 0.027976 
89.803551 87.959671 82.621414 100.204208 87.914520 0.027976 
90.330643 87.402534 94.054596 87.759033 103.332817 0.019782 
88.317047 88.339691 87.209145 95.284225 102.810104 0.019782 
93.564468 87.868057 92.947990 94.664879 98.329292 0.027976 
90.465874 91.642265 85.498093 83.424438 84.244621 0.000000 
87.434654 85.471619 87.398659 96.910225 80.847649 0.019782 
94.800392 89.094360 89.037834 91.083374 97.857422 0.000000 
86.913551 95.191223 100.562851 98.951210 86.574333 0.019782 
92.330231 88.628052 80.668648 92.449188 93.613510 0.000000 
88.470146 92.471321 93.077942 94.378799 79.385864 0.000000 
87.255585 95.130356 88.990723 92.680092 96.255333 0.000000 
92.338669 88.922432 87.765076 84.408333 72.258812 0.027976 
89.802124 90.015976 81.926109 93.123520 86.438927 0.000000 
93.545128 87.992729 78.494049 87.414207 77.862961 0.019782 
90.826393 93.792458 85.440071 108.594048 87.518509 0.027976 
82.622849 82.823647 86.608574 84.234886 88.680717 0.000000 
83.687096 87.338631 89.955338 82.502129 91.292931 0.000000 
89.623955 83.428581 91.626183 106.005737 87.667236 0.027976 
94.053635 96.100632 93.380486 94.695801 103.303200 0.000000 
92.761292 94.567795 88.473892 100.359863 91.147545 0.027976 
92.319153 105.065193 82.022530 79.862404 107.381622 0.034264 
96.802269 83.296150 90.044090 92.543701 84.788643 0.000000 
86.214951 88.579224 96.544083 97.165848 86.937393 0.000000 
93.126228 92.116203 94.104187 92.273125 90.912941 0.019782 
89.862762 84.951569 85.545631 81.813110 91.628983 0.000000 
85.228821 87.958000 88.055099 87.666695 80.427277 0.000000 
90.896065 90.588844 91.466248 77.740288 85.825951 0.000000 
94.225510 88.137787 98.817062 95.731895 89.197617 0.000000 
94.623917 96.155365 85.749420 88.368561 89.821960 0.027976 
87.685532 94.740219 87.157303 87.230621 82.412422 0.019782 
90.007874 93.645683 97.392494 76.964684 100.732574 0.027976 
94.150375 88.362106 89.913010 87.277122 82.900177 0.000000 
92.375343 90.355919 84.736015 81.163361 81.090942 0.000000 
91.759377 95.670563 96.538681 84.426437 102.224838 0.000000 
92.275894 86.944923 93.274063 84.084671 93.890846 0.000000 
89.127151 88.465775 82.386803 84.543472 83.353470 0.000000 
88.442238 83.771431 84.606102 91.368744 80.680267 0.000000 
86.762337 90.757179 84.766647 86.144836 70.552811 0.019782 
90.062248 87.355431 78.275391 110.781372 89.405357 0.000000 
89.910919 87.901939 88.601585 96.238785 89.862335 0.000000 
88.619781 91.943916 89.085693 101.058289 86.543030 0.000000 
89.355537 84.973289 88.154358 93.654305 103.849075 0.019782 
85.072960 92.568130 88.373314 88.931892 82.693398 0.027976 
85.174355 96.062912 90.749619 92.572258 106.942268 0.039565 
87.051064 91.612541 89.077187 91.442230 91.989143 0.000000 
88.874352 80.595726 90.700356 77.228470 96.469765 0.000000 
81.587784 97.024841 94.073662 82.617859 84.062431 0.000000 
91.904503 89.656860 87.832153 94.116371 74.333122 0.000000 
92.420143 91.504547 92.664337 86.533180 87.837669 0.000000 
86.709908 88.599304 86.884705 90.956467 78.788284 0.000000 
94.617302 90.696999 92.809998 79.415565 93.607124 0.000000 
89.235153 89.146225 97.386993 88.507835 75.183411 0.000000 
83.366531 94.169052 85.813576 88.406830 86.456741 0.019782 
88.388268 89.372353 85.407639 89.589859 89.281120 0.027976 
88.982513 96.741325 89.333405 96.375397 99.719887 0.000000 
89.688225 92.311295 90.425865 88.302757 93.634239 0.000000 
88.243980 91.889679 86.396301 97.729225 85.594826 0.000000 
88.947014 88.590431 84.969345 82.831230 79.684776 0.000000 
90.840569 83.868622 86.956581 98.165543 98.962547 0.000000 
89.025833 105.284470 84.658073 91.395157 91.169708 0.019782 
85.663834 92.701424 96.517281 89.368866 92.871681 0.027976 
91.986076 88.207352 83.540245 89.779808 86.685486 0.000000 
84.850639 87.795753 87.747581 100.550812 93.022583 0.019782 
87.852951 84.287178 99.797157 92.253296 89.327614 0.019782 
91.343216 92.532356 92.462425 88.877739 88.537254 0.019782 
89.608376 88.198090 92.878929 84.251404 81.973930 0.000000 
89.875862 80.342606 93.145798 91.632797 84.193382 0.000000 
86.530640 90.874603 79.721512 91.338608 80.185928 0.000000 
87.610085 85.996620 90.434097 82.865715 78.674507 0.000000 
84.617722 92.552818 84.718208 76.498070 97.520782 0.000000 
94.517242 88.366714 85.442451 91.398529 81.835876 0.000000 
89.006706 90.029343 93.624298 85.433212 100.318153 0.000000 
90.509743 91.448303 87.623299 77.920433 84.631729 0.027976 
89.383469 94.423637 80.683319 87.737076 99.156723 0.019782 
94.963203 85.414520 90.668015 85.908501 104.909363 0.000000 
92.726631 93.680824 84.198997 81.206444 88.394470 0.019782 
86.906006 91.773239 93.580078 82.268425 86.060204 0.000000 
92.870354 84.721123 85.071404 92.087112 83.332718 0.000000 
88.864922 89.401947 97.070419 91.957642 92.496536 0.027976 
87.551041 76.791801 89.016693 94.209793 80.444984 0.000000 
97.502853 85.477303 91.641975 85.647415 104.568008 0.027976 
89.620712 86.515533 95.638252 88.941010 99.932259 0.027976 
88.864777 87.911438 96.751579 83.360062 95.693176 0.000000 
92.225159 90.371185 84.245964 99.811592 96.310013 0.034264 
89.083214 91.192253 100.594490 97.610374 74.355141 0.000000 
84.792030 99.468643 95.102875 94.394394 97.957581 0.000000 
91.749733 91.756798 89.977631 95.031555 74.916534 0.000000 
89.482262 99.078255 84.868767 83.701645 83.225014 0.019782 
89.696228 89.650642 92.471756 90.385727 97.585007 0.000000 
89.076736 102.884338 94.744270 103.009178 95.615273 0.000000 
95.517365 102.463959 101.026299 82.714600 109.111000 0.034264 
88.030205 93.057785 91.473259 90.618965 98.756920 0.034264 
90.882530 86.066917 94.602486 87.310471 99.988548 0.000000 
90.251381 94.946373 89.025070 91.124008 96.897614 0.000000 
87.859467 81.555611 83.059860 107.561874 76.476685 0.000000 
90.518532 91.199570 86.749016 74.613976 88.528809 0.000000 
87.336067 86.047646 90.091187 90.996284 89.777237 0.000000 
84.857719 96.958763 90.784508 96.919655 90.182289 0.000000 
91.536781 93.594612 87.021156 89.935951 81.798508 0.000000 
89.071838 89.772293 89.177422 82.657860 99.052094 0.000000 
88.879807 97.137611 88.800575 90.702278 88.492691 0.000000 
92.198250 90.061783 88.732231 98.445168 84.006210 0.000000 
90.175919 91.826920 80.293045 95.585739 90.170517 0.000000 
89.974754 95.933189 87.980141 89.149734 90.281502 0.000000 
93.652092 86.302185 94.053719 87.076637 77.692413 0.019782 
93.397591 98.981995 93.969810 92.590637 94.851997 0.000000 
85.996941 87.193512 95.242798 98.273254 83.409996 0.019782 
90.526817 86.262230 87.769806 84.188248 85.196716 0.019782 
86.784515 90.366211 92.747749 91.555550 94.467461 0.000000 
97.127136 100.913315 84.563744 103.053543 97.588600 0.000000 
85.233978 95.348206 92.314674 94.265572 86.712845 0.000000 
90.415031 83.091805 92.183601 94.180428 75.546112 0.027976 
90.144547 88.171417 91.600098 86.748283 83.370018 0.000000 
89.170479 84.377823 80.280273 86.135948 81.981880 0.019782 
89.978722 86.959824 93.064430 104.488396 80.823807 0.000000 
86.813591 90.552589 91.523735 75.472015 92.738068 0.000000 
89.374786 95.476555 88.590202 85.879921 88.449928 0.000000 
88.392693 87.192009 90.158485 89.839569 108.160660 0.027976 
94.650612 86.105171 85.666534 94.153145 111.023880 0.019782 
89.110909 92.256332 96.816093 91.181564 92.558220 0.019782 
85.637672 90.826828 89.664864 90.205780 83.788277 0.000000 
86.959625 85.387711 87.904953 89.231102 100.878296 0.000000 
93.315910 84.067848 85.965424 85.436630 91.041931 0.034264 
86.353287 93.240166 90.620308 95.914062 99.147179 0.000000 
88.467125 73.899162 89.087509 77.145660 85.278931 0.000000 
89.587654 91.321869 93.555168 86.991241 91.301689 0.000000 
86.797806 86.081657 93.463623 89.949661 89.507828 0.027976 
83.740143 85.599106 94.439064 99.129639 100.697426 0.019782 
91.233040 84.592346 83.714951 91.301682 90.885841 0.000000 
85.149124 93.898972 101.351212 90.397781 84.292961 0.000000 
89.601341 91.474236 94.809479 82.775948 88.734085 0.019782 
90.662430 92.709198 89.090813 89.481705 103.329979 0.000000 
90.140671 90.176743 94.278229 101.013618 92.183174 0.000000 
85.992973 88.477837 91.762794 83.980789 96.477318 0.000000 
85.257698 88.608803 72.648415 96.579033 88.052246 0.000000 
89.890587 85.049904 96.382584 89.268456 89.187561 0.000000 
90.859749 96.004837 85.108940 92.989296 81.229378 0.027976 
90.420532 86.472351 85.695107 93.340546 91.560379 0.027976 
87.595840 83.931137 85.023979 72.783890 93.918724 0.000000 
90.551399 92.680389 83.070938 92.877190 97.664383 0.000000 
91.338348 90.089699 88.815575 83.152985 91.574692 0.019782 
98.220444 89.746132 105.299881 94.930519 74.679031 0.000000 
97.265038 76.769211 90.047951 86.512756 99.882141 0.000000 
90.496643 88.540588 91.504669 90.293381 89.270264 0.019782 
90.541382 74.537231 89.723808 87.531197 81.689285 0.027976 
87.010910 90.953743 89.736313 86.896370 112.232025 0.019782 
88.156082 88.592567 96.668732 87.943581 88.739319 0.019782 
87.444466 104.963486 86.632545 87.066116 94.379684 0.000000 
92.131767 94.627380 93.343224 94.419868 93.152405 0.019782 
90.562393 97.702812 83.226852 85.447968 80.157013 0.034264 
89.748894 84.264648 91.532936 96.955704 101.864227 0.027976 
91.938332 89.138084 93.394524 101.434036 76.605583 0.019782 
83.908302 86.405754 86.601791 94.176437 105.594627 0.000000 
89.959801 89.306656 98.798447 81.291374 90.499405 0.000000 
88.542336 84.016357 92.516823 84.929108 84.374039 0.000000 
91.157555 90.027847 93.270515 75.042114 98.699188 0.000000 
94.440163 100.037445 88.743164 93.336845 95.141434 0.000000 
92.399681 99.957527 91.270851 89.876205 89.648682 0.019782 
92.567520 86.640854 91.704102 84.637550 93.018959 0.000000 
91.033524 90.069107 97.619232 99.679749 87.642921 0.027976 
91.062531 89.437721 94.333069 91.806755 93.887161 0.000000 
87.021507 90.578636 85.299706 85.350960 93.062180 0.000000 
89.060173 87.710922 94.849442 89.366302 96.553871 0.039565 
88.568306 88.876472 95.486938 82.065216 88.624306 0.000000 
91.720863 91.449432 86.508713 101.928413 84.469780 0.000000 
90.555351 91.198227 92.061531 92.151894 114.317833 0.019782 
88.195000 84.199478 98.163628 93.763832 92.257240 0.000000 
93.537582 97.781952 90.092476 86.190414 90.942093 0.019782 
92.091415 99.802277 94.792168 97.512329 100.309334 0.000000 
88.275322 90.207260 82.336678 89.808182 102.123360 0.019782 
93.107986 77.987740 93.964279 83.902611 86.995483 0.027976 
87.453735 86.578209 92.753136 88.905769 87.001663 0.000000 
91.152023 88.818916 86.754326 77.301834 75.404045 0.000000 
91.270645 83.143372 91.607597 87.384262 83.519325 0.034264 
94.247261 88.827866 87.951469 83.254601 91.417259 0.019782 
89.301163 79.639145 88.999580 97.860146 94.667648 0.000000 
84.689270 88.263420 85.305428 90.361870 71.232765 0.019782 
88.515739 83.383453 79.944550 94.839195 89.050354 0.000000 
88.678070 88.347954 90.826454 85.374275 90.678467 0.027976 
91.589050 90.233284 100.719994 91.828529 73.276352 0.000000 
86.720207 86.181892 86.255791 90.103340 85.199783 0.000000 
90.897842 89.545380 86.909050 106.410294 87.766563 0.027976 
84.281425 85.316025 97.612419 95.996872 77.380295 0.000000 
91.243904 95.338646 91.215584 93.184090 88.256561 0.019782 
88.872742 89.996094 87.381287 103.868950 101.670891 0.000000 
89.246895 89.729240 93.475716 69.887566 93.361275 0.000000 
89.586540 90.169754 95.946182 93.111008 82.000191 0.019782 
92.181229 97.662941 85.160522 92.112671 103.012245 0.000000 
88.417122 92.148277 96.146797 93.616501 90.107697 0.019782 
88.862350 93.033165 97.647331 86.654472 89.132858 0.019782 
93.686089 87.018829 92.504341 80.496414 81.199051 0.000000 
91.030258 90.280602 95.902847 98.528923 80.004059 0.000000 
95.246140 87.991714 96.978317 85.872086 91.235794 0.034264 
86.926064 86.190132 84.270622 92.166176 87.639206 0.019782 
94.033775 84.382957 85.432144 90.983566 96.505371 0.039565 
89.666275 90.604019 94.006142 89.690842 93.034561 0.000000 
85.593948 77.165779 92.853119 94.444328 82.829544 0.000000 
89.977814 96.762123 88.138184 106.246849 94.022820 0.019782 
86.842697 95.009682 84.289841 92.365341 90.305901 0.000000 
93.206444 84.858376 88.750443 90.764648 92.222847 0.000000 
86.768997 98.717499 81.172241 96.467079 87.119743 0.000000 
90.041412 79.904449 98.942780 90.271927 87.883247 0.019782 
86.088753 86.887199 92.808380 93.639282 85.231529 0.000000 
95.226425 87.906738 92.203812 76.174202 72.245422 0.000000 
89.666595 83.876984 91.299706 93.896370 91.625916 0.000000 
87.436462 84.064209 93.293045 80.335678 87.045937 0.000000 
90.777733 94.775368 93.572372 101.239830 75.522896 0.027976 
89.204506 95.543793 80.166817 85.548973 91.442780 0.000000 
87.437660 97.989151 90.478355 92.245934 98.443031 0.019782 
88.135193 91.047806 87.503365 90.976883 90.115784 0.000000 
91.872803 86.813805 96.117943 86.318024 102.616302 0.027976 
92.675751 84.735764 89.130371 93.794624 108.146004 0.000000 
90.965179 90.806526 91.392479 93.922127 84.745888 0.019782 
87.173157 91.306206 94.842812 94.824570 82.541504 0.027976 
90.912712 93.592834 89.091675 87.471939 102.832825 0.000000 
94.700508 91.341751 85.888168 95.957603 79.043755 0.000000 
87.328926 83.417702 90.654930 93.656502 85.060539 0.019782 
90.530823 91.031815 90.102036 92.171623 89.268387 0.000000 
92.822334 91.693695 89.030151 100.262558 88.533150 0.000000 
88.065041 103.831711 87.387222 96.150612 82.673248 0.000000 
87.710747 88.839371 95.993195 90.541168 76.151855 0.000000 
89.936539 88.587166 91.618332 83.848892 80.205994 0.019782 
82.588203 101.186134 82.990685 96.793030 99.178955 0.000000 
85.328293 93.633820 103.404877 98.481674 95.130356 0.000000 
84.488052 78.834541 87.386765 94.868835 91.953552 0.019782 
94.255051 89.069565 89.752327 101.039108 88.047783 0.019782 
89.303246 92.505867 88.730568 89.041138 94.659027 0.027976 
90.168083 94.523682 103.338318 82.703476 74.762367 0.019782 
84.647064 88.675461 82.642914 90.054901 95.832420 0.000000 
91.401978 88.252380 83.116859 90.575439 95.949432 0.034264 
90.589149 88.332039 89.924706 82.667694 90.343208 0.000000 
84.606819 90.760513 89.011993 85.417145 94.411644 0.000000 
89.875504 94.683640 90.129883 74.406815 84.417450 0.000000 
90.829559 101.956749 82.003136 87.314095 91.057831 0.000000 
86.765099 88.154808 80.059738 82.376610 78.919014 0.000000 
90.106735 80.858109 89.765884 83.738403 74.641876 0.034264 
93.002289 89.026817 84.921532 92.395775 92.802902 0.019782 
88.772240 89.563232 86.500381 94.302910 101.982559 0.019782 
89.722801 85.885681 79.905853 103.521767 87.742027 0.019782 
92.764168 82.082001 86.177010 83.437714 95.178040 0.000000 
92.130905 82.857697 96.303314 99.070015 100.909134 0.000000 
86.606422 84.088188 89.805321 95.716171 88.118294 0.000000 
89.581123 93.321350 103.856758 87.166939 80.834885 0.034264 
87.274910 85.376511 94.053528 94.218735 78.525017 0.000000 
89.545059 92.362434 86.296677 94.117493 84.900467 0.034264 
90.442039 96.184250 80.371872 94.641960 86.546402 0.000000 
86.366547 85.839821 93.990639 91.574364 72.731865 0.000000 
85.741013 86.069481 76.345322 89.147881 96.255341 0.019782 
94.982605 87.290001 88.158836 82.932266 89.048470 0.000000 
90.831490 98.179916 82.994316 86.788361 97.448982 0.000000 
