1.904024 
1.463652 
1.783098 
1.965565 
1.682042 
2.059824 
1.887633 
1.752230 
2.208420 
2.306090 
1.669898 
1.904199 
2.031234 
1.800075 
2.182528 
1.703479 
1.379717 
1.766630 
1.893923 
1.535147 
2.601561 
2.804882 
1.681627 
1.891284 
2.178349 
2.325715 
2.659443 
1.991028 
1.846118 
1.621720 
1.793170 
1.698940 
1.552926 
1.889597 
2.271934 
1.777763 
1.989308 
1.790785 
2.042055 
1.730106 
1.773378 
1.890279 
1.689628 
2.492185 
1.724207 
1.774732 
2.665190 
2.112568 
1.766896 
1.756614 
1.708315 
1.428687 
1.766602 
1.778976 
1.842626 
1.918694 
1.838843 
2.222425 
1.478214 
1.891269 
1.847429 
1.231939 
2.060531 
2.142134 
1.967694 
1.753452 
1.535599 
2.354311 
1.625955 
2.071783 
1.719606 
1.538128 
2.098862 
1.443489 
1.999102 
1.739687 
2.122290 
2.138324 
1.510953 
1.896716 
1.772769 
1.817271 
1.977991 
2.040082 
1.862187 
1.569352 
2.170404 
2.208784 
1.971815 
1.920249 
1.861325 
1.408489 
1.755901 
1.922727 
1.808728 
1.855187 
1.932681 
1.436724 
2.145806 
1.816918 
1.370230 
2.132631 
1.749436 
1.749856 
1.913660 
1.850827 
1.729320 
2.061169 
2.252513 
2.473342 
1.677127 
2.292467 
1.736454 
2.195507 
1.998521 
1.695954 
1.767535 
1.472083 
1.800516 
1.779848 
1.664744 
1.905721 
2.032072 
1.737475 
2.318231 
2.103051 
2.724066 
2.136799 
1.780409 
2.241614 
2.004704 
1.720067 
1.834809 
1.951535 
1.953143 
1.755321 
1.762111 
1.785782 
2.026967 
2.127755 
1.912081 
1.795887 
1.697166 
1.763571 
1.524440 
1.848158 
1.686700 
1.553593 
2.005234 
1.502747 
1.805656 
2.160148 
1.753064 
2.003558 
2.180323 
1.885881 
1.942377 
1.832447 
1.971166 
1.636338 
1.829801 
2.284867 
1.426482 
1.576470 
1.993006 
1.840978 
1.957362 
1.888218 
1.373477 
1.978439 
1.994738 
1.904237 
2.211958 
2.020428 
1.876728 
1.426789 
1.718119 
1.868000 
2.089283 
2.505669 
1.944758 
1.721377 
1.743821 
1.955253 
2.064630 
1.726280 
1.756629 
1.712100 
1.901557 
1.721508 
1.963549 
1.999882 
2.171126 
1.845651 
1.815496 
1.893778 
1.400174 
1.741941 
1.872160 
1.908687 
1.850411 
1.753159 
1.774710 
1.713640 
1.480588 
2.153818 
1.592978 
1.730268 
1.760916 
1.918927 
2.224625 
1.877265 
1.565216 
1.692547 
1.359392 
1.677937 
1.847228 
1.563914 
1.533805 
2.258558 
1.564530 
1.757306 
1.555316 
1.704351 
1.966955 
2.023146 
1.799629 
1.552885 
1.443341 
1.586048 
1.955719 
1.750789 
1.713113 
2.000798 
2.191362 
1.939962 
1.451851 
1.622750 
1.661978 
1.687392 
1.588346 
1.694882 
1.718711 
2.133896 
1.747869 
2.093630 
1.340462 
1.772023 
1.924020 
2.193345 
1.851956 
2.085413 
1.817280 
1.805813 
1.796755 
1.638199 
1.979496 
1.740114 
1.790722 
1.720143 
1.389067 
1.794358 
1.664519 
1.752583 
1.813542 
1.791708 
2.353116 
2.338578 
1.885203 
1.076256 
1.764809 
2.064374 
1.669661 
1.503012 
1.766886 
1.311850 
1.471097 
1.479401 
1.459556 
1.907639 
1.580688 
1.801232 
1.983696 
1.841255 
1.932293 
2.591240 
1.797112 
1.720970 
1.669313 
1.742415 
1.726922 
1.749433 
1.988045 
1.927591 
1.692191 
1.688489 
1.385310 
1.687667 
1.670587 
1.804472 
1.880121 
1.631123 
2.062472 
1.798876 
2.116334 
1.524174 
1.570254 
1.929418 
1.653133 
1.745867 
1.852422 
1.898875 
1.712989 
1.862356 
1.889269 
2.135635 
2.225828 
1.691978 
2.075849 
2.129658 
1.738304 
1.800022 
1.981826 
1.661182 
1.774056 
1.884806 
1.898931 
1.916408 
1.675794 
1.626490 
2.020992 
1.360804 
1.985490 
1.752080 
1.845551 
1.784330 
1.791568 
1.761159 
1.653788 
1.196706 
1.910999 
1.672998 
1.863186 
1.386387 
2.612176 
2.038939 
1.369082 
1.979354 
1.722132 
1.846941 
1.904093 
1.461502 
1.531073 
1.833593 
1.749678 
1.401064 
1.868769 
1.715291 
1.833162 
1.641030 
1.742204 
1.444204 
1.879777 
2.070349 
2.122669 
1.933433 
2.910301 
2.111951 
1.912003 
1.721634 
1.841341 
2.176522 
2.347845 
1.387385 
1.705604 
1.751548 
2.107509 
1.908862 
1.765708 
1.890381 
2.035775 
1.849585 
1.778269 
2.110148 
1.861839 
1.689273 
1.692193 
1.621329 
1.872187 
1.698344 
2.094790 
1.719991 
1.706681 
1.904370 
1.884044 
2.289199 
2.194394 
1.698184 
1.696173 
2.018576 
1.925620 
1.658153 
1.704121 
1.762722 
1.620759 
1.860918 
1.824528 
2.033367 
2.068239 
1.779449 
2.208184 
1.951680 
2.258676 
1.148518 
2.385727 
1.839390 
1.906804 
2.056294 
1.896196 
1.735052 
1.469384 
1.991820 
1.839288 
2.229548 
2.514548 
1.818956 
1.745794 
1.462357 
1.815377 
1.962085 
1.929740 
1.002170 
2.125285 
1.981081 
1.680676 
1.841367 
1.462975 
1.657478 
1.344842 
1.726342 
1.635832 
1.421762 
1.642699 
1.946656 
1.349982 
1.630755 
1.825180 
1.857500 
1.430730 
1.707453 
1.760174 
1.894039 
1.720612 
1.828117 
1.799761 
1.897981 
1.989905 
1.730423 
1.753895 
1.689654 
1.734087 
1.704281 
2.308324 
1.885711 
1.850322 
1.726208 
2.083274 
1.767652 
1.473691 
1.507485 
1.918043 
2.102331 
1.990193 
1.819472 
1.379048 
1.785210 
2.036260 
1.786409 
2.011019 
1.677922 
1.360519 
1.718603 
1.711498 
1.829381 
1.944150 
1.798158 
1.797024 
1.874579 
1.594183 
2.043040 
2.106281 
1.491117 
1.765289 
1.365199 
1.704892 
1.698972 
1.726519 
1.708534 
1.747273 
1.701923 
1.867161 
2.086105 
2.103970 
2.148582 
1.738605 
1.867254 
1.468112 
1.773889 
1.739720 
1.936763 
2.165523 
1.596555 
1.847841 
1.473595 
1.413042 
1.978040 
1.995210 
1.759687 
1.766861 
2.032192 
1.977037 
2.048777 
1.949216 
2.238663 
1.549958 
1.716808 
1.755284 
1.664828 
1.059473 
2.013083 
1.438005 
1.854533 
2.055840 
1.791486 
1.740720 
1.402438 
1.724349 
1.766120 
1.793065 
1.584992 
1.683165 
1.794140 
1.988206 
1.867770 
1.808835 
1.871060 
1.517986 
2.132559 
1.714817 
2.386486 
1.706810 
1.757091 
2.315671 
1.869681 
1.741213 
1.502196 
1.832070 
2.210441 
1.370219 
1.870540 
1.893709 
1.758950 
1.885329 
1.904704 
1.778816 
1.678191 
1.731849 
1.546088 
1.725298 
2.140474 
1.869603 
1.795747 
2.122230 
1.544964 
1.447549 
1.747786 
1.845898 
1.706656 
2.084998 
1.578533 
1.971835 
1.982614 
1.945259 
1.641638 
1.802879 
1.429799 
1.696416 
1.632854 
2.024247 
1.936455 
2.186970 
1.688041 
1.673021 
1.741477 
1.747928 
1.779377 
1.421344 
1.805963 
1.701384 
1.914244 
1.902337 
2.276435 
2.361372 
1.799006 
1.774827 
1.745062 
2.028606 
1.717101 
1.741478 
1.745789 
1.751619 
1.841589 
1.737517 
1.757685 
1.353318 
1.723844 
1.712509 
1.643610 
1.849135 
1.817808 
1.760144 
1.634932 
2.035180 
1.696401 
1.748147 
1.512202 
1.707567 
1.756642 
1.687967 
1.658427 
1.778874 
1.662143 
1.898677 
1.731267 
1.364328 
1.799658 
1.442306 
1.800428 
1.753543 
1.836609 
1.655206 
1.981350 
1.749384 
1.756848 
2.024197 
2.493423 
1.675140 
2.066615 
1.980422 
1.844841 
1.898999 
1.709748 
1.509650 
1.799237 
1.681593 
1.682577 
1.641432 
1.644071 
1.778370 
2.028424 
1.712339 
1.068164 
2.009398 
1.705722 
1.691539 
1.734469 
1.793931 
1.799995 
2.399471 
1.967963 
1.499298 
1.657821 
1.515535 
1.886647 
1.362567 
1.860588 
1.690464 
1.743891 
1.742673 
1.683436 
1.546964 
1.355849 
1.756187 
1.489303 
1.807762 
1.739530 
1.729734 
2.220798 
1.351185 
1.733768 
1.952615 
1.794936 
1.757740 
1.899481 
1.792277 
1.689080 
1.364632 
1.656979 
1.714884 
1.440051 
2.037466 
1.749453 
1.511498 
1.694281 
1.851720 
1.896569 
1.641441 
1.400833 
1.767065 
2.178971 
1.574671 
1.719572 
2.231551 
1.723305 
1.710367 
1.671233 
1.763254 
1.734874 
1.787642 
1.741916 
1.945680 
1.998860 
1.687206 
1.516626 
1.911096 
1.840814 
1.688924 
1.758464 
1.903773 
1.710127 
1.837640 
2.295020 
1.762219 
1.673199 
1.697711 
1.410078 
1.780893 
1.906029 
1.691029 
1.103426 
1.846511 
1.701215 
1.751110 
1.734798 
1.382264 
1.701439 
1.756941 
1.734819 
1.810985 
1.765594 
1.852650 
1.808486 
1.729894 
2.223265 
1.673557 
2.312343 
1.739141 
2.069684 
1.711852 
1.877475 
1.759034 
1.735095 
2.163177 
1.921673 
1.942676 
1.442303 
1.760824 
1.703689 
1.720215 
1.732787 
1.470413 
1.676942 
1.477726 
1.695038 
1.797376 
1.684188 
1.752468 
1.716015 
1.672914 
1.879918 
1.741825 
1.878194 
1.658598 
1.812926 
1.781160 
1.736408 
1.650251 
1.960338 
1.760665 
1.347602 
1.667736 
1.925868 
1.981331 
2.067009 
1.494486 
1.777403 
1.688482 
1.494788 
1.676401 
1.869082 
1.730095 
1.520757 
2.253682 
2.160501 
1.357032 
1.676078 
1.474635 
1.806055 
2.441149 
1.594566 
1.742939 
1.499665 
2.227687 
1.780615 
2.417016 
1.768541 
1.428100 
1.634674 
1.411943 
1.770401 
1.710364 
1.702383 
1.673832 
1.779122 
2.000423 
1.771647 
1.720067 
1.799643 
1.890307 
1.354484 
1.695462 
1.732576 
2.152550 
1.804858 
1.482812 
1.932002 
1.769335 
1.602909 
1.702330 
1.667060 
1.771345 
1.947505 
1.681601 
1.691064 
1.846998 
1.664124 
1.423911 
2.229512 
1.669105 
1.885121 
1.722316 
1.789714 
1.789009 
1.676493 
1.934213 
2.085166 
1.909743 
1.389355 
1.686280 
1.801888 
1.770201 
1.864082 
2.009852 
1.818060 
1.884434 
1.717498 
1.640645 
1.661169 
1.395262 
1.942369 
1.759780 
1.700700 
2.175590 
1.690463 
1.899101 
1.819832 
1.763849 
2.071574 
1.970269 
1.393343 
1.539321 
1.835055 
1.832318 
1.827538 
1.380677 
1.834120 
1.819696 
1.767375 
1.451022 
1.868039 
1.449057 
1.724498 
1.779439 
1.804684 
1.862216 
2.003614 
1.895479 
1.758556 
1.462171 
1.652900 
1.742386 
2.213382 
1.349763 
2.259640 
2.132900 
1.742010 
1.822593 
2.185045 
1.646154 
1.871036 
1.831207 
1.454523 
1.797100 
1.738667 
1.775706 
1.879446 
1.527133 
1.784217 
1.635756 
1.773409 
1.709612 
1.865554 
1.839576 
1.799264 
1.504884 
1.701174 
1.679225 
1.790552 
1.698427 
1.447337 
1.841575 
1.429780 
1.632059 
1.783771 
1.633162 
1.524270 
1.453576 
1.799060 
1.976021 
1.864745 
1.988125 
1.763174 
1.745071 
1.838791 
1.813111 
1.583851 
1.826578 
1.676826 
1.926452 
1.634902 
2.186724 
1.404924 
1.747125 
1.798834 
1.656170 
1.394648 
1.678286 
1.827169 
1.829485 
1.755851 
1.466389 
1.830411 
1.709742 
2.018988 
1.098725 
1.340454 
1.779434 
1.697653 
1.896242 
1.900257 
1.752028 
1.819520 
1.657426 
1.791064 
1.842316 
1.394441 
1.782638 
1.727510 
2.577300 
1.912174 
1.935573 
1.950171 
1.776987 
1.971198 
1.714640 
1.757043 
1.866286 
1.729296 
1.790919 
1.927008 
1.533999 
1.708022 
1.934387 
1.815171 
1.801232 
1.762505 
1.725971 
1.741420 
1.733463 
1.692054 
1.719538 
1.767966 
1.696195 
2.147274 
1.759214 
1.375507 
1.355762 
1.671536 
1.702194 
1.734304 
1.859423 
1.797333 
1.407311 
1.812387 
1.674894 
1.399007 
1.408828 
1.638262 
1.747212 
1.737696 
1.671877 
1.714471 
1.830258 
1.717970 
1.625705 
1.799520 
1.684126 
1.695402 
1.690224 
2.360315 
1.724465 
1.684168 
1.820497 
1.667093 
1.768360 
1.654955 
1.398203 
1.443258 
1.792809 
1.780600 
1.479161 
1.397648 
1.443738 
1.680664 
1.708212 
2.074549 
1.769497 
1.734595 
1.847617 
1.753518 
1.657846 
1.780261 
1.394062 
1.705858 
1.677278 
1.425850 
1.646883 
1.754215 
1.922148 
1.460407 
1.658906 
1.681213 
1.853540 
1.779196 
1.399127 
1.936569 
1.725629 
1.760437 
1.651548 
1.643554 
1.384026 
1.471699 
1.716917 
1.735412 
2.241334 
1.960731 
1.661816 
1.726967 
1.778571 
1.984979 
1.695888 
2.109300 
1.782696 
1.831598 
1.718568 
1.920949 
1.862627 
1.357474 
1.763488 
1.736668 
1.953206 
1.796999 
2.046968 
1.664745 
1.735429 
1.839726 
1.894059 
1.369380 
1.715234 
1.436633 
1.637053 
1.360215 
1.857239 
1.957066 
1.748762 
1.887497 
1.388347 
1.582766 
1.668415 
1.956550 
1.713262 
1.727803 
1.718450 
1.363304 
1.648650 
1.366922 
1.718006 
1.668290 
1.863587 
1.684712 
1.711006 
1.837714 
1.746523 
1.697485 
1.782300 
1.833606 
1.699949 
1.654900 
1.585196 
1.506904 
1.849747 
1.776234 
1.744905 
1.644912 
1.752820 
1.736551 
1.625359 
1.848053 
1.686191 
1.951978 
1.668149 
1.656152 
1.724059 
1.688776 
1.746644 
1.366795 
1.499608 
1.685135 
1.853899 
1.719061 
1.873119 
1.743232 
1.678510 
1.810484 
1.776640 
1.821620 
1.677634 
1.660301 
1.660212 
1.688977 
1.621755 
1.745664 
1.675115 
1.961323 
1.402713 
1.978767 
1.905780 
1.390544 
1.639335 
1.846169 
1.828064 
1.666236 
1.802019 
1.666224 
1.767945 
1.669977 
1.907474 
1.657707 
1.847147 
1.978000 
1.777804 
1.421409 
1.680240 
1.540065 
1.847703 
1.684491 
1.867816 
1.784718 
1.366378 
1.795742 
1.703316 
1.774105 
1.749132 
1.771900 
1.837680 
1.703185 
1.728267 
1.530360 
1.684191 
1.705927 
1.338745 
1.610738 
1.690789 
1.636388 
1.790604 
1.750241 
1.674560 
1.663229 
1.759036 
1.701153 
1.422196 
1.447746 
1.888640 
1.753461 
1.781447 
1.477920 
1.690040 
1.557196 
1.389334 
1.804975 
1.645739 
2.141465 
1.670899 
1.672731 
1.479870 
1.681188 
1.660101 
1.643910 
1.498080 
1.853817 
1.712014 
1.789707 
1.220604 
1.892065 
1.647868 
1.686624 
1.745796 
1.348792 
1.461992 
1.410848 
1.870724 
2.257795 
1.912595 
1.642284 
1.765447 
1.809937 
1.567205 
1.740274 
1.459956 
1.239232 
1.459058 
1.716506 
1.645392 
1.350422 
1.765924 
1.934679 
1.844934 
1.763878 
1.653091 
1.747279 
1.466896 
1.895989 
1.704722 
2.215284 
2.057193 
1.733550 
1.486746 
1.664167 
1.633264 
1.730217 
1.654037 
1.506515 
1.757873 
1.914294 
1.362521 
1.756170 
1.809649 
1.819006 
1.883332 
1.967917 
1.758925 
1.775912 
1.818767 
1.662355 
1.963994 
1.440817 
1.791879 
1.649523 
1.370333 
1.589825 
1.712379 
1.828470 
1.736052 
1.017921 
1.657220 
1.635288 
1.454934 
1.633174 
1.633978 
1.393147 
1.357603 
1.803539 
1.707698 
1.747319 
1.719139 
1.722702 
1.740477 
1.729383 
1.811215 
1.634264 
1.924800 
1.838604 
1.710907 
1.488658 
1.645741 
1.359107 
1.782365 
1.484271 
1.684845 
1.764696 
1.716470 
1.352621 
1.867936 
1.653354 
1.700667 
1.808745 
1.847144 
1.554833 
1.697310 
1.477798 
1.696419 
1.757918 
1.485472 
1.636958 
2.144595 
1.668079 
1.700777 
1.755814 
1.832360 
1.777889 
1.686900 
1.661694 
1.346569 
1.668643 
1.412606 
1.700088 
1.744595 
1.665353 
1.785335 
1.633245 
1.538556 
1.697696 
1.641549 
1.638446 
1.772490 
1.373312 
1.731070 
2.011676 
1.344953 
1.632702 
1.648114 
1.854914 
1.872173 
1.695677 
1.903565 
1.738523 
1.744671 
1.350416 
1.689276 
1.880907 
1.766925 
1.680889 
1.794471 
1.716258 
1.814790 
1.744995 
1.707102 
1.705726 
1.642306 
1.726410 
1.434376 
1.783318 
1.766887 
1.734790 
1.762029 
1.454911 
1.471144 
1.381695 
1.738449 
1.750402 
1.665979 
1.397735 
1.371372 
1.729263 
1.763140 
1.721377 
1.707243 
1.660466 
1.747311 
1.471255 
1.636577 
1.655411 
1.646254 
1.740267 
1.362720 
1.637650 
1.711372 
1.712393 
1.401432 
1.492308 
1.676463 
1.658892 
1.823514 
1.712016 
1.700703 
1.752868 
1.751964 
1.661330 
1.528363 
1.727330 
1.713816 
1.395406 
1.821972 
1.863701 
1.644794 
1.685236 
1.700828 
1.660398 
1.649724 
1.637162 
1.737810 
1.524774 
1.627312 
1.695288 
1.640332 
1.665593 
1.837321 
1.674096 
1.708965 
1.770747 
1.420380 
1.644460 
1.782217 
1.701586 
1.711599 
1.728038 
1.359855 
1.712116 
1.728382 
1.781340 
1.691054 
1.426017 
1.748867 
1.640419 
1.680930 
1.668680 
1.753021 
1.744998 
1.692240 
1.728716 
1.649696 
1.677074 
1.808303 
1.920298 
1.735433 
1.678652 
1.392807 
1.757989 
1.734609 
1.689183 
1.884781 
1.831318 
1.449350 
1.701010 
1.772240 
1.658282 
1.505005 
1.834997 
1.418613 
1.771410 
1.736045 
1.784601 
1.746005 
1.670082 
1.782315 
1.471776 
1.693130 
1.710981 
1.736551 
1.668984 
1.642047 
1.671451 
1.822013 
1.761135 
1.759619 
1.796674 
1.424256 
1.685899 
1.704879 
2.028333 
1.692315 
1.751123 
1.730448 
1.630389 
1.781533 
1.836619 
1.696219 
1.859991 
1.797704 
1.386663 
1.817646 
1.705446 
1.628741 
1.661080 
1.478027 
1.804787 
1.801335 
1.657306 
1.461855 
1.707185 
1.666913 
1.829056 
1.753566 
1.401591 
1.778725 
1.688504 
1.763618 
1.695612 
1.832454 
1.698427 
1.657474 
1.721501 
1.777509 
1.772944 
1.422312 
1.695398 
1.799993 
1.704054 
1.700552 
1.823741 
1.653647 
1.684379 
1.040484 
1.630527 
1.723995 
1.661908 
1.672193 
1.772210 
1.850865 
1.498875 
1.691274 
1.765818 
1.937904 
1.668091 
1.792013 
1.521610 
1.698401 
1.452851 
1.403749 
1.682929 
1.636290 
1.658396 
1.655637 
1.728016 
1.805676 
1.818692 
1.714588 
1.345209 
1.864826 
1.651872 
1.478768 
1.766072 
1.394968 
1.704419 
1.718722 
1.495736 
1.854275 
1.809398 
1.663609 
1.704451 
1.764841 
1.724912 
1.879094 
1.679093 
1.666258 
1.647539 
1.720426 
1.688623 
1.660774 
1.671253 
1.661225 
1.378677 
1.716580 
1.636462 
1.788312 
1.770390 
1.727151 
1.725614 
1.390863 
1.555706 
1.626954 
1.358807 
1.683816 
1.698168 
1.645778 
1.348537 
1.807150 
1.654899 
1.750044 
1.689579 
1.765377 
1.392239 
1.684840 
1.660756 
1.447996 
1.545761 
1.516305 
1.643373 
1.742389 
1.399935 
1.773021 
1.475171 
1.389156 
1.459113 
1.788804 
1.646575 
1.647199 
1.668187 
1.548637 
1.730855 
1.654565 
1.794347 
1.764760 
1.636354 
1.850298 
1.656812 
1.803842 
1.721527 
1.686286 
1.739195 
1.393185 
1.700099 
1.794024 
1.713239 
1.703183 
1.675949 
1.762716 
1.685783 
1.727255 
1.718359 
1.724314 
1.819398 
1.667428 
1.646128 
1.679881 
1.657120 
1.717814 
1.705598 
1.724191 
1.694879 
1.686033 
1.634253 
1.654475 
1.464487 
1.711922 
1.435019 
1.727568 
1.759109 
1.695165 
1.711283 
1.688865 
1.811555 
1.678391 
1.678161 
1.346130 
1.663251 
1.672752 
1.701758 
1.390359 
1.363693 
1.389699 
1.658001 
1.694790 
1.785451 
1.646404 
1.887733 
1.670995 
1.663022 
1.373770 
1.644419 
1.669505 
1.508395 
1.662161 
1.800059 
1.360434 
1.732261 
1.663821 
1.865692 
1.695063 
1.683637 
1.748013 
1.695902 
1.644229 
1.692983 
1.652066 
1.702606 
1.640010 
1.341818 
1.371354 
1.637907 
1.706915 
1.672961 
1.713521 
1.640986 
1.693062 
1.708586 
1.674333 
1.664025 
1.634160 
1.363295 
1.715101 
1.720960 
1.377954 
1.740188 
1.546571 
1.411785 
1.393101 
1.690305 
1.703104 
1.701797 
1.645856 
1.445319 
1.753792 
1.899445 
1.672648 
1.730517 
1.696189 
1.744316 
1.686738 
1.651552 
1.661067 
1.647115 
1.674001 
1.721021 
1.688168 
1.692374 
1.686340 
1.766361 
1.799423 
1.417312 
1.748571 
1.725344 
1.371341 
1.729089 
1.685254 
1.823498 
1.650717 
1.743365 
1.665052 
1.601872 
1.774705 
1.706324 
1.791144 
1.735530 
1.683050 
1.413021 
1.689168 
1.722143 
1.723202 
1.673578 
1.408399 
1.801023 
1.718888 
1.750134 
1.377177 
1.695047 
1.819059 
1.639774 
1.636716 
1.701859 
1.769196 
1.688554 
1.706882 
1.720044 
1.356606 
1.684687 
1.661679 
1.401446 
1.653434 
1.764410 
1.706384 
1.755041 
1.685415 
1.634314 
1.665663 
1.435729 
1.426924 
1.730229 
1.638125 
1.410983 
1.665884 
1.720328 
1.684696 
1.499380 
1.662486 
1.723231 
1.349836 
1.372405 
1.703422 
1.673682 
1.393225 
1.340843 
1.716241 
1.631514 
1.713835 
1.739598 
1.676668 
1.642406 
1.721877 
1.656300 
1.638416 
1.672327 
1.760872 
1.639219 
1.751876 
1.666191 
1.749726 
1.725296 
1.646654 
1.747172 
1.670421 
1.653568 
1.680999 
1.736578 
1.676327 
1.707699 
1.360394 
1.708293 
1.361839 
1.692439 
1.482621 
1.681061 
1.673279 
1.406033 
1.659047 
1.627681 
1.668154 
1.394942 
1.647201 
1.682256 
1.712739 
1.710503 
1.701851 
1.628013 
1.758236 
1.740026 
1.699155 
1.634703 
1.430789 
1.343437 
1.766737 
1.815592 
1.674850 
1.766396 
1.789813 
1.695665 
1.689627 
1.357457 
1.678323 
1.499324 
1.641556 
1.674765 
1.402627 
1.707970 
1.722080 
1.746637 
1.612078 
1.906161 
1.849893 
1.395959 
1.687765 
1.395463 
2.018268 
1.748841 
1.660269 
1.708065 
1.369541 
1.548939 
1.674425 
1.799974 
1.918643 
1.631909 
1.431225 
1.369780 
1.355810 
1.468639 
1.413920 
1.698015 
1.423375 
1.677098 
1.630031 
1.359539 
1.375186 
1.686391 
1.637108 
1.700879 
0.992366 
1.681839 
0.970754 
1.711477 
1.697574 
1.383243 
1.646226 
1.711616 
1.675490 
1.716557 
1.763157 
1.696678 
1.655664 
1.707362 
1.640267 
1.728802 
1.486964 
1.478002 
1.664965 
1.680012 
1.701978 
1.352943 
1.658794 
1.669691 
1.337016 
1.355283 
1.723196 
1.651495 
1.689861 
1.662809 
1.683753 
1.968296 
1.719874 
1.863707 
1.480374 
1.701763 
1.689943 
1.691682 
1.642342 
1.336127 
1.400404 
1.350482 
1.724615 
1.760853 
1.675798 
1.786075 
1.644873 
1.678381 
1.657022 
1.659182 
1.766504 
1.700252 
1.658779 
1.685352 
1.347321 
1.705635 
1.343011 
1.644595 
1.687085 
1.667665 
1.493886 
1.712576 
1.671227 
1.631589 
1.699579 
1.735256 
1.698400 
1.675888 
1.724786 
1.626771 
1.661086 
1.654686 
1.848633 
1.691826 
1.689990 
1.666045 
1.774806 
1.803475 
1.790806 
1.703510 
1.680832 
1.460536 
1.650880 
1.771658 
1.717955 
1.628007 
1.632179 
1.667356 
1.696517 
1.394662 
1.729282 
1.721949 
1.667784 
1.668651 
1.793458 
1.681314 
1.628458 
1.704518 
1.692505 
1.665579 
1.378481 
1.698033 
1.481953 
1.739906 
1.716771 
1.446751 
1.701107 
1.680475 
1.648368 
1.860615 
1.642484 
1.684652 
1.361048 
1.679136 
1.710891 
1.681145 
1.685529 
1.788486 
0.957040 
1.694761 
1.685521 
1.661230 
1.659314 
1.798236 
1.770958 
1.803425 
1.808989 
1.773051 
1.654651 
1.731086 
1.494355 
1.632254 
1.678823 
1.670133 
1.812676 
1.398073 
1.396040 
1.752459 
1.671202 
1.677583 
1.719355 
1.930151 
1.638564 
1.698900 
1.759307 
1.469498 
1.717898 
1.352520 
1.639112 
1.683413 
1.676067 
1.698280 
1.695913 
1.707228 
1.637749 
1.677452 
1.415983 
1.718009 
1.670416 
1.695042 
1.729329 
1.637685 
1.727153 
1.629056 
1.663686 
1.679018 
1.401925 
1.689441 
1.758732 
1.660172 
1.720610 
1.470442 
1.745038 
1.724530 
1.635859 
1.381031 
1.681956 
1.664212 
1.477601 
1.409785 
1.664188 
1.727147 
1.705784 
1.770141 
1.691483 
1.656796 
1.764199 
1.669453 
1.717870 
1.636457 
1.408335 
1.363040 
1.697431 
1.492072 
1.748484 
1.690102 
1.654367 
1.649933 
1.355930 
1.840989 
1.659184 
1.065736 
1.705865 
1.709137 
1.640724 
1.698887 
1.843955 
1.769563 
1.763488 
1.634320 
1.695607 
1.432723 
1.645219 
1.652254 
1.646040 
1.703762 
1.709071 
1.623891 
1.388379 
1.644105 
1.789041 
1.657610 
1.373894 
1.686000 
1.648622 
1.814956 
1.425303 
1.544629 
1.686647 
1.719104 
1.652856 
1.346707 
1.766850 
1.708207 
1.679347 
1.350125 
1.664157 
1.689672 
1.713690 
1.714753 
1.814096 
1.387457 
1.619217 
1.676777 
1.652135 
1.690380 
1.736078 
1.669589 
1.714461 
1.416909 
1.632765 
1.670008 
1.363596 
1.854836 
1.686719 
1.633358 
1.630679 
1.769973 
1.662844 
1.751504 
1.363131 
1.673025 
1.738393 
1.719586 
1.660486 
1.377859 
1.769304 
1.742783 
1.388816 
1.702855 
1.677021 
1.441552 
1.622772 
1.682412 
1.820915 
1.450249 
1.694989 
1.715759 
1.660219 
1.389405 
1.394185 
1.695837 
1.690689 
1.687236 
1.377118 
1.719584 
1.443142 
1.695195 
1.704948 
1.403722 
1.728162 
1.453465 
1.706165 
1.665848 
1.687899 
1.680949 
1.641613 
1.659754 
1.684242 
1.647897 
1.675391 
1.788444 
1.708867 
1.648420 
1.673057 
1.696478 
1.640471 
1.698915 
1.648830 
1.661222 
1.653263 
1.665048 
1.360602 
1.652821 
1.684552 
1.632304 
1.363715 
1.706765 
1.706611 
1.705691 
1.624477 
1.696454 
1.622754 
1.819570 
1.678430 
1.735963 
1.742771 
1.681156 
1.680423 
1.653723 
1.637750 
1.684434 
1.391062 
1.347698 
1.658692 
1.437994 
1.068145 
1.689086 
1.680978 
1.679209 
1.736256 
1.629498 
1.717423 
1.751474 
1.389034 
1.794596 
1.389486 
1.665529 
1.829531 
1.703393 
1.646282 
1.639230 
1.720146 
1.699412 
1.638192 
1.642860 
1.688557 
1.655764 
1.381378 
1.419509 
1.678350 
1.689111 
1.730234 
1.630976 
1.683617 
1.741289 
1.753979 
1.665837 
1.753309 
1.641453 
1.743149 
1.671038 
1.688055 
1.384822 
1.623356 
1.643035 
1.378499 
1.781869 
1.676779 
1.635009 
1.730312 
1.632754 
1.688580 
1.065512 
1.645860 
1.657219 
1.382369 
1.697726 
1.409008 
1.657363 
1.373825 
1.697722 
1.676070 
1.668119 
1.662739 
1.663745 
1.656782 
1.721621 
1.723185 
1.668798 
1.634334 
1.720375 
1.672078 
1.370304 
1.722804 
1.679333 
1.688937 
1.396964 
1.661425 
1.679541 
1.695488 
1.696381 
1.624966 
1.347427 
1.738964 
1.648723 
1.686253 
1.634433 
1.709563 
1.620327 
1.754387 
1.490699 
1.655221 
1.709939 
1.656807 
1.704817 
1.831392 
1.668764 
1.677645 
1.712283 
1.691310 
1.675007 
1.682603 
1.648593 
1.760163 
1.650436 
1.627961 
1.496412 
1.646838 
1.848512 
1.641766 
1.681237 
1.659287 
1.655196 
1.703111 
1.634969 
1.689601 
1.670941 
1.439052 
1.713152 
1.652071 
1.680950 
1.689330 
1.771285 
1.463497 
1.721004 
1.633748 
1.729792 
1.687621 
1.646710 
1.642612 
1.727656 
1.642217 
1.699024 
1.646291 
1.633081 
1.660817 
1.745342 
1.644624 
1.367224 
1.677259 
1.336580 
1.718750 
1.652068 
1.387429 
1.622819 
1.024203 
1.466195 
1.664763 
1.640060 
1.674942 
1.646875 
1.694226 
1.653196 
1.460653 
1.627085 
1.406702 
1.641523 
1.347881 
1.386557 
1.710971 
1.735124 
1.757974 
1.629769 
1.704905 
1.649555 
1.740525 
1.733751 
1.733595 
1.671858 
1.679864 
1.707514 
1.714065 
1.404418 
1.672815 
1.703085 
1.623274 
1.686792 
1.674103 
1.652658 
1.683354 
1.669545 
1.681153 
1.676707 
1.663892 
1.670368 
1.356842 
1.684143 
1.664139 
1.664143 
1.671499 
1.699397 
1.658573 
1.731932 
1.681922 
1.716096 
1.691727 
1.667791 
1.655763 
1.676066 
1.686696 
1.713635 
1.669655 
1.650010 
1.697702 
1.723332 
1.656397 
1.631032 
1.653601 
1.358539 
1.402284 
1.772383 
1.677289 
1.676965 
1.704976 
1.642423 
1.667883 
1.704563 
1.643008 
1.412834 
1.704428 
1.704185 
1.638169 
1.879066 
1.384534 
1.664412 
1.401081 
1.680189 
1.412341 
1.653268 
1.718766 
1.704357 
1.661559 
1.670892 
1.406004 
1.466626 
1.777876 
1.687479 
1.087255 
1.693034 
1.740504 
1.727387 
1.669364 
1.642136 
1.059362 
1.740395 
1.685520 
1.670492 
1.663083 
1.677961 
1.691753 
1.697447 
1.368808 
1.667742 
1.707021 
1.723667 
1.391380 
1.693561 
1.389268 
1.701056 
1.353015 
1.518358 
1.625001 
1.696719 
1.694417 
1.697583 
1.639723 
1.693306 
1.707204 
1.680408 
1.660044 
1.666920 
1.688873 
1.370835 
1.770404 
1.695764 
1.618304 
1.352781 
1.347664 
1.684891 
1.470418 
1.651370 
1.675982 
1.397397 
1.641598 
1.762899 
1.673080 
1.693847 
1.676852 
1.381925 
1.697740 
1.631360 
1.698139 
1.675015 
1.660438 
1.656096 
1.649655 
1.653484 
1.668759 
1.698036 
1.635135 
1.723180 
1.645371 
1.669981 
1.658095 
1.741062 
1.666899 
1.731679 
1.664296 
1.683704 
1.398937 
1.632883 
1.632778 
1.671173 
1.639151 
1.439745 
1.630586 
1.708623 
1.638419 
1.675123 
1.635667 
1.695966 
1.644452 
1.729403 
1.654268 
1.358383 
1.356797 
1.663258 
1.659588 
1.664257 
1.684662 
1.728121 
1.695980 
1.654269 
1.630000 
1.447256 
1.415067 
1.659113 
1.341661 
1.657753 
1.669561 
1.372786 
1.520909 
1.646094 
1.675399 
1.654794 
1.762445 
1.684663 
1.671111 
1.750567 
1.355015 
1.733715 
1.435039 
1.645725 
1.620813 
1.676935 
1.717593 
1.685466 
1.652648 
1.463368 
1.664531 
1.653960 
1.663049 
1.730995 
1.630000 
1.673265 
1.423705 
1.718929 
1.709958 
1.652448 
1.638406 
1.370933 
1.639111 
0.713879 
1.624404 
1.625585 
1.647776 
1.704668 
1.375418 
1.644643 
1.748823 
1.363162 
1.662390 
1.732273 
1.654576 
1.681822 
1.381090 
1.670622 
1.678415 
1.399167 
1.659092 
1.648504 
1.677682 
1.744098 
1.728279 
1.676149 
1.629410 
1.678741 
1.674801 
1.643302 
1.671705 
1.655459 
1.653949 
1.702909 
1.715697 
1.654148 
1.727604 
1.642938 
1.698109 
1.626180 
1.383426 
1.701133 
1.365030 
1.698147 
1.658125 
1.662012 
1.656206 
1.639331 
1.663237 
1.661409 
1.640220 
1.371027 
1.676619 
1.644261 
1.651680 
1.710322 
1.657916 
1.701474 
1.699198 
1.377454 
1.658288 
1.668192 
1.417097 
1.408656 
1.659977 
1.672523 
1.695021 
1.772496 
1.745663 
1.659966 
1.730932 
1.671659 
1.632864 
1.687060 
1.664717 
1.689453 
1.684344 
1.631167 
1.656856 
1.423750 
1.737974 
1.688529 
1.730037 
1.743640 
1.653181 
1.637058 
0.959063 
1.693823 
1.641294 
1.646224 
1.444711 
1.692680 
1.731932 
1.668927 
1.397953 
1.672140 
1.712759 
1.640602 
1.374079 
1.803236 
1.638801 
1.780048 
1.650065 
1.726732 
1.711804 
1.681077 
1.628777 
1.465716 
1.711347 
1.715156 
1.639355 
1.447981 
1.644763 
1.683211 
1.653537 
1.683550 
1.786975 
1.639562 
1.684449 
1.687974 
1.352924 
1.680954 
1.415158 
1.695915 
1.677619 
1.684674 
1.639443 
1.701184 
1.638065 
1.656528 
1.386038 
1.124149 
1.666092 
1.627328 
1.719162 
1.649663 
1.646983 
1.693659 
1.672742 
1.645596 
1.664023 
1.465546 
1.556043 
1.651296 
1.681794 
1.711750 
1.609073 
1.700149 
1.673844 
1.682848 
1.659654 
1.648447 
1.635041 
1.386016 
1.657088 
1.405372 
1.684163 
1.702414 
1.700954 
1.689456 
1.646956 
1.648371 
1.361251 
1.708735 
1.700372 
1.688128 
1.729743 
1.686490 
1.753379 
1.624686 
1.669153 
1.675968 
1.344139 
1.771386 
1.675809 
1.369499 
1.691611 
1.716599 
1.679054 
1.353101 
1.390386 
1.749663 
1.697818 
1.670734 
1.693461 
1.730682 
1.648024 
1.649641 
1.628283 
1.666517 
1.679778 
1.684247 
1.641321 
1.740628 
1.681023 
1.444411 
1.647721 
1.672702 
1.638456 
1.666247 
1.656417 
1.673339 
1.668554 
1.723668 
1.702439 
1.642910 
1.657234 
1.662937 
1.691370 
1.724745 
1.662611 
1.654735 
1.792282 
1.624803 
1.676388 
1.682655 
1.628512 
1.679377 
1.657232 
1.686262 
1.638928 
1.651060 
1.673634 
1.741992 
1.682834 
1.683170 
1.672305 
1.465235 
1.683076 
1.658541 
1.686059 
1.805646 
1.767080 
1.376046 
1.367776 
1.343130 
1.648614 
1.642478 
1.709515 
1.378387 
1.622508 
1.688195 
1.368950 
1.671246 
1.410766 
1.336274 
1.394983 
1.688033 
1.712224 
1.687489 
1.711876 
1.669342 
1.687201 
1.628389 
0.968933 
1.664426 
1.643402 
1.401246 
1.733315 
1.629902 
1.367504 
1.614193 
1.472023 
1.342646 
1.664815 
1.360521 
1.682973 
1.674617 
1.687850 
1.641536 
1.680669 
1.683395 
1.416247 
1.682198 
1.644571 
1.723364 
1.383626 
1.665704 
1.642510 
1.682842 
1.750074 
1.639634 
1.698716 
1.751132 
1.725507 
1.652684 
1.695895 
1.674520 
1.668493 
1.663814 
1.346105 
1.731765 
1.757750 
1.684087 
1.373509 
1.628502 
1.458739 
1.644204 
1.391312 
1.624022 
1.718097 
1.671737 
1.630530 
1.773255 
1.446538 
1.726489 
1.641301 
1.638377 
1.647247 
1.764432 
1.644483 
1.660734 
1.708978 
1.660805 
1.660428 
1.405559 
1.384155 
1.665439 
1.640474 
1.349972 
1.769921 
1.635116 
1.689887 
1.740241 
1.353214 
1.699355 
1.747964 
1.632205 
1.655617 
1.719311 
1.654248 
1.665972 
1.624493 
1.703442 
1.403567 
1.494416 
1.383422 
1.686891 
1.749397 
1.660812 
1.652285 
1.466868 
1.346685 
1.814101 
1.421265 
1.747488 
1.358714 
1.359890 
1.690418 
1.381335 
1.751233 
1.631060 
1.670362 
1.647082 
1.369685 
1.631840 
1.663551 
1.644397 
1.439675 
1.728541 
1.660839 
1.678545 
1.719681 
1.628429 
1.688446 
1.371147 
1.642229 
1.704794 
1.670059 
1.348642 
1.684288 
1.712606 
1.655835 
1.702302 
1.777805 
1.638144 
1.658675 
1.635220 
1.617177 
1.670001 
1.680538 
1.373471 
1.644717 
1.702459 
1.657086 
1.662446 
1.695168 
1.661747 
1.639461 
1.356992 
1.738748 
1.705830 
1.638010 
1.682955 
1.343887 
1.627648 
1.669633 
1.650963 
1.666457 
1.653821 
1.374056 
1.659414 
1.672982 
1.659818 
1.689538 
1.355255 
1.687593 
1.708420 
1.716130 
1.758253 
1.635942 
1.668470 
1.674774 
1.522168 
1.364305 
1.717752 
1.636465 
1.622609 
1.640229 
1.668313 
1.659918 
1.631096 
1.430495 
1.697631 
1.644158 
1.669658 
1.687490 
1.630420 
1.705621 
1.624915 
1.640118 
1.452203 
1.930251 
1.666951 
1.387963 
1.689514 
1.702975 
1.648116 
1.420435 
1.681133 
1.389716 
1.666084 
1.699714 
1.630188 
1.681629 
1.681053 
1.679437 
1.764212 
1.706140 
1.389055 
1.375597 
1.661397 
1.771813 
1.642392 
1.660017 
1.689022 
1.408698 
1.656114 
1.710331 
1.674712 
1.632140 
1.379010 
1.710031 
1.647532 
1.660840 
1.651314 
1.642969 
1.714146 
1.644407 
1.648574 
1.622248 
1.737856 
1.697268 
1.641076 
1.652468 
1.397697 
1.671510 
1.710398 
1.389782 
1.679047 
1.363019 
1.352964 
1.685994 
1.660928 
1.760475 
1.386696 
1.700659 
1.716748 
1.660449 
1.635250 
1.394227 
1.718499 
1.677150 
1.642177 
1.674528 
1.695768 
1.703506 
1.846180 
1.650760 
1.362953 
1.643465 
1.660221 
1.333702 
1.815652 
1.653447 
1.365995 
1.737335 
1.695281 
1.413977 
1.374741 
1.721415 
1.632545 
1.709987 
1.687157 
1.651345 
1.659697 
1.648955 
1.689418 
1.717760 
1.777908 
1.632189 
1.656250 
1.662189 
1.654785 
1.811574 
1.658040 
1.662347 
1.670535 
1.636936 
1.650197 
1.654894 
1.692673 
1.620140 
1.650897 
1.672488 
1.667513 
1.699504 
1.651854 
1.674713 
1.639972 
1.640629 
1.071910 
1.673816 
1.671053 
1.619779 
1.631850 
1.673707 
1.684722 
1.661332 
1.704572 
1.637222 
1.430839 
1.667104 
1.668253 
1.723333 
1.687280 
1.642231 
1.717652 
1.640467 
1.692944 
1.648263 
1.673982 
1.738252 
1.662923 
1.537324 
1.646981 
1.676596 
1.679542 
1.407220 
1.641828 
0.957574 
1.404888 
1.672566 
1.370355 
1.673025 
1.619825 
1.612114 
1.650589 
1.775488 
1.694468 
1.685820 
1.671620 
1.649070 
1.422475 
1.433357 
1.706538 
1.656837 
1.651082 
1.683756 
1.391489 
1.380466 
1.639121 
1.666230 
1.733521 
1.367726 
1.612672 
1.709337 
1.709588 
1.638387 
1.704164 
1.360710 
1.360360 
1.705996 
1.419094 
1.643139 
1.619232 
1.703107 
1.623636 
1.641458 
1.708014 
1.681839 
1.353438 
1.712076 
1.650264 
1.716274 
1.743325 
1.661811 
1.765258 
1.667634 
1.644527 
1.636821 
1.638335 
1.857819 
1.647317 
1.630881 
1.409755 
1.402776 
1.643573 
1.397208 
1.668813 
1.358738 
1.649810 
1.723558 
1.183053 
1.627053 
1.514054 
1.686388 
1.356417 
1.370392 
1.373076 
1.335805 
1.639231 
1.654671 
1.415473 
1.662274 
1.748216 
1.663101 
1.530027 
1.645283 
1.734798 
1.393142 
1.670327 
1.659889 
1.675030 
1.630988 
1.420744 
1.404144 
1.634073 
1.715803 
1.711848 
1.662869 
1.372771 
1.628820 
1.645756 
1.661564 
1.386079 
1.672419 
1.797072 
1.644859 
1.674716 
1.667510 
1.624246 
1.705722 
1.646256 
1.657932 
1.675142 
1.372025 
1.648606 
1.335731 
1.689909 
1.776676 
1.627198 
1.710375 
1.366637 
1.642488 
1.678197 
1.652582 
1.708902 
1.649239 
1.750026 
1.675127 
1.350659 
1.667030 
1.666147 
1.744978 
1.398396 
1.639876 
1.682101 
1.716541 
1.668171 
1.643942 
1.435120 
1.622133 
1.660495 
1.649849 
1.633430 
1.733069 
1.679924 
1.745155 
1.707467 
1.624676 
1.628563 
1.669916 
1.664828 
1.385364 
1.694960 
1.662048 
1.710841 
1.425157 
1.399244 
1.652238 
1.661358 
1.471757 
1.438561 
1.403233 
1.686571 
1.372153 
1.554483 
1.660565 
1.692551 
1.643503 
1.666926 
1.669944 
1.653392 
1.636060 
1.349219 
1.817964 
1.634794 
1.680731 
1.631605 
1.637562 
1.635621 
1.627653 
1.721318 
1.655283 
1.781055 
1.697446 
1.643127 
1.659115 
1.629094 
1.710752 
1.364960 
1.645999 
1.388479 
1.658851 
1.369424 
1.724231 
1.485215 
1.413920 
1.645902 
1.424619 
1.694085 
1.441580 
1.686096 
1.425286 
1.372298 
1.717468 
1.425675 
1.640458 
1.657307 
1.652583 
1.360453 
1.340827 
1.723079 
1.698969 
1.732794 
1.652311 
1.751898 
1.690136 
1.660923 
1.664829 
1.684961 
1.732564 
1.360504 
1.694265 
1.643633 
1.654766 
1.739892 
1.427327 
1.655241 
1.692899 
1.690528 
1.661807 
1.640500 
1.655950 
1.375298 
1.023918 
1.646134 
1.674631 
1.349493 
1.650283 
1.637188 
1.745726 
1.398418 
1.673589 
1.675077 
1.688665 
1.794619 
1.699605 
1.676961 
1.637227 
1.627088 
1.639751 
1.380796 
1.718026 
1.660505 
1.675307 
1.659569 
1.643341 
1.650072 
1.666599 
1.802622 
1.674821 
1.383361 
1.625033 
1.678791 
1.687068 
1.653140 
1.631032 
1.411131 
1.670400 
1.685840 
1.650554 
1.681834 
1.701969 
1.670687 
1.626945 
1.644714 
1.652179 
1.673618 
1.348395 
1.672091 
1.638209 
1.379090 
1.705972 
1.698107 
1.700689 
1.713639 
1.627886 
1.691330 
1.627326 
1.648514 
1.706298 
1.646208 
1.648856 
1.638281 
1.629749 
1.693239 
1.769188 
1.677393 
1.665721 
1.658355 
1.675599 
1.660057 
1.406422 
1.644653 
1.450222 
1.431895 
1.697857 
1.770699 
1.758821 
1.371766 
1.795908 
1.683546 
1.650555 
1.675325 
1.674885 
1.338319 
1.641082 
1.635026 
1.673490 
1.636436 
1.377149 
1.653156 
1.624427 
1.629622 
1.642593 
1.711458 
1.670179 
1.654164 
1.645544 
1.669977 
1.662272 
1.580867 
1.641099 
1.654521 
1.649016 
1.678081 
1.354960 
1.392360 
1.493039 
1.371071 
1.700175 
1.676994 
1.381558 
1.640589 
1.679811 
1.671427 
1.669185 
1.735408 
1.667721 
1.661461 
1.654592 
1.638118 
1.698478 
1.650793 
1.671220 
1.338130 
1.661661 
1.693587 
1.376198 
1.640708 
1.712388 
1.382697 
1.661749 
1.649621 
1.640154 
1.686336 
1.349495 
1.673428 
1.789234 
1.658853 
1.652633 
1.720597 
1.625839 
1.749490 
1.626045 
1.378343 
1.355114 
1.364825 
1.633992 
1.691907 
1.738199 
1.705726 
1.654914 
1.378713 
1.680530 
1.638412 
1.676090 
1.691526 
1.733086 
1.716855 
1.636376 
1.368004 
1.663205 
1.626679 
1.677905 
1.677030 
1.344333 
1.668659 
1.674196 
1.643800 
1.675013 
1.669233 
1.644943 
1.104239 
1.642451 
1.475858 
1.617731 
1.772501 
1.688231 
1.662764 
1.642208 
1.628767 
1.387424 
1.720702 
1.647943 
1.653232 
1.380771 
1.331487 
1.659524 
1.654825 
1.622131 
1.668008 
1.670123 
1.415733 
1.703188 
1.660689 
1.338217 
1.793677 
1.652969 
1.493271 
1.797783 
1.664505 
1.719655 
1.661070 
1.687398 
1.708606 
1.649483 
1.637366 
1.636863 
1.377859 
1.665067 
1.650566 
1.650970 
1.654166 
1.637529 
1.638643 
1.637480 
1.336824 
1.637359 
1.641973 
1.630528 
1.668480 
1.695156 
1.641123 
1.731776 
1.656755 
1.722039 
1.685827 
1.768684 
1.720696 
1.696743 
1.394572 
1.745529 
1.635428 
1.634736 
1.692424 
1.649173 
1.628488 
1.682498 
1.634425 
1.637108 
1.421699 
1.631113 
1.634386 
1.391655 
1.684263 
1.687361 
1.693417 
1.628182 
1.643290 
1.357655 
1.108901 
1.337455 
1.753133 
1.674134 
1.715842 
1.642774 
1.707856 
1.387406 
1.666303 
1.657869 
1.630219 
1.631419 
1.780277 
1.668321 
1.427408 
1.642600 
1.693475 
1.650137 
1.360493 
1.681999 
1.369119 
1.668447 
1.396836 
1.633548 
1.618151 
1.721995 
1.726052 
1.711168 
1.662659 
1.365138 
1.618425 
1.626717 
1.691069 
1.666317 
1.633308 
1.682816 
1.705954 
1.646815 
1.770815 
1.399593 
1.677263 
1.722700 
1.663653 
1.659967 
1.634962 
1.647923 
1.679086 
1.658377 
1.678775 
1.683571 
1.644556 
1.742731 
1.706079 
1.685092 
1.368790 
1.703509 
1.635989 
1.660285 
1.625811 
1.751636 
1.430229 
1.653621 
1.644921 
1.636178 
1.665657 
1.390853 
1.627884 
1.657681 
1.632130 
1.653334 
1.687827 
1.653743 
1.683669 
1.651165 
1.366832 
1.700882 
1.711360 
1.380473 
1.625670 
1.672806 
1.684688 
1.653558 
1.648717 
1.337827 
1.662047 
1.671276 
1.107186 
1.446189 
1.642377 
1.637082 
1.683072 
1.637318 
1.366038 
1.702123 
1.667987 
1.745491 
1.434748 
1.727201 
1.687524 
1.362443 
1.363686 
1.637149 
1.635977 
1.079540 
1.635699 
1.670842 
1.342317 
1.635570 
1.366800 
1.714100 
1.382758 
1.681336 
1.634019 
1.729251 
1.677063 
1.673415 
1.630656 
1.392719 
1.648457 
1.646805 
1.019007 
1.738952 
1.769800 
1.655795 
1.660009 
1.639201 
1.385012 
1.676263 
1.710633 
1.721637 
1.484431 
1.545704 
1.835335 
1.685674 
1.711665 
1.657064 
1.667871 
1.338508 
1.714307 
1.721851 
1.737692 
1.658009 
1.658128 
1.658593 
1.650624 
1.349855 
1.749950 
1.624713 
1.348041 
1.645941 
1.624847 
1.339570 
1.680753 
1.635938 
1.691116 
1.428321 
1.657467 
1.693610 
1.349981 
1.631591 
1.627146 
1.637022 
1.645084 
1.641518 
1.656709 
1.734051 
1.676385 
1.652457 
1.628443 
1.675599 
1.368891 
1.635623 
1.691026 
1.394240 
1.630912 
1.470182 
1.644175 
1.637953 
1.728954 
1.615718 
1.636723 
1.664657 
1.657192 
1.384388 
1.686731 
1.659525 
1.678556 
1.627365 
1.689563 
1.661679 
1.655757 
1.656709 
1.672618 
1.681865 
1.643664 
1.425675 
1.393319 
1.677602 
1.434068 
1.379451 
1.673196 
1.634296 
1.641649 
1.644995 
1.346245 
1.694368 
1.649100 
1.346401 
1.630950 
1.361410 
1.620228 
1.700007 
1.621702 
1.690208 
1.723597 
1.648003 
1.705373 
1.650834 
1.356931 
1.662146 
1.695719 
1.678526 
1.748334 
1.649683 
1.625352 
1.650229 
1.651912 
1.373947 
1.351881 
1.345569 
1.365215 
1.702090 
1.772395 
1.349754 
1.627671 
1.330292 
1.621814 
1.640873 
1.672474 
1.657114 
1.391440 
1.650499 
1.715122 
1.637352 
1.674119 
1.658250 
1.635162 
1.649823 
1.640200 
1.356966 
1.669230 
1.648661 
1.663180 
1.651071 
1.697300 
1.650841 
1.649955 
1.675137 
1.380892 
1.400908 
1.422387 
1.416551 
1.645691 
1.010869 
1.749286 
1.379998 
1.660111 
1.680441 
1.638836 
1.722152 
1.334336 
1.351442 
1.685735 
1.650585 
1.435057 
1.696734 
1.648154 
1.626779 
1.650296 
1.651399 
1.737582 
1.728541 
1.853141 
1.686920 
1.641661 
1.060778 
1.671014 
1.652460 
1.643487 
1.462147 
1.617897 
1.629159 
1.651635 
1.671123 
1.380239 
1.650293 
1.628687 
1.668453 
1.750890 
1.797399 
1.629328 
1.629026 
1.464619 
1.401590 
1.659188 
1.726103 
1.678250 
1.694872 
1.658502 
1.655637 
1.379734 
1.718596 
1.359565 
1.628352 
1.630901 
1.666369 
1.691021 
1.663403 
1.754383 
1.663045 
1.617908 
1.683343 
1.643105 
1.639581 
1.726883 
1.389552 
1.664023 
1.387319 
1.628781 
1.639471 
1.468243 
1.358593 
1.659827 
1.680624 
1.689501 
1.668809 
1.713590 
1.651234 
1.374892 
1.674500 
1.663937 
1.650558 
1.640910 
1.653670 
1.667129 
1.632920 
1.681544 
1.692671 
1.651469 
1.706210 
1.757499 
1.662685 
1.668481 
1.721859 
1.715811 
1.642098 
1.378555 
1.621347 
1.646552 
1.627766 
1.718104 
1.632989 
1.658769 
1.639971 
1.673314 
1.389411 
1.631376 
1.628115 
1.634492 
1.656487 
1.658994 
1.617124 
1.653694 
1.642680 
1.632093 
1.694345 
1.677473 
1.638777 
1.681606 
1.731826 
1.648756 
1.654873 
1.628630 
1.692817 
1.708737 
1.659762 
1.403531 
1.630951 
1.859714 
1.655746 
1.652094 
1.638274 
1.635304 
1.641944 
1.658514 
1.670028 
1.656915 
1.800563 
1.673336 
1.631850 
1.673123 
1.755434 
1.423538 
1.653023 
1.641434 
1.637213 
1.370201 
1.620350 
1.640848 
1.631753 
1.345947 
1.633585 
1.625065 
1.541956 
1.625973 
1.834286 
1.623562 
1.397611 
1.629607 
1.405609 
1.748706 
1.626135 
1.623124 
1.369033 
1.679731 
1.638944 
1.618910 
1.631333 
1.637586 
1.668370 
1.380001 
1.644463 
1.471692 
1.629209 
1.631966 
1.704185 
1.624293 
1.366984 
1.628037 
1.339929 
1.659560 
1.639503 
1.660120 
1.641304 
1.690873 
1.629866 
1.625497 
1.734651 
1.437278 
1.410367 
1.636987 
1.360432 
1.618511 
1.686775 
1.653799 
1.732949 
1.833673 
1.620896 
1.640764 
1.632969 
1.615184 
1.635784 
1.369721 
1.723346 
1.671660 
1.645077 
1.711132 
1.652927 
1.632695 
1.646018 
1.732051 
1.387592 
1.701306 
1.667014 
1.646349 
1.685145 
1.617442 
1.638058 
1.370080 
1.684512 
1.369457 
1.620655 
1.638829 
1.629043 
1.353549 
1.656977 
1.402156 
1.621364 
1.370106 
1.346789 
1.346960 
1.656411 
1.662828 
1.668268 
1.089105 
1.690597 
1.696093 
1.634400 
1.637144 
1.650588 
1.670319 
1.696887 
1.658668 
1.633136 
1.682828 
1.622676 
1.637334 
1.622531 
1.627882 
2.201262 
1.655223 
1.650913 
1.685927 
1.656838 
1.826153 
1.647536 
1.624357 
1.404133 
1.646361 
1.630142 
1.708257 
1.622972 
1.757275 
1.688957 
1.740717 
1.640128 
1.635583 
1.619304 
1.626017 
1.634026 
1.633452 
0.971861 
1.647579 
1.643193 
1.746454 
1.351713 
1.660001 
1.409101 
1.953035 
1.646924 
1.682704 
1.654768 
1.651322 
1.628460 
1.655054 
1.723607 
1.622032 
1.634962 
1.677035 
1.645550 
1.352885 
1.646475 
1.458527 
2.312182 
1.351891 
1.726526 
1.623742 
1.629904 
1.698771 
1.803435 
1.671605 
1.626120 
1.628325 
1.341250 
1.713597 
1.398471 
1.394379 
1.617963 
1.624697 
1.623820 
1.628511 
1.660196 
1.374259 
1.687518 
1.624658 
1.650589 
1.632682 
1.635671 
1.396278 
2.763158 
1.361292 
1.657239 
1.359181 
2.107186 
1.352150 
1.352517 
1.427955 
1.366092 
1.636380 
1.622205 
1.416052 
1.730973 
1.640719 
1.636951 
1.628843 
1.676148 
1.649197 
1.622902 
1.636930 
1.411830 
1.629399 
1.623755 
1.388574 
1.379833 
1.637497 
1.369489 
1.377139 
1.368338 
1.690250 
1.623533 
1.332957 
1.375511 
1.667262 
1.682435 
1.419389 
1.674742 
1.624054 
1.625812 
1.632619 
1.654076 
1.621492 
1.769415 
1.665552 
1.700032 
1.345268 
1.646578 
1.623329 
1.626760 
1.645491 
1.367691 
1.378480 
1.623184 
1.680978 
1.752619 
1.635737 
1.639431 
1.623565 
1.656244 
1.672018 
1.626263 
1.619788 
1.694548 
1.622506 
1.629781 
1.654290 
1.688983 
1.644196 
1.661945 
1.654495 
1.636502 
1.400153 
1.626881 
1.623564 
1.629761 
1.623546 
1.661676 
1.349006 
1.412974 
1.633864 
1.619133 
1.621853 
1.090461 
1.364699 
1.658935 
1.366439 
1.633633 
1.637561 
1.632510 
1.644811 
1.369312 
1.361569 
1.668571 
1.618717 
1.650054 
1.658665 
1.638802 
1.378455 
1.627593 
1.621380 
1.658111 
1.728799 
1.352719 
1.629024 
1.350745 
1.652920 
1.352381 
1.999367 
1.641602 
1.625246 
1.673951 
1.620471 
1.674975 
1.350171 
1.645531 
1.654648 
1.657351 
1.335619 
1.642747 
1.637027 
1.647654 
1.679704 
1.650368 
1.645795 
1.692803 
1.680179 
1.650360 
1.648193 
1.382131 
1.643611 
1.692188 
1.636618 
1.357255 
1.682869 
1.628870 
1.665937 
1.661325 
1.640740 
1.639557 
1.619143 
1.370112 
1.547091 
1.680205 
1.649172 
1.644462 
1.616333 
1.631451 
1.346364 
1.624424 
1.646631 
1.632876 
1.627976 
1.699621 
1.725580 
1.653227 
1.646797 
1.658724 
1.634062 
1.654366 
1.624853 
1.372250 
1.405649 
1.377759 
1.660335 
1.693298 
1.672709 
1.639425 
1.626794 
1.618520 
1.619143 
1.645426 
1.654356 
1.410099 
1.377623 
1.623588 
1.370452 
1.370548 
1.631052 
1.770175 
1.628688 
1.619831 
1.615241 
1.682406 
1.661502 
1.632464 
1.623516 
1.632230 
1.634043 
1.362239 
1.630482 
1.637503 
1.628199 
1.635633 
1.624883 
1.628009 
1.637972 
1.636354 
1.617455 
1.615373 
1.657712 
1.343757 
1.624925 
1.676971 
1.620852 
1.622326 
1.646711 
1.623718 
1.628600 
1.653567 
1.616273 
1.685964 
1.386403 
1.669044 
1.622599 
1.626250 
1.619854 
1.630549 
1.624872 
1.624668 
1.618210 
1.617540 
1.662418 
1.694076 
1.652610 
1.624216 
1.361747 
1.695240 
1.627322 
1.622509 
1.396705 
1.685239 
1.660336 
1.348041 
1.651093 
1.636141 
1.343848 
1.650029 
1.682091 
1.370025 
1.623567 
1.359743 
1.628824 
1.626673 
1.393184 
1.707613 
1.613928 
1.628872 
1.675002 
1.641477 
1.656519 
1.654647 
1.649818 
1.636786 
1.616055 
1.648193 
1.645742 
1.639658 
1.670688 
1.622434 
1.626009 
1.629591 
1.621859 
1.663803 
1.628553 
1.362844 
1.651700 
1.352800 
1.652043 
1.628957 
1.660154 
1.677959 
1.618598 
1.636225 
1.636740 
1.670477 
1.624246 
1.621352 
1.616999 
1.668937 
1.638564 
1.655985 
1.683097 
1.620145 
1.650268 
1.340575 
1.740105 
1.346249 
1.685505 
1.649953 
1.688272 
1.643809 
1.636750 
1.621254 
1.354833 
1.655795 
1.635488 
1.353871 
1.636175 
1.677869 
1.716050 
1.444057 
2.387809 
1.625448 
1.354550 
1.405710 
1.635949 
1.634687 
1.629031 
1.885562 
1.665375 
1.638721 
1.653631 
1.625968 
1.691075 
1.625288 
1.656208 
1.635539 
1.728432 
1.359105 
1.371310 
1.624974 
1.630624 
1.649869 
1.627910 
1.759946 
1.618960 
1.625857 
1.612942 
1.648088 
1.616704 
1.649606 
1.638232 
1.835462 
1.612607 
1.617014 
1.650401 
1.662239 
1.374729 
1.655692 
1.617475 
1.632486 
1.366104 
1.637129 
1.616522 
1.348167 
1.644638 
1.350081 
1.662262 
1.616083 
1.621359 
1.624542 
1.628784 
1.612466 
1.628444 
1.627978 
1.643665 
1.648876 
1.615691 
1.441162 
1.615656 
1.626312 
1.620528 
1.345726 
1.622450 
1.364207 
1.630327 
1.624098 
1.619721 
1.640677 
1.658997 
1.640993 
1.631632 
1.618108 
1.623504 
1.721717 
1.620632 
1.616721 
1.635394 
1.401180 
1.619558 
1.615299 
1.622326 
1.617520 
1.647438 
1.626591 
1.679715 
1.376304 
1.362985 
1.614090 
1.347432 
1.621174 
1.730163 
1.619830 
1.714666 
1.618773 
1.612927 
1.378408 
1.392624 
1.396655 
1.430303 
1.390803 
1.659834 
1.629941 
1.623409 
1.631408 
1.685903 
1.624930 
1.638557 
1.368603 
1.673435 
1.661655 
1.614281 
1.621381 
1.622081 
1.995872 
1.715819 
1.630216 
1.621883 
1.677182 
1.809125 
1.613798 
1.618133 
1.628980 
1.655735 
1.624123 
1.625021 
1.651464 
1.613909 
1.621938 
1.637012 
1.672384 
1.354384 
1.690703 
1.620508 
1.348260 
1.619460 
1.622756 
1.703395 
1.615770 
1.635942 
1.619013 
1.650679 
1.617264 
1.382588 
1.651634 
1.957721 
1.638446 
1.766926 
1.695475 
1.421635 
1.676734 
1.635904 
1.701977 
1.654662 
1.352365 
1.639436 
1.641859 
1.376591 
1.411453 
1.359358 
1.702750 
1.353432 
1.475691 
1.377122 
1.712496 
1.666857 
1.642331 
1.649588 
1.627491 
1.657751 
1.641018 
1.643030 
1.387067 
1.381692 
1.700569 
1.639643 
1.641434 
1.628962 
1.667789 
1.637082 
1.625494 
1.664902 
1.372039 
1.637915 
1.676955 
1.710587 
1.682913 
1.685025 
1.633616 
1.620099 
1.624003 
0.963260 
1.704204 
1.349938 
1.624734 
1.377908 
1.354098 
1.622450 
1.365307 
1.662117 
1.625312 
1.683749 
1.667126 
1.652310 
1.691194 
1.348410 
2.085111 
1.689368 
1.655212 
1.620455 
1.620150 
1.631006 
1.624980 
1.637604 
1.627601 
1.622315 
1.632368 
1.631356 
1.626027 
1.703163 
1.353276 
1.617028 
1.619506 
1.673108 
1.627270 
1.618163 
1.614135 
1.635976 
1.628490 
1.346592 
1.628542 
1.626157 
1.445563 
1.637386 
1.615868 
1.615214 
1.623031 
1.621586 
1.413699 
1.714686 
1.619050 
1.630537 
1.620652 
1.711098 
1.622635 
1.650163 
1.621144 
1.382200 
1.632823 
1.630250 
1.632805 
1.403736 
1.344850 
1.350867 
1.622413 
1.619378 
1.623837 
1.630962 
1.381646 
1.365305 
1.629009 
1.628255 
1.669210 
1.638733 
1.681448 
1.625195 
1.620336 
1.353304 
1.640695 
1.356977 
1.618772 
1.640656 
1.641724 
1.667119 
1.613528 
1.627404 
1.627771 
1.621702 
1.363198 
1.413076 
1.382759 
1.618421 
1.624139 
1.356213 
1.628899 
1.627513 
1.625087 
1.690973 
1.655614 
1.621663 
1.631041 
1.347685 
1.367054 
1.680190 
1.381839 
1.731639 
1.650322 
1.339979 
1.635269 
1.718761 
1.620225 
1.338788 
1.354017 
1.649796 
1.669259 
1.615664 
1.363982 
1.665996 
1.630447 
1.697248 
2.677000 
1.617583 
1.710202 
1.611663 
1.618019 
1.648638 
1.656905 
1.356586 
1.677318 
1.618531 
1.620278 
1.802404 
1.623536 
1.642307 
1.667312 
1.662672 
1.630165 
1.682694 
1.360587 
1.617912 
1.653070 
0.980689 
1.621509 
1.683485 
1.360464 
1.618279 
1.619586 
1.342566 
1.638272 
1.620286 
1.623206 
1.651124 
1.349578 
1.634584 
1.633439 
1.714148 
1.650595 
1.616865 
1.608830 
1.624324 
1.706617 
1.626335 
1.720881 
1.622415 
1.643283 
1.367450 
1.638661 
1.618886 
1.654996 
1.796184 
1.613901 
1.623539 
1.643855 
1.379560 
1.657195 
1.647190 
1.732564 
1.675667 
1.709884 
1.653937 
1.642367 
1.796231 
1.627976 
1.646294 
1.627679 
1.634256 
1.624402 
1.672543 
1.344540 
1.636809 
1.695427 
1.644155 
1.635778 
1.633935 
1.360172 
1.710065 
1.628214 
1.740860 
1.790591 
1.624162 
1.628504 
1.678674 
1.631869 
1.621495 
1.630086 
1.614970 
1.724986 
1.629026 
1.639590 
1.613280 
1.347800 
1.391785 
1.712680 
1.380581 
1.616497 
1.632515 
1.638958 
1.622774 
1.624246 
1.345186 
1.617377 
1.721596 
1.646083 
1.637181 
1.632601 
1.442436 
1.613039 
1.816446 
1.634562 
1.064067 
1.630771 
1.619191 
1.405540 
1.809231 
1.637526 
1.622262 
1.342298 
1.626948 
1.682078 
1.370028 
1.644370 
1.625314 
1.699319 
1.623184 
1.624494 
1.659865 
1.423716 
1.367679 
1.620105 
1.395891 
1.614467 
1.373217 
1.622611 
1.683007 
1.357663 
1.625724 
1.407436 
1.647614 
1.663563 
1.645913 
1.358476 
1.627601 
1.619921 
1.359806 
1.614807 
1.618904 
1.640892 
1.402068 
1.623652 
1.370020 
1.623179 
1.639906 
1.361257 
1.346713 
1.711239 
1.633224 
1.685853 
1.351050 
1.354622 
1.061194 
1.656629 
1.355952 
