88.220978 88.648720 89.534485 89.718742 51.348549 
90.361076 90.449577 90.486221 90.132874 36.457550 
89.268066 89.238487 89.016037 89.851463 39.323154 
90.688751 91.256477 91.012978 91.026466 42.072342 
89.127724 90.316437 91.336800 90.223816 44.519352 
89.084114 89.262337 89.327766 88.952820 37.661804 
89.186096 89.467659 89.672234 89.636749 34.172623 
90.641533 91.250740 90.968933 90.818077 38.282211 
91.596260 91.550720 91.030548 91.525734 39.583157 
91.669701 91.746407 91.277283 90.861305 40.353382 
88.531532 87.832344 88.082497 88.595795 38.548100 
89.702560 89.724846 89.889847 89.951134 44.350582 
88.952698 89.836037 89.623138 90.312386 42.343029 
88.056038 89.254173 90.380188 91.025574 42.237759 
89.821312 89.794998 89.995056 90.314934 38.663818 
90.032402 91.041969 90.393967 89.857430 41.492325 
86.394569 87.513824 87.960686 90.065773 40.694923 
90.810623 91.864571 90.446556 91.533279 46.613956 
86.825722 88.337723 88.986336 89.906815 41.112183 
91.525955 92.474464 92.400078 92.174728 40.389938 
