80.326515 57.887474 47.505806 69.608757 58.090031 0.019782 
76.457947 56.791389 54.928608 53.145401 66.489525 0.034264 
69.016281 44.396763 45.478386 41.027988 53.044376 0.000000 
87.053833 74.598450 78.870941 49.498066 65.953697 0.027976 
87.848351 81.546104 65.688782 60.443989 56.239185 0.000000 
73.251770 52.546429 50.522030 64.656395 53.339981 0.000000 
82.240044 62.363098 69.782875 65.528229 47.401924 0.000000 
96.897179 83.051514 75.474686 52.803585 69.071831 0.000000 
83.811462 89.512215 80.361778 71.177818 43.843964 0.019782 
71.906677 42.029533 50.526756 39.364346 44.237579 0.019782 
88.229759 79.049469 74.993324 79.726181 76.628227 0.000000 
72.278580 62.893417 67.896179 73.485466 53.023228 0.000000 
69.782639 46.664814 52.025681 63.998913 66.418182 0.000000 
86.104576 92.950279 80.672874 61.081806 71.954964 0.019782 
85.263672 76.144829 75.449852 61.961235 49.326107 0.000000 
72.393311 45.902042 44.313412 41.721813 54.957539 0.000000 
79.762077 48.687035 42.840790 58.538631 58.988995 0.019782 
67.759850 34.100914 48.661335 29.694742 35.725204 0.019782 
76.441757 47.015484 53.351517 47.500542 81.619659 0.000000 
81.832237 70.137405 47.902760 50.505104 51.561600 0.000000 
