89.406425 93.091667 92.015198 97.276001 95.634781 0.000000 
89.733444 83.881035 76.264519 92.025871 86.190735 0.000000 
89.546715 99.770767 90.488564 105.812035 92.463043 0.000000 
87.972580 100.992638 84.498840 94.774315 83.983421 0.019782 
85.562477 87.020378 77.087730 80.121216 81.958183 0.027976 
89.741745 85.003288 85.938934 94.413200 89.773254 0.034264 
89.006531 86.672615 89.781647 95.477089 100.682655 0.019782 
85.637032 87.119606 78.164948 79.113831 95.688911 0.034264 
87.502937 85.469154 79.910484 76.150711 81.176956 0.019782 
93.197632 88.574707 83.413742 96.165398 83.020554 0.000000 
92.336685 85.831467 104.217545 88.220261 76.465096 0.000000 
84.091469 88.090073 98.444931 81.679436 88.368149 0.000000 
89.771164 100.429321 94.602135 87.972786 72.432518 0.000000 
90.899124 84.815216 103.947426 104.971092 94.321182 0.034264 
88.894150 87.577469 83.714935 84.286102 96.034225 0.000000 
89.288757 67.813095 89.472626 100.288536 86.739891 0.027976 
94.861092 96.214951 87.427834 99.982681 95.876335 0.000000 
90.689812 89.283173 69.602562 84.434090 89.569382 0.027976 
86.746437 77.003883 80.864655 108.353722 81.159325 0.027976 
86.055779 76.090546 103.756416 78.548767 92.843483 0.027976 
