3133345.000000 5082510.500000 28733966.000000 69975872.000000 4313148.000000 
4182621.250000 8220438.000000 46747876.000000 259773744.000000 11080858.000000 
3715462.000000 10520530.000000 154028800.000000 845110080.000000 26971012.000000 
4035376.250000 15631819.000000 124387168.000000 200204864.000000 12041684.000000 
6836527.000000 15518377.000000 124896208.000000 236698352.000000 10754752.000000 
3254297.500000 5886088.500000 28437338.000000 314177280.000000 25352036.000000 
18982062.000000 383459008.000000 23562911744.000000 83219193856.000000 662264064.000000 
3653863.500000 5532801.000000 24565866.000000 47519560.000000 4366929.500000 
4629863.000000 18024868.000000 200914160.000000 261226944.000000 13972973.000000 
6030341.000000 19793206.000000 233640368.000000 893594240.000000 42399632.000000 
3001255.000000 6404281.500000 42826708.000000 79889432.000000 5257166.000000 
3639722.000000 9709270.000000 96935680.000000 479406752.000000 11861536.000000 
1227004.875000 736639.187500 1049624.750000 1084919.375000 267955.812500 
2860896.750000 3996121.000000 17191632.000000 83093944.000000 5696743.500000 
4214781.000000 6903481.500000 22253766.000000 32028050.000000 2864359.250000 
4130738.750000 16002910.000000 132180224.000000 750501632.000000 28833712.000000 
3474386.250000 5789328.500000 30859592.000000 97219312.000000 4591888.000000 
2152873.000000 1912552.250000 3500536.000000 3547711.500000 479184.125000 
2912939.750000 5688542.000000 22019094.000000 44271296.000000 3577565.000000 
2781968.250000 3949843.750000 14177328.000000 29963672.000000 3112817.500000 
