73420.507812 5768.639648 2566.619629 1475.385498 220437.953125 
35573.546875 1951.119873 1371.547363 1667.537964 119680.101562 
10405567.000000 9835.599609 2658.225586 2324.566406 300274.437500 
11248.458008 2094.618896 1142.839966 926.938660 150406.421875 
389574.218750 6246.580078 5087.390137 1635.379639 204203.625000 
328333.406250 3046.291260 1550.895630 1489.876831 193136.781250 
826411.625000 2734.981201 3011.037354 2494.549805 85094.648438 
393822.062500 2511.146240 2363.003662 1708.782349 145985.703125 
33626.710938 2390.604980 1618.656616 2169.018799 290267.031250 
57695.753906 1574.128296 1175.106567 939.145996 145643.750000 
15941.156250 875.087402 945.564026 1113.485229 158505.703125 
141080.500000 4196.769531 1706.496338 1044.652222 160528.812500 
171316.687500 6055.470215 2624.548340 1833.674194 118996.429688 
28551.917969 3881.187744 1926.042358 1224.968750 148957.218750 
12362.669922 1029.664795 895.354187 1932.537842 108502.000000 
41685.386719 3172.865479 1818.302979 1088.683105 139106.593750 
118370.648438 4508.509766 4584.078613 3369.214355 127503.460938 
45297.332031 8319.365234 1562.141602 1693.948364 102328.296875 
106889.445312 3517.951416 1883.022461 1349.185303 152120.015625 
637735.812500 14270.916992 2333.224609 2374.672607 192142.750000 
