37580.734375 8586.969727 5865.771484 4159.731445 24909.371094 
51344.878906 10628.367188 3631.312988 3489.080566 8390.691406 
52621.304688 4776.414551 3900.641602 3636.825684 20572.132812 
55183.632812 18503.376953 6164.103027 2061.723145 12754.421875 
42801.046875 9084.889648 4458.317871 2487.629395 20189.892578 
47485.855469 10923.791992 5073.551270 4238.441895 23819.839844 
37970.484375 6281.810547 6157.035645 1951.727783 11104.337891 
36762.976562 9028.955078 5799.164551 3427.562256 23909.800781 
45603.882812 7874.035645 7031.673340 3687.927246 24080.148438 
34058.984375 3617.241211 2473.150146 1835.750977 14815.882812 
52875.121094 8673.757812 7042.326660 3975.396240 23236.878906 
47785.296875 12429.184570 5715.526855 2863.241455 18777.037109 
44234.144531 7341.361816 6480.235352 2600.827637 16747.087891 
42788.679688 7045.264160 4962.213379 3498.811523 12370.173828 
36176.597656 8901.135742 4751.780273 3715.116455 16748.244141 
48641.386719 10865.381836 5386.846680 2737.931152 16798.933594 
41953.640625 8418.805664 11993.072266 4609.993652 29945.505859 
59869.007812 14449.983398 8701.404297 5911.188477 18158.392578 
57468.042969 7804.847168 9044.234375 8665.871094 33582.593750 
48383.335938 7441.340820 8447.563477 2837.008057 20395.000000 
