91.146133 113.213051 104.787514 102.143486 97.642426 0.000000 
101.554886 79.580170 78.023239 81.670586 77.434586 0.019782 
105.398666 95.357353 92.045235 90.135109 87.769997 0.000000 
92.462639 76.747589 73.921463 77.172089 71.341576 0.000000 
88.044716 77.438301 72.873871 71.119682 71.271309 0.000000 
90.976593 97.316399 97.528252 93.305832 92.750397 0.000000 
106.958778 65.593956 72.791801 75.914040 78.317696 0.000000 
92.321114 42.993340 58.257973 67.652145 79.711510 0.019782 
87.215157 97.375633 100.674805 97.833160 96.981194 0.000000 
97.541481 106.774567 101.205200 101.014893 93.346375 0.027976 
100.383598 71.835464 79.176628 87.736221 90.828964 0.019782 
103.555367 90.936989 93.698746 93.917236 92.119728 0.034264 
85.335724 46.209763 43.107052 52.589478 55.007725 0.000000 
85.114784 86.404305 87.724678 86.450325 85.513702 0.000000 
105.079132 88.159889 92.750496 91.462624 91.122566 0.000000 
82.668427 80.263588 85.371040 86.839561 89.553932 0.000000 
95.479225 58.946705 63.485035 60.846920 63.353390 0.027976 
101.053177 81.080093 79.257668 79.810181 80.013023 0.000000 
90.921059 95.251678 99.175453 100.159523 97.337280 0.000000 
107.126114 80.822762 77.309875 77.253540 78.417610 0.034264 
