3.869607 
4.014760 
3.829930 
3.970833 
3.594527 
3.854004 
3.726132 
3.859612 
3.736222 
3.608429 
1.492514 
3.817603 
3.781844 
3.911299 
4.349680 
3.147023 
4.144555 
3.909689 
3.608950 
1.447569 
3.817334 
3.802886 
3.912642 
3.869686 
3.186850 
3.330258 
3.390285 
3.178842 
3.240370 
3.696326 
3.936772 
3.838789 
3.570991 
2.657944 
3.696192 
3.780208 
33.930370 
3.807225 
3.082539 
296.235260 
3.863567 
3.825433 
18.909771 
3.867366 
3.841138 
2.357691 
23.143555 
31.595510 
3.932974 
4.410950 
2.401600 
3.744204 
130.781555 
3.246441 
4.393679 
15.591022 
16.744226 
3.871645 
8482.405273 
4.011837 
3.826515 
4.008298 
3.568163 
3.970679 
79.295433 
2.580017 
3.340121 
4.121665 
3.586094 
6.206576 
3.710314 
3.932798 
100.519592 
127.285233 
3.793015 
3.950914 
3.903416 
3.832247 
2.564410 
3.782008 
3.627751 
9.840046 
863.512512 
1049.339478 
3.802887 
3.320420 
100.237785 
3.825426 
603.438171 
295.446594 
3.674484 
2.862181 
3.862753 
3.730078 
2.845843 
3.636579 
3.875203 
3.617701 
851.366455 
4.078156 
3.058473 
2012.218140 
2551.198486 
191.875366 
429.350006 
3341.870361 
728.222717 
3.220338 
28.454506 
24.834436 
1.951983 
21.395025 
2.208192 
766.943909 
3.693561 
2.220393 
3.811445 
3.862083 
3.667514 
554.593567 
3.922020 
3.736081 
2.726562 
871.272339 
3.717925 
197.849548 
111.526947 
2.529190 
132.391022 
3.913738 
4.134286 
3.984355 
3.836746 
3.950108 
3.890564 
4.210081 
59.123436 
2.982204 
3.835547 
20.264214 
3.716956 
71.833397 
3.928774 
9.187595 
6.028785 
5.838887 
3.939761 
3.820937 
2.530913 
4.093320 
2.394063 
27.103382 
4.009668 
3.274559 
2.070682 
9.527037 
2.770844 
3.928662 
3.921413 
4.013471 
8.142497 
199.731888 
3.954517 
3.768059 
3.654187 
2.489458 
3.916828 
4.153187 
3.608058 
3.419612 
18.054590 
3.813500 
3.615959 
17.499897 
3.640189 
3.167403 
3.905800 
14.851471 
1.606503 
3.746471 
3.861949 
2.125708 
1.018435 
3.675112 
3.936528 
2.612216 
3.792228 
4.517577 
987.828735 
3.905851 
3.825536 
4.082496 
4.839194 
3.492951 
3.866953 
3.749392 
2.024947 
3.835290 
114.387184 
6.272208 
3.531007 
2.388587 
3.852141 
2.287586 
3.181395 
3.847364 
3.740340 
3.090257 
3.853461 
3.796478 
3.643304 
2.758206 
3.084203 
3.600987 
109.972122 
3.740278 
3.817229 
3.903835 
10.241055 
16.230934 
5.709744 
3.777073 
663.426575 
135.838364 
47.313480 
950.393188 
3.579136 
3.467052 
2.839503 
3.694212 
3.017349 
3.755053 
3.779400 
3.762034 
3.808971 
3.399088 
3.853486 
3.692217 
3.321300 
3.927831 
3.968113 
5438.699219 
11.720903 
3.288829 
3.793684 
38.042221 
3.558729 
3.447775 
3204.468018 
13.095698 
3.029803 
1366.612915 
1309.079468 
3.741490 
218.313553 
3.430018 
2.095798 
10.019566 
3.823543 
4.251532 
4.061972 
15.995842 
362.003021 
3.813384 
3.708963 
205.340881 
4260.862305 
9.457376 
8.892416 
2.796445 
3.988718 
281.225433 
2.518054 
2.743387 
3.715218 
2.007451 
152.683853 
2.553910 
59.242607 
8.113219 
3.902774 
6064.248535 
8656.666992 
2.235121 
336.952850 
3.815345 
3.265355 
6856.451172 
3.771729 
3.908264 
3.844182 
148.688095 
27.674961 
13.639318 
3.788544 
4.054552 
3.820596 
345.051392 
124.897102 
8.104010 
10.390792 
93.547699 
3.931814 
1191.728394 
3.285513 
3.776756 
5.787726 
3.003293 
3.790664 
3.826360 
3.093501 
3.277342 
3.792299 
2.624073 
8.069406 
3.803081 
3.909442 
3.770910 
6.707274 
3.929033 
61.170300 
52.746651 
3.875849 
149.088318 
5.333825 
891.820312 
5.702012 
3.636085 
3.960736 
3.221840 
3.214516 
4218.841309 
9.361732 
2.069545 
7.639060 
1.862894 
491.585815 
3.774583 
16.268526 
3.667593 
10.884721 
844.852112 
2.582147 
3.795712 
3.826272 
3.808204 
6.304258 
9.918701 
3.645820 
3.950737 
4.042342 
4.125809 
3.797982 
3.664623 
3.847092 
33.818783 
3.771833 
4.002678 
2.042096 
3.868842 
4.031439 
3.828413 
3.423309 
3.899693 
3.690401 
3.541957 
3.604641 
4.007057 
3.661752 
3.813015 
3.737403 
28.967434 
275.996613 
3.899726 
3.954624 
3.242990 
310.361206 
194.883102 
3.412736 
5.564071 
3.564720 
2.398628 
3.802019 
3.135884 
3.017913 
3.789143 
3.943812 
3.454257 
163.225281 
2.471452 
2.858179 
3.836300 
26.359634 
6.652587 
3.865028 
171.416626 
3.822252 
2.025988 
2.153660 
4.105037 
