24411.462891 3338.383789 1556.226074 777.922607 38313.753906 
22110.310547 2787.362061 1770.562134 1148.835083 41467.007812 
21337.017578 3512.030029 2132.127441 1308.017700 30463.921875 
17630.779297 2029.621704 1386.329956 759.397339 27023.068359 
20036.796875 2129.515625 1852.287354 1552.469482 35841.777344 
20678.621094 2538.569580 2333.266846 1286.621460 51959.761719 
21796.181641 2916.377441 1566.277344 1074.053223 41105.261719 
17869.619141 2119.480469 1904.014771 1503.401611 41929.566406 
24918.097656 3971.362793 3532.223389 1482.018799 34925.417969 
20047.191406 2130.202637 1313.288452 673.867310 36395.015625 
18938.351562 2353.984375 1300.176514 822.033020 34797.304688 
20369.857422 2525.014648 1715.854492 1379.853394 32418.634766 
20043.466797 2659.435303 3128.612061 1738.308228 39855.195312 
22098.417969 2850.391357 1825.817993 1020.431702 39407.839844 
21948.357422 2800.792725 2043.965088 1559.876343 41967.664062 
24490.894531 3016.933594 1920.314087 1708.378174 45155.570312 
18999.898438 2573.467773 2303.422607 2948.831787 41380.750000 
18151.617188 2788.196533 1418.300293 1110.539429 34198.621094 
25672.277344 3356.256592 2889.065674 1629.664185 48073.921875 
21037.431641 2392.177002 1508.820312 700.331543 33703.148438 
