62.575603 57.195545 63.369473 51.429413 53.418766 0.019782 
71.377884 70.606705 74.800568 62.717682 58.785038 0.000000 
67.826813 56.841133 57.984768 48.036957 48.434525 0.019782 
72.983238 64.531006 71.334457 57.107777 57.760700 0.019782 
66.565201 62.746418 61.949638 50.610550 51.962723 0.019782 
76.899536 77.746414 72.795662 50.879906 49.585743 0.019782 
72.192261 57.018116 64.066429 56.071453 49.611622 0.027976 
59.824673 59.707504 66.843620 47.974464 54.053677 0.019782 
68.366959 61.386913 58.659836 46.985847 46.151970 0.000000 
56.829655 66.614578 59.994511 58.576775 53.816723 0.000000 
