90.373444 92.794014 99.982063 97.137794 87.487076 0.027976 
93.870911 99.795296 84.405479 90.416542 70.243813 0.000000 
90.902733 91.167320 87.207817 83.243309 74.937286 0.019782 
86.127754 78.424324 88.604362 90.093407 92.359970 0.039565 
90.673065 92.532364 91.554436 90.579376 78.035484 0.000000 
90.662010 86.295509 83.918266 98.441566 80.876953 0.027976 
94.390038 91.326302 95.116989 93.118004 84.660263 0.019782 
88.568626 85.652245 93.604553 95.882195 90.482262 0.000000 
90.077972 89.149353 94.230690 84.569176 77.987823 0.000000 
93.156456 85.785286 90.587059 86.499756 82.760315 0.027976 
89.808479 91.308899 91.605576 77.698547 82.265396 0.034264 
89.851257 88.528564 87.577309 88.016472 79.728104 0.000000 
92.312401 88.687042 91.212608 89.526123 76.826439 0.000000 
91.088287 83.531647 98.787048 94.306702 88.103378 0.019782 
91.772209 88.256012 101.195335 72.271133 95.115356 0.000000 
90.483955 88.672722 84.443283 93.467705 72.640762 0.000000 
91.458534 91.582146 94.661751 92.182137 81.828079 0.000000 
92.388664 87.973259 82.020569 96.303589 78.369934 0.027976 
91.919548 90.350670 103.417725 85.705849 79.480331 0.027976 
88.463936 98.887596 87.642097 87.675552 83.724182 0.000000 
