74.987740 91.917648 66.514969 95.434418 79.904945 0.000000 
45.394352 99.709724 71.944664 45.292603 92.797852 0.027976 
136.049637 80.613449 57.347328 88.847023 70.080360 0.019782 
34.286304 104.319160 72.994720 90.838188 89.970253 0.000000 
119.399979 61.096474 88.209183 55.228012 94.540688 0.000000 
92.015091 91.341568 57.914120 82.914848 91.591675 0.000000 
109.109886 47.929825 49.732395 91.661598 85.528229 0.000000 
141.556671 90.996658 61.957668 65.613441 73.184975 0.000000 
110.959450 68.031204 94.559937 56.428474 102.518929 0.019782 
87.624130 86.091270 93.793968 58.885033 108.536102 0.000000 
148.985474 54.400860 41.837116 101.298378 87.708282 0.000000 
127.985390 59.760509 83.280861 52.284718 103.124130 0.000000 
62.994846 94.553795 79.573151 94.427422 82.178261 0.027976 
51.988712 56.471031 127.543098 82.339676 100.847366 0.019782 
129.263077 72.698677 105.916222 94.053856 85.598961 0.034264 
90.609604 80.482544 53.628593 68.634529 68.000374 0.027976 
108.497658 75.268295 104.612137 55.370983 63.083706 0.027976 
131.877197 71.219528 53.916775 113.173462 88.310501 0.000000 
43.817230 100.042038 91.597404 73.266113 100.074959 0.027976 
46.984528 87.053139 90.935471 92.365143 87.874565 0.000000 
