Episode: 1: [ 0.02577429 -0.09807631 -0.14794369  0.01304915  0.03020618] 
Episode: 11: [ 0.02565263 -0.09809192 -0.14787447  0.01282396  0.0304175 ] 
Episode: 21: [ 0.02561748 -0.09817635 -0.14786436  0.01270943  0.03055425] 
Episode: 31: [ 0.02551006 -0.09803656 -0.14786454  0.01255546  0.03066506] 
Episode: 41: [ 0.02529695 -0.09767291 -0.14780843  0.01257601  0.03059207] 
Episode: 51: [ 0.0252069  -0.09764387 -0.14773656  0.01247399  0.03067834] 
Episode: 61: [ 0.02531476 -0.09779621 -0.14771163  0.01238598  0.03073292] 
Episode: 71: [ 0.02530633 -0.09789809 -0.14771417  0.01205592  0.03102062] 
Episode: 81: [ 0.02519454 -0.09823326 -0.14769453  0.01202303  0.03126069] 
Episode: 91: [ 0.0252468  -0.09857054 -0.14764741  0.01210437  0.0313062 ] 
Episode: 101: [ 0.02523123 -0.09880108 -0.1475589   0.01237545  0.03119317] 
Episode: 111: [ 0.02514459 -0.09902588 -0.14748415  0.0126149   0.0311505 ] 
Episode: 121: [ 0.02532349 -0.09931356 -0.147592    0.01271173  0.03114436] 
Episode: 131: [ 0.02510332 -0.09986384 -0.14748238  0.012453    0.0316742 ] 
Episode: 141: [ 0.02501407 -0.10033294 -0.14749527  0.01232447  0.0320405 ] 
Episode: 151: [ 0.02507912 -0.10078472 -0.14759299  0.01209191  0.03240935] 
Episode: 161: [ 0.02534836 -0.10127055 -0.14770167  0.01167549  0.03279975] 
Episode: 171: [ 0.02565779 -0.10157196 -0.14788003  0.01120746  0.03314489] 
Episode: 181: [ 0.02578396 -0.10181273 -0.14801064  0.01081851  0.03350383] 
Episode: 191: [ 0.02599194 -0.10202321 -0.14807607  0.01048718  0.03373013] 
Episode: 201: [ 0.02622149 -0.10189277 -0.14810234  0.01054721  0.03349214] 
Episode: 211: [ 0.0265753  -0.10184139 -0.14817323  0.01065254  0.03319715] 
Episode: 221: [ 0.02673248 -0.10194508 -0.14823152  0.01053277  0.03325271] 
Episode: 231: [ 0.02670476 -0.10217927 -0.14822507  0.01046575  0.03342267] 
Episode: 241: [ 0.02670849 -0.10262299 -0.14825422  0.01047476  0.03362918] 
Episode: 251: [ 0.02667169 -0.10305236 -0.14826578  0.0104942   0.03384084] 
Episode: 261: [ 0.02674564 -0.10336734 -0.14831583  0.01015885  0.03419573] 
Episode: 271: [ 0.02703648 -0.10352115 -0.1484572   0.00993625  0.03429425] 
Episode: 281: [ 0.02730326 -0.10376593 -0.14859144  0.00953979  0.03457057] 
Episode: 291: [ 0.0274586  -0.10384306 -0.14861506  0.00942641  0.03459695] 
Episode: 301: [ 0.02770208 -0.10386726 -0.14864597  0.00978219  0.03421524] 
Episode: 311: [ 0.02817582 -0.10404942 -0.14880078  0.00990684  0.03396929] 
Episode: 321: [ 0.02842925 -0.1044405  -0.14880382  0.00995459  0.03395651] 
Episode: 331: [ 0.02858818 -0.10488798 -0.14877847  0.00988616  0.0341019 ] 
Episode: 341: [ 0.02861086 -0.10509891 -0.14875305  0.00985714  0.03419639] 
Episode: 351: [ 0.02876373 -0.10518771 -0.1488368   0.00991516  0.03413074] 
Episode: 361: [ 0.02903356 -0.10550466 -0.14893     0.00991128  0.03414333] 
Episode: 371: [ 0.02907507 -0.10586435 -0.14894734  0.00947626  0.03460083] 
Episode: 381: [ 0.02917236 -0.10600623 -0.14900178  0.00918482  0.03483305] 
Episode: 391: [ 0.02923927 -0.10625941 -0.1489908   0.00914383  0.03493309] 
Episode: 401: [ 0.02941821 -0.10650615 -0.14906058  0.00902505  0.03504366] 
Episode: 411: [ 0.02952725 -0.10653131 -0.14907983  0.00900905  0.03500329] 
Episode: 421: [ 0.02978809 -0.10659738 -0.14917761  0.00893026  0.03495763] 
Episode: 431: [ 0.03008159 -0.10662001 -0.14931348  0.008647    0.03503041] 
Episode: 441: [ 0.03045764 -0.10675541 -0.14944395  0.00843467  0.03504918] 
Episode: 451: [ 0.03065026 -0.10702911 -0.14949533  0.0081471   0.03527424] 
Episode: 461: [ 0.03068268 -0.10709628 -0.14942858  0.00806313  0.03531944] 
Episode: 471: [ 0.03091057 -0.10715149 -0.14950605  0.00814973  0.03516373] 
Episode: 481: [ 0.03028134 -0.1058879  -0.14954771  0.00797108  0.03498702] 
Episode: 491: [ 0.03015339 -0.10532483 -0.14960605  0.007568    0.03503748] 
Episode: 501: [ 0.03026611 -0.10531525 -0.14966512  0.00733454  0.0351385 ] 
Episode: 511: [ 0.03047822 -0.10531842 -0.14977589  0.00703659  0.0352398 ] 
Episode: 521: [ 0.03060418 -0.10536041 -0.1498764   0.00678085  0.03539443] 
Episode: 531: [ 0.03073326 -0.10534808 -0.14997196  0.00661884  0.03544319] 
Episode: 541: [ 0.0308905  -0.10526565 -0.15000632  0.00652358  0.03535712] 
Episode: 551: [ 0.0311951  -0.10519537 -0.15020855  0.00643611  0.03522624] 
Episode: 561: [ 0.03145444 -0.10528729 -0.1503688   0.00636855  0.03520001] 
Episode: 571: [ 0.03181177 -0.10566115 -0.15054736  0.00631253  0.03527512] 
Episode: 581: [ 0.03180944 -0.1059359  -0.15053387  0.00648612  0.03531916] 
Episode: 591: [ 0.03173115 -0.10600364 -0.15050851  0.00648398  0.03541177] 
Episode: 601: [ 0.03224824 -0.1059945  -0.15077794  0.00645618  0.03513868] 
Episode: 611: [ 0.03272101 -0.10596916 -0.15109111  0.0063167   0.03497628] 
Episode: 621: [ 0.03306171 -0.1058435  -0.15134221  0.00624062  0.0347865 ] 
Episode: 631: [ 0.0331506  -0.10567719 -0.15135185  0.00637179  0.03453376] 
Episode: 641: [ 0.0330349  -0.10560796 -0.15121378  0.00646426  0.03446735] 
Episode: 651: [ 0.03276304 -0.10536703 -0.1512139   0.00640793  0.03457044] 
Episode: 661: [ 0.03248378 -0.10533608 -0.15114926  0.00635179  0.0347858 ] 
Episode: 671: [ 0.03237251 -0.10537599 -0.15106393  0.00635142  0.03486816] 
Episode: 681: [ 0.03253787 -0.10552068 -0.15111133  0.00627912  0.03489489] 
Episode: 691: [ 0.03272473 -0.10572395 -0.15119006  0.00612727  0.03500683] 
Episode: 701: [ 0.03279917 -0.10571728 -0.15123323  0.00612977  0.03495792] 
Episode: 711: [ 0.03290866 -0.10574283 -0.15123582  0.00613194  0.03488754] 
Episode: 721: [ 0.03310517 -0.10590036 -0.15131007  0.0059923   0.03495283] 
Episode: 731: [ 0.03344753 -0.10594607 -0.15149523  0.00577077  0.03492902] 
Episode: 741: [ 0.03334204 -0.10616191 -0.15142956  0.00585206  0.03506747] 
Episode: 751: [ 0.03337425 -0.10647785 -0.15146352  0.00549036  0.03549816] 
Episode: 761: [ 0.03328085 -0.10671575 -0.15135491  0.0053819   0.03575651] 
Episode: 771: [ 0.03344851 -0.10698786 -0.15135968  0.00539746  0.03578089] 
Episode: 781: [ 0.03354771 -0.10713971 -0.15138131  0.00542851  0.03578093] 
Episode: 791: [ 0.0336935  -0.10738718 -0.15137109  0.00535343  0.03586536] 
Episode: 801: [ 0.03361243 -0.10782894 -0.15106998  0.00508517  0.03628166] 
Episode: 811: [ 0.03360793 -0.10827181 -0.15096371  0.00465402  0.03681364] 
Episode: 821: [ 0.03333622 -0.10884339 -0.15070347  0.0044246   0.03743703] 
Episode: 831: [ 0.03319861 -0.10911029 -0.1504729   0.00434304  0.03768254] 
Episode: 841: [ 0.03328235 -0.10917061 -0.15043804  0.00409523  0.03780897] 
Episode: 851: [ 0.03348335 -0.10932508 -0.15053537  0.00421177  0.03769876] 
Episode: 861: [ 0.0337401  -0.10960118 -0.15070415  0.00432903  0.03764166] 
Episode: 871: [ 0.03381769 -0.10975237 -0.15075801  0.00436128  0.03766841] 
Episode: 881: [ 0.03406158 -0.10978866 -0.15089655  0.00438397  0.03753075] 
Episode: 891: [ 0.03427051 -0.10988251 -0.15097477  0.00436426  0.03746323] 
Episode: 901: [ 0.03449477 -0.11008045 -0.1510173   0.00426435  0.0374882 ] 
Episode: 911: [ 0.03467435 -0.11015679 -0.1510852   0.00417279  0.03747777] 
Episode: 921: [ 0.03449528 -0.10996928 -0.1509863   0.00416067  0.03748056] 
Episode: 931: [ 0.03465337 -0.11004606 -0.15103292  0.00397199  0.03754507] 
Episode: 941: [ 0.03483719 -0.11012281 -0.1510518   0.0039129   0.03749232] 
Episode: 951: [ 0.03482137 -0.11000124 -0.15104133  0.00405098  0.03733436] 
Episode: 961: [ 0.03469025 -0.11004378 -0.15091681  0.00413608  0.03736462] 
Episode: 971: [ 0.03493388 -0.11021502 -0.15100387  0.00406159  0.03735446] 
Episode: 981: [ 0.03511351 -0.11026706 -0.15106691  0.0041374   0.03721245] 
Episode: 991: [ 0.03499826 -0.11033056 -0.15098116  0.00433781  0.03717636] 
Episode: 1001: [ 0.03504143 -0.11040621 -0.15096849  0.00424691  0.03724557] 
Episode: 1011: [ 0.03552642 -0.11031471 -0.1511567   0.00411037  0.03696277] 
Episode: 1021: [ 0.03580112 -0.11044393 -0.15120623  0.0038947   0.03698567] 
Episode: 1031: [ 0.03604234 -0.11065968 -0.15124938  0.00386591  0.03695725] 
Episode: 1041: [ 0.03620515 -0.11090691 -0.15128762  0.00374947  0.03706726] 
Episode: 1051: [ 0.03663607 -0.11128965 -0.15144439  0.00368534  0.03704857] 
Episode: 1061: [ 0.03652972 -0.11142964 -0.15135878  0.00365811  0.03720758] 
Episode: 1071: [ 0.03648201 -0.11157531 -0.1513174   0.00352799  0.0374075 ] 
Episode: 1081: [ 0.03655417 -0.11173503 -0.151281    0.00334829  0.03755537] 
Episode: 1091: [ 0.03618646 -0.11163832 -0.15116526  0.00400897  0.03729695] 
Episode: 1101: [ 0.03712365 -0.11202934 -0.15203685  0.00374568  0.03718824] 
Episode: 1111: [ 0.03754845 -0.11222338 -0.15241113  0.00355321  0.03719568] 
Episode: 1121: [ 0.03772949 -0.11234206 -0.15248255  0.00356789  0.03711863] 
Episode: 1131: [ 0.03774824 -0.11232839 -0.1525458   0.0036325   0.03706787] 
Episode: 1141: [ 0.03769559 -0.11230339 -0.1525762   0.00353878  0.03717912] 
Episode: 1151: [ 0.0375781  -0.11223433 -0.15248244  0.00376037  0.03704809] 
Episode: 1161: [ 0.03734124 -0.11227003 -0.15209724  0.0042159   0.03681228] 
Episode: 1171: [ 0.03744819 -0.1122982  -0.15196499  0.00428254  0.03664254] 
Episode: 1181: [ 0.03751912 -0.11229848 -0.15192229  0.00416899  0.03664947] 
Episode: 1191: [ 0.03756348 -0.11230673 -0.15197858  0.00409881  0.03668597] 
Episode: 1201: [ 0.03772387 -0.11231453 -0.15196675  0.00420852  0.03646682] 
Episode: 1211: [ 0.03797546 -0.11228025 -0.15205464  0.00402158  0.0363927 ] 
Episode: 1221: [ 0.03825761 -0.11228057 -0.15234213  0.00385768  0.03636254] 
Episode: 1231: [ 0.03845272 -0.11256506 -0.15247172  0.0037796   0.0364599 ] 
Episode: 1241: [ 0.03871925 -0.11288857 -0.15249072  0.00357852  0.03656914] 
Episode: 1251: [ 0.03887786 -0.11311889 -0.15242265  0.00372678  0.03643148] 
Episode: 1261: [ 0.0393677  -0.11341792 -0.15284652  0.00366916  0.03635953] 
Episode: 1271: [ 0.03961243 -0.1137068  -0.1529893   0.00372231  0.03632166] 
Episode: 1281: [ 0.03946504 -0.11386453 -0.15297072  0.00381389  0.03647159] 
Episode: 1291: [ 0.03937371 -0.11397083 -0.15291652  0.00392237  0.03651677] 
Episode: 1301: [ 0.03988884 -0.11511126 -0.15213168  0.00453644  0.03608835] 
Episode: 1311: [ 0.04000026 -0.11550499 -0.15184526  0.00471815  0.03601737] 
Episode: 1321: [ 0.04018177 -0.1156222  -0.15188776  0.00469109  0.03596918] 
Episode: 1331: [ 0.0403416  -0.11567989 -0.15188234  0.00480413  0.03577749] 
Episode: 1341: [ 0.04048919 -0.11580703 -0.15189216  0.00476718  0.03576218] 
Episode: 1351: [ 0.04068576 -0.11597802 -0.1519432   0.00465324  0.03580499] 
Episode: 1361: [ 0.04086412 -0.11610807 -0.15197618  0.0045795   0.03579965] 
Episode: 1371: [ 0.04108565 -0.11607639 -0.1521038   0.00450752  0.03567852] 
Episode: 1381: [ 0.04124637 -0.11613441 -0.15223376  0.00439443  0.03570408] 
Episode: 1391: [ 0.04121351 -0.11623846 -0.15218873  0.00462807  0.03561305] 
Episode: 1401: [ 0.04107643 -0.11639986 -0.15205969  0.00469682  0.03574811] 
Episode: 1411: [ 0.0409405  -0.11656062 -0.15188657  0.00492109  0.03573807] 
Episode: 1421: [ 0.04084204 -0.11696858 -0.15169182  0.00542454  0.03562938] 
Episode: 1431: [ 0.04122531 -0.11716826 -0.15180509  0.0054418   0.03544866] 
Episode: 1441: [ 0.04135205 -0.11714772 -0.15184388  0.00530588  0.03544383] 
Episode: 1451: [ 0.0413978  -0.11712649 -0.15181018  0.0053071   0.03537639] 
Episode: 1461: [ 0.04150167 -0.1170204  -0.15185076  0.00543127  0.0351292 ] 
Episode: 1471: [ 0.04176003 -0.11697542 -0.15201156  0.00550374  0.03486804] 
Episode: 1481: [ 0.04212848 -0.11690237 -0.15223552  0.0055207   0.03455589] 
Episode: 1491: [ 0.04233008 -0.11681347 -0.15234227  0.00552568  0.03435025] 
Episode: 1501: [ 0.04249552 -0.11677896 -0.15247485  0.00543506  0.034297  ] 
Episode: 1511: [ 0.04274597 -0.11686516 -0.15258324  0.00534768  0.03423689] 
Episode: 1521: [ 0.042809   -0.11684746 -0.15260957  0.00513901  0.03434259] 
Episode: 1531: [ 0.04277689 -0.11683024 -0.15251887  0.00504309  0.0344041 ] 
Episode: 1541: [ 0.04282033 -0.11682044 -0.15249373  0.00505643  0.03433984] 
Episode: 1551: [ 0.04279428 -0.11680149 -0.15244986  0.00497213  0.03440193] 
Episode: 1561: [ 0.04279194 -0.11678923 -0.15235732  0.00500593  0.03433784] 
Episode: 1571: [ 0.04308247 -0.11680325 -0.1524074   0.00498556  0.03412113] 
Episode: 1581: [ 0.04332788 -0.1167964  -0.15254512  0.00483528  0.03406268] 
Episode: 1591: [ 0.04362005 -0.1167591  -0.15269955  0.00472567  0.03391645] 
Episode: 1601: [ 0.04375229 -0.11668439 -0.15270905  0.00462534  0.03383178] 
Episode: 1611: [ 0.04390057 -0.11664675 -0.15276368  0.00461301  0.03370339] 
Episode: 1621: [ 0.04406512 -0.11664289 -0.152826    0.0045408   0.03363203] 
Episode: 1631: [ 0.04433351 -0.11671273 -0.1529976   0.00445729  0.03356179] 
Episode: 1641: [ 0.04456035 -0.1168296  -0.15304698  0.00444845  0.03345926] 
Episode: 1651: [ 0.04463374 -0.11677361 -0.15305245  0.00442331  0.03337904] 
Episode: 1661: [ 0.04462114 -0.11683664 -0.15304637  0.00438773  0.03345679] 
Episode: 1671: [ 0.04463935 -0.1169899  -0.15309015  0.00433415  0.0335963 ] 
Episode: 1681: [ 0.04488587 -0.11707862 -0.15318519  0.004233    0.03354556] 
Episode: 1691: [ 0.04514029 -0.11715681 -0.1532913   0.00398627  0.03359845] 
Episode: 1701: [ 0.0452361  -0.11711831 -0.1532897   0.0038127   0.03362352] 
Episode: 1711: [ 0.04539572 -0.11673798 -0.15336028  0.00375406  0.03330621] 
Episode: 1721: [ 0.04538865 -0.1165539  -0.15327035  0.00380834  0.03312163] 
Episode: 1731: [ 0.04529921 -0.11645979 -0.15305819  0.00400004  0.03291987] 
Episode: 1741: [ 0.04534508 -0.1165297  -0.15297107  0.00401663  0.03288199] 
Episode: 1751: [ 0.04557415 -0.11661643 -0.15309173  0.00388745  0.0328744 ] 
Episode: 1761: [ 0.04561697 -0.11654985 -0.15316485  0.00375175  0.03292339] 
Episode: 1771: [ 0.04566636 -0.1163347  -0.15311782  0.00382266  0.03266891] 
Episode: 1781: [ 0.04563593 -0.11602317 -0.15314437  0.00382637  0.0325004 ] 
Episode: 1791: [ 0.04564056 -0.1161145  -0.15316048  0.00373783  0.03262975] 
Episode: 1801: [ 0.0456452  -0.11625755 -0.15318766  0.00367291  0.03277776] 
Episode: 1811: [ 0.04577885 -0.11644583 -0.15325943  0.00359218  0.03286662] 
Episode: 1821: [ 0.04608027 -0.11656471 -0.15340859  0.00362748  0.0326969 ] 
Episode: 1831: [ 0.04615572 -0.11668889 -0.15343884  0.00365279  0.03269975] 
Episode: 1841: [ 0.04613341 -0.11683267 -0.15336148  0.00361663  0.03281414] 
Episode: 1851: [ 0.04625653 -0.11681255 -0.1534892   0.00354375  0.03279032] 
Episode: 1861: [ 0.04629138 -0.11682561 -0.15351094  0.00355565  0.03276594] 
Episode: 1871: [ 0.04617893 -0.11683361 -0.15355556  0.00341877  0.03299057] 
Episode: 1881: [ 0.04611776 -0.11683575 -0.15350138  0.00329623  0.03312257] 
Episode: 1891: [ 0.04614269 -0.11661209 -0.15341374  0.00329267  0.03293148] 
Episode: 1901: [ 0.04653154 -0.1165164  -0.1536112   0.00309084  0.0327418 ] 
Episode: 1911: [ 0.0467458  -0.11648736 -0.15378183  0.00300005  0.03265654] 
Episode: 1921: [ 0.04668587 -0.11668045 -0.15370049  0.00293814  0.03285079] 
Episode: 1931: [ 0.04667533 -0.11691257 -0.15360984  0.00285833  0.03303619] 
Episode: 1941: [ 0.04671165 -0.11713142 -0.15350328  0.00277097  0.03317167] 
Episode: 1951: [ 0.04673054 -0.1172321  -0.15339634  0.0027027   0.03323482] 
Episode: 1961: [ 0.04670789 -0.11742446 -0.1533073   0.00254263  0.03346599] 
Episode: 1971: [ 0.04668478 -0.11758602 -0.1532742   0.0024701   0.03363049] 
Episode: 1981: [ 0.04673159 -0.11776955 -0.15331435  0.00229308  0.03384807] 
Episode: 1991: [ 0.04696155 -0.11784611 -0.15349105  0.0020214   0.03395192] 
Episode: 2001: [ 0.04702807 -0.11785205 -0.15348639  0.00208283  0.03384905] 
Episode: 2011: [ 0.04712237 -0.11793768 -0.15354083  0.0021803   0.03376229] 
Episode: 2021: [ 0.0472634  -0.11835331 -0.1535733   0.00216263  0.03391849] 
Episode: 2031: [ 0.04739434 -0.11872829 -0.15361524  0.0020986   0.03409751] 
Episode: 2041: [ 0.04756355 -0.11912655 -0.1536471   0.00195497  0.0343131 ] 
Episode: 2051: [ 0.04780035 -0.11960091 -0.15355743  0.00187613  0.03442769] 
Episode: 2061: [ 0.0477791  -0.11967818 -0.15358537  0.00186554  0.03451136] 
Episode: 2071: [ 0.04780868 -0.11945096 -0.15376824  0.00178151  0.03446351] 
Episode: 2081: [ 0.04788391 -0.11947013 -0.15380844  0.00159851  0.03455737] 
Episode: 2091: [ 0.04786503 -0.11936495 -0.15387757  0.00137892  0.03469526] 
Episode: 2101: [ 0.04816547 -0.11938994 -0.1541255   0.00125027  0.03461396] 
Episode: 2111: [ 0.04848282 -0.11950932 -0.1543788   0.00110657  0.03458872] 
Episode: 2121: [ 0.04852326 -0.11957326 -0.15446985  0.00095164  0.0347358 ] 
Episode: 2131: [ 0.04841268 -0.1195076  -0.15439983  0.00087742  0.03482845] 
Episode: 2141: [ 0.04858479 -0.1195932  -0.15447599  0.00064245  0.03492571] 
Episode: 2151: [ 0.04860243 -0.11973387 -0.1545126   0.00055158  0.03507638] 
Episode: 2161: [ 0.04883958 -0.11993504 -0.15464859  0.00053169  0.03504371] 
Episode: 2171: [ 0.0490895  -0.12004882 -0.15471704  0.00059774  0.03486037] 
Episode: 2181: [ 0.04918212 -0.12002225 -0.15474986  0.00071799  0.03468074] 
Episode: 2191: [ 0.04911005 -0.11993277 -0.15471818  0.00092677  0.03452469] 
Episode: 2201: [ 0.04874932 -0.12000666 -0.1544216   0.0011324   0.03465272] 
Episode: 2211: [ 0.04864918 -0.12010159 -0.15432763  0.00101007  0.03486492] 
Episode: 2221: [ 0.04841127 -0.12028211 -0.15416422  0.0009496   0.03518482] 
Episode: 2231: [ 0.04809455 -0.12039282 -0.15399398  0.00092859  0.03550031] 
Episode: 2241: [ 0.0480571  -0.12050834 -0.15393333  0.00080663  0.03567723] 
Episode: 2251: [ 0.04815585 -0.12050141 -0.15393691  0.00070453  0.03566217] 
Episode: 2261: [ 0.04831004 -0.12053221 -0.153956    0.00053926  0.03567249] 
Episode: 2271: [ 0.04809159 -0.12057155 -0.15387931  0.00032949  0.03602568] 
Episode: 2281: [ 4.8106067e-02 -1.2058700e-01 -1.5407643e-01  8.9497735e-06
  3.6321521e-02] 
Episode: 2291: [ 4.8178699e-02 -1.2069666e-01 -1.5408136e-01 -8.2381783e-05
  3.6393255e-02] 
Episode: 2301: [ 0.04839068 -0.1208327  -0.15418448 -0.00019888  0.03640476] 
Episode: 2311: [ 0.04854118 -0.12106478 -0.15420929 -0.0003323   0.03651883] 
Episode: 2321: [ 0.04869998 -0.1212604  -0.15413827 -0.00048441  0.03658798] 
Episode: 2331: [ 0.04879532 -0.12140929 -0.15409856 -0.00046571  0.03656769] 
Episode: 2341: [ 0.04883748 -0.12158294 -0.15406227 -0.00059222  0.03671977] 
Episode: 2351: [ 0.04906594 -0.12157179 -0.15422885 -0.00081594  0.03672706] 
Episode: 2361: [ 0.04919264 -0.12161806 -0.15437306 -0.0009887   0.03681573] 
Episode: 2371: [ 0.04915939 -0.12190593 -0.15427591 -0.00105699  0.03704311] 
Episode: 2381: [ 0.04913341 -0.12181631 -0.15424855 -0.00116061  0.03708112] 
Episode: 2391: [ 0.04926029 -0.12173828 -0.1543464  -0.00131891  0.03706921] 
Episode: 2401: [ 0.04940978 -0.1217729  -0.15433148 -0.00145504  0.03705534] 
Episode: 2411: [ 0.04972104 -0.12187602 -0.15437043 -0.00168391  0.03702331] 
Episode: 2421: [ 0.04979202 -0.12192389 -0.15442996 -0.00175484  0.03706074] 
Episode: 2431: [ 0.0500816  -0.12197626 -0.15464167 -0.00223083  0.03726065] 
Episode: 2441: [ 0.05010116 -0.12201453 -0.15458588 -0.00242239  0.03739751] 
Episode: 2451: [ 0.05025931 -0.12216654 -0.15457548 -0.00241667  0.03733898] 
Episode: 2461: [ 0.05033787 -0.12239325 -0.15453228 -0.00241843  0.03739507] 
Episode: 2471: [ 0.05091389 -0.12284915 -0.15499717 -0.00245159  0.03731227] 
Episode: 2481: [ 0.05124452 -0.12302526 -0.15524283 -0.00254762  0.03726364] 
Episode: 2491: [ 0.05144879 -0.12335091 -0.15531422 -0.00271133  0.03742805] 
Episode: 2501: [ 0.05150722 -0.12358262 -0.15521781 -0.00280704  0.0375649 ] 
Episode: 2511: [ 0.05127844 -0.12349404 -0.15498313 -0.00267071  0.03754496] 
Episode: 2521: [ 0.05119857 -0.12341089 -0.15495352 -0.00268171  0.03756633] 
Episode: 2531: [ 0.05106585 -0.12331408 -0.1550044  -0.00270433  0.03766255] 
Episode: 2541: [ 0.05096485 -0.12327736 -0.15503246 -0.00268833  0.0377306 ] 
Episode: 2551: [ 0.05090715 -0.12345177 -0.15494485 -0.0026188   0.03781434] 
Episode: 2561: [ 0.05061243 -0.12331862 -0.15487713 -0.0024716   0.0378794 ] 
Episode: 2571: [ 0.05038685 -0.12328578 -0.15479863 -0.00246773  0.03804917] 
Episode: 2581: [ 0.05029032 -0.12328225 -0.15484947 -0.00245915  0.03814935] 
Episode: 2591: [ 0.05030978 -0.12336513 -0.1548382  -0.00249272  0.03820584] 
Episode: 2601: [ 0.05029424 -0.1236411  -0.15471496 -0.00256102  0.03841126] 
Episode: 2611: [ 0.05061338 -0.12396431 -0.15489732 -0.00262002  0.03840968] 
Episode: 2621: [ 0.05021454 -0.1241938  -0.15476424 -0.00244512  0.03877055] 
Episode: 2631: [ 0.04971719 -0.12443656 -0.15438852 -0.00218113  0.03909292] 
Episode: 2641: [ 0.04949389 -0.12444316 -0.1541211  -0.00194012  0.03904793] 
Episode: 2651: [ 0.04958305 -0.12428745 -0.15416087 -0.00143523  0.03849484] 
Episode: 2661: [ 0.04964588 -0.12392803 -0.15435955 -0.0010817   0.03800702] 
Episode: 2671: [ 0.04977824 -0.12384207 -0.15456642 -0.00122507  0.0379995 ] 
Episode: 2681: [ 0.04973025 -0.12361352 -0.15476793 -0.00095317  0.03775692] 
Episode: 2691: [ 0.0495181  -0.12354341 -0.1545886  -0.00070751  0.0376731 ] 
Episode: 2701: [ 0.04924146 -0.12366198 -0.15420121 -0.00068281  0.03787132] 
Episode: 2711: [ 0.04937546 -0.12401665 -0.15428543 -0.00093707  0.03817952] 
Episode: 2721: [ 0.04952765 -0.12416732 -0.15433776 -0.00105051  0.03823114] 
Episode: 2731: [ 0.04976203 -0.12424522 -0.15451685 -0.00131646  0.0383134 ] 
Episode: 2741: [ 0.04977407 -0.12441771 -0.15443793 -0.00146895  0.03849851] 
Episode: 2751: [ 0.04961621 -0.12454772 -0.15430911 -0.00147931  0.03869429] 
Episode: 2761: [ 0.04970608 -0.12475094 -0.15434189 -0.00153062  0.03878306] 
Episode: 2771: [ 0.04982367 -0.12481407 -0.15452193 -0.00170443  0.03889497] 
Episode: 2781: [ 0.04985904 -0.12492895 -0.15455088 -0.00188812  0.03907824] 
Episode: 2791: [ 0.04994325 -0.12509565 -0.15459748 -0.00202933  0.03922089] 
Episode: 2801: [ 0.04969914 -0.12521163 -0.15444995 -0.00191345  0.03939109] 
Episode: 2811: [ 0.04972815 -0.1253107  -0.1545036  -0.0018357   0.03938156] 
Episode: 2821: [ 0.04997051 -0.12541276 -0.15470041 -0.00182556  0.0392657 ] 
Episode: 2831: [ 0.05011738 -0.12550658 -0.15478759 -0.00174916  0.03915298] 
Episode: 2841: [ 0.0501327  -0.1255082  -0.15479317 -0.00160264  0.03903142] 
Episode: 2851: [ 0.05016967 -0.12562312 -0.15483841 -0.00155699  0.03904628] 
Episode: 2861: [ 0.05059818 -0.12598373 -0.15512104 -0.00183677  0.03915645] 
Episode: 2871: [ 0.0508523  -0.12608364 -0.15533537 -0.00204807  0.03919894] 
Episode: 2881: [ 0.05119954 -0.12610634 -0.15555735 -0.00229591  0.03913459] 
Episode: 2891: [ 0.05141314 -0.12625447 -0.15563539 -0.00255341  0.03923995] 
Episode: 2901: [ 0.05166959 -0.12642355 -0.1557731  -0.0028765   0.03938438] 
Episode: 2911: [ 0.05178512 -0.12676086 -0.15572298 -0.00348386  0.03992684] 
Episode: 2921: [ 0.05186429 -0.12700158 -0.15564238 -0.00368079  0.04012472] 
Episode: 2931: [ 0.05194291 -0.1270214  -0.15549801 -0.00338439  0.03979607] 
Episode: 2941: [ 0.05199042 -0.12694363 -0.1553568  -0.00310687  0.03945331] 
Episode: 2951: [ 0.05207342 -0.12688924 -0.15535331 -0.00292427  0.0392026 ] 
Episode: 2961: [ 0.05219651 -0.12665871 -0.15547444 -0.00297926  0.03902399] 
Episode: 2971: [ 0.05222317 -0.12657833 -0.15541856 -0.00309882  0.03902525] 
Episode: 2981: [ 0.0523451  -0.12674311 -0.15540269 -0.00314409  0.0390401 ] 
Episode: 2991: [ 0.05247058 -0.12691154 -0.1553648  -0.00325064  0.03909445] 
Episode: 3001: [ 0.05254205 -0.12713075 -0.15528843 -0.00307933  0.03900719] 
Episode: 3011: [ 0.05256007 -0.1269389  -0.15520205 -0.0027751   0.03861705] 
Episode: 3021: [ 0.05257352 -0.12703224 -0.15513358 -0.00282205  0.03867652] 
Episode: 3031: [ 0.05286402 -0.12708668 -0.15529376 -0.00320131  0.03876701] 
Episode: 3041: [ 0.05309392 -0.12714238 -0.15536992 -0.00343484  0.03878212] 
Episode: 3051: [ 0.05316143 -0.127226   -0.1552512  -0.00330172  0.03863784] 
Episode: 3061: [ 0.05309643 -0.12723841 -0.15497851 -0.00298087  0.03839066] 
Episode: 3071: [ 0.05328598 -0.12747708 -0.15487953 -0.00296229  0.03831616] 
Episode: 3081: [ 0.0535443  -0.12780868 -0.15487424 -0.00307644  0.03835817] 
Episode: 3091: [ 0.05371784 -0.1281221  -0.15493079 -0.00318726  0.03848308] 
Episode: 3101: [ 0.05402549 -0.12834325 -0.15508649 -0.00360204  0.03868083] 
Episode: 3111: [ 0.05434903 -0.1283208  -0.15530492 -0.00410986  0.03880423] 
Episode: 3121: [ 0.05463217 -0.12827127 -0.15548413 -0.00447197  0.03882859] 
Episode: 3131: [ 0.05490487 -0.12840205 -0.15550794 -0.00460582  0.03875753] 
Episode: 3141: [ 0.05490174 -0.12856248 -0.15545024 -0.0045751   0.03881756] 
Episode: 3151: [ 0.05508436 -0.12871516 -0.15548837 -0.0046056   0.0387692 ] 
Episode: 3161: [ 0.05536081 -0.12872078 -0.15557571 -0.00470053  0.03860474] 
Episode: 3171: [ 0.05551472 -0.12883304 -0.15577759 -0.00501332  0.0388156 ] 
Episode: 3181: [ 0.05540104 -0.12883982 -0.15576655 -0.00505664  0.03895672] 
Episode: 3191: [ 0.05504631 -0.12852994 -0.15561958 -0.00478308  0.03886627] 
Episode: 3201: [ 0.05491135 -0.12857915 -0.15553188 -0.00462972  0.03888677] 
Episode: 3211: [ 0.0546311  -0.12873606 -0.15542158 -0.00444992  0.03909483] 
Episode: 3221: [ 0.05469011 -0.1288304  -0.15528543 -0.00440824  0.03902176] 
Episode: 3231: [ 0.05474709 -0.12894717 -0.15514737 -0.00433227  0.03893729] 
Episode: 3241: [ 0.05473839 -0.1290656  -0.15501203 -0.00422602  0.03889761] 
Episode: 3251: [ 0.05461314 -0.12919234 -0.15485565 -0.00415904  0.03900465] 
Episode: 3261: [ 0.05424511 -0.1293574  -0.15446158 -0.00375804  0.039056  ] 
Episode: 3271: [ 0.05435708 -0.1295137  -0.15448007 -0.00375932  0.0390442 ] 
Episode: 3281: [ 0.0543493  -0.12980099 -0.15426138 -0.00356322  0.03900939] 
Episode: 3291: [ 0.05423404 -0.129817   -0.15421629 -0.00353844  0.03910415] 
Episode: 3301: [ 0.05416922 -0.1297907  -0.15419805 -0.0035884   0.03918853] 
Episode: 3311: [ 0.05391987 -0.12939733 -0.15419488 -0.00362194  0.03922587] 
Episode: 3321: [ 0.05386277 -0.12916233 -0.1541389  -0.00372528  0.03920529] 
Episode: 3331: [ 0.05399447 -0.12925602 -0.15406145 -0.00390292  0.0392487 ] 
Episode: 3341: [ 0.05421801 -0.1293282  -0.15406586 -0.00421058  0.03931326] 
Episode: 3351: [ 0.05456584 -0.1294539  -0.15436868 -0.00467257  0.03949397] 
Episode: 3361: [ 0.05493181 -0.12945847 -0.15466122 -0.00490685  0.03939644] 
Episode: 3371: [ 0.05519744 -0.1293272  -0.15495466 -0.00520301  0.03936644] 
Episode: 3381: [ 0.05543985 -0.12944381 -0.1551419  -0.0054666   0.0394553 ] 
Episode: 3391: [ 0.05544889 -0.12957019 -0.1551474  -0.00572298  0.0397293 ] 
Episode: 3401: [ 0.05566691 -0.12962341 -0.15534343 -0.00614195  0.03992973] 
Episode: 3411: [ 0.05582217 -0.12972742 -0.15535845 -0.00639599  0.04004192] 
Episode: 3421: [ 0.0558347  -0.12978578 -0.1552265  -0.00651764  0.04012428] 
Episode: 3431: [ 0.05577328 -0.12995382 -0.15513836 -0.0065394   0.04028147] 
Episode: 3441: [ 0.05592784 -0.13008392 -0.15527853 -0.0067727   0.04042845] 
Episode: 3451: [ 0.05604212 -0.13034919 -0.15524828 -0.00679696  0.04048447] 
Episode: 3461: [ 0.05626391 -0.130586   -0.15519272 -0.0067907   0.04038193] 
Episode: 3471: [ 0.05620048 -0.13085991 -0.15515922 -0.00697434  0.04074979] 
Episode: 3481: [ 0.05635857 -0.1312506  -0.15514545 -0.00708089  0.04090682] 
Episode: 3491: [ 0.05651141 -0.13142261 -0.15505852 -0.00696342  0.04073766] 
Episode: 3501: [ 0.05676023 -0.13142651 -0.15518856 -0.00721016  0.04071966] 
Episode: 3511: [ 0.05692069 -0.1314526  -0.1552867  -0.00743936  0.04078247] 
Episode: 3521: [ 0.0570421  -0.1315002  -0.15544754 -0.00763737  0.04089082] 
Episode: 3531: [ 0.05696196 -0.13154718 -0.15568806 -0.00798624  0.0413464 ] 
Episode: 3541: [ 0.05674114 -0.1315159  -0.15570039 -0.00823435  0.04175385] 
Episode: 3551: [ 0.05682893 -0.13169782 -0.1558149  -0.00892     0.04236234] 
Episode: 3561: [ 0.05714183 -0.13191874 -0.15610619 -0.00961541  0.04283026] 
Episode: 3571: [ 0.0572765  -0.13212322 -0.15619692 -0.00998156  0.04314113] 
Episode: 3581: [ 0.05707854 -0.13203621 -0.15608455 -0.01025412  0.04348096] 
Episode: 3591: [ 0.05712349 -0.13218303 -0.15609531 -0.01041071  0.04365099] 
Episode: 3601: [ 0.0573507  -0.13233152 -0.15634623 -0.01059706  0.04372842] 
Episode: 3611: [ 0.05753667 -0.13252066 -0.15643448 -0.01075475  0.04380349] 
Episode: 3621: [ 0.05756893 -0.13285525 -0.15629727 -0.01078109  0.04395039] 
Episode: 3631: [ 0.05731918 -0.13299926 -0.15603754 -0.010699    0.04414953] 
Episode: 3641: [ 0.05736993 -0.13310336 -0.15593927 -0.01066673  0.044105  ] 
Episode: 3651: [ 0.05737832 -0.13314787 -0.15596113 -0.01068598  0.0441443 ] 
Episode: 3661: [ 0.05741405 -0.13330042 -0.15601589 -0.01075341  0.04426857] 
Episode: 3671: [ 0.05734038 -0.13309224 -0.15619831 -0.01120187  0.04462931] 
Episode: 3681: [ 0.05729422 -0.13273445 -0.15644023 -0.01164605  0.04488577] 
Episode: 3691: [ 0.05731194 -0.13243914 -0.1565909  -0.0119031   0.04493757] 
Episode: 3701: [ 0.05753176 -0.13248482 -0.15678127 -0.01216719  0.0450094 ] 
Episode: 3711: [ 0.05782878 -0.13252637 -0.15696512 -0.01242057  0.04498919] 
Episode: 3721: [ 0.05838308 -0.13256824 -0.15757802 -0.01299607  0.04509986] 
Episode: 3731: [ 0.05888239 -0.1325604  -0.15842049 -0.01368253  0.04540054] 
Episode: 3741: [ 0.05914636 -0.13275813 -0.15859458 -0.01385345  0.0454453 ] 
Episode: 3751: [ 0.05932511 -0.13308199 -0.15862483 -0.01386799  0.04548247] 
Episode: 3761: [ 0.0595769  -0.13372582 -0.15847725 -0.01362009  0.04538367] 
Episode: 3771: [ 0.05906751 -0.13412403 -0.15822706 -0.0131057   0.04566088] 
Episode: 3781: [ 0.05893402 -0.13462387 -0.15810469 -0.01294459  0.04593129] 
Episode: 3791: [ 0.05888677 -0.13493066 -0.15814263 -0.0129252   0.04615596] 
Episode: 3801: [ 0.05876763 -0.13511825 -0.15799852 -0.012851    0.04628923] 
Episode: 3811: [ 0.05916584 -0.1353348  -0.15804523 -0.01305797  0.04618771] 
Episode: 3821: [ 0.05920472 -0.13573271 -0.15787266 -0.01310467  0.04637199] 
Episode: 3831: [ 0.05918355 -0.1359106  -0.15784167 -0.01309117  0.04647942] 
Episode: 3841: [ 0.05916772 -0.13581982 -0.1578448  -0.01330862  0.04661338] 
Episode: 3851: [ 0.05927813 -0.13554409 -0.15799959 -0.01346807  0.04650514] 
Episode: 3861: [ 0.05945313 -0.13553737 -0.15817244 -0.01358915  0.04646601] 
Episode: 3871: [ 0.05949134 -0.13560487 -0.1581108  -0.01349335  0.04637524] 
Episode: 3881: [ 0.059593   -0.13593622 -0.15819298 -0.01358893  0.04656667] 
Episode: 3891: [ 0.05972319 -0.1361963  -0.15830982 -0.01381185  0.04679595] 
Episode: 3901: [ 0.06006955 -0.13637109 -0.15835188 -0.01392306  0.04664807] 
Episode: 3911: [ 0.06028581 -0.13648945 -0.15827438 -0.01417763  0.04667705] 
Episode: 3921: [ 0.06028834 -0.13659939 -0.1580268  -0.01423929  0.04671886] 
Episode: 3931: [ 0.06026875 -0.13663848 -0.15792589 -0.01419311  0.04669778] 
Episode: 3941: [ 0.06036624 -0.13680312 -0.1578932  -0.01404548  0.04657168] 
Episode: 3951: [ 0.06038317 -0.13695227 -0.15773006 -0.01381911  0.04642045] 
Episode: 3961: [ 0.0603806  -0.13718651 -0.1576623  -0.01376431  0.04649989] 
Episode: 3971: [ 0.06019495 -0.13745183 -0.15753557 -0.01371752  0.04677239] 
Episode: 3981: [ 0.06014548 -0.1375766  -0.15745693 -0.01377551  0.04691933] 
Episode: 3991: [ 0.06015479 -0.1377082  -0.15737578 -0.01377907  0.04696777] 
Episode: 4001: [ 0.06013184 -0.13773479 -0.15735975 -0.01371858  0.04695372] 
Episode: 4011: [ 0.06015256 -0.13766342 -0.15738776 -0.01372722  0.04690187] 
Episode: 4021: [ 0.06013845 -0.13762073 -0.15715262 -0.01368396  0.04679128] 
Episode: 4031: [ 0.06012054 -0.13757092 -0.15686685 -0.01369025  0.04670459] 
Episode: 4041: [ 0.06026524 -0.13760702 -0.15673453 -0.01377664  0.0466083 ] 
Episode: 4051: [ 0.06046832 -0.13772345 -0.15689616 -0.01453523  0.0471251 ] 
Episode: 4061: [ 0.06051202 -0.13786682 -0.15703219 -0.01493411  0.04752555] 
Episode: 4071: [ 0.06056689 -0.13787001 -0.15716107 -0.01521075  0.04772589] 
Episode: 4081: [ 0.06048234 -0.13750844 -0.15716608 -0.01521358  0.04758754] 
Episode: 4091: [ 0.06069212 -0.13751185 -0.15727793 -0.01503441  0.04726411] 
Episode: 4101: [ 0.06089778 -0.13776264 -0.15715314 -0.01486988  0.04704713] 
Episode: 4111: [ 0.06110406 -0.13761519 -0.15720822 -0.01487382  0.04676094] 
Episode: 4121: [ 0.06127737 -0.13739365 -0.15744367 -0.01500024  0.04660935] 
Episode: 4131: [ 0.06162842 -0.13723856 -0.15769297 -0.0152872   0.04645169] 
Episode: 4141: [ 0.06197179 -0.13735764 -0.15811636 -0.01566294  0.04659671] 
Episode: 4151: [ 0.06195467 -0.13749841 -0.15818739 -0.0157486   0.04679334] 
Episode: 4161: [ 0.06206687 -0.1375638  -0.15818593 -0.01581529  0.04677369] 
Episode: 4171: [ 0.06209473 -0.13756795 -0.15825671 -0.01583969  0.0467866 ] 
Episode: 4181: [ 0.06214277 -0.13753259 -0.15829585 -0.01579873  0.04669208] 
Episode: 4191: [ 0.06190915 -0.13736755 -0.1580681  -0.01560327  0.04660787] 
Episode: 4201: [ 0.06166044 -0.13721436 -0.1577445  -0.01564977  0.04672139] 
Episode: 4211: [ 0.06160122 -0.13727579 -0.15750647 -0.01571297  0.04680946] 
Episode: 4221: [ 0.0616892  -0.13740903 -0.15741235 -0.0158246   0.04686747] 
Episode: 4231: [ 0.06185507 -0.13755344 -0.157397   -0.01596229  0.04689358] 
Episode: 4241: [ 0.06199941 -0.137754   -0.1573313  -0.01594182  0.04683491] 
Episode: 4251: [ 0.06216646 -0.13803442 -0.15717198 -0.01582706  0.04670067] 
Episode: 4261: [ 0.06221534 -0.13827698 -0.15701066 -0.01578978  0.04672874] 
Episode: 4271: [ 0.06223991 -0.13839589 -0.15690953 -0.01573588  0.04670695] 
Episode: 4281: [ 0.06262022 -0.13856123 -0.15696087 -0.01594826  0.04660015] 
Episode: 4291: [ 0.06297791 -0.13882846 -0.15707698 -0.01625839  0.04667828] 
Episode: 4301: [ 0.06313993 -0.13886754 -0.15712117 -0.01645851  0.04670746] 
Episode: 4311: [ 0.0631979  -0.13884962 -0.15713304 -0.01655778  0.04671902] 
Episode: 4321: [ 0.06343062 -0.13894302 -0.15685393 -0.0163914   0.04633513] 
Episode: 4331: [ 0.06353147 -0.13918991 -0.15665875 -0.01639412  0.04633246] 
Episode: 4341: [ 0.06329859 -0.13934657 -0.1563077  -0.0162002   0.04642194] 
Episode: 4351: [ 0.06337806 -0.13969009 -0.15654545 -0.0161776   0.04659306] 
Episode: 4361: [ 0.0633923  -0.14008233 -0.15644932 -0.01608157  0.0467135 ] 
Episode: 4371: [ 0.06333686 -0.14019637 -0.1563059  -0.01615062  0.04685618] 
Episode: 4381: [ 0.0636288  -0.14038777 -0.15627997 -0.01634528  0.0468172 ] 
Episode: 4391: [ 0.06416082 -0.14062089 -0.15630521 -0.01650947  0.04654359] 
Episode: 4401: [ 0.06431737 -0.14091507 -0.15624703 -0.01660658  0.04661563] 
Episode: 4411: [ 0.06422243 -0.14122006 -0.15631743 -0.0168522   0.04709806] 
Episode: 4421: [ 0.06425013 -0.14148481 -0.15625472 -0.01696412  0.04729527] 
Episode: 4431: [ 0.06429876 -0.1416434  -0.15621555 -0.01712986  0.04745697] 
Episode: 4441: [ 0.06439053 -0.14185533 -0.1562076  -0.01722605  0.0475606 ] 
Episode: 4451: [ 0.06447553 -0.14207506 -0.15622091 -0.01736014  0.0477106 ] 
Episode: 4461: [ 0.0646336  -0.14227071 -0.15618177 -0.01735522  0.04765106] 
Episode: 4471: [ 0.06469896 -0.14231893 -0.15602733 -0.0173586   0.04757572] 
Episode: 4481: [ 0.06488193 -0.14241022 -0.15602456 -0.01750124  0.04755417] 
Episode: 4491: [ 0.06480823 -0.14252229 -0.15584223 -0.01743366  0.04759371] 
Episode: 4501: [ 0.06492823 -0.1425457  -0.15586327 -0.01744512  0.04750038] 
Episode: 4511: [ 0.06531171 -0.14254983 -0.15603334 -0.01774357  0.0473901 ] 
Episode: 4521: [ 0.06565142 -0.14249837 -0.15626052 -0.01808605  0.04734059] 
Episode: 4531: [ 0.06584159 -0.14217232 -0.15645538 -0.01833783  0.04720298] 
Episode: 4541: [ 0.06603005 -0.14211051 -0.15658875 -0.01850132  0.04713747] 
Episode: 4551: [ 0.06609201 -0.14226136 -0.15664947 -0.01862532  0.04727504] 
Episode: 4561: [ 0.06639196 -0.14289965 -0.15717578 -0.01890464  0.0477101 ] 
Episode: 4571: [ 0.06665394 -0.14314738 -0.1574434  -0.01913077  0.04783899] 
Episode: 4581: [ 0.06673042 -0.14312273 -0.15756528 -0.01927421  0.04788985] 
Episode: 4591: [ 0.0665957  -0.14296491 -0.15718167 -0.0190776   0.04767774] 
Episode: 4601: [ 0.06658577 -0.14292708 -0.15683831 -0.01895764  0.0474799 ] 
Episode: 4611: [ 0.06683935 -0.14298214 -0.1568584  -0.01910877  0.04737566] 
Episode: 4621: [ 0.06695618 -0.14295727 -0.1568392  -0.01918024  0.04729133] 
Episode: 4631: [ 0.06707551 -0.14297207 -0.1567754  -0.01918895  0.04716782] 
Episode: 4641: [ 0.06694609 -0.14300685 -0.15670416 -0.01896849  0.04713192] 
Episode: 4651: [ 0.0668347  -0.14311737 -0.15664274 -0.01882171  0.04718228] 
Episode: 4661: [ 0.06640423 -0.14315988 -0.15624617 -0.01857416  0.04735272] 
Episode: 4671: [ 0.06634645 -0.14317743 -0.15616964 -0.01853332  0.04737041] 
Episode: 4681: [ 0.06661195 -0.1434113  -0.15633255 -0.01882839  0.04750905] 
Episode: 4691: [ 0.06687664 -0.14354491 -0.15658277 -0.01922338  0.0476909 ] 
Episode: 4701: [ 0.06689951 -0.1437378  -0.15648589 -0.01914682  0.04769539] 
Episode: 4711: [ 0.06682885 -0.14391693 -0.15628843 -0.01889119  0.04762096] 
Episode: 4721: [ 0.06701523 -0.14397533 -0.15639096 -0.01885109  0.04745924] 
Episode: 4731: [ 0.06740146 -0.14387001 -0.15682837 -0.01888605  0.04714409] 
Episode: 4741: [ 0.06773587 -0.14386351 -0.15690331 -0.01901329  0.04690886] 
Episode: 4751: [ 0.06785115 -0.14363372 -0.15693046 -0.01898351  0.04663549] 
Episode: 4761: [ 0.06783199 -0.14345467 -0.156832   -0.01880951  0.04638629] 
Episode: 4771: [ 0.06782436 -0.14350237 -0.1566184  -0.01865157  0.04623991] 
Episode: 4781: [ 0.06771936 -0.14341062 -0.1564709  -0.01847396  0.04611736] 
Episode: 4791: [ 0.06745321 -0.14345612 -0.15617295 -0.01810376  0.04605537] 
Episode: 4801: [ 0.06762777 -0.14347972 -0.15628767 -0.01811356  0.04592034] 
Episode: 4811: [ 0.06819379 -0.14335036 -0.15668435 -0.01849774  0.04564498] 
Episode: 4821: [ 0.0683566  -0.1432557  -0.15682094 -0.0187177   0.04562422] 
Episode: 4831: [ 0.06855752 -0.14335874 -0.15683305 -0.01865143  0.04541956] 
Episode: 4841: [ 0.06875742 -0.14337514 -0.1569272  -0.01879168  0.04535021] 
Episode: 4851: [ 0.06881122 -0.1433477  -0.15692914 -0.01897312  0.04541931] 
Episode: 4861: [ 0.06871088 -0.14329451 -0.15675439 -0.01889876  0.04538938] 
Episode: 4871: [ 0.06857662 -0.14317241 -0.15667623 -0.01858572  0.04519305] 
Episode: 4881: [ 0.06880724 -0.14332865 -0.15651697 -0.01859528  0.04499974] 
Episode: 4891: [ 0.0694544  -0.14425641 -0.156467   -0.01878688  0.04503148] 
Episode: 4901: [ 0.06974279 -0.14463328 -0.15656146 -0.01897126  0.045132  ] 
Episode: 4911: [ 0.069828   -0.14483975 -0.15646875 -0.01911376  0.0452592 ] 
Episode: 4921: [ 0.07008296 -0.14503524 -0.15648238 -0.01934658  0.0452913 ] 
Episode: 4931: [ 0.07032684 -0.14505038 -0.15641074 -0.01948882  0.04512194] 
Episode: 4941: [ 0.07026386 -0.14492567 -0.15634806 -0.01950648  0.04510723] 
Episode: 4951: [ 0.07032996 -0.1445891  -0.15630607 -0.01959134  0.0448685 ] 
Episode: 4961: [ 0.07031883 -0.14448637 -0.15647109 -0.019772    0.04500112] 
Episode: 4971: [ 0.0701552  -0.14437282 -0.15653679 -0.02001027  0.04531452] 
Episode: 4981: [ 0.06997128 -0.14443298 -0.1567403  -0.02036504  0.04589216] 
Episode: 4991: [ 0.06996343 -0.14449461 -0.15687865 -0.02043144  0.04603074] 
