42734.718750 9850.486328 4741.379395 2268.410889 16737.554688 
80825.859375 16032.246094 7833.459961 6670.832520 37474.261719 
66401.164062 8637.955078 6846.293457 4762.332031 20603.632812 
59638.734375 17099.205078 6565.175781 3696.125488 16955.822266 
52720.906250 9184.246094 7422.198730 4487.055664 26556.261719 
57740.285156 8781.673828 6093.176270 3414.378662 16598.781250 
48734.375000 9921.878906 8460.805664 4095.730469 20817.769531 
40125.261719 7305.791504 3631.981934 2921.359863 13208.017578 
51791.128906 6982.180176 6847.640625 4352.230469 28044.888672 
40387.636719 4945.313477 3472.992188 2176.823486 19402.208984 
53978.597656 8317.995117 4794.098145 2246.978516 21750.335938 
60570.718750 11813.184570 6477.335449 4662.691895 24412.693359 
46356.796875 7319.968750 6993.199219 4086.736572 14981.000000 
56085.335938 13856.083984 9349.943359 5679.964355 29472.474609 
42779.652344 6495.920898 3888.751221 3374.406982 10886.371094 
76381.281250 12520.418945 9921.070312 8645.294922 30245.214844 
57769.128906 9816.500977 11559.577148 6602.387207 33436.101562 
81231.851562 17751.041016 7884.702148 5032.987305 20557.794922 
66504.078125 8714.162109 7311.257324 6678.368164 34453.792969 
56438.449219 11416.595703 17135.871094 4400.372559 29475.062500 
