3.867172 
3.907099 
3.625207 
3.836195 
3.894758 
3.988117 
3.892052 
3.663837 
3.929480 
3.951865 
3.585563 
3.812039 
3.920818 
4.085176 
3.942739 
3.934551 
3.815364 
3.788454 
3.916032 
3.817694 
3.921514 
3.964815 
3.829136 
3.847859 
3.911192 
3.775738 
3.909566 
3.714987 
3.868494 
3.989860 
3.874907 
3.879730 
3.843303 
3.931855 
3.835539 
3.824160 
3.891178 
3.895354 
3.805061 
3.756173 
3.841141 
3.829392 
3.742946 
3.786204 
3.764047 
3.859517 
3.865999 
3.893002 
3.879135 
3.904683 
3.798086 
3.751675 
3.967079 
3.853738 
3.888721 
3.879947 
3.910091 
3.772085 
3.855272 
3.870129 
3.862366 
3.822672 
3.852856 
3.813483 
3.775587 
3.805953 
3.900573 
3.917540 
3.852277 
3.806478 
3.862257 
3.806422 
3.925532 
3.887761 
3.810194 
3.857158 
3.898590 
3.853285 
3.927770 
3.873833 
3.831502 
3.861592 
3.846802 
3.850801 
3.788920 
3.751558 
3.792747 
3.821362 
3.932841 
3.917547 
3.914820 
3.892380 
3.769134 
3.820560 
3.812082 
3.822533 
3.730419 
3.845977 
3.891687 
3.819348 
3.813708 
3.804477 
3.817426 
3.982168 
3.885029 
3.808141 
3.846321 
3.921840 
3.798052 
3.801146 
3.741081 
3.909372 
3.827078 
3.837206 
3.721269 
3.846021 
3.833248 
3.821813 
3.834456 
3.821799 
3.780284 
3.943263 
3.879496 
3.741493 
3.958434 
3.750862 
3.820751 
3.700549 
3.953362 
