90370.398438 6926.039551 4601.064453 4398.931152 9416.350586 
74456.335938 8953.398438 4127.088867 3991.611328 9790.958008 
98883.648438 7243.573242 4616.838379 4126.153809 13987.423828 
90353.539062 9108.034180 6726.356445 3303.550781 38791.054688 
83343.453125 10585.547852 6722.128418 7145.101562 9104.204102 
81806.546875 9308.872070 5855.953125 6308.338379 10816.777344 
64730.699219 7600.981445 5511.426758 2262.138184 8655.194336 
79243.007812 8605.378906 4061.243896 5623.576660 10417.363281 
81829.656250 8898.125977 10387.337891 5696.370605 33007.281250 
108337.023438 32044.593750 25654.369141 14897.034180 16466.074219 
57448.757812 5810.838867 4317.813965 2520.930908 11649.534180 
82281.929688 8784.535156 4890.253906 3788.363525 36936.664062 
84799.648438 10571.543945 6096.590332 4626.714844 19928.322266 
64978.636719 5935.676758 4823.615723 3004.702148 7778.767090 
79850.312500 9231.263672 5809.845703 4442.349609 7486.601074 
95463.781250 14695.640625 5826.422852 5846.496582 11288.893555 
88324.820312 9506.704102 6070.170898 3907.811279 8794.556641 
79116.031250 10491.017578 3978.474609 4300.061035 20477.724609 
117487.375000 13486.220703 11322.692383 6835.824707 12053.634766 
79404.562500 8124.157715 5403.680176 3724.164062 38826.859375 
