164360.437500 56695.390625 15114.178711 49943.390625 28538.791016 
117367.906250 80536.437500 25208.742188 20491.658203 14862.616211 
152644.265625 36105.468750 20540.226562 15223.145508 20670.621094 
195527.781250 142747.562500 40499.187500 27395.361328 39523.207031 
153315.390625 53224.390625 40877.062500 25695.494141 22967.611328 
122358.156250 67651.507812 59276.082031 29107.017578 19045.289062 
144691.687500 77740.476562 39859.832031 17092.533203 9772.854492 
156212.406250 60178.171875 20394.529297 30112.724609 8018.996582 
154955.171875 167081.921875 36079.609375 32045.392578 10276.471680 
196577.296875 194258.625000 36912.691406 37882.265625 25863.707031 
122351.234375 17624.556641 13455.721680 15407.782227 13781.033203 
179168.921875 58910.167969 61555.277344 24925.691406 20471.091797 
220598.640625 133468.937500 35318.210938 28639.472656 28059.521484 
182778.500000 39560.781250 25434.589844 34485.742188 46048.750000 
119671.484375 91305.757812 28667.306641 35358.148438 13776.324219 
155998.921875 90720.562500 23008.546875 90333.929688 12763.636719 
312899.375000 71822.132812 40925.796875 30069.595703 24201.529297 
140203.562500 81251.898438 18532.957031 21421.705078 22972.625000 
187131.859375 45532.699219 31892.505859 25216.191406 11864.871094 
124629.835938 95819.554688 13659.875977 45836.820312 7402.154297 
