21406.208984 3239.983398 2225.882324 2969.432129 378017.687500 
25343.628906 9898.635742 2197.062500 2597.959961 297336.093750 
33398.453125 20251.105469 3935.608398 7929.969727 267677.968750 
27175.449219 8801.166992 4092.187988 2885.606201 490330.218750 
25419.556641 9172.843750 3928.301758 2923.085205 314571.531250 
22281.529297 4784.275391 3252.382080 1816.109253 213290.375000 
17962.015625 18335.683594 2779.032227 2748.826172 344052.843750 
15093.878906 6292.163574 2265.329590 1618.289551 255450.937500 
35454.804688 39387.687500 3524.833984 3422.184814 285690.437500 
29444.734375 23832.324219 6016.832520 6496.197266 367195.531250 
39530.191406 29338.583984 6021.812988 9975.366211 296767.718750 
37116.761719 5793.846191 2473.193115 2961.503418 179525.937500 
37224.515625 26326.042969 3436.686768 3247.817139 150844.296875 
59540.093750 14768.460938 3719.557861 2604.470703 308573.125000 
31012.480469 5116.206543 2065.877930 1137.976685 255365.546875 
53202.117188 13993.468750 24470.720703 3489.559082 106110.078125 
24125.185547 7524.175293 5885.439941 9676.533203 552068.687500 
23378.216797 10306.097656 5025.808594 4213.482910 399828.125000 
22342.080078 27249.119141 6699.605957 6372.354004 241422.875000 
22075.060547 5903.968750 2570.895752 2631.607422 408405.718750 
