Episode: 1: [[ 0.0017      0.0007      0.00069999  0.00069999  0.0007     -0.0007    ]
 [ 0.0017      0.0007      0.00069997  0.00069997  0.0007     -0.0007    ]
 [ 0.0017      0.0007     -0.00069998 -0.00069999  0.0007     -0.0007    ]
 [ 0.0017      0.0007     -0.00069989 -0.00069999  0.0007     -0.0007    ]
 [ 0.0017      0.0007      0.00069999 -0.0007      0.0007     -0.0007    ]] 
Episode: 11: [[ 8.16888548e-03  7.16888532e-03 -5.19714667e-04  3.56728584e-03
  -1.13217538e-04 -1.04383915e-04]
 [ 8.23834911e-03  7.23835034e-03 -2.77014478e-04  3.12275370e-03
   8.01506685e-05 -2.34377600e-04]
 [ 8.34850781e-03  7.34850811e-03 -8.82112421e-04  2.50489102e-03
   2.78180203e-04 -3.81642196e-04]
 [ 8.39884765e-03  7.39884749e-03  4.52678272e-04  3.01049370e-03
   3.48047965e-04 -4.10246546e-04]
 [ 7.89837819e-03  6.89837802e-03  1.88845792e-03  2.30799126e-03
  -7.80815608e-05 -1.10557390e-04]] 
Episode: 21: [[ 0.01514766  0.01414766 -0.00089227  0.00274911  0.00250182 -0.00553374]
 [ 0.0152746   0.0142746  -0.00073094  0.00219276  0.002792   -0.0057308 ]
 [ 0.01548639  0.01448639 -0.00133013  0.00142108  0.00319455 -0.00594444]
 [ 0.01557958  0.01457958 -0.00035744  0.00215959  0.00338006 -0.00596785]
 [ 0.01486087  0.01386087  0.00132893  0.00180385  0.00319561 -0.00508027]] 
Episode: 31: [[ 0.02293882  0.02193882 -0.00080692  0.00216045  0.0016052  -0.00897246]
 [ 0.02317477  0.02217478 -0.00065669  0.00167187  0.00112199 -0.00944659]
 [ 0.0235206   0.0225206  -0.0012089   0.0009029   0.00096492 -0.0097952 ]
 [ 0.02366337  0.02266337 -0.00026907  0.00177182  0.0009803  -0.00974985]
 [ 0.02237223  0.02137222  0.00141246  0.00131581  0.00394582 -0.00511801]] 
