Episode: 1: [[0.2 0.2 0.2 0.2 0.2]] 
Episode: 2: [[0.20099546 0.20099546 0.20099546 0.20099558 0.19900113]] 
Episode: 3: [[0.20110373 0.20116068 0.20119977 0.20121598 0.19882663]] 
Episode: 4: [[0.2015799  0.20155348 0.20123611 0.20154066 0.19848308]] 
Episode: 5: [[0.20191294 0.20178542 0.2012026  0.20175518 0.19827089]] 
Episode: 6: [[0.20252307 0.20138018 0.2006728  0.2014382  0.19848372]] 
Episode: 7: [[0.20205805 0.2008344  0.20010898 0.20090392 0.19901255]] 
Episode: 8: [[0.20157777 0.20028254 0.19954191 0.2003586  0.19955027]] 
Episode: 9: [[0.20116442 0.19979973 0.19904527 0.19988349 0.20001866]] 
Episode: 10: [[0.20055331 0.19915235 0.19839254 0.20010528 0.20059797]] 
Episode: 11: [[0.20002165 0.19856061 0.19781344 0.20035368 0.20108953]] 
Episode: 12: [[0.19938578 0.19787307 0.19710635 0.20005123 0.2017376 ]] 
Episode: 13: [[0.19904588 0.19753332 0.19688076 0.19953895 0.2023343 ]] 
Episode: 14: [[0.19851486 0.19703594 0.19684371 0.19943167 0.20305617]] 
Episode: 15: [[0.19792102 0.19648987 0.19694325 0.19987014 0.20372142]] 
Episode: 16: [[0.19732119 0.19624177 0.19743714 0.20045087 0.20383783]] 
Episode: 17: [[0.1966219  0.19655764 0.19801722 0.20115003 0.20348   ]] 
Episode: 18: [[0.19609818 0.19696355 0.19855374 0.20135991 0.20320515]] 
Episode: 19: [[0.19623117 0.1975602  0.19907516 0.20116061 0.2026491 ]] 
Episode: 20: [[0.19605114 0.19802913 0.19976392 0.20145947 0.20199828]] 
Episode: 21: [[0.19561194 0.19869126 0.20054351 0.20196818 0.20122507]] 
Episode: 22: [[0.19498442 0.19900182 0.20141299 0.20265643 0.2009711 ]] 
Episode: 23: [[0.19424297 0.19920664 0.20230658 0.20344992 0.20109142]] 
Episode: 24: [[0.19340754 0.19916677 0.20323686 0.20432752 0.20144512]] 
Episode: 25: [[0.19248188 0.19890462 0.2042233  0.2052846  0.20203646]] 
Episode: 26: [[0.19150451 0.19832145 0.20512727 0.2063077  0.2027908 ]] 
Episode: 27: [[0.19081517 0.19764602 0.2058174  0.20701821 0.20345816]] 
Episode: 28: [[0.19026704 0.19819415 0.20526928 0.20647009 0.20400628]] 
Episode: 29: [[0.18976763 0.19869356 0.20476986 0.20597067 0.2045057 ]] 
Episode: 30: [[0.1893126  0.19914858 0.20431484 0.20551565 0.20496072]] 
Episode: 31: [[0.18889803 0.19956316 0.20390026 0.20510107 0.2053753 ]] 
Episode: 32: [[0.18852031 0.19994088 0.20352255 0.20472336 0.20575301]] 
Episode: 33: [[0.18817621 0.20028497 0.20317845 0.20437926 0.20609711]] 
Episode: 34: [[0.18786275 0.20059843 0.20286499 0.2040658  0.20641057]] 
Episode: 35: [[0.18757723 0.20088395 0.20257947 0.20378028 0.2066961 ]] 
Episode: 36: [[0.1873172  0.201144   0.20231943 0.20352024 0.20695613]] 
Episode: 37: [[0.18708038 0.2013808  0.20208262 0.20328343 0.20719294]] 
Episode: 38: [[0.18686476 0.20159642 0.201867   0.20306781 0.20740856]] 
Episode: 39: [[0.18666846 0.20179273 0.20167069 0.2028715  0.20760487]] 
Episode: 40: [[0.18648976 0.20197143 0.201492   0.2026928  0.20778356]] 
Episode: 41: [[0.18632711 0.20213407 0.20132935 0.20253016 0.20794621]] 
Episode: 42: [[0.1861791  0.20228209 0.20118134 0.20238215 0.20809422]] 
Episode: 43: [[0.18604442 0.20241676 0.20104666 0.20224747 0.2082289 ]] 
Episode: 44: [[0.18592189 0.2025393  0.20092413 0.20212494 0.20835143]] 
Episode: 45: [[0.18581043 0.20265076 0.20081267 0.20201348 0.2084629 ]] 
Episode: 46: [[0.18570906 0.20275213 0.2007113  0.2019121  0.20856427]] 
Episode: 47: [[0.18561687 0.20284432 0.2006191  0.20181991 0.20865646]] 
Episode: 48: [[0.18553305 0.20292814 0.20053528 0.2017361  0.20874028]] 
Episode: 49: [[0.18545684 0.20300435 0.20045908 0.20165989 0.20881648]] 
Episode: 50: [[0.18538758 0.2030736  0.20038982 0.20159063 0.20888574]] 
Episode: 51: [[0.18532462 0.20313656 0.20032686 0.20152767 0.2089487 ]] 
Episode: 52: [[0.18526742 0.20319377 0.20026965 0.20147046 0.2090059 ]] 
Episode: 53: [[0.18521544 0.20324574 0.20021768 0.20141849 0.20905788]] 
Episode: 54: [[0.18516822 0.20329297 0.20017046 0.20137127 0.2091051 ]] 
Episode: 55: [[0.18512534 0.20333585 0.20012757 0.20132838 0.20914799]] 
Episode: 56: [[0.18508638 0.2033748  0.20008862 0.20128943 0.20918694]] 
Episode: 57: [[0.18505101 0.20341018 0.20005324 0.20125405 0.20922232]] 
Episode: 58: [[0.1850189  0.20344229 0.20002113 0.20122194 0.20925443]] 
Episode: 59: [[0.18498974 0.20347145 0.19999197 0.20119278 0.20928359]] 
Episode: 60: [[0.18496327 0.20349792 0.1999655  0.20116632 0.20931005]] 
Episode: 61: [[0.18493925 0.20352194 0.19994149 0.2011423  0.20933408]] 
Episode: 62: [[0.18491745 0.20354374 0.19991969 0.2011205  0.20935588]] 
Episode: 63: [[0.18489766 0.20356353 0.1998999  0.2011007  0.20937566]] 
Episode: 64: [[0.1848797  0.20358148 0.19988194 0.20108275 0.20939362]] 
Episode: 65: [[0.18486342 0.20359777 0.19986565 0.20106646 0.20940991]] 
Episode: 66: [[0.18484865 0.20361254 0.19985089 0.2010517  0.20942467]] 
Episode: 67: [[0.18483526 0.20362593 0.19983749 0.2010383  0.20943807]] 
Episode: 68: [[0.1848231  0.20363809 0.19982533 0.20102614 0.20945023]] 
Episode: 69: [[0.18481207 0.20364912 0.1998143  0.20101511 0.20946126]] 
Episode: 70: [[0.18480207 0.20365912 0.1998043  0.20100512 0.20947126]] 
Episode: 71: [[0.18479301 0.20366818 0.19979525 0.20099606 0.20948032]] 
Episode: 72: [[0.1847848  0.20367639 0.19978704 0.20098785 0.20948853]] 
Episode: 73: [[0.18477735 0.20368384 0.19977959 0.2009804  0.20949598]] 
Episode: 74: [[0.1847706  0.20369059 0.19977283 0.20097364 0.20950273]] 
Episode: 75: [[0.18476449 0.2036967  0.19976673 0.20096754 0.20950884]] 
Episode: 76: [[0.18475895 0.20370224 0.19976118 0.20096199 0.20951438]] 
Episode: 77: [[0.18475392 0.20370726 0.19975616 0.20095697 0.2095194 ]] 
Episode: 78: [[0.18474938 0.20371181 0.19975162 0.20095243 0.20952395]] 
Episode: 79: [[0.18474525 0.20371594 0.19974749 0.2009483  0.20952807]] 
Episode: 80: [[0.18474151 0.20371968 0.19974375 0.20094456 0.20953181]] 
Episode: 81: [[0.18473813 0.20372306 0.19974037 0.20094118 0.2095352 ]] 
Episode: 82: [[0.18473506 0.20372613 0.1997373  0.2009381  0.20953827]] 
Episode: 83: [[0.18473229 0.2037289  0.19973452 0.20093533 0.20954104]] 
Episode: 84: [[0.18472977 0.20373142 0.199732   0.20093282 0.20954356]] 
Episode: 85: [[0.18472749 0.2037337  0.19972973 0.20093054 0.20954584]] 
Episode: 86: [[0.18472543 0.20373575 0.19972767 0.20092848 0.20954789]] 
Episode: 87: [[0.18472357 0.20373762 0.1997258  0.20092662 0.20954975]] 
Episode: 88: [[0.18472189 0.2037393  0.19972412 0.20092493 0.20955144]] 
Episode: 89: [[0.18472035 0.20374084 0.19972259 0.2009234  0.20955297]] 
Episode: 90: [[0.18471897 0.20374222 0.1997212  0.20092201 0.20955436]] 
Episode: 91: [[0.18471771 0.20374347 0.19971995 0.20092076 0.20955561]] 
Episode: 92: [[0.18471658 0.2037446  0.19971882 0.20091963 0.20955674]] 
Episode: 93: [[0.18471555 0.20374563 0.19971779 0.2009186  0.20955777]] 
Episode: 94: [[0.18471463 0.20374656 0.19971687 0.20091768 0.2095587 ]] 
Episode: 95: [[0.18471378 0.2037474  0.19971602 0.20091683 0.20955954]] 
Episode: 96: [[0.18471302 0.20374817 0.19971526 0.20091607 0.2095603 ]] 
Episode: 97: [[0.18471234 0.20374885 0.19971457 0.20091538 0.20956099]] 
Episode: 98: [[0.18471171 0.20374948 0.19971395 0.20091476 0.20956162]] 
Episode: 99: [[0.18471114 0.20375004 0.19971338 0.20091419 0.20956218]] 
Episode: 100: [[0.18471064 0.20375055 0.19971287 0.20091368 0.20956269]] 
Episode: 101: [[0.18471017 0.20375101 0.19971241 0.20091322 0.20956315]] 
Episode: 102: [[0.18470976 0.20375143 0.199712   0.2009128  0.20956357]] 
Episode: 103: [[0.18470939 0.2037518  0.19971162 0.20091243 0.20956394]] 
Episode: 104: [[0.18470904 0.20375215 0.19971128 0.20091209 0.20956428]] 
Episode: 105: [[0.18470873 0.20375246 0.19971097 0.20091178 0.2095646 ]] 
Episode: 106: [[0.18470845 0.20375274 0.19971068 0.20091149 0.20956488]] 
Episode: 107: [[0.1847082  0.203753   0.19971043 0.20091124 0.20956513]] 
Episode: 108: [[0.18470797 0.20375322 0.1997102  0.20091102 0.20956536]] 
Episode: 109: [[0.18470776 0.20375343 0.19971    0.2009108  0.20956556]] 
Episode: 110: [[0.18470757 0.20375362 0.1997098  0.20091061 0.20956576]] 
Episode: 111: [[0.1847074  0.20375378 0.19970964 0.20091045 0.20956592]] 
Episode: 112: [[0.18470725 0.20375393 0.19970949 0.2009103  0.20956607]] 
Episode: 113: [[0.18470712 0.20375407 0.19970936 0.20091017 0.2095662 ]] 
Episode: 114: [[0.184707   0.20375419 0.19970924 0.20091005 0.20956632]] 
Episode: 115: [[0.18470688 0.2037543  0.19970912 0.20090993 0.20956644]] 
Episode: 116: [[0.18470678 0.20375441 0.19970901 0.20090982 0.20956655]] 
Episode: 117: [[0.18470669 0.2037545  0.19970892 0.20090973 0.20956664]] 
Episode: 118: [[0.1847066  0.20375459 0.19970883 0.20090964 0.20956673]] 
Episode: 119: [[0.18470652 0.20375466 0.19970876 0.20090957 0.2095668 ]] 
Episode: 120: [[0.18470645 0.20375474 0.19970869 0.2009095  0.20956688]] 
Episode: 121: [[0.18470639 0.2037548  0.19970863 0.20090944 0.20956694]] 
Episode: 122: [[0.18470633 0.20375486 0.19970857 0.20090938 0.209567  ]] 
Episode: 123: [[0.18470629 0.2037549  0.19970852 0.20090933 0.20956704]] 
Episode: 124: [[0.18470624 0.20375495 0.19970848 0.20090929 0.20956708]] 
Episode: 125: [[0.1847062  0.20375499 0.19970843 0.20090924 0.20956713]] 
Episode: 126: [[0.18470615 0.20375504 0.19970839 0.2009092  0.20956717]] 
Episode: 127: [[0.18470612 0.20375507 0.19970836 0.20090917 0.2095672 ]] 
Episode: 128: [[0.18470609 0.2037551  0.19970833 0.20090914 0.20956723]] 
Episode: 129: [[0.18470606 0.20375513 0.1997083  0.20090911 0.20956726]] 
Episode: 130: [[0.18470603 0.20375516 0.19970827 0.20090908 0.2095673 ]] 
Episode: 131: [[0.184706   0.20375519 0.19970824 0.20090905 0.20956732]] 
Episode: 132: [[0.18470599 0.2037552  0.19970822 0.20090903 0.20956734]] 
Episode: 133: [[0.18470597 0.20375521 0.19970821 0.20090902 0.20956735]] 
Episode: 134: [[0.18470596 0.20375523 0.1997082  0.200909   0.20956737]] 
Episode: 135: [[0.18470594 0.20375524 0.19970818 0.20090899 0.20956738]] 
Episode: 136: [[0.18470593 0.20375526 0.19970816 0.20090897 0.2095674 ]] 
Episode: 137: [[0.18470591 0.20375527 0.19970815 0.20090896 0.20956741]] 
Episode: 138: [[0.1847059  0.20375529 0.19970813 0.20090894 0.20956743]] 
Episode: 139: [[0.18470588 0.2037553  0.19970812 0.20090893 0.20956744]] 
Episode: 140: [[0.18470587 0.20375532 0.1997081  0.20090891 0.20956746]] 
Episode: 141: [[0.18470585 0.20375533 0.19970809 0.2009089  0.20956747]] 
Episode: 142: [[0.18470585 0.20375533 0.19970809 0.2009089  0.20956747]] 
Episode: 143: [[0.18470585 0.20375533 0.19970809 0.2009089  0.20956747]] 
Episode: 144: [[0.18470585 0.20375533 0.19970809 0.2009089  0.20956747]] 
Episode: 145: [[0.18470585 0.20375533 0.19970809 0.2009089  0.20956747]] 
Episode: 146: [[0.18470585 0.20375533 0.19970809 0.2009089  0.20956747]] 
Episode: 147: [[0.18470585 0.20375533 0.19970809 0.2009089  0.20956747]] 
Episode: 148: [[0.18470585 0.20375533 0.19970809 0.2009089  0.20956747]] 
Episode: 149: [[0.18470585 0.20375533 0.19970809 0.2009089  0.20956747]] 
Episode: 150: [[0.18470585 0.20375533 0.19970809 0.2009089  0.20956747]] 
Episode: 151: [[0.18470585 0.20375533 0.19970809 0.2009089  0.20956747]] 
Episode: 152: [[0.18470585 0.20375533 0.19970809 0.2009089  0.20956747]] 
Episode: 153: [[0.18470585 0.20375533 0.19970809 0.2009089  0.20956747]] 
Episode: 154: [[0.18470585 0.20375533 0.19970809 0.2009089  0.20956747]] 
Episode: 155: [[0.18470585 0.20375533 0.19970809 0.2009089  0.20956747]] 
Episode: 156: [[0.18470585 0.20375533 0.19970809 0.2009089  0.20956747]] 
Episode: 157: [[0.18470585 0.20375533 0.19970809 0.2009089  0.20956747]] 
Episode: 158: [[0.18470585 0.20375533 0.19970809 0.2009089  0.20956747]] 
Episode: 159: [[0.18470585 0.20375533 0.19970809 0.2009089  0.20956747]] 
Episode: 160: [[0.18470585 0.20375533 0.19970809 0.2009089  0.20956747]] 
Episode: 161: [[0.18470585 0.20375533 0.19970809 0.2009089  0.20956747]] 
Episode: 162: [[0.18470585 0.20375533 0.19970809 0.2009089  0.20956747]] 
Episode: 163: [[0.18470585 0.20375533 0.19970809 0.2009089  0.20956747]] 
Episode: 164: [[0.18470585 0.20375533 0.19970809 0.2009089  0.20956747]] 
Episode: 165: [[0.18470585 0.20375533 0.19970809 0.2009089  0.20956747]] 
Episode: 166: [[0.18470585 0.20375533 0.19970809 0.2009089  0.20956747]] 
Episode: 167: [[0.18470585 0.20375533 0.19970809 0.2009089  0.20956747]] 
Episode: 168: [[0.18470585 0.20375533 0.19970809 0.2009089  0.20956747]] 
Episode: 169: [[0.18470585 0.20375533 0.19970809 0.2009089  0.20956747]] 
Episode: 170: [[0.18470585 0.20375533 0.19970809 0.2009089  0.20956747]] 
Episode: 171: [[0.18470585 0.20375533 0.19970809 0.2009089  0.20956747]] 
Episode: 172: [[0.18470585 0.20375533 0.19970809 0.2009089  0.20956747]] 
Episode: 173: [[0.18470585 0.20375533 0.19970809 0.2009089  0.20956747]] 
Episode: 174: [[0.18470585 0.20375533 0.19970809 0.2009089  0.20956747]] 
Episode: 175: [[0.18470585 0.20375533 0.19970809 0.2009089  0.20956747]] 
Episode: 176: [[0.18470585 0.20375533 0.19970809 0.2009089  0.20956747]] 
Episode: 177: [[0.18470585 0.20375533 0.19970809 0.2009089  0.20956747]] 
Episode: 178: [[0.18470585 0.20375533 0.19970809 0.2009089  0.20956747]] 
Episode: 179: [[0.18470585 0.20375533 0.19970809 0.2009089  0.20956747]] 
Episode: 180: [[0.18470585 0.20375533 0.19970809 0.2009089  0.20956747]] 
Episode: 181: [[0.18470585 0.20375533 0.19970809 0.2009089  0.20956747]] 
Episode: 182: [[0.18470585 0.20375533 0.19970809 0.2009089  0.20956747]] 
Episode: 183: [[0.18470585 0.20375533 0.19970809 0.2009089  0.20956747]] 
Episode: 184: [[0.18470585 0.20375533 0.19970809 0.2009089  0.20956747]] 
Episode: 185: [[0.18470585 0.20375533 0.19970809 0.2009089  0.20956747]] 
Episode: 186: [[0.18470585 0.20375533 0.19970809 0.2009089  0.20956747]] 
Episode: 187: [[0.18470585 0.20375533 0.19970809 0.2009089  0.20956747]] 
Episode: 188: [[0.18470585 0.20375533 0.19970809 0.2009089  0.20956747]] 
Episode: 189: [[0.18470585 0.20375533 0.19970809 0.2009089  0.20956747]] 
Episode: 190: [[0.18470585 0.20375533 0.19970809 0.2009089  0.20956747]] 
Episode: 191: [[0.18470585 0.20375533 0.19970809 0.2009089  0.20956747]] 
Episode: 192: [[0.18470585 0.20375533 0.19970809 0.2009089  0.20956747]] 
Episode: 193: [[0.18470585 0.20375533 0.19970809 0.2009089  0.20956747]] 
Episode: 194: [[0.18470585 0.20375533 0.19970809 0.2009089  0.20956747]] 
Episode: 195: [[0.18470585 0.20375533 0.19970809 0.2009089  0.20956747]] 
Episode: 196: [[0.18470585 0.20375533 0.19970809 0.2009089  0.20956747]] 
Episode: 197: [[0.18470585 0.20375533 0.19970809 0.2009089  0.20956747]] 
Episode: 198: [[0.18470585 0.20375533 0.19970809 0.2009089  0.20956747]] 
Episode: 199: [[0.18470585 0.20375533 0.19970809 0.2009089  0.20956747]] 
Episode: 200: [[0.18470585 0.20375533 0.19970809 0.2009089  0.20956747]] 
Episode: 201: [[0.18470585 0.20375533 0.19970809 0.2009089  0.20956747]] 
Episode: 202: [[0.18470585 0.20375533 0.19970809 0.2009089  0.20956747]] 
Episode: 203: [[0.18470585 0.20375533 0.19970809 0.2009089  0.20956747]] 
Episode: 204: [[0.18470585 0.20375533 0.19970809 0.2009089  0.20956747]] 
Episode: 205: [[0.18470585 0.20375533 0.19970809 0.2009089  0.20956747]] 
Episode: 206: [[0.18470585 0.20375533 0.19970809 0.2009089  0.20956747]] 
Episode: 207: [[0.18470585 0.20375533 0.19970809 0.2009089  0.20956747]] 
Episode: 208: [[0.18470585 0.20375533 0.19970809 0.2009089  0.20956747]] 
Episode: 209: [[0.18470585 0.20375533 0.19970809 0.2009089  0.20956747]] 
Episode: 210: [[0.18470585 0.20375533 0.19970809 0.2009089  0.20956747]] 
Episode: 211: [[0.18470585 0.20375533 0.19970809 0.2009089  0.20956747]] 
Episode: 212: [[0.18470585 0.20375533 0.19970809 0.2009089  0.20956747]] 
Episode: 213: [[0.18470585 0.20375533 0.19970809 0.2009089  0.20956747]] 
Episode: 214: [[0.18470585 0.20375533 0.19970809 0.2009089  0.20956747]] 
Episode: 215: [[0.18470585 0.20375533 0.19970809 0.2009089  0.20956747]] 
Episode: 216: [[0.18470585 0.20375533 0.19970809 0.2009089  0.20956747]] 
Episode: 217: [[0.18470585 0.20375533 0.19970809 0.2009089  0.20956747]] 
Episode: 218: [[0.18470585 0.20375533 0.19970809 0.2009089  0.20956747]] 
Episode: 219: [[0.18470585 0.20375533 0.19970809 0.2009089  0.20956747]] 
Episode: 220: [[0.18470585 0.20375533 0.19970809 0.2009089  0.20956747]] 
Episode: 221: [[0.18470585 0.20375533 0.19970809 0.2009089  0.20956747]] 
Episode: 222: [[0.18470585 0.20375533 0.19970809 0.2009089  0.20956747]] 
Episode: 223: [[0.18470585 0.20375533 0.19970809 0.2009089  0.20956747]] 
Episode: 224: [[0.18470585 0.20375533 0.19970809 0.2009089  0.20956747]] 
Episode: 225: [[0.18470585 0.20375533 0.19970809 0.2009089  0.20956747]] 
Episode: 226: [[0.18470585 0.20375533 0.19970809 0.2009089  0.20956747]] 
Episode: 227: [[0.18470585 0.20375533 0.19970809 0.2009089  0.20956747]] 
Episode: 228: [[0.18470585 0.20375533 0.19970809 0.2009089  0.20956747]] 
Episode: 229: [[0.18470585 0.20375533 0.19970809 0.2009089  0.20956747]] 
Episode: 230: [[0.18470585 0.20375533 0.19970809 0.2009089  0.20956747]] 
Episode: 231: [[0.18470585 0.20375533 0.19970809 0.2009089  0.20956747]] 
Episode: 232: [[0.18470585 0.20375533 0.19970809 0.2009089  0.20956747]] 
Episode: 233: [[0.18470585 0.20375533 0.19970809 0.2009089  0.20956747]] 
Episode: 234: [[0.18470585 0.20375533 0.19970809 0.2009089  0.20956747]] 
Episode: 235: [[0.18470585 0.20375533 0.19970809 0.2009089  0.20956747]] 
Episode: 236: [[0.18470585 0.20375533 0.19970809 0.2009089  0.20956747]] 
Episode: 237: [[0.18470585 0.20375533 0.19970809 0.2009089  0.20956747]] 
Episode: 238: [[0.18470585 0.20375533 0.19970809 0.2009089  0.20956747]] 
Episode: 239: [[0.18470585 0.20375533 0.19970809 0.2009089  0.20956747]] 
Episode: 240: [[0.18470585 0.20375533 0.19970809 0.2009089  0.20956747]] 
Episode: 241: [[0.18470585 0.20375533 0.19970809 0.2009089  0.20956747]] 
Episode: 242: [[0.18470585 0.20375533 0.19970809 0.2009089  0.20956747]] 
Episode: 243: [[0.18470585 0.20375533 0.19970809 0.2009089  0.20956747]] 
Episode: 244: [[0.18470585 0.20375533 0.19970809 0.2009089  0.20956747]] 
Episode: 245: [[0.18470585 0.20375533 0.19970809 0.2009089  0.20956747]] 
Episode: 246: [[0.18470585 0.20375533 0.19970809 0.2009089  0.20956747]] 
Episode: 247: [[0.18470585 0.20375533 0.19970809 0.2009089  0.20956747]] 
Episode: 248: [[0.18470585 0.20375533 0.19970809 0.2009089  0.20956747]] 
Episode: 249: [[0.18470585 0.20375533 0.19970809 0.2009089  0.20956747]] 
Episode: 250: [[0.18470585 0.20375533 0.19970809 0.2009089  0.20956747]] 
Episode: 251: [[0.18470585 0.20375533 0.19970809 0.2009089  0.20956747]] 
Episode: 252: [[0.18470585 0.20375533 0.19970809 0.2009089  0.20956747]] 
Episode: 253: [[0.18470585 0.20375533 0.19970809 0.2009089  0.20956747]] 
Episode: 254: [[0.18470585 0.20375533 0.19970809 0.2009089  0.20956747]] 
Episode: 255: [[0.18470585 0.20375533 0.19970809 0.2009089  0.20956747]] 
Episode: 256: [[0.18470585 0.20375533 0.19970809 0.2009089  0.20956747]] 
Episode: 257: [[0.18470585 0.20375533 0.19970809 0.2009089  0.20956747]] 
Episode: 258: [[0.18470585 0.20375533 0.19970809 0.2009089  0.20956747]] 
Episode: 259: [[0.18470585 0.20375533 0.19970809 0.2009089  0.20956747]] 
Episode: 260: [[0.18470585 0.20375533 0.19970809 0.2009089  0.20956747]] 
Episode: 261: [[0.18470585 0.20375533 0.19970809 0.2009089  0.20956747]] 
Episode: 262: [[0.18470585 0.20375533 0.19970809 0.2009089  0.20956747]] 
Episode: 263: [[0.18470585 0.20375533 0.19970809 0.2009089  0.20956747]] 
Episode: 264: [[0.18470585 0.20375533 0.19970809 0.2009089  0.20956747]] 
Episode: 265: [[0.18470585 0.20375533 0.19970809 0.2009089  0.20956747]] 
Episode: 266: [[0.18470585 0.20375533 0.19970809 0.2009089  0.20956747]] 
Episode: 267: [[0.18470585 0.20375533 0.19970809 0.2009089  0.20956747]] 
Episode: 268: [[0.18470585 0.20375533 0.19970809 0.2009089  0.20956747]] 
Episode: 269: [[0.18470585 0.20375533 0.19970809 0.2009089  0.20956747]] 
Episode: 270: [[0.18470585 0.20375533 0.19970809 0.2009089  0.20956747]] 
Episode: 271: [[0.18470585 0.20375533 0.19970809 0.2009089  0.20956747]] 
Episode: 272: [[0.18470585 0.20375533 0.19970809 0.2009089  0.20956747]] 
Episode: 273: [[0.18470585 0.20375533 0.19970809 0.2009089  0.20956747]] 
Episode: 274: [[0.18470585 0.20375533 0.19970809 0.2009089  0.20956747]] 
Episode: 275: [[0.18470585 0.20375533 0.19970809 0.2009089  0.20956747]] 
Episode: 276: [[0.18470585 0.20375533 0.19970809 0.2009089  0.20956747]] 
Episode: 277: [[0.18470585 0.20375533 0.19970809 0.2009089  0.20956747]] 
Episode: 278: [[0.18470585 0.20375533 0.19970809 0.2009089  0.20956747]] 
Episode: 279: [[0.18470585 0.20375533 0.19970809 0.2009089  0.20956747]] 
Episode: 280: [[0.18470585 0.20375533 0.19970809 0.2009089  0.20956747]] 
Episode: 281: [[0.18470585 0.20375533 0.19970809 0.2009089  0.20956747]] 
Episode: 282: [[0.18470585 0.20375533 0.19970809 0.2009089  0.20956747]] 
Episode: 283: [[0.18470585 0.20375533 0.19970809 0.2009089  0.20956747]] 
Episode: 284: [[0.18470585 0.20375533 0.19970809 0.2009089  0.20956747]] 
Episode: 285: [[0.18470585 0.20375533 0.19970809 0.2009089  0.20956747]] 
Episode: 286: [[0.18470585 0.20375533 0.19970809 0.2009089  0.20956747]] 
Episode: 287: [[0.18470585 0.20375533 0.19970809 0.2009089  0.20956747]] 
Episode: 288: [[0.18470585 0.20375533 0.19970809 0.2009089  0.20956747]] 
Episode: 289: [[0.18470585 0.20375533 0.19970809 0.2009089  0.20956747]] 
Episode: 290: [[0.18470585 0.20375533 0.19970809 0.2009089  0.20956747]] 
Episode: 291: [[0.18470585 0.20375533 0.19970809 0.2009089  0.20956747]] 
Episode: 292: [[0.18470585 0.20375533 0.19970809 0.2009089  0.20956747]] 
Episode: 293: [[0.18470585 0.20375533 0.19970809 0.2009089  0.20956747]] 
Episode: 294: [[0.18470585 0.20375533 0.19970809 0.2009089  0.20956747]] 
Episode: 295: [[0.18470585 0.20375533 0.19970809 0.2009089  0.20956747]] 
Episode: 296: [[0.18470585 0.20375533 0.19970809 0.2009089  0.20956747]] 
Episode: 297: [[0.18470585 0.20375533 0.19970809 0.2009089  0.20956747]] 
Episode: 298: [[0.18470585 0.20375533 0.19970809 0.2009089  0.20956747]] 
Episode: 299: [[0.18470585 0.20375533 0.19970809 0.2009089  0.20956747]] 
Episode: 300: [[0.18470585 0.20375533 0.19970809 0.2009089  0.20956747]] 
Episode: 301: [[0.18470585 0.20375533 0.19970809 0.2009089  0.20956747]] 
Episode: 302: [[0.18470585 0.20375533 0.19970809 0.2009089  0.20956747]] 
Episode: 303: [[0.18470585 0.20375533 0.19970809 0.2009089  0.20956747]] 
Episode: 304: [[0.18470585 0.20375533 0.19970809 0.2009089  0.20956747]] 
Episode: 305: [[0.18470585 0.20375533 0.19970809 0.2009089  0.20956747]] 
Episode: 306: [[0.18470585 0.20375533 0.19970809 0.2009089  0.20956747]] 
Episode: 307: [[0.18470585 0.20375533 0.19970809 0.2009089  0.20956747]] 
Episode: 308: [[0.18470585 0.20375533 0.19970809 0.2009089  0.20956747]] 
Episode: 309: [[0.18470585 0.20375533 0.19970809 0.2009089  0.20956747]] 
Episode: 310: [[0.18470585 0.20375533 0.19970809 0.2009089  0.20956747]] 
Episode: 311: [[0.18470585 0.20375533 0.19970809 0.2009089  0.20956747]] 
Episode: 312: [[0.18470585 0.20375533 0.19970809 0.2009089  0.20956747]] 
Episode: 313: [[0.18470585 0.20375533 0.19970809 0.2009089  0.20956747]] 
Episode: 314: [[0.18470585 0.20375533 0.19970809 0.2009089  0.20956747]] 
Episode: 315: [[0.18470585 0.20375533 0.19970809 0.2009089  0.20956747]] 
Episode: 316: [[0.18470585 0.20375533 0.19970809 0.2009089  0.20956747]] 
Episode: 317: [[0.18470585 0.20375533 0.19970809 0.2009089  0.20956747]] 
Episode: 318: [[0.18470585 0.20375533 0.19970809 0.2009089  0.20956747]] 
Episode: 319: [[0.18470585 0.20375533 0.19970809 0.2009089  0.20956747]] 
Episode: 320: [[0.18470585 0.20375533 0.19970809 0.2009089  0.20956747]] 
Episode: 321: [[0.18470585 0.20375533 0.19970809 0.2009089  0.20956747]] 
Episode: 322: [[0.18470585 0.20375533 0.19970809 0.2009089  0.20956747]] 
Episode: 323: [[0.18470585 0.20375533 0.19970809 0.2009089  0.20956747]] 
Episode: 324: [[0.18470585 0.20375533 0.19970809 0.2009089  0.20956747]] 
Episode: 325: [[0.18470585 0.20375533 0.19970809 0.2009089  0.20956747]] 
Episode: 326: [[0.18470585 0.20375533 0.19970809 0.2009089  0.20956747]] 
Episode: 327: [[0.18470585 0.20375533 0.19970809 0.2009089  0.20956747]] 
Episode: 328: [[0.18470585 0.20375533 0.19970809 0.2009089  0.20956747]] 
Episode: 329: [[0.18470585 0.20375533 0.19970809 0.2009089  0.20956747]] 
Episode: 330: [[0.18470585 0.20375533 0.19970809 0.2009089  0.20956747]] 
Episode: 331: [[0.18470585 0.20375533 0.19970809 0.2009089  0.20956747]] 
Episode: 332: [[0.18470585 0.20375533 0.19970809 0.2009089  0.20956747]] 
Episode: 333: [[0.18470585 0.20375533 0.19970809 0.2009089  0.20956747]] 
Episode: 334: [[0.18470585 0.20375533 0.19970809 0.2009089  0.20956747]] 
Episode: 335: [[0.18470585 0.20375533 0.19970809 0.2009089  0.20956747]] 
Episode: 336: [[0.18470585 0.20375533 0.19970809 0.2009089  0.20956747]] 
Episode: 337: [[0.18470585 0.20375533 0.19970809 0.2009089  0.20956747]] 
Episode: 338: [[0.18470585 0.20375533 0.19970809 0.2009089  0.20956747]] 
Episode: 339: [[0.18470585 0.20375533 0.19970809 0.2009089  0.20956747]] 
Episode: 340: [[0.18470585 0.20375533 0.19970809 0.2009089  0.20956747]] 
Episode: 341: [[0.18470585 0.20375533 0.19970809 0.2009089  0.20956747]] 
Episode: 342: [[0.18470585 0.20375533 0.19970809 0.2009089  0.20956747]] 
Episode: 343: [[0.18470585 0.20375533 0.19970809 0.2009089  0.20956747]] 
Episode: 344: [[0.18470585 0.20375533 0.19970809 0.2009089  0.20956747]] 
Episode: 345: [[0.18470585 0.20375533 0.19970809 0.2009089  0.20956747]] 
Episode: 346: [[0.18470585 0.20375533 0.19970809 0.2009089  0.20956747]] 
Episode: 347: [[0.18470585 0.20375533 0.19970809 0.2009089  0.20956747]] 
Episode: 348: [[0.18470585 0.20375533 0.19970809 0.2009089  0.20956747]] 
Episode: 349: [[0.18470585 0.20375533 0.19970809 0.2009089  0.20956747]] 
Episode: 350: [[0.18470585 0.20375533 0.19970809 0.2009089  0.20956747]] 
Episode: 351: [[0.18470585 0.20375533 0.19970809 0.2009089  0.20956747]] 
Episode: 352: [[0.18470585 0.20375533 0.19970809 0.2009089  0.20956747]] 
Episode: 353: [[0.18470585 0.20375533 0.19970809 0.2009089  0.20956747]] 
Episode: 354: [[0.18470585 0.20375533 0.19970809 0.2009089  0.20956747]] 
Episode: 355: [[0.18470585 0.20375533 0.19970809 0.2009089  0.20956747]] 
Episode: 356: [[0.18470585 0.20375533 0.19970809 0.2009089  0.20956747]] 
Episode: 357: [[0.18470585 0.20375533 0.19970809 0.2009089  0.20956747]] 
Episode: 358: [[0.18470585 0.20375533 0.19970809 0.2009089  0.20956747]] 
Episode: 359: [[0.18470585 0.20375533 0.19970809 0.2009089  0.20956747]] 
Episode: 360: [[0.18470585 0.20375533 0.19970809 0.2009089  0.20956747]] 
Episode: 361: [[0.18470585 0.20375533 0.19970809 0.2009089  0.20956747]] 
Episode: 362: [[0.18470585 0.20375533 0.19970809 0.2009089  0.20956747]] 
Episode: 363: [[0.18470585 0.20375533 0.19970809 0.2009089  0.20956747]] 
Episode: 364: [[0.18470585 0.20375533 0.19970809 0.2009089  0.20956747]] 
Episode: 365: [[0.18470585 0.20375533 0.19970809 0.2009089  0.20956747]] 
Episode: 366: [[0.18470585 0.20375533 0.19970809 0.2009089  0.20956747]] 
Episode: 367: [[0.18470585 0.20375533 0.19970809 0.2009089  0.20956747]] 
Episode: 368: [[0.18470585 0.20375533 0.19970809 0.2009089  0.20956747]] 
Episode: 369: [[0.18470585 0.20375533 0.19970809 0.2009089  0.20956747]] 
Episode: 370: [[0.18470585 0.20375533 0.19970809 0.2009089  0.20956747]] 
Episode: 371: [[0.18470585 0.20375533 0.19970809 0.2009089  0.20956747]] 
Episode: 372: [[0.18470585 0.20375533 0.19970809 0.2009089  0.20956747]] 
Episode: 373: [[0.18470585 0.20375533 0.19970809 0.2009089  0.20956747]] 
Episode: 374: [[0.18470585 0.20375533 0.19970809 0.2009089  0.20956747]] 
Episode: 375: [[0.18470585 0.20375533 0.19970809 0.2009089  0.20956747]] 
Episode: 376: [[0.18470585 0.20375533 0.19970809 0.2009089  0.20956747]] 
Episode: 377: [[0.18470585 0.20375533 0.19970809 0.2009089  0.20956747]] 
Episode: 378: [[0.18470585 0.20375533 0.19970809 0.2009089  0.20956747]] 
Episode: 379: [[0.18470585 0.20375533 0.19970809 0.2009089  0.20956747]] 
Episode: 380: [[0.18470585 0.20375533 0.19970809 0.2009089  0.20956747]] 
Episode: 381: [[0.18470585 0.20375533 0.19970809 0.2009089  0.20956747]] 
Episode: 382: [[0.18470585 0.20375533 0.19970809 0.2009089  0.20956747]] 
Episode: 383: [[0.18470585 0.20375533 0.19970809 0.2009089  0.20956747]] 
Episode: 384: [[0.18470585 0.20375533 0.19970809 0.2009089  0.20956747]] 
Episode: 385: [[0.18470585 0.20375533 0.19970809 0.2009089  0.20956747]] 
Episode: 386: [[0.18470585 0.20375533 0.19970809 0.2009089  0.20956747]] 
Episode: 387: [[0.18470585 0.20375533 0.19970809 0.2009089  0.20956747]] 
Episode: 388: [[0.18470585 0.20375533 0.19970809 0.2009089  0.20956747]] 
Episode: 389: [[0.18470585 0.20375533 0.19970809 0.2009089  0.20956747]] 
Episode: 390: [[0.18470585 0.20375533 0.19970809 0.2009089  0.20956747]] 
Episode: 391: [[0.18470585 0.20375533 0.19970809 0.2009089  0.20956747]] 
Episode: 392: [[0.18470585 0.20375533 0.19970809 0.2009089  0.20956747]] 
Episode: 393: [[0.18470585 0.20375533 0.19970809 0.2009089  0.20956747]] 
Episode: 394: [[0.18470585 0.20375533 0.19970809 0.2009089  0.20956747]] 
Episode: 395: [[0.18470585 0.20375533 0.19970809 0.2009089  0.20956747]] 
Episode: 396: [[0.18470585 0.20375533 0.19970809 0.2009089  0.20956747]] 
Episode: 397: [[0.18470585 0.20375533 0.19970809 0.2009089  0.20956747]] 
Episode: 398: [[0.18470585 0.20375533 0.19970809 0.2009089  0.20956747]] 
Episode: 399: [[0.18470585 0.20375533 0.19970809 0.2009089  0.20956747]] 
Episode: 400: [[0.18470585 0.20375533 0.19970809 0.2009089  0.20956747]] 
Episode: 401: [[0.18470585 0.20375533 0.19970809 0.2009089  0.20956747]] 
Episode: 402: [[0.18470585 0.20375533 0.19970809 0.2009089  0.20956747]] 
Episode: 403: [[0.18470585 0.20375533 0.19970809 0.2009089  0.20956747]] 
Episode: 404: [[0.18470585 0.20375533 0.19970809 0.2009089  0.20956747]] 
Episode: 405: [[0.18470585 0.20375533 0.19970809 0.2009089  0.20956747]] 
Episode: 406: [[0.18470585 0.20375533 0.19970809 0.2009089  0.20956747]] 
Episode: 407: [[0.18470585 0.20375533 0.19970809 0.2009089  0.20956747]] 
Episode: 408: [[0.18470585 0.20375533 0.19970809 0.2009089  0.20956747]] 
Episode: 409: [[0.18470585 0.20375533 0.19970809 0.2009089  0.20956747]] 
Episode: 410: [[0.18470585 0.20375533 0.19970809 0.2009089  0.20956747]] 
Episode: 411: [[0.18470585 0.20375533 0.19970809 0.2009089  0.20956747]] 
Episode: 412: [[0.18470585 0.20375533 0.19970809 0.2009089  0.20956747]] 
Episode: 413: [[0.18470585 0.20375533 0.19970809 0.2009089  0.20956747]] 
Episode: 414: [[0.18470585 0.20375533 0.19970809 0.2009089  0.20956747]] 
Episode: 415: [[0.18470585 0.20375533 0.19970809 0.2009089  0.20956747]] 
Episode: 416: [[0.18470585 0.20375533 0.19970809 0.2009089  0.20956747]] 
Episode: 417: [[0.18470585 0.20375533 0.19970809 0.2009089  0.20956747]] 
Episode: 418: [[0.18470585 0.20375533 0.19970809 0.2009089  0.20956747]] 
Episode: 419: [[0.18470585 0.20375533 0.19970809 0.2009089  0.20956747]] 
Episode: 420: [[0.18470585 0.20375533 0.19970809 0.2009089  0.20956747]] 
Episode: 421: [[0.18470585 0.20375533 0.19970809 0.2009089  0.20956747]] 
Episode: 422: [[0.18470585 0.20375533 0.19970809 0.2009089  0.20956747]] 
Episode: 423: [[0.18470585 0.20375533 0.19970809 0.2009089  0.20956747]] 
Episode: 424: [[0.18470585 0.20375533 0.19970809 0.2009089  0.20956747]] 
Episode: 425: [[0.18470585 0.20375533 0.19970809 0.2009089  0.20956747]] 
Episode: 426: [[0.18470585 0.20375533 0.19970809 0.2009089  0.20956747]] 
Episode: 427: [[0.18470585 0.20375533 0.19970809 0.2009089  0.20956747]] 
Episode: 428: [[0.18470585 0.20375533 0.19970809 0.2009089  0.20956747]] 
Episode: 429: [[0.18470585 0.20375533 0.19970809 0.2009089  0.20956747]] 
Episode: 430: [[0.18470585 0.20375533 0.19970809 0.2009089  0.20956747]] 
Episode: 431: [[0.18470585 0.20375533 0.19970809 0.2009089  0.20956747]] 
Episode: 432: [[0.18470585 0.20375533 0.19970809 0.2009089  0.20956747]] 
Episode: 433: [[0.18470585 0.20375533 0.19970809 0.2009089  0.20956747]] 
Episode: 434: [[0.18470585 0.20375533 0.19970809 0.2009089  0.20956747]] 
Episode: 435: [[0.18470585 0.20375533 0.19970809 0.2009089  0.20956747]] 
Episode: 436: [[0.18470585 0.20375533 0.19970809 0.2009089  0.20956747]] 
Episode: 437: [[0.18470585 0.20375533 0.19970809 0.2009089  0.20956747]] 
Episode: 438: [[0.18470585 0.20375533 0.19970809 0.2009089  0.20956747]] 
Episode: 439: [[0.18470585 0.20375533 0.19970809 0.2009089  0.20956747]] 
Episode: 440: [[0.18470585 0.20375533 0.19970809 0.2009089  0.20956747]] 
Episode: 441: [[0.18470585 0.20375533 0.19970809 0.2009089  0.20956747]] 
Episode: 442: [[0.18470585 0.20375533 0.19970809 0.2009089  0.20956747]] 
Episode: 443: [[0.18470585 0.20375533 0.19970809 0.2009089  0.20956747]] 
Episode: 444: [[0.18470585 0.20375533 0.19970809 0.2009089  0.20956747]] 
Episode: 445: [[0.18470585 0.20375533 0.19970809 0.2009089  0.20956747]] 
Episode: 446: [[0.18470585 0.20375533 0.19970809 0.2009089  0.20956747]] 
Episode: 447: [[0.18470585 0.20375533 0.19970809 0.2009089  0.20956747]] 
Episode: 448: [[0.18470585 0.20375533 0.19970809 0.2009089  0.20956747]] 
Episode: 449: [[0.18470585 0.20375533 0.19970809 0.2009089  0.20956747]] 
Episode: 450: [[0.18470585 0.20375533 0.19970809 0.2009089  0.20956747]] 
Episode: 451: [[0.18470585 0.20375533 0.19970809 0.2009089  0.20956747]] 
Episode: 452: [[0.18470585 0.20375533 0.19970809 0.2009089  0.20956747]] 
Episode: 453: [[0.18470585 0.20375533 0.19970809 0.2009089  0.20956747]] 
Episode: 454: [[0.18470585 0.20375533 0.19970809 0.2009089  0.20956747]] 
Episode: 455: [[0.18470585 0.20375533 0.19970809 0.2009089  0.20956747]] 
Episode: 456: [[0.18470585 0.20375533 0.19970809 0.2009089  0.20956747]] 
Episode: 457: [[0.18470585 0.20375533 0.19970809 0.2009089  0.20956747]] 
Episode: 458: [[0.18470585 0.20375533 0.19970809 0.2009089  0.20956747]] 
Episode: 459: [[0.18470585 0.20375533 0.19970809 0.2009089  0.20956747]] 
Episode: 460: [[0.18470585 0.20375533 0.19970809 0.2009089  0.20956747]] 
Episode: 461: [[0.18470585 0.20375533 0.19970809 0.2009089  0.20956747]] 
Episode: 462: [[0.18470585 0.20375533 0.19970809 0.2009089  0.20956747]] 
Episode: 463: [[0.18470585 0.20375533 0.19970809 0.2009089  0.20956747]] 
Episode: 464: [[0.18470585 0.20375533 0.19970809 0.2009089  0.20956747]] 
Episode: 465: [[0.18470585 0.20375533 0.19970809 0.2009089  0.20956747]] 
Episode: 466: [[0.18470585 0.20375533 0.19970809 0.2009089  0.20956747]] 
Episode: 467: [[0.18470585 0.20375533 0.19970809 0.2009089  0.20956747]] 
Episode: 468: [[0.18470585 0.20375533 0.19970809 0.2009089  0.20956747]] 
Episode: 469: [[0.18470585 0.20375533 0.19970809 0.2009089  0.20956747]] 
Episode: 470: [[0.18470585 0.20375533 0.19970809 0.2009089  0.20956747]] 
Episode: 471: [[0.18470585 0.20375533 0.19970809 0.2009089  0.20956747]] 
Episode: 472: [[0.18470585 0.20375533 0.19970809 0.2009089  0.20956747]] 
Episode: 473: [[0.18470585 0.20375533 0.19970809 0.2009089  0.20956747]] 
Episode: 474: [[0.18470585 0.20375533 0.19970809 0.2009089  0.20956747]] 
Episode: 475: [[0.18470585 0.20375533 0.19970809 0.2009089  0.20956747]] 
Episode: 476: [[0.18470585 0.20375533 0.19970809 0.2009089  0.20956747]] 
Episode: 477: [[0.18470585 0.20375533 0.19970809 0.2009089  0.20956747]] 
Episode: 478: [[0.18470585 0.20375533 0.19970809 0.2009089  0.20956747]] 
Episode: 479: [[0.18470585 0.20375533 0.19970809 0.2009089  0.20956747]] 
Episode: 480: [[0.18470585 0.20375533 0.19970809 0.2009089  0.20956747]] 
Episode: 481: [[0.18470585 0.20375533 0.19970809 0.2009089  0.20956747]] 
Episode: 482: [[0.18470585 0.20375533 0.19970809 0.2009089  0.20956747]] 
Episode: 483: [[0.18470585 0.20375533 0.19970809 0.2009089  0.20956747]] 
Episode: 484: [[0.18470585 0.20375533 0.19970809 0.2009089  0.20956747]] 
Episode: 485: [[0.18470585 0.20375533 0.19970809 0.2009089  0.20956747]] 
Episode: 486: [[0.18470585 0.20375533 0.19970809 0.2009089  0.20956747]] 
Episode: 487: [[0.18470585 0.20375533 0.19970809 0.2009089  0.20956747]] 
Episode: 488: [[0.18470585 0.20375533 0.19970809 0.2009089  0.20956747]] 
Episode: 489: [[0.18470585 0.20375533 0.19970809 0.2009089  0.20956747]] 
Episode: 490: [[0.18470585 0.20375533 0.19970809 0.2009089  0.20956747]] 
Episode: 491: [[0.18470585 0.20375533 0.19970809 0.2009089  0.20956747]] 
Episode: 492: [[0.18470585 0.20375533 0.19970809 0.2009089  0.20956747]] 
Episode: 493: [[0.18470585 0.20375533 0.19970809 0.2009089  0.20956747]] 
Episode: 494: [[0.18470585 0.20375533 0.19970809 0.2009089  0.20956747]] 
Episode: 495: [[0.18470585 0.20375533 0.19970809 0.2009089  0.20956747]] 
Episode: 496: [[0.18470585 0.20375533 0.19970809 0.2009089  0.20956747]] 
Episode: 497: [[0.18470585 0.20375533 0.19970809 0.2009089  0.20956747]] 
Episode: 498: [[0.18470585 0.20375533 0.19970809 0.2009089  0.20956747]] 
Episode: 499: [[0.18470585 0.20375533 0.19970809 0.2009089  0.20956747]] 
Episode: 500: [[0.18470585 0.20375533 0.19970809 0.2009089  0.20956747]] 
Episode: 501: [[0.18470585 0.20375533 0.19970809 0.2009089  0.20956747]] 
Episode: 502: [[0.18470585 0.20375533 0.19970809 0.2009089  0.20956747]] 
Episode: 503: [[0.18470585 0.20375533 0.19970809 0.2009089  0.20956747]] 
Episode: 504: [[0.18470585 0.20375533 0.19970809 0.2009089  0.20956747]] 
Episode: 505: [[0.18470585 0.20375533 0.19970809 0.2009089  0.20956747]] 
Episode: 506: [[0.18470585 0.20375533 0.19970809 0.2009089  0.20956747]] 
Episode: 507: [[0.18470585 0.20375533 0.19970809 0.2009089  0.20956747]] 
Episode: 508: [[0.18470585 0.20375533 0.19970809 0.2009089  0.20956747]] 
Episode: 509: [[0.18470585 0.20375533 0.19970809 0.2009089  0.20956747]] 
Episode: 510: [[0.18470585 0.20375533 0.19970809 0.2009089  0.20956747]] 
Episode: 511: [[0.18470585 0.20375533 0.19970809 0.2009089  0.20956747]] 
Episode: 512: [[0.18470585 0.20375533 0.19970809 0.2009089  0.20956747]] 
Episode: 513: [[0.18470585 0.20375533 0.19970809 0.2009089  0.20956747]] 
Episode: 514: [[0.18470585 0.20375533 0.19970809 0.2009089  0.20956747]] 
Episode: 515: [[0.18470585 0.20375533 0.19970809 0.2009089  0.20956747]] 
Episode: 516: [[0.18470585 0.20375533 0.19970809 0.2009089  0.20956747]] 
Episode: 517: [[0.18470585 0.20375533 0.19970809 0.2009089  0.20956747]] 
Episode: 518: [[0.18470585 0.20375533 0.19970809 0.2009089  0.20956747]] 
Episode: 519: [[0.18470585 0.20375533 0.19970809 0.2009089  0.20956747]] 
Episode: 520: [[0.18470585 0.20375533 0.19970809 0.2009089  0.20956747]] 
Episode: 521: [[0.18470585 0.20375533 0.19970809 0.2009089  0.20956747]] 
Episode: 522: [[0.18470585 0.20375533 0.19970809 0.2009089  0.20956747]] 
Episode: 523: [[0.18470585 0.20375533 0.19970809 0.2009089  0.20956747]] 
Episode: 524: [[0.18470585 0.20375533 0.19970809 0.2009089  0.20956747]] 
Episode: 525: [[0.18470585 0.20375533 0.19970809 0.2009089  0.20956747]] 
Episode: 526: [[0.18470585 0.20375533 0.19970809 0.2009089  0.20956747]] 
Episode: 527: [[0.18470585 0.20375533 0.19970809 0.2009089  0.20956747]] 
Episode: 528: [[0.18470585 0.20375533 0.19970809 0.2009089  0.20956747]] 
Episode: 529: [[0.18470585 0.20375533 0.19970809 0.2009089  0.20956747]] 
Episode: 530: [[0.18470585 0.20375533 0.19970809 0.2009089  0.20956747]] 
Episode: 531: [[0.18470585 0.20375533 0.19970809 0.2009089  0.20956747]] 
Episode: 532: [[0.18470585 0.20375533 0.19970809 0.2009089  0.20956747]] 
Episode: 533: [[0.18470585 0.20375533 0.19970809 0.2009089  0.20956747]] 
Episode: 534: [[0.18470585 0.20375533 0.19970809 0.2009089  0.20956747]] 
Episode: 535: [[0.18470585 0.20375533 0.19970809 0.2009089  0.20956747]] 
Episode: 536: [[0.18470585 0.20375533 0.19970809 0.2009089  0.20956747]] 
Episode: 537: [[0.18470585 0.20375533 0.19970809 0.2009089  0.20956747]] 
Episode: 538: [[0.18470585 0.20375533 0.19970809 0.2009089  0.20956747]] 
Episode: 539: [[0.18470585 0.20375533 0.19970809 0.2009089  0.20956747]] 
Episode: 540: [[0.18470585 0.20375533 0.19970809 0.2009089  0.20956747]] 
Episode: 541: [[0.18470585 0.20375533 0.19970809 0.2009089  0.20956747]] 
Episode: 542: [[0.18470585 0.20375533 0.19970809 0.2009089  0.20956747]] 
Episode: 543: [[0.18470585 0.20375533 0.19970809 0.2009089  0.20956747]] 
Episode: 544: [[0.18470585 0.20375533 0.19970809 0.2009089  0.20956747]] 
Episode: 545: [[0.18470585 0.20375533 0.19970809 0.2009089  0.20956747]] 
Episode: 546: [[0.18470585 0.20375533 0.19970809 0.2009089  0.20956747]] 
Episode: 547: [[0.18470585 0.20375533 0.19970809 0.2009089  0.20956747]] 
Episode: 548: [[0.18470585 0.20375533 0.19970809 0.2009089  0.20956747]] 
Episode: 549: [[0.18470585 0.20375533 0.19970809 0.2009089  0.20956747]] 
Episode: 550: [[0.18470585 0.20375533 0.19970809 0.2009089  0.20956747]] 
Episode: 551: [[0.18470585 0.20375533 0.19970809 0.2009089  0.20956747]] 
Episode: 552: [[0.18470585 0.20375533 0.19970809 0.2009089  0.20956747]] 
Episode: 553: [[0.18470585 0.20375533 0.19970809 0.2009089  0.20956747]] 
Episode: 554: [[0.18470585 0.20375533 0.19970809 0.2009089  0.20956747]] 
Episode: 555: [[0.18470585 0.20375533 0.19970809 0.2009089  0.20956747]] 
Episode: 556: [[0.18470585 0.20375533 0.19970809 0.2009089  0.20956747]] 
Episode: 557: [[0.18470585 0.20375533 0.19970809 0.2009089  0.20956747]] 
Episode: 558: [[0.18470585 0.20375533 0.19970809 0.2009089  0.20956747]] 
Episode: 559: [[0.18470585 0.20375533 0.19970809 0.2009089  0.20956747]] 
Episode: 560: [[0.18470585 0.20375533 0.19970809 0.2009089  0.20956747]] 
Episode: 561: [[0.18470585 0.20375533 0.19970809 0.2009089  0.20956747]] 
Episode: 562: [[0.18470585 0.20375533 0.19970809 0.2009089  0.20956747]] 
Episode: 563: [[0.18470585 0.20375533 0.19970809 0.2009089  0.20956747]] 
Episode: 564: [[0.18470585 0.20375533 0.19970809 0.2009089  0.20956747]] 
Episode: 565: [[0.18470585 0.20375533 0.19970809 0.2009089  0.20956747]] 
Episode: 566: [[0.18470585 0.20375533 0.19970809 0.2009089  0.20956747]] 
Episode: 567: [[0.18470585 0.20375533 0.19970809 0.2009089  0.20956747]] 
Episode: 568: [[0.18470585 0.20375533 0.19970809 0.2009089  0.20956747]] 
Episode: 569: [[0.18470585 0.20375533 0.19970809 0.2009089  0.20956747]] 
Episode: 570: [[0.18470585 0.20375533 0.19970809 0.2009089  0.20956747]] 
Episode: 571: [[0.18470585 0.20375533 0.19970809 0.2009089  0.20956747]] 
Episode: 572: [[0.18470585 0.20375533 0.19970809 0.2009089  0.20956747]] 
Episode: 573: [[0.18470585 0.20375533 0.19970809 0.2009089  0.20956747]] 
Episode: 574: [[0.18470585 0.20375533 0.19970809 0.2009089  0.20956747]] 
Episode: 575: [[0.18470585 0.20375533 0.19970809 0.2009089  0.20956747]] 
Episode: 576: [[0.18470585 0.20375533 0.19970809 0.2009089  0.20956747]] 
Episode: 577: [[0.18470585 0.20375533 0.19970809 0.2009089  0.20956747]] 
Episode: 578: [[0.18470585 0.20375533 0.19970809 0.2009089  0.20956747]] 
Episode: 579: [[0.18470585 0.20375533 0.19970809 0.2009089  0.20956747]] 
Episode: 580: [[0.18470585 0.20375533 0.19970809 0.2009089  0.20956747]] 
Episode: 581: [[0.18470585 0.20375533 0.19970809 0.2009089  0.20956747]] 
Episode: 582: [[0.18470585 0.20375533 0.19970809 0.2009089  0.20956747]] 
Episode: 583: [[0.18470585 0.20375533 0.19970809 0.2009089  0.20956747]] 
Episode: 584: [[0.18470585 0.20375533 0.19970809 0.2009089  0.20956747]] 
Episode: 585: [[0.18470585 0.20375533 0.19970809 0.2009089  0.20956747]] 
Episode: 586: [[0.18470585 0.20375533 0.19970809 0.2009089  0.20956747]] 
Episode: 587: [[0.18470585 0.20375533 0.19970809 0.2009089  0.20956747]] 
Episode: 588: [[0.18470585 0.20375533 0.19970809 0.2009089  0.20956747]] 
Episode: 589: [[0.18470585 0.20375533 0.19970809 0.2009089  0.20956747]] 
Episode: 590: [[0.18470585 0.20375533 0.19970809 0.2009089  0.20956747]] 
Episode: 591: [[0.18470585 0.20375533 0.19970809 0.2009089  0.20956747]] 
Episode: 592: [[0.18470585 0.20375533 0.19970809 0.2009089  0.20956747]] 
Episode: 593: [[0.18470585 0.20375533 0.19970809 0.2009089  0.20956747]] 
Episode: 594: [[0.18470585 0.20375533 0.19970809 0.2009089  0.20956747]] 
Episode: 595: [[0.18470585 0.20375533 0.19970809 0.2009089  0.20956747]] 
Episode: 596: [[0.18470585 0.20375533 0.19970809 0.2009089  0.20956747]] 
Episode: 597: [[0.18470585 0.20375533 0.19970809 0.2009089  0.20956747]] 
Episode: 598: [[0.18470585 0.20375533 0.19970809 0.2009089  0.20956747]] 
Episode: 599: [[0.18470585 0.20375533 0.19970809 0.2009089  0.20956747]] 
Episode: 600: [[0.18470585 0.20375533 0.19970809 0.2009089  0.20956747]] 
Episode: 601: [[0.18470585 0.20375533 0.19970809 0.2009089  0.20956747]] 
Episode: 602: [[0.18470585 0.20375533 0.19970809 0.2009089  0.20956747]] 
Episode: 603: [[0.18470585 0.20375533 0.19970809 0.2009089  0.20956747]] 
Episode: 604: [[0.18470585 0.20375533 0.19970809 0.2009089  0.20956747]] 
Episode: 605: [[0.18470585 0.20375533 0.19970809 0.2009089  0.20956747]] 
Episode: 606: [[0.18470585 0.20375533 0.19970809 0.2009089  0.20956747]] 
Episode: 607: [[0.18470585 0.20375533 0.19970809 0.2009089  0.20956747]] 
Episode: 608: [[0.18470585 0.20375533 0.19970809 0.2009089  0.20956747]] 
Episode: 609: [[0.18470585 0.20375533 0.19970809 0.2009089  0.20956747]] 
Episode: 610: [[0.18470585 0.20375533 0.19970809 0.2009089  0.20956747]] 
Episode: 611: [[0.18470585 0.20375533 0.19970809 0.2009089  0.20956747]] 
Episode: 612: [[0.18470585 0.20375533 0.19970809 0.2009089  0.20956747]] 
Episode: 613: [[0.18470585 0.20375533 0.19970809 0.2009089  0.20956747]] 
Episode: 614: [[0.18470585 0.20375533 0.19970809 0.2009089  0.20956747]] 
Episode: 615: [[0.18470585 0.20375533 0.19970809 0.2009089  0.20956747]] 
Episode: 616: [[0.18470585 0.20375533 0.19970809 0.2009089  0.20956747]] 
Episode: 617: [[0.18470585 0.20375533 0.19970809 0.2009089  0.20956747]] 
Episode: 618: [[0.18470585 0.20375533 0.19970809 0.2009089  0.20956747]] 
Episode: 619: [[0.18470585 0.20375533 0.19970809 0.2009089  0.20956747]] 
Episode: 620: [[0.18470585 0.20375533 0.19970809 0.2009089  0.20956747]] 
Episode: 621: [[0.18470585 0.20375533 0.19970809 0.2009089  0.20956747]] 
Episode: 622: [[0.18470585 0.20375533 0.19970809 0.2009089  0.20956747]] 
Episode: 623: [[0.18470585 0.20375533 0.19970809 0.2009089  0.20956747]] 
Episode: 624: [[0.18470585 0.20375533 0.19970809 0.2009089  0.20956747]] 
Episode: 625: [[0.18470585 0.20375533 0.19970809 0.2009089  0.20956747]] 
Episode: 626: [[0.18470585 0.20375533 0.19970809 0.2009089  0.20956747]] 
Episode: 627: [[0.18470585 0.20375533 0.19970809 0.2009089  0.20956747]] 
Episode: 628: [[0.18470585 0.20375533 0.19970809 0.2009089  0.20956747]] 
Episode: 629: [[0.18470585 0.20375533 0.19970809 0.2009089  0.20956747]] 
Episode: 630: [[0.18470585 0.20375533 0.19970809 0.2009089  0.20956747]] 
Episode: 631: [[0.18470585 0.20375533 0.19970809 0.2009089  0.20956747]] 
Episode: 632: [[0.18470585 0.20375533 0.19970809 0.2009089  0.20956747]] 
Episode: 633: [[0.18470585 0.20375533 0.19970809 0.2009089  0.20956747]] 
Episode: 634: [[0.18470585 0.20375533 0.19970809 0.2009089  0.20956747]] 
Episode: 635: [[0.18470585 0.20375533 0.19970809 0.2009089  0.20956747]] 
Episode: 636: [[0.18470585 0.20375533 0.19970809 0.2009089  0.20956747]] 
Episode: 637: [[0.18470585 0.20375533 0.19970809 0.2009089  0.20956747]] 
Episode: 638: [[0.18470585 0.20375533 0.19970809 0.2009089  0.20956747]] 
Episode: 639: [[0.18470585 0.20375533 0.19970809 0.2009089  0.20956747]] 
Episode: 640: [[0.18470585 0.20375533 0.19970809 0.2009089  0.20956747]] 
Episode: 641: [[0.18470585 0.20375533 0.19970809 0.2009089  0.20956747]] 
Episode: 642: [[0.18470585 0.20375533 0.19970809 0.2009089  0.20956747]] 
Episode: 643: [[0.18470585 0.20375533 0.19970809 0.2009089  0.20956747]] 
Episode: 644: [[0.18470585 0.20375533 0.19970809 0.2009089  0.20956747]] 
Episode: 645: [[0.18470585 0.20375533 0.19970809 0.2009089  0.20956747]] 
Episode: 646: [[0.18470585 0.20375533 0.19970809 0.2009089  0.20956747]] 
Episode: 647: [[0.18470585 0.20375533 0.19970809 0.2009089  0.20956747]] 
Episode: 648: [[0.18470585 0.20375533 0.19970809 0.2009089  0.20956747]] 
Episode: 649: [[0.18470585 0.20375533 0.19970809 0.2009089  0.20956747]] 
Episode: 650: [[0.18470585 0.20375533 0.19970809 0.2009089  0.20956747]] 
Episode: 651: [[0.18470585 0.20375533 0.19970809 0.2009089  0.20956747]] 
Episode: 652: [[0.18470585 0.20375533 0.19970809 0.2009089  0.20956747]] 
Episode: 653: [[0.18470585 0.20375533 0.19970809 0.2009089  0.20956747]] 
Episode: 654: [[0.18470585 0.20375533 0.19970809 0.2009089  0.20956747]] 
Episode: 655: [[0.18470585 0.20375533 0.19970809 0.2009089  0.20956747]] 
Episode: 656: [[0.18470585 0.20375533 0.19970809 0.2009089  0.20956747]] 
Episode: 657: [[0.18470585 0.20375533 0.19970809 0.2009089  0.20956747]] 
Episode: 658: [[0.18470585 0.20375533 0.19970809 0.2009089  0.20956747]] 
Episode: 659: [[0.18470585 0.20375533 0.19970809 0.2009089  0.20956747]] 
Episode: 660: [[0.18470585 0.20375533 0.19970809 0.2009089  0.20956747]] 
Episode: 661: [[0.18470585 0.20375533 0.19970809 0.2009089  0.20956747]] 
Episode: 662: [[0.18470585 0.20375533 0.19970809 0.2009089  0.20956747]] 
Episode: 663: [[0.18470585 0.20375533 0.19970809 0.2009089  0.20956747]] 
Episode: 664: [[0.18470585 0.20375533 0.19970809 0.2009089  0.20956747]] 
Episode: 665: [[0.18470585 0.20375533 0.19970809 0.2009089  0.20956747]] 
Episode: 666: [[0.18470585 0.20375533 0.19970809 0.2009089  0.20956747]] 
Episode: 667: [[0.18470585 0.20375533 0.19970809 0.2009089  0.20956747]] 
Episode: 668: [[0.18470585 0.20375533 0.19970809 0.2009089  0.20956747]] 
Episode: 669: [[0.18470585 0.20375533 0.19970809 0.2009089  0.20956747]] 
Episode: 670: [[0.18470585 0.20375533 0.19970809 0.2009089  0.20956747]] 
Episode: 671: [[0.18470585 0.20375533 0.19970809 0.2009089  0.20956747]] 
Episode: 672: [[0.18470585 0.20375533 0.19970809 0.2009089  0.20956747]] 
Episode: 673: [[0.18470585 0.20375533 0.19970809 0.2009089  0.20956747]] 
Episode: 674: [[0.18470585 0.20375533 0.19970809 0.2009089  0.20956747]] 
Episode: 675: [[0.18470585 0.20375533 0.19970809 0.2009089  0.20956747]] 
Episode: 676: [[0.18470585 0.20375533 0.19970809 0.2009089  0.20956747]] 
Episode: 677: [[0.18470585 0.20375533 0.19970809 0.2009089  0.20956747]] 
Episode: 678: [[0.18470585 0.20375533 0.19970809 0.2009089  0.20956747]] 
Episode: 679: [[0.18470585 0.20375533 0.19970809 0.2009089  0.20956747]] 
Episode: 680: [[0.18470585 0.20375533 0.19970809 0.2009089  0.20956747]] 
Episode: 681: [[0.18470585 0.20375533 0.19970809 0.2009089  0.20956747]] 
Episode: 682: [[0.18470585 0.20375533 0.19970809 0.2009089  0.20956747]] 
Episode: 683: [[0.18470585 0.20375533 0.19970809 0.2009089  0.20956747]] 
Episode: 684: [[0.18470585 0.20375533 0.19970809 0.2009089  0.20956747]] 
Episode: 685: [[0.18470585 0.20375533 0.19970809 0.2009089  0.20956747]] 
Episode: 686: [[0.18470585 0.20375533 0.19970809 0.2009089  0.20956747]] 
Episode: 687: [[0.18470585 0.20375533 0.19970809 0.2009089  0.20956747]] 
Episode: 688: [[0.18470585 0.20375533 0.19970809 0.2009089  0.20956747]] 
Episode: 689: [[0.18470585 0.20375533 0.19970809 0.2009089  0.20956747]] 
Episode: 690: [[0.18470585 0.20375533 0.19970809 0.2009089  0.20956747]] 
Episode: 691: [[0.18470585 0.20375533 0.19970809 0.2009089  0.20956747]] 
Episode: 692: [[0.18470585 0.20375533 0.19970809 0.2009089  0.20956747]] 
Episode: 693: [[0.18470585 0.20375533 0.19970809 0.2009089  0.20956747]] 
Episode: 694: [[0.18470585 0.20375533 0.19970809 0.2009089  0.20956747]] 
Episode: 695: [[0.18470585 0.20375533 0.19970809 0.2009089  0.20956747]] 
Episode: 696: [[0.18470585 0.20375533 0.19970809 0.2009089  0.20956747]] 
Episode: 697: [[0.18470585 0.20375533 0.19970809 0.2009089  0.20956747]] 
Episode: 698: [[0.18470585 0.20375533 0.19970809 0.2009089  0.20956747]] 
Episode: 699: [[0.18470585 0.20375533 0.19970809 0.2009089  0.20956747]] 
Episode: 700: [[0.18470585 0.20375533 0.19970809 0.2009089  0.20956747]] 
Episode: 701: [[0.18470585 0.20375533 0.19970809 0.2009089  0.20956747]] 
Episode: 702: [[0.18470585 0.20375533 0.19970809 0.2009089  0.20956747]] 
Episode: 703: [[0.18470585 0.20375533 0.19970809 0.2009089  0.20956747]] 
Episode: 704: [[0.18470585 0.20375533 0.19970809 0.2009089  0.20956747]] 
Episode: 705: [[0.18470585 0.20375533 0.19970809 0.2009089  0.20956747]] 
Episode: 706: [[0.18470585 0.20375533 0.19970809 0.2009089  0.20956747]] 
Episode: 707: [[0.18470585 0.20375533 0.19970809 0.2009089  0.20956747]] 
Episode: 708: [[0.18470585 0.20375533 0.19970809 0.2009089  0.20956747]] 
Episode: 709: [[0.18470585 0.20375533 0.19970809 0.2009089  0.20956747]] 
Episode: 710: [[0.18470585 0.20375533 0.19970809 0.2009089  0.20956747]] 
Episode: 711: [[0.18470585 0.20375533 0.19970809 0.2009089  0.20956747]] 
Episode: 712: [[0.18470585 0.20375533 0.19970809 0.2009089  0.20956747]] 
Episode: 713: [[0.18470585 0.20375533 0.19970809 0.2009089  0.20956747]] 
Episode: 714: [[0.18470585 0.20375533 0.19970809 0.2009089  0.20956747]] 
Episode: 715: [[0.18470585 0.20375533 0.19970809 0.2009089  0.20956747]] 
Episode: 716: [[0.18470585 0.20375533 0.19970809 0.2009089  0.20956747]] 
Episode: 717: [[0.18470585 0.20375533 0.19970809 0.2009089  0.20956747]] 
Episode: 718: [[0.18470585 0.20375533 0.19970809 0.2009089  0.20956747]] 
Episode: 719: [[0.18470585 0.20375533 0.19970809 0.2009089  0.20956747]] 
Episode: 720: [[0.18470585 0.20375533 0.19970809 0.2009089  0.20956747]] 
Episode: 721: [[0.18470585 0.20375533 0.19970809 0.2009089  0.20956747]] 
Episode: 722: [[0.18470585 0.20375533 0.19970809 0.2009089  0.20956747]] 
Episode: 723: [[0.18470585 0.20375533 0.19970809 0.2009089  0.20956747]] 
Episode: 724: [[0.18470585 0.20375533 0.19970809 0.2009089  0.20956747]] 
Episode: 725: [[0.18470585 0.20375533 0.19970809 0.2009089  0.20956747]] 
Episode: 726: [[0.18470585 0.20375533 0.19970809 0.2009089  0.20956747]] 
Episode: 727: [[0.18470585 0.20375533 0.19970809 0.2009089  0.20956747]] 
Episode: 728: [[0.18470585 0.20375533 0.19970809 0.2009089  0.20956747]] 
Episode: 729: [[0.18470585 0.20375533 0.19970809 0.2009089  0.20956747]] 
Episode: 730: [[0.18470585 0.20375533 0.19970809 0.2009089  0.20956747]] 
Episode: 731: [[0.18470585 0.20375533 0.19970809 0.2009089  0.20956747]] 
Episode: 732: [[0.18470585 0.20375533 0.19970809 0.2009089  0.20956747]] 
Episode: 733: [[0.18470585 0.20375533 0.19970809 0.2009089  0.20956747]] 
Episode: 734: [[0.18470585 0.20375533 0.19970809 0.2009089  0.20956747]] 
Episode: 735: [[0.18470585 0.20375533 0.19970809 0.2009089  0.20956747]] 
Episode: 736: [[0.18470585 0.20375533 0.19970809 0.2009089  0.20956747]] 
Episode: 737: [[0.18470585 0.20375533 0.19970809 0.2009089  0.20956747]] 
Episode: 738: [[0.18470585 0.20375533 0.19970809 0.2009089  0.20956747]] 
Episode: 739: [[0.18470585 0.20375533 0.19970809 0.2009089  0.20956747]] 
Episode: 740: [[0.18470585 0.20375533 0.19970809 0.2009089  0.20956747]] 
Episode: 741: [[0.18470585 0.20375533 0.19970809 0.2009089  0.20956747]] 
Episode: 742: [[0.18470585 0.20375533 0.19970809 0.2009089  0.20956747]] 
Episode: 743: [[0.18470585 0.20375533 0.19970809 0.2009089  0.20956747]] 
Episode: 744: [[0.18470585 0.20375533 0.19970809 0.2009089  0.20956747]] 
Episode: 745: [[0.18470585 0.20375533 0.19970809 0.2009089  0.20956747]] 
Episode: 746: [[0.18470585 0.20375533 0.19970809 0.2009089  0.20956747]] 
Episode: 747: [[0.18470585 0.20375533 0.19970809 0.2009089  0.20956747]] 
Episode: 748: [[0.18470585 0.20375533 0.19970809 0.2009089  0.20956747]] 
Episode: 749: [[0.18470585 0.20375533 0.19970809 0.2009089  0.20956747]] 
Episode: 750: [[0.18470585 0.20375533 0.19970809 0.2009089  0.20956747]] 
Episode: 751: [[0.18470585 0.20375533 0.19970809 0.2009089  0.20956747]] 
Episode: 752: [[0.18470585 0.20375533 0.19970809 0.2009089  0.20956747]] 
Episode: 753: [[0.18470585 0.20375533 0.19970809 0.2009089  0.20956747]] 
Episode: 754: [[0.18470585 0.20375533 0.19970809 0.2009089  0.20956747]] 
Episode: 755: [[0.18470585 0.20375533 0.19970809 0.2009089  0.20956747]] 
Episode: 756: [[0.18470585 0.20375533 0.19970809 0.2009089  0.20956747]] 
Episode: 757: [[0.18470585 0.20375533 0.19970809 0.2009089  0.20956747]] 
Episode: 758: [[0.18470585 0.20375533 0.19970809 0.2009089  0.20956747]] 
Episode: 759: [[0.18470585 0.20375533 0.19970809 0.2009089  0.20956747]] 
Episode: 760: [[0.18470585 0.20375533 0.19970809 0.2009089  0.20956747]] 
Episode: 761: [[0.18470585 0.20375533 0.19970809 0.2009089  0.20956747]] 
Episode: 762: [[0.18470585 0.20375533 0.19970809 0.2009089  0.20956747]] 
Episode: 763: [[0.18470585 0.20375533 0.19970809 0.2009089  0.20956747]] 
Episode: 764: [[0.18470585 0.20375533 0.19970809 0.2009089  0.20956747]] 
Episode: 765: [[0.18470585 0.20375533 0.19970809 0.2009089  0.20956747]] 
Episode: 766: [[0.18470585 0.20375533 0.19970809 0.2009089  0.20956747]] 
Episode: 767: [[0.18470585 0.20375533 0.19970809 0.2009089  0.20956747]] 
Episode: 768: [[0.18470585 0.20375533 0.19970809 0.2009089  0.20956747]] 
Episode: 769: [[0.18470585 0.20375533 0.19970809 0.2009089  0.20956747]] 
Episode: 770: [[0.18470585 0.20375533 0.19970809 0.2009089  0.20956747]] 
Episode: 771: [[0.18470585 0.20375533 0.19970809 0.2009089  0.20956747]] 
Episode: 772: [[0.18470585 0.20375533 0.19970809 0.2009089  0.20956747]] 
Episode: 773: [[0.18470585 0.20375533 0.19970809 0.2009089  0.20956747]] 
Episode: 774: [[0.18470585 0.20375533 0.19970809 0.2009089  0.20956747]] 
Episode: 775: [[0.18470585 0.20375533 0.19970809 0.2009089  0.20956747]] 
Episode: 776: [[0.18470585 0.20375533 0.19970809 0.2009089  0.20956747]] 
Episode: 777: [[0.18470585 0.20375533 0.19970809 0.2009089  0.20956747]] 
Episode: 778: [[0.18470585 0.20375533 0.19970809 0.2009089  0.20956747]] 
Episode: 779: [[0.18470585 0.20375533 0.19970809 0.2009089  0.20956747]] 
Episode: 780: [[0.18470585 0.20375533 0.19970809 0.2009089  0.20956747]] 
Episode: 781: [[0.18470585 0.20375533 0.19970809 0.2009089  0.20956747]] 
Episode: 782: [[0.18470585 0.20375533 0.19970809 0.2009089  0.20956747]] 
Episode: 783: [[0.18470585 0.20375533 0.19970809 0.2009089  0.20956747]] 
Episode: 784: [[0.18470585 0.20375533 0.19970809 0.2009089  0.20956747]] 
Episode: 785: [[0.18470585 0.20375533 0.19970809 0.2009089  0.20956747]] 
Episode: 786: [[0.18470585 0.20375533 0.19970809 0.2009089  0.20956747]] 
Episode: 787: [[0.18470585 0.20375533 0.19970809 0.2009089  0.20956747]] 
Episode: 788: [[0.18470585 0.20375533 0.19970809 0.2009089  0.20956747]] 
Episode: 789: [[0.18470585 0.20375533 0.19970809 0.2009089  0.20956747]] 
Episode: 790: [[0.18470585 0.20375533 0.19970809 0.2009089  0.20956747]] 
Episode: 791: [[0.18470585 0.20375533 0.19970809 0.2009089  0.20956747]] 
Episode: 792: [[0.18470585 0.20375533 0.19970809 0.2009089  0.20956747]] 
Episode: 793: [[0.18470585 0.20375533 0.19970809 0.2009089  0.20956747]] 
Episode: 794: [[0.18470585 0.20375533 0.19970809 0.2009089  0.20956747]] 
Episode: 795: [[0.18470585 0.20375533 0.19970809 0.2009089  0.20956747]] 
Episode: 796: [[0.18470585 0.20375533 0.19970809 0.2009089  0.20956747]] 
Episode: 797: [[0.18470585 0.20375533 0.19970809 0.2009089  0.20956747]] 
Episode: 798: [[0.18470585 0.20375533 0.19970809 0.2009089  0.20956747]] 
Episode: 799: [[0.18470585 0.20375533 0.19970809 0.2009089  0.20956747]] 
Episode: 800: [[0.18470585 0.20375533 0.19970809 0.2009089  0.20956747]] 
Episode: 801: [[0.18470585 0.20375533 0.19970809 0.2009089  0.20956747]] 
Episode: 802: [[0.18470585 0.20375533 0.19970809 0.2009089  0.20956747]] 
Episode: 803: [[0.18470585 0.20375533 0.19970809 0.2009089  0.20956747]] 
Episode: 804: [[0.18470585 0.20375533 0.19970809 0.2009089  0.20956747]] 
Episode: 805: [[0.18470585 0.20375533 0.19970809 0.2009089  0.20956747]] 
Episode: 806: [[0.18470585 0.20375533 0.19970809 0.2009089  0.20956747]] 
Episode: 807: [[0.18470585 0.20375533 0.19970809 0.2009089  0.20956747]] 
Episode: 808: [[0.18470585 0.20375533 0.19970809 0.2009089  0.20956747]] 
Episode: 809: [[0.18470585 0.20375533 0.19970809 0.2009089  0.20956747]] 
Episode: 810: [[0.18470585 0.20375533 0.19970809 0.2009089  0.20956747]] 
Episode: 811: [[0.18470585 0.20375533 0.19970809 0.2009089  0.20956747]] 
Episode: 812: [[0.18470585 0.20375533 0.19970809 0.2009089  0.20956747]] 
Episode: 813: [[0.18470585 0.20375533 0.19970809 0.2009089  0.20956747]] 
Episode: 814: [[0.18470585 0.20375533 0.19970809 0.2009089  0.20956747]] 
Episode: 815: [[0.18470585 0.20375533 0.19970809 0.2009089  0.20956747]] 
Episode: 816: [[0.18470585 0.20375533 0.19970809 0.2009089  0.20956747]] 
Episode: 817: [[0.18470585 0.20375533 0.19970809 0.2009089  0.20956747]] 
Episode: 818: [[0.18470585 0.20375533 0.19970809 0.2009089  0.20956747]] 
Episode: 819: [[0.18470585 0.20375533 0.19970809 0.2009089  0.20956747]] 
Episode: 820: [[0.18470585 0.20375533 0.19970809 0.2009089  0.20956747]] 
Episode: 821: [[0.18470585 0.20375533 0.19970809 0.2009089  0.20956747]] 
Episode: 822: [[0.18470585 0.20375533 0.19970809 0.2009089  0.20956747]] 
Episode: 823: [[0.18470585 0.20375533 0.19970809 0.2009089  0.20956747]] 
Episode: 824: [[0.18470585 0.20375533 0.19970809 0.2009089  0.20956747]] 
Episode: 825: [[0.18470585 0.20375533 0.19970809 0.2009089  0.20956747]] 
Episode: 826: [[0.18470585 0.20375533 0.19970809 0.2009089  0.20956747]] 
Episode: 827: [[0.18470585 0.20375533 0.19970809 0.2009089  0.20956747]] 
Episode: 828: [[0.18470585 0.20375533 0.19970809 0.2009089  0.20956747]] 
Episode: 829: [[0.18470585 0.20375533 0.19970809 0.2009089  0.20956747]] 
Episode: 830: [[0.18470585 0.20375533 0.19970809 0.2009089  0.20956747]] 
Episode: 831: [[0.18470585 0.20375533 0.19970809 0.2009089  0.20956747]] 
Episode: 832: [[0.18470585 0.20375533 0.19970809 0.2009089  0.20956747]] 
Episode: 833: [[0.18470585 0.20375533 0.19970809 0.2009089  0.20956747]] 
Episode: 834: [[0.18470585 0.20375533 0.19970809 0.2009089  0.20956747]] 
Episode: 835: [[0.18470585 0.20375533 0.19970809 0.2009089  0.20956747]] 
Episode: 836: [[0.18470585 0.20375533 0.19970809 0.2009089  0.20956747]] 
Episode: 837: [[0.18470585 0.20375533 0.19970809 0.2009089  0.20956747]] 
Episode: 838: [[0.18470585 0.20375533 0.19970809 0.2009089  0.20956747]] 
Episode: 839: [[0.18470585 0.20375533 0.19970809 0.2009089  0.20956747]] 
Episode: 840: [[0.18470585 0.20375533 0.19970809 0.2009089  0.20956747]] 
Episode: 841: [[0.18470585 0.20375533 0.19970809 0.2009089  0.20956747]] 
Episode: 842: [[0.18470585 0.20375533 0.19970809 0.2009089  0.20956747]] 
Episode: 843: [[0.18470585 0.20375533 0.19970809 0.2009089  0.20956747]] 
Episode: 844: [[0.18470585 0.20375533 0.19970809 0.2009089  0.20956747]] 
Episode: 845: [[0.18470585 0.20375533 0.19970809 0.2009089  0.20956747]] 
Episode: 846: [[0.18470585 0.20375533 0.19970809 0.2009089  0.20956747]] 
Episode: 847: [[0.18470585 0.20375533 0.19970809 0.2009089  0.20956747]] 
Episode: 848: [[0.18470585 0.20375533 0.19970809 0.2009089  0.20956747]] 
Episode: 849: [[0.18470585 0.20375533 0.19970809 0.2009089  0.20956747]] 
Episode: 850: [[0.18470585 0.20375533 0.19970809 0.2009089  0.20956747]] 
Episode: 851: [[0.18470585 0.20375533 0.19970809 0.2009089  0.20956747]] 
Episode: 852: [[0.18470585 0.20375533 0.19970809 0.2009089  0.20956747]] 
Episode: 853: [[0.18470585 0.20375533 0.19970809 0.2009089  0.20956747]] 
Episode: 854: [[0.18470585 0.20375533 0.19970809 0.2009089  0.20956747]] 
Episode: 855: [[0.18470585 0.20375533 0.19970809 0.2009089  0.20956747]] 
Episode: 856: [[0.18470585 0.20375533 0.19970809 0.2009089  0.20956747]] 
Episode: 857: [[0.18470585 0.20375533 0.19970809 0.2009089  0.20956747]] 
Episode: 858: [[0.18470585 0.20375533 0.19970809 0.2009089  0.20956747]] 
Episode: 859: [[0.18470585 0.20375533 0.19970809 0.2009089  0.20956747]] 
Episode: 860: [[0.18470585 0.20375533 0.19970809 0.2009089  0.20956747]] 
Episode: 861: [[0.18470585 0.20375533 0.19970809 0.2009089  0.20956747]] 
Episode: 862: [[0.18470585 0.20375533 0.19970809 0.2009089  0.20956747]] 
Episode: 863: [[0.18470585 0.20375533 0.19970809 0.2009089  0.20956747]] 
Episode: 864: [[0.18470585 0.20375533 0.19970809 0.2009089  0.20956747]] 
Episode: 865: [[0.18470585 0.20375533 0.19970809 0.2009089  0.20956747]] 
Episode: 866: [[0.18470585 0.20375533 0.19970809 0.2009089  0.20956747]] 
Episode: 867: [[0.18470585 0.20375533 0.19970809 0.2009089  0.20956747]] 
Episode: 868: [[0.18470585 0.20375533 0.19970809 0.2009089  0.20956747]] 
Episode: 869: [[0.18470585 0.20375533 0.19970809 0.2009089  0.20956747]] 
Episode: 870: [[0.18470585 0.20375533 0.19970809 0.2009089  0.20956747]] 
Episode: 871: [[0.18470585 0.20375533 0.19970809 0.2009089  0.20956747]] 
Episode: 872: [[0.18470585 0.20375533 0.19970809 0.2009089  0.20956747]] 
Episode: 873: [[0.18470585 0.20375533 0.19970809 0.2009089  0.20956747]] 
Episode: 874: [[0.18470585 0.20375533 0.19970809 0.2009089  0.20956747]] 
Episode: 875: [[0.18470585 0.20375533 0.19970809 0.2009089  0.20956747]] 
Episode: 876: [[0.18470585 0.20375533 0.19970809 0.2009089  0.20956747]] 
Episode: 877: [[0.18470585 0.20375533 0.19970809 0.2009089  0.20956747]] 
Episode: 878: [[0.18470585 0.20375533 0.19970809 0.2009089  0.20956747]] 
Episode: 879: [[0.18470585 0.20375533 0.19970809 0.2009089  0.20956747]] 
Episode: 880: [[0.18470585 0.20375533 0.19970809 0.2009089  0.20956747]] 
Episode: 881: [[0.18470585 0.20375533 0.19970809 0.2009089  0.20956747]] 
Episode: 882: [[0.18470585 0.20375533 0.19970809 0.2009089  0.20956747]] 
Episode: 883: [[0.18470585 0.20375533 0.19970809 0.2009089  0.20956747]] 
Episode: 884: [[0.18470585 0.20375533 0.19970809 0.2009089  0.20956747]] 
Episode: 885: [[0.18470585 0.20375533 0.19970809 0.2009089  0.20956747]] 
Episode: 886: [[0.18470585 0.20375533 0.19970809 0.2009089  0.20956747]] 
Episode: 887: [[0.18470585 0.20375533 0.19970809 0.2009089  0.20956747]] 
Episode: 888: [[0.18470585 0.20375533 0.19970809 0.2009089  0.20956747]] 
Episode: 889: [[0.18470585 0.20375533 0.19970809 0.2009089  0.20956747]] 
Episode: 890: [[0.18470585 0.20375533 0.19970809 0.2009089  0.20956747]] 
Episode: 891: [[0.18470585 0.20375533 0.19970809 0.2009089  0.20956747]] 
Episode: 892: [[0.18470585 0.20375533 0.19970809 0.2009089  0.20956747]] 
Episode: 893: [[0.18470585 0.20375533 0.19970809 0.2009089  0.20956747]] 
Episode: 894: [[0.18470585 0.20375533 0.19970809 0.2009089  0.20956747]] 
Episode: 895: [[0.18470585 0.20375533 0.19970809 0.2009089  0.20956747]] 
Episode: 896: [[0.18470585 0.20375533 0.19970809 0.2009089  0.20956747]] 
Episode: 897: [[0.18470585 0.20375533 0.19970809 0.2009089  0.20956747]] 
Episode: 898: [[0.18470585 0.20375533 0.19970809 0.2009089  0.20956747]] 
Episode: 899: [[0.18470585 0.20375533 0.19970809 0.2009089  0.20956747]] 
Episode: 900: [[0.18470585 0.20375533 0.19970809 0.2009089  0.20956747]] 
Episode: 901: [[0.18470585 0.20375533 0.19970809 0.2009089  0.20956747]] 
Episode: 902: [[0.18470585 0.20375533 0.19970809 0.2009089  0.20956747]] 
Episode: 903: [[0.18470585 0.20375533 0.19970809 0.2009089  0.20956747]] 
Episode: 904: [[0.18470585 0.20375533 0.19970809 0.2009089  0.20956747]] 
Episode: 905: [[0.18470585 0.20375533 0.19970809 0.2009089  0.20956747]] 
Episode: 906: [[0.18470585 0.20375533 0.19970809 0.2009089  0.20956747]] 
Episode: 907: [[0.18470585 0.20375533 0.19970809 0.2009089  0.20956747]] 
Episode: 908: [[0.18470585 0.20375533 0.19970809 0.2009089  0.20956747]] 
Episode: 909: [[0.18470585 0.20375533 0.19970809 0.2009089  0.20956747]] 
Episode: 910: [[0.18470585 0.20375533 0.19970809 0.2009089  0.20956747]] 
Episode: 911: [[0.18470585 0.20375533 0.19970809 0.2009089  0.20956747]] 
Episode: 912: [[0.18470585 0.20375533 0.19970809 0.2009089  0.20956747]] 
Episode: 913: [[0.18470585 0.20375533 0.19970809 0.2009089  0.20956747]] 
Episode: 914: [[0.18470585 0.20375533 0.19970809 0.2009089  0.20956747]] 
Episode: 915: [[0.18470585 0.20375533 0.19970809 0.2009089  0.20956747]] 
Episode: 916: [[0.18470585 0.20375533 0.19970809 0.2009089  0.20956747]] 
Episode: 917: [[0.18470585 0.20375533 0.19970809 0.2009089  0.20956747]] 
Episode: 918: [[0.18470585 0.20375533 0.19970809 0.2009089  0.20956747]] 
Episode: 919: [[0.18470585 0.20375533 0.19970809 0.2009089  0.20956747]] 
Episode: 920: [[0.18470585 0.20375533 0.19970809 0.2009089  0.20956747]] 
Episode: 921: [[0.18470585 0.20375533 0.19970809 0.2009089  0.20956747]] 
Episode: 922: [[0.18470585 0.20375533 0.19970809 0.2009089  0.20956747]] 
Episode: 923: [[0.18470585 0.20375533 0.19970809 0.2009089  0.20956747]] 
Episode: 924: [[0.18470585 0.20375533 0.19970809 0.2009089  0.20956747]] 
Episode: 925: [[0.18470585 0.20375533 0.19970809 0.2009089  0.20956747]] 
Episode: 926: [[0.18470585 0.20375533 0.19970809 0.2009089  0.20956747]] 
Episode: 927: [[0.18470585 0.20375533 0.19970809 0.2009089  0.20956747]] 
Episode: 928: [[0.18470585 0.20375533 0.19970809 0.2009089  0.20956747]] 
Episode: 929: [[0.18470585 0.20375533 0.19970809 0.2009089  0.20956747]] 
Episode: 930: [[0.18470585 0.20375533 0.19970809 0.2009089  0.20956747]] 
Episode: 931: [[0.18470585 0.20375533 0.19970809 0.2009089  0.20956747]] 
Episode: 932: [[0.18470585 0.20375533 0.19970809 0.2009089  0.20956747]] 
Episode: 933: [[0.18470585 0.20375533 0.19970809 0.2009089  0.20956747]] 
Episode: 934: [[0.18470585 0.20375533 0.19970809 0.2009089  0.20956747]] 
Episode: 935: [[0.18470585 0.20375533 0.19970809 0.2009089  0.20956747]] 
Episode: 936: [[0.18470585 0.20375533 0.19970809 0.2009089  0.20956747]] 
Episode: 937: [[0.18470585 0.20375533 0.19970809 0.2009089  0.20956747]] 
Episode: 938: [[0.18470585 0.20375533 0.19970809 0.2009089  0.20956747]] 
Episode: 939: [[0.18470585 0.20375533 0.19970809 0.2009089  0.20956747]] 
Episode: 940: [[0.18470585 0.20375533 0.19970809 0.2009089  0.20956747]] 
Episode: 941: [[0.18470585 0.20375533 0.19970809 0.2009089  0.20956747]] 
Episode: 942: [[0.18470585 0.20375533 0.19970809 0.2009089  0.20956747]] 
Episode: 943: [[0.18470585 0.20375533 0.19970809 0.2009089  0.20956747]] 
Episode: 944: [[0.18470585 0.20375533 0.19970809 0.2009089  0.20956747]] 
Episode: 945: [[0.18470585 0.20375533 0.19970809 0.2009089  0.20956747]] 
Episode: 946: [[0.18470585 0.20375533 0.19970809 0.2009089  0.20956747]] 
Episode: 947: [[0.18470585 0.20375533 0.19970809 0.2009089  0.20956747]] 
Episode: 948: [[0.18470585 0.20375533 0.19970809 0.2009089  0.20956747]] 
Episode: 949: [[0.18470585 0.20375533 0.19970809 0.2009089  0.20956747]] 
Episode: 950: [[0.18470585 0.20375533 0.19970809 0.2009089  0.20956747]] 
Episode: 951: [[0.18470585 0.20375533 0.19970809 0.2009089  0.20956747]] 
Episode: 952: [[0.18470585 0.20375533 0.19970809 0.2009089  0.20956747]] 
Episode: 953: [[0.18470585 0.20375533 0.19970809 0.2009089  0.20956747]] 
Episode: 954: [[0.18470585 0.20375533 0.19970809 0.2009089  0.20956747]] 
Episode: 955: [[0.18470585 0.20375533 0.19970809 0.2009089  0.20956747]] 
Episode: 956: [[0.18470585 0.20375533 0.19970809 0.2009089  0.20956747]] 
Episode: 957: [[0.18470585 0.20375533 0.19970809 0.2009089  0.20956747]] 
Episode: 958: [[0.18470585 0.20375533 0.19970809 0.2009089  0.20956747]] 
Episode: 959: [[0.18470585 0.20375533 0.19970809 0.2009089  0.20956747]] 
Episode: 960: [[0.18470585 0.20375533 0.19970809 0.2009089  0.20956747]] 
Episode: 961: [[0.18470585 0.20375533 0.19970809 0.2009089  0.20956747]] 
Episode: 962: [[0.18470585 0.20375533 0.19970809 0.2009089  0.20956747]] 
Episode: 963: [[0.18470585 0.20375533 0.19970809 0.2009089  0.20956747]] 
Episode: 964: [[0.18470585 0.20375533 0.19970809 0.2009089  0.20956747]] 
Episode: 965: [[0.18470585 0.20375533 0.19970809 0.2009089  0.20956747]] 
Episode: 966: [[0.18470585 0.20375533 0.19970809 0.2009089  0.20956747]] 
Episode: 967: [[0.18470585 0.20375533 0.19970809 0.2009089  0.20956747]] 
Episode: 968: [[0.18470585 0.20375533 0.19970809 0.2009089  0.20956747]] 
Episode: 969: [[0.18470585 0.20375533 0.19970809 0.2009089  0.20956747]] 
Episode: 970: [[0.18470585 0.20375533 0.19970809 0.2009089  0.20956747]] 
Episode: 971: [[0.18470585 0.20375533 0.19970809 0.2009089  0.20956747]] 
Episode: 972: [[0.18470585 0.20375533 0.19970809 0.2009089  0.20956747]] 
Episode: 973: [[0.18470585 0.20375533 0.19970809 0.2009089  0.20956747]] 
Episode: 974: [[0.18470585 0.20375533 0.19970809 0.2009089  0.20956747]] 
Episode: 975: [[0.18470585 0.20375533 0.19970809 0.2009089  0.20956747]] 
Episode: 976: [[0.18470585 0.20375533 0.19970809 0.2009089  0.20956747]] 
Episode: 977: [[0.18470585 0.20375533 0.19970809 0.2009089  0.20956747]] 
Episode: 978: [[0.18470585 0.20375533 0.19970809 0.2009089  0.20956747]] 
Episode: 979: [[0.18470585 0.20375533 0.19970809 0.2009089  0.20956747]] 
Episode: 980: [[0.18470585 0.20375533 0.19970809 0.2009089  0.20956747]] 
Episode: 981: [[0.18470585 0.20375533 0.19970809 0.2009089  0.20956747]] 
Episode: 982: [[0.18470585 0.20375533 0.19970809 0.2009089  0.20956747]] 
Episode: 983: [[0.18470585 0.20375533 0.19970809 0.2009089  0.20956747]] 
Episode: 984: [[0.18470585 0.20375533 0.19970809 0.2009089  0.20956747]] 
Episode: 985: [[0.18470585 0.20375533 0.19970809 0.2009089  0.20956747]] 
Episode: 986: [[0.18470585 0.20375533 0.19970809 0.2009089  0.20956747]] 
Episode: 987: [[0.18470585 0.20375533 0.19970809 0.2009089  0.20956747]] 
Episode: 988: [[0.18470585 0.20375533 0.19970809 0.2009089  0.20956747]] 
Episode: 989: [[0.18470585 0.20375533 0.19970809 0.2009089  0.20956747]] 
Episode: 990: [[0.18470585 0.20375533 0.19970809 0.2009089  0.20956747]] 
Episode: 991: [[0.18470585 0.20375533 0.19970809 0.2009089  0.20956747]] 
Episode: 992: [[0.18470585 0.20375533 0.19970809 0.2009089  0.20956747]] 
Episode: 993: [[0.18470585 0.20375533 0.19970809 0.2009089  0.20956747]] 
Episode: 994: [[0.18470585 0.20375533 0.19970809 0.2009089  0.20956747]] 
Episode: 995: [[0.18470585 0.20375533 0.19970809 0.2009089  0.20956747]] 
Episode: 996: [[0.18470585 0.20375533 0.19970809 0.2009089  0.20956747]] 
Episode: 997: [[0.18470585 0.20375533 0.19970809 0.2009089  0.20956747]] 
Episode: 998: [[0.18470585 0.20375533 0.19970809 0.2009089  0.20956747]] 
Episode: 999: [[0.18470585 0.20375533 0.19970809 0.2009089  0.20956747]] 
Episode: 1000: [[0.18470585 0.20375533 0.19970809 0.2009089  0.20956747]] 
Episode: 1001: [[0.18470585 0.20375533 0.19970809 0.2009089  0.20956747]] 
Episode: 1002: [[0.18470585 0.20375533 0.19970809 0.2009089  0.20956747]] 
Episode: 1003: [[0.18470585 0.20375533 0.19970809 0.2009089  0.20956747]] 
Episode: 1004: [[0.18470585 0.20375533 0.19970809 0.2009089  0.20956747]] 
Episode: 1005: [[0.18470585 0.20375533 0.19970809 0.2009089  0.20956747]] 
Episode: 1006: [[0.18470585 0.20375533 0.19970809 0.2009089  0.20956747]] 
Episode: 1007: [[0.18470585 0.20375533 0.19970809 0.2009089  0.20956747]] 
Episode: 1008: [[0.18470585 0.20375533 0.19970809 0.2009089  0.20956747]] 
Episode: 1009: [[0.18470585 0.20375533 0.19970809 0.2009089  0.20956747]] 
Episode: 1010: [[0.18470585 0.20375533 0.19970809 0.2009089  0.20956747]] 
Episode: 1011: [[0.18470585 0.20375533 0.19970809 0.2009089  0.20956747]] 
Episode: 1012: [[0.18470585 0.20375533 0.19970809 0.2009089  0.20956747]] 
Episode: 1013: [[0.18470585 0.20375533 0.19970809 0.2009089  0.20956747]] 
Episode: 1014: [[0.18470585 0.20375533 0.19970809 0.2009089  0.20956747]] 
Episode: 1015: [[0.18470585 0.20375533 0.19970809 0.2009089  0.20956747]] 
Episode: 1016: [[0.18470585 0.20375533 0.19970809 0.2009089  0.20956747]] 
Episode: 1017: [[0.18470585 0.20375533 0.19970809 0.2009089  0.20956747]] 
Episode: 1018: [[0.18470585 0.20375533 0.19970809 0.2009089  0.20956747]] 
Episode: 1019: [[0.18470585 0.20375533 0.19970809 0.2009089  0.20956747]] 
Episode: 1020: [[0.18470585 0.20375533 0.19970809 0.2009089  0.20956747]] 
Episode: 1021: [[0.18470585 0.20375533 0.19970809 0.2009089  0.20956747]] 
Episode: 1022: [[0.18470585 0.20375533 0.19970809 0.2009089  0.20956747]] 
Episode: 1023: [[0.18470585 0.20375533 0.19970809 0.2009089  0.20956747]] 
Episode: 1024: [[0.18470585 0.20375533 0.19970809 0.2009089  0.20956747]] 
Episode: 1025: [[0.18470585 0.20375533 0.19970809 0.2009089  0.20956747]] 
Episode: 1026: [[0.18470585 0.20375533 0.19970809 0.2009089  0.20956747]] 
Episode: 1027: [[0.18470585 0.20375533 0.19970809 0.2009089  0.20956747]] 
Episode: 1028: [[0.18470585 0.20375533 0.19970809 0.2009089  0.20956747]] 
Episode: 1029: [[0.18470585 0.20375533 0.19970809 0.2009089  0.20956747]] 
Episode: 1030: [[0.18470585 0.20375533 0.19970809 0.2009089  0.20956747]] 
Episode: 1031: [[0.18470585 0.20375533 0.19970809 0.2009089  0.20956747]] 
Episode: 1032: [[0.18470585 0.20375533 0.19970809 0.2009089  0.20956747]] 
Episode: 1033: [[0.18470585 0.20375533 0.19970809 0.2009089  0.20956747]] 
Episode: 1034: [[0.18470585 0.20375533 0.19970809 0.2009089  0.20956747]] 
Episode: 1035: [[0.18470585 0.20375533 0.19970809 0.2009089  0.20956747]] 
Episode: 1036: [[0.18470585 0.20375533 0.19970809 0.2009089  0.20956747]] 
Episode: 1037: [[0.18470585 0.20375533 0.19970809 0.2009089  0.20956747]] 
Episode: 1038: [[0.18470585 0.20375533 0.19970809 0.2009089  0.20956747]] 
Episode: 1039: [[0.18470585 0.20375533 0.19970809 0.2009089  0.20956747]] 
Episode: 1040: [[0.18470585 0.20375533 0.19970809 0.2009089  0.20956747]] 
Episode: 1041: [[0.18470585 0.20375533 0.19970809 0.2009089  0.20956747]] 
Episode: 1042: [[0.18470585 0.20375533 0.19970809 0.2009089  0.20956747]] 
Episode: 1043: [[0.18470585 0.20375533 0.19970809 0.2009089  0.20956747]] 
Episode: 1044: [[0.18470585 0.20375533 0.19970809 0.2009089  0.20956747]] 
Episode: 1045: [[0.18470585 0.20375533 0.19970809 0.2009089  0.20956747]] 
Episode: 1046: [[0.18470585 0.20375533 0.19970809 0.2009089  0.20956747]] 
Episode: 1047: [[0.18470585 0.20375533 0.19970809 0.2009089  0.20956747]] 
Episode: 1048: [[0.18470585 0.20375533 0.19970809 0.2009089  0.20956747]] 
Episode: 1049: [[0.18470585 0.20375533 0.19970809 0.2009089  0.20956747]] 
Episode: 1050: [[0.18470585 0.20375533 0.19970809 0.2009089  0.20956747]] 
Episode: 1051: [[0.18470585 0.20375533 0.19970809 0.2009089  0.20956747]] 
Episode: 1052: [[0.18470585 0.20375533 0.19970809 0.2009089  0.20956747]] 
Episode: 1053: [[0.18470585 0.20375533 0.19970809 0.2009089  0.20956747]] 
Episode: 1054: [[0.18470585 0.20375533 0.19970809 0.2009089  0.20956747]] 
Episode: 1055: [[0.18470585 0.20375533 0.19970809 0.2009089  0.20956747]] 
Episode: 1056: [[0.18470585 0.20375533 0.19970809 0.2009089  0.20956747]] 
Episode: 1057: [[0.18470585 0.20375533 0.19970809 0.2009089  0.20956747]] 
Episode: 1058: [[0.18470585 0.20375533 0.19970809 0.2009089  0.20956747]] 
Episode: 1059: [[0.18470585 0.20375533 0.19970809 0.2009089  0.20956747]] 
Episode: 1060: [[0.18470585 0.20375533 0.19970809 0.2009089  0.20956747]] 
Episode: 1061: [[0.18470585 0.20375533 0.19970809 0.2009089  0.20956747]] 
Episode: 1062: [[0.18470585 0.20375533 0.19970809 0.2009089  0.20956747]] 
Episode: 1063: [[0.18470585 0.20375533 0.19970809 0.2009089  0.20956747]] 
Episode: 1064: [[0.18470585 0.20375533 0.19970809 0.2009089  0.20956747]] 
Episode: 1065: [[0.18470585 0.20375533 0.19970809 0.2009089  0.20956747]] 
Episode: 1066: [[0.18470585 0.20375533 0.19970809 0.2009089  0.20956747]] 
Episode: 1067: [[0.18470585 0.20375533 0.19970809 0.2009089  0.20956747]] 
Episode: 1068: [[0.18470585 0.20375533 0.19970809 0.2009089  0.20956747]] 
Episode: 1069: [[0.18470585 0.20375533 0.19970809 0.2009089  0.20956747]] 
Episode: 1070: [[0.18470585 0.20375533 0.19970809 0.2009089  0.20956747]] 
Episode: 1071: [[0.18470585 0.20375533 0.19970809 0.2009089  0.20956747]] 
Episode: 1072: [[0.18470585 0.20375533 0.19970809 0.2009089  0.20956747]] 
Episode: 1073: [[0.18470585 0.20375533 0.19970809 0.2009089  0.20956747]] 
Episode: 1074: [[0.18470585 0.20375533 0.19970809 0.2009089  0.20956747]] 
Episode: 1075: [[0.18470585 0.20375533 0.19970809 0.2009089  0.20956747]] 
Episode: 1076: [[0.18470585 0.20375533 0.19970809 0.2009089  0.20956747]] 
Episode: 1077: [[0.18470585 0.20375533 0.19970809 0.2009089  0.20956747]] 
Episode: 1078: [[0.18470585 0.20375533 0.19970809 0.2009089  0.20956747]] 
Episode: 1079: [[0.18470585 0.20375533 0.19970809 0.2009089  0.20956747]] 
Episode: 1080: [[0.18470585 0.20375533 0.19970809 0.2009089  0.20956747]] 
Episode: 1081: [[0.18470585 0.20375533 0.19970809 0.2009089  0.20956747]] 
Episode: 1082: [[0.18470585 0.20375533 0.19970809 0.2009089  0.20956747]] 
Episode: 1083: [[0.18470585 0.20375533 0.19970809 0.2009089  0.20956747]] 
Episode: 1084: [[0.18470585 0.20375533 0.19970809 0.2009089  0.20956747]] 
Episode: 1085: [[0.18470585 0.20375533 0.19970809 0.2009089  0.20956747]] 
Episode: 1086: [[0.18470585 0.20375533 0.19970809 0.2009089  0.20956747]] 
Episode: 1087: [[0.18470585 0.20375533 0.19970809 0.2009089  0.20956747]] 
Episode: 1088: [[0.18470585 0.20375533 0.19970809 0.2009089  0.20956747]] 
Episode: 1089: [[0.18470585 0.20375533 0.19970809 0.2009089  0.20956747]] 
Episode: 1090: [[0.18470585 0.20375533 0.19970809 0.2009089  0.20956747]] 
Episode: 1091: [[0.18470585 0.20375533 0.19970809 0.2009089  0.20956747]] 
Episode: 1092: [[0.18470585 0.20375533 0.19970809 0.2009089  0.20956747]] 
Episode: 1093: [[0.18470585 0.20375533 0.19970809 0.2009089  0.20956747]] 
Episode: 1094: [[0.18470585 0.20375533 0.19970809 0.2009089  0.20956747]] 
Episode: 1095: [[0.18470585 0.20375533 0.19970809 0.2009089  0.20956747]] 
Episode: 1096: [[0.18470585 0.20375533 0.19970809 0.2009089  0.20956747]] 
Episode: 1097: [[0.18470585 0.20375533 0.19970809 0.2009089  0.20956747]] 
Episode: 1098: [[0.18470585 0.20375533 0.19970809 0.2009089  0.20956747]] 
Episode: 1099: [[0.18470585 0.20375533 0.19970809 0.2009089  0.20956747]] 
Episode: 1100: [[0.18470585 0.20375533 0.19970809 0.2009089  0.20956747]] 
Episode: 1101: [[0.18470585 0.20375533 0.19970809 0.2009089  0.20956747]] 
Episode: 1102: [[0.18470585 0.20375533 0.19970809 0.2009089  0.20956747]] 
Episode: 1103: [[0.18470585 0.20375533 0.19970809 0.2009089  0.20956747]] 
Episode: 1104: [[0.18470585 0.20375533 0.19970809 0.2009089  0.20956747]] 
Episode: 1105: [[0.18470585 0.20375533 0.19970809 0.2009089  0.20956747]] 
Episode: 1106: [[0.18470585 0.20375533 0.19970809 0.2009089  0.20956747]] 
Episode: 1107: [[0.18470585 0.20375533 0.19970809 0.2009089  0.20956747]] 
Episode: 1108: [[0.18470585 0.20375533 0.19970809 0.2009089  0.20956747]] 
Episode: 1109: [[0.18470585 0.20375533 0.19970809 0.2009089  0.20956747]] 
Episode: 1110: [[0.18470585 0.20375533 0.19970809 0.2009089  0.20956747]] 
Episode: 1111: [[0.18470585 0.20375533 0.19970809 0.2009089  0.20956747]] 
Episode: 1112: [[0.18470585 0.20375533 0.19970809 0.2009089  0.20956747]] 
Episode: 1113: [[0.18470585 0.20375533 0.19970809 0.2009089  0.20956747]] 
Episode: 1114: [[0.18470585 0.20375533 0.19970809 0.2009089  0.20956747]] 
Episode: 1115: [[0.18470585 0.20375533 0.19970809 0.2009089  0.20956747]] 
Episode: 1116: [[0.18470585 0.20375533 0.19970809 0.2009089  0.20956747]] 
Episode: 1117: [[0.18470585 0.20375533 0.19970809 0.2009089  0.20956747]] 
Episode: 1118: [[0.18470585 0.20375533 0.19970809 0.2009089  0.20956747]] 
Episode: 1119: [[0.18470585 0.20375533 0.19970809 0.2009089  0.20956747]] 
Episode: 1120: [[0.18470585 0.20375533 0.19970809 0.2009089  0.20956747]] 
Episode: 1121: [[0.18470585 0.20375533 0.19970809 0.2009089  0.20956747]] 
Episode: 1122: [[0.18470585 0.20375533 0.19970809 0.2009089  0.20956747]] 
Episode: 1123: [[0.18470585 0.20375533 0.19970809 0.2009089  0.20956747]] 
Episode: 1124: [[0.18470585 0.20375533 0.19970809 0.2009089  0.20956747]] 
Episode: 1125: [[0.18470585 0.20375533 0.19970809 0.2009089  0.20956747]] 
Episode: 1126: [[0.18470585 0.20375533 0.19970809 0.2009089  0.20956747]] 
Episode: 1127: [[0.18470585 0.20375533 0.19970809 0.2009089  0.20956747]] 
Episode: 1128: [[0.18470585 0.20375533 0.19970809 0.2009089  0.20956747]] 
Episode: 1129: [[0.18470585 0.20375533 0.19970809 0.2009089  0.20956747]] 
Episode: 1130: [[0.18470585 0.20375533 0.19970809 0.2009089  0.20956747]] 
Episode: 1131: [[0.18470585 0.20375533 0.19970809 0.2009089  0.20956747]] 
Episode: 1132: [[0.18470585 0.20375533 0.19970809 0.2009089  0.20956747]] 
Episode: 1133: [[0.18470585 0.20375533 0.19970809 0.2009089  0.20956747]] 
Episode: 1134: [[0.18470585 0.20375533 0.19970809 0.2009089  0.20956747]] 
Episode: 1135: [[0.18470585 0.20375533 0.19970809 0.2009089  0.20956747]] 
Episode: 1136: [[0.18470585 0.20375533 0.19970809 0.2009089  0.20956747]] 
Episode: 1137: [[0.18470585 0.20375533 0.19970809 0.2009089  0.20956747]] 
Episode: 1138: [[0.18470585 0.20375533 0.19970809 0.2009089  0.20956747]] 
Episode: 1139: [[0.18470585 0.20375533 0.19970809 0.2009089  0.20956747]] 
Episode: 1140: [[0.18470585 0.20375533 0.19970809 0.2009089  0.20956747]] 
Episode: 1141: [[0.18470585 0.20375533 0.19970809 0.2009089  0.20956747]] 
Episode: 1142: [[0.18470585 0.20375533 0.19970809 0.2009089  0.20956747]] 
Episode: 1143: [[0.18470585 0.20375533 0.19970809 0.2009089  0.20956747]] 
Episode: 1144: [[0.18470585 0.20375533 0.19970809 0.2009089  0.20956747]] 
Episode: 1145: [[0.18470585 0.20375533 0.19970809 0.2009089  0.20956747]] 
Episode: 1146: [[0.18470585 0.20375533 0.19970809 0.2009089  0.20956747]] 
Episode: 1147: [[0.18470585 0.20375533 0.19970809 0.2009089  0.20956747]] 
Episode: 1148: [[0.18470585 0.20375533 0.19970809 0.2009089  0.20956747]] 
Episode: 1149: [[0.18470585 0.20375533 0.19970809 0.2009089  0.20956747]] 
Episode: 1150: [[0.18470585 0.20375533 0.19970809 0.2009089  0.20956747]] 
Episode: 1151: [[0.18470585 0.20375533 0.19970809 0.2009089  0.20956747]] 
Episode: 1152: [[0.18470585 0.20375533 0.19970809 0.2009089  0.20956747]] 
Episode: 1153: [[0.18470585 0.20375533 0.19970809 0.2009089  0.20956747]] 
Episode: 1154: [[0.18470585 0.20375533 0.19970809 0.2009089  0.20956747]] 
Episode: 1155: [[0.18470585 0.20375533 0.19970809 0.2009089  0.20956747]] 
Episode: 1156: [[0.18470585 0.20375533 0.19970809 0.2009089  0.20956747]] 
Episode: 1157: [[0.18470585 0.20375533 0.19970809 0.2009089  0.20956747]] 
Episode: 1158: [[0.18470585 0.20375533 0.19970809 0.2009089  0.20956747]] 
Episode: 1159: [[0.18470585 0.20375533 0.19970809 0.2009089  0.20956747]] 
Episode: 1160: [[0.18470585 0.20375533 0.19970809 0.2009089  0.20956747]] 
Episode: 1161: [[0.18470585 0.20375533 0.19970809 0.2009089  0.20956747]] 
Episode: 1162: [[0.18470585 0.20375533 0.19970809 0.2009089  0.20956747]] 
Episode: 1163: [[0.18470585 0.20375533 0.19970809 0.2009089  0.20956747]] 
Episode: 1164: [[0.18470585 0.20375533 0.19970809 0.2009089  0.20956747]] 
Episode: 1165: [[0.18470585 0.20375533 0.19970809 0.2009089  0.20956747]] 
Episode: 1166: [[0.18470585 0.20375533 0.19970809 0.2009089  0.20956747]] 
Episode: 1167: [[0.18470585 0.20375533 0.19970809 0.2009089  0.20956747]] 
