1892.381470 1065.741577 909.247437 876.627014 55502.316406 
4008.943115 1946.969849 1264.669434 935.742249 82456.117188 
3570.492432 1432.825684 1377.767212 1157.637085 62570.492188 
3578.622803 1421.317627 954.801270 671.566223 87453.156250 
3306.154785 1524.425171 1271.280029 965.686829 68398.578125 
3547.941406 1564.872681 1203.977295 961.814026 55037.027344 
3361.486084 1268.644653 1093.821655 935.621765 68114.804688 
3480.228027 1448.033203 1164.852783 903.812500 65840.492188 
4806.812012 2003.882690 2323.853516 2723.208984 128891.867188 
4385.289551 1496.846924 1486.687500 1205.275269 57221.363281 
3410.620850 1587.742065 1316.057617 930.859436 91287.921875 
3210.370605 1397.186279 1249.560303 884.128845 75421.015625 
4256.153809 1632.547607 1127.621094 784.270386 65362.281250 
2087.341797 1118.843140 768.840759 484.419281 49239.269531 
4382.365723 1660.161133 1381.964722 1232.902100 68335.812500 
1712.915161 1095.243774 889.839233 580.733643 48957.835938 
3745.787598 1378.531372 806.943298 684.570374 56178.191406 
2208.082764 1392.363037 1139.689331 1007.823792 69812.164062 
3698.823730 1423.199951 1361.098022 910.808350 72956.125000 
4409.253906 1448.023682 1842.291626 1669.215088 93600.554688 
