107152.070312 20934.101562 19580.761719 12339.439453 288577.093750 
52590.687500 23273.570312 24436.914062 12969.343750 226208.421875 
62735.464844 25648.304688 32014.527344 24306.677734 321204.593750 
63469.660156 33949.226562 35636.472656 22546.949219 342187.937500 
67074.929688 24137.535156 25774.369141 5715.271973 403503.625000 
50661.589844 21686.656250 23978.439453 11237.626953 205798.781250 
41886.242188 24945.146484 25737.625000 14388.471680 230484.875000 
58609.515625 19361.306641 15066.183594 8716.680664 283212.562500 
67106.851562 24281.781250 29962.529297 22996.785156 310368.125000 
62370.878906 53518.496094 35276.617188 10861.403320 385836.437500 
67548.640625 27147.455078 17019.298828 11650.996094 301213.062500 
86837.578125 32989.152344 33375.007812 28612.566406 277429.375000 
68169.593750 14213.048828 24454.248047 12023.616211 211692.375000 
40909.593750 24126.583984 24515.820312 12334.963867 259045.375000 
90427.414062 32467.435547 68932.257812 22683.326172 268022.281250 
84558.718750 24856.027344 22733.585938 14321.463867 308703.000000 
42355.117188 27386.033203 30105.919922 24111.414062 247627.718750 
45048.449219 29866.480469 28954.826172 18303.005859 226499.968750 
61332.734375 25410.113281 27408.292969 13947.267578 218230.578125 
52585.812500 21289.140625 29330.582031 12375.279297 264729.843750 
