81789.664062 10262.718750 9535.708008 10720.903320 48405.097656 
97984.320312 11379.557617 13368.005859 10412.768555 47097.210938 
89521.015625 9874.820312 9207.504883 8846.556641 55143.953125 
91219.210938 11619.978516 12078.598633 8462.209961 54385.406250 
92876.859375 12396.625000 10624.973633 8902.957031 61756.730469 
75776.859375 8905.890625 8025.205566 7953.498535 61958.097656 
81202.523438 10674.880859 9669.674805 7870.056641 32389.107422 
80963.867188 8897.717773 6479.106445 7019.411621 44526.125000 
77379.929688 10838.812500 11793.694336 12153.383789 54035.605469 
92615.882812 10130.876953 9228.642578 10912.416992 41167.820312 
93214.773438 13579.592773 12816.669922 10915.763672 63151.800781 
81232.515625 10060.620117 10798.553711 11992.686523 54755.257812 
77463.367188 9046.784180 7336.378906 5734.351562 34114.617188 
97118.054688 13279.749023 8616.230469 10025.200195 57368.281250 
82009.679688 10761.363281 10481.227539 11509.005859 36834.847656 
91554.054688 9765.285156 9182.017578 8646.288086 43750.136719 
81990.328125 10127.335938 10876.440430 10263.917969 35215.886719 
90013.492188 8993.111328 8710.125977 14112.911133 38518.320312 
86790.117188 7976.413086 8468.725586 8388.857422 30646.611328 
84262.390625 12782.778320 10342.690430 7774.581055 57304.746094 
