89.195984 40.655952 48.671593 44.193802 55.939026 0.027976 
72.555084 42.057434 40.545315 46.135437 45.960258 0.027976 
86.367332 43.155411 47.445675 35.371780 51.364201 0.000000 
86.855545 27.534056 35.735535 27.686985 42.630081 0.019782 
73.126106 32.542339 41.847309 34.076313 40.614353 0.000000 
78.239029 23.877197 32.652153 31.999514 43.488232 0.019782 
78.915031 43.886383 44.022625 48.022243 42.430504 0.000000 
81.250839 38.513336 46.093918 33.903839 43.796173 0.000000 
85.180550 34.678909 38.323666 31.704460 46.085369 0.000000 
68.435692 31.660990 39.840733 34.508251 48.292362 0.000000 
84.123711 38.173748 46.665031 36.171848 45.633621 0.000000 
75.958885 31.339943 37.929211 36.357182 41.431721 0.000000 
86.457886 36.622959 38.178616 40.235184 45.413204 0.000000 
81.884399 45.361794 54.130386 39.845211 58.671310 0.034264 
86.098915 30.355974 36.077744 30.110363 39.108002 0.027976 
81.287262 39.830330 43.970631 38.391994 48.452526 0.000000 
77.978699 36.331024 48.714855 38.459084 43.429028 0.027976 
86.812973 68.882103 72.896042 66.288223 48.959984 0.019782 
88.160881 29.825792 40.436886 29.574802 41.893925 0.019782 
72.337173 40.564930 40.315205 40.740494 41.211628 0.000000 
