86.950806 67.106934 66.271713 42.795170 31.408842 0.000000 
86.604568 85.044502 59.301613 40.729065 33.183113 0.000000 
86.591759 45.963947 56.946373 42.871204 31.923729 0.000000 
88.056061 62.756081 48.797520 55.405964 23.960636 0.027976 
93.123421 51.536274 58.157501 48.202862 20.642075 0.000000 
88.130074 49.272984 46.510345 34.833927 32.353676 0.019782 
92.565521 46.006477 48.300182 54.070713 26.012880 0.027976 
89.064156 46.299873 64.304527 36.674961 30.705950 0.027976 
87.757034 71.573265 57.041279 33.446575 35.483734 0.000000 
88.732094 46.386757 64.399063 38.496204 34.109646 0.000000 
87.886108 114.664177 79.112160 41.296432 25.656927 0.034264 
85.865509 75.860435 65.355843 43.228649 35.233238 0.019782 
88.039352 53.298512 53.894695 61.649837 31.256500 0.000000 
87.815819 30.429010 41.840549 28.782343 34.292110 0.019782 
90.821594 36.261612 59.903107 40.250988 29.280094 0.000000 
93.475822 63.261620 48.114468 53.725414 31.794231 0.000000 
85.387390 55.241802 52.306381 24.790895 24.865191 0.000000 
94.609413 54.315174 46.772453 37.825829 24.771576 0.019782 
89.912682 75.966667 80.002853 57.260296 36.393433 0.000000 
89.285278 89.676941 75.677483 36.102886 34.425472 0.019782 
