16961.238281 47459.402344 5726.365234 26230.974609 116769.265625 
14978.131836 76355.375000 4500.631348 11316.815430 155222.359375 
17892.429688 200855.375000 4038.545654 74129.148438 136802.484375 
13272.702148 30188.224609 2025.818237 9028.314453 85818.085938 
28265.671875 89611.007812 2532.075195 14648.267578 136249.343750 
14295.269531 51811.085938 7986.349609 10899.837891 110989.835938 
11590.672852 74082.476562 9255.687500 57837.335938 134706.859375 
20564.296875 65621.031250 16038.706055 17935.921875 113785.484375 
25861.244141 54089.949219 6820.089355 26928.236328 149033.437500 
33768.617188 81713.765625 2521.418945 15112.458008 137712.562500 
21697.294922 35574.468750 7670.379883 22229.951172 112792.046875 
23491.109375 39415.207031 5094.726074 6819.474121 134400.546875 
19244.982422 30333.343750 7131.803223 18098.968750 88237.695312 
14290.330078 51265.761719 4140.699219 29270.632812 90513.960938 
14630.068359 71039.492188 3326.567139 36446.175781 98885.101562 
20977.533203 66471.140625 3682.212402 16328.165039 101045.250000 
31114.072266 114203.195312 6913.814941 49255.738281 120648.546875 
18175.744141 57380.878906 5862.997559 23898.359375 100612.421875 
16265.733398 48010.316406 8005.267578 17026.466797 106345.117188 
16972.158203 70038.210938 4167.042480 19168.402344 78805.812500 
