44025.140625 4281.735840 2852.989502 1823.076416 15414.508789 
43511.937500 5053.396973 2894.197266 2268.006104 19296.472656 
37699.308594 5263.415527 2832.999512 2223.424561 17220.074219 
30740.363281 3300.354980 2604.881104 1619.326538 13827.940430 
41255.539062 5120.205566 3910.890625 2680.106445 20707.238281 
38417.160156 4354.107910 2180.843018 1535.631470 13874.809570 
38764.714844 3828.340576 2446.307617 2330.062500 19741.583984 
37735.445312 3876.551514 2734.984619 1715.973999 16799.697266 
40625.003906 5330.951660 4158.621094 2052.385498 17744.000000 
40392.714844 3777.315918 2749.003418 1690.058472 18562.806641 
38018.527344 3853.251221 2834.191162 2119.180420 13208.459961 
40556.144531 4641.515625 3055.564453 2772.524414 27555.943359 
44660.562500 5378.868164 4882.738281 3184.464111 24375.826172 
38926.539062 5496.304199 4011.598145 2837.804199 19773.394531 
42824.339844 4082.182129 3274.574707 2645.771240 19539.804688 
42739.062500 3390.166016 2491.610840 2209.003906 14637.195312 
36348.468750 4238.383301 2809.948242 2219.127441 15879.051758 
36203.027344 4973.246582 2896.018799 2423.700684 19072.808594 
43196.925781 4379.074707 2925.094238 1828.326782 13769.755859 
36332.554688 4362.690430 2987.932373 2051.518066 13578.988281 
