3.989682 
3.894522 
3.954003 
3.777920 
4.110203 
3.867773 
3.798899 
3.780381 
3.764312 
4.036569 
3.978639 
3.857821 
3.878875 
3.794402 
3.838301 
3.857757 
3.919708 
3.839386 
3.688755 
3.809492 
3.813440 
3.925082 
3.783888 
3.780980 
3.880984 
3.844990 
3.890968 
3.965810 
3.766642 
3.860331 
3.785013 
3.807256 
3.752101 
3.845768 
3.836284 
3.835063 
3.884712 
3.891720 
3.940479 
3.899469 
3.808949 
3.889091 
3.842793 
3.904220 
3.824842 
3.803417 
3.832368 
3.859993 
3.839270 
3.875864 
3.844924 
3.953648 
3.858175 
3.731016 
3.870499 
3.794468 
3.803748 
3.888701 
3.859656 
3.793289 
3.854159 
3.808766 
3.869910 
3.901163 
3.793039 
3.805337 
3.831386 
3.825237 
3.781653 
3.784142 
3.934426 
3.924583 
3.819084 
3.720467 
3.938385 
3.885242 
3.837841 
3.818904 
3.864780 
3.830990 
3.882772 
3.786397 
3.849210 
3.669939 
3.826959 
3.876840 
3.796009 
3.888659 
3.721303 
3.660877 
3.834566 
3.740076 
3.846277 
3.540300 
3.890990 
3.909633 
2.528672 
4.117846 
3.039693 
3.166922 
3.193681 
2.549052 
3.631032 
2.712195 
2.523311 
3.422634 
2.039988 
2.682683 
1.434756 
2.953067 
2.820095 
3.352435 
2.786717 
1.881160 
2.589366 
2.450793 
3.560822 
2.871155 
2.397170 
2.677646 
2.427236 
2.286810 
2.779863 
2.265255 
2.536027 
1.657506 
2.102990 
2.371539 
2.238018 
2.118269 
2.361008 
2.182501 
1.872022 
2.187960 
1.934156 
1.938642 
2.265231 
1.735326 
2.417665 
2.851276 
1.937381 
2.216311 
1.777366 
2.119527 
2.147168 
2.588081 
2.129482 
2.177286 
2.277884 
1.842738 
2.066603 
1.850119 
1.875335 
2.643053 
2.807110 
2.077932 
1.963440 
1.901196 
2.458998 
1.843643 
2.167645 
2.120691 
1.953710 
2.287669 
1.949799 
1.943037 
1.888747 
2.094221 
1.637581 
2.106025 
1.940606 
1.875497 
1.152813 
2.143338 
1.662398 
1.860153 
1.690172 
1.683203 
1.705605 
1.525377 
1.903022 
1.656464 
1.765052 
1.852330 
1.483973 
1.479940 
1.967371 
1.993075 
1.389730 
1.974801 
2.048383 
1.705128 
1.711244 
1.268917 
1.622915 
0.658881 
1.603113 
1.886920 
1.563923 
1.566250 
1.002810 
1.125952 
1.583776 
1.067454 
1.644047 
2.173680 
1.606506 
2.790591 
3.739606 
3.850083 
2.722668 
nan 
