114352.789062 4497.450684 3748.320557 1708.760986 600.770020 
37668.296875 831.602478 538.249573 215.202881 67.034828 
48356.468750 331.703125 165.199036 151.121109 35.818188 
45702.437500 276.755096 223.938873 121.515099 56.754410 
162161.109375 272.539673 174.119415 163.957336 37.162903 
88705.921875 229.207504 255.473785 138.392654 48.627579 
118007.804688 310.661346 211.173767 143.124268 29.904469 
125435.078125 188.363144 249.934433 157.567902 48.447689 
355367.500000 200.477966 234.854340 190.289917 37.704105 
239935.453125 177.234329 226.139099 173.480148 25.277786 
394953.187500 187.707062 268.254944 193.077530 38.849709 
226929.734375 267.242310 228.671448 134.934357 37.795589 
544271.000000 215.817520 378.578217 164.464554 27.136230 
510608.031250 178.437820 257.351501 149.712479 44.028915 
424354.187500 223.171814 323.325317 178.898682 37.466625 
337084.843750 325.186859 285.615540 144.080582 37.282177 
432322.781250 218.027847 235.772797 213.453003 42.628136 
661028.062500 255.498688 418.300903 122.360382 30.724306 
876441.687500 293.128662 444.342743 247.827942 42.679573 
935455.687500 357.324066 363.852448 183.066177 60.717861 
777274.812500 220.919739 306.968597 211.739975 39.329060 
805861.250000 212.379135 550.163208 158.693298 37.119312 
396481.593750 336.301025 409.404083 143.974823 56.242767 
1187026.000000 245.107056 577.900940 172.203339 50.008957 
1358366.375000 289.458344 895.752075 305.218536 73.491844 
1023063.000000 291.515778 926.975952 220.284744 75.377693 
1515631.750000 261.967102 905.972107 265.472900 91.083031 
1226687.875000 273.506317 851.655640 244.298874 55.791088 
1484142.000000 214.476517 672.958252 206.467209 67.335625 
1910295.500000 324.357483 796.534912 131.559830 75.278481 
1770259.750000 281.542175 1144.671387 299.594147 123.849731 
1664009.875000 388.850159 1472.250366 331.435089 200.433655 
2124950.000000 517.475647 1352.032349 369.574615 179.542999 
1657868.125000 360.895996 1021.999390 211.419754 122.716614 
1710560.000000 363.128571 2354.200439 514.253967 509.624542 
2010261.875000 404.952148 1545.490356 418.223358 182.633652 
2034405.250000 493.941986 2023.196533 432.221588 358.017853 
2051688.375000 575.492432 2187.499268 511.088440 367.505005 
1944558.375000 1066.110840 3432.839600 832.267822 1000.714355 
1913199.875000 411.300079 1466.563843 362.697784 173.629730 
1972901.125000 1226.788696 3918.633301 805.916382 1023.020020 
2334235.250000 1429.132080 4562.813477 613.730225 1657.745117 
2150056.250000 702.906250 2137.206543 486.361542 340.333984 
1569321.375000 959.129028 3105.485596 694.339905 616.865845 
1896481.000000 977.699463 3023.898682 666.475708 685.338684 
1997941.500000 1331.941772 5381.041504 628.364197 2003.350952 
2087829.250000 1252.900879 3591.145996 769.376465 887.674316 
2339344.500000 1127.324707 4054.966553 766.245972 963.763611 
2339103.250000 2529.430664 5353.057129 1562.422974 1932.007324 
2227869.000000 3162.447266 5837.027832 799.899963 2128.255371 
1796638.875000 2503.853516 5391.902344 1020.584900 2014.261108 
2278008.500000 534.366943 2170.573486 537.854126 342.391937 
2199178.500000 1548.013794 2891.008545 741.506348 573.442871 
2096724.875000 889.075623 2998.593018 670.941467 681.967590 
1922134.125000 1092.546753 2857.529053 383.552246 524.360718 
2057416.625000 1135.203857 3090.616699 742.290771 714.780151 
2099446.500000 759.090210 2658.181885 733.897034 501.168854 
2052592.125000 3329.412842 4702.640137 830.487854 1471.036377 
1411500.875000 4294.902832 6113.768555 1334.921631 2306.138916 
2036436.000000 3723.677979 5128.393066 944.951904 1860.844604 
2043549.125000 6009.053223 6594.559570 1295.928833 2984.704590 
2197081.000000 2042.006348 4389.848145 935.942505 1284.691040 
1549966.000000 5966.933105 5533.738281 1577.431519 2101.648682 
2033875.000000 5878.954102 5620.450684 1682.848267 2696.694824 
2303671.500000 47096.496094 7255.558594 11933.378906 5867.392578 
1610006.250000 7162.718262 1903.946167 1158.340942 199.237335 
24531136512.000000 6049755.000000 511.740906 433.837097 113.528450 
9498556416.000000 2868814080.000000 5080191488.000000 22159513600.000000 145983104.000000 
45961216000.000000 17058135040.000000 619273650176.000000 525213630464.000000 3042764288.000000 
114527313920.000000 24986417152.000000 64577355776.000000 184084168704.000000 1309052928.000000 
180858028032.000000 144613441536.000000 935920533504.000000 793765478400.000000 5657570304.000000 
202916216832.000000 200180793344.000000 3018152738816.000000 15998320115712.000000 114212757504.000000 
150540845056.000000 138781704192.000000 1316165648384.000000 68494716567552.000000 489091661824.000000 
277334228992.000000 351416582144.000000 3937535262720.000000 92763095040.000000 658454528.000000 
135734517760.000000 162026045440.000000 839469957120.000000 1265715904512.000000 9023369216.000000 
226677456896.000000 223620333568.000000 1158596001792.000000 3302695632896.000000 23564558336.000000 
151944314880.000000 53962235904.000000 189613244416.000000 160813449216.000000 1143208832.000000 
322369159168.000000 90460110848.000000 415164465152.000000 1652941520896.000000 11786776576.000000 
188500328448.000000 82616131584.000000 333249675264.000000 2009837076480.000000 14332200960.000000 
176538550272.000000 111449980928.000000 577431273472.000000 2666289692672.000000 19017414656.000000 
378119159808.000000 238732558336.000000 616306573312.000000 3266856878080.000000 23306921984.000000 
109545963520.000000 75042816000.000000 134533939200.000000 811376574464.000000 5784334336.000000 
185050775552.000000 159025987584.000000 2078347100160.000000 3133638967296.000000 22360182784.000000 
113497399296.000000 21056690176.000000 63796948992.000000 121740763136.000000 864625984.000000 
211660947456.000000 122715676672.000000 712799354880.000000 3291353972736.000000 23479490560.000000 
359955988480.000000 57307123712.000000 233088237568.000000 13728116375552.000000 97997873152.000000 
290553397248.000000 154146045952.000000 1105388109824.000000 5859335733248.000000 41811988480.000000 
151909711872.000000 73431785472.000000 258025586688.000000 875338792960.000000 6239626240.000000 
181846589440.000000 51028361216.000000 330248978432.000000 7966953570304.000000 56859856896.000000 
179768344576.000000 86898860032.000000 155789033472.000000 297285091328.000000 2116510336.000000 
111231983616.000000 44101107712.000000 202400727040.000000 171658706944.000000 1219878912.000000 
