82.372955 89.414726 89.175766 93.102852 97.976219 0.000000 
100.006653 79.823341 90.000488 88.845612 92.352432 0.027976 
106.030952 87.199860 89.876129 88.573792 96.944733 0.019782 
109.746490 83.580017 84.714439 91.429817 88.891792 0.000000 
73.418190 86.202255 89.428261 93.823212 96.016624 0.000000 
72.287041 82.866539 88.280655 94.855049 96.793800 0.019782 
99.761787 73.313728 81.591919 87.183739 93.161598 0.000000 
108.100700 92.124405 91.857452 93.504379 91.378677 0.000000 
72.085426 101.101486 99.513733 97.968803 102.004509 0.027976 
105.336082 78.471924 89.529579 86.457916 90.948792 0.000000 
80.473694 80.029503 85.003746 85.875443 85.547478 0.000000 
93.795410 84.103104 82.817490 93.096031 90.595108 0.034264 
85.758080 80.300323 81.370979 85.445595 91.922302 0.000000 
71.837799 63.529919 69.985779 78.957336 81.383453 0.000000 
71.422844 82.835480 91.886902 88.012436 96.469315 0.027976 
107.451630 87.344444 88.291023 89.407455 96.864159 0.000000 
118.818787 86.320854 89.551208 89.785263 93.348541 0.000000 
87.313942 89.769310 91.193253 92.088554 95.441170 0.034264 
84.583290 84.997787 89.465553 94.427971 91.081551 0.034264 
76.835747 83.150917 90.717033 88.364563 89.578728 0.000000 
