Episode: 1: [[0.001 0.    0.    0.    0.    0.   ]
 [0.001 0.    0.    0.    0.    0.   ]
 [0.001 0.    0.    0.    0.    0.   ]] 
Episode: 2: [[0.0009 0.     0.     0.     0.0001 0.0001]
 [0.0009 0.     0.     0.     0.0001 0.0001]
 [0.0009 0.     0.     0.     0.0001 0.0001]] 
Episode: 3: [[9.4444724e-04 0.0000000e+00 0.0000000e+00 0.0000000e+00 1.7399879e-04
  3.8644328e-05]
 [9.5578347e-04 0.0000000e+00 0.0000000e+00 0.0000000e+00 1.7776078e-04
  3.3428842e-05]
 [9.6008269e-04 0.0000000e+00 0.0000000e+00 0.0000000e+00 1.8058225e-04
  3.1485488e-05]] 
Episode: 4: [[ 1.0016353e-03  0.0000000e+00  0.0000000e+00  0.0000000e+00
   2.3129431e-04 -1.8331706e-05]
 [ 1.0164521e-03  0.0000000e+00  0.0000000e+00  0.0000000e+00
   2.3796338e-04 -2.4524699e-05]
 [ 1.0213476e-03  0.0000000e+00  0.0000000e+00  0.0000000e+00
   2.4296562e-04 -2.6658001e-05]] 
Episode: 5: [[ 1.0395061e-03  0.0000000e+00  0.0000000e+00  0.0000000e+00
   2.7809225e-04 -2.6023534e-05]
 [ 1.0719032e-03  0.0000000e+00  0.0000000e+00  0.0000000e+00
   2.8625233e-04 -2.7046623e-05]
 [ 1.0857524e-03  0.0000000e+00  0.0000000e+00  0.0000000e+00
   2.9220089e-04 -2.7507762e-05]] 
Episode: 6: [[ 1.0762633e-03  0.0000000e+00  0.0000000e+00  0.0000000e+00
   3.1731729e-04 -1.6929713e-05]
 [ 1.1366594e-03  0.0000000e+00  0.0000000e+00  0.0000000e+00
   3.2582611e-04 -1.7083596e-05]
 [ 1.1590770e-03  0.0000000e+00  0.0000000e+00  0.0000000e+00
   3.3208990e-04 -1.9796025e-05]] 
Episode: 7: [[ 1.1183798e-03  0.0000000e+00  0.0000000e+00  0.0000000e+00
   3.5069624e-04 -1.1482161e-05]
 [ 1.2086541e-03  0.0000000e+00  0.0000000e+00  0.0000000e+00
   3.5898143e-04 -1.9880275e-05]
 [ 1.2356316e-03  0.0000000e+00  0.0000000e+00  0.0000000e+00
   3.6550462e-04 -2.2249409e-05]] 
Episode: 8: [[ 1.1571440e-03  0.0000000e+00  0.0000000e+00  0.0000000e+00
   3.7928578e-04 -2.0440502e-05]
 [ 1.2768881e-03  0.0000000e+00  0.0000000e+00  0.0000000e+00
   3.8722783e-04 -3.7327060e-05]
 [ 1.3057737e-03  0.0000000e+00  0.0000000e+00  0.0000000e+00
   3.9402457e-04 -3.4459692e-05]] 
Episode: 9: [[ 1.2104572e-03  0.0000000e+00  0.0000000e+00  0.0000000e+00
   4.0398070e-04 -3.4424033e-06]
 [ 1.3495993e-03  0.0000000e+00  0.0000000e+00  0.0000000e+00
   4.1156056e-04 -3.6932724e-05]
 [ 1.3764148e-03  0.0000000e+00  0.0000000e+00  0.0000000e+00
   4.1878276e-04 -3.4426655e-05]] 
Episode: 10: [[ 1.2697885e-03  0.0000000e+00  0.0000000e+00  0.0000000e+00
   4.2523959e-04 -4.1524323e-05]
 [ 1.4179684e-03  0.0000000e+00  0.0000000e+00  0.0000000e+00
   4.3279747e-04 -5.9476199e-05]
 [ 1.4414396e-03  0.0000000e+00  0.0000000e+00  0.0000000e+00
   4.4046642e-04 -4.8261852e-05]] 
Episode: 11: [[ 1.3405230e-03  0.0000000e+00  0.0000000e+00  0.0000000e+00
   4.4339313e-04 -5.9552240e-05]
 [ 1.4846663e-03  0.0000000e+00  0.0000000e+00  0.0000000e+00
   4.5159229e-04 -7.0497154e-05]
 [ 1.4991806e-03  0.0000000e+00  0.0000000e+00  0.0000000e+00
   4.5997131e-04 -5.7097743e-05]] 
Episode: 12: [[ 1.4151984e-03  0.0000000e+00  0.0000000e+00  0.0000000e+00
   4.5892142e-04 -6.5078886e-05]
 [ 1.5498277e-03  0.0000000e+00  0.0000000e+00  0.0000000e+00
   4.6819050e-04 -6.9367816e-05]
 [ 1.5537440e-03  0.0000000e+00  0.0000000e+00  0.0000000e+00
   4.7741132e-04 -5.6546422e-05]] 
Episode: 13: [[ 1.4949745e-03  0.0000000e+00  0.0000000e+00  0.0000000e+00
   4.7201381e-04 -5.5157594e-05]
 [ 1.6131229e-03  0.0000000e+00  0.0000000e+00  0.0000000e+00
   4.8283467e-04 -5.6901470e-05]
 [ 1.6047892e-03  0.0000000e+00  0.0000000e+00  0.0000000e+00
   4.9297011e-04 -4.7923040e-05]] 
Episode: 14: [[ 1.5749977e-03  0.0000000e+00  0.0000000e+00  0.0000000e+00
   4.8320310e-04 -3.5882022e-05]
 [ 1.6717219e-03  0.0000000e+00  0.0000000e+00  0.0000000e+00
   4.9573724e-04 -3.6861966e-05]
 [ 1.6510877e-03  0.0000000e+00  0.0000000e+00  0.0000000e+00
   5.0675462e-04 -3.3034336e-05]] 
Episode: 15: [[ 1.6594632e-03  0.0000000e+00  0.0000000e+00  0.0000000e+00
   4.9250509e-04 -9.7231259e-06]
 [ 1.7277317e-03  0.0000000e+00  0.0000000e+00  0.0000000e+00
   5.0730217e-04 -1.1378414e-05]
 [ 1.6946610e-03  0.0000000e+00  0.0000000e+00  0.0000000e+00
   5.1918626e-04 -1.3253838e-05]] 
Episode: 16: [[ 1.7454930e-03  0.0000000e+00  0.0000000e+00  0.0000000e+00
   5.0025462e-04 -1.2224060e-05]
 [ 1.7828633e-03  0.0000000e+00  0.0000000e+00  0.0000000e+00
   5.1747588e-04 -1.0260750e-05]
 [ 1.7375230e-03  0.0000000e+00  0.0000000e+00  0.0000000e+00
   5.3016923e-04 -1.4489912e-05]] 
Episode: 17: [[ 1.8240314e-03  0.0000000e+00  0.0000000e+00  0.0000000e+00
   5.0677004e-04 -2.8345328e-05]
 [ 1.8285541e-03  0.0000000e+00  0.0000000e+00  0.0000000e+00
   5.2668236e-04 -1.5014873e-05]
 [ 1.7727842e-03  0.0000000e+00  0.0000000e+00  0.0000000e+00
   5.4012227e-04 -2.0610920e-05]] 
Episode: 18: [[ 1.9069833e-03  0.0000000e+00  0.0000000e+00  0.0000000e+00
   5.1182968e-04 -6.0983493e-05]
 [ 1.8759606e-03  0.0000000e+00  0.0000000e+00  0.0000000e+00
   5.3458102e-04 -3.6083733e-05]
 [ 1.8097616e-03  0.0000000e+00  0.0000000e+00  0.0000000e+00
   5.4870319e-04 -4.1900432e-05]] 
Episode: 19: [[ 1.9966366e-03  0.0000000e+00  0.0000000e+00  0.0000000e+00
   5.1481853e-04 -7.7151279e-05]
 [ 1.9162619e-03  0.0000000e+00  0.0000000e+00  0.0000000e+00
   5.4191006e-04 -5.3466934e-05]
 [ 1.8405447e-03  0.0000000e+00  0.0000000e+00  0.0000000e+00
   5.5667933e-04 -5.9757451e-05]] 
Episode: 20: [[ 2.0922667e-03  0.0000000e+00  0.0000000e+00  0.0000000e+00
   5.1560538e-04 -7.9095189e-05]
 [ 1.9480108e-03  0.0000000e+00  0.0000000e+00  0.0000000e+00
   5.4933364e-04 -7.1225171e-05]
 [ 1.8637102e-03  0.0000000e+00  0.0000000e+00  0.0000000e+00
   5.6475314e-04 -7.8218611e-05]] 
Episode: 21: [[ 2.1926651e-03  0.0000000e+00  0.0000000e+00  0.0000000e+00
   5.1053340e-04 -6.8247980e-05]
 [ 1.9438515e-03  0.0000000e+00  0.0000000e+00  0.0000000e+00
   5.6103035e-04 -1.0077738e-04]
 [ 1.8548262e-03  0.0000000e+00  0.0000000e+00  0.0000000e+00
   5.7767128e-04 -1.0935498e-04]] 
Episode: 22: [[ 2.2858561e-03  0.0000000e+00  0.0000000e+00  0.0000000e+00
   4.9822126e-04 -6.6833571e-05]
 [ 1.9377493e-03  0.0000000e+00  0.0000000e+00  0.0000000e+00
   5.7666691e-04 -1.1019609e-04]
 [ 1.8456236e-03  0.0000000e+00  0.0000000e+00  0.0000000e+00
   5.9549476e-04 -1.1653101e-04]] 
Episode: 23: [[ 2.3733766e-03  0.0000000e+00  0.0000000e+00  0.0000000e+00
   4.8678860e-04 -6.1894949e-05]
 [ 1.9301996e-03  0.0000000e+00  0.0000000e+00  0.0000000e+00
   5.9076666e-04 -1.1570535e-04]
 [ 1.8356682e-03  0.0000000e+00  0.0000000e+00  0.0000000e+00
   6.1158492e-04 -1.2016768e-04]] 
Episode: 24: [[ 2.45204102e-03  0.00000000e+00  0.00000000e+00  0.00000000e+00
   4.75650857e-04 -5.45200237e-05]
 [ 1.91692472e-03  0.00000000e+00  0.00000000e+00  0.00000000e+00
   6.04185974e-04 -1.16427203e-04]
 [ 1.82112597e-03  0.00000000e+00  0.00000000e+00  0.00000000e+00
   6.27056870e-04 -1.17394215e-04]] 
Episode: 25: [[ 2.53393664e-03  0.00000000e+00  0.00000000e+00  0.00000000e+00
   4.63430071e-04 -4.84203847e-05]
 [ 1.89930573e-03  0.00000000e+00  0.00000000e+00  0.00000000e+00
   6.17072510e-04 -1.15746509e-04]
 [ 1.80245610e-03  0.00000000e+00  0.00000000e+00  0.00000000e+00
   6.41995692e-04 -1.13126574e-04]] 
Episode: 26: [[ 2.61436333e-03  0.00000000e+00  0.00000000e+00  0.00000000e+00
   4.51586791e-04 -4.28991370e-05]
 [ 1.88316649e-03  0.00000000e+00  0.00000000e+00  0.00000000e+00
   6.28808455e-04 -1.14314025e-04]
 [ 1.78543152e-03  0.00000000e+00  0.00000000e+00  0.00000000e+00
   6.55582640e-04 -1.08466062e-04]] 
Episode: 27: [[ 2.69023888e-03  0.00000000e+00  0.00000000e+00  0.00000000e+00
   4.39449039e-04 -3.53553187e-05]
 [ 1.86343328e-03  0.00000000e+00  0.00000000e+00  0.00000000e+00
   6.40299229e-04 -1.12242938e-04]
 [ 1.76506757e-03  0.00000000e+00  0.00000000e+00  0.00000000e+00
   6.68839086e-04 -1.03277496e-04]] 
Episode: 28: [[ 2.7692120e-03  0.0000000e+00  0.0000000e+00  0.0000000e+00
   4.2328960e-04 -5.2546951e-05]
 [ 1.8415477e-03  0.0000000e+00  0.0000000e+00  0.0000000e+00
   6.5249007e-04 -1.0163109e-04]
 [ 1.7414888e-03  0.0000000e+00  0.0000000e+00  0.0000000e+00
   6.8336964e-04 -8.6252643e-05]] 
Episode: 29: [[ 2.8441520e-03  0.0000000e+00  0.0000000e+00  0.0000000e+00
   4.0681576e-04 -8.5544445e-05]
 [ 1.8203992e-03  0.0000000e+00  0.0000000e+00  0.0000000e+00
   6.6398998e-04 -8.0847698e-05]
 [ 1.7190160e-03  0.0000000e+00  0.0000000e+00  0.0000000e+00
   6.9728319e-04 -5.6225188e-05]] 
Episode: 30: [[ 2.9168455e-03  0.0000000e+00  0.0000000e+00  0.0000000e+00
   3.9166101e-04 -1.0518756e-04]
 [ 1.7987459e-03  0.0000000e+00  0.0000000e+00  0.0000000e+00
   6.7384390e-04 -6.6712884e-05]
 [ 1.6955285e-03  0.0000000e+00  0.0000000e+00  0.0000000e+00
   7.0925301e-04 -3.5688437e-05]] 
Episode: 31: [[ 2.9914151e-03  0.0000000e+00  0.0000000e+00  0.0000000e+00
   3.7683127e-04 -1.1256266e-04]
 [ 1.7746979e-03  0.0000000e+00  0.0000000e+00  0.0000000e+00
   6.8322307e-04 -5.7148784e-05]
 [ 1.6696851e-03  0.0000000e+00  0.0000000e+00  0.0000000e+00
   7.2059600e-04 -2.1040956e-05]] 
Episode: 32: [[ 3.0574424e-03  0.0000000e+00  0.0000000e+00  0.0000000e+00
   3.9161148e-04 -7.3473646e-05]
 [ 1.7303785e-03  0.0000000e+00  0.0000000e+00  0.0000000e+00
   6.8411650e-04 -7.9401492e-05]
 [ 1.6304123e-03  0.0000000e+00  0.0000000e+00  0.0000000e+00
   7.1561453e-04 -4.6297813e-05]] 
Episode: 33: [[ 3.1311545e-03  0.0000000e+00  0.0000000e+00  0.0000000e+00
   4.0401053e-04 -4.3236618e-05]
 [ 1.7014544e-03  0.0000000e+00  0.0000000e+00  0.0000000e+00
   6.8415754e-04 -1.0652713e-04]
 [ 1.6053846e-03  0.0000000e+00  0.0000000e+00  0.0000000e+00
   7.1029778e-04 -7.5185257e-05]] 
Episode: 34: [[ 3.20162345e-03  0.00000000e+00  0.00000000e+00  0.00000000e+00
   4.14668786e-04 -1.30521948e-05]
 [ 1.67386292e-03  0.00000000e+00  0.00000000e+00  0.00000000e+00
   6.84318133e-04 -1.30327782e-04]
 [ 1.58139854e-03  0.00000000e+00  0.00000000e+00  0.00000000e+00
   7.05565268e-04 -1.00707475e-04]] 
Episode: 35: [[ 3.2701329e-03  0.0000000e+00  0.0000000e+00  0.0000000e+00
   4.2349315e-04  9.1523616e-06]
 [ 1.6453661e-03  0.0000000e+00  0.0000000e+00  0.0000000e+00
   6.8459898e-04 -1.5075908e-04]
 [ 1.5560386e-03  0.0000000e+00  0.0000000e+00  0.0000000e+00
   7.0147670e-04 -1.2201658e-04]] 
Episode: 36: [[ 3.3360501e-03  0.0000000e+00  0.0000000e+00  0.0000000e+00
   4.2741251e-04  2.1343538e-05]
 [ 1.6154767e-03  0.0000000e+00  0.0000000e+00  0.0000000e+00
   6.8595557e-04 -1.6723860e-04]
 [ 1.5284636e-03  0.0000000e+00  0.0000000e+00  0.0000000e+00
   6.9922319e-04 -1.3819811e-04]] 
Episode: 37: [[ 3.4018985e-03  0.0000000e+00  0.0000000e+00  0.0000000e+00
   4.3011221e-04  2.4629520e-05]
 [ 1.5879154e-03  0.0000000e+00  0.0000000e+00  0.0000000e+00
   6.8703853e-04 -1.8455795e-04]
 [ 1.5028352e-03  0.0000000e+00  0.0000000e+00  0.0000000e+00
   6.9703400e-04 -1.5446772e-04]] 
Episode: 38: [[ 3.4703081e-03  0.0000000e+00  0.0000000e+00  0.0000000e+00
   4.3011422e-04  2.1811351e-05]
 [ 1.5583568e-03  0.0000000e+00  0.0000000e+00  0.0000000e+00
   6.8796310e-04 -1.9945258e-04]
 [ 1.4746748e-03  0.0000000e+00  0.0000000e+00  0.0000000e+00
   6.9511280e-04 -1.6779853e-04]] 
Episode: 39: [[ 3.5348483e-03  0.0000000e+00  0.0000000e+00  0.0000000e+00
   4.2937003e-04  1.4963849e-05]
 [ 1.5302931e-03  0.0000000e+00  0.0000000e+00  0.0000000e+00
   6.8866287e-04 -2.1562897e-04]
 [ 1.4478363e-03  0.0000000e+00  0.0000000e+00  0.0000000e+00
   6.9325522e-04 -1.8179989e-04]] 
Episode: 40: [[ 3.6005327e-03  0.0000000e+00  0.0000000e+00  0.0000000e+00
   4.2761510e-04 -2.6410155e-06]
 [ 1.4998754e-03  0.0000000e+00  0.0000000e+00  0.0000000e+00
   6.8966876e-04 -2.2976618e-04]
 [ 1.4182454e-03  0.0000000e+00  0.0000000e+00  0.0000000e+00
   6.9203106e-04 -1.9247241e-04]] 
Episode: 41: [[ 3.6629345e-03  0.0000000e+00  0.0000000e+00  0.0000000e+00
   4.2552032e-04 -1.9249375e-05]
 [ 1.4725336e-03  0.0000000e+00  0.0000000e+00  0.0000000e+00
   6.9026108e-04 -2.4289657e-04]
 [ 1.3914413e-03  0.0000000e+00  0.0000000e+00  0.0000000e+00
   6.9062371e-04 -2.0233536e-04]] 
Episode: 42: [[ 3.7226325e-03  0.0000000e+00  0.0000000e+00  0.0000000e+00
   4.2248037e-04 -3.4620291e-05]
 [ 1.4469880e-03  0.0000000e+00  0.0000000e+00  0.0000000e+00
   6.9093320e-04 -2.5422405e-04]
 [ 1.3661524e-03  0.0000000e+00  0.0000000e+00  0.0000000e+00
   6.8958319e-04 -2.1073579e-04]] 
Episode: 43: [[ 3.7874286e-03  0.0000000e+00  0.0000000e+00  0.0000000e+00
   4.1549240e-04 -5.7866375e-05]
 [ 1.4238115e-03  0.0000000e+00  0.0000000e+00  0.0000000e+00
   6.9311250e-04 -2.6338405e-04]
 [ 1.3422063e-03  0.0000000e+00  0.0000000e+00  0.0000000e+00
   6.9068250e-04 -2.1544119e-04]] 
Episode: 44: [[ 3.8519104e-03  0.0000000e+00  0.0000000e+00  0.0000000e+00
   4.0819793e-04 -7.6249613e-05]
 [ 1.4023292e-03  0.0000000e+00  0.0000000e+00  0.0000000e+00
   6.9501472e-04 -2.6943619e-04]
 [ 1.3193807e-03  0.0000000e+00  0.0000000e+00  0.0000000e+00
   6.9173187e-04 -2.1821781e-04]] 
Episode: 45: [[ 3.9207218e-03  0.0000000e+00  0.0000000e+00  0.0000000e+00
   4.0086277e-04 -9.4465649e-05]
 [ 1.3902392e-03  0.0000000e+00  0.0000000e+00  0.0000000e+00
   6.9593481e-04 -2.7754650e-04]
 [ 1.3046097e-03  0.0000000e+00  0.0000000e+00  0.0000000e+00
   6.9191225e-04 -2.2270661e-04]] 
Episode: 46: [[ 0.0039882   0.          0.          0.          0.00039197 -0.00011076]
 [ 0.00137871  0.          0.          0.          0.00069731 -0.00028491]
 [ 0.00129006  0.          0.          0.          0.000693   -0.00022666]] 
Episode: 47: [[ 0.00404988  0.          0.          0.          0.00038655 -0.00011712]
 [ 0.00135774  0.          0.          0.          0.00069887 -0.00029086]
 [ 0.00126641  0.          0.          0.          0.00069387 -0.00023187]] 
Episode: 48: [[ 0.00410475  0.          0.          0.          0.00038277 -0.00011332]
 [ 0.00132429  0.          0.          0.          0.00070156 -0.00029813]
 [ 0.00123117  0.          0.          0.          0.00069545 -0.00024107]] 
Episode: 49: [[ 0.00415835  0.          0.          0.          0.00037683 -0.00010622]
 [ 0.00128636  0.          0.          0.          0.00070487 -0.00030635]
 [ 0.0011917   0.          0.          0.          0.00069772 -0.00025196]] 
Episode: 50: [[ 4.2118835e-03  0.0000000e+00  0.0000000e+00  0.0000000e+00
   3.7165120e-04 -9.5953103e-05]
 [ 1.2495825e-03  0.0000000e+00  0.0000000e+00  0.0000000e+00
   7.0742192e-04 -3.1404875e-04]
 [ 1.1529962e-03  0.0000000e+00  0.0000000e+00  0.0000000e+00
   6.9932529e-04 -2.6287374e-04]] 
Episode: 51: [[ 4.2648111e-03  0.0000000e+00  0.0000000e+00  0.0000000e+00
   3.6850391e-04 -8.2534309e-05]
 [ 1.2117461e-03  0.0000000e+00  0.0000000e+00  0.0000000e+00
   7.0972362e-04 -3.2061900e-04]
 [ 1.1130329e-03  0.0000000e+00  0.0000000e+00  0.0000000e+00
   7.0062949e-04 -2.7320796e-04]] 
Episode: 52: [[ 4.3143751e-03  0.0000000e+00  0.0000000e+00  0.0000000e+00
   3.6115624e-04 -7.3998381e-05]
 [ 1.1703420e-03  0.0000000e+00  0.0000000e+00  0.0000000e+00
   7.1398157e-04 -3.2090538e-04]
 [ 1.0700793e-03  0.0000000e+00  0.0000000e+00  0.0000000e+00
   7.0402899e-04 -2.7864735e-04]] 
Episode: 53: [[ 4.3589268e-03  0.0000000e+00  0.0000000e+00  0.0000000e+00
   3.4847594e-04 -8.0891565e-05]
 [ 1.1332494e-03  0.0000000e+00  0.0000000e+00  0.0000000e+00
   7.1987376e-04 -3.1012096e-04]
 [ 1.0315215e-03  0.0000000e+00  0.0000000e+00  0.0000000e+00
   7.0925651e-04 -2.7386221e-04]] 
Episode: 54: [[ 4.3754037e-03  0.0000000e+00  0.0000000e+00  0.0000000e+00
   3.6094882e-04 -8.3428022e-05]
 [ 1.1087578e-03  0.0000000e+00  0.0000000e+00  0.0000000e+00
   7.1081391e-04 -2.7244099e-04]
 [ 9.9958049e-04  0.0000000e+00  0.0000000e+00  0.0000000e+00
   7.0507877e-04 -2.5880683e-04]] 
Episode: 55: [[ 4.3764305e-03  0.0000000e+00  0.0000000e+00  0.0000000e+00
   3.9452512e-04 -9.7824202e-05]
 [ 1.0870477e-03  0.0000000e+00  0.0000000e+00  0.0000000e+00
   6.8917306e-04 -2.0909672e-04]
 [ 9.6864114e-04  0.0000000e+00  0.0000000e+00  0.0000000e+00
   6.9014385e-04 -2.2277172e-04]] 
Episode: 56: [[ 0.004381    0.          0.          0.          0.00040988 -0.00012767]
 [ 0.00105471  0.          0.          0.          0.00068048 -0.00014247]
 [ 0.00092904  0.          0.          0.          0.00068813 -0.00017951]] 
Episode: 57: [[ 4.3898197e-03  0.0000000e+00  0.0000000e+00  0.0000000e+00
   4.2074814e-04 -1.5305688e-04]
 [ 1.0211025e-03  0.0000000e+00  0.0000000e+00  0.0000000e+00
   6.7417457e-04 -8.3348517e-05]
 [ 8.8885007e-04  0.0000000e+00  0.0000000e+00  0.0000000e+00
   6.8812422e-04 -1.4164620e-04]] 
Episode: 58: [[ 4.39908216e-03  0.00000000e+00  0.00000000e+00  0.00000000e+00
   4.30658110e-04 -1.71908599e-04]
 [ 9.83383507e-04  0.00000000e+00  0.00000000e+00  0.00000000e+00
   6.69006316e-04 -3.24200009e-05]
 [ 8.45415459e-04  0.00000000e+00  0.00000000e+00  0.00000000e+00
   6.88786968e-04 -1.10255794e-04]] 
Episode: 59: [[ 4.4058179e-03  0.0000000e+00  0.0000000e+00  0.0000000e+00
   4.4005550e-04 -1.8361823e-04]
 [ 9.4449165e-04  0.0000000e+00  0.0000000e+00  0.0000000e+00
   6.6480844e-04  1.8581493e-05]
 [ 8.0160255e-04  0.0000000e+00  0.0000000e+00  0.0000000e+00
   6.8988220e-04 -7.7640449e-05]] 
Episode: 60: [[ 4.4147735e-03  0.0000000e+00  0.0000000e+00  0.0000000e+00
   4.4702532e-04 -1.8979465e-04]
 [ 9.0439129e-04  0.0000000e+00  0.0000000e+00  0.0000000e+00
   6.6203397e-04  6.1900282e-05]
 [ 7.5655291e-04  0.0000000e+00  0.0000000e+00  0.0000000e+00
   6.9215911e-04 -5.2180432e-05]] 
Episode: 61: [[ 4.42525232e-03  0.00000000e+00  0.00000000e+00  0.00000000e+00
   4.54478635e-04 -1.92825813e-04]
 [ 8.60744040e-04  0.00000000e+00  0.00000000e+00  0.00000000e+00
   6.60553051e-04  1.00141326e-04]
 [ 7.08414300e-04  0.00000000e+00  0.00000000e+00  0.00000000e+00
   6.95496157e-04 -3.00721113e-05]] 
Episode: 62: [[ 4.4293175e-03  0.0000000e+00  0.0000000e+00  0.0000000e+00
   4.6365344e-04 -1.9040221e-04]
 [ 8.1069389e-04  0.0000000e+00  0.0000000e+00  0.0000000e+00
   6.6040020e-04  1.3570351e-04]
 [ 6.5502193e-04  0.0000000e+00  0.0000000e+00  0.0000000e+00
   6.9979607e-04 -9.1748771e-06]] 
Episode: 63: [[ 4.4441149e-03  0.0000000e+00  0.0000000e+00  0.0000000e+00
   4.7057777e-04 -1.9256660e-04]
 [ 7.7322347e-04  0.0000000e+00  0.0000000e+00  0.0000000e+00
   6.5924792e-04  1.6231829e-04]
 [ 6.1365165e-04  0.0000000e+00  0.0000000e+00  0.0000000e+00
   7.0272229e-04  4.5941415e-06]] 
Episode: 64: [[ 4.4581732e-03  0.0000000e+00  0.0000000e+00  0.0000000e+00
   4.7668943e-04 -1.8990700e-04]
 [ 7.3653588e-04  0.0000000e+00  0.0000000e+00  0.0000000e+00
   6.5817300e-04  1.9058792e-04]
 [ 5.7357736e-04  0.0000000e+00  0.0000000e+00  0.0000000e+00
   7.0537714e-04  2.0953696e-05]] 
Episode: 65: [[ 4.4487906e-03  0.0000000e+00  0.0000000e+00  0.0000000e+00
   4.9790071e-04 -1.6650691e-04]
 [ 6.7969790e-04  0.0000000e+00  0.0000000e+00  0.0000000e+00
   6.5278495e-04  2.0760734e-04]
 [ 5.1536906e-04  0.0000000e+00  0.0000000e+00  0.0000000e+00
   7.0370635e-04  2.6149582e-05]] 
Episode: 66: [[ 4.4467170e-03  0.0000000e+00  0.0000000e+00  0.0000000e+00
   5.1710237e-04 -1.4174073e-04]
 [ 6.1970926e-04  0.0000000e+00  0.0000000e+00  0.0000000e+00
   6.4911880e-04  2.2361577e-04]
 [ 4.5317801e-04  0.0000000e+00  0.0000000e+00  0.0000000e+00
   7.0365198e-04  3.0688148e-05]] 
Episode: 67: [[ 4.44620056e-03  0.00000000e+00  0.00000000e+00  0.00000000e+00
   5.34318038e-04 -1.15008625e-04]
 [ 5.58819796e-04  0.00000000e+00  0.00000000e+00  0.00000000e+00
   6.46197586e-04  2.38659020e-04]
 [ 3.90019297e-04  0.00000000e+00  0.00000000e+00  0.00000000e+00
   7.04244245e-04  3.50254741e-05]] 
Episode: 68: [[ 4.4487352e-03  0.0000000e+00  0.0000000e+00  0.0000000e+00
   5.4954272e-04 -8.6785753e-05]
 [ 4.9918710e-04  0.0000000e+00  0.0000000e+00  0.0000000e+00
   6.4412254e-04  2.5315239e-04]
 [ 3.2808416e-04  0.0000000e+00  0.0000000e+00  0.0000000e+00
   7.0549757e-04  3.9314811e-05]] 
Episode: 69: [[ 4.4534560e-03  0.0000000e+00  0.0000000e+00  0.0000000e+00
   5.6250620e-04 -5.6680365e-05]
 [ 4.3934886e-04  0.0000000e+00  0.0000000e+00  0.0000000e+00
   6.4273359e-04  2.6668256e-04]
 [ 2.6571585e-04  0.0000000e+00  0.0000000e+00  0.0000000e+00
   7.0735184e-04  4.2867752e-05]] 
Episode: 70: [[ 4.4711870e-03  0.0000000e+00  0.0000000e+00  0.0000000e+00
   5.7376066e-04 -4.2586445e-05]
 [ 3.9362523e-04  0.0000000e+00  0.0000000e+00  0.0000000e+00
   6.4086373e-04  2.6442693e-04]
 [ 2.1712862e-04  0.0000000e+00  0.0000000e+00  0.0000000e+00
   7.0843927e-04  3.2266929e-05]] 
Episode: 71: [[ 4.4905059e-03  0.0000000e+00  0.0000000e+00  0.0000000e+00
   5.8308401e-04 -3.4670684e-05]
 [ 3.5162285e-04  0.0000000e+00  0.0000000e+00  0.0000000e+00
   6.3888094e-04  2.6041109e-04]
 [ 1.7227691e-04  0.0000000e+00  0.0000000e+00  0.0000000e+00
   7.0922216e-04  2.1356551e-05]] 
Episode: 72: [[ 4.5168325e-03  0.0000000e+00  0.0000000e+00  0.0000000e+00
   5.9072219e-04 -3.8710488e-05]
 [ 3.1783833e-04  0.0000000e+00  0.0000000e+00  0.0000000e+00
   6.3658087e-04  2.4709594e-04]
 [ 1.3558495e-04  0.0000000e+00  0.0000000e+00  0.0000000e+00
   7.0943340e-04  1.9211004e-06]] 
Episode: 73: [[ 4.5473618e-03  0.0000000e+00  0.0000000e+00  0.0000000e+00
   5.9702445e-04 -5.4720167e-05]
 [ 2.8953858e-04  0.0000000e+00  0.0000000e+00  0.0000000e+00
   6.3422805e-04  2.2950892e-04]
 [ 1.0427484e-04  0.0000000e+00  0.0000000e+00  0.0000000e+00
   7.0936349e-04 -2.0664826e-05]] 
Episode: 74: [[ 4.5799855e-03  0.0000000e+00  0.0000000e+00  0.0000000e+00
   6.0193415e-04 -7.6204087e-05]
 [ 2.6490437e-04  0.0000000e+00  0.0000000e+00  0.0000000e+00
   6.3172594e-04  2.0807641e-04]
 [ 7.6876349e-05  0.0000000e+00  0.0000000e+00  0.0000000e+00
   7.0891296e-04 -4.6799993e-05]] 
Episode: 75: [[ 4.6105846e-03  0.0000000e+00  0.0000000e+00  0.0000000e+00
   6.0606661e-04 -9.1458780e-05]
 [ 2.3981259e-04  0.0000000e+00  0.0000000e+00  0.0000000e+00
   6.2960311e-04  1.8978545e-04]
 [ 4.9241837e-05  0.0000000e+00  0.0000000e+00  0.0000000e+00
   7.0875953e-04 -6.9366753e-05]] 
Episode: 76: [[ 4.63924929e-03  0.00000000e+00  0.00000000e+00  0.00000000e+00
   6.08263712e-04 -1.03912906e-04]
 [ 2.10886588e-04  0.00000000e+00  0.00000000e+00  0.00000000e+00
   6.28248905e-04  1.73465276e-04]
 [ 1.72448508e-05  0.00000000e+00  0.00000000e+00  0.00000000e+00
   7.09759595e-04 -8.95266203e-05]] 
Episode: 77: [[ 4.66546603e-03  0.00000000e+00  0.00000000e+00  0.00000000e+00
   6.09688810e-04 -1.11312642e-04]
 [ 1.79889161e-04  0.00000000e+00  0.00000000e+00  0.00000000e+00
   6.26991503e-04  1.59295378e-04]
 [-1.67131730e-05  0.00000000e+00  0.00000000e+00  0.00000000e+00
   7.10784108e-04 -1.07703076e-04]] 
Episode: 78: [[ 4.6927682e-03  0.0000000e+00  0.0000000e+00  0.0000000e+00
   6.1067613e-04 -1.1327051e-04]
 [ 1.4872305e-04  0.0000000e+00  0.0000000e+00  0.0000000e+00
   6.2586874e-04  1.4777624e-04]
 [-5.0199331e-05  0.0000000e+00  0.0000000e+00  0.0000000e+00
   7.1177469e-04 -1.2268873e-04]] 
Episode: 79: [[ 4.71456256e-03  0.00000000e+00  0.00000000e+00  0.00000000e+00
   6.13045879e-04 -1.08202177e-04]
 [ 1.11572925e-04  0.00000000e+00  0.00000000e+00  0.00000000e+00
   6.24831766e-04  1.37840470e-04]
 [-8.89958028e-05  0.00000000e+00  0.00000000e+00  0.00000000e+00
   7.12482259e-04 -1.36634771e-04]] 
Episode: 80: [[ 4.7395318e-03  0.0000000e+00  0.0000000e+00  0.0000000e+00
   6.1463180e-04 -1.0093024e-04]
 [ 7.9217636e-05  0.0000000e+00  0.0000000e+00  0.0000000e+00
   6.2358275e-04  1.2914238e-04]
 [-1.2363630e-04  0.0000000e+00  0.0000000e+00  0.0000000e+00
   7.1292452e-04 -1.4983393e-04]] 
Episode: 81: [[ 4.7579897e-03  0.0000000e+00  0.0000000e+00  0.0000000e+00
   6.1717490e-04 -8.7392415e-05]
 [ 4.0027891e-05  0.0000000e+00  0.0000000e+00  0.0000000e+00
   6.2263000e-04  1.2229828e-04]
 [-1.6469622e-04  0.0000000e+00  0.0000000e+00  0.0000000e+00
   7.1334216e-04 -1.6220786e-04]] 
Episode: 82: [[ 4.79761837e-03  0.00000000e+00  0.00000000e+00  0.00000000e+00
   6.17884856e-04 -8.31645593e-05]
 [ 2.12096347e-05  0.00000000e+00  0.00000000e+00  0.00000000e+00
   6.20763516e-04  1.05812636e-04]
 [-1.84229953e-04  0.00000000e+00  0.00000000e+00  0.00000000e+00
   7.12564914e-04 -1.84465724e-04]] 
Episode: 83: [[ 4.8364601e-03  0.0000000e+00  0.0000000e+00  0.0000000e+00
   6.1820971e-04 -7.3481788e-05]
 [-8.6738908e-07  0.0000000e+00  0.0000000e+00  0.0000000e+00
   6.1889848e-04  9.1514543e-05]
 [-2.0742572e-04  0.0000000e+00  0.0000000e+00  0.0000000e+00
   7.1160804e-04 -2.0559033e-04]] 
Episode: 84: [[ 4.8625637e-03  0.0000000e+00  0.0000000e+00  0.0000000e+00
   6.2013190e-04 -5.2510688e-05]
 [-3.4060675e-05  0.0000000e+00  0.0000000e+00  0.0000000e+00
   6.1847508e-04  8.0609032e-05]
 [-2.4178227e-04  0.0000000e+00  0.0000000e+00  0.0000000e+00
   7.1225566e-04 -2.2300630e-04]] 
Episode: 85: [[ 4.8864982e-03  0.0000000e+00  0.0000000e+00  0.0000000e+00
   6.2099687e-04 -3.2538384e-05]
 [-6.6054788e-05  0.0000000e+00  0.0000000e+00  0.0000000e+00
   6.1826361e-04  7.0479327e-05]
 [-2.7612253e-04  0.0000000e+00  0.0000000e+00  0.0000000e+00
   7.1321719e-04 -2.3920037e-04]] 
Episode: 86: [[ 4.9112965e-03  0.0000000e+00  0.0000000e+00  0.0000000e+00
   6.1998045e-04 -2.1205879e-05]
 [-9.5948242e-05  0.0000000e+00  0.0000000e+00  0.0000000e+00
   6.1795593e-04  6.0240021e-05]
 [-3.0918772e-04  0.0000000e+00  0.0000000e+00  0.0000000e+00
   7.1445963e-04 -2.5043561e-04]] 
Episode: 87: [[ 4.9384655e-03  0.0000000e+00  0.0000000e+00  0.0000000e+00
   6.1780628e-04 -1.3217048e-05]
 [-1.2409792e-04  0.0000000e+00  0.0000000e+00  0.0000000e+00
   6.1737932e-04  5.0949413e-05]
 [-3.4086261e-04  0.0000000e+00  0.0000000e+00  0.0000000e+00
   7.1555894e-04 -2.5944060e-04]] 
Episode: 88: [[ 4.9673188e-03  0.0000000e+00  0.0000000e+00  0.0000000e+00
   6.1508280e-04 -9.9110011e-06]
 [-1.4916352e-04  0.0000000e+00  0.0000000e+00  0.0000000e+00
   6.1644928e-04  3.9554136e-05]
 [-3.6887405e-04  0.0000000e+00  0.0000000e+00  0.0000000e+00
   7.1609905e-04 -2.7086126e-04]] 
Episode: 89: [[ 4.9995980e-03  0.0000000e+00  0.0000000e+00  0.0000000e+00
   6.0968933e-04 -1.3932376e-05]
 [-1.7284550e-04  0.0000000e+00  0.0000000e+00  0.0000000e+00
   6.1552215e-04  2.7989574e-05]
 [-3.9726813e-04  0.0000000e+00  0.0000000e+00  0.0000000e+00
   7.1750500e-04 -2.7718791e-04]] 
Episode: 90: [[ 5.0340262e-03  0.0000000e+00  0.0000000e+00  0.0000000e+00
   6.0311262e-04 -2.5115960e-05]
 [-1.9646598e-04  0.0000000e+00  0.0000000e+00  0.0000000e+00
   6.1466056e-04  1.6014908e-05]
 [-4.2700834e-04  0.0000000e+00  0.0000000e+00  0.0000000e+00
   7.1954355e-04 -2.7874499e-04]] 
Episode: 91: [[ 5.0637415e-03  0.0000000e+00  0.0000000e+00  0.0000000e+00
   5.9515605e-04 -3.6628502e-05]
 [-2.2215515e-04  0.0000000e+00  0.0000000e+00  0.0000000e+00
   6.1415142e-04  4.7368285e-06]
 [-4.5933347e-04  0.0000000e+00  0.0000000e+00  0.0000000e+00
   7.2259171e-04 -2.7981357e-04]] 
