88.433922 91.647034 90.596375 89.756577 89.395760 0.027976 
91.067764 87.480270 83.355682 85.595146 90.135277 0.000000 
88.607162 96.927452 92.304939 91.722656 91.526627 0.019782 
90.216667 80.901131 81.884659 85.455116 85.610237 0.027976 
85.146492 84.441978 87.908302 86.953247 89.076981 0.000000 
91.583389 89.072693 88.547417 88.844688 87.264755 0.019782 
87.996918 82.625778 86.587952 87.534904 88.597786 0.027976 
82.913406 76.595306 72.838921 76.396889 79.041649 0.000000 
89.974419 93.513542 85.426956 85.332611 82.222458 0.019782 
86.109993 94.860237 94.139473 94.920929 94.275047 0.000000 
79.687897 100.825867 104.469872 99.878738 96.850586 0.000000 
98.815979 99.197609 95.635582 93.408775 90.705063 0.000000 
88.205193 71.727005 71.503510 72.121132 72.027748 0.000000 
86.265038 78.770836 84.442932 86.711815 86.320114 0.000000 
87.748169 95.082603 93.226074 92.507469 89.182083 0.027976 
89.250816 92.056305 88.810417 86.335655 88.013924 0.019782 
94.989761 91.498817 92.915009 90.530540 89.830330 0.019782 
97.230377 100.970985 95.473686 90.745049 92.766556 0.000000 
86.926262 102.355721 100.792870 96.333023 96.233528 0.000000 
92.816246 93.044044 88.266342 88.208389 89.411308 0.000000 
