Episode: 301: [[0.20221476 0.21057712 0.20088843 0.20381248 0.18866247]] 
Episode: 302: [[0.20220128 0.2106037  0.20089698 0.20381914 0.18865441]] 
Episode: 303: [[0.20219304 0.21062158 0.20088778 0.20383683 0.18864818]] 
Episode: 304: [[0.20219366 0.21062124 0.20087627 0.20385528 0.1886453 ]] 
Episode: 305: [[0.20219451 0.21060453 0.20084    0.2038939  0.1886634 ]] 
Episode: 306: [[0.20220171 0.21058038 0.20080255 0.20393148 0.18867755]] 
Episode: 307: [[0.20221655 0.21055987 0.20077221 0.20395413 0.18867758]] 
Episode: 308: [[0.20222436 0.2105503  0.2007277  0.2039858  0.18868232]] 
Episode: 309: [[0.20222887 0.21054326 0.20064919 0.20404248 0.18869467]] 
Episode: 310: [[0.20223285 0.2105446  0.200582   0.20408785 0.18869871]] 
Episode: 311: [[0.20222446 0.21055846 0.20051615 0.20414406 0.18870194]] 
Episode: 312: [[0.2022298  0.21056667 0.20045653 0.20418312 0.18869242]] 
Episode: 313: [[0.20223412 0.21058066 0.20040058 0.20421676 0.1886799 ]] 
Episode: 314: [[0.20222758 0.21061409 0.20035894 0.20424351 0.18866168]] 
Episode: 315: [[0.20219617 0.21067959 0.20033544 0.20426552 0.18865561]] 
Episode: 316: [[0.20216215 0.21074452 0.20031703 0.20428741 0.18865117]] 
Episode: 317: [[0.20214055 0.2107945  0.20029105 0.20430762 0.18864478]] 
Episode: 318: [[0.2021205  0.21084101 0.20026718 0.20432581 0.1886389 ]] 
Episode: 319: [[0.20210047 0.2108852  0.20024665 0.20434321 0.18863326]] 
Episode: 320: [[0.20208904 0.21092527 0.2002307  0.20435067 0.1886185 ]] 
Episode: 321: [[0.20207871 0.21096449 0.20022143 0.2043534  0.18860069]] 
Episode: 322: [[0.20207563 0.21098746 0.20020173 0.20436537 0.1885861 ]] 
Episode: 323: [[0.20207042 0.21101537 0.20017876 0.20437989 0.1885697 ]] 
Episode: 324: [[0.20205866 0.21104023 0.2001516  0.20440605 0.18856382]] 
Episode: 325: [[0.20205261 0.21106184 0.20012297 0.20442832 0.18855384]] 
Episode: 326: [[0.20204546 0.21108088 0.2000874  0.20445752 0.18854833]] 
Episode: 327: [[0.2020293  0.21110927 0.2000506  0.20449437 0.18854424]] 
Episode: 328: [[0.20201325 0.21114285 0.20002344 0.20452134 0.18853469]] 
Episode: 329: [[0.20198953 0.21116848 0.19998693 0.20456411 0.18854547]] 
Episode: 330: [[0.20196618 0.21118273 0.19995162 0.2046156  0.18855965]] 
Episode: 331: [[0.20194331 0.2111995  0.19991273 0.20466761 0.1885717 ]] 
Episode: 332: [[0.2019266  0.2112051  0.1998738  0.20472038 0.18858297]] 
Episode: 333: [[0.20188597 0.2112407  0.19985455 0.2047795  0.18860437]] 
Episode: 334: [[0.20185283 0.21127363 0.19983663 0.20482954 0.18861811]] 
Episode: 335: [[0.20180804 0.21132092 0.19983779 0.20486872 0.18863358]] 
Episode: 336: [[0.20175624 0.21137702 0.19986366 0.20488973 0.18865001]] 
Episode: 337: [[0.20172521 0.21142246 0.19989188 0.20489171 0.18864802]] 
Episode: 338: [[0.20169857 0.21146971 0.19992808 0.20488323 0.18863583]] 
Episode: 339: [[0.2016933  0.2115049  0.19996504 0.20485692 0.18860611]] 
Episode: 340: [[0.20166612 0.21155635 0.1999966  0.20484881 0.18859145]] 
Episode: 341: [[0.20164672 0.21160127 0.20002311 0.20483807 0.18857332]] 
Episode: 342: [[0.20163281 0.21164635 0.20004785 0.2048212  0.18854919]] 
Episode: 343: [[0.20159635 0.21170871 0.20009308 0.20480394 0.1885375 ]] 
Episode: 344: [[0.20156574 0.21177208 0.20013371 0.20478284 0.18851781]] 
Episode: 345: [[0.20154493 0.21182851 0.20016609 0.20475902 0.1884937 ]] 
Episode: 346: [[0.20154428 0.21186608 0.20018476 0.20473078 0.18846294]] 
Episode: 347: [[0.2015418  0.2119034  0.20020257 0.20470533 0.18843423]] 
Episode: 348: [[0.20152248 0.21195742 0.20024572 0.20467256 0.18840803]] 
Episode: 349: [[0.20150577 0.21200094 0.20026717 0.20465605 0.1883915 ]] 
Episode: 350: [[0.20149702 0.2120412  0.20028293 0.2046371  0.1883674 ]] 
Episode: 351: [[0.20149924 0.2120791  0.20029883 0.20460781 0.18833068]] 
Episode: 352: [[0.20149805 0.21211304 0.20031534 0.20458636 0.18829815]] 
Episode: 353: [[0.20149711 0.212141   0.20032737 0.20456894 0.18827263]] 
Episode: 354: [[0.20151117 0.212143   0.20034082 0.20454638 0.18825004]] 
Episode: 355: [[0.20153889 0.21213402 0.20034152 0.20452188 0.18822263]] 
Episode: 356: [[0.20157267 0.21210977 0.20033441 0.2045048  0.18820007]] 
Episode: 357: [[0.20161645 0.21207218 0.20031051 0.20449366 0.18818006]] 
Episode: 358: [[0.20166409 0.21203695 0.20028365 0.20447855 0.18815422]] 
Episode: 359: [[0.20171703 0.21199818 0.20025931 0.20445974 0.1881217 ]] 
Episode: 360: [[0.20177819 0.21194659 0.2002215  0.20444976 0.18808912]] 
Episode: 361: [[0.20180768 0.21194568 0.20022888 0.20442064 0.18806916]] 
Episode: 362: [[0.20183028 0.21195027 0.2002314  0.20439866 0.18805256]] 
Episode: 363: [[0.20185775 0.21195333 0.20023115 0.20437269 0.18803073]] 
Episode: 364: [[0.20187473 0.21196507 0.20023246 0.20435235 0.18801281]] 
Episode: 365: [[0.20190871 0.21196854 0.20024265 0.20431158 0.18797696]] 
Episode: 366: [[0.20192234 0.21196486 0.20031671 0.20425242 0.1879578 ]] 
Episode: 367: [[0.20194255 0.21196468 0.20037726 0.2041918  0.1879306 ]] 
Episode: 368: [[0.20193544 0.21195686 0.20047109 0.20414922 0.18794481]] 
Episode: 369: [[0.2019275  0.21195503 0.20054644 0.20411853 0.18795438]] 
Episode: 370: [[0.20193176 0.21194577 0.20060125 0.2040907  0.18795805]] 
Episode: 371: [[0.20194314 0.21193223 0.20064442 0.20406353 0.1879582 ]] 
Episode: 372: [[0.20193781 0.21192957 0.20074525 0.20400152 0.18796341]] 
Episode: 373: [[0.20194897 0.21191895 0.20083258 0.20393442 0.18795606]] 
Episode: 374: [[0.20194526 0.21190864 0.20089692 0.203895   0.18797523]] 
Episode: 375: [[0.20193471 0.21188875 0.20100671 0.20383298 0.1880021 ]] 
Episode: 376: [[0.20193139 0.21186925 0.2011012  0.20377441 0.18802062]] 
Episode: 377: [[0.20192811 0.21184036 0.2011874  0.20372893 0.18804438]] 
Episode: 378: [[0.20192304 0.21181859 0.2012608  0.20369156 0.1880653 ]] 
Episode: 379: [[0.20192908 0.2117594  0.20129055 0.20368929 0.18811415]] 
Episode: 380: [[0.201947   0.21167749 0.2012813  0.20371851 0.18816839]] 
Episode: 381: [[0.2019646  0.21160655 0.20127603 0.20374094 0.188211  ]] 
Episode: 382: [[0.20198569 0.2115383  0.20126402 0.20376438 0.18824618]] 
Episode: 383: [[0.20200868 0.21146746 0.20127264 0.20376636 0.18828328]] 
Episode: 384: [[0.20202985 0.21140166 0.2012691  0.20378177 0.18831418]] 
Episode: 385: [[0.20207405 0.21129899 0.20132563 0.20375523 0.1883405 ]] 
Episode: 386: [[0.20209618 0.211214   0.2013734  0.20375182 0.18837684]] 
Episode: 387: [[0.2020988  0.21115717 0.201418   0.20375884 0.18841143]] 
Episode: 388: [[0.20212089 0.21109053 0.20144938 0.20375705 0.18843402]] 
Episode: 389: [[0.20213334 0.2110333  0.20148602 0.20375445 0.18846136]] 
Episode: 390: [[0.20215969 0.21096066 0.20151432 0.20375396 0.18848117]] 
Episode: 391: [[0.2021818  0.21086927 0.20152916 0.20377408 0.18852755]] 
Episode: 392: [[0.20220777 0.21078573 0.20154274 0.20378642 0.1885625 ]] 
Episode: 393: [[0.20224318 0.21070744 0.20155637 0.2037853  0.18858108]] 
Episode: 394: [[0.20226005 0.21062665 0.2015391  0.20382832 0.18862866]] 
Episode: 395: [[0.20227459 0.21054962 0.20151721 0.20387667 0.18867446]] 
Episode: 396: [[0.20228563 0.21046953 0.20148204 0.20393918 0.18872984]] 
Episode: 397: [[0.20229451 0.21039654 0.20144697 0.20400207 0.18877934]] 
Episode: 398: [[0.20229477 0.21033497 0.20140928 0.20406857 0.18883193]] 
Episode: 399: [[0.20229869 0.21027209 0.20136303 0.2041369  0.18888363]] 
Episode: 400: [[0.20230924 0.21021394 0.2013221  0.20419157 0.18892224]] 
Episode: 401: [[0.20234376 0.21011876 0.20123866 0.20427811 0.18895996]] 
Episode: 402: [[0.20237929 0.21002994 0.20115927 0.20435603 0.18899192]] 
Episode: 403: [[0.2024111  0.20994964 0.20107642 0.20443411 0.18902427]] 
Episode: 404: [[0.20243777 0.20988357 0.2010052  0.20450121 0.18904957]] 
Episode: 405: [[0.20245929 0.20982675 0.20095715 0.20455183 0.18906939]] 
Episode: 406: [[0.20247579 0.20977353 0.20091024 0.20460501 0.18909216]] 
Episode: 407: [[0.20246552 0.20975813 0.2009122  0.20463504 0.1891277 ]] 
Episode: 408: [[0.20245197 0.20973217 0.2009009  0.20468177 0.18917832]] 
Episode: 409: [[0.20243458 0.2097205  0.20089246 0.20472278 0.18921937]] 
Episode: 410: [[0.2024159  0.20971386 0.20088573 0.20476176 0.18925492]] 
Episode: 411: [[0.20237413 0.20974618 0.20087805 0.20481989 0.18930009]] 
Episode: 412: [[0.20233013 0.20977426 0.20087199 0.20488001 0.189348  ]] 
Episode: 413: [[0.2022674  0.20983355 0.20088378 0.20492768 0.18938844]] 
Episode: 414: [[0.20220654 0.2098907  0.20089042 0.20497647 0.18942757]] 
Episode: 415: [[0.20214713 0.20994586 0.20090935 0.2050132  0.1894636 ]] 
Episode: 416: [[0.2020942  0.20999481 0.20092022 0.20504849 0.18949969]] 
Episode: 417: [[0.20204166 0.21004337 0.20092379 0.20508775 0.18953562]] 
Episode: 418: [[0.20199525 0.21007584 0.20091048 0.20513865 0.18958117]] 
Episode: 419: [[0.20195001 0.21011029 0.2009032  0.20518136 0.18962187]] 
Episode: 420: [[0.20191222 0.21014506 0.20089887 0.20521283 0.18965165]] 
Episode: 421: [[0.20185335 0.21020594 0.20091328 0.20524414 0.18968208]] 
Episode: 422: [[0.20179008 0.21027169 0.20094374 0.20526291 0.18971154]] 
Episode: 423: [[0.20173898 0.2103279  0.20096692 0.20527941 0.1897328 ]] 
Episode: 424: [[0.20170325 0.2103761  0.20098282 0.20528825 0.18974228]] 
Episode: 425: [[0.20166346 0.21042863 0.20099416 0.20530349 0.18975103]] 
Episode: 426: [[0.20161007 0.210477   0.20098993 0.20535026 0.18977736]] 
Episode: 427: [[0.20153731 0.21054849 0.20098817 0.20540425 0.18980908]] 
Episode: 428: [[0.20146857 0.21062014 0.200989   0.20545079 0.18983491]] 
Episode: 429: [[0.20139162 0.21068461 0.20103954 0.2054733  0.18986513]] 
Episode: 430: [[0.2013283  0.21074228 0.20108666 0.20548634 0.18988484]] 
Episode: 431: [[0.20129493 0.21075697 0.20115198 0.20547345 0.1899024 ]] 
Episode: 432: [[0.20126294 0.21077676 0.20121558 0.20545828 0.18991241]] 
Episode: 433: [[0.20123419 0.21079591 0.20127426 0.20544286 0.18991981]] 
Episode: 434: [[0.20119601 0.21083263 0.2013243  0.20543249 0.18992744]] 
Episode: 435: [[0.20115235 0.21087416 0.2013786  0.20542194 0.18993653]] 
Episode: 436: [[0.20111991 0.21089865 0.20142043 0.20541625 0.18994968]] 
Episode: 437: [[0.20108576 0.21092623 0.20146021 0.20541276 0.18996148]] 
Episode: 438: [[0.20106256 0.21094163 0.20149465 0.20540927 0.189969  ]] 
Episode: 439: [[0.20105234 0.21095288 0.2015219  0.20539908 0.18996525]] 
Episode: 440: [[0.20105244 0.21096346 0.20154595 0.20538001 0.18995011]] 
Episode: 441: [[0.20106094 0.21097419 0.20157145 0.2053512  0.18992323]] 
Episode: 442: [[0.20106833 0.21097967 0.20158581 0.20533442 0.18990429]] 
Episode: 443: [[0.20108093 0.2109656  0.20159185 0.20532706 0.18989873]] 
Episode: 444: [[0.20110588 0.21092801 0.2015876  0.20533058 0.189895  ]] 
Episode: 445: [[0.20112364 0.2108971  0.20157085 0.20534794 0.18989615]] 
Episode: 446: [[0.20111884 0.2108865  0.20152812 0.20540093 0.18990901]] 
Episode: 447: [[0.2011218  0.21085972 0.20148349 0.20545469 0.1899274 ]] 
Episode: 448: [[0.20109971 0.21087745 0.20150027 0.20545137 0.1899579 ]] 
Episode: 449: [[0.201087   0.21088685 0.20150724 0.2054496  0.18998463]] 
Episode: 450: [[0.2010791  0.21089117 0.2015148  0.20544776 0.19000481]] 
Episode: 451: [[0.20105845 0.21090196 0.20153183 0.2054463  0.19003534]] 
Episode: 452: [[0.20103845 0.21089956 0.20154724 0.20544758 0.19008139]] 
Episode: 453: [[0.20104522 0.21087728 0.20156127 0.20543282 0.19010939]] 
Episode: 454: [[0.20105968 0.21085471 0.20157744 0.20541094 0.19012363]] 
Episode: 455: [[0.20107311 0.2108351  0.20159464 0.20539066 0.19013216]] 
Episode: 456: [[0.20108837 0.21081786 0.20161426 0.20536709 0.19013304]] 
Episode: 457: [[0.20108996 0.21081029 0.2016355  0.20535176 0.19014151]] 
Episode: 458: [[0.2011004  0.21080053 0.20164925 0.20533419 0.19014125]] 
Episode: 459: [[0.20110919 0.21079013 0.20165835 0.20531993 0.19014677]] 
Episode: 460: [[0.20112884 0.2107817  0.2016663  0.20529501 0.19013557]] 
Episode: 461: [[0.20114048 0.2107889  0.2016821  0.20526719 0.19011545]] 
Episode: 462: [[0.201142   0.21080822 0.201691   0.20524986 0.19009718]] 
Episode: 463: [[0.20113577 0.21082994 0.20169975 0.20524177 0.19008346]] 
Episode: 464: [[0.20113881 0.21083964 0.20170334 0.20523715 0.19006547]] 
Episode: 465: [[0.20114118 0.21084075 0.20171092 0.20523687 0.19005215]] 
Episode: 466: [[0.2011542  0.2108244  0.20169184 0.20525281 0.1900477 ]] 
Episode: 467: [[0.20116417 0.21080878 0.20167594 0.20526968 0.19004498]] 
Episode: 468: [[0.20117655 0.21079017 0.20165163 0.20529233 0.19004275]] 
Episode: 469: [[0.20119828 0.2107702  0.20162946 0.2053037  0.19003004]] 
Episode: 470: [[0.2012226  0.21074547 0.20160134 0.2053185  0.19002023]] 
Episode: 471: [[0.20125866 0.21071552 0.2015733  0.2053233  0.19000041]] 
Episode: 472: [[0.20129369 0.21069044 0.20154764 0.20532456 0.18997736]] 
Episode: 473: [[0.20132256 0.21065864 0.20151573 0.20533693 0.1899735 ]] 
Episode: 474: [[0.20134777 0.21062498 0.2014841  0.20535529 0.189974  ]] 
Episode: 475: [[0.20135807 0.21059602 0.20145477 0.20538402 0.18998979]] 
Episode: 476: [[0.20136699 0.21057396 0.2014269  0.20540933 0.19000117]] 
Episode: 477: [[0.20137168 0.210561   0.20140006 0.20543411 0.19000895]] 
Episode: 478: [[0.20136294 0.21056548 0.20138304 0.20545489 0.19001855]] 
Episode: 479: [[0.20135656 0.21057206 0.20136552 0.20547259 0.19002314]] 
Episode: 480: [[0.20135221 0.21057805 0.20135482 0.20548339 0.19002432]] 
Episode: 481: [[0.20135391 0.21058479 0.20134553 0.20548621 0.19001715]] 
Episode: 482: [[0.20134321 0.21060383 0.2013453  0.20549087 0.19001046]] 
Episode: 483: [[0.20133813 0.21061848 0.20134181 0.20549315 0.19000265]] 
Episode: 484: [[0.20132612 0.21063837 0.20134145 0.20549817 0.18999764]] 
Episode: 485: [[0.20131053 0.21065305 0.20132655 0.20551918 0.19000618]] 
Episode: 486: [[0.20129775 0.21066582 0.20131753 0.20553312 0.19001257]] 
Episode: 487: [[0.20130396 0.21066882 0.20130777 0.20553312 0.1900033 ]] 
Episode: 488: [[0.20132266 0.2106692  0.20129472 0.20552279 0.18998247]] 
Episode: 489: [[0.20134032 0.2106685  0.20128413 0.20551303 0.18996254]] 
Episode: 490: [[0.20136319 0.21067014 0.2012766  0.2054946  0.18993297]] 
Episode: 491: [[0.20138015 0.2106692  0.20125045 0.20549725 0.1899172 ]] 
Episode: 492: [[0.20141323 0.21065027 0.20122433 0.20549321 0.18989566]] 
Episode: 493: [[0.20144235 0.21063906 0.20119102 0.205494   0.18987459]] 
Episode: 494: [[0.20146577 0.21063808 0.2011801  0.20548083 0.18984489]] 
Episode: 495: [[0.20149152 0.21064614 0.20117153 0.205461   0.18980122]] 
Episode: 496: [[0.20153439 0.21061736 0.20117255 0.20544049 0.18975982]] 
Episode: 497: [[0.20158    0.2105865  0.2011719  0.20541908 0.18971755]] 
Episode: 498: [[0.20163238 0.21055967 0.20117724 0.2053832  0.18966307]] 
Episode: 499: [[0.20168637 0.21052647 0.20116974 0.20535925 0.18961376]] 
Episode: 500: [[0.2017398  0.2104905  0.2011625  0.20533802 0.18956646]] 
Episode: 501: [[0.20180418 0.21043001 0.20116602 0.2053129  0.18952154]] 
Episode: 502: [[0.20186432 0.21038172 0.20116016 0.20529048 0.18947588]] 
Episode: 503: [[0.2019277  0.21033435 0.20115735 0.20526119 0.18942559]] 
Episode: 504: [[0.2019948  0.2102813  0.20114902 0.20523518 0.18937653]] 
Episode: 505: [[0.20204867 0.21024096 0.20114188 0.20521429 0.18933423]] 
Episode: 506: [[0.20210062 0.21020964 0.20113178 0.20519368 0.18928601]] 
Episode: 507: [[0.2021347  0.21019077 0.20109108 0.20520446 0.18926004]] 
Episode: 508: [[0.20218904 0.2101576  0.20104901 0.2052016  0.18922223]] 
Episode: 509: [[0.20223838 0.2101322  0.20100586 0.20519938 0.18918578]] 
Episode: 510: [[0.20229425 0.21010335 0.20096214 0.20519537 0.1891407 ]] 
Episode: 511: [[0.20234501 0.21007344 0.20091757 0.20519736 0.18910383]] 
Episode: 512: [[0.20238744 0.21003783 0.20086356 0.20521742 0.18908532]] 
Episode: 513: [[0.2024094  0.21001418 0.20080142 0.20525388 0.18908961]] 
Episode: 514: [[0.20241548 0.20999822 0.20076841 0.20528026 0.18910275]] 
Episode: 515: [[0.20244059 0.20996858 0.20072839 0.2052978  0.18910679]] 
Episode: 516: [[0.2024713  0.20994    0.20069328 0.20530604 0.18910083]] 
Episode: 517: [[0.20249884 0.20991616 0.20066096 0.20531291 0.18909436]] 
Episode: 518: [[0.2025299  0.20989431 0.20063208 0.2053128  0.18908057]] 
Episode: 519: [[0.20256935 0.20987077 0.20060392 0.20530431 0.18905741]] 
Episode: 520: [[0.20260951 0.20984426 0.2005719  0.20530227 0.1890333 ]] 
Episode: 521: [[0.20264633 0.2098234  0.20054539 0.20529605 0.18900807]] 
Episode: 522: [[0.2026766  0.20979866 0.2005018  0.20531207 0.18899725]] 
Episode: 523: [[0.20270003 0.20978847 0.20047088 0.20531975 0.188978  ]] 
Episode: 524: [[0.20271076 0.20978084 0.20044209 0.20533898 0.18897061]] 
Episode: 525: [[0.20271863 0.20978221 0.20041631 0.20535439 0.18895821]] 
Episode: 526: [[0.20272665 0.20978475 0.20038624 0.20537196 0.18894579]] 
Episode: 527: [[0.20273717 0.20977871 0.20035891 0.20538981 0.18893658]] 
Episode: 528: [[0.20274915 0.20977287 0.20033213 0.20540532 0.18892561]] 
Episode: 529: [[0.20276795 0.20976588 0.20030929 0.20541133 0.18890628]] 
Episode: 530: [[0.20280024 0.20975302 0.20028888 0.20540382 0.18887533]] 
Episode: 531: [[0.20282693 0.20974377 0.2002688  0.20540217 0.18884562]] 
Episode: 532: [[0.20283225 0.20975532 0.20026818 0.20539548 0.18882337]] 
Episode: 533: [[0.20283717 0.2097663  0.20027338 0.20538445 0.18880187]] 
Episode: 534: [[0.20284143 0.20977491 0.20026949 0.20538113 0.1887863 ]] 
Episode: 535: [[0.2028204  0.20982413 0.20032187 0.20537677 0.18881391]] 
Episode: 536: [[0.20279983 0.20987271 0.200364   0.20537652 0.18883765]] 
Episode: 537: [[0.20276971 0.20991859 0.20041178 0.20537919 0.1888706 ]] 
Episode: 538: [[0.20273685 0.2099616  0.20045972 0.20537895 0.18890998]] 
Episode: 539: [[0.20273137 0.20997769 0.20049144 0.20537299 0.18893845]] 
Episode: 540: [[0.2027159  0.21000248 0.20055059 0.20534666 0.18896607]] 
Episode: 541: [[0.20268978 0.21002868 0.2005725  0.20535098 0.18901706]] 
Episode: 542: [[0.20267588 0.21003845 0.20058843 0.20535621 0.1890622 ]] 
Episode: 543: [[0.20267725 0.21003993 0.20060037 0.20535201 0.18909228]] 
Episode: 544: [[0.2026841  0.21003804 0.2006114  0.20534346 0.1891155 ]] 
Episode: 545: [[0.20268616 0.21003608 0.20061752 0.20534636 0.18913856]] 
Episode: 546: [[0.20268665 0.21003506 0.20061593 0.2053541  0.18916346]] 
Episode: 547: [[0.20267949 0.21003936 0.2006126  0.20536904 0.18918969]] 
Episode: 548: [[0.20267098 0.21004277 0.2005997  0.2053938  0.18921664]] 
Episode: 549: [[0.20266524 0.21003802 0.20058067 0.20542234 0.18924868]] 
Episode: 550: [[0.20265158 0.21004337 0.200555   0.20545863 0.18928121]] 
Episode: 551: [[0.20263307 0.2100465  0.20052609 0.20550059 0.18932402]] 
Episode: 552: [[0.2026142  0.21005175 0.2005042  0.20553744 0.1893609 ]] 
Episode: 553: [[0.20260231 0.2100539  0.20048559 0.2055659  0.18938956]] 
Episode: 554: [[0.20256683 0.21007551 0.20048472 0.20560549 0.1894225 ]] 
Episode: 555: [[0.20252945 0.21009293 0.2004646  0.20566545 0.1894611 ]] 
Episode: 556: [[0.20249546 0.21011035 0.20044312 0.2057219  0.18949485]] 
Episode: 557: [[0.2024525  0.21012549 0.20040904 0.20579576 0.18954572]] 
Episode: 558: [[0.20241381 0.21013764 0.20038101 0.20586279 0.18959013]] 
Episode: 559: [[0.20237167 0.2101555  0.20037584 0.20591308 0.18962778]] 
Episode: 560: [[0.20233531 0.2101709  0.20036617 0.20596117 0.18966095]] 
Episode: 561: [[0.20229095 0.2101964  0.20037387 0.20599928 0.18969049]] 
Episode: 562: [[0.2022507  0.21022177 0.2003784  0.20603481 0.1897155 ]] 
Episode: 563: [[0.20221488 0.21024454 0.20037805 0.20606965 0.18973862]] 
Episode: 564: [[0.20218627 0.21026295 0.20038474 0.20609435 0.18975349]] 
Episode: 565: [[0.20214908 0.21029773 0.20040798 0.2061051  0.18976282]] 
Episode: 566: [[0.20212221 0.2103288  0.20043582 0.20610449 0.18975945]] 
Episode: 567: [[0.20210609 0.21035533 0.20046765 0.20609225 0.18974476]] 
Episode: 568: [[0.20211108 0.21034868 0.20051372 0.20606811 0.18972439]] 
Episode: 569: [[0.20211942 0.21034275 0.20055275 0.20604432 0.18970151]] 
Episode: 570: [[0.20212299 0.21034543 0.2005973  0.20601669 0.1896756 ]] 
Episode: 571: [[0.20210738 0.2103737  0.20068575 0.20595913 0.18964471]] 
Episode: 572: [[0.2021027  0.21037997 0.20076847 0.20590843 0.18961729]] 
Episode: 573: [[0.20209573 0.21038742 0.20082696 0.20587683 0.18959802]] 
Episode: 574: [[0.20209166 0.21039082 0.20088805 0.2058403  0.18958029]] 
Episode: 575: [[0.20208453 0.21039009 0.20093644 0.20581862 0.1895728 ]] 
Episode: 576: [[0.20206624 0.2103839  0.20096241 0.20582297 0.18959555]] 
Episode: 577: [[0.20204765 0.21037802 0.20099439 0.2058205  0.18961991]] 
Episode: 578: [[0.20203634 0.21036766 0.20102121 0.2058159  0.189641  ]] 
Episode: 579: [[0.20203477 0.21035026 0.20103952 0.20581242 0.1896563 ]] 
Episode: 580: [[0.20203753 0.21031687 0.20106702 0.20580709 0.18967657]] 
Episode: 581: [[0.20204441 0.21028188 0.20108895 0.20580287 0.1896937 ]] 
Episode: 582: [[0.20204942 0.21025021 0.20110573 0.20580274 0.18971127]] 
Episode: 583: [[0.2020623  0.21021824 0.20112209 0.2057948  0.18971935]] 
Episode: 584: [[0.20209873 0.21014854 0.20113403 0.20579042 0.18971619]] 
Episode: 585: [[0.20213693 0.21008706 0.2011383  0.20578708 0.18970434]] 
Episode: 586: [[0.2021741  0.21002355 0.20114069 0.2057842  0.18970078]] 
Episode: 587: [[0.20221218 0.20996097 0.20113632 0.20578471 0.18969782]] 
Episode: 588: [[0.2022712  0.20987917 0.20112576 0.2057663  0.18967606]] 
Episode: 589: [[0.20230785 0.20981097 0.20111582 0.20576587 0.18967055]] 
Episode: 590: [[0.2023459  0.20974922 0.20110665 0.2057606  0.18965952]] 
Episode: 591: [[0.20238106 0.20969729 0.20109256 0.20575707 0.18964684]] 
Episode: 592: [[0.20238845 0.20967038 0.20107839 0.20576723 0.18965207]] 
Episode: 593: [[0.20239298 0.2096479  0.20106983 0.20577583 0.18965536]] 
Episode: 594: [[0.20239145 0.20963371 0.20106111 0.20578855 0.18965833]] 
Episode: 595: [[0.20238492 0.20963228 0.20105429 0.20580152 0.18965358]] 
Episode: 596: [[0.20237862 0.20962915 0.2010512  0.2058159  0.18964636]] 
Episode: 597: [[0.2023742  0.20962092 0.20104703 0.20583463 0.1896394 ]] 
Episode: 598: [[0.20237727 0.20960715 0.20103651 0.20585202 0.1896321 ]] 
Episode: 599: [[0.20237435 0.20959903 0.20101501 0.20588201 0.18962958]] 
Episode: 600: [[0.20236658 0.20959556 0.20099364 0.2059145  0.18963009]] 
