85.665596 86.005066 87.103180 86.254189 65.945953 
87.314972 87.672180 86.810509 85.053978 59.713577 
86.174080 86.132774 86.297806 85.832451 68.366165 
86.714592 87.042717 87.494308 86.941719 62.761768 
85.709549 86.068291 85.568718 84.948029 70.426262 
87.335167 87.310829 87.876564 85.823769 59.161301 
85.912872 85.370399 87.348747 86.248245 60.597565 
86.723701 87.040184 87.818871 88.981316 63.690693 
85.908302 85.569435 87.254189 86.185799 61.780766 
87.093758 86.568161 86.499519 86.416649 61.983398 
86.316383 86.512444 86.404793 86.425720 61.756767 
87.063766 87.550255 87.745697 87.465363 63.913486 
84.433914 84.882103 86.647926 84.667000 67.429832 
87.710541 87.301895 87.040695 85.075188 58.390678 
85.125130 85.287033 85.261269 85.931465 64.470116 
87.024551 86.716370 87.773170 85.907890 59.278721 
86.733734 86.534973 86.102585 84.280495 58.483345 
87.565941 87.077530 88.470116 85.971390 60.194916 
86.482086 85.414459 85.025749 85.467796 60.497093 
87.260368 86.720551 86.701790 85.095528 60.307964 
