87.516380 91.746513 93.727287 94.748222 84.637039 77.962166 76.220703 71.506760 69.297958 47.990101 0.027976 
81.629913 64.376183 70.298538 68.062073 62.553505 56.406059 68.640091 76.285858 73.443268 56.080914 0.027976 
109.013359 124.127190 123.583359 114.483292 123.838936 90.905396 88.288338 88.479576 84.118835 57.120392 0.000000 
95.437202 107.316284 114.002312 105.125084 102.739212 87.028160 81.127983 58.235596 64.002586 51.841316 0.000000 
98.603378 103.788338 102.051651 95.929977 92.029991 80.165504 87.804672 90.199509 77.669472 55.975872 0.019782 
92.788063 98.147118 97.795029 92.495277 84.693695 81.136566 104.685799 82.939217 78.009399 66.940376 0.000000 
84.003044 93.219650 102.642754 96.282013 90.842178 70.373405 62.379856 65.548340 75.164413 70.251534 0.019782 
73.293365 88.202950 90.899323 91.939301 87.910057 86.233154 78.327896 87.526901 78.261795 75.486824 0.000000 
78.076965 74.557037 86.241905 92.001617 107.571236 115.704086 76.060219 68.728500 75.799728 59.964935 0.034264 
88.731522 109.453789 109.215492 104.491142 105.463875 121.513733 115.745621 105.440475 91.835663 57.381084 0.027976 
92.718857 92.897385 93.479691 92.743324 104.611084 93.232124 90.728851 97.416306 81.027458 66.072266 0.019782 
88.613899 101.166916 87.551186 91.018456 83.148140 92.004700 97.602852 89.667694 87.526237 70.325279 0.000000 
104.506622 98.484749 105.932571 94.679443 96.753426 91.105629 84.443420 87.999741 90.202545 57.352711 0.000000 
100.597816 105.516701 106.002434 96.564499 92.347725 90.142349 102.886642 78.782089 72.487549 61.382244 0.000000 
86.283386 85.503532 84.676796 71.756035 85.586891 73.318314 63.967239 62.920326 78.055328 63.503189 0.000000 
93.274513 89.972702 84.213005 82.084900 71.035004 74.261581 90.156754 82.628311 71.411575 66.785004 0.000000 
83.858994 86.934967 82.804039 84.158554 78.058731 62.857483 50.859756 54.067932 64.349838 61.520157 0.000000 
105.581429 115.914307 118.842606 102.101120 99.272598 94.533852 102.823349 113.066139 84.257317 64.613770 0.000000 
103.402672 121.837021 123.560051 113.434006 91.832428 94.323936 79.379860 90.565277 82.408035 42.826366 0.000000 
80.302353 80.661812 78.431618 70.006958 87.006691 94.532227 91.966988 80.879707 76.879852 53.455189 0.000000 
