87.391556 88.453804 89.573105 81.646820 94.140083 0.000000 
80.733009 95.626541 96.276604 101.618958 91.898117 0.019782 
90.954666 88.444565 95.063934 93.914345 94.313835 0.019782 
91.492203 102.578369 96.049599 81.342880 93.268715 0.027976 
88.193596 97.697815 93.511871 91.909584 82.718758 0.019782 
89.763969 95.680206 88.389359 89.686737 73.121521 0.019782 
93.328430 82.372620 81.495491 82.068413 93.044281 0.000000 
90.715820 90.237816 84.711960 85.208183 89.532951 0.000000 
90.707428 87.310387 100.497147 87.514542 104.831696 0.027976 
87.644508 97.006729 94.891731 100.048958 79.856094 0.034264 
92.625000 87.283272 84.120445 88.815598 105.500137 0.000000 
86.230133 88.969666 91.365707 84.898666 100.136131 0.019782 
94.147240 87.155594 97.974716 91.524727 83.554855 0.000000 
88.361412 89.863205 86.802818 75.826973 88.280235 0.000000 
92.339630 90.107590 86.189034 97.354660 80.385117 0.027976 
87.405029 91.453476 97.867126 91.136688 88.364677 0.000000 
89.802490 87.215843 111.708748 86.659035 72.362343 0.027976 
90.873245 91.855293 75.935890 95.865234 99.015373 0.000000 
95.487213 101.245209 87.069038 75.215675 84.963699 0.027976 
91.372047 77.329353 100.112755 83.641418 94.944328 0.019782 
87.154800 75.034721 92.312057 98.986771 96.100647 0.000000 
95.784927 90.397247 90.754723 85.997627 89.327324 0.019782 
90.917091 100.515541 99.944649 83.182060 82.644554 0.019782 
90.009605 89.520370 82.646622 75.547974 86.716179 0.019782 
88.240326 98.393234 100.115013 93.699020 74.840294 0.000000 
89.299332 82.772949 81.795227 103.040283 87.775597 0.019782 
92.030624 96.943764 81.332527 103.112183 97.391472 0.019782 
93.938217 94.012482 84.164917 95.604156 98.697289 0.000000 
92.334534 90.378792 99.297722 105.626617 86.476463 0.000000 
90.950706 91.694443 93.293335 85.778442 73.006332 0.000000 
89.074089 79.629524 93.797325 97.354691 91.236244 0.027976 
91.583923 93.373268 78.694923 89.237465 96.609215 0.000000 
91.286461 90.027687 88.622879 87.695229 91.756325 0.000000 
87.632080 82.939819 85.131073 79.366982 84.765053 0.000000 
97.233910 88.671158 95.876793 97.091255 76.059265 0.027976 
84.612999 94.401802 89.084686 94.543610 76.947182 0.000000 
86.032967 87.494942 88.494553 110.498734 76.832138 0.000000 
88.740341 86.025383 96.092705 91.996002 97.139366 0.000000 
91.415794 90.122871 92.745934 91.640907 97.437141 0.000000 
90.351471 88.800972 84.504028 90.951210 85.130562 0.000000 
96.293930 89.101761 86.287407 101.636879 84.679214 0.000000 
80.565163 97.334534 87.474266 90.680504 89.307610 0.027976 
89.139542 98.134796 85.021027 105.792442 96.978104 0.000000 
91.875450 90.224976 100.039825 93.636795 77.694725 0.000000 
87.920357 103.718262 87.973137 78.126503 105.055565 0.027976 
85.256592 93.230110 101.904076 85.679810 89.565887 0.027976 
86.489006 104.570862 91.145042 99.202209 82.858749 0.019782 
80.732231 81.537086 97.761230 91.171028 81.169624 0.000000 
91.504730 98.210503 84.517197 92.909042 82.842697 0.027976 
86.921509 84.592827 91.693886 87.571381 81.998215 0.000000 
91.644638 88.332390 75.423294 99.719193 83.894310 0.000000 
90.291443 79.754669 95.843132 96.884064 85.977570 0.000000 
91.261627 87.750191 86.089592 99.320007 81.658394 0.019782 
89.241646 94.918137 89.322487 93.876602 89.775970 0.000000 
94.636078 87.098473 89.519287 90.830376 94.525475 0.019782 
84.252182 94.604980 87.733185 93.482872 92.857521 0.027976 
91.683289 93.139442 76.073563 90.400993 78.463211 0.000000 
94.218849 89.329689 88.521843 87.863335 98.615379 0.027976 
86.232468 87.396896 88.036346 85.022339 98.243507 0.000000 
93.269272 88.189087 93.734505 85.464172 106.789429 0.019782 
93.719688 96.396729 97.269531 82.352173 94.186241 0.000000 
83.677902 95.634178 91.162605 77.860893 111.042580 0.000000 
91.521812 95.208382 91.737717 87.834503 89.555885 0.000000 
86.028534 94.098198 83.001877 81.541298 84.691490 0.019782 
90.814972 85.248093 88.592087 94.381500 80.088150 0.019782 
91.503601 91.842743 88.985107 74.379990 82.315475 0.000000 
86.928925 91.454880 80.764984 93.015945 97.614853 0.027976 
88.036140 98.361305 84.160568 110.375793 92.856300 0.027976 
89.346703 93.962425 91.416420 77.934769 82.112350 0.000000 
91.335342 88.707542 97.943512 93.583435 87.175812 0.034264 
91.995049 82.570396 85.624130 91.548058 94.856598 0.000000 
89.847641 76.768936 89.214882 97.161690 84.262932 0.019782 
94.713913 88.186455 85.182091 100.150642 86.069382 0.000000 
93.336357 94.662796 86.626007 94.525352 81.467926 0.027976 
84.219055 93.630630 76.742149 91.255043 83.980377 0.019782 
88.842049 86.991043 99.078362 88.285286 87.137978 0.000000 
87.928917 91.035660 95.908241 85.051033 87.895821 0.027976 
87.843918 82.019386 70.345451 94.910683 91.518448 0.019782 
92.144783 92.740936 79.918129 87.173775 89.723534 0.000000 
91.329369 101.811577 93.734085 84.056625 88.194908 0.027976 
85.678978 86.355179 96.136238 81.434425 96.433807 0.000000 
81.767601 95.375763 95.986816 82.240616 78.036240 0.000000 
87.600418 93.087532 85.317444 85.467773 86.602951 0.019782 
97.519791 88.591988 90.631256 82.439148 90.937660 0.000000 
92.591743 87.765709 83.618599 92.520256 105.119835 0.000000 
83.564819 85.299728 92.229866 97.263145 73.039093 0.000000 
87.787933 79.403786 96.882622 87.306854 82.911980 0.027976 
94.124008 82.678383 87.039154 89.600113 99.005005 0.000000 
87.661003 77.964508 76.567856 94.535126 70.895699 0.000000 
91.204773 81.118523 83.819611 92.625877 92.028992 0.019782 
92.777428 95.752464 85.298248 81.256683 77.877449 0.000000 
90.591248 86.316071 81.946114 83.425201 97.576996 0.019782 
90.323814 86.448608 81.165596 91.799011 101.270477 0.027976 
89.897766 81.157318 87.136467 93.055145 79.554977 0.027976 
88.694916 95.617645 86.903061 91.836861 94.998779 0.000000 
85.159889 94.615189 92.761330 99.140068 98.901924 0.000000 
86.437050 88.209076 92.688248 93.116188 107.098816 0.000000 
91.804367 94.099991 93.803726 98.609833 97.680145 0.027976 
90.743668 88.568954 93.198799 103.449059 74.179329 0.000000 
97.809723 88.129013 90.404266 93.258186 93.872841 0.027976 
93.296501 76.986816 88.370232 93.209122 90.153740 0.019782 
86.217041 91.602852 95.104164 81.816360 94.138000 0.000000 
92.222298 92.856201 91.060860 90.131317 80.854790 0.000000 
92.517174 95.487289 81.602882 91.109734 90.237602 0.000000 
91.381493 94.740715 95.330627 91.543404 100.203728 0.019782 
91.218430 85.886253 93.063332 88.181007 86.778687 0.019782 
87.800713 83.574791 87.416069 86.751129 85.540154 0.000000 
92.260490 98.791771 90.395370 94.143066 87.114273 0.000000 
89.458099 86.123734 78.399071 76.713974 91.275902 0.000000 
93.711121 95.547005 100.187080 98.783310 81.826866 0.000000 
90.843567 98.431908 89.956207 73.868530 98.658417 0.000000 
92.026802 81.021927 87.881432 89.009018 80.579620 0.019782 
93.853065 93.132904 87.836601 103.720345 89.998817 0.000000 
90.041763 97.211830 91.821472 70.445915 74.895653 0.019782 
90.516541 93.129852 88.239922 77.825768 98.112625 0.000000 
88.962830 89.658958 81.403954 94.916862 88.852516 0.000000 
85.508263 95.028473 87.455345 93.288399 102.528252 0.000000 
87.645569 79.288681 92.328278 83.410263 82.630447 0.000000 
94.612694 96.916885 94.687637 95.464958 91.609695 0.000000 
92.485641 94.011124 94.394783 93.340668 79.399696 0.000000 
89.582031 86.772461 96.452881 87.237175 96.369759 0.027976 
88.941719 76.370865 93.707275 99.291718 74.826286 0.000000 
87.776581 80.981491 87.219643 89.746056 96.467270 0.000000 
87.916161 104.153374 91.812027 84.496399 90.137054 0.019782 
91.242538 88.581116 92.621422 99.102928 94.022888 0.000000 
90.008080 91.842926 81.560661 96.365410 92.153503 0.000000 
89.857948 78.984055 91.204704 85.358192 76.935463 0.027976 
89.352074 88.775467 88.386116 96.669083 100.069229 0.000000 
95.749115 83.461746 87.368454 94.533371 86.331139 0.019782 
92.168640 89.334305 103.373695 83.344238 83.273849 0.044235 
89.277824 83.864449 78.236053 87.586739 98.017174 0.000000 
98.200684 90.143997 90.499962 97.554390 84.825249 0.000000 
92.324448 89.462387 88.082397 92.298759 90.145332 0.000000 
93.255188 79.676338 84.865952 69.577240 80.792465 0.000000 
89.815536 79.585091 99.436554 84.337128 76.746307 0.019782 
92.018265 96.414368 91.503471 74.819763 83.771744 0.000000 
89.707085 98.315041 79.713158 93.539154 85.314590 0.034264 
89.996201 89.924736 96.901268 100.433167 88.166832 0.000000 
85.123230 96.715591 96.308678 90.086617 96.517120 0.000000 
86.945961 94.046677 92.767387 94.664909 86.606468 0.000000 
90.104156 95.204735 88.611183 93.453705 93.922112 0.000000 
85.509125 107.498268 95.106300 76.737495 93.275169 0.000000 
89.082291 77.753204 81.574417 90.265366 84.205620 0.019782 
89.033173 99.933235 94.146255 78.958771 78.045578 0.000000 
88.861885 89.159065 90.177620 91.405693 84.845833 0.027976 
89.508339 101.844017 98.657486 94.091476 97.438232 0.000000 
87.471375 73.563408 94.765121 91.165199 96.294914 0.000000 
91.651611 90.035210 91.072815 91.368187 82.158157 0.000000 
90.994400 89.238434 92.660210 88.869980 81.522842 0.000000 
88.569557 94.253456 95.826851 82.520866 83.137756 0.019782 
85.715820 100.391418 98.694641 98.362228 99.219612 0.027976 
95.915199 99.489502 86.741936 83.241714 98.495888 0.000000 
88.017715 91.550941 100.191101 99.554962 79.639290 0.000000 
88.676926 88.268089 84.001694 91.581932 99.169983 0.019782 
89.439781 94.401421 103.767151 80.067261 91.566368 0.000000 
89.440117 96.032249 102.132660 97.545029 108.587090 0.000000 
92.348198 93.078110 96.691963 95.231842 96.065933 0.000000 
88.454933 90.264961 95.615242 82.459778 76.993843 0.000000 
91.129837 86.039162 81.747826 96.498848 95.772308 0.019782 
97.724609 77.859337 84.579224 75.419029 89.848991 0.000000 
94.301262 87.027122 85.816200 89.281807 99.946640 0.000000 
93.795937 89.967873 83.017311 86.751877 87.877396 0.000000 
91.348633 78.008034 77.649467 84.937027 92.348198 0.027976 
89.596878 76.279266 93.156906 85.568642 101.736076 0.000000 
86.462616 92.786201 93.267525 74.341721 105.971046 0.019782 
89.240135 88.866760 77.385376 78.921028 105.962341 0.000000 
89.692169 93.418701 88.136696 93.756371 97.449623 0.000000 
87.781609 75.455894 88.671059 88.426888 96.783493 0.000000 
93.986313 97.156647 88.620880 84.995316 77.538216 0.019782 
88.423309 89.054596 93.320717 91.224281 89.564758 0.000000 
92.076050 90.648026 94.528900 100.419487 99.286278 0.000000 
87.649384 79.462883 84.809685 71.265961 90.981041 0.000000 
93.663361 91.226601 83.741859 81.610229 72.899071 0.019782 
87.604065 93.416039 90.854050 99.515663 86.262703 0.000000 
89.382294 91.928604 87.572189 100.288574 99.688354 0.000000 
91.952477 80.604317 91.839195 93.981201 80.957146 0.019782 
83.131119 85.900932 82.693932 94.441200 95.577873 0.000000 
90.303726 102.134224 95.240921 97.977066 90.667671 0.000000 
90.406738 80.942726 85.151642 85.809135 97.052055 0.000000 
91.112785 85.555191 95.184166 84.939964 91.580879 0.000000 
87.468010 102.221695 87.983360 81.269249 108.260597 0.000000 
91.745789 84.945656 89.554428 90.827850 85.698929 0.000000 
92.884918 93.274254 95.076103 82.969826 87.109627 0.027976 
94.865768 92.265045 85.592171 77.624466 73.383934 0.019782 
88.812653 80.681808 91.015167 95.241959 84.537277 0.000000 
87.736526 82.208107 81.375923 70.627235 83.661575 0.000000 
95.502449 82.551392 95.147682 97.667076 101.310745 0.000000 
85.628807 89.528488 84.812073 99.375114 85.741562 0.000000 
90.106277 88.922150 81.765663 82.035698 92.878960 0.019782 
92.228195 100.889603 95.760231 90.441116 88.745605 0.019782 
90.010910 80.937340 95.405144 76.337265 100.031128 0.000000 
89.857269 98.652817 90.751205 95.540359 102.037743 0.000000 
90.055534 89.958130 89.270218 96.933014 97.066345 0.019782 
92.037285 77.662704 86.039688 71.172836 80.538704 0.019782 
85.455231 93.642570 92.539238 92.925186 89.798851 0.000000 
90.141396 98.906456 90.626274 80.682808 92.530869 0.000000 
89.034004 83.682388 92.960838 85.820160 80.525467 0.044235 
85.103874 98.123260 85.487328 82.330147 85.319633 0.000000 
90.680824 90.982338 89.140099 92.960693 93.620285 0.027976 
94.198204 84.714539 102.413994 86.914734 89.564880 0.000000 
89.148224 95.432281 90.719841 88.105980 88.589851 0.019782 
90.676010 102.935806 96.875069 102.520142 100.019859 0.000000 
91.192108 92.225769 87.682205 93.523315 98.263222 0.000000 
90.321106 85.398575 85.194748 94.167137 81.588921 0.000000 
89.157463 94.136475 90.204849 89.672478 107.142563 0.000000 
93.213715 99.090141 77.574623 84.062843 111.088028 0.000000 
91.520294 88.553558 93.253418 78.486443 86.003746 0.000000 
86.468391 101.793030 90.956657 88.767761 69.859543 0.000000 
90.972237 86.582832 87.490387 95.595078 103.256310 0.000000 
88.120041 90.817581 83.148193 92.477974 83.539757 0.000000 
87.596268 96.294594 87.899666 99.743103 102.495461 0.000000 
89.274925 87.389084 94.713051 97.537529 77.415436 0.000000 
92.822510 82.113472 87.192619 77.304871 91.272804 0.034264 
91.885071 80.738419 90.923065 85.688103 88.567307 0.000000 
86.851395 99.765144 85.902061 84.544968 69.203659 0.000000 
86.443375 101.672424 97.485306 89.530464 92.181305 0.000000 
90.615654 89.514359 94.725342 92.308556 79.563339 0.019782 
89.687508 85.593918 82.143097 98.489670 81.577736 0.019782 
88.258545 91.058235 92.263138 82.620247 83.640213 0.000000 
86.937027 80.103920 81.345825 97.107323 102.475876 0.000000 
98.109871 88.309074 90.928329 91.399521 82.962936 0.027976 
93.410881 88.166092 95.996353 92.047028 96.692047 0.000000 
93.741173 81.144875 89.045662 100.158257 69.832855 0.000000 
88.952843 95.407188 92.600601 97.285835 92.900246 0.000000 
92.796410 93.012604 93.973633 91.761314 103.138618 0.000000 
91.365471 104.229439 87.674263 78.231445 106.544350 0.000000 
92.413719 87.983788 99.958771 68.603767 91.739273 0.019782 
86.772644 95.045341 89.958481 101.432793 91.317223 0.000000 
90.170662 91.355965 70.318596 99.051346 89.859367 0.000000 
91.194206 77.854652 78.217514 94.449638 84.479378 0.000000 
93.870674 89.204079 83.574448 99.551727 75.317085 0.027976 
93.031555 92.227074 90.955994 86.436150 94.238632 0.000000 
88.979630 91.097763 86.319008 91.233917 73.989510 0.000000 
85.509155 96.570091 79.328369 103.938522 88.298485 0.000000 
89.790901 85.776756 80.825638 91.680565 79.056160 0.019782 
90.561218 86.472313 93.200493 85.689323 83.764580 0.000000 
88.716698 93.152634 100.400024 92.581139 90.980179 0.000000 
88.236610 89.600983 82.290001 85.687904 83.182144 0.027976 
90.262291 96.717697 87.745285 73.229027 94.023926 0.000000 
97.545410 74.702827 94.652748 83.282295 95.521500 0.019782 
93.269783 95.002632 86.808090 92.741096 104.444672 0.000000 
94.454086 82.446762 83.064133 83.263824 95.521034 0.000000 
87.713539 94.763321 100.879402 89.806061 84.237503 0.000000 
87.438492 78.972313 95.377747 97.327248 71.145401 0.000000 
87.869202 93.740021 90.722511 80.760490 88.474449 0.019782 
91.785599 94.742920 82.108932 93.471252 90.709404 0.027976 
82.962379 90.648895 87.208862 87.516342 94.534294 0.000000 
92.429985 87.810532 87.526199 89.155991 92.803299 0.027976 
89.374168 83.766541 92.711655 77.287697 78.588715 0.000000 
94.029961 86.095078 94.298775 105.329971 98.706284 0.019782 
89.180534 95.361435 85.227516 89.857048 75.724060 0.000000 
95.654457 98.340492 80.405846 91.386047 74.829269 0.000000 
90.492424 95.836197 77.186249 86.790108 98.905014 0.000000 
88.475746 80.667732 95.759895 92.760139 96.003464 0.000000 
100.175430 93.987061 84.948509 76.997887 79.644943 0.027976 
86.132111 92.367302 92.155777 95.961357 84.792007 0.000000 
90.271179 94.211525 93.983917 78.856346 82.508728 0.019782 
84.808563 84.020119 82.803268 87.381012 68.456619 0.000000 
88.291161 85.328667 91.313530 84.209457 91.277870 0.019782 
90.171669 92.150948 90.563942 89.534286 73.357498 0.027976 
91.018761 90.585999 86.159996 89.763077 100.488739 0.000000 
90.817192 96.507088 79.860603 91.706413 83.716270 0.000000 
90.070122 87.269547 85.336372 96.433327 83.112457 0.000000 
93.104660 85.833496 81.210243 98.186310 87.820129 0.000000 
84.638893 90.350945 100.567078 90.317368 86.352936 0.027976 
84.158165 95.052452 88.156120 91.158684 91.594734 0.019782 
84.809105 99.677055 96.140450 85.355537 92.552261 0.000000 
92.786049 80.013382 86.522621 100.847542 82.053566 0.000000 
93.212509 92.541656 89.399155 90.114609 93.451874 0.000000 
93.589287 95.016510 80.648834 92.124008 93.623627 0.019782 
85.837425 90.404327 90.253494 88.968727 89.233940 0.034264 
87.982079 85.798973 93.761169 78.619789 88.916847 0.027976 
93.965988 78.980400 82.335403 81.480942 87.696358 0.034264 
90.381828 94.374825 90.031113 91.306633 78.815247 0.019782 
93.633026 98.829308 88.561073 81.998108 89.868401 0.000000 
93.145401 85.029488 93.016243 99.214249 95.562691 0.027976 
