Episode: 1: [[0.19853279 0.20612997 0.20559503 0.20248301 0.19737029]] 
Episode: 2: [[0.1985028  0.20615996 0.20562503 0.20245302 0.1973403 ]] 
Episode: 3: [[0.1985017  0.20618752 0.20562804 0.20242603 0.19731139]] 
Episode: 4: [[0.19850354 0.20621613 0.20562926 0.20239772 0.19728199]] 
Episode: 5: [[0.19850251 0.20624083 0.20563737 0.20237361 0.19725664]] 
Episode: 6: [[0.19849537 0.20624776 0.20564882 0.20236968 0.19725305]] 
Episode: 7: [[0.19850038 0.2062555  0.20564874 0.20235968 0.19724376]] 
Episode: 8: [[0.19849822 0.20626786 0.20565464 0.2023496  0.19723359]] 
Episode: 9: [[0.19849575 0.20627981 0.20566164 0.20233971 0.19722389]] 
Episode: 10: [[0.19849786 0.20628987 0.20566493 0.20232864 0.19721316]] 
Episode: 11: [[0.19849598 0.20630063 0.20566905 0.20232002 0.19720489]] 
Episode: 12: [[0.19850498 0.2063013  0.20566374 0.20230977 0.19719583]] 
Episode: 13: [[0.19851921 0.20630053 0.20565246 0.20229548 0.19718292]] 
Episode: 14: [[0.19853604 0.20629841 0.2056366  0.20227985 0.19716947]] 
Episode: 15: [[0.19855133 0.20629425 0.20562264 0.20226736 0.19715941]] 
Episode: 16: [[0.19856685 0.20629312 0.20560813 0.20225264 0.1971468 ]] 
Episode: 17: [[0.1985826  0.20629567 0.2055928  0.2022355  0.19713144]] 
Episode: 18: [[0.19860156 0.20629908 0.20557414 0.20221524 0.1971128 ]] 
Episode: 19: [[0.19862327 0.2062901  0.20555225 0.20220461 0.19710584]] 
Episode: 20: [[0.1986452  0.20628291 0.20553023 0.202192   0.19709669]] 
Episode: 21: [[0.1986673  0.20627753 0.20550795 0.20217757 0.19708554]] 
Episode: 22: [[0.19868588 0.20627008 0.20548868 0.20216864 0.19707972]] 
Episode: 23: [[0.19870603 0.20626551 0.20546773 0.20215592 0.19706999]] 
Episode: 24: [[0.19872245 0.20625667 0.20545058 0.20215103 0.19706753]] 
Episode: 25: [[0.19873194 0.20625703 0.20544091 0.20214301 0.19706087]] 
Episode: 26: [[0.19874148 0.20626047 0.20543064 0.20213223 0.19705138]] 
Episode: 27: [[0.19875126 0.20626557 0.20542035 0.20211972 0.19704007]] 
Episode: 28: [[0.19876213 0.20627189 0.2054088  0.20210539 0.197027  ]] 
Episode: 29: [[0.19876009 0.20628041 0.2054121  0.20209894 0.19701971]] 
Episode: 30: [[0.19875775 0.20628986 0.2054155  0.20209189 0.19701183]] 
Episode: 31: [[0.19875905 0.20630068 0.20541531 0.2020808  0.19700018]] 
Episode: 32: [[0.19876425 0.20630632 0.2054112  0.20207071 0.19699034]] 
Episode: 33: [[0.19877797 0.20630968 0.20539728 0.20205288 0.19697313]] 
Episode: 34: [[0.19878955 0.2063158  0.20538491 0.20203528 0.19695587]] 
Episode: 35: [[0.1988013  0.2063222  0.2053724  0.20201766 0.19693872]] 
Episode: 36: [[0.19880961 0.20632295 0.20536277 0.20200782 0.19692974]] 
Episode: 37: [[0.19881874 0.20632342 0.20535275 0.20199771 0.19692048]] 
Episode: 38: [[0.19882412 0.20632944 0.2053464  0.20198658 0.19690949]] 
Episode: 39: [[0.19883056 0.206334   0.20533952 0.20197581 0.19689895]] 
Episode: 40: [[0.19883655 0.20633335 0.20533194 0.20196989 0.19689406]] 
Episode: 41: [[0.19884974 0.20633167 0.20531905 0.20195836 0.19688377]] 
Episode: 42: [[0.19886434 0.20633121 0.20530501 0.2019449  0.1968715 ]] 
Episode: 43: [[0.19887498 0.2063369  0.20529518 0.20193022 0.19685726]] 
Episode: 44: [[0.19888741 0.20634228 0.2052837  0.20191443 0.19684201]] 
Episode: 45: [[0.19890167 0.20634662 0.20527078 0.20189787 0.19682613]] 
Episode: 46: [[0.19891478 0.20635185 0.20525858 0.20188184 0.19681066]] 
Episode: 47: [[0.19892965 0.206357   0.20524481 0.20186445 0.19679396]] 
Episode: 48: [[0.19894016 0.20635432 0.20523429 0.20185742 0.19678792]] 
Episode: 49: [[0.19894722 0.2063521  0.20522717 0.20185277 0.19678402]] 
Episode: 50: [[0.19895601 0.2063493  0.20521848 0.20184717 0.19677931]] 
Episode: 51: [[0.19896422 0.20634772 0.20521025 0.20184124 0.19677417]] 
Episode: 52: [[0.1989725  0.20634939 0.20520198 0.201833   0.19676659]] 
Episode: 53: [[0.19898155 0.206353   0.20519285 0.20182279 0.1967571 ]] 
Episode: 54: [[0.19898574 0.20635104 0.20518903 0.20182033 0.1967554 ]] 
Episode: 55: [[0.19898826 0.20635289 0.20518604 0.20181668 0.1967522 ]] 
Episode: 56: [[0.19899198 0.20635353 0.20518169 0.201813   0.19674927]] 
Episode: 57: [[0.19899713 0.20635444 0.20517612 0.20180805 0.19674511]] 
Episode: 58: [[0.19900161 0.20635584 0.20517112 0.20180333 0.19674106]] 
Episode: 59: [[0.1990057  0.20635797 0.2051658  0.20179857 0.196737  ]] 
Episode: 60: [[0.1990096  0.20635657 0.2051605  0.20179652 0.19673595]] 
Episode: 61: [[0.19900814 0.20635867 0.20516276 0.2017955  0.19673494]] 
Episode: 62: [[0.19900586 0.20636289 0.20516524 0.20179375 0.19673304]] 
Episode: 63: [[0.19900382 0.2063676  0.20516725 0.20179152 0.19673067]] 
Episode: 64: [[0.19901074 0.20637211 0.20516159 0.20178238 0.1967218 ]] 
Episode: 65: [[0.19902034 0.20637766 0.20515318 0.20177053 0.19671035]] 
Episode: 66: [[0.19902864 0.20638019 0.20514609 0.20176177 0.19670215]] 
Episode: 67: [[0.19903962 0.2063809  0.20513698 0.20175196 0.19669308]] 
Episode: 68: [[0.19905032 0.2063798  0.20512858 0.20174341 0.19668552]] 
Episode: 69: [[0.1990657  0.20637214 0.20511447 0.20173566 0.19668005]] 
Episode: 70: [[0.1990806  0.20636696 0.20510022 0.20172675 0.19667323]] 
Episode: 71: [[0.19909997 0.2063643  0.20508194 0.20171236 0.19666088]] 
Episode: 72: [[0.19911614 0.20635994 0.20506914 0.20170136 0.1966512 ]] 
Episode: 73: [[0.199134   0.20635624 0.20505485 0.20168847 0.19663963]] 
Episode: 74: [[0.19915077 0.20635216 0.20504227 0.20167647 0.196629  ]] 
Episode: 75: [[0.1991644  0.20635086 0.20503186 0.20166513 0.19661908]] 
Episode: 76: [[0.19917974 0.20634902 0.20501962 0.20165275 0.19660832]] 
Episode: 77: [[0.19919483 0.20634617 0.20500712 0.20164138 0.1965987 ]] 
Episode: 78: [[0.19921052 0.20634334 0.20499353 0.20162961 0.1965888 ]] 
Episode: 79: [[0.19922194 0.20634517 0.20498393 0.20161813 0.19657855]] 
Episode: 80: [[0.19922426 0.20634677 0.20498247 0.20161465 0.19657545]] 
Episode: 81: [[0.19922286 0.2063516  0.20498414 0.20161223 0.19657291]] 
Episode: 82: [[0.19922012 0.20635591 0.20498703 0.20161135 0.19657183]] 
Episode: 83: [[0.1992139  0.2063608  0.20499301 0.20161314 0.19657314]] 
Episode: 84: [[0.19920936 0.2063689  0.20499693 0.20161138 0.1965709 ]] 
Episode: 85: [[0.19920523 0.20637234 0.20500152 0.20161213 0.19657141]] 
Episode: 86: [[0.1991963  0.20638157 0.20501024 0.2016131  0.19657138]] 
Episode: 87: [[0.19918698 0.20639259 0.20501918 0.20161314 0.19657032]] 
Episode: 88: [[0.19918774 0.20640242 0.20501599 0.2016027  0.19655943]] 
Episode: 89: [[0.19918388 0.2063981  0.20501886 0.20160553 0.19656207]] 
Episode: 90: [[0.19917598 0.20639308 0.20502602 0.20161216 0.19656824]] 
Episode: 91: [[0.19916952 0.2063903  0.20503153 0.20161654 0.19657215]] 
Episode: 92: [[0.19916475 0.20638956 0.20503527 0.20161857 0.19657373]] 
Episode: 93: [[0.19916071 0.20639387 0.20503782 0.201617   0.19657151]] 
Episode: 94: [[0.1991577  0.20639701 0.20503937 0.20161565 0.19656968]] 
Episode: 95: [[0.19915418 0.20639482 0.20504215 0.20161831 0.19657193]] 
Episode: 96: [[0.19915192 0.20639499 0.20504376 0.20161855 0.19657183]] 
Episode: 97: [[0.19915062 0.20639604 0.20504472 0.20161746 0.19657053]] 
Episode: 98: [[0.19914904 0.20640124 0.2050454  0.20161405 0.1965667 ]] 
Episode: 99: [[0.19914803 0.20640738 0.20504534 0.20160978 0.19656199]] 
Episode: 100: [[0.19914815 0.20641321 0.20504437 0.20160492 0.19655679]] 
Episode: 101: [[0.1991528  0.206416   0.20504022 0.20159833 0.19655053]] 
Episode: 102: [[0.19915825 0.20641895 0.20503521 0.20159116 0.1965437 ]] 
Episode: 103: [[0.19916481 0.20642166 0.20502925 0.20158339 0.19653629]] 
Episode: 104: [[0.19917127 0.20642433 0.2050228  0.20157589 0.19652933]] 
Episode: 105: [[0.19917479 0.20642765 0.20501956 0.20157023 0.19652377]] 
Episode: 106: [[0.19917767 0.20643315 0.20501643 0.20156376 0.19651729]] 
Episode: 107: [[0.19918086 0.20643388 0.20501377 0.20156011 0.19651395]] 
Episode: 108: [[0.19918384 0.20643799 0.20501037 0.20155461 0.19650862]] 
Episode: 109: [[0.19918701 0.2064424  0.2050067  0.20154883 0.19650301]] 
Episode: 110: [[0.1991871  0.20644689 0.20500548 0.2015455  0.1964997 ]] 
Episode: 111: [[0.19918057 0.20644397 0.20501173 0.20155193 0.19650592]] 
Episode: 112: [[0.19917578 0.20643878 0.20501682 0.20155846 0.19651254]] 
Episode: 113: [[0.19917186 0.20643674 0.20502087 0.20156227 0.19651635]] 
Episode: 114: [[0.19916674 0.20643663 0.20502597 0.2015657  0.19651963]] 
Episode: 115: [[0.19916251 0.20644018 0.20502932 0.20156617 0.19652002]] 
Episode: 116: [[0.1991553  0.2064447  0.20503691 0.20156798 0.19652116]] 
Episode: 117: [[0.19914286 0.20645387 0.20504767 0.20157108 0.19652317]] 
Episode: 118: [[0.19913426 0.2064648  0.20505452 0.20157012 0.19652137]] 
Episode: 119: [[0.1991185  0.20647363 0.20506874 0.20157623 0.19652611]] 
Episode: 120: [[0.19910453 0.20648561 0.20508084 0.20157893 0.19652736]] 
Episode: 121: [[0.19908686 0.20649838 0.20509616 0.20158416 0.19653091]] 
Episode: 122: [[0.19907168 0.20651168 0.20510864 0.20158719 0.19653255]] 
Episode: 123: [[0.1990598  0.20652318 0.20511784 0.20158891 0.19653325]] 
Episode: 124: [[0.19905072 0.2065348  0.20512441 0.20158844 0.19653186]] 
Episode: 125: [[0.19904199 0.20655136 0.20512977 0.20158444 0.19652678]] 
Episode: 126: [[0.19903684 0.20656754 0.205132   0.20157796 0.19651942]] 
Episode: 127: [[0.19903797 0.20658162 0.20512927 0.201568   0.19650884]] 
Episode: 128: [[0.19903481 0.20659459 0.20513193 0.20156184 0.19650163]] 
Episode: 129: [[0.19902578 0.20659861 0.20513998 0.20156614 0.19650505]] 
Episode: 130: [[0.19902024 0.20660117 0.20514485 0.20156878 0.19650708]] 
Episode: 131: [[0.19901612 0.20660356 0.20514944 0.20157014 0.19650792]] 
Episode: 132: [[0.19901016 0.20660825 0.20515493 0.20157158 0.1965087 ]] 
Episode: 133: [[0.1990044  0.20661427 0.20515978 0.20157212 0.19650856]] 
Episode: 134: [[0.198999   0.20661393 0.20516643 0.20157604 0.1965119 ]] 
Episode: 135: [[0.19899207 0.20661378 0.20517421 0.20158105 0.19651632]] 
Episode: 136: [[0.19898446 0.20661327 0.20518203 0.20158689 0.19652176]] 
Episode: 137: [[0.19897515 0.20660976 0.20519191 0.20159581 0.1965304 ]] 
Episode: 138: [[0.19896707 0.20661037 0.20520005 0.20160122 0.1965354 ]] 
Episode: 139: [[0.19895817 0.20661275 0.2052083  0.20160623 0.1965399 ]] 
Episode: 140: [[0.19894627 0.20661639 0.2052185  0.2016129  0.19654597]] 
Episode: 141: [[0.19893014 0.20662586 0.20523022 0.20161957 0.19655171]] 
Episode: 142: [[0.19891407 0.20663393 0.20524319 0.20162696 0.19655792]] 
Episode: 143: [[0.19890049 0.20664495 0.20525149 0.20163086 0.196561  ]] 
Episode: 144: [[0.19888654 0.20665736 0.20526005 0.20163415 0.1965633 ]] 
Episode: 145: [[0.19887386 0.20667015 0.20526785 0.20163606 0.19656433]] 
Episode: 146: [[0.19885708 0.20667954 0.20528208 0.20164302 0.1965697 ]] 
Episode: 147: [[0.19884077 0.20669013 0.20529582 0.20164883 0.19657385]] 
Episode: 148: [[0.19882646 0.20670192 0.20530821 0.20165211 0.19657554]] 
Episode: 149: [[0.19881397 0.20671348 0.20531888 0.20165415 0.1965761 ]] 
Episode: 150: [[0.19879588 0.20672111 0.20533523 0.20166309 0.19658348]] 
Episode: 151: [[0.19878006 0.20672594 0.20535037 0.2016719  0.196591  ]] 
Episode: 152: [[0.19876365 0.2067281  0.20536631 0.2016827  0.19660087]] 
Episode: 153: [[0.19875222 0.20673162 0.20537762 0.20168887 0.19660619]] 
Episode: 154: [[0.19874446 0.20673694 0.20538521 0.20169118 0.19660771]] 
Episode: 155: [[0.19873513 0.20674264 0.20539373 0.2016945  0.19661032]] 
Episode: 156: [[0.19872162 0.20674874 0.20540547 0.201701   0.19661596]] 
Episode: 157: [[0.19870703 0.20675875 0.20541702 0.20170602 0.19661993]] 
Episode: 158: [[0.19869375 0.20676929 0.2054268  0.20170984 0.19662277]] 
Episode: 159: [[0.19867964 0.20677811 0.2054374  0.2017153  0.19662757]] 
Episode: 160: [[0.19866636 0.20678654 0.2054472  0.2017204  0.19663206]] 
Episode: 161: [[0.19865559 0.20679596 0.2054544  0.20172298 0.1966341 ]] 
Episode: 162: [[0.19864398 0.20680559 0.2054619  0.2017262  0.19663678]] 
Episode: 163: [[0.19863631 0.20681411 0.20546614 0.20172705 0.19663732]] 
Episode: 164: [[0.19862731 0.20682226 0.20547196 0.20172903 0.19663903]] 
Episode: 165: [[0.19861875 0.20683037 0.2054776  0.20173055 0.19664045]] 
Episode: 166: [[0.19860691 0.20683667 0.20548883 0.20173527 0.19664453]] 
Episode: 167: [[0.19859654 0.20684274 0.2054982  0.20173912 0.19664794]] 
Episode: 168: [[0.19858131 0.20685044 0.20551212 0.20174575 0.19665377]] 
Episode: 169: [[0.1985681  0.20685957 0.2055236  0.20175003 0.19665726]] 
Episode: 170: [[0.19855224 0.20686914 0.2055376  0.20175616 0.1966624 ]] 
Episode: 171: [[0.19853793 0.20688057 0.20554972 0.20175998 0.19666515]] 
Episode: 172: [[0.19852404 0.20689315 0.20556094 0.20176281 0.19666697]] 
Episode: 173: [[0.1985043  0.20689547 0.20558046 0.20177604 0.19667885]] 
Episode: 174: [[0.1984783  0.20689765 0.20560984 0.20179792 0.19669837]] 
Episode: 175: [[0.19845252 0.20689726 0.20563936 0.2018206  0.19671884]] 
Episode: 176: [[0.19843157 0.20689678 0.2056642  0.20183937 0.19673567]] 
Episode: 177: [[0.1984121  0.20689934 0.20568644 0.20185506 0.1967494 ]] 
Episode: 178: [[0.19839199 0.20690316 0.20570843 0.2018703  0.19676277]] 
Episode: 179: [[0.19837373 0.20690818 0.20572819 0.20188321 0.19677386]] 
Episode: 180: [[0.1983569  0.20691793 0.20574483 0.20189218 0.19678098]] 
Episode: 181: [[0.19834271 0.20692872 0.20575845 0.2018984  0.19678546]] 
Episode: 182: [[0.19833076 0.20694211 0.20576926 0.20190123 0.1967866 ]] 
Episode: 183: [[0.1983198  0.20695664 0.20577869 0.20190248 0.19678618]] 
Episode: 184: [[0.19831878 0.20696802 0.20577905 0.2018968  0.19677927]] 
Episode: 185: [[0.19831622 0.20697363 0.20578027 0.20189594 0.19677767]] 
Episode: 186: [[0.19831577 0.20697519 0.20578013 0.20189576 0.19677718]] 
Episode: 187: [[0.19831449 0.2069792  0.20577997 0.20189485 0.19677587]] 
Episode: 188: [[0.19831318 0.2069829  0.20577963 0.20189416 0.19677487]] 
Episode: 189: [[0.19831255 0.2069872  0.20577888 0.20189252 0.19677287]] 
Episode: 190: [[0.1983129  0.206991   0.20577747 0.20189041 0.19677046]] 
Episode: 191: [[0.19831146 0.20699467 0.20577769 0.20188965 0.1967694 ]] 
Episode: 192: [[0.19831274 0.20699961 0.20577523 0.2018861  0.1967656 ]] 
Episode: 193: [[0.19831344 0.20700705 0.20577292 0.20188153 0.1967606 ]] 
Episode: 194: [[0.19831473 0.20701428 0.20576987 0.20187669 0.19675542]] 
Episode: 195: [[0.19831735 0.2070237  0.2057641  0.20186982 0.19674835]] 
Episode: 196: [[0.19831099 0.20703954 0.20578112 0.20187962 0.19675575]] 
Episode: 197: [[0.1983048  0.20705673 0.20579642 0.20188716 0.19676092]] 
Episode: 198: [[0.19830135 0.20707493 0.20580791 0.20189106 0.19676259]] 
Episode: 199: [[0.19829892 0.20709184 0.20581752 0.20189373 0.19676352]] 
Episode: 200: [[0.1982992  0.20710815 0.20582426 0.20189373 0.19676203]] 
Episode: 201: [[0.19829229 0.20712115 0.2058348  0.20190006 0.19676721]] 
Episode: 202: [[0.19828163 0.20713316 0.20584725 0.20190887 0.19677503]] 
Episode: 203: [[0.19827577 0.20714338 0.20585592 0.20191443 0.19677973]] 
Episode: 204: [[0.19826783 0.20715454 0.20586495 0.20192045 0.19678493]] 
Episode: 205: [[0.19826481 0.20716196 0.20587054 0.20192428 0.19678818]] 
Episode: 206: [[0.19826283 0.20716883 0.2058748  0.20192714 0.19679056]] 
Episode: 207: [[0.19826162 0.20717573 0.20587805 0.20192884 0.19679202]] 
Episode: 208: [[0.198269   0.20718174 0.20587435 0.20192389 0.19678688]] 
Episode: 209: [[0.19827616 0.20718613 0.20587078 0.20191956 0.19678251]] 
Episode: 210: [[0.19828212 0.2071905  0.20586787 0.2019158  0.19677871]] 
Episode: 211: [[0.19828594 0.20719603 0.20586593 0.20191278 0.19677559]] 
Episode: 212: [[0.19829182 0.20720294 0.20586203 0.20190726 0.19676988]] 
Episode: 213: [[0.19830011 0.2072109  0.20585555 0.20189926 0.1967618 ]] 
Episode: 214: [[0.1983051  0.20721586 0.20585218 0.20189491 0.19675756]] 
Episode: 215: [[0.19831006 0.20722233 0.20584832 0.20188963 0.1967523 ]] 
Episode: 216: [[0.19831602 0.20722838 0.20584373 0.20188367 0.19674633]] 
Episode: 217: [[0.19832082 0.20723358 0.20584011 0.20187882 0.19674155]] 
Episode: 218: [[0.19832076 0.20724082 0.20583932 0.2018764  0.19673908]] 
Episode: 219: [[0.19832325 0.2072488  0.20583668 0.20187156 0.19673407]] 
Episode: 220: [[0.19832641 0.20725471 0.20583372 0.20186716 0.19672972]] 
Episode: 221: [[0.19833072 0.20725977 0.2058301  0.20186216 0.1967249 ]] 
Episode: 222: [[0.19833176 0.20726171 0.20582952 0.20186111 0.1967241 ]] 
Episode: 223: [[0.19832754 0.2072641  0.20583346 0.20186359 0.19672635]] 
Episode: 224: [[0.19832128 0.20726371 0.2058392  0.20186906 0.19673158]] 
Episode: 225: [[0.1983119  0.20726813 0.20584612 0.20187436 0.19673641]] 
Episode: 226: [[0.19830605 0.207274   0.20584999 0.20187624 0.1967378 ]] 
Episode: 227: [[0.19830666 0.2072801  0.20584905 0.20187317 0.19673422]] 
Episode: 228: [[0.19830771 0.20729105 0.2058467  0.20186724 0.19672756]] 
Episode: 229: [[0.19831114 0.20730478 0.20584172 0.20185812 0.19671765]] 
Episode: 230: [[0.19832036 0.20731446 0.2058333  0.20184664 0.1967056 ]] 
Episode: 231: [[0.19832717 0.20732234 0.20582554 0.20183814 0.19669706]] 
Episode: 232: [[0.19832486 0.2073312  0.20582528 0.20183608 0.19669455]] 
Episode: 233: [[0.1983216  0.20734031 0.2058269  0.20183416 0.1966921 ]] 
Episode: 234: [[0.19832115 0.20735152 0.20582554 0.20182908 0.19668654]] 
Episode: 235: [[0.19831252 0.2073589  0.20583631 0.20183519 0.19669127]] 
Episode: 236: [[0.19830537 0.20736857 0.20584482 0.20183876 0.1966935 ]] 
Episode: 237: [[0.19829464 0.20736839 0.20585752 0.20184952 0.19670323]] 
Episode: 238: [[0.19828422 0.20736238 0.20587118 0.20186251 0.19671549]] 
Episode: 239: [[0.19827673 0.2073572  0.20588222 0.20187269 0.19672497]] 
Episode: 240: [[0.19826195 0.20734613 0.20590667 0.20189573 0.19674638]] 
Episode: 241: [[0.19825043 0.20732906 0.2059278  0.20191889 0.19676875]] 
Episode: 242: [[0.19824298 0.20731159 0.20594494 0.20193872 0.19678816]] 
Episode: 243: [[0.1982379  0.20729648 0.20595922 0.2019551  0.1968041 ]] 
Episode: 244: [[0.1982336  0.2072872  0.20597044 0.2019677  0.19681622]] 
Episode: 245: [[0.19822952 0.20727594 0.20598066 0.20198072 0.19682923]] 
Episode: 246: [[0.19822042 0.20725521 0.20599557 0.20200132 0.19685048]] 
Episode: 247: [[0.19821106 0.20723091 0.20601133 0.2020235  0.19687326]] 
Episode: 248: [[0.19820209 0.20721154 0.20602545 0.20204262 0.19689278]] 
Episode: 249: [[0.19819154 0.2071935  0.2060407  0.20206174 0.19691205]] 
Episode: 250: [[0.19818304 0.20717467 0.20605373 0.20207961 0.19693042]] 
Episode: 251: [[0.19817533 0.20715788 0.20606546 0.20209561 0.19694701]] 
Episode: 252: [[0.19816801 0.20714012 0.20607673 0.20211162 0.19696368]] 
Episode: 253: [[0.19816472 0.20712379 0.20608476 0.20212388 0.1969765 ]] 
Episode: 254: [[0.19816208 0.20711248 0.20609084 0.20213309 0.19698608]] 
Episode: 255: [[0.19815698 0.20710494 0.20609768 0.20214199 0.19699518]] 
Episode: 256: [[0.19815242 0.20710033 0.20610324 0.20214893 0.19700225]] 
Episode: 257: [[0.19814819 0.20709714 0.20610802 0.2021548  0.19700827]] 
Episode: 258: [[0.19814542 0.20709217 0.20611218 0.20216033 0.19701408]] 
Episode: 259: [[0.198137   0.20709263 0.20611939 0.20216697 0.19702065]] 
Episode: 260: [[0.19813153 0.2070921  0.20612451 0.20217195 0.19702564]] 
Episode: 261: [[0.19812717 0.20709115 0.2061289  0.20217623 0.19703004]] 
Episode: 262: [[0.19812527 0.20709133 0.20613119 0.20217815 0.19703199]] 
Episode: 263: [[0.19812249 0.20709452 0.20613334 0.20217913 0.19703288]] 
Episode: 264: [[0.19811998 0.20709744 0.2061345  0.20218018 0.19703399]] 
Episode: 265: [[0.1981126  0.20710365 0.20613803 0.20218305 0.19703682]] 
Episode: 266: [[0.19810702 0.20711291 0.20613955 0.2021831  0.19703667]] 
Episode: 267: [[0.19810146 0.2071239  0.20614043 0.20218225 0.19703555]] 
Episode: 268: [[0.19809707 0.20713319 0.20614095 0.20218125 0.19703454]] 
Episode: 269: [[0.19809628 0.20714124 0.20613924 0.2021783  0.19703156]] 
Episode: 270: [[0.19809261 0.20715334 0.20613888 0.20217523 0.19702823]] 
Episode: 271: [[0.19808356 0.20716584 0.20614319 0.20217572 0.19702795]] 
Episode: 272: [[0.19806948 0.20717642 0.20615222 0.20218073 0.19703193]] 
Episode: 273: [[0.19805777 0.20718774 0.20615919 0.20218368 0.19703385]] 
Episode: 274: [[0.1980412  0.2072013  0.20616908 0.20218907 0.19703814]] 
Episode: 275: [[0.19802466 0.20720969 0.20618059 0.20219676 0.19704501]] 
Episode: 276: [[0.19800875 0.20721632 0.20619202 0.20220476 0.19705245]] 
Episode: 277: [[0.19798788 0.20721881 0.20620893 0.20221817 0.19706526]] 
Episode: 278: [[0.19796248 0.20723054 0.20622632 0.20223054 0.19707677]] 
Episode: 279: [[0.19794199 0.20724218 0.2062398  0.20223942 0.19708492]] 
Episode: 280: [[0.19792217 0.20725165 0.20625399 0.20224865 0.19709352]] 
Episode: 281: [[0.1979053  0.207263   0.20626536 0.20225477 0.19709904]] 
Episode: 282: [[0.1978841  0.20728068 0.20627832 0.20226094 0.19710425]] 
Episode: 283: [[0.1978672  0.20729676 0.20628834 0.20226482 0.19710726]] 
Episode: 284: [[0.19785015 0.20731424 0.20629936 0.20226769 0.19710909]] 
Episode: 285: [[0.19783737 0.20733103 0.2063071  0.20226787 0.19710831]] 
Episode: 286: [[0.19782653 0.20734772 0.20631333 0.20226666 0.19710621]] 
Episode: 287: [[0.1978181  0.20736472 0.2063174  0.2022636  0.19710232]] 
Episode: 288: [[0.1978144  0.20737919 0.20631841 0.20225842 0.19709644]] 
Episode: 289: [[0.19780974 0.20739534 0.20631944 0.20225313 0.19709046]] 
Episode: 290: [[0.197807   0.20741089 0.20631894 0.2022468  0.19708352]] 
Episode: 291: [[0.19780344 0.20742545 0.20631926 0.20224158 0.1970777 ]] 
Episode: 292: [[0.19779308 0.2074503  0.20632003 0.20223635 0.19707157]] 
Episode: 293: [[0.19778024 0.20747335 0.20632379 0.2022337  0.19706811]] 
Episode: 294: [[0.19777025 0.20749487 0.20632601 0.20222953 0.19706345]] 
Episode: 295: [[0.1977619  0.20751618 0.20632659 0.2022243  0.19705796]] 
Episode: 296: [[0.1977545  0.20753764 0.20632796 0.20221795 0.19705088]] 
Episode: 297: [[0.19774136 0.20755906 0.20633385 0.20221603 0.19704805]] 
Episode: 298: [[0.19773045 0.20757976 0.20633818 0.20221284 0.19704396]] 
Episode: 299: [[0.19772065 0.20760041 0.2063415  0.20220886 0.19703914]] 
Episode: 300: [[0.19770439 0.20762305 0.20634864 0.20220894 0.19703843]] 
Episode: 301: [[0.19768998 0.20764461 0.20635465 0.2022082  0.1970369 ]] 
Episode: 302: [[0.19767776 0.20766494 0.20635913 0.20220652 0.1970345 ]] 
Episode: 303: [[0.19767    0.20768501 0.20636037 0.2022016  0.19702888]] 
Episode: 304: [[0.19766352 0.20770289 0.2063609  0.20219693 0.19702367]] 
Episode: 305: [[0.19765961 0.20772019 0.20635964 0.20219062 0.19701685]] 
Episode: 306: [[0.19764817 0.20773433 0.20636937 0.2021916  0.19701627]] 
Episode: 307: [[0.19763012 0.20775194 0.20638765 0.20219897 0.19702128]] 
Episode: 308: [[0.19761628 0.20776941 0.20640203 0.20220293 0.197023  ]] 
Episode: 309: [[0.19760875 0.20778508 0.20641124 0.20220283 0.19702087]] 
Episode: 310: [[0.19760293 0.20779933 0.20641877 0.20220195 0.19701816]] 
Episode: 311: [[0.19759871 0.20781358 0.20642409 0.2021997  0.19701433]] 
Episode: 312: [[0.19759172 0.20782636 0.20643161 0.2022001  0.19701318]] 
Episode: 313: [[0.19757974 0.20783886 0.20644248 0.20220436 0.19701596]] 
Episode: 314: [[0.19757612 0.2078483  0.20644727 0.2022037  0.19701399]] 
Episode: 315: [[0.19757374 0.20785792 0.20645075 0.20220184 0.19701087]] 
Episode: 316: [[0.19756785 0.20786831 0.2064565  0.20220214 0.19700989]] 
Episode: 317: [[0.19756237 0.20787922 0.20646177 0.20220149 0.19700833]] 
Episode: 318: [[0.19755709 0.20789056 0.20646654 0.20220034 0.19700626]] 
Episode: 319: [[0.19754547 0.20789364 0.20647724 0.20220837 0.19701381]] 
Episode: 320: [[0.19753031 0.20789647 0.2064916  0.20221892 0.19702366]] 
Episode: 321: [[0.1975178  0.20790362 0.2065031  0.20222506 0.19702883]] 
Episode: 322: [[0.19750749 0.20791133 0.2065123  0.20222923 0.19703208]] 
Episode: 323: [[0.19749492 0.20791437 0.20652513 0.20223722 0.19703911]] 
Episode: 324: [[0.1974881  0.20791613 0.20653355 0.20224151 0.19704255]] 
Episode: 325: [[0.19748966 0.20791559 0.20653442 0.2022394  0.19703975]] 
Episode: 326: [[0.19748579 0.20791581 0.20653974 0.20224112 0.19704054]] 
Episode: 327: [[0.19748218 0.2079193  0.20654392 0.2022411  0.19703948]] 
Episode: 328: [[0.1974792  0.20791987 0.20654574 0.20224282 0.19704078]] 
Episode: 329: [[0.19747661 0.20791906 0.2065476  0.20224483 0.19704273]] 
Episode: 330: [[0.1974762  0.2079184  0.20654793 0.2022451  0.1970429 ]] 
Episode: 331: [[0.19747151 0.20791972 0.2065544  0.2022469  0.19704375]] 
Episode: 332: [[0.19746894 0.20792224 0.20655875 0.20224656 0.19704247]] 
Episode: 333: [[0.19746675 0.20792565 0.20656213 0.20224562 0.19704065]] 
Episode: 334: [[0.19746639 0.20792918 0.20656371 0.20224333 0.19703756]] 
Episode: 335: [[0.19746484 0.20793787 0.20656513 0.20223935 0.1970325 ]] 
Episode: 336: [[0.19746178 0.20794962 0.20656705 0.20223497 0.19702688]] 
Episode: 337: [[0.19745773 0.20796116 0.20656992 0.20223136 0.19702221]] 
Episode: 338: [[0.19745627 0.20797138 0.20657083 0.20222652 0.19701643]] 
Episode: 339: [[0.1974527  0.20797944 0.20657475 0.20222412 0.1970132 ]] 
Episode: 340: [[0.19744995 0.20798877 0.20657757 0.20222048 0.19700868]] 
Episode: 341: [[0.19744664 0.20799789 0.20658182 0.20221716 0.19700433]] 
Episode: 342: [[0.19744205 0.20801263 0.20658596 0.20221186 0.19699766]] 
Episode: 343: [[0.19743729 0.20802607 0.20659007 0.2022074  0.19699217]] 
Episode: 344: [[0.19743083 0.20803465 0.2065956  0.20220703 0.19699118]] 
Episode: 345: [[0.19742377 0.20804451 0.20660111 0.2022065  0.19699001]] 
Episode: 346: [[0.19741972 0.20805377 0.20660433 0.20220406 0.19698694]] 
Episode: 347: [[0.19741629 0.2080654  0.20660642 0.20219995 0.19698207]] 
Episode: 348: [[0.19742098 0.20806345 0.20660174 0.20219658 0.19697969]] 
Episode: 349: [[0.19742508 0.20805655 0.20659712 0.20219673 0.1969815 ]] 
Episode: 350: [[0.19742969 0.20805268 0.20659173 0.2021949  0.19698109]] 
Episode: 351: [[0.19743887 0.20804656 0.20658304 0.20219064 0.19697878]] 
Episode: 352: [[0.19745368 0.20803893 0.20657028 0.20218286 0.1969729 ]] 
Episode: 353: [[0.19746673 0.2080325  0.20655844 0.20217593 0.19696781]] 
Episode: 354: [[0.19747528 0.20802887 0.20655325 0.20217006 0.19696295]] 
Episode: 355: [[0.19748372 0.20802811 0.20654787 0.20216276 0.19695634]] 
Episode: 356: [[0.19749138 0.20802979 0.20654246 0.20215486 0.19694896]] 
Episode: 357: [[0.19750586 0.20802933 0.20653033 0.20214081 0.19693542]] 
Episode: 358: [[0.19751944 0.20802858 0.20651886 0.20212786 0.19692318]] 
Episode: 359: [[0.19753206 0.20802568 0.20650917 0.20211689 0.19691299]] 
Episode: 360: [[0.19754662 0.20801993 0.20649803 0.20210606 0.19690366]] 
Episode: 361: [[0.197552   0.20802741 0.20649497 0.20209956 0.1968977 ]] 
Episode: 362: [[0.19755147 0.20803677 0.20649642 0.2020964  0.1968947 ]] 
Episode: 363: [[0.1975478  0.20804778 0.20649977 0.20209467 0.19689293]] 
Episode: 364: [[0.19753861 0.20806265 0.20650588 0.2020952  0.19689326]] 
Episode: 365: [[0.1975339  0.20807533 0.20650938 0.20209283 0.19689107]] 
Episode: 366: [[0.19753717 0.20808487 0.2065063  0.20208494 0.1968834 ]] 
Episode: 367: [[0.19753782 0.20809829 0.20650442 0.20207699 0.19687529]] 
Episode: 368: [[0.197531   0.20810391 0.20651159 0.20208095 0.19687927]] 
Episode: 369: [[0.19752128 0.20811456 0.20651942 0.20208439 0.19688241]] 
Episode: 370: [[0.19751333 0.20812468 0.20652582 0.20208657 0.19688427]] 
Episode: 371: [[0.19750625 0.2081376  0.20653051 0.2020864  0.19688365]] 
Episode: 372: [[0.19750014 0.20814657 0.20653544 0.20208739 0.19688432]] 
Episode: 373: [[0.19749361 0.20815171 0.20654172 0.20209055 0.19688736]] 
Episode: 374: [[0.19748904 0.20815387 0.2065471  0.20209359 0.19689047]] 
Episode: 375: [[0.19749236 0.20815462 0.20654522 0.20208977 0.1968867 ]] 
Episode: 376: [[0.19749647 0.2081554  0.20654345 0.20208512 0.19688202]] 
Episode: 377: [[0.19749278 0.20816001 0.20655002 0.20208651 0.19688262]] 
Episode: 378: [[0.19749263 0.2081654  0.20655334 0.20208451 0.19687979]] 
Episode: 379: [[0.19749182 0.20816986 0.20655705 0.20208335 0.19687805]] 
Episode: 380: [[0.19748992 0.20817554 0.20656092 0.20208237 0.19687644]] 
Episode: 381: [[0.19748864 0.20818704 0.2065624  0.20207773 0.19687094]] 
Episode: 382: [[0.1974859  0.20820299 0.20656337 0.20207186 0.19686405]] 
Episode: 383: [[0.1974846  0.20821664 0.20656347 0.20206602 0.19685733]] 
Episode: 384: [[0.19748318 0.20823042 0.20656355 0.2020601  0.19685055]] 
Episode: 385: [[0.19747786 0.20824288 0.20656674 0.20205791 0.19684781]] 
Episode: 386: [[0.1974734  0.2082567  0.2065686  0.20205429 0.19684356]] 
Episode: 387: [[0.19747025 0.2082707  0.2065691  0.20204955 0.19683821]] 
Episode: 388: [[0.19746381 0.2082864  0.20656975 0.2020469  0.19683541]] 
Episode: 389: [[0.19745839 0.20830329 0.2065697  0.20204262 0.19683082]] 
Episode: 390: [[0.19745752 0.2083193  0.20656656 0.20203507 0.19682287]] 
Episode: 391: [[0.19745812 0.20832217 0.20656367 0.20203379 0.19682224]] 
Episode: 392: [[0.19746016 0.2083263  0.20655996 0.20203048 0.19681934]] 
Episode: 393: [[0.19746248 0.2083289  0.20655753 0.20202723 0.19681673]] 
Episode: 394: [[0.19746655 0.20833312 0.20655353 0.20202166 0.19681159]] 
Episode: 395: [[0.19747026 0.20833766 0.20654912 0.20201625 0.19680682]] 
Episode: 396: [[0.19747443 0.20834562 0.20654383 0.2020085  0.19679947]] 
Episode: 397: [[0.19748023 0.20835206 0.20653711 0.20200032 0.19679202]] 
Episode: 398: [[0.19748732 0.20835756 0.20653033 0.20199132 0.1967838 ]] 
Episode: 399: [[0.19749539 0.2083637  0.20652255 0.20198125 0.19677436]] 
Episode: 400: [[0.19749513 0.20836578 0.20652996 0.20198517 0.19677763]] 
Episode: 401: [[0.19749387 0.20836902 0.2065371  0.20198888 0.19678053]] 
Episode: 402: [[0.19748868 0.20837186 0.20654695 0.20199536 0.19678621]] 
Episode: 403: [[0.19748402 0.2083751  0.20655553 0.20200087 0.19679101]] 
Episode: 404: [[0.19748211 0.2083813  0.20656087 0.2020022  0.19679154]] 
Episode: 405: [[0.197473   0.20838101 0.20657277 0.20201352 0.19680254]] 
Episode: 406: [[0.1974692  0.20838101 0.20658025 0.20202012 0.19680877]] 
Episode: 407: [[0.1974674  0.20838127 0.20658563 0.20202468 0.19681299]] 
Episode: 408: [[0.19747314 0.20838039 0.20657682 0.2020148  0.19680263]] 
Episode: 409: [[0.19747557 0.2083809  0.20657212 0.20200688 0.19679406]] 
Episode: 410: [[0.19747749 0.2083868  0.20656699 0.20199712 0.19678344]] 
Episode: 411: [[0.1974865  0.20838921 0.20655468 0.20198107 0.19676667]] 
Episode: 412: [[0.19749436 0.2083921  0.20654346 0.20196648 0.19675146]] 
Episode: 413: [[0.19750865 0.20839117 0.20652531 0.20194604 0.19673055]] 
Episode: 414: [[0.1975199  0.20839235 0.20650996 0.20192777 0.19671172]] 
Episode: 415: [[0.19753103 0.20839301 0.2064953  0.20191076 0.19669431]] 
Episode: 416: [[0.19753814 0.20839243 0.20648566 0.20189805 0.19668092]] 
Episode: 417: [[0.19754253 0.2083904  0.2064805  0.20188837 0.19667049]] 
Episode: 418: [[0.19754654 0.20839112 0.20647585 0.20187816 0.19665942]] 
Episode: 419: [[0.19755045 0.20839341 0.20647088 0.20186794 0.19664837]] 
Episode: 420: [[0.19755483 0.20838335 0.20647211 0.20187098 0.19665156]] 
Episode: 421: [[0.19755815 0.20837589 0.2064735  0.20187329 0.19665396]] 
Episode: 422: [[0.19756302 0.2083704  0.20647307 0.20187335 0.19665407]] 
Episode: 423: [[0.19756347 0.20835406 0.20647846 0.20188217 0.19666326]] 
Episode: 424: [[0.19755745 0.20834285 0.20648687 0.20189315 0.19667451]] 
Episode: 425: [[0.19755217 0.20833409 0.20649415 0.20190224 0.19668373]] 
Episode: 426: [[0.19754788 0.20832796 0.20650017 0.20190912 0.19669062]] 
Episode: 427: [[0.19754823 0.20831129 0.20650381 0.20191832 0.19670077]] 
Episode: 428: [[0.19754559 0.20830233 0.20651111 0.20192477 0.19670726]] 
Episode: 429: [[0.19754155 0.20829771 0.20651822 0.20192999 0.19671236]] 
Episode: 430: [[0.19753069 0.2082967  0.20653205 0.20193894 0.19672018]] 
Episode: 431: [[0.19752042 0.20829648 0.20654432 0.2019471  0.19672737]] 
Episode: 432: [[0.19751196 0.20829402 0.20655563 0.20195486 0.19673449]] 
Episode: 433: [[0.19750653 0.20829433 0.20656414 0.20195869 0.19673765]] 
Episode: 434: [[0.19750187 0.208296   0.20657097 0.20196128 0.19673975]] 
Episode: 435: [[0.19749555 0.20830262 0.20657797 0.20196241 0.19674005]] 
Episode: 436: [[0.1974936  0.20831072 0.20658112 0.20195949 0.19673628]] 
Episode: 437: [[0.19749098 0.20831878 0.20658456 0.20195706 0.196733  ]] 
Episode: 438: [[0.19748862 0.20832929 0.20658684 0.20195317 0.19672821]] 
Episode: 439: [[0.19748528 0.20834273 0.20658854 0.20194855 0.19672267]] 
Episode: 440: [[0.19748203 0.20835546 0.20658997 0.20194426 0.19671758]] 
Episode: 441: [[0.19748144 0.2083662  0.2065899  0.20193899 0.19671157]] 
Episode: 442: [[0.19748074 0.20837198 0.20659077 0.20193633 0.19670863]] 
Episode: 443: [[0.19748177 0.2083713  0.20659104 0.20193602 0.19670846]] 
Episode: 444: [[0.19747691 0.2083601  0.2066001  0.20194528 0.19671759]] 
Episode: 445: [[0.19746529 0.20835088 0.2066143  0.20196187 0.19673416]] 
Episode: 446: [[0.19744767 0.20834959 0.20663472 0.20198084 0.19675219]] 
Episode: 447: [[0.19743489 0.20834775 0.20665105 0.20199601 0.19676651]] 
Episode: 448: [[0.19742516 0.20834637 0.20666458 0.20200816 0.19677788]] 
Episode: 449: [[0.19741178 0.20834592 0.20667984 0.20202214 0.19679116]] 
Episode: 450: [[0.1973998  0.20834439 0.20669372 0.20203522 0.1968038 ]] 
Episode: 451: [[0.1973892  0.20834325 0.20670602 0.20204672 0.19681491]] 
Episode: 452: [[0.19738486 0.20834036 0.20671356 0.20205426 0.19682221]] 
Episode: 453: [[0.19737422 0.20833594 0.20672639 0.20206694 0.19683446]] 
Episode: 454: [[0.19736162 0.20833418 0.20674099 0.20207913 0.19684589]] 
Episode: 455: [[0.19735396 0.20833103 0.20675169 0.2020882  0.19685435]] 
Episode: 456: [[0.19734843 0.20833099 0.2067596  0.20209388 0.1968594 ]] 
Episode: 457: [[0.19734105 0.20833024 0.20676887 0.20210104 0.19686611]] 
Episode: 458: [[0.1973355  0.20832774 0.20677663 0.20210765 0.19687252]] 
Episode: 459: [[0.19733061 0.20832738 0.20678318 0.20211251 0.19687708]] 
Episode: 460: [[0.19732623 0.20832373 0.2067897  0.20211855 0.19688322]] 
Episode: 461: [[0.19732258 0.20832287 0.2067948  0.20212251 0.19688714]] 
Episode: 462: [[0.19731735 0.20831251 0.20680235 0.20213282 0.19689788]] 
Episode: 463: [[0.19731215 0.20830438 0.20680928 0.20214184 0.19690722]] 
Episode: 464: [[0.19730604 0.20829974 0.20681576 0.20214964 0.19691521]] 
Episode: 465: [[0.19729571 0.20829916 0.20682418 0.2021584  0.19692399]] 
Episode: 466: [[0.19728887 0.20829965 0.20682977 0.20216392 0.19692945]] 
Episode: 467: [[0.19727917 0.20830248 0.20683683 0.20217025 0.19693567]] 
Episode: 468: [[0.19726358 0.20830478 0.20684783 0.20218137 0.19694678]] 
Episode: 469: [[0.19725615 0.20830518 0.20685335 0.20218734 0.19695279]] 
Episode: 470: [[0.1972424  0.20830286 0.20686565 0.20219979 0.19696504]] 
Episode: 471: [[0.19723016 0.20830199 0.20687637 0.2022102  0.19697525]] 
Episode: 472: [[0.19721977 0.20830016 0.20688601 0.20221956 0.19698451]] 
Episode: 473: [[0.19720341 0.20830756 0.20691346 0.20224217 0.19700634]] 
Episode: 474: [[0.19718422 0.20831776 0.20694037 0.2022641  0.1970274 ]] 
Episode: 475: [[0.19716002 0.2083379  0.20698    0.20229179 0.19705214]] 
Episode: 476: [[0.197138   0.20835549 0.20701595 0.20231718 0.19707496]] 
Episode: 477: [[0.19711131 0.20837858 0.20705329 0.20234221 0.19709699]] 
Episode: 478: [[0.19708641 0.20840771 0.20708542 0.20236084 0.1971126 ]] 
Episode: 479: [[0.19706784 0.20843345 0.20711201 0.20237502 0.19712402]] 
Episode: 480: [[0.19705012 0.20845102 0.20713788 0.20239137 0.1971383 ]] 
Episode: 481: [[0.19703567 0.20846727 0.2071599  0.20240478 0.19714986]] 
Episode: 482: [[0.1970252  0.20848241 0.20717783 0.20241465 0.1971582 ]] 
Episode: 483: [[0.19701578 0.20849761 0.20719364 0.20242265 0.19716485]] 
Episode: 484: [[0.19701311 0.20851165 0.20720388 0.20242539 0.19716626]] 
Episode: 485: [[0.19700864 0.20851941 0.20721593 0.2024319  0.19717166]] 
Episode: 486: [[0.19700703 0.20852466 0.20722504 0.20243697 0.19717602]] 
Episode: 487: [[0.19700842 0.20852946 0.20723152 0.20243934 0.19717768]] 
Episode: 488: [[0.1970053  0.20853171 0.20724061 0.20244585 0.19718371]] 
Episode: 489: [[0.197005   0.20853405 0.20724781 0.20244941 0.19718677]] 
Episode: 490: [[0.1970047  0.20853533 0.20725459 0.202453   0.19719005]] 
Episode: 491: [[0.19700333 0.20853914 0.20726122 0.2024555  0.19719215]] 
Episode: 492: [[0.19700022 0.20854443 0.20726891 0.20245789 0.19719402]] 
Episode: 493: [[0.19699337 0.20854744 0.20728011 0.2024637  0.19719917]] 
Episode: 494: [[0.19698705 0.20855157 0.20728995 0.20246829 0.19720311]] 
Episode: 495: [[0.19698118 0.20855448 0.20729905 0.20247301 0.19720733]] 
Episode: 496: [[0.19697742 0.20855927 0.20730548 0.2024749  0.19720897]] 
Episode: 497: [[0.19697528 0.20856355 0.2073104  0.20247573 0.19720957]] 
Episode: 498: [[0.19696757 0.20856908 0.20731893 0.20247978 0.19721317]] 
Episode: 499: [[0.19696155 0.20857646 0.20732565 0.20248145 0.19721423]] 
Episode: 500: [[0.19694962 0.20859379 0.20733735 0.2024811  0.19721206]] 
Episode: 501: [[0.19694011 0.20861314 0.20734622 0.20247784 0.19720693]] 
Episode: 502: [[0.19693102 0.20863138 0.20735425 0.20247489 0.19720231]] 
Episode: 503: [[0.19692433 0.2086507  0.20735978 0.2024696  0.19719534]] 
Episode: 504: [[0.19691369 0.20866123 0.20737119 0.2024717  0.19719541]] 
Episode: 505: [[0.19690333 0.20866844 0.20738424 0.202475   0.19719648]] 
Episode: 506: [[0.19688709 0.20867826 0.20740497 0.20248389 0.19720232]] 
Episode: 507: [[0.19687513 0.20868602 0.20742206 0.20249051 0.19720623]] 
Episode: 508: [[0.19686535 0.20869595 0.20743597 0.20249414 0.19720736]] 
Episode: 509: [[0.19684966 0.20871438 0.20745966 0.20250238 0.19721174]] 
Episode: 510: [[0.1968306  0.20873018 0.2074852  0.20251381 0.1972195 ]] 
Episode: 511: [[0.19681425 0.2087489  0.20750757 0.20252068 0.19722281]] 
Episode: 512: [[0.19679983 0.20876455 0.20752786 0.20252728 0.19722626]] 
Episode: 513: [[0.19678597 0.20878    0.20754637 0.20253317 0.19722924]] 
Episode: 514: [[0.19676664 0.2087961  0.20756727 0.20254482 0.19723852]] 
Episode: 515: [[0.1967476  0.20881341 0.20758647 0.20255508 0.1972465 ]] 
Episode: 516: [[0.19672367 0.20883396 0.20761186 0.20257114 0.19725946]] 
Episode: 517: [[0.19670202 0.20885457 0.20763439 0.20258455 0.19726992]] 
Episode: 518: [[0.19668368 0.2088742  0.20765384 0.20259514 0.19727774]] 
Episode: 519: [[0.19666639 0.20889412 0.20767137 0.20260406 0.19728401]] 
Episode: 520: [[0.19665045 0.20891322 0.2076871  0.20261179 0.19728932]] 
Episode: 521: [[0.19662929 0.2089385  0.20771165 0.2026261  0.19730033]] 
Episode: 522: [[0.19661132 0.20896018 0.20773327 0.20263864 0.19731018]] 
Episode: 523: [[0.1965936  0.20897663 0.2077549  0.20265251 0.19732189]] 
Episode: 524: [[0.19657807 0.2089925  0.20777373 0.20266414 0.19733156]] 
Episode: 525: [[0.19656539 0.20900878 0.20778948 0.20267253 0.19733807]] 
Episode: 526: [[0.19655503 0.2090201  0.20780326 0.20268117 0.19734533]] 
Episode: 527: [[0.19654606 0.20903216 0.20781496 0.20268764 0.19735058]] 
Episode: 528: [[0.19653992 0.20904358 0.20782578 0.20269108 0.19735284]] 
Episode: 529: [[0.19653478 0.20905423 0.20783523 0.20269367 0.19735435]] 
Episode: 530: [[0.19652328 0.20906909 0.20786072 0.20270993 0.19736911]] 
Episode: 531: [[0.19651368 0.20908332 0.20788294 0.20272355 0.19738144]] 
Episode: 532: [[0.19649822 0.20909375 0.20790938 0.2027434  0.19739997]] 
Episode: 533: [[0.19648246 0.20910709 0.20793368 0.20276052 0.19741566]] 
Episode: 534: [[0.1964653  0.20911968 0.20795852 0.20277749 0.19743112]] 
Episode: 535: [[0.19644308 0.20912902 0.20798588 0.2027988  0.19745108]] 
Episode: 536: [[0.19642155 0.20913877 0.20801099 0.20281848 0.19746958]] 
Episode: 537: [[0.19639881 0.2091478  0.2080355  0.20283858 0.19748871]] 
Episode: 538: [[0.19637962 0.20914856 0.20805568 0.20286001 0.19751075]] 
Episode: 539: [[0.19635887 0.20914908 0.20807582 0.20288198 0.19753347]] 
Episode: 540: [[0.19633348 0.20915528 0.20810404 0.20290865 0.1975595 ]] 
Episode: 541: [[0.19630711 0.20916264 0.20813106 0.20293446 0.19758467]] 
Episode: 542: [[0.19628252 0.20917185 0.20815614 0.2029567  0.19760616]] 
Episode: 543: [[0.19625372 0.20917894 0.2081886  0.20298749 0.19763589]] 
Episode: 544: [[0.19622527 0.20918445 0.20822093 0.2030171  0.19766434]] 
Episode: 545: [[0.19619812 0.20919254 0.20825055 0.20304325 0.19768922]] 
Episode: 546: [[0.19617482 0.20920248 0.20827621 0.20306453 0.19770914]] 
Episode: 547: [[0.19615455 0.20921195 0.20829879 0.2030829  0.19772623]] 
Episode: 548: [[0.19613278 0.20921588 0.20832232 0.2031043  0.19774678]] 
Episode: 549: [[0.19611336 0.20921977 0.20834342 0.20312323 0.19776495]] 
Episode: 550: [[0.19609638 0.20922194 0.20836183 0.2031406  0.19778208]] 
Episode: 551: [[0.19607866 0.20922463 0.20838007 0.20315756 0.19779876]] 
Episode: 552: [[0.19606571 0.2092285  0.2083945  0.20316985 0.19781063]] 
Episode: 553: [[0.19605534 0.20923133 0.20840684 0.20318033 0.19782074]] 
Episode: 554: [[0.19604822 0.20923422 0.2084165  0.20318796 0.19782798]] 
Episode: 555: [[0.19603923 0.20923845 0.20842624 0.20319587 0.19783573]] 
Episode: 556: [[0.19602816 0.20924559 0.2084362  0.20320344 0.19784303]] 
Episode: 557: [[0.19602087 0.20925103 0.20844339 0.20320891 0.19784833]] 
Episode: 558: [[0.19602045 0.20925462 0.20844613 0.20321007 0.19784933]] 
Episode: 559: [[0.19601968 0.2092605  0.20844845 0.20321001 0.19784895]] 
Episode: 560: [[0.1960122  0.2092669  0.20845595 0.20321472 0.19785297]] 
Episode: 561: [[0.19601074 0.20927164 0.20845962 0.20321563 0.1978532 ]] 
Episode: 562: [[0.19600677 0.20927809 0.20846589 0.20321682 0.19785324]] 
Episode: 563: [[0.19600254 0.20928408 0.20847173 0.20321833 0.19785376]] 
Episode: 564: [[0.19599842 0.20929159 0.20847705 0.20321876 0.19785313]] 
Episode: 565: [[0.19599332 0.2093003  0.2084824  0.20321915 0.19785245]] 
Episode: 566: [[0.19598319 0.2093032  0.20849197 0.20322618 0.19785853]] 
Episode: 567: [[0.19596736 0.20930976 0.20851679 0.2032449  0.19787432]] 
Episode: 568: [[0.19595239 0.20931628 0.20853934 0.20326202 0.19788884]] 
Episode: 569: [[0.19593485 0.2093203  0.20856246 0.2032813  0.19790597]] 
Episode: 570: [[0.19592132 0.20932473 0.2085817  0.20329663 0.19791931]] 
Episode: 571: [[0.19591168 0.20932801 0.20859762 0.20330895 0.1979298 ]] 
Episode: 572: [[0.1959029  0.2093331  0.20861149 0.20331907 0.19793816]] 
Episode: 573: [[0.19589524 0.20933682 0.20862396 0.20332845 0.19794606]] 
Episode: 574: [[0.19588946 0.2093414  0.20863447 0.20333537 0.19795154]] 
Episode: 575: [[0.19588552 0.20934719 0.20864275 0.20333986 0.19795468]] 
Episode: 576: [[0.19588472 0.20935303 0.2086485  0.20334157 0.19795506]] 
Episode: 577: [[0.19588208 0.20935786 0.20865527 0.20334461 0.19795692]] 
Episode: 578: [[0.19587812 0.20936345 0.2086636  0.20334734 0.19795844]] 
Episode: 579: [[0.19587459 0.20937003 0.20867057 0.20334896 0.19795908]] 
Episode: 580: [[0.19586717 0.2093772  0.20868161 0.20335205 0.19796109]] 
Episode: 581: [[0.19585946 0.20938556 0.208692   0.20335457 0.1979625 ]] 
Episode: 582: [[0.19585694 0.20939341 0.20869856 0.20335346 0.1979603 ]] 
Episode: 583: [[0.19585511 0.20940262 0.20870386 0.20335107 0.19795676]] 
Episode: 584: [[0.1958518  0.20940574 0.20871072 0.20335276 0.19795759]] 
Episode: 585: [[0.1958423  0.20941286 0.20872137 0.20335655 0.19796014]] 
Episode: 586: [[0.19583212 0.20941769 0.2087315  0.20336205 0.19796506]] 
Episode: 587: [[0.1958198  0.20941888 0.20874313 0.20337087 0.19797367]] 
Episode: 588: [[0.1958028  0.20942073 0.20875753 0.20338275 0.19798516]] 
Episode: 589: [[0.19578432 0.20942311 0.20877285 0.20339529 0.1979972 ]] 
Episode: 590: [[0.19576395 0.20942713 0.20878968 0.2034082  0.19800916]] 
Episode: 591: [[0.19574733 0.20943312 0.20880342 0.20341732 0.19801728]] 
Episode: 592: [[0.19573225 0.20944121 0.20881543 0.20342422 0.19802313]] 
Episode: 593: [[0.1957192  0.20945182 0.20882556 0.20342828 0.19802597]] 
Episode: 594: [[0.19570768 0.20946372 0.20883434 0.20343053 0.1980269 ]] 
Episode: 595: [[0.19569783 0.20947644 0.20884158 0.20343114 0.19802618]] 
Episode: 596: [[0.19568829 0.20948482 0.2088489  0.20343377 0.1980279 ]] 
Episode: 597: [[0.1956782  0.20949207 0.20885688 0.2034373  0.19803047]] 
Episode: 598: [[0.19566776 0.20949894 0.20886491 0.2034413  0.19803362]] 
Episode: 599: [[0.19565731 0.20950852 0.20887266 0.2034438  0.19803505]] 
Episode: 600: [[0.1956484  0.20951898 0.208879   0.20344473 0.19803494]] 
