28364.607422 2472.065186 3352.552490 2256.899170 234600.453125 
42410.726562 3820.156982 2888.232910 3792.115967 224954.625000 
33845.734375 2298.994873 2928.098633 2926.943115 214663.078125 
43177.066406 4601.681152 5306.883301 3370.386230 276606.343750 
31437.623047 2442.660400 4046.489990 2928.182373 202716.875000 
33722.039062 2863.057129 5558.066895 3121.933838 237585.203125 
32573.662109 2096.612305 3544.375244 1705.604858 117561.882812 
36237.898438 3813.641602 3430.834473 2721.054688 159403.078125 
33667.628906 3360.433350 2975.100342 2608.503418 353153.812500 
36134.101562 2440.109131 3349.317871 2754.704834 182489.187500 
47364.699219 5035.190430 3445.515381 4216.295410 279709.468750 
33830.335938 2858.156738 4096.689453 3565.082520 274586.093750 
30528.390625 2315.729492 2288.582520 2215.322754 129602.875000 
30122.109375 1993.792969 2496.158447 1769.063599 131220.890625 
37588.593750 3019.219971 3031.634766 3156.098145 250522.125000 
24515.876953 2440.503418 3714.939209 3330.905029 175941.843750 
33736.703125 4676.452148 3050.046143 3252.960693 164958.984375 
34298.808594 2894.170654 2414.206055 2720.293213 271906.031250 
32588.789062 2356.325439 2915.586670 2210.652588 165583.375000 
46588.960938 7291.754395 3877.212891 3785.794189 255133.562500 
