94.014275 71.216705 76.702057 79.581085 78.306320 0.000000 
85.783638 84.468277 92.680756 99.208908 98.708252 0.027976 
90.771957 70.526054 80.463715 86.492912 88.350380 0.000000 
92.422508 98.071014 101.024712 102.514557 101.132454 0.000000 
89.683693 74.048737 79.388985 83.088882 84.478409 0.019782 
93.283661 51.576176 55.693680 63.297333 66.708580 0.027976 
98.786087 100.434013 103.499512 103.347343 99.777084 0.000000 
91.776817 67.613739 73.131432 80.765511 87.838326 0.019782 
99.935303 101.117088 98.759804 99.887497 97.268318 0.000000 
91.851593 101.483124 104.447388 103.261909 99.657852 0.019782 
91.505684 76.247459 80.039253 77.581871 78.725380 0.027976 
87.418884 70.408432 77.347794 84.710106 82.483696 0.027976 
90.207588 89.465836 96.964172 99.526527 98.308350 0.044235 
96.310432 67.860390 75.770538 87.101326 90.915176 0.034264 
91.710579 128.942368 128.371078 123.004456 112.544029 0.027976 
89.325989 92.405190 88.303665 92.234062 92.908203 0.027976 
91.595024 98.002129 106.569572 104.117210 99.025970 0.000000 
89.281830 72.605644 74.789558 75.926651 78.564667 0.000000 
87.810257 107.502213 105.819977 106.307961 102.882233 0.000000 
86.697243 80.132431 86.795074 94.875175 92.809761 0.000000 
