Episode: 1: [[0. 0. 0. 0. 0.]
 [0. 0. 0. 0. 0.]
 [0. 0. 0. 0. 0.]
 [0. 0. 0. 0. 0.]
 [0. 0. 0. 0. 0.]] 
Episode: 2: [[ 2.9999997e-05  2.9999997e-05  2.9999999e-05  2.9999997e-05
  -2.9999994e-05]
 [ 3.0000001e-05  2.9999999e-05  2.9999996e-05 -2.9999988e-05
  -2.9999997e-05]
 [ 2.9999999e-05  2.9999996e-05 -2.9999996e-05 -2.9999999e-05
  -2.9999996e-05]
 [ 2.9999996e-05 -2.9999994e-05 -2.9999997e-05 -2.9999996e-05
  -2.9999997e-05]
 [-2.9999997e-05 -2.9999996e-05 -2.9999999e-05 -2.9999999e-05
   2.9999999e-05]] 
Episode: 3: [[ 4.36139235e-05  5.68234100e-05  6.00312014e-05  5.63218637e-05
  -1.17441105e-05]
 [ 5.71897181e-05  5.99602572e-05  5.66852905e-05 -9.07809408e-06
  -1.56519145e-05]
 [ 5.96372556e-05  5.61987254e-05 -9.51555103e-06 -1.27171388e-05
  -1.90597948e-05]
 [ 5.56140330e-05 -9.10608105e-06 -1.37352035e-05 -3.66360473e-05
  -5.39091634e-05]
 [-5.26816111e-05 -5.27759476e-05 -5.28030432e-05 -5.27335578e-05
   7.88661782e-06]] 
Episode: 4: [[ 4.36139235e-05  5.68234100e-05  6.00312014e-05  5.63218637e-05
  -1.17441105e-05]
 [ 5.71897181e-05  5.99602572e-05  5.66852905e-05 -9.07809408e-06
  -1.56519145e-05]
 [ 5.96372556e-05  5.61987254e-05 -9.51555103e-06 -1.27171388e-05
  -1.90597948e-05]
 [ 5.56140330e-05 -9.10608105e-06 -1.37352035e-05 -3.66360473e-05
  -5.39091634e-05]
 [-5.26816111e-05 -5.27759476e-05 -5.28030432e-05 -5.27335578e-05
   7.88661782e-06]] 
Episode: 5: [[ 4.36139235e-05  5.68234100e-05  6.00312014e-05  5.63218637e-05
  -1.17441105e-05]
 [ 5.71897181e-05  5.99602572e-05  5.66852905e-05 -9.07809408e-06
  -1.56519145e-05]
 [ 5.96372556e-05  5.61987254e-05 -9.51555103e-06 -1.27171388e-05
  -1.90597948e-05]
 [ 5.56140330e-05 -9.10608105e-06 -1.37352035e-05 -3.66360473e-05
  -5.39091634e-05]
 [-5.26816111e-05 -5.27759476e-05 -5.28030432e-05 -5.27335578e-05
   7.88661782e-06]] 
Episode: 6: [[ 4.36139235e-05  5.68234100e-05  6.00312014e-05  5.63218637e-05
  -1.17441105e-05]
 [ 5.71897181e-05  5.99602572e-05  5.66852905e-05 -9.07809408e-06
  -1.56519145e-05]
 [ 5.96372556e-05  5.61987254e-05 -9.51555103e-06 -1.27171388e-05
  -1.90597948e-05]
 [ 5.56140330e-05 -9.10608105e-06 -1.37352035e-05 -3.66360473e-05
  -5.39091634e-05]
 [-5.26816111e-05 -5.27759476e-05 -5.28030432e-05 -5.27335578e-05
   7.88661782e-06]] 
Episode: 7: [[ 4.36139235e-05  5.68234100e-05  6.00312014e-05  5.63218637e-05
  -1.17441105e-05]
 [ 5.71897181e-05  5.99602572e-05  5.66852905e-05 -9.07809408e-06
  -1.56519145e-05]
 [ 5.96372556e-05  5.61987254e-05 -9.51555103e-06 -1.27171388e-05
  -1.90597948e-05]
 [ 5.56140330e-05 -9.10608105e-06 -1.37352035e-05 -3.66360473e-05
  -5.39091634e-05]
 [-5.26816111e-05 -5.27759476e-05 -5.28030432e-05 -5.27335578e-05
   7.88661782e-06]] 
Episode: 8: [[ 4.36139235e-05  5.68234100e-05  6.00312014e-05  5.63218637e-05
  -1.17441105e-05]
 [ 5.71897181e-05  5.99602572e-05  5.66852905e-05 -9.07809408e-06
  -1.56519145e-05]
 [ 5.96372556e-05  5.61987254e-05 -9.51555103e-06 -1.27171388e-05
  -1.90597948e-05]
 [ 5.56140330e-05 -9.10608105e-06 -1.37352035e-05 -3.66360473e-05
  -5.39091634e-05]
 [-5.26816111e-05 -5.27759476e-05 -5.28030432e-05 -5.27335578e-05
   7.88661782e-06]] 
Episode: 9: [[ 4.36139235e-05  5.68234100e-05  6.00312014e-05  5.63218637e-05
  -1.17441105e-05]
 [ 5.71897181e-05  5.99602572e-05  5.66852905e-05 -9.07809408e-06
  -1.56519145e-05]
 [ 5.96372556e-05  5.61987254e-05 -9.51555103e-06 -1.27171388e-05
  -1.90597948e-05]
 [ 5.56140330e-05 -9.10608105e-06 -1.37352035e-05 -3.66360473e-05
  -5.39091634e-05]
 [-5.26816111e-05 -5.27759476e-05 -5.28030432e-05 -5.27335578e-05
   7.88661782e-06]] 
Episode: 10: [[ 4.36139235e-05  5.68234100e-05  6.00312014e-05  5.63218637e-05
  -1.17441105e-05]
 [ 5.71897181e-05  5.99602572e-05  5.66852905e-05 -9.07809408e-06
  -1.56519145e-05]
 [ 5.96372556e-05  5.61987254e-05 -9.51555103e-06 -1.27171388e-05
  -1.90597948e-05]
 [ 5.56140330e-05 -9.10608105e-06 -1.37352035e-05 -3.66360473e-05
  -5.39091634e-05]
 [-5.26816111e-05 -5.27759476e-05 -5.28030432e-05 -5.27335578e-05
   7.88661782e-06]] 
Episode: 11: [[ 4.36139235e-05  5.68234100e-05  6.00312014e-05  5.63218637e-05
  -1.17441105e-05]
 [ 5.71897181e-05  5.99602572e-05  5.66852905e-05 -9.07809408e-06
  -1.56519145e-05]
 [ 5.96372556e-05  5.61987254e-05 -9.51555103e-06 -1.27171388e-05
  -1.90597948e-05]
 [ 5.56140330e-05 -9.10608105e-06 -1.37352035e-05 -3.66360473e-05
  -5.39091634e-05]
 [-5.26816111e-05 -5.27759476e-05 -5.28030432e-05 -5.27335578e-05
   7.88661782e-06]] 
Episode: 12: [[ 4.36139235e-05  5.68234100e-05  6.00312014e-05  5.63218637e-05
  -1.17441105e-05]
 [ 5.71897181e-05  5.99602572e-05  5.66852905e-05 -9.07809408e-06
  -1.56519145e-05]
 [ 5.96372556e-05  5.61987254e-05 -9.51555103e-06 -1.27171388e-05
  -1.90597948e-05]
 [ 5.56140330e-05 -9.10608105e-06 -1.37352035e-05 -3.66360473e-05
  -5.39091634e-05]
 [-5.26816111e-05 -5.27759476e-05 -5.28030432e-05 -5.27335578e-05
   7.88661782e-06]] 
Episode: 13: [[ 4.36139235e-05  5.68234100e-05  6.00312014e-05  5.63218637e-05
  -1.17441105e-05]
 [ 5.71897181e-05  5.99602572e-05  5.66852905e-05 -9.07809408e-06
  -1.56519145e-05]
 [ 5.96372556e-05  5.61987254e-05 -9.51555103e-06 -1.27171388e-05
  -1.90597948e-05]
 [ 5.56140330e-05 -9.10608105e-06 -1.37352035e-05 -3.66360473e-05
  -5.39091634e-05]
 [-5.26816111e-05 -5.27759476e-05 -5.28030432e-05 -5.27335578e-05
   7.88661782e-06]] 
Episode: 14: [[ 4.36139235e-05  5.68234100e-05  6.00312014e-05  5.63218637e-05
  -1.17441105e-05]
 [ 5.71897181e-05  5.99602572e-05  5.66852905e-05 -9.07809408e-06
  -1.56519145e-05]
 [ 5.96372556e-05  5.61987254e-05 -9.51555103e-06 -1.27171388e-05
  -1.90597948e-05]
 [ 5.56140330e-05 -9.10608105e-06 -1.37352035e-05 -3.66360473e-05
  -5.39091634e-05]
 [-5.26816111e-05 -5.27759476e-05 -5.28030432e-05 -5.27335578e-05
   7.88661782e-06]] 
Episode: 15: [[ 4.36139235e-05  5.68234100e-05  6.00312014e-05  5.63218637e-05
  -1.17441105e-05]
 [ 5.71897181e-05  5.99602572e-05  5.66852905e-05 -9.07809408e-06
  -1.56519145e-05]
 [ 5.96372556e-05  5.61987254e-05 -9.51555103e-06 -1.27171388e-05
  -1.90597948e-05]
 [ 5.56140330e-05 -9.10608105e-06 -1.37352035e-05 -3.66360473e-05
  -5.39091634e-05]
 [-5.26816111e-05 -5.27759476e-05 -5.28030432e-05 -5.27335578e-05
   7.88661782e-06]] 
Episode: 16: [[ 4.36139235e-05  5.68234100e-05  6.00312014e-05  5.63218637e-05
  -1.17441105e-05]
 [ 5.71897181e-05  5.99602572e-05  5.66852905e-05 -9.07809408e-06
  -1.56519145e-05]
 [ 5.96372556e-05  5.61987254e-05 -9.51555103e-06 -1.27171388e-05
  -1.90597948e-05]
 [ 5.56140330e-05 -9.10608105e-06 -1.37352035e-05 -3.66360473e-05
  -5.39091634e-05]
 [-5.26816111e-05 -5.27759476e-05 -5.28030432e-05 -5.27335578e-05
   7.88661782e-06]] 
Episode: 17: [[ 4.36139235e-05  5.68234100e-05  6.00312014e-05  5.63218637e-05
  -1.17441105e-05]
 [ 5.71897181e-05  5.99602572e-05  5.66852905e-05 -9.07809408e-06
  -1.56519145e-05]
 [ 5.96372556e-05  5.61987254e-05 -9.51555103e-06 -1.27171388e-05
  -1.90597948e-05]
 [ 5.56140330e-05 -9.10608105e-06 -1.37352035e-05 -3.66360473e-05
  -5.39091634e-05]
 [-5.26816111e-05 -5.27759476e-05 -5.28030432e-05 -5.27335578e-05
   7.88661782e-06]] 
Episode: 18: [[ 4.36139235e-05  5.68234100e-05  6.00312014e-05  5.63218637e-05
  -1.17441105e-05]
 [ 5.71897181e-05  5.99602572e-05  5.66852905e-05 -9.07809408e-06
  -1.56519145e-05]
 [ 5.96372556e-05  5.61987254e-05 -9.51555103e-06 -1.27171388e-05
  -1.90597948e-05]
 [ 5.56140330e-05 -9.10608105e-06 -1.37352035e-05 -3.66360473e-05
  -5.39091634e-05]
 [-5.26816111e-05 -5.27759476e-05 -5.28030432e-05 -5.27335578e-05
   7.88661782e-06]] 
Episode: 19: [[ 4.36139235e-05  5.68234100e-05  6.00312014e-05  5.63218637e-05
  -1.17441105e-05]
 [ 5.71897181e-05  5.99602572e-05  5.66852905e-05 -9.07809408e-06
  -1.56519145e-05]
 [ 5.96372556e-05  5.61987254e-05 -9.51555103e-06 -1.27171388e-05
  -1.90597948e-05]
 [ 5.56140330e-05 -9.10608105e-06 -1.37352035e-05 -3.66360473e-05
  -5.39091634e-05]
 [-5.26816111e-05 -5.27759476e-05 -5.28030432e-05 -5.27335578e-05
   7.88661782e-06]] 
Episode: 20: [[ 4.36139235e-05  5.68234100e-05  6.00312014e-05  5.63218637e-05
  -1.17441105e-05]
 [ 5.71897181e-05  5.99602572e-05  5.66852905e-05 -9.07809408e-06
  -1.56519145e-05]
 [ 5.96372556e-05  5.61987254e-05 -9.51555103e-06 -1.27171388e-05
  -1.90597948e-05]
 [ 5.56140330e-05 -9.10608105e-06 -1.37352035e-05 -3.66360473e-05
  -5.39091634e-05]
 [-5.26816111e-05 -5.27759476e-05 -5.28030432e-05 -5.27335578e-05
   7.88661782e-06]] 
Episode: 21: [[ 4.36139235e-05  5.68234100e-05  6.00312014e-05  5.63218637e-05
  -1.17441105e-05]
 [ 5.71897181e-05  5.99602572e-05  5.66852905e-05 -9.07809408e-06
  -1.56519145e-05]
 [ 5.96372556e-05  5.61987254e-05 -9.51555103e-06 -1.27171388e-05
  -1.90597948e-05]
 [ 5.56140330e-05 -9.10608105e-06 -1.37352035e-05 -3.66360473e-05
  -5.39091634e-05]
 [-5.26816111e-05 -5.27759476e-05 -5.28030432e-05 -5.27335578e-05
   7.88661782e-06]] 
Episode: 22: [[ 4.36139235e-05  5.68234100e-05  6.00312014e-05  5.63218637e-05
  -1.17441105e-05]
 [ 5.71897181e-05  5.99602572e-05  5.66852905e-05 -9.07809408e-06
  -1.56519145e-05]
 [ 5.96372556e-05  5.61987254e-05 -9.51555103e-06 -1.27171388e-05
  -1.90597948e-05]
 [ 5.56140330e-05 -9.10608105e-06 -1.37352035e-05 -3.66360473e-05
  -5.39091634e-05]
 [-5.26816111e-05 -5.27759476e-05 -5.28030432e-05 -5.27335578e-05
   7.88661782e-06]] 
Episode: 23: [[ 4.36139235e-05  5.68234100e-05  6.00312014e-05  5.63218637e-05
  -1.17441105e-05]
 [ 5.71897181e-05  5.99602572e-05  5.66852905e-05 -9.07809408e-06
  -1.56519145e-05]
 [ 5.96372556e-05  5.61987254e-05 -9.51555103e-06 -1.27171388e-05
  -1.90597948e-05]
 [ 5.56140330e-05 -9.10608105e-06 -1.37352035e-05 -3.66360473e-05
  -5.39091634e-05]
 [-5.26816111e-05 -5.27759476e-05 -5.28030432e-05 -5.27335578e-05
   7.88661782e-06]] 
Episode: 24: [[ 4.36139235e-05  5.68234100e-05  6.00312014e-05  5.63218637e-05
  -1.17441105e-05]
 [ 5.71897181e-05  5.99602572e-05  5.66852905e-05 -9.07809408e-06
  -1.56519145e-05]
 [ 5.96372556e-05  5.61987254e-05 -9.51555103e-06 -1.27171388e-05
  -1.90597948e-05]
 [ 5.56140330e-05 -9.10608105e-06 -1.37352035e-05 -3.66360473e-05
  -5.39091634e-05]
 [-5.26816111e-05 -5.27759476e-05 -5.28030432e-05 -5.27335578e-05
   7.88661782e-06]] 
Episode: 25: [[ 4.36139235e-05  5.68234100e-05  6.00312014e-05  5.63218637e-05
  -1.17441105e-05]
 [ 5.71897181e-05  5.99602572e-05  5.66852905e-05 -9.07809408e-06
  -1.56519145e-05]
 [ 5.96372556e-05  5.61987254e-05 -9.51555103e-06 -1.27171388e-05
  -1.90597948e-05]
 [ 5.56140330e-05 -9.10608105e-06 -1.37352035e-05 -3.66360473e-05
  -5.39091634e-05]
 [-5.26816111e-05 -5.27759476e-05 -5.28030432e-05 -5.27335578e-05
   7.88661782e-06]] 
Episode: 26: [[ 4.36139235e-05  5.68234100e-05  6.00312014e-05  5.63218637e-05
  -1.17441105e-05]
 [ 5.71897181e-05  5.99602572e-05  5.66852905e-05 -9.07809408e-06
  -1.56519145e-05]
 [ 5.96372556e-05  5.61987254e-05 -9.51555103e-06 -1.27171388e-05
  -1.90597948e-05]
 [ 5.56140330e-05 -9.10608105e-06 -1.37352035e-05 -3.66360473e-05
  -5.39091634e-05]
 [-5.26816111e-05 -5.27759476e-05 -5.28030432e-05 -5.27335578e-05
   7.88661782e-06]] 
Episode: 27: [[ 4.36139235e-05  5.68234100e-05  6.00312014e-05  5.63218637e-05
  -1.17441105e-05]
 [ 5.71897181e-05  5.99602572e-05  5.66852905e-05 -9.07809408e-06
  -1.56519145e-05]
 [ 5.96372556e-05  5.61987254e-05 -9.51555103e-06 -1.27171388e-05
  -1.90597948e-05]
 [ 5.56140330e-05 -9.10608105e-06 -1.37352035e-05 -3.66360473e-05
  -5.39091634e-05]
 [-5.26816111e-05 -5.27759476e-05 -5.28030432e-05 -5.27335578e-05
   7.88661782e-06]] 
Episode: 28: [[ 4.36139235e-05  5.68234100e-05  6.00312014e-05  5.63218637e-05
  -1.17441105e-05]
 [ 5.71897181e-05  5.99602572e-05  5.66852905e-05 -9.07809408e-06
  -1.56519145e-05]
 [ 5.96372556e-05  5.61987254e-05 -9.51555103e-06 -1.27171388e-05
  -1.90597948e-05]
 [ 5.56140330e-05 -9.10608105e-06 -1.37352035e-05 -3.66360473e-05
  -5.39091634e-05]
 [-5.26816111e-05 -5.27759476e-05 -5.28030432e-05 -5.27335578e-05
   7.88661782e-06]] 
Episode: 29: [[ 4.36139235e-05  5.68234100e-05  6.00312014e-05  5.63218637e-05
  -1.17441105e-05]
 [ 5.71897181e-05  5.99602572e-05  5.66852905e-05 -9.07809408e-06
  -1.56519145e-05]
 [ 5.96372556e-05  5.61987254e-05 -9.51555103e-06 -1.27171388e-05
  -1.90597948e-05]
 [ 5.56140330e-05 -9.10608105e-06 -1.37352035e-05 -3.66360473e-05
  -5.39091634e-05]
 [-5.26816111e-05 -5.27759476e-05 -5.28030432e-05 -5.27335578e-05
   7.88661782e-06]] 
Episode: 30: [[ 4.36139235e-05  5.68234100e-05  6.00312014e-05  5.63218637e-05
  -1.17441105e-05]
 [ 5.71897181e-05  5.99602572e-05  5.66852905e-05 -9.07809408e-06
  -1.56519145e-05]
 [ 5.96372556e-05  5.61987254e-05 -9.51555103e-06 -1.27171388e-05
  -1.90597948e-05]
 [ 5.56140330e-05 -9.10608105e-06 -1.37352035e-05 -3.66360473e-05
  -5.39091634e-05]
 [-5.26816111e-05 -5.27759476e-05 -5.28030432e-05 -5.27335578e-05
   7.88661782e-06]] 
Episode: 31: [[ 4.36139235e-05  5.68234100e-05  6.00312014e-05  5.63218637e-05
  -1.17441105e-05]
 [ 5.71897181e-05  5.99602572e-05  5.66852905e-05 -9.07809408e-06
  -1.56519145e-05]
 [ 5.96372556e-05  5.61987254e-05 -9.51555103e-06 -1.27171388e-05
  -1.90597948e-05]
 [ 5.56140330e-05 -9.10608105e-06 -1.37352035e-05 -3.66360473e-05
  -5.39091634e-05]
 [-5.26816111e-05 -5.27759476e-05 -5.28030432e-05 -5.27335578e-05
   7.88661782e-06]] 
Episode: 32: [[ 4.36139235e-05  5.68234100e-05  6.00312014e-05  5.63218637e-05
  -1.17441105e-05]
 [ 5.71897181e-05  5.99602572e-05  5.66852905e-05 -9.07809408e-06
  -1.56519145e-05]
 [ 5.96372556e-05  5.61987254e-05 -9.51555103e-06 -1.27171388e-05
  -1.90597948e-05]
 [ 5.56140330e-05 -9.10608105e-06 -1.37352035e-05 -3.66360473e-05
  -5.39091634e-05]
 [-5.26816111e-05 -5.27759476e-05 -5.28030432e-05 -5.27335578e-05
   7.88661782e-06]] 
Episode: 33: [[ 4.36139235e-05  5.68234100e-05  6.00312014e-05  5.63218637e-05
  -1.17441105e-05]
 [ 5.71897181e-05  5.99602572e-05  5.66852905e-05 -9.07809408e-06
  -1.56519145e-05]
 [ 5.96372556e-05  5.61987254e-05 -9.51555103e-06 -1.27171388e-05
  -1.90597948e-05]
 [ 5.56140330e-05 -9.10608105e-06 -1.37352035e-05 -3.66360473e-05
  -5.39091634e-05]
 [-5.26816111e-05 -5.27759476e-05 -5.28030432e-05 -5.27335578e-05
   7.88661782e-06]] 
Episode: 34: [[ 4.36139235e-05  5.68234100e-05  6.00312014e-05  5.63218637e-05
  -1.17441105e-05]
 [ 5.71897181e-05  5.99602572e-05  5.66852905e-05 -9.07809408e-06
  -1.56519145e-05]
 [ 5.96372556e-05  5.61987254e-05 -9.51555103e-06 -1.27171388e-05
  -1.90597948e-05]
 [ 5.56140330e-05 -9.10608105e-06 -1.37352035e-05 -3.66360473e-05
  -5.39091634e-05]
 [-5.26816111e-05 -5.27759476e-05 -5.28030432e-05 -5.27335578e-05
   7.88661782e-06]] 
Episode: 35: [[ 4.36139235e-05  5.68234100e-05  6.00312014e-05  5.63218637e-05
  -1.17441105e-05]
 [ 5.71897181e-05  5.99602572e-05  5.66852905e-05 -9.07809408e-06
  -1.56519145e-05]
 [ 5.96372556e-05  5.61987254e-05 -9.51555103e-06 -1.27171388e-05
  -1.90597948e-05]
 [ 5.56140330e-05 -9.10608105e-06 -1.37352035e-05 -3.66360473e-05
  -5.39091634e-05]
 [-5.26816111e-05 -5.27759476e-05 -5.28030432e-05 -5.27335578e-05
   7.88661782e-06]] 
Episode: 36: [[ 4.36139235e-05  5.68234100e-05  6.00312014e-05  5.63218637e-05
  -1.17441105e-05]
 [ 5.71897181e-05  5.99602572e-05  5.66852905e-05 -9.07809408e-06
  -1.56519145e-05]
 [ 5.96372556e-05  5.61987254e-05 -9.51555103e-06 -1.27171388e-05
  -1.90597948e-05]
 [ 5.56140330e-05 -9.10608105e-06 -1.37352035e-05 -3.66360473e-05
  -5.39091634e-05]
 [-5.26816111e-05 -5.27759476e-05 -5.28030432e-05 -5.27335578e-05
   7.88661782e-06]] 
Episode: 37: [[ 4.36139235e-05  5.68234100e-05  6.00312014e-05  5.63218637e-05
  -1.17441105e-05]
 [ 5.71897181e-05  5.99602572e-05  5.66852905e-05 -9.07809408e-06
  -1.56519145e-05]
 [ 5.96372556e-05  5.61987254e-05 -9.51555103e-06 -1.27171388e-05
  -1.90597948e-05]
 [ 5.56140330e-05 -9.10608105e-06 -1.37352035e-05 -3.66360473e-05
  -5.39091634e-05]
 [-5.26816111e-05 -5.27759476e-05 -5.28030432e-05 -5.27335578e-05
   7.88661782e-06]] 
Episode: 38: [[ 4.36139235e-05  5.68234100e-05  6.00312014e-05  5.63218637e-05
  -1.17441105e-05]
 [ 5.71897181e-05  5.99602572e-05  5.66852905e-05 -9.07809408e-06
  -1.56519145e-05]
 [ 5.96372556e-05  5.61987254e-05 -9.51555103e-06 -1.27171388e-05
  -1.90597948e-05]
 [ 5.56140330e-05 -9.10608105e-06 -1.37352035e-05 -3.66360473e-05
  -5.39091634e-05]
 [-5.26816111e-05 -5.27759476e-05 -5.28030432e-05 -5.27335578e-05
   7.88661782e-06]] 
Episode: 39: [[ 4.36139235e-05  5.68234100e-05  6.00312014e-05  5.63218637e-05
  -1.17441105e-05]
 [ 5.71897181e-05  5.99602572e-05  5.66852905e-05 -9.07809408e-06
  -1.56519145e-05]
 [ 5.96372556e-05  5.61987254e-05 -9.51555103e-06 -1.27171388e-05
  -1.90597948e-05]
 [ 5.56140330e-05 -9.10608105e-06 -1.37352035e-05 -3.66360473e-05
  -5.39091634e-05]
 [-5.26816111e-05 -5.27759476e-05 -5.28030432e-05 -5.27335578e-05
   7.88661782e-06]] 
Episode: 40: [[ 4.36139235e-05  5.68234100e-05  6.00312014e-05  5.63218637e-05
  -1.17441105e-05]
 [ 5.71897181e-05  5.99602572e-05  5.66852905e-05 -9.07809408e-06
  -1.56519145e-05]
 [ 5.96372556e-05  5.61987254e-05 -9.51555103e-06 -1.27171388e-05
  -1.90597948e-05]
 [ 5.56140330e-05 -9.10608105e-06 -1.37352035e-05 -3.66360473e-05
  -5.39091634e-05]
 [-5.26816111e-05 -5.27759476e-05 -5.28030432e-05 -5.27335578e-05
   7.88661782e-06]] 
Episode: 41: [[ 4.36139235e-05  5.68234100e-05  6.00312014e-05  5.63218637e-05
  -1.17441105e-05]
 [ 5.71897181e-05  5.99602572e-05  5.66852905e-05 -9.07809408e-06
  -1.56519145e-05]
 [ 5.96372556e-05  5.61987254e-05 -9.51555103e-06 -1.27171388e-05
  -1.90597948e-05]
 [ 5.56140330e-05 -9.10608105e-06 -1.37352035e-05 -3.66360473e-05
  -5.39091634e-05]
 [-5.26816111e-05 -5.27759476e-05 -5.28030432e-05 -5.27335578e-05
   7.88661782e-06]] 
Episode: 42: [[ 4.36139235e-05  5.68234100e-05  6.00312014e-05  5.63218637e-05
  -1.17441105e-05]
 [ 5.71897181e-05  5.99602572e-05  5.66852905e-05 -9.07809408e-06
  -1.56519145e-05]
 [ 5.96372556e-05  5.61987254e-05 -9.51555103e-06 -1.27171388e-05
  -1.90597948e-05]
 [ 5.56140330e-05 -9.10608105e-06 -1.37352035e-05 -3.66360473e-05
  -5.39091634e-05]
 [-5.26816111e-05 -5.27759476e-05 -5.28030432e-05 -5.27335578e-05
   7.88661782e-06]] 
Episode: 43: [[ 4.36139235e-05  5.68234100e-05  6.00312014e-05  5.63218637e-05
  -1.17441105e-05]
 [ 5.71897181e-05  5.99602572e-05  5.66852905e-05 -9.07809408e-06
  -1.56519145e-05]
 [ 5.96372556e-05  5.61987254e-05 -9.51555103e-06 -1.27171388e-05
  -1.90597948e-05]
 [ 5.56140330e-05 -9.10608105e-06 -1.37352035e-05 -3.66360473e-05
  -5.39091634e-05]
 [-5.26816111e-05 -5.27759476e-05 -5.28030432e-05 -5.27335578e-05
   7.88661782e-06]] 
Episode: 44: [[ 4.36139235e-05  5.68234100e-05  6.00312014e-05  5.63218637e-05
  -1.17441105e-05]
 [ 5.71897181e-05  5.99602572e-05  5.66852905e-05 -9.07809408e-06
  -1.56519145e-05]
 [ 5.96372556e-05  5.61987254e-05 -9.51555103e-06 -1.27171388e-05
  -1.90597948e-05]
 [ 5.56140330e-05 -9.10608105e-06 -1.37352035e-05 -3.66360473e-05
  -5.39091634e-05]
 [-5.26816111e-05 -5.27759476e-05 -5.28030432e-05 -5.27335578e-05
   7.88661782e-06]] 
Episode: 45: [[ 4.36139235e-05  5.68234100e-05  6.00312014e-05  5.63218637e-05
  -1.17441105e-05]
 [ 5.71897181e-05  5.99602572e-05  5.66852905e-05 -9.07809408e-06
  -1.56519145e-05]
 [ 5.96372556e-05  5.61987254e-05 -9.51555103e-06 -1.27171388e-05
  -1.90597948e-05]
 [ 5.56140330e-05 -9.10608105e-06 -1.37352035e-05 -3.66360473e-05
  -5.39091634e-05]
 [-5.26816111e-05 -5.27759476e-05 -5.28030432e-05 -5.27335578e-05
   7.88661782e-06]] 
Episode: 46: [[ 4.36139235e-05  5.68234100e-05  6.00312014e-05  5.63218637e-05
  -1.17441105e-05]
 [ 5.71897181e-05  5.99602572e-05  5.66852905e-05 -9.07809408e-06
  -1.56519145e-05]
 [ 5.96372556e-05  5.61987254e-05 -9.51555103e-06 -1.27171388e-05
  -1.90597948e-05]
 [ 5.56140330e-05 -9.10608105e-06 -1.37352035e-05 -3.66360473e-05
  -5.39091634e-05]
 [-5.26816111e-05 -5.27759476e-05 -5.28030432e-05 -5.27335578e-05
   7.88661782e-06]] 
Episode: 47: [[ 4.36139235e-05  5.68234100e-05  6.00312014e-05  5.63218637e-05
  -1.17441105e-05]
 [ 5.71897181e-05  5.99602572e-05  5.66852905e-05 -9.07809408e-06
  -1.56519145e-05]
 [ 5.96372556e-05  5.61987254e-05 -9.51555103e-06 -1.27171388e-05
  -1.90597948e-05]
 [ 5.56140330e-05 -9.10608105e-06 -1.37352035e-05 -3.66360473e-05
  -5.39091634e-05]
 [-5.26816111e-05 -5.27759476e-05 -5.28030432e-05 -5.27335578e-05
   7.88661782e-06]] 
Episode: 48: [[ 4.36139235e-05  5.68234100e-05  6.00312014e-05  5.63218637e-05
  -1.17441105e-05]
 [ 5.71897181e-05  5.99602572e-05  5.66852905e-05 -9.07809408e-06
  -1.56519145e-05]
 [ 5.96372556e-05  5.61987254e-05 -9.51555103e-06 -1.27171388e-05
  -1.90597948e-05]
 [ 5.56140330e-05 -9.10608105e-06 -1.37352035e-05 -3.66360473e-05
  -5.39091634e-05]
 [-5.26816111e-05 -5.27759476e-05 -5.28030432e-05 -5.27335578e-05
   7.88661782e-06]] 
Episode: 49: [[ 4.36139235e-05  5.68234100e-05  6.00312014e-05  5.63218637e-05
  -1.17441105e-05]
 [ 5.71897181e-05  5.99602572e-05  5.66852905e-05 -9.07809408e-06
  -1.56519145e-05]
 [ 5.96372556e-05  5.61987254e-05 -9.51555103e-06 -1.27171388e-05
  -1.90597948e-05]
 [ 5.56140330e-05 -9.10608105e-06 -1.37352035e-05 -3.66360473e-05
  -5.39091634e-05]
 [-5.26816111e-05 -5.27759476e-05 -5.28030432e-05 -5.27335578e-05
   7.88661782e-06]] 
Episode: 50: [[ 4.36139235e-05  5.68234100e-05  6.00312014e-05  5.63218637e-05
  -1.17441105e-05]
 [ 5.71897181e-05  5.99602572e-05  5.66852905e-05 -9.07809408e-06
  -1.56519145e-05]
 [ 5.96372556e-05  5.61987254e-05 -9.51555103e-06 -1.27171388e-05
  -1.90597948e-05]
 [ 5.56140330e-05 -9.10608105e-06 -1.37352035e-05 -3.66360473e-05
  -5.39091634e-05]
 [-5.26816111e-05 -5.27759476e-05 -5.28030432e-05 -5.27335578e-05
   7.88661782e-06]] 
Episode: 51: [[ 4.36139235e-05  5.68234100e-05  6.00312014e-05  5.63218637e-05
  -1.17441105e-05]
 [ 5.71897181e-05  5.99602572e-05  5.66852905e-05 -9.07809408e-06
  -1.56519145e-05]
 [ 5.96372556e-05  5.61987254e-05 -9.51555103e-06 -1.27171388e-05
  -1.90597948e-05]
 [ 5.56140330e-05 -9.10608105e-06 -1.37352035e-05 -3.66360473e-05
  -5.39091634e-05]
 [-5.26816111e-05 -5.27759476e-05 -5.28030432e-05 -5.27335578e-05
   7.88661782e-06]] 
Episode: 52: [[ 4.36139235e-05  5.68234100e-05  6.00312014e-05  5.63218637e-05
  -1.17441105e-05]
 [ 5.71897181e-05  5.99602572e-05  5.66852905e-05 -9.07809408e-06
  -1.56519145e-05]
 [ 5.96372556e-05  5.61987254e-05 -9.51555103e-06 -1.27171388e-05
  -1.90597948e-05]
 [ 5.56140330e-05 -9.10608105e-06 -1.37352035e-05 -3.66360473e-05
  -5.39091634e-05]
 [-5.26816111e-05 -5.27759476e-05 -5.28030432e-05 -5.27335578e-05
   7.88661782e-06]] 
Episode: 53: [[ 4.36139235e-05  5.68234100e-05  6.00312014e-05  5.63218637e-05
  -1.17441105e-05]
 [ 5.71897181e-05  5.99602572e-05  5.66852905e-05 -9.07809408e-06
  -1.56519145e-05]
 [ 5.96372556e-05  5.61987254e-05 -9.51555103e-06 -1.27171388e-05
  -1.90597948e-05]
 [ 5.56140330e-05 -9.10608105e-06 -1.37352035e-05 -3.66360473e-05
  -5.39091634e-05]
 [-5.26816111e-05 -5.27759476e-05 -5.28030432e-05 -5.27335578e-05
   7.88661782e-06]] 
Episode: 54: [[ 4.36139235e-05  5.68234100e-05  6.00312014e-05  5.63218637e-05
  -1.17441105e-05]
 [ 5.71897181e-05  5.99602572e-05  5.66852905e-05 -9.07809408e-06
  -1.56519145e-05]
 [ 5.96372556e-05  5.61987254e-05 -9.51555103e-06 -1.27171388e-05
  -1.90597948e-05]
 [ 5.56140330e-05 -9.10608105e-06 -1.37352035e-05 -3.66360473e-05
  -5.39091634e-05]
 [-5.26816111e-05 -5.27759476e-05 -5.28030432e-05 -5.27335578e-05
   7.88661782e-06]] 
