Episode: 1: [[0.001 0.    0.    0.    0.    0.    0.    0.    0.    0.   ]
 [0.001 0.    0.    0.    0.    0.    0.    0.    0.    0.   ]
 [0.001 0.    0.    0.    0.    0.    0.    0.    0.    0.   ]
 [0.001 0.    0.    0.    0.    0.    0.    0.    0.    0.   ]
 [0.001 0.    0.    0.    0.    0.    0.    0.    0.    0.   ]] 
Episode: 2: [[ 9.7000005e-04 -3.0000005e-05 -3.0000001e-05 -2.9999999e-05
   2.9999999e-05  0.0000000e+00  2.9999999e-05  0.0000000e+00
   2.9999997e-05  2.9999997e-05]
 [ 1.0300000e-03 -2.9999999e-05 -2.9999999e-05 -2.9999999e-05
   2.9999999e-05  0.0000000e+00  2.9999999e-05  0.0000000e+00
   2.9999999e-05  2.9999997e-05]
 [ 1.0300000e-03 -2.9999999e-05 -2.9999997e-05 -2.9999996e-05
   2.9999999e-05  0.0000000e+00 -2.9999997e-05  0.0000000e+00
   3.0000001e-05  3.0000001e-05]
 [ 1.0300000e-03 -2.9999999e-05 -2.9999999e-05 -2.9999999e-05
   2.9999999e-05  0.0000000e+00 -2.9999997e-05  0.0000000e+00
   3.0000001e-05  2.9999999e-05]
 [ 9.7000005e-04 -2.9999997e-05 -3.0000001e-05 -2.9999997e-05
  -2.9999997e-05  0.0000000e+00 -3.0000001e-05  0.0000000e+00
   2.9999999e-05  2.9999999e-05]] 
Episode: 3: [[ 9.9040940e-04 -5.8408961e-05 -5.6657685e-05 -1.6913767e-05
   2.2329865e-05  0.0000000e+00  5.9993385e-05  0.0000000e+00
   1.6479054e-05  5.8416404e-05]
 [ 1.0549750e-03 -5.9081121e-05 -5.8106722e-05 -1.3730037e-05
   4.2404998e-05  0.0000000e+00  5.9585651e-05  0.0000000e+00
   2.1260172e-05  5.4921074e-05]
 [ 1.0554236e-03 -5.9885962e-05 -5.7194600e-05 -1.0482915e-05
   4.2128559e-05  0.0000000e+00 -5.9098773e-05  0.0000000e+00
   2.4499850e-05  5.4362295e-05]
 [ 1.0534720e-03 -5.8472277e-05 -5.5528239e-05 -9.9241397e-06
   4.2062278e-05  0.0000000e+00 -5.7580291e-05  0.0000000e+00
   3.4525863e-05  5.5770313e-05]
 [ 9.8898367e-04 -5.7947127e-05 -5.5667788e-05 -1.0351776e-05
  -5.2525455e-05  0.0000000e+00 -5.5530767e-05  0.0000000e+00
   5.9290262e-05  5.6733308e-05]] 
Episode: 4: [[ 9.9040940e-04 -5.8408961e-05 -5.6657685e-05 -1.6913767e-05
   2.2329865e-05  0.0000000e+00  5.9993385e-05  0.0000000e+00
   1.6479054e-05  5.8416404e-05]
 [ 1.0549750e-03 -5.9081121e-05 -5.8106722e-05 -1.3730037e-05
   4.2404998e-05  0.0000000e+00  5.9585651e-05  0.0000000e+00
   2.1260172e-05  5.4921074e-05]
 [ 1.0554236e-03 -5.9885962e-05 -5.7194600e-05 -1.0482915e-05
   4.2128559e-05  0.0000000e+00 -5.9098773e-05  0.0000000e+00
   2.4499850e-05  5.4362295e-05]
 [ 1.0534720e-03 -5.8472277e-05 -5.5528239e-05 -9.9241397e-06
   4.2062278e-05  0.0000000e+00 -5.7580291e-05  0.0000000e+00
   3.4525863e-05  5.5770313e-05]
 [ 9.8898367e-04 -5.7947127e-05 -5.5667788e-05 -1.0351776e-05
  -5.2525455e-05  0.0000000e+00 -5.5530767e-05  0.0000000e+00
   5.9290262e-05  5.6733308e-05]] 
Episode: 5: [[ 9.9040940e-04 -5.8408961e-05 -5.6657685e-05 -1.6913767e-05
   2.2329865e-05  0.0000000e+00  5.9993385e-05  0.0000000e+00
   1.6479054e-05  5.8416404e-05]
 [ 1.0549750e-03 -5.9081121e-05 -5.8106722e-05 -1.3730037e-05
   4.2404998e-05  0.0000000e+00  5.9585651e-05  0.0000000e+00
   2.1260172e-05  5.4921074e-05]
 [ 1.0554236e-03 -5.9885962e-05 -5.7194600e-05 -1.0482915e-05
   4.2128559e-05  0.0000000e+00 -5.9098773e-05  0.0000000e+00
   2.4499850e-05  5.4362295e-05]
 [ 1.0534720e-03 -5.8472277e-05 -5.5528239e-05 -9.9241397e-06
   4.2062278e-05  0.0000000e+00 -5.7580291e-05  0.0000000e+00
   3.4525863e-05  5.5770313e-05]
 [ 9.8898367e-04 -5.7947127e-05 -5.5667788e-05 -1.0351776e-05
  -5.2525455e-05  0.0000000e+00 -5.5530767e-05  0.0000000e+00
   5.9290262e-05  5.6733308e-05]] 
Episode: 6: [[ 9.9040940e-04 -5.8408961e-05 -5.6657685e-05 -1.6913767e-05
   2.2329865e-05  0.0000000e+00  5.9993385e-05  0.0000000e+00
   1.6479054e-05  5.8416404e-05]
 [ 1.0549750e-03 -5.9081121e-05 -5.8106722e-05 -1.3730037e-05
   4.2404998e-05  0.0000000e+00  5.9585651e-05  0.0000000e+00
   2.1260172e-05  5.4921074e-05]
 [ 1.0554236e-03 -5.9885962e-05 -5.7194600e-05 -1.0482915e-05
   4.2128559e-05  0.0000000e+00 -5.9098773e-05  0.0000000e+00
   2.4499850e-05  5.4362295e-05]
 [ 1.0534720e-03 -5.8472277e-05 -5.5528239e-05 -9.9241397e-06
   4.2062278e-05  0.0000000e+00 -5.7580291e-05  0.0000000e+00
   3.4525863e-05  5.5770313e-05]
 [ 9.8898367e-04 -5.7947127e-05 -5.5667788e-05 -1.0351776e-05
  -5.2525455e-05  0.0000000e+00 -5.5530767e-05  0.0000000e+00
   5.9290262e-05  5.6733308e-05]] 
Episode: 7: [[ 9.9040940e-04 -5.8408961e-05 -5.6657685e-05 -1.6913767e-05
   2.2329865e-05  0.0000000e+00  5.9993385e-05  0.0000000e+00
   1.6479054e-05  5.8416404e-05]
 [ 1.0549750e-03 -5.9081121e-05 -5.8106722e-05 -1.3730037e-05
   4.2404998e-05  0.0000000e+00  5.9585651e-05  0.0000000e+00
   2.1260172e-05  5.4921074e-05]
 [ 1.0554236e-03 -5.9885962e-05 -5.7194600e-05 -1.0482915e-05
   4.2128559e-05  0.0000000e+00 -5.9098773e-05  0.0000000e+00
   2.4499850e-05  5.4362295e-05]
 [ 1.0534720e-03 -5.8472277e-05 -5.5528239e-05 -9.9241397e-06
   4.2062278e-05  0.0000000e+00 -5.7580291e-05  0.0000000e+00
   3.4525863e-05  5.5770313e-05]
 [ 9.8898367e-04 -5.7947127e-05 -5.5667788e-05 -1.0351776e-05
  -5.2525455e-05  0.0000000e+00 -5.5530767e-05  0.0000000e+00
   5.9290262e-05  5.6733308e-05]] 
Episode: 8: [[ 9.9040940e-04 -5.8408961e-05 -5.6657685e-05 -1.6913767e-05
   2.2329865e-05  0.0000000e+00  5.9993385e-05  0.0000000e+00
   1.6479054e-05  5.8416404e-05]
 [ 1.0549750e-03 -5.9081121e-05 -5.8106722e-05 -1.3730037e-05
   4.2404998e-05  0.0000000e+00  5.9585651e-05  0.0000000e+00
   2.1260172e-05  5.4921074e-05]
 [ 1.0554236e-03 -5.9885962e-05 -5.7194600e-05 -1.0482915e-05
   4.2128559e-05  0.0000000e+00 -5.9098773e-05  0.0000000e+00
   2.4499850e-05  5.4362295e-05]
 [ 1.0534720e-03 -5.8472277e-05 -5.5528239e-05 -9.9241397e-06
   4.2062278e-05  0.0000000e+00 -5.7580291e-05  0.0000000e+00
   3.4525863e-05  5.5770313e-05]
 [ 9.8898367e-04 -5.7947127e-05 -5.5667788e-05 -1.0351776e-05
  -5.2525455e-05  0.0000000e+00 -5.5530767e-05  0.0000000e+00
   5.9290262e-05  5.6733308e-05]] 
Episode: 9: [[ 9.9040940e-04 -5.8408961e-05 -5.6657685e-05 -1.6913767e-05
   2.2329865e-05  0.0000000e+00  5.9993385e-05  0.0000000e+00
   1.6479054e-05  5.8416404e-05]
 [ 1.0549750e-03 -5.9081121e-05 -5.8106722e-05 -1.3730037e-05
   4.2404998e-05  0.0000000e+00  5.9585651e-05  0.0000000e+00
   2.1260172e-05  5.4921074e-05]
 [ 1.0554236e-03 -5.9885962e-05 -5.7194600e-05 -1.0482915e-05
   4.2128559e-05  0.0000000e+00 -5.9098773e-05  0.0000000e+00
   2.4499850e-05  5.4362295e-05]
 [ 1.0534720e-03 -5.8472277e-05 -5.5528239e-05 -9.9241397e-06
   4.2062278e-05  0.0000000e+00 -5.7580291e-05  0.0000000e+00
   3.4525863e-05  5.5770313e-05]
 [ 9.8898367e-04 -5.7947127e-05 -5.5667788e-05 -1.0351776e-05
  -5.2525455e-05  0.0000000e+00 -5.5530767e-05  0.0000000e+00
   5.9290262e-05  5.6733308e-05]] 
Episode: 10: [[ 9.9040940e-04 -5.8408961e-05 -5.6657685e-05 -1.6913767e-05
   2.2329865e-05  0.0000000e+00  5.9993385e-05  0.0000000e+00
   1.6479054e-05  5.8416404e-05]
 [ 1.0549750e-03 -5.9081121e-05 -5.8106722e-05 -1.3730037e-05
   4.2404998e-05  0.0000000e+00  5.9585651e-05  0.0000000e+00
   2.1260172e-05  5.4921074e-05]
 [ 1.0554236e-03 -5.9885962e-05 -5.7194600e-05 -1.0482915e-05
   4.2128559e-05  0.0000000e+00 -5.9098773e-05  0.0000000e+00
   2.4499850e-05  5.4362295e-05]
 [ 1.0534720e-03 -5.8472277e-05 -5.5528239e-05 -9.9241397e-06
   4.2062278e-05  0.0000000e+00 -5.7580291e-05  0.0000000e+00
   3.4525863e-05  5.5770313e-05]
 [ 9.8898367e-04 -5.7947127e-05 -5.5667788e-05 -1.0351776e-05
  -5.2525455e-05  0.0000000e+00 -5.5530767e-05  0.0000000e+00
   5.9290262e-05  5.6733308e-05]] 
Episode: 11: [[ 9.9040940e-04 -5.8408961e-05 -5.6657685e-05 -1.6913767e-05
   2.2329865e-05  0.0000000e+00  5.9993385e-05  0.0000000e+00
   1.6479054e-05  5.8416404e-05]
 [ 1.0549750e-03 -5.9081121e-05 -5.8106722e-05 -1.3730037e-05
   4.2404998e-05  0.0000000e+00  5.9585651e-05  0.0000000e+00
   2.1260172e-05  5.4921074e-05]
 [ 1.0554236e-03 -5.9885962e-05 -5.7194600e-05 -1.0482915e-05
   4.2128559e-05  0.0000000e+00 -5.9098773e-05  0.0000000e+00
   2.4499850e-05  5.4362295e-05]
 [ 1.0534720e-03 -5.8472277e-05 -5.5528239e-05 -9.9241397e-06
   4.2062278e-05  0.0000000e+00 -5.7580291e-05  0.0000000e+00
   3.4525863e-05  5.5770313e-05]
 [ 9.8898367e-04 -5.7947127e-05 -5.5667788e-05 -1.0351776e-05
  -5.2525455e-05  0.0000000e+00 -5.5530767e-05  0.0000000e+00
   5.9290262e-05  5.6733308e-05]] 
Episode: 12: [[ 9.9040940e-04 -5.8408961e-05 -5.6657685e-05 -1.6913767e-05
   2.2329865e-05  0.0000000e+00  5.9993385e-05  0.0000000e+00
   1.6479054e-05  5.8416404e-05]
 [ 1.0549750e-03 -5.9081121e-05 -5.8106722e-05 -1.3730037e-05
   4.2404998e-05  0.0000000e+00  5.9585651e-05  0.0000000e+00
   2.1260172e-05  5.4921074e-05]
 [ 1.0554236e-03 -5.9885962e-05 -5.7194600e-05 -1.0482915e-05
   4.2128559e-05  0.0000000e+00 -5.9098773e-05  0.0000000e+00
   2.4499850e-05  5.4362295e-05]
 [ 1.0534720e-03 -5.8472277e-05 -5.5528239e-05 -9.9241397e-06
   4.2062278e-05  0.0000000e+00 -5.7580291e-05  0.0000000e+00
   3.4525863e-05  5.5770313e-05]
 [ 9.8898367e-04 -5.7947127e-05 -5.5667788e-05 -1.0351776e-05
  -5.2525455e-05  0.0000000e+00 -5.5530767e-05  0.0000000e+00
   5.9290262e-05  5.6733308e-05]] 
Episode: 13: [[ 9.9040940e-04 -5.8408961e-05 -5.6657685e-05 -1.6913767e-05
   2.2329865e-05  0.0000000e+00  5.9993385e-05  0.0000000e+00
   1.6479054e-05  5.8416404e-05]
 [ 1.0549750e-03 -5.9081121e-05 -5.8106722e-05 -1.3730037e-05
   4.2404998e-05  0.0000000e+00  5.9585651e-05  0.0000000e+00
   2.1260172e-05  5.4921074e-05]
 [ 1.0554236e-03 -5.9885962e-05 -5.7194600e-05 -1.0482915e-05
   4.2128559e-05  0.0000000e+00 -5.9098773e-05  0.0000000e+00
   2.4499850e-05  5.4362295e-05]
 [ 1.0534720e-03 -5.8472277e-05 -5.5528239e-05 -9.9241397e-06
   4.2062278e-05  0.0000000e+00 -5.7580291e-05  0.0000000e+00
   3.4525863e-05  5.5770313e-05]
 [ 9.8898367e-04 -5.7947127e-05 -5.5667788e-05 -1.0351776e-05
  -5.2525455e-05  0.0000000e+00 -5.5530767e-05  0.0000000e+00
   5.9290262e-05  5.6733308e-05]] 
Episode: 14: [[ 9.9040940e-04 -5.8408961e-05 -5.6657685e-05 -1.6913767e-05
   2.2329865e-05  0.0000000e+00  5.9993385e-05  0.0000000e+00
   1.6479054e-05  5.8416404e-05]
 [ 1.0549750e-03 -5.9081121e-05 -5.8106722e-05 -1.3730037e-05
   4.2404998e-05  0.0000000e+00  5.9585651e-05  0.0000000e+00
   2.1260172e-05  5.4921074e-05]
 [ 1.0554236e-03 -5.9885962e-05 -5.7194600e-05 -1.0482915e-05
   4.2128559e-05  0.0000000e+00 -5.9098773e-05  0.0000000e+00
   2.4499850e-05  5.4362295e-05]
 [ 1.0534720e-03 -5.8472277e-05 -5.5528239e-05 -9.9241397e-06
   4.2062278e-05  0.0000000e+00 -5.7580291e-05  0.0000000e+00
   3.4525863e-05  5.5770313e-05]
 [ 9.8898367e-04 -5.7947127e-05 -5.5667788e-05 -1.0351776e-05
  -5.2525455e-05  0.0000000e+00 -5.5530767e-05  0.0000000e+00
   5.9290262e-05  5.6733308e-05]] 
Episode: 15: [[ 9.9040940e-04 -5.8408961e-05 -5.6657685e-05 -1.6913767e-05
   2.2329865e-05  0.0000000e+00  5.9993385e-05  0.0000000e+00
   1.6479054e-05  5.8416404e-05]
 [ 1.0549750e-03 -5.9081121e-05 -5.8106722e-05 -1.3730037e-05
   4.2404998e-05  0.0000000e+00  5.9585651e-05  0.0000000e+00
   2.1260172e-05  5.4921074e-05]
 [ 1.0554236e-03 -5.9885962e-05 -5.7194600e-05 -1.0482915e-05
   4.2128559e-05  0.0000000e+00 -5.9098773e-05  0.0000000e+00
   2.4499850e-05  5.4362295e-05]
 [ 1.0534720e-03 -5.8472277e-05 -5.5528239e-05 -9.9241397e-06
   4.2062278e-05  0.0000000e+00 -5.7580291e-05  0.0000000e+00
   3.4525863e-05  5.5770313e-05]
 [ 9.8898367e-04 -5.7947127e-05 -5.5667788e-05 -1.0351776e-05
  -5.2525455e-05  0.0000000e+00 -5.5530767e-05  0.0000000e+00
   5.9290262e-05  5.6733308e-05]] 
Episode: 16: [[ 9.9040940e-04 -5.8408961e-05 -5.6657685e-05 -1.6913767e-05
   2.2329865e-05  0.0000000e+00  5.9993385e-05  0.0000000e+00
   1.6479054e-05  5.8416404e-05]
 [ 1.0549750e-03 -5.9081121e-05 -5.8106722e-05 -1.3730037e-05
   4.2404998e-05  0.0000000e+00  5.9585651e-05  0.0000000e+00
   2.1260172e-05  5.4921074e-05]
 [ 1.0554236e-03 -5.9885962e-05 -5.7194600e-05 -1.0482915e-05
   4.2128559e-05  0.0000000e+00 -5.9098773e-05  0.0000000e+00
   2.4499850e-05  5.4362295e-05]
 [ 1.0534720e-03 -5.8472277e-05 -5.5528239e-05 -9.9241397e-06
   4.2062278e-05  0.0000000e+00 -5.7580291e-05  0.0000000e+00
   3.4525863e-05  5.5770313e-05]
 [ 9.8898367e-04 -5.7947127e-05 -5.5667788e-05 -1.0351776e-05
  -5.2525455e-05  0.0000000e+00 -5.5530767e-05  0.0000000e+00
   5.9290262e-05  5.6733308e-05]] 
Episode: 17: [[ 9.9040940e-04 -5.8408961e-05 -5.6657685e-05 -1.6913767e-05
   2.2329865e-05  0.0000000e+00  5.9993385e-05  0.0000000e+00
   1.6479054e-05  5.8416404e-05]
 [ 1.0549750e-03 -5.9081121e-05 -5.8106722e-05 -1.3730037e-05
   4.2404998e-05  0.0000000e+00  5.9585651e-05  0.0000000e+00
   2.1260172e-05  5.4921074e-05]
 [ 1.0554236e-03 -5.9885962e-05 -5.7194600e-05 -1.0482915e-05
   4.2128559e-05  0.0000000e+00 -5.9098773e-05  0.0000000e+00
   2.4499850e-05  5.4362295e-05]
 [ 1.0534720e-03 -5.8472277e-05 -5.5528239e-05 -9.9241397e-06
   4.2062278e-05  0.0000000e+00 -5.7580291e-05  0.0000000e+00
   3.4525863e-05  5.5770313e-05]
 [ 9.8898367e-04 -5.7947127e-05 -5.5667788e-05 -1.0351776e-05
  -5.2525455e-05  0.0000000e+00 -5.5530767e-05  0.0000000e+00
   5.9290262e-05  5.6733308e-05]] 
Episode: 18: [[ 9.9040940e-04 -5.8408961e-05 -5.6657685e-05 -1.6913767e-05
   2.2329865e-05  0.0000000e+00  5.9993385e-05  0.0000000e+00
   1.6479054e-05  5.8416404e-05]
 [ 1.0549750e-03 -5.9081121e-05 -5.8106722e-05 -1.3730037e-05
   4.2404998e-05  0.0000000e+00  5.9585651e-05  0.0000000e+00
   2.1260172e-05  5.4921074e-05]
 [ 1.0554236e-03 -5.9885962e-05 -5.7194600e-05 -1.0482915e-05
   4.2128559e-05  0.0000000e+00 -5.9098773e-05  0.0000000e+00
   2.4499850e-05  5.4362295e-05]
 [ 1.0534720e-03 -5.8472277e-05 -5.5528239e-05 -9.9241397e-06
   4.2062278e-05  0.0000000e+00 -5.7580291e-05  0.0000000e+00
   3.4525863e-05  5.5770313e-05]
 [ 9.8898367e-04 -5.7947127e-05 -5.5667788e-05 -1.0351776e-05
  -5.2525455e-05  0.0000000e+00 -5.5530767e-05  0.0000000e+00
   5.9290262e-05  5.6733308e-05]] 
Episode: 19: [[ 9.9040940e-04 -5.8408961e-05 -5.6657685e-05 -1.6913767e-05
   2.2329865e-05  0.0000000e+00  5.9993385e-05  0.0000000e+00
   1.6479054e-05  5.8416404e-05]
 [ 1.0549750e-03 -5.9081121e-05 -5.8106722e-05 -1.3730037e-05
   4.2404998e-05  0.0000000e+00  5.9585651e-05  0.0000000e+00
   2.1260172e-05  5.4921074e-05]
 [ 1.0554236e-03 -5.9885962e-05 -5.7194600e-05 -1.0482915e-05
   4.2128559e-05  0.0000000e+00 -5.9098773e-05  0.0000000e+00
   2.4499850e-05  5.4362295e-05]
 [ 1.0534720e-03 -5.8472277e-05 -5.5528239e-05 -9.9241397e-06
   4.2062278e-05  0.0000000e+00 -5.7580291e-05  0.0000000e+00
   3.4525863e-05  5.5770313e-05]
 [ 9.8898367e-04 -5.7947127e-05 -5.5667788e-05 -1.0351776e-05
  -5.2525455e-05  0.0000000e+00 -5.5530767e-05  0.0000000e+00
   5.9290262e-05  5.6733308e-05]] 
Episode: 20: [[ 9.9040940e-04 -5.8408961e-05 -5.6657685e-05 -1.6913767e-05
   2.2329865e-05  0.0000000e+00  5.9993385e-05  0.0000000e+00
   1.6479054e-05  5.8416404e-05]
 [ 1.0549750e-03 -5.9081121e-05 -5.8106722e-05 -1.3730037e-05
   4.2404998e-05  0.0000000e+00  5.9585651e-05  0.0000000e+00
   2.1260172e-05  5.4921074e-05]
 [ 1.0554236e-03 -5.9885962e-05 -5.7194600e-05 -1.0482915e-05
   4.2128559e-05  0.0000000e+00 -5.9098773e-05  0.0000000e+00
   2.4499850e-05  5.4362295e-05]
 [ 1.0534720e-03 -5.8472277e-05 -5.5528239e-05 -9.9241397e-06
   4.2062278e-05  0.0000000e+00 -5.7580291e-05  0.0000000e+00
   3.4525863e-05  5.5770313e-05]
 [ 9.8898367e-04 -5.7947127e-05 -5.5667788e-05 -1.0351776e-05
  -5.2525455e-05  0.0000000e+00 -5.5530767e-05  0.0000000e+00
   5.9290262e-05  5.6733308e-05]] 
Episode: 21: [[ 9.9040940e-04 -5.8408961e-05 -5.6657685e-05 -1.6913767e-05
   2.2329865e-05  0.0000000e+00  5.9993385e-05  0.0000000e+00
   1.6479054e-05  5.8416404e-05]
 [ 1.0549750e-03 -5.9081121e-05 -5.8106722e-05 -1.3730037e-05
   4.2404998e-05  0.0000000e+00  5.9585651e-05  0.0000000e+00
   2.1260172e-05  5.4921074e-05]
 [ 1.0554236e-03 -5.9885962e-05 -5.7194600e-05 -1.0482915e-05
   4.2128559e-05  0.0000000e+00 -5.9098773e-05  0.0000000e+00
   2.4499850e-05  5.4362295e-05]
 [ 1.0534720e-03 -5.8472277e-05 -5.5528239e-05 -9.9241397e-06
   4.2062278e-05  0.0000000e+00 -5.7580291e-05  0.0000000e+00
   3.4525863e-05  5.5770313e-05]
 [ 9.8898367e-04 -5.7947127e-05 -5.5667788e-05 -1.0351776e-05
  -5.2525455e-05  0.0000000e+00 -5.5530767e-05  0.0000000e+00
   5.9290262e-05  5.6733308e-05]] 
Episode: 22: [[ 9.9040940e-04 -5.8408961e-05 -5.6657685e-05 -1.6913767e-05
   2.2329865e-05  0.0000000e+00  5.9993385e-05  0.0000000e+00
   1.6479054e-05  5.8416404e-05]
 [ 1.0549750e-03 -5.9081121e-05 -5.8106722e-05 -1.3730037e-05
   4.2404998e-05  0.0000000e+00  5.9585651e-05  0.0000000e+00
   2.1260172e-05  5.4921074e-05]
 [ 1.0554236e-03 -5.9885962e-05 -5.7194600e-05 -1.0482915e-05
   4.2128559e-05  0.0000000e+00 -5.9098773e-05  0.0000000e+00
   2.4499850e-05  5.4362295e-05]
 [ 1.0534720e-03 -5.8472277e-05 -5.5528239e-05 -9.9241397e-06
   4.2062278e-05  0.0000000e+00 -5.7580291e-05  0.0000000e+00
   3.4525863e-05  5.5770313e-05]
 [ 9.8898367e-04 -5.7947127e-05 -5.5667788e-05 -1.0351776e-05
  -5.2525455e-05  0.0000000e+00 -5.5530767e-05  0.0000000e+00
   5.9290262e-05  5.6733308e-05]] 
Episode: 23: [[ 9.9040940e-04 -5.8408961e-05 -5.6657685e-05 -1.6913767e-05
   2.2329865e-05  0.0000000e+00  5.9993385e-05  0.0000000e+00
   1.6479054e-05  5.8416404e-05]
 [ 1.0549750e-03 -5.9081121e-05 -5.8106722e-05 -1.3730037e-05
   4.2404998e-05  0.0000000e+00  5.9585651e-05  0.0000000e+00
   2.1260172e-05  5.4921074e-05]
 [ 1.0554236e-03 -5.9885962e-05 -5.7194600e-05 -1.0482915e-05
   4.2128559e-05  0.0000000e+00 -5.9098773e-05  0.0000000e+00
   2.4499850e-05  5.4362295e-05]
 [ 1.0534720e-03 -5.8472277e-05 -5.5528239e-05 -9.9241397e-06
   4.2062278e-05  0.0000000e+00 -5.7580291e-05  0.0000000e+00
   3.4525863e-05  5.5770313e-05]
 [ 9.8898367e-04 -5.7947127e-05 -5.5667788e-05 -1.0351776e-05
  -5.2525455e-05  0.0000000e+00 -5.5530767e-05  0.0000000e+00
   5.9290262e-05  5.6733308e-05]] 
Episode: 24: [[ 9.9040940e-04 -5.8408961e-05 -5.6657685e-05 -1.6913767e-05
   2.2329865e-05  0.0000000e+00  5.9993385e-05  0.0000000e+00
   1.6479054e-05  5.8416404e-05]
 [ 1.0549750e-03 -5.9081121e-05 -5.8106722e-05 -1.3730037e-05
   4.2404998e-05  0.0000000e+00  5.9585651e-05  0.0000000e+00
   2.1260172e-05  5.4921074e-05]
 [ 1.0554236e-03 -5.9885962e-05 -5.7194600e-05 -1.0482915e-05
   4.2128559e-05  0.0000000e+00 -5.9098773e-05  0.0000000e+00
   2.4499850e-05  5.4362295e-05]
 [ 1.0534720e-03 -5.8472277e-05 -5.5528239e-05 -9.9241397e-06
   4.2062278e-05  0.0000000e+00 -5.7580291e-05  0.0000000e+00
   3.4525863e-05  5.5770313e-05]
 [ 9.8898367e-04 -5.7947127e-05 -5.5667788e-05 -1.0351776e-05
  -5.2525455e-05  0.0000000e+00 -5.5530767e-05  0.0000000e+00
   5.9290262e-05  5.6733308e-05]] 
Episode: 25: [[ 9.9040940e-04 -5.8408961e-05 -5.6657685e-05 -1.6913767e-05
   2.2329865e-05  0.0000000e+00  5.9993385e-05  0.0000000e+00
   1.6479054e-05  5.8416404e-05]
 [ 1.0549750e-03 -5.9081121e-05 -5.8106722e-05 -1.3730037e-05
   4.2404998e-05  0.0000000e+00  5.9585651e-05  0.0000000e+00
   2.1260172e-05  5.4921074e-05]
 [ 1.0554236e-03 -5.9885962e-05 -5.7194600e-05 -1.0482915e-05
   4.2128559e-05  0.0000000e+00 -5.9098773e-05  0.0000000e+00
   2.4499850e-05  5.4362295e-05]
 [ 1.0534720e-03 -5.8472277e-05 -5.5528239e-05 -9.9241397e-06
   4.2062278e-05  0.0000000e+00 -5.7580291e-05  0.0000000e+00
   3.4525863e-05  5.5770313e-05]
 [ 9.8898367e-04 -5.7947127e-05 -5.5667788e-05 -1.0351776e-05
  -5.2525455e-05  0.0000000e+00 -5.5530767e-05  0.0000000e+00
   5.9290262e-05  5.6733308e-05]] 
Episode: 26: [[ 9.9040940e-04 -5.8408961e-05 -5.6657685e-05 -1.6913767e-05
   2.2329865e-05  0.0000000e+00  5.9993385e-05  0.0000000e+00
   1.6479054e-05  5.8416404e-05]
 [ 1.0549750e-03 -5.9081121e-05 -5.8106722e-05 -1.3730037e-05
   4.2404998e-05  0.0000000e+00  5.9585651e-05  0.0000000e+00
   2.1260172e-05  5.4921074e-05]
 [ 1.0554236e-03 -5.9885962e-05 -5.7194600e-05 -1.0482915e-05
   4.2128559e-05  0.0000000e+00 -5.9098773e-05  0.0000000e+00
   2.4499850e-05  5.4362295e-05]
 [ 1.0534720e-03 -5.8472277e-05 -5.5528239e-05 -9.9241397e-06
   4.2062278e-05  0.0000000e+00 -5.7580291e-05  0.0000000e+00
   3.4525863e-05  5.5770313e-05]
 [ 9.8898367e-04 -5.7947127e-05 -5.5667788e-05 -1.0351776e-05
  -5.2525455e-05  0.0000000e+00 -5.5530767e-05  0.0000000e+00
   5.9290262e-05  5.6733308e-05]] 
Episode: 27: [[ 9.9040940e-04 -5.8408961e-05 -5.6657685e-05 -1.6913767e-05
   2.2329865e-05  0.0000000e+00  5.9993385e-05  0.0000000e+00
   1.6479054e-05  5.8416404e-05]
 [ 1.0549750e-03 -5.9081121e-05 -5.8106722e-05 -1.3730037e-05
   4.2404998e-05  0.0000000e+00  5.9585651e-05  0.0000000e+00
   2.1260172e-05  5.4921074e-05]
 [ 1.0554236e-03 -5.9885962e-05 -5.7194600e-05 -1.0482915e-05
   4.2128559e-05  0.0000000e+00 -5.9098773e-05  0.0000000e+00
   2.4499850e-05  5.4362295e-05]
 [ 1.0534720e-03 -5.8472277e-05 -5.5528239e-05 -9.9241397e-06
   4.2062278e-05  0.0000000e+00 -5.7580291e-05  0.0000000e+00
   3.4525863e-05  5.5770313e-05]
 [ 9.8898367e-04 -5.7947127e-05 -5.5667788e-05 -1.0351776e-05
  -5.2525455e-05  0.0000000e+00 -5.5530767e-05  0.0000000e+00
   5.9290262e-05  5.6733308e-05]] 
Episode: 28: [[ 9.9040940e-04 -5.8408961e-05 -5.6657685e-05 -1.6913767e-05
   2.2329865e-05  0.0000000e+00  5.9993385e-05  0.0000000e+00
   1.6479054e-05  5.8416404e-05]
 [ 1.0549750e-03 -5.9081121e-05 -5.8106722e-05 -1.3730037e-05
   4.2404998e-05  0.0000000e+00  5.9585651e-05  0.0000000e+00
   2.1260172e-05  5.4921074e-05]
 [ 1.0554236e-03 -5.9885962e-05 -5.7194600e-05 -1.0482915e-05
   4.2128559e-05  0.0000000e+00 -5.9098773e-05  0.0000000e+00
   2.4499850e-05  5.4362295e-05]
 [ 1.0534720e-03 -5.8472277e-05 -5.5528239e-05 -9.9241397e-06
   4.2062278e-05  0.0000000e+00 -5.7580291e-05  0.0000000e+00
   3.4525863e-05  5.5770313e-05]
 [ 9.8898367e-04 -5.7947127e-05 -5.5667788e-05 -1.0351776e-05
  -5.2525455e-05  0.0000000e+00 -5.5530767e-05  0.0000000e+00
   5.9290262e-05  5.6733308e-05]] 
Episode: 29: [[ 9.9040940e-04 -5.8408961e-05 -5.6657685e-05 -1.6913767e-05
   2.2329865e-05  0.0000000e+00  5.9993385e-05  0.0000000e+00
   1.6479054e-05  5.8416404e-05]
 [ 1.0549750e-03 -5.9081121e-05 -5.8106722e-05 -1.3730037e-05
   4.2404998e-05  0.0000000e+00  5.9585651e-05  0.0000000e+00
   2.1260172e-05  5.4921074e-05]
 [ 1.0554236e-03 -5.9885962e-05 -5.7194600e-05 -1.0482915e-05
   4.2128559e-05  0.0000000e+00 -5.9098773e-05  0.0000000e+00
   2.4499850e-05  5.4362295e-05]
 [ 1.0534720e-03 -5.8472277e-05 -5.5528239e-05 -9.9241397e-06
   4.2062278e-05  0.0000000e+00 -5.7580291e-05  0.0000000e+00
   3.4525863e-05  5.5770313e-05]
 [ 9.8898367e-04 -5.7947127e-05 -5.5667788e-05 -1.0351776e-05
  -5.2525455e-05  0.0000000e+00 -5.5530767e-05  0.0000000e+00
   5.9290262e-05  5.6733308e-05]] 
Episode: 30: [[ 9.9040940e-04 -5.8408961e-05 -5.6657685e-05 -1.6913767e-05
   2.2329865e-05  0.0000000e+00  5.9993385e-05  0.0000000e+00
   1.6479054e-05  5.8416404e-05]
 [ 1.0549750e-03 -5.9081121e-05 -5.8106722e-05 -1.3730037e-05
   4.2404998e-05  0.0000000e+00  5.9585651e-05  0.0000000e+00
   2.1260172e-05  5.4921074e-05]
 [ 1.0554236e-03 -5.9885962e-05 -5.7194600e-05 -1.0482915e-05
   4.2128559e-05  0.0000000e+00 -5.9098773e-05  0.0000000e+00
   2.4499850e-05  5.4362295e-05]
 [ 1.0534720e-03 -5.8472277e-05 -5.5528239e-05 -9.9241397e-06
   4.2062278e-05  0.0000000e+00 -5.7580291e-05  0.0000000e+00
   3.4525863e-05  5.5770313e-05]
 [ 9.8898367e-04 -5.7947127e-05 -5.5667788e-05 -1.0351776e-05
  -5.2525455e-05  0.0000000e+00 -5.5530767e-05  0.0000000e+00
   5.9290262e-05  5.6733308e-05]] 
Episode: 31: [[ 9.9040940e-04 -5.8408961e-05 -5.6657685e-05 -1.6913767e-05
   2.2329865e-05  0.0000000e+00  5.9993385e-05  0.0000000e+00
   1.6479054e-05  5.8416404e-05]
 [ 1.0549750e-03 -5.9081121e-05 -5.8106722e-05 -1.3730037e-05
   4.2404998e-05  0.0000000e+00  5.9585651e-05  0.0000000e+00
   2.1260172e-05  5.4921074e-05]
 [ 1.0554236e-03 -5.9885962e-05 -5.7194600e-05 -1.0482915e-05
   4.2128559e-05  0.0000000e+00 -5.9098773e-05  0.0000000e+00
   2.4499850e-05  5.4362295e-05]
 [ 1.0534720e-03 -5.8472277e-05 -5.5528239e-05 -9.9241397e-06
   4.2062278e-05  0.0000000e+00 -5.7580291e-05  0.0000000e+00
   3.4525863e-05  5.5770313e-05]
 [ 9.8898367e-04 -5.7947127e-05 -5.5667788e-05 -1.0351776e-05
  -5.2525455e-05  0.0000000e+00 -5.5530767e-05  0.0000000e+00
   5.9290262e-05  5.6733308e-05]] 
Episode: 32: [[ 9.9040940e-04 -5.8408961e-05 -5.6657685e-05 -1.6913767e-05
   2.2329865e-05  0.0000000e+00  5.9993385e-05  0.0000000e+00
   1.6479054e-05  5.8416404e-05]
 [ 1.0549750e-03 -5.9081121e-05 -5.8106722e-05 -1.3730037e-05
   4.2404998e-05  0.0000000e+00  5.9585651e-05  0.0000000e+00
   2.1260172e-05  5.4921074e-05]
 [ 1.0554236e-03 -5.9885962e-05 -5.7194600e-05 -1.0482915e-05
   4.2128559e-05  0.0000000e+00 -5.9098773e-05  0.0000000e+00
   2.4499850e-05  5.4362295e-05]
 [ 1.0534720e-03 -5.8472277e-05 -5.5528239e-05 -9.9241397e-06
   4.2062278e-05  0.0000000e+00 -5.7580291e-05  0.0000000e+00
   3.4525863e-05  5.5770313e-05]
 [ 9.8898367e-04 -5.7947127e-05 -5.5667788e-05 -1.0351776e-05
  -5.2525455e-05  0.0000000e+00 -5.5530767e-05  0.0000000e+00
   5.9290262e-05  5.6733308e-05]] 
Episode: 33: [[ 9.9040940e-04 -5.8408961e-05 -5.6657685e-05 -1.6913767e-05
   2.2329865e-05  0.0000000e+00  5.9993385e-05  0.0000000e+00
   1.6479054e-05  5.8416404e-05]
 [ 1.0549750e-03 -5.9081121e-05 -5.8106722e-05 -1.3730037e-05
   4.2404998e-05  0.0000000e+00  5.9585651e-05  0.0000000e+00
   2.1260172e-05  5.4921074e-05]
 [ 1.0554236e-03 -5.9885962e-05 -5.7194600e-05 -1.0482915e-05
   4.2128559e-05  0.0000000e+00 -5.9098773e-05  0.0000000e+00
   2.4499850e-05  5.4362295e-05]
 [ 1.0534720e-03 -5.8472277e-05 -5.5528239e-05 -9.9241397e-06
   4.2062278e-05  0.0000000e+00 -5.7580291e-05  0.0000000e+00
   3.4525863e-05  5.5770313e-05]
 [ 9.8898367e-04 -5.7947127e-05 -5.5667788e-05 -1.0351776e-05
  -5.2525455e-05  0.0000000e+00 -5.5530767e-05  0.0000000e+00
   5.9290262e-05  5.6733308e-05]] 
Episode: 34: [[ 9.9040940e-04 -5.8408961e-05 -5.6657685e-05 -1.6913767e-05
   2.2329865e-05  0.0000000e+00  5.9993385e-05  0.0000000e+00
   1.6479054e-05  5.8416404e-05]
 [ 1.0549750e-03 -5.9081121e-05 -5.8106722e-05 -1.3730037e-05
   4.2404998e-05  0.0000000e+00  5.9585651e-05  0.0000000e+00
   2.1260172e-05  5.4921074e-05]
 [ 1.0554236e-03 -5.9885962e-05 -5.7194600e-05 -1.0482915e-05
   4.2128559e-05  0.0000000e+00 -5.9098773e-05  0.0000000e+00
   2.4499850e-05  5.4362295e-05]
 [ 1.0534720e-03 -5.8472277e-05 -5.5528239e-05 -9.9241397e-06
   4.2062278e-05  0.0000000e+00 -5.7580291e-05  0.0000000e+00
   3.4525863e-05  5.5770313e-05]
 [ 9.8898367e-04 -5.7947127e-05 -5.5667788e-05 -1.0351776e-05
  -5.2525455e-05  0.0000000e+00 -5.5530767e-05  0.0000000e+00
   5.9290262e-05  5.6733308e-05]] 
Episode: 35: [[ 9.9040940e-04 -5.8408961e-05 -5.6657685e-05 -1.6913767e-05
   2.2329865e-05  0.0000000e+00  5.9993385e-05  0.0000000e+00
   1.6479054e-05  5.8416404e-05]
 [ 1.0549750e-03 -5.9081121e-05 -5.8106722e-05 -1.3730037e-05
   4.2404998e-05  0.0000000e+00  5.9585651e-05  0.0000000e+00
   2.1260172e-05  5.4921074e-05]
 [ 1.0554236e-03 -5.9885962e-05 -5.7194600e-05 -1.0482915e-05
   4.2128559e-05  0.0000000e+00 -5.9098773e-05  0.0000000e+00
   2.4499850e-05  5.4362295e-05]
 [ 1.0534720e-03 -5.8472277e-05 -5.5528239e-05 -9.9241397e-06
   4.2062278e-05  0.0000000e+00 -5.7580291e-05  0.0000000e+00
   3.4525863e-05  5.5770313e-05]
 [ 9.8898367e-04 -5.7947127e-05 -5.5667788e-05 -1.0351776e-05
  -5.2525455e-05  0.0000000e+00 -5.5530767e-05  0.0000000e+00
   5.9290262e-05  5.6733308e-05]] 
Episode: 36: [[ 9.9040940e-04 -5.8408961e-05 -5.6657685e-05 -1.6913767e-05
   2.2329865e-05  0.0000000e+00  5.9993385e-05  0.0000000e+00
   1.6479054e-05  5.8416404e-05]
 [ 1.0549750e-03 -5.9081121e-05 -5.8106722e-05 -1.3730037e-05
   4.2404998e-05  0.0000000e+00  5.9585651e-05  0.0000000e+00
   2.1260172e-05  5.4921074e-05]
 [ 1.0554236e-03 -5.9885962e-05 -5.7194600e-05 -1.0482915e-05
   4.2128559e-05  0.0000000e+00 -5.9098773e-05  0.0000000e+00
   2.4499850e-05  5.4362295e-05]
 [ 1.0534720e-03 -5.8472277e-05 -5.5528239e-05 -9.9241397e-06
   4.2062278e-05  0.0000000e+00 -5.7580291e-05  0.0000000e+00
   3.4525863e-05  5.5770313e-05]
 [ 9.8898367e-04 -5.7947127e-05 -5.5667788e-05 -1.0351776e-05
  -5.2525455e-05  0.0000000e+00 -5.5530767e-05  0.0000000e+00
   5.9290262e-05  5.6733308e-05]] 
Episode: 37: [[ 9.9040940e-04 -5.8408961e-05 -5.6657685e-05 -1.6913767e-05
   2.2329865e-05  0.0000000e+00  5.9993385e-05  0.0000000e+00
   1.6479054e-05  5.8416404e-05]
 [ 1.0549750e-03 -5.9081121e-05 -5.8106722e-05 -1.3730037e-05
   4.2404998e-05  0.0000000e+00  5.9585651e-05  0.0000000e+00
   2.1260172e-05  5.4921074e-05]
 [ 1.0554236e-03 -5.9885962e-05 -5.7194600e-05 -1.0482915e-05
   4.2128559e-05  0.0000000e+00 -5.9098773e-05  0.0000000e+00
   2.4499850e-05  5.4362295e-05]
 [ 1.0534720e-03 -5.8472277e-05 -5.5528239e-05 -9.9241397e-06
   4.2062278e-05  0.0000000e+00 -5.7580291e-05  0.0000000e+00
   3.4525863e-05  5.5770313e-05]
 [ 9.8898367e-04 -5.7947127e-05 -5.5667788e-05 -1.0351776e-05
  -5.2525455e-05  0.0000000e+00 -5.5530767e-05  0.0000000e+00
   5.9290262e-05  5.6733308e-05]] 
Episode: 38: [[ 9.9040940e-04 -5.8408961e-05 -5.6657685e-05 -1.6913767e-05
   2.2329865e-05  0.0000000e+00  5.9993385e-05  0.0000000e+00
   1.6479054e-05  5.8416404e-05]
 [ 1.0549750e-03 -5.9081121e-05 -5.8106722e-05 -1.3730037e-05
   4.2404998e-05  0.0000000e+00  5.9585651e-05  0.0000000e+00
   2.1260172e-05  5.4921074e-05]
 [ 1.0554236e-03 -5.9885962e-05 -5.7194600e-05 -1.0482915e-05
   4.2128559e-05  0.0000000e+00 -5.9098773e-05  0.0000000e+00
   2.4499850e-05  5.4362295e-05]
 [ 1.0534720e-03 -5.8472277e-05 -5.5528239e-05 -9.9241397e-06
   4.2062278e-05  0.0000000e+00 -5.7580291e-05  0.0000000e+00
   3.4525863e-05  5.5770313e-05]
 [ 9.8898367e-04 -5.7947127e-05 -5.5667788e-05 -1.0351776e-05
  -5.2525455e-05  0.0000000e+00 -5.5530767e-05  0.0000000e+00
   5.9290262e-05  5.6733308e-05]] 
Episode: 39: [[ 9.9040940e-04 -5.8408961e-05 -5.6657685e-05 -1.6913767e-05
   2.2329865e-05  0.0000000e+00  5.9993385e-05  0.0000000e+00
   1.6479054e-05  5.8416404e-05]
 [ 1.0549750e-03 -5.9081121e-05 -5.8106722e-05 -1.3730037e-05
   4.2404998e-05  0.0000000e+00  5.9585651e-05  0.0000000e+00
   2.1260172e-05  5.4921074e-05]
 [ 1.0554236e-03 -5.9885962e-05 -5.7194600e-05 -1.0482915e-05
   4.2128559e-05  0.0000000e+00 -5.9098773e-05  0.0000000e+00
   2.4499850e-05  5.4362295e-05]
 [ 1.0534720e-03 -5.8472277e-05 -5.5528239e-05 -9.9241397e-06
   4.2062278e-05  0.0000000e+00 -5.7580291e-05  0.0000000e+00
   3.4525863e-05  5.5770313e-05]
 [ 9.8898367e-04 -5.7947127e-05 -5.5667788e-05 -1.0351776e-05
  -5.2525455e-05  0.0000000e+00 -5.5530767e-05  0.0000000e+00
   5.9290262e-05  5.6733308e-05]] 
Episode: 40: [[ 9.9040940e-04 -5.8408961e-05 -5.6657685e-05 -1.6913767e-05
   2.2329865e-05  0.0000000e+00  5.9993385e-05  0.0000000e+00
   1.6479054e-05  5.8416404e-05]
 [ 1.0549750e-03 -5.9081121e-05 -5.8106722e-05 -1.3730037e-05
   4.2404998e-05  0.0000000e+00  5.9585651e-05  0.0000000e+00
   2.1260172e-05  5.4921074e-05]
 [ 1.0554236e-03 -5.9885962e-05 -5.7194600e-05 -1.0482915e-05
   4.2128559e-05  0.0000000e+00 -5.9098773e-05  0.0000000e+00
   2.4499850e-05  5.4362295e-05]
 [ 1.0534720e-03 -5.8472277e-05 -5.5528239e-05 -9.9241397e-06
   4.2062278e-05  0.0000000e+00 -5.7580291e-05  0.0000000e+00
   3.4525863e-05  5.5770313e-05]
 [ 9.8898367e-04 -5.7947127e-05 -5.5667788e-05 -1.0351776e-05
  -5.2525455e-05  0.0000000e+00 -5.5530767e-05  0.0000000e+00
   5.9290262e-05  5.6733308e-05]] 
Episode: 41: [[ 9.9040940e-04 -5.8408961e-05 -5.6657685e-05 -1.6913767e-05
   2.2329865e-05  0.0000000e+00  5.9993385e-05  0.0000000e+00
   1.6479054e-05  5.8416404e-05]
 [ 1.0549750e-03 -5.9081121e-05 -5.8106722e-05 -1.3730037e-05
   4.2404998e-05  0.0000000e+00  5.9585651e-05  0.0000000e+00
   2.1260172e-05  5.4921074e-05]
 [ 1.0554236e-03 -5.9885962e-05 -5.7194600e-05 -1.0482915e-05
   4.2128559e-05  0.0000000e+00 -5.9098773e-05  0.0000000e+00
   2.4499850e-05  5.4362295e-05]
 [ 1.0534720e-03 -5.8472277e-05 -5.5528239e-05 -9.9241397e-06
   4.2062278e-05  0.0000000e+00 -5.7580291e-05  0.0000000e+00
   3.4525863e-05  5.5770313e-05]
 [ 9.8898367e-04 -5.7947127e-05 -5.5667788e-05 -1.0351776e-05
  -5.2525455e-05  0.0000000e+00 -5.5530767e-05  0.0000000e+00
   5.9290262e-05  5.6733308e-05]] 
Episode: 42: [[ 9.9040940e-04 -5.8408961e-05 -5.6657685e-05 -1.6913767e-05
   2.2329865e-05  0.0000000e+00  5.9993385e-05  0.0000000e+00
   1.6479054e-05  5.8416404e-05]
 [ 1.0549750e-03 -5.9081121e-05 -5.8106722e-05 -1.3730037e-05
   4.2404998e-05  0.0000000e+00  5.9585651e-05  0.0000000e+00
   2.1260172e-05  5.4921074e-05]
 [ 1.0554236e-03 -5.9885962e-05 -5.7194600e-05 -1.0482915e-05
   4.2128559e-05  0.0000000e+00 -5.9098773e-05  0.0000000e+00
   2.4499850e-05  5.4362295e-05]
 [ 1.0534720e-03 -5.8472277e-05 -5.5528239e-05 -9.9241397e-06
   4.2062278e-05  0.0000000e+00 -5.7580291e-05  0.0000000e+00
   3.4525863e-05  5.5770313e-05]
 [ 9.8898367e-04 -5.7947127e-05 -5.5667788e-05 -1.0351776e-05
  -5.2525455e-05  0.0000000e+00 -5.5530767e-05  0.0000000e+00
   5.9290262e-05  5.6733308e-05]] 
Episode: 43: [[ 9.9040940e-04 -5.8408961e-05 -5.6657685e-05 -1.6913767e-05
   2.2329865e-05  0.0000000e+00  5.9993385e-05  0.0000000e+00
   1.6479054e-05  5.8416404e-05]
 [ 1.0549750e-03 -5.9081121e-05 -5.8106722e-05 -1.3730037e-05
   4.2404998e-05  0.0000000e+00  5.9585651e-05  0.0000000e+00
   2.1260172e-05  5.4921074e-05]
 [ 1.0554236e-03 -5.9885962e-05 -5.7194600e-05 -1.0482915e-05
   4.2128559e-05  0.0000000e+00 -5.9098773e-05  0.0000000e+00
   2.4499850e-05  5.4362295e-05]
 [ 1.0534720e-03 -5.8472277e-05 -5.5528239e-05 -9.9241397e-06
   4.2062278e-05  0.0000000e+00 -5.7580291e-05  0.0000000e+00
   3.4525863e-05  5.5770313e-05]
 [ 9.8898367e-04 -5.7947127e-05 -5.5667788e-05 -1.0351776e-05
  -5.2525455e-05  0.0000000e+00 -5.5530767e-05  0.0000000e+00
   5.9290262e-05  5.6733308e-05]] 
Episode: 44: [[ 9.9040940e-04 -5.8408961e-05 -5.6657685e-05 -1.6913767e-05
   2.2329865e-05  0.0000000e+00  5.9993385e-05  0.0000000e+00
   1.6479054e-05  5.8416404e-05]
 [ 1.0549750e-03 -5.9081121e-05 -5.8106722e-05 -1.3730037e-05
   4.2404998e-05  0.0000000e+00  5.9585651e-05  0.0000000e+00
   2.1260172e-05  5.4921074e-05]
 [ 1.0554236e-03 -5.9885962e-05 -5.7194600e-05 -1.0482915e-05
   4.2128559e-05  0.0000000e+00 -5.9098773e-05  0.0000000e+00
   2.4499850e-05  5.4362295e-05]
 [ 1.0534720e-03 -5.8472277e-05 -5.5528239e-05 -9.9241397e-06
   4.2062278e-05  0.0000000e+00 -5.7580291e-05  0.0000000e+00
   3.4525863e-05  5.5770313e-05]
 [ 9.8898367e-04 -5.7947127e-05 -5.5667788e-05 -1.0351776e-05
  -5.2525455e-05  0.0000000e+00 -5.5530767e-05  0.0000000e+00
   5.9290262e-05  5.6733308e-05]] 
Episode: 45: [[ 9.9040940e-04 -5.8408961e-05 -5.6657685e-05 -1.6913767e-05
   2.2329865e-05  0.0000000e+00  5.9993385e-05  0.0000000e+00
   1.6479054e-05  5.8416404e-05]
 [ 1.0549750e-03 -5.9081121e-05 -5.8106722e-05 -1.3730037e-05
   4.2404998e-05  0.0000000e+00  5.9585651e-05  0.0000000e+00
   2.1260172e-05  5.4921074e-05]
 [ 1.0554236e-03 -5.9885962e-05 -5.7194600e-05 -1.0482915e-05
   4.2128559e-05  0.0000000e+00 -5.9098773e-05  0.0000000e+00
   2.4499850e-05  5.4362295e-05]
 [ 1.0534720e-03 -5.8472277e-05 -5.5528239e-05 -9.9241397e-06
   4.2062278e-05  0.0000000e+00 -5.7580291e-05  0.0000000e+00
   3.4525863e-05  5.5770313e-05]
 [ 9.8898367e-04 -5.7947127e-05 -5.5667788e-05 -1.0351776e-05
  -5.2525455e-05  0.0000000e+00 -5.5530767e-05  0.0000000e+00
   5.9290262e-05  5.6733308e-05]] 
Episode: 46: [[ 9.9040940e-04 -5.8408961e-05 -5.6657685e-05 -1.6913767e-05
   2.2329865e-05  0.0000000e+00  5.9993385e-05  0.0000000e+00
   1.6479054e-05  5.8416404e-05]
 [ 1.0549750e-03 -5.9081121e-05 -5.8106722e-05 -1.3730037e-05
   4.2404998e-05  0.0000000e+00  5.9585651e-05  0.0000000e+00
   2.1260172e-05  5.4921074e-05]
 [ 1.0554236e-03 -5.9885962e-05 -5.7194600e-05 -1.0482915e-05
   4.2128559e-05  0.0000000e+00 -5.9098773e-05  0.0000000e+00
   2.4499850e-05  5.4362295e-05]
 [ 1.0534720e-03 -5.8472277e-05 -5.5528239e-05 -9.9241397e-06
   4.2062278e-05  0.0000000e+00 -5.7580291e-05  0.0000000e+00
   3.4525863e-05  5.5770313e-05]
 [ 9.8898367e-04 -5.7947127e-05 -5.5667788e-05 -1.0351776e-05
  -5.2525455e-05  0.0000000e+00 -5.5530767e-05  0.0000000e+00
   5.9290262e-05  5.6733308e-05]] 
Episode: 47: [[ 9.9040940e-04 -5.8408961e-05 -5.6657685e-05 -1.6913767e-05
   2.2329865e-05  0.0000000e+00  5.9993385e-05  0.0000000e+00
   1.6479054e-05  5.8416404e-05]
 [ 1.0549750e-03 -5.9081121e-05 -5.8106722e-05 -1.3730037e-05
   4.2404998e-05  0.0000000e+00  5.9585651e-05  0.0000000e+00
   2.1260172e-05  5.4921074e-05]
 [ 1.0554236e-03 -5.9885962e-05 -5.7194600e-05 -1.0482915e-05
   4.2128559e-05  0.0000000e+00 -5.9098773e-05  0.0000000e+00
   2.4499850e-05  5.4362295e-05]
 [ 1.0534720e-03 -5.8472277e-05 -5.5528239e-05 -9.9241397e-06
   4.2062278e-05  0.0000000e+00 -5.7580291e-05  0.0000000e+00
   3.4525863e-05  5.5770313e-05]
 [ 9.8898367e-04 -5.7947127e-05 -5.5667788e-05 -1.0351776e-05
  -5.2525455e-05  0.0000000e+00 -5.5530767e-05  0.0000000e+00
   5.9290262e-05  5.6733308e-05]] 
Episode: 48: [[ 9.9040940e-04 -5.8408961e-05 -5.6657685e-05 -1.6913767e-05
   2.2329865e-05  0.0000000e+00  5.9993385e-05  0.0000000e+00
   1.6479054e-05  5.8416404e-05]
 [ 1.0549750e-03 -5.9081121e-05 -5.8106722e-05 -1.3730037e-05
   4.2404998e-05  0.0000000e+00  5.9585651e-05  0.0000000e+00
   2.1260172e-05  5.4921074e-05]
 [ 1.0554236e-03 -5.9885962e-05 -5.7194600e-05 -1.0482915e-05
   4.2128559e-05  0.0000000e+00 -5.9098773e-05  0.0000000e+00
   2.4499850e-05  5.4362295e-05]
 [ 1.0534720e-03 -5.8472277e-05 -5.5528239e-05 -9.9241397e-06
   4.2062278e-05  0.0000000e+00 -5.7580291e-05  0.0000000e+00
   3.4525863e-05  5.5770313e-05]
 [ 9.8898367e-04 -5.7947127e-05 -5.5667788e-05 -1.0351776e-05
  -5.2525455e-05  0.0000000e+00 -5.5530767e-05  0.0000000e+00
   5.9290262e-05  5.6733308e-05]] 
Episode: 49: [[ 9.9040940e-04 -5.8408961e-05 -5.6657685e-05 -1.6913767e-05
   2.2329865e-05  0.0000000e+00  5.9993385e-05  0.0000000e+00
   1.6479054e-05  5.8416404e-05]
 [ 1.0549750e-03 -5.9081121e-05 -5.8106722e-05 -1.3730037e-05
   4.2404998e-05  0.0000000e+00  5.9585651e-05  0.0000000e+00
   2.1260172e-05  5.4921074e-05]
 [ 1.0554236e-03 -5.9885962e-05 -5.7194600e-05 -1.0482915e-05
   4.2128559e-05  0.0000000e+00 -5.9098773e-05  0.0000000e+00
   2.4499850e-05  5.4362295e-05]
 [ 1.0534720e-03 -5.8472277e-05 -5.5528239e-05 -9.9241397e-06
   4.2062278e-05  0.0000000e+00 -5.7580291e-05  0.0000000e+00
   3.4525863e-05  5.5770313e-05]
 [ 9.8898367e-04 -5.7947127e-05 -5.5667788e-05 -1.0351776e-05
  -5.2525455e-05  0.0000000e+00 -5.5530767e-05  0.0000000e+00
   5.9290262e-05  5.6733308e-05]] 
Episode: 50: [[ 9.9040940e-04 -5.8408961e-05 -5.6657685e-05 -1.6913767e-05
   2.2329865e-05  0.0000000e+00  5.9993385e-05  0.0000000e+00
   1.6479054e-05  5.8416404e-05]
 [ 1.0549750e-03 -5.9081121e-05 -5.8106722e-05 -1.3730037e-05
   4.2404998e-05  0.0000000e+00  5.9585651e-05  0.0000000e+00
   2.1260172e-05  5.4921074e-05]
 [ 1.0554236e-03 -5.9885962e-05 -5.7194600e-05 -1.0482915e-05
   4.2128559e-05  0.0000000e+00 -5.9098773e-05  0.0000000e+00
   2.4499850e-05  5.4362295e-05]
 [ 1.0534720e-03 -5.8472277e-05 -5.5528239e-05 -9.9241397e-06
   4.2062278e-05  0.0000000e+00 -5.7580291e-05  0.0000000e+00
   3.4525863e-05  5.5770313e-05]
 [ 9.8898367e-04 -5.7947127e-05 -5.5667788e-05 -1.0351776e-05
  -5.2525455e-05  0.0000000e+00 -5.5530767e-05  0.0000000e+00
   5.9290262e-05  5.6733308e-05]] 
Episode: 51: [[ 9.9040940e-04 -5.8408961e-05 -5.6657685e-05 -1.6913767e-05
   2.2329865e-05  0.0000000e+00  5.9993385e-05  0.0000000e+00
   1.6479054e-05  5.8416404e-05]
 [ 1.0549750e-03 -5.9081121e-05 -5.8106722e-05 -1.3730037e-05
   4.2404998e-05  0.0000000e+00  5.9585651e-05  0.0000000e+00
   2.1260172e-05  5.4921074e-05]
 [ 1.0554236e-03 -5.9885962e-05 -5.7194600e-05 -1.0482915e-05
   4.2128559e-05  0.0000000e+00 -5.9098773e-05  0.0000000e+00
   2.4499850e-05  5.4362295e-05]
 [ 1.0534720e-03 -5.8472277e-05 -5.5528239e-05 -9.9241397e-06
   4.2062278e-05  0.0000000e+00 -5.7580291e-05  0.0000000e+00
   3.4525863e-05  5.5770313e-05]
 [ 9.8898367e-04 -5.7947127e-05 -5.5667788e-05 -1.0351776e-05
  -5.2525455e-05  0.0000000e+00 -5.5530767e-05  0.0000000e+00
   5.9290262e-05  5.6733308e-05]] 
Episode: 52: [[ 9.9040940e-04 -5.8408961e-05 -5.6657685e-05 -1.6913767e-05
   2.2329865e-05  0.0000000e+00  5.9993385e-05  0.0000000e+00
   1.6479054e-05  5.8416404e-05]
 [ 1.0549750e-03 -5.9081121e-05 -5.8106722e-05 -1.3730037e-05
   4.2404998e-05  0.0000000e+00  5.9585651e-05  0.0000000e+00
   2.1260172e-05  5.4921074e-05]
 [ 1.0554236e-03 -5.9885962e-05 -5.7194600e-05 -1.0482915e-05
   4.2128559e-05  0.0000000e+00 -5.9098773e-05  0.0000000e+00
   2.4499850e-05  5.4362295e-05]
 [ 1.0534720e-03 -5.8472277e-05 -5.5528239e-05 -9.9241397e-06
   4.2062278e-05  0.0000000e+00 -5.7580291e-05  0.0000000e+00
   3.4525863e-05  5.5770313e-05]
 [ 9.8898367e-04 -5.7947127e-05 -5.5667788e-05 -1.0351776e-05
  -5.2525455e-05  0.0000000e+00 -5.5530767e-05  0.0000000e+00
   5.9290262e-05  5.6733308e-05]] 
Episode: 53: [[ 9.9040940e-04 -5.8408961e-05 -5.6657685e-05 -1.6913767e-05
   2.2329865e-05  0.0000000e+00  5.9993385e-05  0.0000000e+00
   1.6479054e-05  5.8416404e-05]
 [ 1.0549750e-03 -5.9081121e-05 -5.8106722e-05 -1.3730037e-05
   4.2404998e-05  0.0000000e+00  5.9585651e-05  0.0000000e+00
   2.1260172e-05  5.4921074e-05]
 [ 1.0554236e-03 -5.9885962e-05 -5.7194600e-05 -1.0482915e-05
   4.2128559e-05  0.0000000e+00 -5.9098773e-05  0.0000000e+00
   2.4499850e-05  5.4362295e-05]
 [ 1.0534720e-03 -5.8472277e-05 -5.5528239e-05 -9.9241397e-06
   4.2062278e-05  0.0000000e+00 -5.7580291e-05  0.0000000e+00
   3.4525863e-05  5.5770313e-05]
 [ 9.8898367e-04 -5.7947127e-05 -5.5667788e-05 -1.0351776e-05
  -5.2525455e-05  0.0000000e+00 -5.5530767e-05  0.0000000e+00
   5.9290262e-05  5.6733308e-05]] 
Episode: 54: [[ 9.9040940e-04 -5.8408961e-05 -5.6657685e-05 -1.6913767e-05
   2.2329865e-05  0.0000000e+00  5.9993385e-05  0.0000000e+00
   1.6479054e-05  5.8416404e-05]
 [ 1.0549750e-03 -5.9081121e-05 -5.8106722e-05 -1.3730037e-05
   4.2404998e-05  0.0000000e+00  5.9585651e-05  0.0000000e+00
   2.1260172e-05  5.4921074e-05]
 [ 1.0554236e-03 -5.9885962e-05 -5.7194600e-05 -1.0482915e-05
   4.2128559e-05  0.0000000e+00 -5.9098773e-05  0.0000000e+00
   2.4499850e-05  5.4362295e-05]
 [ 1.0534720e-03 -5.8472277e-05 -5.5528239e-05 -9.9241397e-06
   4.2062278e-05  0.0000000e+00 -5.7580291e-05  0.0000000e+00
   3.4525863e-05  5.5770313e-05]
 [ 9.8898367e-04 -5.7947127e-05 -5.5667788e-05 -1.0351776e-05
  -5.2525455e-05  0.0000000e+00 -5.5530767e-05  0.0000000e+00
   5.9290262e-05  5.6733308e-05]] 
