90.206230 81.637497 85.300262 74.700729 84.299232 0.000000 
91.837875 83.451340 70.057480 67.413254 84.364464 0.019782 
91.121323 74.417953 68.519020 72.158112 68.479202 0.000000 
92.414589 87.002731 77.807625 80.218056 94.208786 0.027976 
86.513466 78.416908 82.976471 69.503502 71.528679 0.027976 
88.986748 91.506683 77.452995 81.912056 94.221909 0.000000 
93.578491 77.007057 69.933113 72.371033 62.175262 0.000000 
88.433403 79.855904 87.036293 73.978920 92.996605 0.000000 
89.805313 88.886024 99.528168 95.213089 104.875694 0.034264 
87.262573 84.454910 87.290642 90.876305 71.601219 0.000000 
89.881477 84.984627 81.364723 91.310593 77.457588 0.027976 
87.077324 94.320244 93.182495 81.433739 77.244247 0.019782 
94.049088 85.330849 81.791481 76.160446 94.188248 0.027976 
96.240768 84.079430 84.166763 72.948723 89.531425 0.000000 
92.741119 98.922729 84.737297 90.658493 104.025917 0.000000 
88.527863 80.851250 78.177910 77.116539 86.916801 0.027976 
95.771393 70.127472 73.840912 62.084301 56.098846 0.039565 
89.173897 78.831009 74.809875 83.119392 91.972580 0.000000 
92.500908 84.900688 69.811005 69.785767 69.615219 0.000000 
89.918831 83.753586 86.490936 78.779961 72.791496 0.000000 
