82.414253 41.283890 34.902435 34.617531 23.268522 0.019782 
80.601219 49.348831 44.885715 30.867470 19.451200 0.000000 
74.776886 67.914612 44.278507 36.856480 15.229815 0.000000 
77.103287 49.023785 41.755009 34.708305 34.259598 0.000000 
84.556404 72.658890 53.546936 28.477629 22.262417 0.000000 
73.233574 41.968575 36.010506 29.489679 35.861050 0.019782 
69.011818 43.197575 47.335270 36.505943 29.586824 0.019782 
70.903580 54.942860 56.262653 54.663994 42.507065 0.000000 
69.392242 45.352348 47.717564 34.783314 28.028111 0.034264 
74.160332 56.284592 49.165886 42.231430 32.545319 0.027976 
77.458206 56.845161 47.081104 41.076408 36.661720 0.000000 
75.050186 65.549408 56.878998 40.594414 34.121834 0.034264 
74.999954 54.754452 55.456055 41.238079 27.907354 0.000000 
69.054596 48.592045 45.202732 43.257183 38.577576 0.019782 
81.046394 67.486641 57.253639 40.891808 29.247097 0.019782 
73.017784 53.847607 47.645500 44.117691 28.442974 0.000000 
80.384644 61.796352 58.758945 36.546822 24.128044 0.000000 
71.771538 62.204502 44.535999 26.282413 31.031401 0.000000 
82.450233 46.212719 33.598457 33.849934 27.589182 0.000000 
74.716843 50.927773 53.109901 48.476753 36.527721 0.000000 
