64.288017 53.874443 52.856644 56.224892 57.757568 0.000000 
76.171371 56.477295 59.143658 65.428467 53.182232 0.000000 
69.005600 49.796513 53.393776 57.168873 55.592930 0.019782 
65.577652 39.135063 46.012733 63.068523 63.386116 0.027976 
80.806541 59.942581 61.008648 57.675976 57.808804 0.000000 
74.262741 56.070866 54.589233 56.887779 52.719364 0.000000 
72.308052 51.018623 52.325371 53.988930 47.641399 0.027976 
63.019547 51.514576 60.943169 59.442513 52.540131 0.000000 
75.551193 56.114986 59.185200 56.823151 58.288879 0.000000 
67.731186 53.598450 51.083553 50.661530 36.518898 0.000000 
80.748810 55.436794 47.156956 63.958393 59.118584 0.000000 
73.726898 46.902992 55.961979 53.467720 44.309258 0.034264 
72.620270 45.204193 51.504128 43.620903 44.209770 0.027976 
70.419571 39.115917 51.433975 60.583267 50.212437 0.000000 
74.081688 52.728027 51.169468 57.022945 54.847603 0.000000 
71.713249 48.157444 49.457424 47.899593 49.731140 0.000000 
67.293961 54.048153 60.118748 61.739483 55.400246 0.000000 
76.492203 48.881634 43.210789 48.338463 42.982655 0.000000 
72.250404 46.277542 49.261509 47.087612 43.838394 0.000000 
74.051918 51.288357 45.903481 56.651505 54.498772 0.000000 
