26855.816406 2319.168457 2691.899170 2868.360352 349566.687500 
46833.863281 3863.010010 6739.689453 4949.963867 558018.875000 
32847.304688 2435.553711 2407.362549 2465.761230 277100.968750 
34391.390625 3067.330811 2035.077026 2124.862061 335664.218750 
37819.152344 2769.715332 4865.898926 6427.806152 315547.093750 
25772.664062 2081.288330 1817.192749 1928.894165 175261.281250 
36527.898438 2733.975830 3183.945801 2839.023193 271945.187500 
36336.820312 3023.316406 4692.469727 3390.137207 302279.156250 
29932.474609 2923.153564 2183.598633 3070.149414 366597.000000 
32132.384766 2106.703613 2665.228760 2938.418457 229558.187500 
40744.503906 3978.261719 4612.869141 4690.523438 480632.031250 
32462.476562 3345.844727 2823.156494 6254.290039 390818.125000 
31886.968750 2388.708496 3989.700195 2417.309570 248991.156250 
27199.033203 1767.385376 2023.226440 1778.606689 204915.718750 
35716.195312 3056.154541 3423.010498 2918.288574 322047.312500 
20549.705078 1708.128662 1855.774780 1540.362793 236160.015625 
34895.339844 2858.162842 4492.467285 2942.226807 332317.906250 
29525.486328 1915.193237 1664.600708 1586.338135 236004.890625 
30526.779297 2341.493164 2065.466797 2285.014648 285963.250000 
34660.550781 2672.751953 2940.621338 1742.748169 288229.125000 
