86.656425 77.728722 77.216888 78.100464 74.897034 0.019782 
86.297195 88.826340 87.953201 86.924393 88.056686 0.000000 
88.230759 70.545212 70.261261 79.209206 86.218071 0.044235 
95.886292 84.969734 89.398712 91.951523 97.292557 0.000000 
94.394798 80.425026 78.711800 82.875214 88.822464 0.000000 
85.414917 72.063187 75.688049 80.421280 80.162506 0.019782 
88.170967 88.177910 85.902916 86.629059 91.381744 0.000000 
86.127319 87.442177 90.364372 90.116013 88.851868 0.000000 
81.363884 87.078400 88.056633 89.291389 88.260612 0.000000 
91.179184 73.896744 75.830040 80.811295 82.567863 0.000000 
90.003067 86.009293 92.220161 94.391380 93.509987 0.000000 
86.209633 93.771751 89.688179 90.714859 90.652443 0.000000 
91.604965 77.613678 78.482109 83.628975 80.370445 0.019782 
97.424011 88.217674 84.873573 88.834091 93.342415 0.000000 
77.498611 77.932358 79.937904 86.169518 87.170471 0.000000 
83.568787 81.258568 83.023766 83.960983 84.577148 0.019782 
84.495323 67.133583 70.929688 72.110924 77.323624 0.000000 
90.673561 86.177528 84.111710 85.705475 87.661858 0.027976 
83.603844 83.858490 88.227013 86.494682 91.838829 0.027976 
93.251167 64.510056 61.939999 64.560173 70.429810 0.000000 
