85.891853 88.255516 88.960449 87.611549 76.492447 
84.980370 85.538231 85.628952 84.508026 75.837257 
86.234749 87.480377 89.116547 88.518860 75.348297 
85.179977 84.941139 85.605957 84.345467 76.352219 
84.149765 85.462395 86.281944 86.553391 78.574562 
82.992561 83.273636 83.261444 82.569099 77.107941 
85.364372 86.523041 86.947868 85.793449 75.891777 
83.252693 83.880646 83.976898 84.813622 76.898575 
84.242035 84.185684 84.857292 80.888535 79.432899 
84.575195 85.236771 86.105530 85.743240 77.172462 
85.066299 86.470703 87.019249 87.663193 78.506432 
86.187218 87.086456 87.846085 86.281326 76.526321 
86.820824 88.365929 89.755409 88.303429 78.620773 
85.096947 86.842751 86.002998 85.404396 76.636093 
83.933220 84.324364 84.960724 84.265266 75.834274 
85.238693 86.407738 86.823982 86.372635 76.822075 
85.857834 86.126945 86.636475 85.428741 75.545425 
84.997101 85.006943 85.065399 84.092461 76.778725 
86.650330 86.384758 86.523849 85.066673 75.156166 
85.563721 84.933060 84.713425 81.324417 76.875801 
