83.330612 87.393044 88.982803 86.157555 76.094841 
85.391808 87.775665 88.192909 86.231613 74.321747 
84.474335 86.855278 88.805008 86.982460 74.212837 
82.138618 82.888329 82.701118 81.334595 70.924881 
82.745316 85.262299 87.315483 84.390343 73.862640 
79.822433 81.228653 83.709129 82.858566 76.769501 
84.152451 86.477028 87.710045 87.034027 74.642876 
83.024353 87.184517 87.625038 87.147308 75.692444 
82.481377 84.104309 85.811882 83.631653 75.611099 
86.449341 88.078827 89.513069 86.593361 74.048912 
83.525627 86.716858 87.619972 85.556030 75.197319 
83.623199 85.514694 86.178635 82.356400 72.779739 
79.754158 83.039627 85.189735 83.738327 77.209351 
82.432213 84.046944 85.518082 81.611824 71.827538 
81.639748 83.502785 84.614616 83.118568 73.609673 
83.258644 84.085068 83.842552 82.431129 73.317749 
81.341125 82.696075 84.316841 83.984802 73.299706 
81.999916 82.753220 84.112152 80.765625 72.190636 
80.161873 78.859360 79.443436 77.695122 72.555252 
84.173485 86.030945 87.327332 84.324150 72.430840 
