2.475824 
2.803963 
2.844307 
2.661910 
2.517740 
2.272299 
3.103243 
3.219766 
4.807318 
2.845383 
2.511414 
3.025451 
2.207101 
3.381865 
2.680060 
3.144340 
3.218608 
2.474112 
2.861326 
2.226202 
2.219606 
3.462299 
2.215609 
3.115688 
3.226997 
2.935033 
2.500947 
2.704159 
3.217504 
2.161928 
2.861207 
2.831883 
3.060820 
2.663456 
2.504460 
3.123900 
2.817058 
2.731353 
2.702728 
3.057206 
3.124020 
2.937253 
3.159002 
2.240943 
3.302012 
2.865274 
2.271952 
2.820302 
2.320445 
2.636821 
2.408540 
2.907931 
3.117782 
1.900198 
2.832410 
3.055644 
2.616157 
2.945395 
2.479408 
2.313591 
2.474648 
2.132155 
2.779145 
2.207639 
2.806995 
3.347423 
3.035331 
2.360372 
2.927271 
2.532946 
2.805558 
1.960200 
2.775041 
2.603378 
2.063311 
2.907135 
1.959149 
3.277816 
3.167256 
2.029190 
2.618853 
2.520496 
2.860786 
2.670894 
2.164166 
2.533333 
3.262852 
2.862744 
2.721240 
4.645777 
2.942541 
2.816374 
3.306353 
2.641600 
2.385610 
3.518384 
3.239560 
3.259921 
2.276065 
2.731802 
2.532352 
3.079495 
3.346256 
2.499378 
2.118444 
3.685294 
2.442796 
2.465251 
3.182675 
1.986265 
2.205185 
4.412697 
2.449038 
3.101848 
2.534181 
2.250095 
1.611980 
2.229968 
2.480706 
2.439806 
1.985193 
2.411592 
2.174548 
1.801738 
2.432791 
2.544104 
1.912367 
2.152594 
2.229278 
2.273384 
2.321740 
2.201268 
2.409004 
2.378108 
2.124972 
2.210631 
1.898903 
2.728322 
2.335225 
2.163860 
2.155135 
2.567334 
2.202195 
2.880951 
2.072997 
2.459544 
2.104962 
2.396341 
2.638258 
2.350339 
2.413356 
2.306487 
2.475317 
2.351958 
2.160473 
2.234774 
2.514522 
2.712969 
2.239105 
2.719847 
2.582457 
2.012680 
2.669345 
2.815915 
2.770442 
2.107596 
1.702850 
2.222682 
2.240503 
2.453298 
2.469000 
2.804934 
2.235358 
2.226809 
2.406775 
3.110439 
2.571115 
2.103581 
2.950871 
2.529428 
2.511630 
2.378516 
2.504172 
2.510288 
2.317220 
2.483668 
2.835299 
2.815270 
2.554191 
2.410167 
2.584967 
2.362703 
2.615549 
2.272120 
2.311038 
2.348329 
2.551233 
1.972593 
2.222007 
2.244061 
1.840344 
2.130813 
2.221171 
2.512997 
1.822518 
1.538669 
1.887101 
2.778281 
2.389367 
2.100138 
1.986639 
2.208339 
2.201964 
2.333174 
2.948246 
1.912671 
1.794694 
1.998321 
2.218360 
2.536959 
1.725765 
1.720098 
2.507566 
2.133152 
1.700476 
1.722078 
1.832416 
2.268366 
1.958946 
2.150984 
2.133397 
2.174884 
2.086236 
2.229517 
1.864579 
1.745544 
2.107134 
2.056997 
2.833906 
2.372570 
1.974666 
1.405708 
2.904274 
1.517133 
1.590601 
2.023730 
1.752643 
1.651509 
2.026770 
1.552601 
1.995139 
2.328075 
1.661468 
2.103637 
2.826016 
2.497375 
1.697029 
1.957357 
1.745175 
2.552992 
2.339272 
1.133204 
2.606673 
2.129747 
3.566464 
1.585711 
2.241878 
2.234251 
2.348814 
1.408981 
1.918297 
2.420598 
2.178455 
1.694759 
2.262868 
2.200269 
1.627729 
1.403616 
2.001186 
1.935212 
3.221165 
1.603731 
2.611785 
1.935438 
2.053520 
2.300258 
1.645113 
2.128587 
1.966795 
2.298316 
2.521331 
1.908403 
1.679417 
1.134038 
1.789845 
1.748872 
2.341534 
1.686523 
1.581388 
1.573407 
1.606157 
1.999764 
2.549685 
1.680540 
3.581118 
1.578197 
2.849385 
1.934474 
1.684562 
2.313397 
1.456113 
2.282589 
2.391099 
2.412340 
2.634104 
1.741161 
2.232750 
1.668808 
2.450747 
2.279685 
2.158137 
1.581712 
1.989138 
2.000365 
1.564606 
1.609135 
1.915642 
2.262227 
1.274882 
1.721085 
1.630452 
1.433788 
1.898667 
2.457779 
2.729698 
1.645871 
1.986337 
1.670250 
1.739014 
1.544507 
1.616874 
2.121014 
1.763369 
2.507895 
1.874163 
1.544212 
1.790795 
2.077819 
1.754287 
1.467737 
1.465080 
2.055553 
2.449911 
2.342447 
1.521997 
2.370682 
2.394200 
1.828328 
2.058158 
1.991249 
1.495990 
2.143646 
2.133686 
2.095002 
1.896537 
2.406782 
2.297460 
1.923173 
1.674861 
1.644491 
1.714910 
1.669822 
1.380492 
1.556124 
1.726396 
2.349797 
2.379816 
1.303470 
1.854051 
1.393225 
2.274057 
1.872643 
1.865510 
1.500174 
2.619855 
2.860247 
2.080489 
2.159688 
1.866481 
2.015785 
2.578080 
1.678397 
1.666859 
1.579122 
2.367081 
1.540993 
2.315065 
2.812173 
1.973108 
1.443033 
1.399447 
2.410017 
1.964345 
1.645149 
2.111875 
1.503704 
2.506472 
1.342629 
1.862500 
2.521135 
2.365884 
1.877189 
1.748340 
1.563537 
1.665756 
1.530140 
1.576649 
1.734010 
2.896408 
1.571533 
2.283474 
1.523683 
2.025020 
1.469741 
1.565733 
1.780276 
1.255154 
1.860805 
2.020148 
1.753262 
1.927683 
1.923781 
2.199711 
2.183721 
2.141475 
2.067969 
1.850879 
2.326367 
1.869170 
1.754618 
1.637296 
2.254117 
2.411884 
1.805944 
2.306836 
1.363172 
1.682744 
2.441762 
2.302284 
1.364162 
1.977921 
1.426543 
1.756140 
1.422028 
2.679479 
1.511511 
1.186027 
1.446098 
1.761115 
1.737266 
1.452681 
1.335822 
1.761379 
2.273115 
1.590904 
1.384155 
1.430599 
1.553247 
1.698110 
1.153587 
1.390039 
2.078924 
1.336067 
1.382594 
1.881462 
1.409989 
1.583635 
2.419360 
2.030977 
2.048317 
1.245696 
2.072802 
1.601904 
1.654415 
2.401116 
1.724962 
1.443567 
2.380042 
1.524369 
1.747302 
1.382735 
1.726903 
2.950152 
1.654906 
1.753181 
2.436834 
2.305808 
1.810020 
1.995549 
1.450720 
2.147873 
1.774074 
2.085675 
1.890593 
1.795802 
1.255220 
1.755257 
2.229665 
1.519854 
1.910367 
3.166037 
1.541203 
1.399918 
2.026660 
2.493416 
1.433129 
2.153978 
1.652695 
1.400314 
1.640065 
1.392338 
2.074232 
2.420847 
1.747905 
2.042487 
1.324703 
1.799058 
2.069447 
1.550880 
2.154095 
1.794137 
1.685826 
2.191997 
1.298759 
1.585811 
1.834476 
2.144167 
1.702671 
1.705071 
1.994786 
1.297016 
2.613143 
1.385804 
1.896261 
2.139251 
1.741012 
1.505763 
1.622130 
1.704487 
1.676540 
1.879606 
1.644190 
1.746797 
1.803214 
2.774353 
2.604075 
2.012520 
2.118108 
2.041381 
2.497267 
1.674742 
2.126758 
1.935886 
3.165576 
1.115648 
1.982282 
1.258014 
1.724238 
2.794217 
1.076365 
1.702131 
1.740780 
2.092299 
1.507613 
1.610834 
1.619877 
1.684474 
2.051105 
1.523325 
1.752660 
2.169686 
1.806639 
2.747389 
1.623384 
1.475622 
2.772629 
1.874431 
1.429991 
1.504034 
1.674399 
1.699183 
1.863259 
1.618027 
1.573587 
2.607100 
1.250881 
1.702951 
3.573848 
1.548312 
1.847347 
1.701063 
1.406725 
1.624381 
1.573691 
1.156488 
1.471426 
1.780875 
1.746397 
1.333028 
2.091825 
3.324610 
1.540226 
1.690451 
1.502326 
1.687516 
2.885479 
1.598689 
2.254292 
1.243944 
1.824925 
1.270607 
1.953331 
1.403415 
2.159870 
2.026132 
1.071917 
2.886336 
1.276145 
2.020249 
1.761960 
1.244511 
1.735947 
2.153736 
1.133963 
1.989371 
1.712629 
1.530551 
1.929798 
1.331882 
2.177218 
1.606001 
1.228403 
2.484283 
1.532354 
1.345905 
1.979004 
2.080740 
1.401033 
1.917120 
1.974389 
1.739884 
2.047493 
1.187430 
1.529785 
2.360796 
1.530116 
2.290184 
2.252935 
1.924242 
2.548232 
1.378090 
1.795429 
1.591749 
1.471954 
2.111191 
2.710621 
1.536340 
1.623305 
2.734922 
2.029047 
1.820775 
1.648428 
1.552033 
2.027181 
1.412805 
1.372601 
1.497495 
2.353791 
1.218010 
1.246386 
1.714935 
2.093132 
1.492131 
2.586122 
2.039934 
1.106943 
1.700674 
1.342968 
1.396324 
2.173611 
1.437849 
1.784566 
1.381457 
1.216784 
1.991928 
2.028777 
2.012396 
1.385293 
1.600825 
1.572899 
1.921695 
1.944539 
1.430859 
1.157374 
2.077444 
1.370893 
1.498512 
1.546488 
1.773339 
0.906388 
1.314991 
1.731734 
1.473321 
1.392549 
1.296363 
1.292528 
1.947383 
1.376887 
1.990421 
2.359151 
1.388884 
1.144142 
1.826352 
1.818423 
1.603624 
3.166248 
1.385506 
1.681113 
1.768585 
2.384940 
1.639439 
1.288561 
1.350215 
2.004293 
1.568856 
1.368386 
1.229761 
3.019152 
2.101764 
1.146392 
2.296020 
1.487822 
1.932545 
1.653025 
2.246374 
1.604993 
1.750330 
1.459450 
2.065438 
1.384142 
2.113429 
1.483351 
1.376824 
2.398342 
1.769652 
1.242792 
2.373078 
2.631203 
1.406372 
1.537393 
1.393793 
1.747402 
1.363460 
1.303263 
1.727959 
1.879351 
1.529215 
1.834388 
2.107371 
1.872974 
2.049102 
1.210141 
1.487566 
1.228339 
1.809984 
1.398520 
1.657931 
1.748480 
1.271276 
1.723492 
2.376835 
2.076273 
2.109077 
1.498757 
2.811836 
1.496419 
1.484218 
2.845687 
1.564871 
1.494214 
1.978845 
1.596034 
2.096854 
1.615466 
1.486430 
1.242882 
2.026790 
2.117398 
1.784188 
1.485000 
1.561597 
1.540336 
1.756920 
1.053600 
2.658950 
2.148211 
1.711869 
2.245275 
2.532983 
1.228340 
1.250517 
1.444181 
1.813978 
1.329993 
1.563438 
1.523124 
2.302450 
1.621976 
1.615072 
1.991671 
1.570918 
1.745092 
1.313092 
1.619318 
1.173641 
1.245373 
1.887728 
1.453706 
1.322956 
0.898104 
1.562960 
1.619017 
1.101518 
1.982949 
1.718821 
1.677519 
1.690801 
1.891560 
2.112083 
1.633236 
1.317641 
2.458238 
1.692490 
2.073625 
2.714494 
1.293990 
1.637019 
1.790574 
2.111180 
1.656745 
1.674304 
1.747194 
1.771176 
1.338016 
1.531540 
1.562577 
1.942987 
2.161466 
1.722269 
1.806305 
1.841712 
1.333067 
1.394455 
1.544754 
1.968835 
1.532362 
2.039935 
1.355629 
1.349145 
1.220449 
1.615331 
1.837063 
2.359835 
2.076236 
1.646796 
1.851702 
1.046536 
1.864174 
1.863770 
1.288020 
1.068871 
1.340729 
2.234233 
1.612641 
1.631861 
1.573333 
1.805414 
1.654564 
1.853621 
1.773762 
1.126388 
1.317034 
2.473021 
3.284616 
1.433119 
1.565624 
1.098303 
1.262260 
1.658806 
1.383139 
2.158178 
2.074300 
1.503257 
1.584692 
0.846722 
1.205091 
2.436620 
2.093991 
1.384830 
2.067707 
1.833685 
1.551926 
1.340008 
1.466756 
1.599033 
2.257557 
2.103750 
1.713247 
2.498818 
1.156643 
2.073131 
1.477363 
1.660265 
1.765580 
2.402860 
1.297757 
1.670651 
1.872843 
1.922278 
2.450935 
1.668198 
2.199473 
1.947541 
1.534534 
1.660751 
1.874274 
1.704011 
1.723698 
1.310889 
2.326947 
1.750402 
1.500503 
1.627627 
1.798144 
2.122287 
1.291025 
1.651119 
1.657773 
1.499525 
1.152842 
1.521846 
1.243485 
2.186499 
1.639179 
1.822570 
2.052974 
1.489101 
1.652906 
1.495415 
1.205080 
1.395222 
1.672303 
1.732738 
1.392998 
2.048612 
1.620078 
1.993980 
1.062535 
1.581194 
3.891036 
2.239460 
1.511660 
2.577482 
2.261971 
2.152402 
1.727005 
1.444506 
1.570804 
2.164007 
2.075926 
2.189989 
1.473117 
1.847036 
1.643497 
1.242963 
1.721880 
1.769302 
1.756594 
1.650611 
2.319550 
1.848433 
2.033090 
1.314504 
1.026208 
1.447011 
2.150351 
1.576597 
1.619862 
3.094755 
2.063409 
1.939128 
1.845807 
1.506995 
1.416304 
1.811306 
0.970624 
2.414486 
1.280534 
2.513644 
1.668595 
2.921974 
1.584261 
1.716632 
1.569538 
1.531515 
1.459433 
1.494152 
1.414319 
2.026514 
1.220529 
1.409431 
1.342679 
1.437102 
1.283629 
1.393954 
1.907485 
1.451860 
1.299437 
1.111055 
1.387347 
1.829312 
1.460454 
2.466451 
1.474934 
1.634476 
1.582136 
1.997900 
1.416609 
1.190660 
1.932118 
1.033086 
2.491611 
2.250414 
1.498387 
2.677412 
1.419909 
2.457624 
1.553560 
1.904486 
1.609157 
1.377542 
1.802256 
2.134351 
1.210308 
1.465237 
1.491338 
1.420484 
2.312943 
1.669453 
1.600411 
1.713191 
2.232305 
2.174141 
1.509158 
2.164803 
1.670167 
1.913964 
1.878733 
1.935020 
3.192005 
1.946905 
2.097943 
1.539030 
1.274292 
1.608215 
1.434935 
1.895912 
2.311272 
1.569638 
1.780425 
1.479101 
1.751933 
1.868467 
1.351837 
1.992445 
2.211416 
1.535119 
1.666223 
1.709809 
2.049907 
2.431574 
2.425930 
1.533469 
1.880654 
1.748078 
1.423070 
2.596674 
1.756411 
1.646371 
1.953195 
1.558497 
1.394573 
1.860660 
1.681103 
1.359188 
1.437409 
2.934520 
1.354678 
2.309369 
1.013453 
1.341795 
1.715654 
1.737964 
1.790191 
2.545022 
1.536096 
1.550587 
1.400180 
1.951009 
1.019795 
1.434544 
1.983597 
1.597466 
1.274482 
1.791774 
1.515048 
1.596949 
1.259957 
1.525236 
1.642965 
1.604175 
1.626379 
2.433223 
1.155391 
1.283013 
1.658895 
1.887959 
1.260662 
2.895561 
2.704150 
2.442723 
2.493817 
1.433004 
1.597355 
1.104380 
1.788978 
1.686119 
1.625118 
2.309144 
2.084508 
1.896053 
2.039562 
1.715361 
1.984964 
2.420021 
1.582371 
1.989275 
1.382127 
1.686769 
2.005341 
1.234776 
1.731542 
1.541636 
1.729296 
1.659140 
2.059930 
1.578249 
1.781378 
1.243698 
1.308797 
1.778072 
2.000519 
2.349684 
1.356126 
1.203078 
2.607835 
1.323661 
1.462298 
1.652538 
2.189695 
1.682954 
1.626924 
1.628379 
1.483135 
1.667024 
1.373983 
2.361139 
1.536759 
1.609689 
1.217774 
1.078352 
1.327588 
0.976822 
2.170457 
1.854498 
1.071572 
1.584486 
1.507209 
1.361068 
0.974056 
1.240291 
1.155398 
1.346665 
1.575545 
0.919788 
1.589641 
2.777435 
1.695978 
1.588792 
1.849447 
1.328130 
1.987097 
1.561023 
1.719765 
1.587357 
1.227274 
1.834713 
2.548225 
1.195913 
2.061182 
1.742927 
1.771393 
1.220593 
1.522572 
1.535169 
1.711803 
1.517983 
1.668022 
2.046813 
1.871104 
1.362057 
2.438610 
1.842968 
1.621496 
2.410866 
2.071470 
1.406353 
1.349621 
1.411028 
2.169322 
1.212807 
1.865598 
1.677755 
1.514750 
1.521064 
1.756816 
1.664663 
2.652870 
1.211717 
1.509004 
1.717304 
1.547006 
1.467158 
1.437274 
2.099920 
2.470063 
2.706028 
2.223076 
1.567960 
1.534971 
2.373322 
1.306040 
2.565374 
1.940786 
2.058204 
2.719241 
2.399210 
1.658788 
1.757312 
1.371561 
1.116825 
1.700557 
1.637223 
2.034663 
1.669980 
1.272253 
2.150450 
1.277018 
1.233208 
1.880762 
1.073959 
2.793456 
1.576048 
2.470518 
1.767997 
1.438950 
1.650382 
2.816473 
1.907180 
1.630989 
1.697859 
1.917883 
1.913256 
1.775721 
1.469276 
2.331649 
1.822356 
1.696309 
2.298570 
1.590296 
1.208534 
1.963592 
1.570236 
1.388235 
1.610361 
1.642504 
1.708876 
1.403977 
2.104927 
2.123131 
1.307217 
1.396778 
1.294030 
2.173098 
1.679937 
1.188566 
1.555638 
1.768058 
1.320366 
1.355972 
2.237193 
1.845206 
2.487351 
1.676513 
1.414728 
1.408802 
1.306243 
1.122323 
2.092816 
1.755951 
1.342570 
1.894196 
1.851659 
1.712585 
2.508665 
2.906695 
1.652793 
1.670982 
1.525680 
1.499217 
1.749680 
1.276188 
1.705066 
1.474351 
0.928438 
0.900324 
1.560598 
1.968062 
1.685686 
2.588565 
1.825027 
1.323478 
1.328201 
1.610385 
1.585889 
1.244341 
1.110077 
1.905180 
1.571660 
2.998404 
2.114869 
2.481068 
1.812370 
1.485030 
2.417493 
1.897313 
1.578975 
1.539278 
2.371931 
2.036068 
1.861943 
1.700717 
1.311469 
1.819423 
1.812022 
2.156869 
1.173669 
1.280407 
1.794740 
1.739581 
1.232035 
1.485572 
1.210916 
2.712990 
1.238815 
1.507542 
1.070678 
1.462754 
1.760115 
2.125429 
2.052760 
1.340705 
1.548412 
1.332125 
2.104200 
1.596182 
1.314413 
1.680866 
1.472456 
1.564013 
1.685831 
1.805232 
2.056870 
1.430758 
1.476909 
2.347397 
1.240251 
2.849789 
1.432043 
1.797144 
1.616726 
1.330405 
2.584473 
1.405298 
2.381904 
2.093678 
1.279241 
1.511221 
1.278574 
1.577397 
1.948063 
1.460731 
1.502592 
1.912669 
2.382488 
1.051369 
1.959150 
1.522588 
1.822201 
1.540364 
1.813754 
1.215014 
1.501459 
1.246234 
1.373309 
1.552199 
1.348311 
1.555133 
1.542496 
1.610035 
1.730966 
1.404808 
1.991849 
1.393539 
1.912344 
1.808618 
1.531762 
2.758552 
1.566920 
1.562960 
1.441032 
2.236235 
1.483197 
2.753306 
1.532068 
1.533762 
2.356488 
2.001500 
1.576136 
1.530982 
1.560854 
2.356059 
2.032958 
1.809175 
1.318084 
2.938244 
1.194550 
1.936802 
1.267668 
2.720356 
1.506162 
1.540997 
2.100421 
1.859859 
2.010707 
1.607900 
2.686648 
1.931551 
1.640182 
1.547461 
1.783735 
1.785017 
1.760720 
1.536748 
2.089573 
2.045657 
1.858597 
1.328619 
1.131211 
1.975561 
2.375422 
1.707920 
1.162556 
2.499785 
1.747235 
2.462205 
1.635758 
1.377383 
1.451989 
1.428819 
