43085.199219 5359.115234 6040.685547 3730.413330 115527.398438 
64451.531250 10754.697266 9838.066406 13815.123047 296006.187500 
40055.816406 4901.289062 6957.032715 3808.953613 102458.796875 
47050.347656 6419.003418 6005.935547 4433.106934 87422.328125 
58798.910156 8495.028320 12136.596680 7129.218750 133635.578125 
49862.394531 6172.895020 4649.486328 4300.999023 161529.468750 
42983.882812 10857.358398 14266.792969 7191.163574 190521.734375 
48845.167969 6546.486816 5879.009277 5447.775879 107220.273438 
52299.578125 10858.807617 8707.121094 7775.602051 390619.281250 
56754.433594 6851.786621 5838.507324 6244.682129 162055.906250 
48147.933594 8209.064453 5472.724609 8269.562500 171578.187500 
49600.480469 6492.776367 5675.304688 5993.494629 218488.625000 
51229.042969 7420.462402 4796.736328 4518.113281 200027.843750 
69650.226562 10559.245117 7655.503906 8265.473633 157676.484375 
49289.683594 5785.235840 4398.942383 4371.094238 146380.703125 
54130.257812 11571.472656 10226.751953 6538.579102 170089.718750 
43731.949219 5412.084473 10834.027344 5451.709473 141103.281250 
52233.722656 10661.501953 6711.406250 5323.592285 167141.203125 
54884.316406 6929.942383 5282.405762 7018.995117 100021.265625 
61633.781250 7597.916992 7652.359863 4428.930176 153382.093750 
