80.769005 82.082504 74.727661 85.985786 84.942596 0.000000 
91.709671 63.701305 65.207664 66.141716 59.693989 0.000000 
85.054619 95.205765 68.923027 69.312637 75.049614 0.019782 
84.888054 88.793137 88.860573 72.285576 84.351418 0.019782 
85.465019 73.743935 76.353058 100.069160 64.366318 0.000000 
84.209793 80.767097 68.668274 56.394844 83.443214 0.019782 
86.583717 105.038673 69.359306 70.815269 78.661217 0.019782 
84.694031 63.455608 90.076271 87.856743 88.091156 0.000000 
73.971413 68.869545 57.348640 79.770020 64.410362 0.019782 
83.366638 74.907806 55.364994 74.927299 81.002220 0.000000 
88.184029 74.504707 85.937805 79.998466 75.327438 0.000000 
80.020454 69.507370 58.337326 65.841454 58.994774 0.019782 
71.006531 77.519562 79.804085 75.757744 83.530968 0.027976 
79.603401 82.521240 89.214630 79.304543 68.065331 0.000000 
82.951561 88.076019 86.095222 65.381058 71.345276 0.000000 
79.825417 67.187790 85.288940 50.930241 66.560684 0.000000 
81.904655 61.165066 41.938240 58.766571 84.787491 0.019782 
92.470535 76.493103 82.374626 73.921425 71.039833 0.027976 
81.978317 82.865562 85.807640 81.967972 78.173820 0.000000 
82.946396 84.480804 77.376816 85.629257 70.092842 0.019782 
