185367.062500 16433.876953 8086.501953 4325.308105 36298.539062 
144786.921875 15227.997070 5418.000977 1343.270142 32946.507812 
203767.625000 16677.621094 4453.417969 1097.589355 19702.609375 
182152.296875 24403.087891 45243.175781 92350.812500 43474.210938 
149725.187500 24277.207031 3012.102051 1105.625122 40852.503906 
155229.187500 18226.671875 30084.435547 24052.111328 35639.265625 
179861.312500 15105.700195 11719.022461 4529.056152 48085.820312 
201495.500000 13693.289062 10775.712891 1862.362183 50196.605469 
168719.093750 16840.242188 5047.030762 1646.067261 35032.398438 
161033.984375 31784.732422 17486.814453 2033.486206 43228.093750 
210258.656250 22651.132812 41756.285156 24169.392578 68954.867188 
159185.515625 15127.763672 24603.064453 2479.441650 35007.367188 
162474.859375 19484.625000 5838.615723 5124.806641 28807.183594 
311110.375000 29982.458984 47472.367188 1887.331421 51619.660156 
199043.140625 17574.560547 8776.223633 1018.978455 33399.789062 
163616.578125 18678.341797 21475.843750 1917.121826 51210.820312 
195735.218750 14085.207031 24781.445312 15679.595703 42394.718750 
248994.093750 17679.771484 12132.534180 1828.910767 44705.324219 
149449.906250 50641.445312 7512.291504 1023.978394 51131.175781 
195651.359375 19255.289062 15442.783203 2224.031738 43338.128906 
