104848.742188 646433.937500 288805.031250 94576.726562 132194.781250 
321012.218750 139285.781250 59677.078125 15950.014648 189978.984375 
23491.417969 352836.156250 200055.734375 64352.632812 180967.468750 
243402.031250 190378.187500 362056.625000 47615.785156 100585.742188 
319649.718750 113115.312500 289934.062500 27094.101562 236978.156250 
271808.718750 97291.828125 213108.406250 19105.853516 140369.687500 
330281.718750 205379.546875 130015.859375 21554.152344 244072.359375 
237602.843750 266056.625000 327030.468750 82929.414062 149865.078125 
289709.187500 184952.421875 306726.281250 62582.867188 193479.484375 
19677.822266 206923.375000 80804.867188 16454.326172 235504.015625 
