Episode: 1: [[-0.48805055  0.00695807  0.3085626   1.0612414   0.5858925 ]] 
Episode: 2: [[-0.48807034  0.00663114  0.30775222  1.0617652   0.5864281 ]] 
Episode: 3: [[-0.48849922  0.00665194  0.30739984  1.0623662   0.5868596 ]] 
Episode: 4: [[-0.48917818  0.00681434  0.3073203   1.0630378   0.5872671 ]] 
Episode: 5: [[-0.48954794  0.0065443   0.30688515  1.063736    0.58781457]] 
Episode: 6: [[-0.49008     0.00631985  0.3066563   1.064652    0.58819884]] 
Episode: 7: [[-0.48980302  0.00602925  0.3059037   1.0647652   0.5885604 ]] 
Episode: 8: [[-0.4894115   0.0054693   0.30511853  1.0648471   0.5890052 ]] 
Episode: 9: [[-0.48943198  0.00511739  0.3049579   1.0650256   0.58928955]] 
Episode: 10: [[-0.49004164  0.00546042  0.3053097   1.0651592   0.58955103]] 
Episode: 11: [[-0.4905552   0.00606691  0.30561972  1.0648788   0.5898735 ]] 
Episode: 12: [[-0.49222034  0.0073571   0.30673695  1.064638    0.5907335 ]] 
Episode: 13: [[-0.49376208  0.00812433  0.30781925  1.065072    0.5912155 ]] 
Episode: 14: [[-0.49510416  0.00853423  0.30873418  1.0658346   0.5915064 ]] 
Episode: 15: [[-0.4958023   0.00767432  0.30906242  1.0674318   0.5915208 ]] 
Episode: 16: [[-0.49528375  0.00613409  0.30845323  1.0679121   0.5919962 ]] 
Episode: 17: [[-0.49558392  0.00429523  0.30846554  1.0692154   0.5926871 ]] 
Episode: 18: [[-0.49584758  0.00277104  0.30848977  1.0703229   0.5932458 ]] 
Episode: 19: [[-0.49705476  0.00144862  0.30941045  1.0728989   0.5929793 ]] 
Episode: 20: [[-4.9916649e-01 -6.8214349e-04  3.1089473e-01  1.0768268e+00
   5.9300566e-01]] 
Episode: 21: [[-0.5016126  -0.00212907  0.31270507  1.0804311   0.5930463 ]] 
Episode: 22: [[-0.5038179  -0.00360396  0.31432372  1.0839682   0.5929589 ]] 
Episode: 23: [[-0.5048543  -0.00530599  0.31485823  1.0863522   0.59323204]] 
Episode: 24: [[-0.5056256  -0.00674682  0.3152407   1.0883468   0.5933787 ]] 
Episode: 25: [[-0.50669813 -0.00807386  0.31590077  1.0906254   0.59340286]] 
Episode: 26: [[-0.50834876 -0.0094464   0.3172076   1.0933493   0.5933847 ]] 
Episode: 27: [[-0.5098934  -0.01065351  0.3184815   1.0958512   0.5933054 ]] 
Episode: 28: [[-0.511898   -0.01154651  0.32017997  1.0986139   0.59309226]] 
Episode: 29: [[-0.5134789  -0.01245466  0.321483    1.100835    0.5930753 ]] 
Episode: 30: [[-0.5151262  -0.01361917  0.32271427  1.1029735   0.5935064 ]] 
Episode: 31: [[-0.5161862  -0.01531031  0.32358855  1.1049619   0.5938675 ]] 
Episode: 32: [[-0.5169222  -0.01694066  0.32416517  1.1064512   0.59439725]] 
Episode: 33: [[-0.51731086 -0.01841285  0.32441327  1.1073703   0.5950771 ]] 
Episode: 34: [[-0.5163622  -0.02076068  0.32339194  1.1072885   0.5963753 ]] 
Episode: 35: [[-0.51563    -0.02326517  0.3223841   1.1077937   0.59758437]] 
Episode: 36: [[-0.5151644  -0.02551145  0.32163596  1.1084021   0.5986894 ]] 
Episode: 37: [[-0.5146671  -0.02783328  0.32083502  1.1092926   0.59958667]] 
Episode: 38: [[-0.51334864 -0.03106368  0.31913894  1.1098573   0.60099393]] 
Episode: 39: [[-0.51229435 -0.03389189  0.31766173  1.1102146   0.6025086 ]] 
Episode: 40: [[-0.5112375  -0.03643497  0.3161815   1.1103128   0.60404223]] 
Episode: 41: [[-0.510597   -0.03864327  0.31501     1.1105685   0.60555834]] 
Episode: 42: [[-0.51009554 -0.0402525   0.31399363  1.1106373   0.60686666]] 
Episode: 43: [[-0.5095689  -0.04180589  0.3129424   1.1107397   0.60809165]] 
Episode: 44: [[-0.50906956 -0.04319635  0.3119097   1.1109419   0.60912377]] 
Episode: 45: [[-0.5086695  -0.04437951  0.31106132  1.1110276   0.61009496]] 
Episode: 46: [[-0.5085489  -0.04549384  0.31044072  1.111412    0.61097646]] 
Episode: 47: [[-0.5085295  -0.04658263  0.30996695  1.1120511   0.61162883]] 
Episode: 48: [[-0.50991005 -0.04681354  0.3105587   1.1130735   0.6125531 ]] 
Episode: 49: [[-0.51124066 -0.04685989  0.31111324  1.1139842   0.6133913 ]] 
Episode: 50: [[-0.5121616  -0.04683129  0.31116632  1.1141518   0.6146605 ]] 
Episode: 51: [[-0.5132445  -0.04676682  0.3114476   1.1144903   0.61579543]] 
Episode: 52: [[-0.5141488  -0.04682249  0.3116137   1.114727    0.61693454]] 
Episode: 53: [[-0.51490384 -0.04700381  0.31165722  1.1149404   0.61806345]] 
Episode: 54: [[-0.516272   -0.04631117  0.31245762  1.1155663   0.61842674]] 
Episode: 55: [[-0.5177765  -0.04503687  0.31354523  1.1159141   0.6185533 ]] 
Episode: 56: [[-0.51938254 -0.04388928  0.31477875  1.1166159   0.6184784 ]] 
Episode: 57: [[-0.5208168  -0.04286268  0.31585532  1.1173463   0.6183362 ]] 
Episode: 58: [[-0.5222197  -0.04177102  0.31691346  1.1180307   0.6181524 ]] 
Episode: 59: [[-0.5235867  -0.04073922  0.3179174   1.1187267   0.61799574]] 
Episode: 60: [[-0.52450746 -0.04000612  0.3183739   1.1189985   0.6182473 ]] 
Episode: 61: [[-0.5248392  -0.039329    0.31821802  1.1185197   0.6188518 ]] 
Episode: 62: [[-0.52477366 -0.0388278   0.31768802  1.1177222   0.6195905 ]] 
Episode: 63: [[-0.5246299  -0.03850002  0.31700063  1.1170228   0.62039036]] 
Episode: 64: [[-0.5245172  -0.03801105  0.31640014  1.1165307   0.62084085]] 
Episode: 65: [[-0.52448165 -0.03753241  0.31580952  1.1162355   0.6212315 ]] 
Episode: 66: [[-0.5251689  -0.03682277  0.31592643  1.1166258   0.6213248 ]] 
Episode: 67: [[-0.5257863  -0.0366536   0.31599942  1.1175333   0.62128   ]] 
Episode: 68: [[-0.52643865 -0.03633338  0.31630862  1.1181327   0.6212454 ]] 
Episode: 69: [[-0.5272406  -0.0361104   0.31675732  1.1188458   0.6212947 ]] 
Episode: 70: [[-0.5277499  -0.03645891  0.3169488   1.1194805   0.62162375]] 
Episode: 71: [[-0.5283329  -0.03707225  0.31721348  1.1203753   0.6219676 ]] 
Episode: 72: [[-0.5283582  -0.03740973  0.31696734  1.1203629   0.6225109 ]] 
Episode: 73: [[-0.5284137  -0.03753332  0.31678373  1.1203463   0.62288284]] 
Episode: 74: [[-0.5284362  -0.03777782  0.31644902  1.120079    0.62367004]] 
Episode: 75: [[-0.52860695 -0.03793998  0.31628796  1.1200526   0.624248  ]] 
Episode: 76: [[-0.5287581  -0.03789217  0.31605908  1.1197147   0.62498564]] 
Episode: 77: [[-0.52907974 -0.03813435  0.31612077  1.1194654   0.6258754 ]] 
Episode: 78: [[-0.52957636 -0.03855206  0.31647184  1.1194288   0.6267201 ]] 
Episode: 79: [[-0.52851564 -0.03929417  0.3154527   1.1179097   0.6279413 ]] 
Episode: 80: [[-0.52753955 -0.03999289  0.314505    1.1165104   0.6290879 ]] 
Episode: 81: [[-0.52689725 -0.0405311   0.31386247  1.1154084   0.63009226]] 
Episode: 82: [[-0.52627146 -0.04097873  0.31317043  1.1143228   0.6310835 ]] 
Episode: 83: [[-0.52582824 -0.04125204  0.3126483   1.1136353   0.6317043 ]] 
Episode: 84: [[-0.5254509  -0.0415203   0.31209585  1.1131836   0.6322342 ]] 
Episode: 85: [[-0.52514595 -0.04156834  0.3115976   1.1127129   0.63267905]] 
Episode: 86: [[-0.5252673  -0.042655    0.31137028  1.1133481   0.63333553]] 
Episode: 87: [[-0.52540284 -0.04356351  0.3110821   1.1138576   0.6340518 ]] 
Episode: 88: [[-0.52610785 -0.04411073  0.31123894  1.114372    0.6350022 ]] 
Episode: 89: [[-0.5267085  -0.04464926  0.31112444  1.1149533   0.635963  ]] 
Episode: 90: [[-0.5274524  -0.04501359  0.31123477  1.1155282   0.63682014]] 
Episode: 91: [[-0.5285646  -0.04574993  0.3117814   1.1170053   0.63730943]] 
Episode: 92: [[-0.52928776 -0.04706738  0.3120858   1.1182988   0.63801533]] 
Episode: 93: [[-0.530243   -0.04832238  0.3125522   1.1200564   0.6384605 ]] 
Episode: 94: [[-0.53078943 -0.04970217  0.31265345  1.1220139   0.6384813 ]] 
Episode: 95: [[-0.53129166 -0.05097814  0.31274354  1.1238317   0.6384916 ]] 
Episode: 96: [[-0.5318732  -0.05206626  0.31300572  1.1258272   0.638156  ]] 
Episode: 97: [[-0.53262764 -0.0528072   0.31349942  1.1277275   0.63770825]] 
Episode: 98: [[-0.53332585 -0.05390166  0.31399524  1.1294382   0.6376235 ]] 
Episode: 99: [[-0.53363127 -0.05529868  0.31400773  1.1305962   0.63810456]] 
Episode: 100: [[-0.53423595 -0.05657446  0.3143556   1.132214    0.63823235]] 
Episode: 101: [[-0.53503543 -0.05771679  0.31494623  1.1340853   0.6381082 ]] 
Episode: 102: [[-0.5362094  -0.05879911  0.3158746   1.1358043   0.6383831 ]] 
Episode: 103: [[-0.5371989  -0.05980167  0.3165619   1.1371461   0.638875  ]] 
Episode: 104: [[-0.53809834 -0.0610018   0.31714642  1.138548    0.639412  ]] 
Episode: 105: [[-0.5392181  -0.06204931  0.31794763  1.1403327   0.63962513]] 
Episode: 106: [[-0.5399454  -0.06297749  0.31829655  1.1417648   0.63985664]] 
Episode: 107: [[-0.54057235 -0.06373014  0.3187394   1.1427178   0.64015454]] 
Episode: 108: [[-0.54095006 -0.06446119  0.31898835  1.1432856   0.6405734 ]] 
Episode: 109: [[-0.5409174  -0.06542624  0.31905392  1.1437163   0.640803  ]] 
Episode: 110: [[-0.5409784  -0.06664274  0.31913152  1.1444848   0.6410501 ]] 
Episode: 111: [[-0.5413335  -0.06737664  0.31949383  1.1453732   0.64102435]] 
Episode: 112: [[-0.54139817 -0.06789847  0.31977445  1.1462327   0.64046055]] 
Episode: 113: [[-0.5416077  -0.06792819  0.32018143  1.1470685   0.63965535]] 
Episode: 114: [[-0.5418107  -0.06790315  0.32053292  1.1478112   0.63893676]] 
Episode: 115: [[-0.5419314  -0.06787159  0.32071283  1.1483263   0.6384535 ]] 
Episode: 116: [[-0.54200184 -0.06789029  0.32079342  1.1487707   0.6380863 ]] 
Episode: 117: [[-0.5414878  -0.06791124  0.32028988  1.1483929   0.6380865 ]] 
Episode: 118: [[-0.5412361  -0.06788176  0.32010764  1.1478657   0.63832164]] 
Episode: 119: [[-0.540939   -0.06810201  0.3196501   1.1477479   0.638543  ]] 
Episode: 120: [[-0.54060614 -0.06847636  0.3191702   1.1476805   0.6387991 ]] 
Episode: 121: [[-0.5401665  -0.06853396  0.31867903  1.1475307   0.6387216 ]] 
Episode: 122: [[-0.5396749  -0.06862932  0.31812286  1.1474543   0.63857883]] 
Episode: 123: [[-0.539313   -0.06896108  0.31765744  1.1476493   0.6384908 ]] 
Episode: 124: [[-0.53915304 -0.06925742  0.3170841   1.1474817   0.6391504 ]] 
Episode: 125: [[-0.5390359  -0.0697839   0.31651112  1.1475431   0.6398415 ]] 
Episode: 126: [[-0.538926   -0.07047392  0.3161363   1.1476867   0.64041024]] 
Episode: 127: [[-0.5388207  -0.07102352  0.315719    1.1473585   0.6413648 ]] 
Episode: 128: [[-0.5388925  -0.07110663  0.31547236  1.1468359   0.6422725 ]] 
Episode: 129: [[-0.5382614  -0.07143307  0.31447008  1.1456941   0.64350945]] 
Episode: 130: [[-0.53705835 -0.07180278  0.31275022  1.144068    0.6449717 ]] 
Episode: 131: [[-0.53574145 -0.07214997  0.31084448  1.142464    0.6463816 ]] 
Episode: 132: [[-0.5339881  -0.07316146  0.30843186  1.140646    0.6482689 ]] 
Episode: 133: [[-0.53296095 -0.07402203  0.30672216  1.1394013   0.6500295 ]] 
Episode: 134: [[-0.5310247  -0.07498891  0.30401352  1.1368884   0.6525262 ]] 
Episode: 135: [[-0.5302159  -0.07606364  0.30246183  1.135984    0.65434676]] 
Episode: 136: [[-0.5298818  -0.07693146  0.30119663  1.134838    0.6567476 ]] 
Episode: 137: [[-0.52931887 -0.07759733  0.29978466  1.133448    0.6589871 ]] 
Episode: 138: [[-0.5291528  -0.07799612  0.29885924  1.1323903   0.66089976]] 
Episode: 139: [[-0.53037846 -0.07793796  0.29933542  1.1325159   0.66231143]] 
Episode: 140: [[-0.5313964  -0.07791996  0.29973423  1.1328185   0.6633135 ]] 
Episode: 141: [[-0.532247   -0.07768532  0.29994223  1.1327178   0.6644372 ]] 
Episode: 142: [[-0.5335133  -0.07745304  0.30062813  1.132918    0.6655134 ]] 
Episode: 143: [[-0.5349322  -0.07702324  0.30135518  1.1326678   0.66708183]] 
Episode: 144: [[-0.5370274  -0.07660556  0.30300546  1.1334351   0.6679338 ]] 
Episode: 145: [[-0.5392951  -0.07649715  0.30472594  1.1339834   0.6694544 ]] 
Episode: 146: [[-0.5423073  -0.07638446  0.30717224  1.1350598   0.6710199 ]] 
Episode: 147: [[-0.54516506 -0.0764478   0.30951545  1.1360583   0.6726378 ]] 
Episode: 148: [[-0.5472559  -0.07648517  0.3111273   1.1366202   0.67407405]] 
Episode: 149: [[-0.54919994 -0.07663919  0.31266314  1.137269    0.67534524]] 
Episode: 150: [[-0.55077946 -0.07671303  0.31376755  1.1376852   0.67657965]] 
