Episode: 1: [[-0.23145498 -0.39692298 -1.0562081   0.12767342  0.02425611  0.
  -0.00549673  0.          0.00515193 -0.00182541]
 [ 0.09061728 -0.11789586 -1.4391838  -0.00859245  0.08965109  0.
  -0.03458909  0.          0.05514228  0.01871942]
 [ 0.3201999   0.24534765 -1.4975288  -0.0140848   0.02313234  0.
   0.00207792  0.          0.03758475  0.03557753]
 [ 0.3860409   0.40072352 -1.5964056  -0.04349864  0.00362352  0.
   0.01915036  0.         -0.06908239  0.07642334]
 [-0.20029868 -0.3589809   0.83699083  0.11360025  0.12021276  0.
   0.00469794  0.          0.09441394  0.01127312]] 
