23754.345703 1754.937256 1502.591187 1472.326538 51800.984375 
43294.246094 2280.834229 2084.680664 1322.614746 112599.632812 
30117.951172 4777.796387 3260.978027 2509.651611 29730.449219 
44628.910156 1484.459106 676.151245 765.198181 126301.062500 
17088.740234 1431.311646 511.181000 840.726746 79288.750000 
58448.351562 3077.397217 986.695312 633.576172 17688.464844 
94567.531250 2384.845703 2200.477295 1472.816895 58537.652344 
47820.839844 1286.158569 860.907104 407.400940 44056.878906 
144255.468750 6370.079102 2930.322266 2420.270264 173287.468750 
23729.019531 2793.679932 876.579529 8802.083984 15419.478516 
174428.515625 10878.161133 5745.632324 9686.653320 78024.476562 
19853.599609 2030.338379 2478.355957 1342.930176 180945.234375 
17645.236328 1739.548706 2102.156250 2041.824707 66692.179688 
19282.664062 1355.091064 573.568298 335.530914 138526.578125 
73071.882812 14605.281250 2036.745239 3312.127930 23484.865234 
21916.269531 1166.924927 636.847351 487.997437 140416.078125 
24552.986328 2072.640137 635.987976 431.902771 106200.960938 
38086.546875 1328.795288 475.158966 359.714203 109596.578125 
20238.595703 3590.347168 1630.745361 729.380737 52528.757812 
42628.007812 4676.009766 1862.205444 4713.989746 47578.441406 
