83.357643 41.374187 46.257648 44.852734 53.753258 0.019782 
70.345192 36.189518 49.632671 54.827812 48.829102 0.000000 
78.762764 82.065994 78.444450 79.985718 54.612888 0.019782 
79.832115 48.526524 36.861641 41.668297 68.606705 0.000000 
64.787170 40.933670 64.951202 63.662117 56.793449 0.000000 
85.973808 49.115803 60.135471 41.887383 42.333271 0.027976 
82.562576 53.577400 56.364552 46.972519 50.117962 0.000000 
75.628502 35.956299 43.985519 48.526272 51.485027 0.034264 
67.417137 49.277435 49.325226 45.976330 50.036854 0.000000 
74.603806 44.969711 44.076252 56.557285 63.224819 0.000000 
77.069809 47.499229 40.206146 54.741898 52.686699 0.000000 
69.569389 47.961689 51.979778 52.790222 47.358700 0.027976 
66.289268 48.530590 70.166656 57.045101 58.548088 0.034264 
75.488808 67.645561 70.675705 79.779160 56.207851 0.000000 
74.543129 50.644962 53.985889 56.462055 61.512661 0.019782 
82.440674 42.270798 50.221649 40.204193 46.611263 0.000000 
75.655777 36.595581 49.865868 48.369869 53.039135 0.000000 
70.088692 41.177074 51.111446 57.927277 58.727619 0.019782 
86.339264 50.591488 53.068119 52.300262 55.438129 0.019782 
72.077347 60.923866 65.645470 68.492378 63.678909 0.000000 
