4137.222168 1261.726562 485.776703 535.825317 188.844147 
4079.535645 1463.023926 563.901855 462.448486 139.207794 
3527.553467 2030.571777 802.294556 832.951721 314.479980 
3948.753906 2080.799805 851.095459 573.307129 211.703644 
3840.962402 1337.857666 564.828796 225.519608 120.110817 
4022.822998 1434.671143 573.106934 298.185516 186.739212 
3805.870605 1365.759033 767.166504 293.179871 212.708572 
3662.830566 1722.888062 688.454224 391.045319 84.977913 
3993.452148 2369.463867 969.400940 653.949951 258.740448 
3636.581787 1650.977051 718.107544 349.995697 213.026276 
3951.734619 1280.396362 603.320312 379.709259 86.377068 
3626.137939 1302.515381 724.331665 399.093231 147.604004 
3460.769043 1353.768555 512.095215 243.159454 115.806526 
4182.706055 1158.213013 530.362854 291.526733 133.288452 
4183.731445 1740.497681 514.854370 315.024231 80.963181 
3907.435547 1523.494141 623.776001 389.795319 138.814194 
4989.758301 2011.843628 873.722534 315.225555 227.700394 
4898.012207 1534.133057 775.170654 431.600281 222.368195 
3536.763184 963.292542 598.230042 256.917938 118.402542 
3572.599854 2039.619263 786.204224 331.146729 170.274628 
