73.510246 43.283527 51.925514 51.687706 50.523972 0.000000 
76.406105 51.954227 51.451607 53.142780 40.149380 0.019782 
82.739105 47.566845 63.127762 69.846916 39.381527 0.019782 
79.610245 42.574867 55.702267 44.165188 52.236717 0.000000 
79.652489 52.853302 51.045372 55.443424 50.494617 0.019782 
68.390465 44.963337 45.574333 36.557659 41.598072 0.000000 
78.235329 50.074078 46.078594 56.288162 39.740551 0.019782 
76.121254 55.215839 65.069084 66.446419 50.309696 0.000000 
75.874359 59.543953 51.377979 45.038162 49.407349 0.000000 
77.820709 34.408146 37.412075 40.116482 57.253819 0.000000 
74.439377 42.019753 42.082375 41.664967 45.807461 0.000000 
80.575363 44.071163 53.854038 58.055698 56.451839 0.000000 
87.542633 38.460300 50.870537 52.403736 47.836166 0.019782 
79.376205 51.232574 63.028343 60.577820 46.072945 0.000000 
74.194107 39.359425 44.317642 41.394314 39.256447 0.019782 
74.471199 36.289696 44.356625 46.476742 49.465450 0.000000 
76.225212 56.086834 55.360741 51.461716 48.666256 0.019782 
72.722206 46.364002 40.700584 36.433567 52.933319 0.000000 
76.611313 48.998028 52.125271 50.475391 47.910969 0.000000 
76.830597 42.586945 52.400379 68.109619 50.880116 0.039565 
