0.471666 
0.962993 
1.866125 
0.950882 
1.190745 
1.775742 
1.456822 
0.883632 
1.875390 
1.419517 
1.859383 
1.352965 
1.301163 
0.722286 
1.477970 
1.014076 
2.238966 
0.581668 
1.098390 
1.562949 
1.082561 
1.231311 
1.401363 
1.200196 
1.893793 
0.743815 
0.912330 
1.002242 
1.322705 
1.392197 
0.741487 
2.161219 
1.310750 
0.898850 
1.189723 
1.488432 
1.052570 
1.950327 
1.365453 
1.542875 
1.473503 
1.235950 
1.628009 
1.596809 
1.648958 
1.456651 
1.140504 
0.747782 
1.539276 
1.527126 
0.985383 
1.105945 
0.919364 
1.021293 
0.738331 
1.400021 
1.278108 
1.294997 
1.098831 
1.017105 
1.884681 
1.813580 
2.260831 
1.685666 
0.837119 
1.974205 
0.690586 
0.907887 
1.884514 
2.431815 
1.403576 
1.618044 
1.408249 
0.909350 
0.765745 
1.233954 
1.080968 
0.997828 
1.115288 
1.461206 
1.554615 
1.051992 
1.032397 
1.111548 
0.894262 
1.089507 
1.723566 
0.542079 
0.859347 
1.294808 
1.223644 
1.509519 
1.492804 
1.149988 
0.982542 
0.673996 
1.208921 
1.772827 
1.175794 
0.949234 
1.566486 
1.273331 
0.463199 
0.924044 
1.108296 
0.971503 
1.076748 
1.037568 
0.872750 
1.233683 
1.096827 
0.640915 
1.117681 
1.239404 
1.205375 
1.568918 
0.941133 
0.742973 
0.669476 
1.056507 
1.190803 
1.491686 
1.413948 
0.877422 
1.618900 
1.798757 
0.817311 
0.951860 
1.761950 
0.964481 
1.257177 
1.356496 
1.055607 
1.294048 
1.125418 
1.338592 
1.186629 
1.794973 
1.816992 
1.624511 
0.907848 
1.227513 
1.351288 
1.163682 
1.283482 
1.142471 
1.133688 
1.492296 
1.070179 
1.207744 
0.545222 
1.475834 
0.767854 
1.086127 
1.220978 
1.153955 
1.618062 
1.126294 
1.759582 
1.061530 
1.082539 
0.909746 
0.818814 
0.589625 
1.251069 
1.107568 
0.922839 
1.279660 
0.835748 
1.589720 
0.792916 
0.982199 
0.670173 
1.505031 
1.533859 
1.594531 
0.852916 
1.117305 
1.183383 
1.695451 
1.027737 
1.215282 
1.995755 
1.094406 
0.675931 
1.425368 
1.567512 
1.595785 
1.354119 
0.779178 
1.040239 
1.070638 
0.859804 
1.119876 
1.409424 
0.929346 
1.198595 
1.213688 
0.593368 
1.121926 
2.251129 
1.954960 
1.280422 
2.214377 
1.172233 
0.707567 
1.691049 
1.123277 
1.255236 
0.740617 
1.201463 
0.883518 
1.014563 
1.455597 
1.368907 
0.534626 
1.388074 
1.170921 
1.257001 
0.809128 
1.038358 
1.314731 
1.088924 
1.212968 
0.997279 
2.216115 
0.999678 
0.810372 
1.683921 
0.599777 
0.814188 
0.919801 
0.704811 
1.079080 
1.377830 
1.672359 
0.475025 
1.508538 
1.353518 
1.106770 
1.145537 
1.492564 
1.215096 
1.424208 
0.627416 
1.304984 
0.480349 
2.114442 
0.427238 
0.793566 
0.863299 
1.963807 
0.927160 
0.988375 
0.805399 
0.686160 
1.131762 
0.705767 
1.344240 
0.857448 
1.548237 
0.819282 
1.233296 
0.916393 
1.204744 
1.390433 
1.051026 
1.709930 
1.393043 
1.063235 
0.932974 
1.233467 
1.442377 
0.564790 
0.818099 
0.656103 
0.931769 
0.634969 
1.014388 
1.538075 
1.202769 
1.325917 
0.827421 
0.886269 
0.904048 
1.130987 
1.371210 
0.989443 
0.728756 
1.916940 
1.155168 
0.469419 
0.597978 
1.186683 
1.651268 
0.861840 
1.196824 
1.203684 
1.035274 
1.307370 
1.337843 
0.875780 
0.632317 
0.908586 
0.546015 
0.908361 
1.037174 
2.057903 
1.649979 
0.900363 
0.581335 
0.791474 
1.641212 
1.382174 
1.425536 
0.625760 
1.681626 
0.875176 
0.786123 
1.248430 
1.209195 
0.743421 
1.795601 
1.695697 
0.861082 
1.489433 
0.787676 
0.889421 
1.628940 
1.248569 
1.268225 
1.495909 
1.372491 
1.275389 
1.260251 
1.128990 
1.763950 
0.813579 
0.881487 
1.012640 
1.233902 
0.935017 
1.074685 
1.263331 
1.478457 
1.007478 
1.101918 
0.669681 
1.162805 
0.913931 
2.166474 
0.992894 
0.695543 
1.602274 
0.899236 
1.847988 
1.212313 
1.005691 
0.744902 
0.812887 
0.569520 
1.048662 
1.023928 
0.589360 
1.990826 
1.467598 
0.754192 
1.627162 
1.337521 
1.237468 
1.526783 
1.114250 
0.516819 
2.063245 
1.133153 
1.047003 
0.592338 
0.638041 
1.734956 
0.842415 
0.963622 
1.334666 
1.408522 
1.074863 
1.224963 
1.424852 
1.281517 
0.590711 
2.027966 
1.609349 
1.808721 
0.790699 
1.527168 
0.800688 
1.154840 
0.646406 
0.828646 
1.287195 
1.068866 
1.556332 
0.916338 
1.019806 
0.780293 
1.275301 
2.280797 
1.966482 
1.651611 
0.910180 
1.560632 
1.766857 
0.783937 
1.943918 
1.340245 
0.220619 
1.068166 
0.995023 
0.771964 
1.250242 
0.973642 
1.084565 
1.013806 
0.870698 
2.333517 
0.964343 
1.689311 
0.973221 
0.700887 
0.882725 
0.833334 
1.748947 
0.530896 
1.069273 
0.836614 
0.792500 
1.102050 
1.459738 
1.445238 
1.056050 
1.019380 
1.315122 
0.929033 
0.725783 
1.277242 
0.920047 
1.174763 
1.900539 
1.354335 
0.613412 
1.055700 
0.832356 
1.962587 
1.018633 
0.677741 
1.931573 
1.123361 
0.576431 
0.842365 
1.470861 
0.883381 
0.988891 
1.484335 
1.838128 
1.335889 
1.786383 
1.438089 
0.695610 
1.570008 
1.800326 
0.533859 
1.372402 
0.577607 
0.969309 
0.954436 
1.215606 
0.229812 
1.196967 
0.972527 
1.773502 
0.658816 
1.088511 
0.877858 
0.430633 
2.085801 
0.940319 
0.667949 
1.360595 
0.955326 
0.924772 
0.695988 
0.702097 
1.122875 
1.053761 
0.939235 
1.311233 
0.806121 
1.916031 
1.117229 
1.252629 
0.611377 
1.142057 
1.309576 
1.729344 
0.825428 
1.403333 
1.152507 
1.905315 
1.013024 
0.727130 
0.876302 
0.645206 
1.007344 
1.018947 
0.864685 
1.253338 
1.224729 
1.167383 
1.556500 
1.390976 
1.549321 
0.888825 
1.090224 
0.904970 
1.050067 
1.131640 
0.826650 
1.151358 
0.859841 
1.096144 
0.845332 
1.162373 
1.682493 
1.214299 
0.614072 
0.830955 
1.462048 
1.901828 
0.857424 
0.942465 
0.673114 
0.926674 
0.996026 
1.797822 
0.858800 
0.966216 
0.933467 
1.664052 
0.777122 
0.627204 
0.961623 
0.423983 
1.054080 
2.525944 
1.139686 
0.678974 
0.907679 
0.873437 
2.081918 
0.842163 
0.888952 
1.581474 
1.335322 
0.542586 
1.627587 
1.660353 
0.862840 
0.842845 
1.963974 
1.023803 
0.926191 
1.945595 
1.381281 
0.728387 
0.932236 
0.682249 
0.965072 
0.819772 
0.831016 
1.113909 
1.007188 
0.808870 
0.977777 
0.905582 
0.999216 
0.673031 
1.012681 
0.766604 
1.088177 
0.990131 
0.899137 
1.241668 
1.038830 
1.028962 
1.434881 
1.182274 
0.939660 
0.771364 
0.667245 
1.161777 
1.103686 
1.313889 
1.443337 
1.627280 
1.050915 
0.983010 
1.266361 
0.687034 
0.960385 
0.835579 
0.863932 
1.061624 
1.281710 
0.789415 
1.614629 
1.410270 
2.106999 
0.948983 
1.150006 
1.578943 
1.318515 
1.023883 
1.683715 
0.870892 
1.574316 
0.536784 
1.517785 
0.863938 
0.919390 
0.724109 
1.234601 
2.119050 
0.709035 
1.440334 
1.044576 
1.267765 
0.496319 
1.455684 
0.855536 
1.003716 
1.016995 
0.869068 
0.747575 
1.552615 
1.435462 
1.059808 
0.977903 
1.325832 
1.132558 
1.032469 
0.864510 
0.978637 
0.763293 
0.650586 
1.055846 
0.801712 
1.609800 
1.383850 
0.962221 
1.113971 
0.813327 
0.962940 
0.975257 
0.812214 
0.886455 
0.705598 
2.037867 
0.661072 
0.754075 
1.218374 
1.086045 
0.945411 
1.060225 
0.926235 
1.163571 
0.718289 
0.772923 
1.047189 
0.747719 
1.617378 
1.957802 
0.631403 
1.435961 
0.912563 
0.970789 
1.538938 
0.728078 
0.706183 
0.666041 
0.665586 
1.752590 
0.961173 
0.851566 
1.023739 
1.352284 
2.020655 
1.287971 
1.512189 
2.286840 
1.272437 
1.468208 
0.486089 
1.274924 
0.872463 
0.575088 
1.179246 
1.099856 
1.223498 
1.070279 
1.031499 
0.888600 
1.113961 
0.755841 
1.154577 
1.943885 
0.776127 
0.597532 
1.067712 
0.799509 
0.836110 
0.868755 
0.879391 
1.278883 
1.000579 
1.135307 
0.807984 
0.849918 
1.146125 
1.170669 
1.923317 
0.802978 
1.148250 
1.218731 
0.963624 
0.760790 
0.990997 
1.268697 
0.888748 
1.983674 
1.154297 
0.770048 
0.980671 
1.598958 
1.446655 
0.498167 
1.509429 
1.571445 
0.845294 
1.494465 
1.058464 
0.772874 
0.900625 
0.775930 
2.019244 
2.701617 
1.103602 
1.998160 
1.078622 
0.835648 
0.859883 
0.622063 
1.800858 
0.899173 
0.704330 
0.825929 
1.012819 
0.937490 
1.266278 
0.799969 
1.029911 
1.118323 
0.816039 
1.789798 
0.787821 
1.247493 
1.016375 
1.202733 
0.726661 
1.960246 
0.819840 
0.898657 
0.762326 
0.954983 
2.334642 
1.602363 
1.138537 
1.059206 
1.138040 
1.918171 
0.957526 
0.801160 
0.823505 
0.736449 
1.904185 
1.177693 
0.756427 
1.118114 
1.233071 
0.960353 
0.680849 
1.343191 
0.638462 
0.657399 
0.823778 
1.896807 
1.327309 
1.360726 
1.002369 
1.238155 
1.014960 
0.808947 
0.926988 
0.555277 
1.268044 
1.270965 
0.515743 
2.076528 
0.849180 
1.166307 
1.267770 
0.965679 
1.365120 
1.189779 
0.966684 
0.964791 
0.449859 
0.973911 
1.688331 
1.660476 
1.311874 
0.845396 
1.559204 
0.763873 
0.800068 
1.023110 
1.118780 
1.006104 
1.303845 
0.938786 
1.662439 
1.024711 
1.901787 
1.590377 
1.202044 
0.956404 
0.995289 
1.016284 
0.642650 
1.717866 
0.953303 
2.040961 
1.152311 
1.352282 
0.877760 
0.828343 
1.442592 
0.803536 
0.921029 
0.826611 
1.060812 
0.692660 
1.196874 
0.843124 
0.725412 
0.877187 
0.867137 
0.735176 
0.828210 
0.838504 
0.886375 
1.009465 
0.925281 
0.865354 
0.780360 
0.675808 
0.801611 
0.524034 
0.987298 
0.786884 
0.800435 
0.723301 
1.059021 
0.702217 
0.475840 
1.193020 
0.905109 
0.939254 
1.378958 
0.869558 
0.872145 
1.302915 
1.081973 
0.498506 
1.168130 
1.537109 
0.768191 
0.849420 
1.070314 
0.724376 
0.934936 
1.488783 
0.769479 
1.194024 
0.958058 
1.282978 
0.869841 
0.718630 
1.084519 
1.177533 
1.683042 
0.946364 
1.301252 
1.202351 
0.694051 
0.796038 
1.516519 
0.883685 
1.249806 
0.632481 
0.963043 
1.232588 
1.177775 
2.239692 
1.249606 
0.922617 
0.975465 
0.705129 
1.126815 
0.997712 
1.942263 
0.707599 
0.594952 
0.902935 
0.886324 
1.356612 
1.047937 
0.633178 
1.240341 
0.584332 
1.411396 
0.899275 
0.977171 
0.921967 
0.815623 
0.419034 
0.661776 
1.953568 
1.874721 
0.466153 
0.899729 
1.336222 
0.952128 
0.949853 
0.880628 
1.379458 
0.897460 
1.417372 
1.328464 
1.215197 
1.044097 
1.290479 
1.397442 
1.498049 
1.071415 
0.648212 
0.837887 
1.331699 
1.885699 
0.849493 
0.841353 
0.617207 
1.018024 
0.883673 
1.024649 
0.896443 
0.873788 
0.892973 
1.465213 
0.620383 
0.638501 
0.943109 
1.094216 
1.048866 
1.479847 
0.705086 
0.799641 
0.905643 
0.683873 
1.911434 
1.220368 
1.147832 
0.326000 
1.279953 
1.419297 
1.201251 
0.865418 
0.807908 
0.654932 
2.126252 
1.340980 
1.105301 
1.069265 
1.492241 
0.898651 
1.271255 
1.102367 
1.443692 
0.576065 
0.793723 
0.828360 
0.889155 
0.507193 
0.929638 
1.043132 
0.960370 
1.232176 
1.774023 
0.296339 
0.957813 
1.046380 
1.053545 
0.877543 
1.158732 
0.736624 
0.445826 
0.498443 
0.493628 
1.039801 
1.900066 
1.920229 
1.384807 
0.760726 
0.626506 
1.153637 
0.855627 
1.126523 
1.090666 
2.035252 
1.963022 
1.953447 
0.685781 
1.008295 
0.556402 
0.994214 
0.677090 
2.567576 
1.385743 
0.943013 
1.670474 
1.035886 
1.676307 
1.097641 
0.849388 
0.396626 
1.028563 
1.829266 
1.014407 
0.676663 
0.870610 
0.965470 
1.373738 
1.328084 
1.144207 
1.487441 
1.249093 
0.750392 
0.827416 
0.561781 
0.865155 
1.909163 
0.997794 
1.060987 
0.760944 
1.759821 
0.644932 
1.906045 
0.784884 
0.552560 
0.963140 
0.902144 
0.542729 
1.058570 
1.159219 
0.788533 
0.846347 
1.736256 
1.234680 
0.834711 
0.891477 
0.973354 
1.029813 
1.596519 
0.923299 
0.979589 
0.921364 
0.718227 
1.189554 
0.902553 
1.314226 
2.032760 
0.741779 
2.162531 
0.855574 
1.255867 
1.189457 
0.943208 
0.782245 
0.624369 
1.319576 
0.886845 
1.116798 
1.272590 
0.671837 
1.345106 
1.899015 
0.914353 
0.877154 
2.554324 
0.788862 
0.770539 
1.176936 
1.413562 
0.921488 
0.517052 
0.589400 
0.824462 
0.738357 
1.116832 
1.727256 
0.825203 
1.278198 
0.646226 
1.159085 
1.942453 
0.610224 
0.844262 
0.872986 
1.365886 
1.778999 
0.934539 
0.618157 
0.260146 
1.269196 
1.365058 
0.871758 
1.261698 
0.859164 
0.679330 
0.943937 
0.644550 
0.809460 
1.164802 
0.731494 
0.716170 
2.033761 
1.344046 
1.085280 
0.572069 
0.435478 
0.853248 
1.142416 
0.885551 
0.663742 
0.931177 
1.331193 
1.417539 
0.898881 
1.088463 
1.303836 
1.820001 
1.631806 
0.768827 
0.794712 
0.903745 
1.077825 
0.822593 
0.722958 
1.900917 
0.669980 
0.903500 
2.057340 
0.886138 
1.202808 
1.936642 
1.162998 
1.026953 
1.088210 
0.737917 
1.122392 
1.264664 
1.168236 
0.856780 
0.842311 
1.038754 
1.127357 
0.902823 
1.018810 
1.035352 
1.602487 
0.826388 
0.579007 
1.299882 
