14166.250000 10488.245117 10991.723633 10459.677734 1025784.687500 
12651.392578 10852.278320 11985.626953 10515.943359 1021132.062500 
12082.464844 10199.278320 9578.958984 9026.474609 859859.000000 
13967.854492 10701.554688 11437.823242 10885.411133 1060103.500000 
13863.797852 9957.864258 10044.218750 9056.331055 930735.250000 
15098.338867 11852.710938 12762.355469 13602.506836 1379237.500000 
12399.093750 9470.969727 10251.193359 7273.963867 1075437.875000 
14868.963867 12566.758789 10656.726562 9592.671875 1311058.875000 
14172.080078 11274.027344 11456.672852 10011.355469 1386329.500000 
16098.299805 13012.587891 13353.507812 10406.493164 1344613.750000 
