91.643700 75.213821 72.527695 54.260983 29.964441 0.000000 
88.456551 86.955338 72.906021 56.759716 34.232784 0.000000 
89.183006 80.752739 76.062355 51.260727 32.860294 0.000000 
89.835876 84.405197 68.216446 49.267220 24.225523 0.034264 
89.224442 75.954796 62.139977 43.123154 30.943962 0.000000 
87.727676 82.542534 67.569374 58.476540 33.915306 0.000000 
82.535355 77.114777 76.344048 67.071976 48.784912 0.000000 
85.045883 75.153091 73.131996 54.518017 35.239994 0.000000 
81.857994 72.521004 60.038410 51.516361 30.921726 0.019782 
89.691391 79.526375 74.134010 63.738167 31.780563 0.000000 
