26049.755859 3344.592285 1533.356201 1031.696777 21591.660156 
26323.240234 3735.297607 2490.753662 1324.026611 31164.601562 
24102.197266 3166.420166 2318.660645 1635.438232 14568.268555 
20899.070312 2259.272217 1897.683472 1015.662781 24338.533203 
23892.363281 2755.246826 1879.259766 1452.884155 26353.640625 
24581.681641 3011.000244 1806.189697 1191.266479 31242.671875 
27894.392578 2967.822266 1634.372437 1184.554321 31136.158203 
22592.916016 2730.025391 1917.705200 1185.047485 23435.841797 
27201.947266 3965.627441 1893.499756 1080.028564 25354.935547 
23943.591797 2485.444092 1684.924194 952.945068 24515.423828 
26182.806641 3668.896240 2218.691162 1643.586670 32395.523438 
26126.517578 3006.703613 2153.618164 1340.528442 22834.232422 
26069.628906 3007.572021 2480.802246 1793.168945 29648.472656 
24663.859375 3216.518066 2168.147461 1221.020264 32149.595703 
26046.742188 3151.646484 2661.528809 1532.401489 32952.164062 
26389.302734 2255.912598 1414.030396 903.003967 29758.566406 
20859.533203 2971.550293 2068.492432 1374.430664 27060.039062 
22351.240234 3646.072021 1963.044922 1633.563110 30543.093750 
29597.927734 3783.785400 2278.164551 1864.314453 31449.388672 
23584.609375 2534.932617 1681.135132 1014.529785 26332.109375 
