81.751274 53.929897 48.252419 39.886826 40.100075 0.000000 
81.248360 56.826679 59.939716 44.075413 40.163261 0.000000 
77.968559 70.377327 54.972542 42.717636 23.879913 0.000000 
79.071877 49.335922 45.884609 26.765532 37.456841 0.000000 
75.452393 41.031971 41.734089 40.356762 51.113220 0.019782 
81.095436 37.966335 42.151215 27.135868 28.089367 0.000000 
81.383682 60.581097 53.547466 40.827408 26.561874 0.000000 
86.379478 45.119247 46.343102 39.645866 34.982964 0.000000 
75.873985 67.335442 50.358486 50.442589 19.732542 0.000000 
78.333946 56.432980 40.292255 31.470579 21.823910 0.027976 
76.340599 40.960602 42.637665 32.081352 29.382011 0.019782 
80.391769 52.869316 42.528042 30.644775 31.459591 0.000000 
82.373444 61.365143 41.872272 34.321106 31.713797 0.000000 
70.849632 58.522675 50.450558 36.179203 28.709425 0.019782 
79.436409 39.542496 35.293682 34.005951 45.372292 0.000000 
74.602562 46.957535 39.267422 46.524166 21.963293 0.000000 
78.188049 52.103367 54.339462 52.289200 42.651108 0.000000 
74.152832 47.845379 46.902519 34.608662 40.648594 0.000000 
72.008728 52.785240 40.611095 46.564976 42.529675 0.000000 
84.361153 61.538265 59.299892 42.831081 27.527189 0.019782 
