102.700806 113.923134 92.686119 93.508331 84.977730 0.000000 
95.306686 107.809395 105.930763 98.101288 96.840637 0.019782 
85.042046 108.449440 95.867294 96.418633 88.991493 0.000000 
86.067871 108.687729 87.967522 90.051010 96.017319 0.000000 
94.809860 106.014412 101.469849 91.348793 83.939445 0.027976 
77.914017 107.216293 98.101814 100.376236 95.641266 0.000000 
90.722412 94.724098 90.593239 89.766243 100.259651 0.019782 
78.187698 111.014648 109.333633 100.740982 94.279427 0.000000 
85.090279 89.088318 93.286942 89.414368 94.456345 0.034264 
96.522552 86.546288 80.680305 84.315437 93.494171 0.000000 
92.267715 93.409805 86.660698 92.758179 96.153343 0.000000 
85.148949 100.327606 95.496170 94.618843 93.490395 0.000000 
91.822510 102.654205 99.477448 95.837708 92.327133 0.000000 
98.088882 110.964691 102.550827 93.266937 86.612244 0.019782 
84.549362 94.158737 96.962997 95.632721 87.624985 0.027976 
87.634590 101.068436 91.249557 100.602211 91.353897 0.019782 
88.198891 103.398216 97.357826 103.771904 93.412613 0.019782 
115.769722 113.428268 100.790382 94.477875 88.402969 0.000000 
118.235489 105.942856 93.777161 86.128021 89.135254 0.019782 
86.117645 101.537033 95.139465 90.984131 92.680603 0.000000 
