89.805618 89.860451 89.911346 89.882530 90.089417 
89.832146 89.939842 89.743172 89.872650 89.871933 
89.924911 89.884918 90.169617 90.162575 89.860222 
89.859406 89.934906 90.068054 89.907272 89.706955 
89.938499 89.991386 89.733299 89.369339 89.924416 
89.957253 90.045959 90.089554 90.127235 89.903740 
89.733215 90.050072 90.258606 90.115715 89.910065 
89.827469 89.721809 89.811790 89.679398 89.825020 
89.903046 89.915276 89.686043 89.395302 89.712669 
89.915131 89.783554 90.059753 89.646667 90.103752 
89.786926 89.976639 90.033890 90.052185 89.904884 
89.825920 89.727440 89.978912 89.957214 89.845596 
89.945877 89.948357 89.419983 90.160439 89.908127 
89.969620 89.868561 89.914925 90.136124 90.156158 
89.638329 90.025925 90.060257 89.835426 89.589851 
89.845726 89.955139 90.207199 90.415222 89.840759 
90.084511 89.903297 89.826668 90.234795 89.835373 
89.817780 90.007851 89.538429 90.156868 90.016212 
89.824753 90.006447 89.973480 90.180710 89.732597 
89.952148 89.924248 89.927322 89.872849 89.796165 
