53859.796875 11077.999023 6350.038086 6061.178223 211067.984375 
69301.320312 12235.073242 11319.609375 9234.540039 299445.750000 
70327.273438 13452.156250 10341.814453 8415.452148 387931.281250 
66520.609375 12327.398438 7597.169434 5097.753418 220523.968750 
53948.363281 8000.061523 5725.004395 7931.469727 303693.343750 
75144.382812 11473.864258 7198.429688 7436.229492 294969.437500 
68758.562500 11079.714844 13039.595703 8394.800781 235877.937500 
47172.406250 7272.579102 6634.799316 5740.085449 247489.000000 
58133.503906 12080.968750 10672.477539 7730.054688 244732.515625 
63765.296875 8335.084961 7933.383301 6725.125000 314785.718750 
62249.101562 8210.820312 6381.432129 4804.436523 253312.968750 
72487.375000 16396.041016 9001.287109 12705.640625 348430.937500 
54916.179688 5943.369629 5865.913086 5488.607422 147867.937500 
68440.773438 8974.820312 7787.268066 6726.829102 278445.531250 
47697.632812 8351.641602 7697.283203 8210.999023 208857.375000 
70969.593750 11468.578125 10442.813477 8692.208984 232571.953125 
63585.921875 8679.101562 8013.390137 6128.398438 181530.546875 
64730.351562 9777.715820 7490.463379 10267.651367 251426.750000 
67184.976562 10862.261719 8826.558594 11752.343750 274312.843750 
59881.664062 8623.462891 10440.343750 5939.196777 282199.593750 
