80.846802 44.890999 50.216419 45.914200 49.510139 0.019782 
67.204063 41.617233 52.045334 50.344734 47.994190 0.000000 
70.805435 63.888676 71.299606 68.591591 65.709274 0.000000 
80.839310 48.660698 48.135632 48.042030 54.408932 0.019782 
78.587502 60.280521 65.995125 67.806938 58.862202 0.000000 
86.108727 39.797573 47.036041 44.441792 43.059483 0.019782 
75.485512 46.701321 56.912403 55.750244 51.520164 0.000000 
88.115822 45.034431 48.976086 43.430172 47.472080 0.000000 
80.542465 53.743034 54.212456 52.907787 54.725502 0.000000 
83.220802 72.060936 72.196075 62.606644 52.939121 0.000000 
83.882416 43.353867 40.234810 41.290157 52.510052 0.000000 
72.805626 46.038315 57.322525 53.740467 50.592873 0.000000 
90.965378 39.220764 52.279598 43.638344 39.819202 0.000000 
72.777016 42.921009 50.224506 47.047783 44.504704 0.027976 
75.848976 44.418369 51.895931 54.516022 52.929157 0.000000 
81.415192 56.990246 60.442291 55.837025 55.614498 0.039565 
82.394569 57.395897 60.062717 54.138081 52.891743 0.019782 
70.792435 37.678593 40.891499 42.393288 42.917278 0.000000 
82.319221 41.487453 40.933342 41.265526 42.662514 0.000000 
77.752693 48.040192 54.709106 52.211124 46.436886 0.000000 
