32219.275391 2591.634277 2924.617188 2965.459473 200755.593750 
49419.210938 4164.112793 3679.228760 3958.016602 237337.265625 
38759.328125 3207.135010 3506.680176 4070.604980 165911.531250 
36853.285156 3632.103271 3171.406250 4279.122559 226594.093750 
35867.550781 2999.569580 2712.240723 4346.237793 198535.875000 
30348.599609 2337.585449 3010.359375 2432.125488 111112.867188 
30576.003906 2312.333008 3637.365723 1576.358765 117485.781250 
32832.046875 2598.364990 2241.030762 2056.766357 100259.992188 
44427.191406 4234.761230 6185.618652 6489.261719 248237.640625 
36987.890625 2536.159912 4534.124512 3245.411865 140657.015625 
37378.625000 3170.883789 6975.326172 3334.330322 212765.640625 
31716.732422 2767.061279 2791.785156 4345.665527 279926.687500 
33261.960938 2899.798584 4200.922363 2867.864258 155197.281250 
34606.085938 2404.741455 2303.759766 2132.605225 172480.234375 
39003.843750 3344.738525 3028.509766 3549.373779 210763.656250 
28323.812500 2690.517090 5630.809570 2795.547363 127027.632812 
39613.164062 3633.299805 3529.574707 3254.395996 168116.718750 
40845.250000 2721.259033 2742.193359 2212.342773 180922.890625 
29925.531250 2403.366943 2585.556396 2114.602051 141029.593750 
41292.550781 5740.086426 5725.024902 4518.065918 246292.812500 
