51573.339844 4509.683105 3448.605225 3636.253662 28754.794922 
41686.171875 3306.878174 1549.199707 1030.724121 72646.468750 
50298.671875 4230.796387 2240.237305 2135.598145 73513.976562 
48192.339844 4646.880371 2496.356689 1716.980103 89217.960938 
60104.992188 5162.639160 3023.435059 8555.856445 20994.951172 
41404.839844 3273.002686 1096.462646 1028.217773 46636.925781 
33609.074219 2845.490479 936.275391 484.103729 90962.179688 
50956.304688 8879.427734 2699.205322 2414.019287 58326.863281 
41020.902344 4072.935303 2148.005615 3741.245117 89301.953125 
48034.105469 3432.027832 843.966858 564.275879 68840.078125 
50998.898438 2722.400635 1120.634766 999.303345 73748.929688 
59163.296875 8033.251953 5061.881836 3410.989258 79473.218750 
42584.898438 3612.842529 1166.574097 2764.682373 35772.183594 
47769.734375 4237.079102 3604.346436 2090.988037 78991.585938 
40456.167969 2634.675049 809.338196 818.345215 75091.804688 
39229.148438 3708.077393 2430.622314 2124.847900 40481.941406 
54470.078125 6008.937012 2163.989746 1351.459595 55551.015625 
55118.558594 4737.218262 3818.189941 2173.367676 48410.562500 
51140.218750 5426.525391 3304.035889 1781.367432 27244.515625 
48369.804688 4863.474609 2541.579346 2586.752441 85692.273438 
