88.773148 102.871773 99.479904 105.074898 100.748573 0.000000 
87.025146 81.630661 68.706818 65.184212 71.059013 0.000000 
93.037964 85.969009 89.127220 82.512497 84.044563 0.000000 
94.120445 90.027969 82.329124 87.489372 85.556091 0.000000 
85.659592 67.430023 67.278099 76.594185 82.231636 0.000000 
81.284546 68.495911 72.445015 80.081375 83.792046 0.000000 
84.336479 77.571465 73.045288 77.291618 85.142662 0.019782 
73.489105 103.756226 111.221390 105.222237 105.602470 0.000000 
97.449364 101.015671 102.260269 100.357452 94.842537 0.000000 
89.045425 64.984001 77.914345 79.886612 81.300598 0.000000 
90.897667 84.845482 87.502991 91.137512 97.955086 0.000000 
93.089203 72.528137 73.833000 76.731461 85.107605 0.027976 
86.039940 101.203354 95.863899 98.216667 90.320808 0.000000 
86.280479 98.820633 92.364342 90.907516 88.675751 0.000000 
93.558960 99.557106 103.842415 100.677750 99.242867 0.019782 
86.656639 84.978218 83.248184 94.351143 84.127304 0.000000 
80.693039 88.948029 82.957191 76.861618 78.737579 0.000000 
87.966103 77.228416 77.419151 98.785034 90.812889 0.000000 
94.770821 105.872238 101.169075 90.507263 79.225731 0.000000 
81.436905 92.774467 102.528954 92.578613 83.414253 0.000000 
