83.438225 85.028778 86.357590 86.400978 77.602272 
83.884026 86.013397 86.925980 83.577019 72.708458 
84.387741 84.765244 86.131897 85.774178 78.738304 
84.889160 87.432640 88.238617 88.165184 75.351051 
86.063744 88.057449 89.074104 87.480637 78.312462 
86.061516 86.764473 86.331451 86.619011 75.528984 
84.082855 85.435394 85.491394 84.935440 73.660431 
82.785477 84.604004 85.444435 86.899933 76.512520 
84.249100 83.967186 85.504944 85.271477 76.016655 
86.902977 88.935799 90.129578 90.683517 74.194450 
84.147903 84.659843 86.483429 85.711990 75.522102 
85.892937 87.656876 88.526726 88.380577 78.136055 
80.864479 82.884514 85.083450 85.693230 79.691483 
87.084999 89.413666 89.075897 88.439415 68.056618 
83.682098 85.053780 87.026543 87.160378 76.635963 
84.203918 85.813019 85.042084 86.760506 73.523766 
83.616425 85.047760 85.730637 86.169044 74.978638 
83.363815 84.305244 84.243225 84.142136 71.680717 
83.014084 84.797920 85.492851 85.076698 76.814148 
83.910164 84.659668 84.774368 82.483994 73.302582 
