82.635567 81.708748 88.885826 78.433067 77.203751 74.244682 82.434395 65.431351 68.536224 71.097580 0.000000 
96.538216 96.344612 83.689026 78.374283 73.883781 68.691528 66.879707 66.435265 78.681656 74.858131 0.000000 
90.179192 91.491310 81.014709 84.938469 86.738518 95.135788 92.921715 86.139114 79.535378 76.256866 0.027976 
70.454582 63.180382 68.745186 58.006977 59.520164 75.665779 88.702736 72.208458 62.753269 64.991699 0.019782 
94.457611 92.233818 86.802361 86.468582 90.615334 79.960182 75.113861 85.358673 77.418777 75.522453 0.019782 
87.809135 91.453819 82.521667 78.800308 85.666069 81.908333 77.128311 65.050308 69.232040 68.493080 0.000000 
92.561050 91.917778 87.741592 84.443672 86.542747 76.197670 87.090004 82.440887 84.798965 77.550339 0.000000 
91.000168 85.048576 82.645798 77.704224 82.118660 73.390175 69.699028 70.293823 73.240303 92.184135 0.019782 
82.076584 79.140717 73.030228 63.902287 68.454956 64.121727 64.029106 59.752884 62.724205 70.236511 0.000000 
90.370125 95.034782 95.901207 85.490372 78.482567 85.804230 83.556877 73.844063 68.086273 76.396698 0.000000 
93.291801 86.539467 90.948242 83.035301 69.726082 60.713104 75.257904 68.687210 65.985947 65.897415 0.000000 
86.180763 72.452202 75.795952 60.741501 68.857651 66.467422 65.394012 75.797928 70.950439 65.228783 0.000000 
76.641663 61.836552 65.905479 65.266777 57.927685 69.067978 62.282242 77.301231 74.220436 71.446991 0.000000 
85.960449 76.766335 84.582588 93.638863 99.154915 93.814377 93.116806 84.800720 56.176331 69.499619 0.000000 
86.124321 83.799995 86.336586 95.880219 84.056282 90.236549 73.177292 83.991669 78.916954 71.464348 0.019782 
81.064247 78.534851 77.694717 82.289978 89.518593 75.672493 76.609406 85.227585 83.152168 62.942253 0.019782 
90.199722 83.721382 86.510628 83.192528 67.670540 67.414673 62.236649 61.853973 65.066254 63.719433 0.000000 
91.006668 85.217972 88.991341 76.154305 81.710274 70.421638 84.058151 70.768173 75.529594 72.326279 0.000000 
101.881828 101.892090 110.052200 91.101212 88.408836 79.914597 74.766197 76.460655 61.300358 78.818100 0.019782 
92.066147 91.726242 95.627159 87.348717 71.461159 62.656799 78.035583 77.248825 64.811310 64.749161 0.000000 
