84.356888 52.443451 68.766472 73.348862 58.182816 0.000000 
85.587601 53.973335 73.104057 86.354126 63.600655 0.000000 
66.280495 68.056252 64.558807 77.143768 68.994453 0.019782 
70.818558 55.822357 77.446274 63.415791 68.052925 0.019782 
76.876068 63.954681 56.638172 64.610474 74.020767 0.027976 
83.031296 90.181740 64.947723 72.759171 73.035332 0.000000 
64.441025 48.062611 56.676617 57.954769 57.993610 0.000000 
77.993683 57.603874 59.308502 68.614677 57.224941 0.000000 
73.325035 63.641426 61.238678 68.497597 67.584587 0.019782 
72.056389 75.984245 61.737114 70.264511 61.762310 0.000000 
74.702461 66.320114 74.550636 62.090935 59.366131 0.000000 
69.682846 67.240044 72.823776 74.343529 59.410351 0.000000 
81.900391 60.156273 66.252884 58.997852 67.802017 0.000000 
83.861343 68.586899 84.427109 68.742607 66.528175 0.000000 
77.366753 66.993332 71.929268 72.726639 57.778248 0.000000 
78.340561 55.594410 63.829193 72.215401 66.189537 0.000000 
86.871201 87.211914 92.988335 81.751900 54.174835 0.019782 
77.138855 56.736210 54.065216 59.994766 55.509594 0.019782 
82.974693 79.862991 59.881947 71.901932 73.142250 0.019782 
77.099648 90.973534 101.159012 69.717224 78.321136 0.000000 
