48330.082031 10343.698242 8061.741211 4941.692383 38655.085938 
46406.781250 9179.010742 5537.843262 4146.956543 21710.572266 
39714.367188 9252.110352 4450.856934 2431.983643 21675.845703 
47721.742188 10017.997070 5652.386719 4955.657715 31251.712891 
56476.164062 14921.837891 9938.170898 4602.578613 31616.931641 
35994.855469 7130.516113 3557.499268 2610.917725 11654.958008 
41133.894531 5218.303223 3009.668701 1967.286133 13879.163086 
42144.164062 10783.631836 7335.520020 4663.501465 30328.076172 
43768.113281 6273.683594 4904.215820 3856.475586 19820.966797 
45378.691406 9951.012695 4853.171875 2861.379883 26013.945312 
48146.339844 9611.095703 4245.833008 3032.074219 19754.560547 
41497.964844 6451.845215 4308.999023 5302.181152 16140.758789 
43726.355469 5838.146973 3791.317139 2864.134766 15835.683594 
41210.085938 5599.272461 3213.010742 1960.128784 17892.744141 
41293.164062 7156.409668 7257.601562 3943.609375 26396.640625 
58070.984375 9385.311523 6755.808594 5773.041016 32950.582031 
46772.312500 7917.795410 5571.160156 4041.526611 25499.771484 
42962.042969 6222.736328 5119.858398 3516.751465 21394.093750 
49612.347656 8603.448242 6647.282715 3865.198242 21724.171875 
53801.652344 10909.254883 4611.784180 3087.100586 19278.197266 
