74.720337 43.835022 55.286255 53.413525 60.996269 0.019782 
63.342957 54.137459 54.191296 65.918053 58.664017 0.000000 
82.984787 44.216381 60.652966 61.871777 56.830109 0.000000 
63.875538 40.350975 45.836639 59.234840 63.201553 0.000000 
77.563286 41.241814 47.130146 56.310841 49.875805 0.000000 
71.172958 52.348976 47.195934 60.282536 58.774212 0.000000 
83.921165 53.491821 57.438145 42.659443 54.954548 0.034264 
56.693741 51.335209 47.931213 49.735737 55.967304 0.000000 
70.872627 43.592098 63.569527 51.942375 47.653698 0.000000 
79.266953 38.626858 44.608799 58.809700 53.858395 0.000000 
80.365135 60.422363 68.827469 69.755447 72.233482 0.000000 
86.881760 55.809090 62.012630 53.040257 57.092209 0.034264 
75.643265 45.401516 46.445374 51.685905 50.242519 0.000000 
67.086678 42.387955 39.558506 48.938087 41.770298 0.019782 
73.474518 42.900284 52.797184 44.415558 64.441864 0.000000 
82.183563 70.319221 63.689018 61.973763 54.004101 0.019782 
70.519844 34.146126 44.444408 47.705448 53.189732 0.000000 
76.456032 61.143700 46.196934 48.588131 54.254276 0.039565 
73.663933 40.775898 46.528908 50.604122 51.129166 0.000000 
68.738602 49.306519 59.510761 60.211502 56.645054 0.019782 
