12216.423828 1038.877319 675.345764 631.223267 102272.250000 
9013.770508 1072.907837 757.341370 520.343567 82005.312500 
15806.328125 1802.569336 1118.268188 1320.744751 108747.484375 
13333.661133 1476.996338 846.206055 1007.232178 106812.039062 
15309.625000 1186.609619 881.174072 538.787720 134526.781250 
15911.135742 1637.597412 921.037109 712.470154 95823.859375 
14678.818359 1876.231079 1170.469116 959.044678 157413.250000 
19117.150391 1827.247803 1039.373657 683.896423 166895.734375 
26341.435547 2707.490234 1923.576172 1408.838989 174732.109375 
21830.699219 2577.301758 1460.323853 1309.509521 127303.179688 
15086.158203 1610.417603 848.502869 633.940674 101032.742188 
12425.619141 1082.738403 843.466980 728.728943 108446.640625 
19430.626953 1525.991211 834.789673 708.515503 87095.164062 
15676.418945 1417.421753 782.453369 544.878235 123345.070312 
17088.603516 2142.321289 1233.157104 987.417664 127057.875000 
17938.943359 1516.579346 1013.837708 584.431580 142051.093750 
20450.414062 2198.805908 992.855225 1178.512939 162721.171875 
14933.689453 1105.984863 783.921387 594.609558 75013.617188 
22955.953125 2287.109863 1366.368896 889.817078 132937.109375 
14270.957031 1732.914673 965.559875 1018.896484 117965.476562 
