2869.020996 584.822388 420.553406 256.412384 72427.476562 
4526.668945 898.588928 943.591431 654.543579 93957.179688 
3808.736572 757.201050 594.715515 655.462646 87063.375000 
3665.200684 805.845032 465.817261 969.270569 106382.992188 
3129.672363 668.350098 263.054840 245.588989 70809.601562 
5079.301270 825.214966 384.127563 472.166779 80638.960938 
4471.046387 662.987549 460.070129 365.152252 83000.960938 
3478.000488 822.671936 504.031738 253.712082 61936.898438 
10895.243164 1417.420898 833.087158 460.103668 175145.906250 
5781.620117 779.144958 336.731537 358.346344 66767.859375 
6345.965332 1445.798950 1021.997192 1311.608887 162987.593750 
4714.102051 739.675781 589.032166 440.017700 105652.218750 
3683.831055 623.418213 337.220459 237.777939 55364.074219 
2984.349609 649.264771 272.740540 269.365234 68059.109375 
4474.353516 900.815796 432.116364 530.845886 78271.828125 
3745.908447 642.006775 573.915833 315.513550 84228.460938 
3625.816895 812.504761 421.140411 377.381348 68063.203125 
3519.670166 800.985718 517.356079 344.372345 70039.812500 
2914.253418 684.145935 456.951538 220.736069 74658.390625 
5581.096191 1173.806763 805.367493 500.394745 98578.523438 
