3.842104 
3.836579 
3.677593 
3.848271 
4.057446 
4.109448 
3.709973 
3.705131 
3.801190 
3.742789 
3.682922 
3.782870 
3.619141 
3.528119 
3.526638 
3.751445 
3.396704 
3.404187 
2.889667 
3.588047 
3.084964 
3.135123 
3.130760 
3.230687 
2.177231 
2.300781 
2.678226 
2.407012 
2.440326 
3.200002 
2.399304 
3.568161 
2.831998 
2.501221 
1.975460 
2.338373 
2.478672 
2.378099 
2.076553 
2.515300 
2.182723 
2.039640 
2.196607 
1.891757 
2.674676 
2.923320 
1.858659 
3.152445 
2.024037 
2.228158 
2.463497 
2.083561 
2.447184 
2.125417 
2.047524 
1.954482 
2.163927 
1.553168 
1.971561 
1.549435 
1.801908 
1.888074 
1.864466 
2.079851 
1.800224 
1.434246 
1.942439 
1.623069 
1.833003 
1.758724 
2.141685 
2.033494 
1.864265 
1.427945 
1.808109 
1.433966 
1.544370 
2.772328 
1.982040 
2.388002 
1.749914 
1.800493 
4.736545 
4.585755 
3.154253 
4.557460 
3.389684 
1.977053 
2.102742 
3.477110 
3.644747 
2.530060 
2.445475 
2.604037 
2.300065 
2.071750 
2.275024 
2.198577 
2.014585 
2.046960 
1.942744 
1.856792 
2.002709 
1.834940 
1.790417 
1.852346 
1.838346 
2.186204 
3.009654 
1.453309 
1.915668 
1.811156 
2.140175 
1.496528 
1.807601 
1.421957 
1.803461 
1.665755 
2.123678 
1.756032 
1.795922 
1.734363 
1.748467 
1.730789 
2.036221 
1.739794 
1.373232 
1.747196 
1.413052 
1.716066 
1.769690 
2.127962 
1.898491 
1.940041 
1.932494 
1.729432 
1.753815 
1.682398 
1.719020 
1.868879 
1.853466 
2.118049 
1.657282 
2.007019 
1.748329 
1.710945 
1.870610 
1.739701 
1.700557 
1.669579 
1.743701 
1.667756 
1.931578 
1.749285 
1.460489 
1.770412 
1.745994 
1.655591 
2.449829 
1.646154 
1.641423 
1.906982 
1.709970 
1.662462 
1.665491 
1.411164 
1.736861 
1.122514 
1.390612 
1.649715 
1.701917 
1.861707 
1.764386 
1.854354 
1.653679 
1.722534 
1.405519 
1.794197 
1.718847 
1.717181 
1.850971 
1.433140 
1.672396 
1.530081 
1.770939 
1.698686 
1.663971 
2.180010 
1.618245 
1.655613 
1.673855 
1.641463 
1.667877 
1.619601 
1.382332 
1.721150 
1.744885 
1.668322 
1.824206 
1.806504 
1.407117 
1.832647 
1.741833 
1.787145 
1.735373 
1.500192 
1.842163 
2.520896 
1.496341 
2.185657 
1.846860 
2.127862 
1.567655 
1.835022 
1.901234 
1.834754 
1.855596 
1.893664 
1.799651 
1.834404 
1.830672 
1.610386 
1.851006 
1.778297 
2.386846 
1.537770 
1.469263 
2.638422 
1.463704 
1.509094 
1.430120 
1.790165 
1.849434 
1.486359 
1.489503 
1.967222 
1.851185 
1.728190 
1.877878 
1.793460 
1.724794 
1.794418 
1.762425 
1.772473 
1.683556 
1.737632 
1.767826 
1.699162 
1.783868 
1.445916 
1.731982 
2.226641 
1.759741 
2.151744 
1.616017 
1.527386 
1.705612 
1.714114 
1.711183 
1.734900 
1.948626 
1.996107 
1.743960 
1.706804 
1.818217 
1.680186 
1.780843 
1.710933 
1.827303 
1.663390 
1.725826 
1.671733 
1.737557 
1.803360 
1.751422 
1.672714 
1.393319 
1.438045 
1.777288 
1.872449 
1.683954 
1.685045 
1.413826 
3.028495 
1.707616 
1.679555 
1.898896 
1.768973 
1.817318 
1.863625 
1.377324 
1.383133 
1.425992 
1.889389 
1.384177 
1.683333 
1.505195 
1.382499 
1.789295 
1.682737 
1.859637 
1.718990 
1.641818 
1.680487 
1.336275 
1.533645 
1.419228 
1.477805 
1.658821 
1.652057 
1.657971 
1.652989 
1.678024 
1.648838 
1.624269 
1.661735 
1.673311 
1.633702 
1.660432 
1.690759 
1.614923 
1.647299 
1.776543 
1.372216 
1.725662 
1.629635 
1.657079 
1.704880 
1.719452 
1.696133 
2.141106 
1.736424 
1.600951 
1.632144 
1.666166 
1.434471 
1.727267 
1.427301 
1.624895 
1.706287 
1.367383 
1.391257 
1.811465 
1.678165 
1.685149 
1.372399 
1.909626 
1.468001 
1.431703 
1.631916 
1.635267 
1.655722 
1.393348 
1.655034 
1.624442 
1.644019 
1.631697 
1.837261 
1.675492 
1.425562 
1.638751 
1.365172 
1.780582 
1.646379 
1.360379 
1.626829 
1.612870 
1.739611 
1.723748 
1.629567 
1.650760 
1.652379 
1.683113 
1.683043 
1.621295 
1.689997 
1.910596 
1.639464 
1.450914 
1.541787 
1.634845 
1.622398 
1.622922 
1.624972 
1.624992 
1.623649 
1.634857 
1.633351 
1.535083 
1.647650 
1.815137 
1.621000 
1.747712 
1.674968 
1.651095 
1.353110 
1.686781 
1.303846 
1.648703 
1.714066 
1.408693 
1.643985 
1.666281 
1.450652 
1.691438 
1.788957 
1.675753 
1.417856 
1.673126 
2.151059 
1.735773 
1.780211 
1.705744 
1.865182 
1.888677 
1.666497 
1.808074 
1.467606 
1.701245 
1.687458 
1.746972 
1.825559 
1.726150 
1.711687 
1.658097 
1.741779 
1.384758 
1.698733 
1.699960 
1.745062 
2.058645 
1.389657 
1.864333 
1.815789 
1.713881 
1.400548 
1.888978 
1.380584 
1.687182 
1.665273 
1.723347 
1.656467 
1.668326 
1.381937 
1.413700 
1.659533 
1.734691 
1.773300 
1.837745 
1.700668 
1.678667 
1.296330 
1.471243 
1.679905 
1.417881 
1.673643 
1.716239 
1.663357 
1.729597 
1.715809 
1.675951 
1.726115 
1.810778 
1.660904 
1.616300 
1.638249 
1.699538 
1.768587 
1.673310 
1.638337 
1.644606 
1.702851 
1.828927 
1.467943 
1.721072 
1.919726 
1.670637 
1.337419 
1.657949 
1.688540 
1.670023 
1.617889 
1.342656 
1.413428 
1.639284 
1.639476 
1.881268 
1.627604 
1.967121 
1.393787 
1.645623 
1.403713 
1.796642 
1.640471 
1.631039 
1.350377 
1.342905 
1.634026 
1.440422 
2.020854 
1.723681 
1.625043 
1.778946 
1.714458 
1.623094 
1.613758 
1.753314 
1.380407 
1.852140 
1.680876 
1.758414 
1.821386 
1.647453 
1.626620 
1.739940 
1.634319 
1.656969 
1.648829 
1.685670 
1.654307 
1.678901 
1.700726 
2.034181 
1.391762 
1.651675 
1.643603 
1.643438 
1.779196 
1.640308 
1.661606 
1.659373 
1.585560 
1.797478 
1.373663 
1.403880 
1.636227 
1.458729 
1.614976 
1.472148 
1.791342 
1.642393 
1.633942 
1.571090 
1.629831 
1.656306 
1.636262 
1.665573 
1.506182 
1.621482 
1.755898 
1.634786 
1.612525 
1.639933 
1.381020 
1.619542 
1.853448 
1.171489 
1.348570 
1.663144 
1.630073 
1.865374 
1.428477 
1.633337 
1.344629 
1.683061 
1.713187 
1.744011 
1.657016 
2.148052 
1.984373 
1.743125 
1.759988 
1.734185 
1.694378 
1.743933 
1.873680 
1.710818 
1.695697 
1.766208 
1.697183 
1.703007 
1.754467 
1.453787 
1.695882 
1.477271 
1.469265 
1.411133 
1.703080 
1.548006 
1.421660 
1.678136 
1.683807 
1.817645 
1.707190 
1.736640 
1.723958 
1.677094 
1.789752 
1.783885 
1.742853 
1.688070 
1.763961 
1.671658 
1.684816 
1.745317 
1.499666 
1.809927 
1.701120 
1.710281 
1.782615 
1.455828 
1.771574 
1.417653 
1.681022 
1.731307 
1.392815 
1.694568 
1.699362 
1.781230 
1.750383 
1.399760 
1.584195 
1.693774 
1.746348 
1.710062 
1.762704 
1.720648 
1.669345 
1.384893 
2.035119 
1.443177 
1.910694 
2.008056 
2.014596 
1.651974 
1.686301 
1.699517 
1.405765 
1.665683 
1.419186 
1.638918 
1.669304 
1.811596 
1.634219 
1.656152 
1.688438 
1.717630 
1.689714 
1.648653 
1.465348 
1.693571 
1.677868 
1.772210 
1.393147 
1.444913 
1.686575 
1.630743 
1.668666 
1.442500 
1.688628 
1.668872 
1.406523 
1.646996 
1.647975 
1.660503 
1.625838 
1.985410 
1.629303 
1.707835 
1.667777 
1.657994 
1.622843 
1.639046 
1.642910 
1.701828 
1.452157 
1.683982 
1.755463 
1.683951 
1.642903 
1.777292 
1.715286 
1.720756 
1.399798 
1.448181 
1.659321 
1.434987 
1.663697 
1.505120 
1.639329 
1.643559 
1.677487 
1.624978 
1.633801 
1.651100 
1.653851 
1.643018 
1.631508 
1.380763 
1.638901 
1.587132 
1.869481 
1.593827 
1.400268 
1.806587 
1.704412 
1.671512 
1.622000 
1.735839 
1.641124 
1.374658 
1.618533 
1.660005 
1.694781 
1.690735 
1.629902 
1.703528 
1.638328 
1.784449 
1.385761 
1.634869 
1.354729 
1.624437 
1.393027 
1.636887 
1.903196 
1.867190 
1.671079 
1.616160 
1.376651 
1.627932 
1.767206 
1.633675 
1.788345 
1.634858 
1.772097 
1.618072 
1.789758 
1.631747 
1.681598 
1.609873 
1.653759 
1.834033 
1.689289 
1.660686 
1.457597 
1.654408 
1.794518 
1.609739 
1.636858 
1.723829 
1.605659 
1.631009 
1.722648 
1.632542 
1.779487 
1.345912 
1.641852 
1.684101 
1.616819 
1.677003 
1.638983 
1.638089 
1.726014 
1.640772 
1.708635 
1.495566 
1.619197 
1.662770 
1.643621 
1.461524 
1.596617 
1.630786 
1.149078 
1.696850 
1.659619 
1.846343 
1.670132 
1.629046 
1.648978 
1.776839 
1.637593 
1.618777 
1.641313 
1.657828 
1.635055 
1.675884 
1.657567 
1.113455 
1.637512 
1.066431 
2.066934 
1.641630 
1.636151 
1.607454 
1.628596 
1.362417 
1.736928 
1.615517 
1.337694 
1.771812 
1.666816 
1.619656 
1.358911 
1.623905 
1.627439 
1.379277 
1.355574 
1.360439 
1.630119 
1.658142 
1.643588 
1.630560 
1.642629 
1.640417 
1.387166 
1.673126 
1.646658 
1.413022 
1.362998 
1.421793 
1.671337 
1.779872 
1.601511 
1.613792 
1.635547 
1.085702 
1.623125 
1.915668 
1.366323 
1.414545 
1.748196 
1.632418 
1.629291 
1.634121 
1.335151 
1.734614 
1.646191 
1.647567 
1.759109 
1.612521 
1.626714 
1.635958 
1.781412 
1.657300 
1.603516 
1.616223 
2.004797 
1.613950 
1.640704 
1.428853 
1.621246 
1.409162 
1.718616 
1.614363 
1.764234 
1.657938 
1.621446 
1.845272 
1.498542 
1.625317 
1.615153 
1.626690 
1.648566 
1.638577 
1.747999 
1.616723 
1.600764 
1.579183 
1.646070 
1.622208 
1.371467 
1.609095 
1.591936 
1.677440 
1.652224 
1.592432 
1.842279 
1.651503 
1.651720 
1.385834 
1.382311 
1.632929 
1.624231 
1.420379 
1.631830 
1.670000 
1.620564 
1.377033 
1.409857 
1.661419 
1.736383 
1.672346 
1.670595 
1.649014 
1.652804 
1.396277 
1.656665 
1.676592 
1.650897 
1.637733 
1.624336 
1.652755 
1.783552 
1.807372 
1.617609 
1.831714 
1.655300 
1.630971 
1.708277 
1.368016 
1.777266 
1.677628 
1.389296 
1.738729 
1.711756 
1.624802 
1.337121 
1.622046 
1.665291 
1.646986 
1.673822 
1.732391 
1.643852 
1.616413 
1.657773 
1.375701 
1.643471 
1.648428 
1.705048 
1.639558 
1.686793 
1.614269 
1.635086 
1.655198 
1.619824 
1.649992 
1.077346 
1.438464 
1.341666 
1.718023 
1.633568 
1.815610 
1.691911 
1.683515 
1.336911 
1.644702 
1.706953 
1.608859 
1.651845 
1.692271 
1.379360 
1.661043 
1.666100 
1.728878 
1.630961 
1.649793 
1.650331 
1.640172 
1.707982 
1.612687 
1.355244 
1.624952 
1.636735 
1.615232 
1.635261 
1.342495 
1.672394 
1.657255 
1.640362 
1.597793 
1.643777 
1.897117 
1.758689 
1.702138 
1.731860 
1.374165 
1.619404 
1.639838 
1.627827 
1.607865 
1.388677 
1.601846 
1.685131 
1.696272 
1.592848 
1.655323 
1.618506 
1.651291 
1.623361 
1.712055 
1.451332 
1.796208 
1.372063 
1.650085 
1.621108 
1.597476 
1.642556 
1.704127 
1.652621 
1.634363 
1.885513 
1.650995 
1.358037 
1.700133 
1.613172 
1.649635 
1.669679 
1.651791 
1.388555 
1.662596 
1.656905 
1.696497 
1.638906 
1.644260 
1.635486 
1.616364 
1.618708 
1.635219 
1.416458 
1.696225 
1.631445 
1.861375 
1.640696 
1.429742 
1.466583 
1.559536 
1.687217 
1.634147 
1.710431 
1.675865 
1.753585 
1.762485 
1.639484 
1.400716 
1.650078 
1.668233 
1.741914 
1.689589 
1.657814 
1.658338 
1.633276 
1.719162 
1.742005 
1.447236 
1.414451 
1.642640 
1.642700 
1.619636 
1.624202 
1.777341 
1.356840 
1.675586 
1.447893 
1.595181 
1.837129 
1.668865 
1.329544 
1.701695 
1.649950 
1.673055 
1.355576 
1.787864 
1.640456 
1.373863 
1.744875 
1.680651 
1.701252 
1.604510 
1.687027 
1.355341 
1.342905 
1.621615 
1.628951 
1.369812 
1.596274 
1.621632 
1.678704 
1.696226 
1.644946 
1.626870 
1.640471 
1.711719 
1.666321 
1.338522 
1.671374 
1.677051 
1.607015 
1.631567 
1.617182 
1.628064 
1.628670 
1.605380 
1.718199 
1.666226 
1.623549 
1.349820 
1.623736 
1.410431 
1.644912 
1.611472 
1.391428 
1.650950 
1.344332 
1.402729 
1.621512 
0.684107 
1.674907 
1.638961 
1.662271 
1.358577 
1.426523 
1.618547 
1.393128 
1.754592 
1.675187 
1.586568 
1.604729 
1.639991 
1.668475 
1.619248 
1.614897 
1.650143 
1.819049 
1.414013 
1.764723 
1.631596 
1.599578 
1.635903 
1.645138 
1.808495 
1.604033 
1.615408 
1.626888 
1.571731 
1.628695 
1.647789 
1.626122 
1.610441 
1.654372 
1.756518 
1.503176 
1.369946 
1.388631 
1.351125 
1.638009 
1.652135 
1.645947 
1.403228 
1.625552 
1.363864 
1.354266 
1.389269 
1.622357 
1.630791 
1.620105 
1.351645 
1.656799 
1.600833 
1.417729 
1.611829 
1.622295 
1.631814 
1.643048 
1.659807 
1.612978 
1.177600 
1.627487 
1.573516 
1.718403 
1.631468 
1.662436 
1.650998 
1.914886 
1.632598 
1.610540 
1.629080 
1.619010 
1.394781 
1.724180 
1.734202 
1.648930 
1.637061 
1.607918 
1.642097 
1.351318 
1.612360 
1.619393 
1.681603 
1.602012 
1.621884 
1.634394 
1.635125 
1.696531 
1.633514 
1.656169 
1.622252 
1.356738 
1.683856 
1.587226 
1.638827 
1.606167 
1.625826 
1.660135 
1.407321 
1.693278 
1.610798 
1.591679 
1.621202 
1.618702 
1.616315 
1.646980 
1.623456 
1.646172 
1.623001 
1.618306 
1.474346 
1.691089 
1.649046 
1.662249 
1.624577 
1.599595 
1.618619 
1.715085 
1.661023 
1.598765 
1.623583 
1.637367 
1.651520 
1.442364 
1.566030 
1.615095 
1.646722 
1.683934 
1.419608 
1.471013 
1.630220 
1.385838 
1.652533 
1.643592 
1.692382 
1.389648 
1.675037 
1.637616 
1.644692 
1.628348 
1.634566 
1.727948 
1.672552 
1.614325 
1.417539 
1.616470 
1.625995 
1.622893 
1.392179 
1.597182 
1.649582 
1.614297 
1.631388 
1.591733 
1.691012 
1.701930 
1.642663 
1.637166 
1.641656 
1.649769 
1.632922 
1.379938 
1.662034 
1.627866 
1.647830 
1.637665 
1.613466 
1.309399 
1.733489 
1.629487 
1.627257 
1.654387 
1.667306 
1.644436 
1.648630 
1.607612 
1.355182 
1.626618 
1.689735 
1.638217 
1.620469 
1.598996 
1.646225 
1.788046 
1.608827 
1.390423 
1.389410 
1.422737 
1.600332 
1.468865 
1.508231 
1.956386 
1.620831 
1.638573 
1.632138 
1.625545 
1.386297 
1.662936 
1.626525 
1.617739 
1.681156 
1.625990 
1.679533 
1.329271 
1.619934 
1.581298 
1.621743 
1.668336 
1.877641 
1.677980 
1.619907 
1.610397 
1.611434 
1.607563 
1.677606 
1.742798 
1.810908 
1.619192 
1.681831 
1.644207 
1.594991 
1.659019 
1.367296 
1.647426 
1.632369 
1.639636 
1.726438 
1.603591 
1.613296 
1.625732 
1.641136 
1.678441 
1.779483 
1.632753 
1.620821 
1.438715 
1.640211 
1.634905 
1.616432 
1.321980 
1.076658 
1.648945 
1.680494 
1.620535 
1.699762 
1.381057 
1.649967 
1.281566 
1.608655 
1.608619 
1.616087 
1.626584 
1.648123 
1.653179 
1.712530 
1.614832 
1.374346 
1.351464 
1.615969 
1.666527 
1.584849 
1.684113 
1.593189 
1.372438 
1.349224 
1.422396 
1.628477 
1.370282 
1.708767 
1.626768 
1.650068 
1.609133 
1.626341 
1.484654 
1.597608 
1.636211 
1.316880 
1.640227 
1.611977 
1.609403 
1.347281 
1.661581 
1.693068 
1.778269 
1.352678 
1.553531 
1.608776 
1.633607 
1.592934 
1.437081 
1.601773 
1.436040 
1.721880 
1.636918 
1.635303 
1.612838 
1.670239 
1.631961 
1.593863 
1.677785 
1.347382 
1.414200 
1.612999 
1.621204 
1.613122 
1.634379 
1.665995 
1.661090 
1.782201 
1.610471 
1.593942 
1.589882 
1.337359 
1.615171 
1.634953 
1.630826 
1.704478 
1.627312 
1.700860 
1.687685 
1.635869 
1.614594 
1.351861 
1.409343 
1.603581 
1.583765 
1.731128 
1.593871 
1.627328 
1.717953 
1.630342 
1.623976 
1.625002 
1.634215 
1.640596 
1.655412 
1.607276 
1.593451 
1.619899 
1.576282 
1.480296 
1.586548 
1.771260 
1.411028 
1.711783 
1.370025 
1.649558 
1.611703 
1.598951 
1.603049 
1.634613 
1.711183 
1.350302 
1.621664 
1.653728 
1.837487 
1.639621 
1.446997 
1.738112 
1.639884 
1.661898 
1.653282 
1.338880 
1.650293 
1.620135 
1.397113 
1.604802 
1.410612 
1.630662 
1.628978 
1.620919 
1.603474 
1.634627 
1.616927 
1.721208 
1.617377 
1.642971 
1.340563 
1.613750 
1.729584 
1.789455 
1.628149 
1.738143 
1.364804 
1.661858 
1.636827 
1.613178 
1.614496 
1.604844 
1.630845 
1.597674 
1.635361 
1.640847 
1.613331 
1.665132 
1.419281 
1.356623 
1.623748 
1.692867 
1.582467 
1.723453 
1.431988 
1.572456 
1.642345 
1.796753 
1.616778 
1.611954 
1.646840 
1.599243 
1.521697 
1.685756 
1.348987 
1.625543 
1.300706 
1.649158 
1.602160 
1.659575 
1.663256 
1.694256 
1.617425 
1.652200 
1.607519 
1.640535 
1.623178 
1.596110 
1.783773 
1.673077 
1.606474 
1.602560 
1.601985 
1.361263 
1.623893 
1.618185 
1.611141 
1.612591 
1.672628 
1.656712 
1.658492 
1.699666 
1.597637 
1.625834 
1.782635 
1.713297 
1.610532 
1.702264 
1.651553 
1.745745 
1.652143 
1.676338 
1.610898 
1.685534 
1.617993 
1.642071 
1.674310 
1.331960 
1.815473 
1.611556 
1.663241 
1.602970 
1.640760 
1.327714 
1.595334 
1.343347 
1.617057 
1.707780 
1.622985 
1.675282 
1.549457 
1.646468 
1.415859 
1.622075 
1.616309 
1.647779 
1.620430 
1.671681 
1.625117 
1.801213 
1.610686 
1.636356 
1.332524 
1.603235 
1.616183 
1.392223 
1.594357 
1.693249 
1.611801 
1.757493 
1.615046 
1.600111 
1.332829 
1.630580 
1.371779 
1.732735 
1.623498 
1.648988 
1.925841 
1.511699 
1.600807 
1.356439 
1.642986 
1.391550 
1.625534 
1.617869 
1.592786 
1.300035 
1.639722 
1.710015 
1.638380 
1.597368 
1.600444 
1.651311 
1.321728 
1.673885 
1.636523 
1.651592 
1.358878 
1.627596 
1.813712 
1.657719 
1.614390 
1.792612 
1.758118 
1.590674 
1.624480 
1.589834 
1.689763 
1.601979 
1.321108 
1.370340 
1.641206 
1.607075 
1.726671 
1.234198 
1.378000 
1.601393 
1.362335 
1.639177 
1.359983 
1.686656 
1.687399 
1.646815 
1.738603 
1.690547 
1.349852 
1.629597 
1.344045 
1.613491 
1.623997 
1.371382 
1.646255 
1.644026 
1.429048 
1.616481 
1.625693 
1.379273 
1.682656 
1.690298 
1.310315 
1.614512 
1.632652 
1.663525 
1.635004 
1.630688 
1.618815 
1.600796 
1.707289 
1.636984 
1.635206 
1.338994 
1.552776 
1.441904 
1.341306 
1.673953 
1.576082 
1.380509 
1.685406 
1.345589 
1.618172 
1.593308 
1.706317 
1.540903 
1.638470 
1.353488 
1.600404 
1.608808 
1.707751 
1.711048 
1.646470 
1.665477 
1.307887 
1.625281 
1.682805 
1.722866 
1.652557 
1.425761 
1.668835 
1.654438 
1.428121 
1.641212 
1.337358 
1.641629 
1.619338 
1.632680 
1.663511 
1.597639 
1.662444 
1.407189 
1.379700 
1.755572 
1.647935 
1.630782 
1.626582 
0.993443 
1.270453 
1.631401 
1.611628 
1.649929 
1.584253 
1.347973 
1.366566 
1.641700 
1.640763 
1.346256 
1.646381 
1.631351 
1.656747 
1.635407 
1.101820 
1.633275 
1.589857 
1.363614 
1.586408 
1.609520 
1.631620 
1.609883 
1.638117 
1.620373 
1.413887 
1.631056 
1.628349 
1.379854 
1.668295 
1.670905 
1.618562 
1.606588 
1.047869 
1.616847 
1.709694 
1.627256 
1.603513 
1.628445 
1.681335 
1.609036 
1.638555 
1.607266 
1.762238 
1.600605 
1.668537 
1.277065 
1.593134 
1.648002 
1.686397 
1.607400 
1.366720 
1.591272 
1.655025 
1.670283 
1.614770 
1.603786 
1.466918 
1.670719 
1.742488 
1.686545 
1.599816 
1.578611 
1.600824 
1.603728 
1.591801 
1.632442 
1.609208 
1.660572 
1.003150 
1.626435 
1.657264 
1.325463 
1.633450 
1.582614 
1.388047 
1.335005 
1.638271 
1.354614 
1.345224 
1.377216 
1.584007 
1.629738 
1.636594 
1.693981 
1.865199 
1.362879 
1.667657 
1.698913 
1.647852 
1.614991 
1.609612 
1.607310 
1.343389 
1.606298 
1.634963 
1.624864 
1.598140 
1.674697 
1.281734 
1.627120 
1.568230 
1.625936 
1.605220 
1.614271 
1.604924 
1.587422 
1.644028 
1.585367 
1.390389 
1.382809 
1.746767 
1.644280 
1.671708 
1.631674 
1.596578 
1.382413 
1.624704 
1.364542 
1.613517 
1.790034 
1.564776 
1.627729 
1.748678 
1.639924 
1.652589 
1.665996 
1.295114 
1.604270 
1.707768 
1.692791 
1.567951 
1.605760 
1.662183 
1.699415 
1.671216 
1.637258 
1.548523 
1.618519 
1.604086 
1.631154 
1.606421 
1.704934 
1.633044 
1.648290 
1.610053 
1.590337 
1.601673 
1.631641 
1.655037 
1.644498 
1.621451 
1.621608 
1.670318 
1.425499 
1.632795 
1.601634 
1.559554 
1.570897 
1.620483 
1.038482 
1.588433 
1.608684 
1.719242 
1.640689 
1.665796 
1.707703 
1.615640 
1.641881 
1.626717 
1.631497 
1.626005 
1.606249 
1.734716 
1.628495 
1.362267 
1.621391 
1.624538 
1.615550 
1.371287 
1.711190 
1.605034 
1.575161 
1.345415 
1.574489 
1.616120 
1.625807 
1.601408 
1.630214 
1.691211 
1.676969 
1.691322 
1.603118 
1.714307 
1.628706 
1.336852 
1.645275 
1.591079 
1.612993 
1.594903 
1.596109 
1.603096 
1.647692 
1.321767 
1.626364 
1.647858 
1.593501 
1.610684 
1.370665 
1.534418 
1.661438 
1.667879 
1.627958 
1.699364 
1.645347 
1.009845 
1.639767 
1.630459 
1.647482 
1.642973 
1.335620 
1.438863 
1.593214 
1.537453 
1.596056 
1.352817 
1.320992 
1.624454 
1.387354 
1.632492 
1.573997 
1.633813 
1.573776 
1.763303 
1.408653 
1.387388 
1.630920 
1.629071 
1.328801 
1.632884 
1.633194 
1.644412 
1.354169 
1.283247 
1.739961 
1.370431 
1.625444 
1.605455 
1.603671 
1.619616 
1.541532 
1.678628 
1.567679 
1.324682 
1.389326 
1.624616 
1.641699 
1.580336 
1.354022 
1.706835 
1.391712 
1.690923 
1.348236 
1.411000 
1.693071 
1.630414 
1.753164 
1.327253 
1.646492 
1.275982 
1.392279 
1.643769 
1.578533 
1.617600 
1.645019 
1.580438 
1.603667 
1.578912 
1.680293 
1.340855 
1.410655 
1.627701 
1.555585 
1.605119 
1.628339 
1.313589 
1.623600 
1.342750 
1.706388 
1.595383 
1.600777 
1.357211 
1.563595 
1.623487 
1.612484 
1.591469 
1.303199 
1.408102 
1.329937 
1.618711 
1.583894 
1.602490 
1.278596 
1.600600 
1.591209 
1.324562 
1.595107 
1.607273 
1.355572 
1.587605 
1.646823 
1.542680 
1.620915 
1.613788 
1.666054 
1.692969 
1.650016 
1.659291 
1.594009 
1.609601 
1.624480 
1.617992 
1.590870 
1.351067 
1.595949 
1.581954 
1.594454 
1.634348 
1.634494 
1.556818 
1.439388 
1.662053 
1.382552 
1.609330 
1.339776 
1.612397 
1.604687 
1.358014 
1.670869 
1.597373 
1.643047 
1.354657 
1.294211 
1.624009 
1.590871 
1.444406 
1.626399 
1.548029 
1.668646 
1.662249 
1.600974 
1.106312 
1.784572 
1.330945 
1.346006 
1.803538 
1.319830 
1.717646 
1.739591 
1.373409 
1.579417 
1.709760 
1.376829 
1.602545 
1.603784 
1.609059 
1.321088 
1.641952 
1.690184 
1.315007 
1.601592 
1.611331 
1.637346 
1.578764 
1.637406 
1.420271 
1.620770 
1.637197 
1.658530 
1.309260 
1.613468 
1.642614 
1.598856 
1.387315 
1.600661 
1.741493 
1.578553 
1.619669 
1.614234 
1.297655 
1.557555 
1.626371 
1.622589 
1.602604 
1.741509 
1.594697 
1.645771 
1.619213 
1.569860 
1.601999 
1.635360 
1.411981 
1.613646 
1.429662 
1.610805 
1.595727 
1.615914 
1.640905 
1.572631 
1.606659 
1.646718 
1.616093 
1.577864 
1.720756 
1.333736 
1.326328 
1.626980 
1.624587 
1.556873 
1.321864 
1.655540 
1.624529 
1.704176 
1.537700 
1.572548 
1.631020 
1.385603 
1.424217 
1.626860 
1.689816 
1.309929 
1.551915 
1.639294 
1.599307 
1.640003 
1.629606 
1.675558 
1.604929 
1.730527 
1.609082 
1.641886 
1.307166 
1.586718 
1.361502 
1.580211 
1.616686 
1.664542 
1.627794 
1.250813 
1.686897 
1.353431 
1.637649 
1.620680 
1.398092 
1.576146 
1.603361 
1.391375 
1.644307 
1.395087 
1.633410 
1.709312 
1.626756 
1.584823 
1.569186 
1.662489 
1.682062 
1.608541 
1.411021 
1.355343 
1.648876 
1.343872 
1.618878 
1.607745 
1.620982 
1.631626 
1.378280 
1.601658 
1.387698 
1.684482 
1.664998 
1.638272 
1.657179 
1.649235 
1.652334 
1.617461 
1.622776 
1.613636 
1.590251 
1.299277 
1.556169 
1.614497 
1.618066 
1.597392 
1.649710 
1.606049 
1.602206 
1.531049 
1.308384 
1.617689 
1.594481 
1.608081 
1.321721 
1.621541 
1.590487 
1.704484 
1.264091 
1.512246 
1.587873 
1.359590 
1.600525 
1.667372 
1.369858 
1.607337 
1.616092 
1.630314 
1.576701 
1.667242 
1.602026 
1.656361 
1.580303 
1.693181 
1.401556 
1.568557 
1.605974 
1.691374 
1.643568 
1.579233 
1.313122 
1.600015 
1.584323 
1.602462 
1.650981 
1.653602 
1.641651 
1.652995 
1.630868 
1.575665 
1.642854 
1.622293 
1.318224 
1.585190 
1.612841 
1.573476 
1.619913 
1.639536 
1.599903 
1.633245 
1.648597 
1.607629 
1.586588 
1.610453 
1.406304 
1.628575 
1.616234 
1.610627 
1.613249 
1.599503 
1.691653 
1.335868 
1.626635 
1.614987 
1.333812 
1.732868 
1.576019 
1.632484 
1.323276 
1.336191 
1.641015 
1.612301 
1.306468 
1.625253 
1.352209 
1.612907 
1.626177 
1.612514 
1.660199 
1.304962 
1.652321 
1.608157 
1.642482 
1.599049 
1.573988 
1.662220 
1.325912 
1.585315 
1.841462 
1.332786 
1.381947 
1.389846 
1.614579 
1.645454 
1.630553 
1.607283 
1.727896 
1.647607 
1.319267 
1.578043 
1.340545 
1.671364 
1.364348 
1.653781 
1.348575 
1.395468 
1.597026 
1.591820 
1.640868 
1.616392 
1.710961 
1.633787 
1.613423 
1.751518 
1.594788 
1.803533 
1.620674 
1.645554 
1.389742 
1.634861 
1.602000 
1.582155 
1.615207 
1.589446 
1.623068 
1.806628 
1.329834 
1.622804 
1.617673 
1.665991 
1.572557 
1.600170 
1.618523 
1.600199 
1.599607 
1.668855 
1.665342 
1.620603 
1.595492 
1.595368 
1.634702 
1.607794 
1.636872 
1.736557 
1.613090 
1.762993 
1.685015 
1.616004 
1.320587 
1.577583 
1.620231 
1.558731 
1.581152 
1.506942 
1.595589 
1.613107 
1.618366 
1.597491 
1.603516 
1.055811 
1.598692 
1.603607 
1.598404 
1.638501 
1.744603 
1.648441 
0.976324 
1.390995 
1.377433 
1.599357 
1.683521 
1.651059 
1.605401 
1.657646 
1.646104 
1.675097 
1.602126 
1.600371 
1.614658 
1.349230 
1.571418 
1.639375 
1.610493 
1.623421 
1.330963 
1.342240 
1.606881 
1.660890 
1.582216 
1.664485 
1.661574 
1.600994 
1.567176 
1.307244 
1.608697 
1.312642 
1.615637 
1.329431 
1.577172 
1.575547 
1.569482 
1.629952 
1.589889 
1.617390 
1.572779 
1.617664 
1.626183 
1.641455 
1.609398 
1.645210 
1.592721 
1.612403 
1.549521 
1.582369 
1.349556 
1.610613 
1.362629 
1.612867 
1.584850 
1.597371 
1.575622 
1.599853 
1.341329 
1.347048 
1.620963 
1.669789 
1.565714 
1.349283 
1.585897 
1.578122 
1.609041 
1.284561 
1.622317 
1.586214 
1.643361 
1.618241 
1.356987 
1.624931 
1.594782 
1.597800 
1.587505 
1.630100 
1.678651 
1.635396 
1.666652 
1.758250 
1.623712 
1.366400 
1.611027 
1.515085 
1.240342 
1.321501 
1.628890 
1.647920 
1.601437 
1.442893 
1.638236 
1.559056 
1.598161 
1.590947 
1.610752 
1.542894 
1.654823 
1.627106 
1.351067 
1.609619 
1.722201 
1.595041 
1.621638 
1.646054 
1.441498 
1.575561 
1.656387 
1.609194 
1.594207 
1.950722 
1.614181 
1.605548 
1.584552 
1.596336 
1.583119 
1.397561 
1.668333 
1.556331 
1.531673 
1.304210 
1.621972 
1.304265 
1.535406 
1.576855 
1.579757 
1.643832 
1.307793 
1.623572 
1.329375 
1.634299 
1.607879 
1.600001 
1.648730 
1.631014 
1.327654 
1.653173 
1.600453 
1.405993 
1.020136 
1.338184 
1.346696 
1.597040 
1.608479 
1.680598 
1.652115 
1.616536 
1.570539 
1.594727 
1.648702 
1.644037 
1.397051 
1.590443 
1.614324 
1.683031 
1.632348 
1.559964 
1.671637 
1.653207 
1.619057 
1.612753 
1.329877 
1.619076 
1.598683 
1.639400 
1.567467 
1.385331 
1.605802 
1.251131 
1.592596 
1.647282 
1.666313 
1.643958 
1.583573 
1.552852 
1.402439 
1.606075 
1.648012 
1.640278 
1.673154 
1.331583 
1.611095 
1.372351 
1.636027 
1.564737 
1.591261 
1.638002 
1.622166 
1.606188 
1.574453 
1.636765 
1.590182 
1.723186 
1.569405 
1.605976 
1.669851 
1.620363 
1.682054 
1.643959 
1.774536 
1.622085 
1.562299 
1.721817 
1.629611 
1.603756 
1.619535 
1.566170 
1.606883 
1.623547 
1.326929 
1.613650 
1.582518 
1.653158 
1.624832 
1.626462 
1.664482 
1.579606 
1.654368 
1.722240 
1.571738 
1.584328 
1.625154 
1.615986 
1.658992 
1.683011 
1.532228 
1.593952 
1.312120 
1.617067 
1.324455 
1.620810 
1.676299 
1.659853 
1.558077 
1.391247 
1.607625 
1.606663 
1.642736 
1.633932 
1.388025 
1.618046 
1.640464 
1.321788 
1.440786 
1.294400 
1.592673 
1.609244 
1.599364 
1.610908 
1.599505 
1.353473 
1.584261 
1.358943 
1.584528 
1.585520 
1.854442 
1.609265 
1.627729 
1.677740 
1.641433 
1.642506 
1.585911 
1.614374 
1.321800 
1.361795 
1.566026 
1.411794 
1.627003 
1.636704 
1.509086 
1.608350 
1.624137 
1.355523 
1.616901 
1.598974 
1.610049 
1.403949 
1.380509 
1.632098 
1.672052 
1.596450 
1.568577 
1.662035 
1.617018 
1.635142 
1.608035 
1.647055 
1.347156 
1.548963 
1.588226 
1.417048 
1.592367 
1.597320 
1.606396 
1.555800 
1.626500 
1.398930 
1.629181 
1.638218 
1.568393 
1.598285 
1.350869 
1.617549 
1.365116 
1.649312 
1.650066 
1.633761 
1.660394 
1.277332 
1.610585 
1.550009 
1.663378 
1.605203 
1.607385 
1.291317 
1.588304 
1.655818 
1.457024 
1.323221 
1.649135 
1.633566 
1.637981 
1.544888 
1.634452 
1.638293 
1.580724 
1.600717 
1.570547 
1.606808 
1.632536 
1.654534 
1.628025 
1.644015 
1.628427 
1.550602 
1.343835 
1.707551 
1.578017 
1.613456 
1.571867 
1.565131 
1.314816 
1.507014 
1.638879 
1.689458 
1.630956 
1.389131 
1.617881 
1.523278 
1.630418 
1.353199 
1.341725 
1.632903 
1.587930 
1.615451 
1.330074 
1.683940 
1.625064 
1.682794 
1.687909 
1.677724 
1.617369 
1.639751 
1.705414 
1.413211 
1.589859 
1.615415 
1.573527 
1.546112 
1.596192 
1.597842 
1.680062 
1.050798 
1.632482 
1.315679 
1.625146 
1.615986 
1.565915 
1.572430 
1.636302 
1.627688 
1.597994 
1.714056 
1.376064 
1.720379 
1.605414 
1.542532 
1.566592 
1.618807 
1.529106 
1.571559 
1.604840 
1.087875 
1.582212 
1.605511 
1.523601 
1.547834 
1.644596 
1.585677 
1.592892 
1.692208 
1.488696 
1.642444 
1.401320 
1.587817 
1.593401 
1.338156 
1.597688 
1.625516 
1.553050 
1.380368 
1.694509 
1.637609 
1.452007 
1.628849 
1.593404 
1.550354 
1.627099 
1.617227 
1.643211 
1.609957 
1.593702 
1.643982 
1.382725 
1.376909 
1.618661 
1.618725 
1.639424 
1.603006 
1.580679 
1.610146 
1.750641 
1.574004 
1.626230 
1.300837 
1.657397 
1.620137 
1.609077 
1.251088 
1.363327 
1.522388 
1.297298 
1.614689 
1.648839 
1.585730 
1.362883 
1.674141 
1.307609 
1.280021 
1.609481 
1.573698 
1.648976 
1.650013 
1.721528 
1.593644 
1.596072 
1.399631 
1.655084 
1.574534 
1.766528 
1.319826 
1.332191 
1.436423 
1.605086 
1.325760 
1.712052 
1.542067 
1.589969 
1.621274 
1.605710 
1.662030 
1.644424 
1.548493 
1.632124 
1.571844 
1.552213 
1.592022 
1.599596 
1.626258 
1.567093 
1.585218 
1.628238 
1.627622 
1.613868 
1.646307 
1.312477 
1.593001 
1.627049 
1.567032 
1.593919 
1.646054 
1.361291 
1.597663 
1.666447 
1.540393 
1.597991 
1.682398 
1.367113 
1.624853 
1.549237 
1.569302 
1.605401 
1.578040 
1.369083 
1.692916 
1.601754 
1.618024 
1.601714 
1.599956 
1.585120 
1.513282 
1.644714 
1.529739 
1.577858 
1.450814 
1.637249 
1.589970 
1.604670 
1.586436 
1.558704 
1.613926 
1.593085 
1.585842 
1.636544 
1.632869 
1.599502 
1.595437 
1.623797 
1.610703 
1.631579 
1.539919 
1.612231 
1.652166 
1.595854 
1.571252 
1.388326 
1.366332 
1.531700 
1.581670 
1.339407 
1.625839 
1.642305 
1.644886 
1.691285 
1.633959 
1.642241 
1.706147 
1.570881 
1.605283 
1.436515 
1.586307 
1.507027 
1.624052 
1.336169 
1.508024 
1.348323 
1.611567 
1.567483 
1.613929 
1.601817 
1.525520 
1.595105 
1.683170 
1.364857 
1.237681 
1.634324 
1.356824 
1.561563 
1.331764 
1.613837 
1.626884 
1.580244 
1.657138 
1.588885 
1.640681 
1.634004 
1.315427 
1.626921 
1.652606 
1.680830 
1.615254 
1.540746 
1.302496 
1.504393 
1.748188 
1.387197 
1.363905 
1.544459 
1.374036 
1.313637 
1.598441 
1.629183 
1.515803 
1.597707 
1.264787 
1.315758 
1.583200 
1.490787 
1.615273 
1.571321 
1.545541 
1.613842 
1.282117 
1.605073 
1.524210 
1.601705 
1.771944 
1.364832 
1.622750 
1.584235 
1.610945 
1.541570 
1.549680 
1.648247 
1.578425 
1.609487 
1.613927 
1.642587 
1.635881 
1.589870 
1.600871 
1.607259 
1.591228 
1.597326 
1.667827 
1.608643 
1.524611 
1.626509 
1.400926 
1.377610 
1.636702 
1.629050 
1.562145 
1.599294 
1.549497 
1.610288 
1.584571 
1.671174 
1.582486 
1.547213 
1.588597 
1.628772 
1.637909 
1.655638 
1.543821 
1.645611 
1.575888 
1.623965 
1.610088 
1.606263 
1.508412 
1.644518 
1.349617 
1.621366 
1.581155 
1.576474 
1.603580 
1.608529 
1.450458 
1.627281 
1.657990 
1.600904 
1.220876 
1.639421 
1.586391 
1.553535 
1.324417 
1.295696 
1.532209 
1.585790 
1.585311 
1.509654 
1.545393 
1.569259 
1.568993 
1.642312 
1.318618 
1.610531 
1.531879 
1.320529 
1.318888 
1.512716 
1.718256 
1.579054 
1.631433 
1.477215 
1.632123 
1.624936 
1.578076 
1.605886 
1.598515 
1.576476 
1.521526 
1.620485 
1.601537 
1.613666 
1.606441 
1.619345 
1.314933 
1.570861 
1.548327 
1.350906 
1.603893 
1.281780 
1.593064 
1.613512 
1.594283 
1.480528 
1.599509 
1.643623 
1.308877 
1.471731 
1.308268 
1.615985 
1.590061 
1.316776 
1.565223 
1.633473 
1.604982 
1.585815 
1.501878 
1.270092 
1.623041 
1.496224 
1.407493 
1.682679 
1.606215 
1.607746 
1.560814 
1.706053 
1.525685 
1.603840 
1.578600 
1.635378 
1.445521 
1.316022 
1.642521 
1.615837 
1.307571 
1.574863 
1.651608 
1.602487 
1.554088 
1.612153 
1.578390 
1.022337 
1.624543 
1.594381 
1.571870 
1.552655 
1.573782 
1.414467 
1.560559 
1.317080 
1.503196 
1.287917 
1.631720 
1.556088 
1.419002 
1.590360 
1.601957 
1.601745 
1.516908 
1.613412 
1.743907 
1.563734 
1.536912 
1.598720 
1.612786 
1.678348 
1.543077 
1.552783 
1.561255 
1.371032 
1.259746 
1.551897 
1.590584 
1.551049 
1.595676 
1.628620 
1.576367 
1.467277 
1.550362 
1.581742 
1.591553 
1.356461 
1.338543 
1.677961 
1.685032 
1.608749 
1.638080 
1.711974 
1.581671 
1.603163 
1.392147 
1.725901 
1.316108 
1.652883 
1.623513 
1.560649 
1.307190 
1.597503 
1.676974 
1.257417 
1.592545 
1.489218 
1.022883 
1.551224 
1.575978 
1.468936 
1.530423 
1.359152 
1.621545 
1.358493 
1.651038 
1.638278 
1.521685 
1.270909 
1.521869 
1.517190 
1.534292 
1.346423 
1.308593 
1.726875 
1.331471 
1.689817 
1.677037 
1.596606 
1.592135 
1.598372 
1.570267 
1.262336 
1.338016 
1.556291 
1.537755 
1.220078 
1.599475 
1.702633 
1.536998 
1.515040 
1.646522 
1.337408 
1.297240 
1.545612 
1.514650 
1.520471 
1.540470 
1.569032 
1.343642 
1.498136 
1.522466 
1.336557 
1.595087 
1.527124 
1.224367 
1.621328 
1.580233 
1.632231 
1.539221 
1.607112 
1.364863 
1.575749 
1.530159 
1.349646 
1.673615 
1.316076 
1.656108 
1.274439 
1.665116 
1.572652 
1.182787 
1.557863 
1.516284 
1.630956 
1.345951 
1.508172 
1.461790 
1.582802 
1.240299 
1.564354 
1.584166 
1.514301 
1.527027 
1.683349 
1.569293 
1.495568 
1.261690 
1.585791 
1.532647 
1.637602 
1.604073 
1.631277 
1.626977 
1.437335 
1.524060 
1.542695 
1.604882 
1.646237 
1.465853 
1.630233 
1.542288 
1.643971 
1.405430 
1.591368 
1.449166 
1.471389 
1.522068 
1.645428 
1.531617 
1.541123 
1.541991 
1.375918 
1.634448 
1.424034 
1.523366 
1.285793 
1.460340 
1.469247 
1.537480 
1.568793 
1.537603 
1.364207 
1.528921 
1.570472 
1.180534 
1.658800 
1.590041 
1.558616 
1.632110 
1.522375 
1.554673 
1.574947 
1.613507 
1.270313 
1.666564 
1.681502 
1.267455 
1.483802 
1.548340 
1.537407 
1.527712 
1.591711 
1.561799 
1.348519 
1.390264 
1.511965 
1.350330 
1.601034 
1.637207 
1.553142 
1.375980 
1.682210 
1.499062 
1.638446 
1.472143 
1.585962 
1.509702 
1.256791 
1.325436 
1.320054 
1.581068 
1.585449 
1.514280 
1.524938 
1.610544 
1.691722 
1.361589 
1.615396 
1.298011 
1.547040 
1.695996 
1.578588 
1.596853 
1.603743 
1.583309 
1.696123 
1.672611 
1.244588 
1.631863 
1.523161 
1.432517 
1.519203 
1.595574 
1.621089 
1.560240 
1.300726 
1.600889 
1.484235 
1.574373 
1.426632 
1.518237 
1.478870 
1.554864 
1.499756 
1.235643 
1.627643 
1.633567 
1.108005 
1.635034 
1.299878 
1.592632 
1.266062 
1.561548 
1.616982 
1.326706 
1.450712 
1.577184 
1.641833 
1.298586 
1.542687 
1.692757 
1.643593 
1.433981 
1.617900 
1.498815 
1.516146 
1.554575 
1.564926 
1.499649 
1.565793 
1.562958 
1.582156 
1.587088 
1.549345 
1.546510 
1.592470 
1.442158 
1.572646 
1.573391 
1.557647 
1.529741 
1.314937 
1.661332 
1.759094 
1.528596 
1.570472 
1.199027 
1.325177 
1.515882 
1.450197 
1.461581 
1.714185 
1.449739 
1.527910 
1.537396 
1.425747 
1.608688 
1.503956 
1.342139 
1.498138 
1.561512 
1.726532 
1.321290 
1.550380 
1.517984 
1.571319 
1.490707 
1.569027 
1.609503 
1.545931 
1.332007 
1.583530 
1.448974 
1.417686 
1.492257 
1.543702 
1.576368 
1.202096 
1.721340 
1.730798 
1.276761 
1.577007 
1.325504 
1.587653 
1.503929 
1.518231 
1.496325 
1.616432 
1.574820 
1.254155 
1.521159 
1.556824 
1.509804 
1.637887 
1.527678 
1.471619 
1.695815 
1.554036 
1.575853 
1.502392 
1.258654 
1.442369 
1.602930 
1.547477 
1.579401 
1.544405 
1.523008 
1.445389 
1.509041 
1.438139 
1.484976 
1.462896 
1.627500 
1.447554 
1.479558 
1.576555 
0.945133 
1.604175 
1.500744 
1.521085 
1.372868 
1.589999 
1.339544 
1.511346 
1.385474 
1.379939 
1.740552 
1.517856 
1.546487 
1.536027 
1.618204 
1.379088 
1.350112 
1.488176 
1.741060 
1.558403 
1.595361 
1.385800 
1.654593 
1.578642 
1.542326 
1.495666 
1.400961 
1.646603 
1.209053 
1.535642 
1.522430 
1.324787 
1.278803 
1.625932 
1.479109 
1.616771 
1.554832 
1.586835 
1.648360 
1.650441 
1.593789 
1.650989 
1.475905 
1.570376 
1.410432 
1.336633 
1.694406 
1.435240 
1.526665 
1.504052 
1.432912 
1.556301 
1.454667 
1.741805 
1.557748 
1.500297 
1.471352 
1.524132 
1.517205 
1.431193 
1.542377 
1.330958 
1.648760 
1.588970 
1.138195 
0.953200 
1.511519 
1.536243 
1.567317 
1.533166 
1.607161 
1.732274 
1.611472 
1.507055 
1.205374 
1.524131 
1.554482 
1.552422 
1.603506 
1.487835 
1.449005 
1.485733 
1.582571 
1.409489 
1.753725 
1.406541 
0.898772 
1.567298 
1.567588 
1.713633 
1.616373 
1.607357 
1.302918 
1.620658 
1.550074 
1.216605 
1.628773 
1.248296 
1.518413 
1.545755 
1.532535 
1.474575 
1.509812 
1.610481 
1.559761 
1.449550 
1.559707 
1.417460 
1.436622 
1.495204 
1.561274 
1.499994 
1.551289 
1.477155 
1.560997 
1.628350 
1.115529 
1.518230 
1.544612 
1.471408 
1.630433 
1.544207 
1.498758 
1.699422 
1.730915 
1.498030 
1.193199 
1.530114 
1.466000 
1.431977 
1.543099 
1.730818 
1.619721 
1.201896 
1.718486 
1.200695 
1.549280 
1.209465 
1.711317 
1.809793 
1.408359 
1.569748 
1.604330 
1.248117 
1.684878 
1.502028 
1.376500 
1.593094 
1.479766 
1.580688 
1.419301 
1.604050 
1.602115 
1.499490 
1.585404 
1.392036 
1.459120 
1.245772 
1.325697 
1.659679 
1.546006 
1.567728 
1.495034 
1.234331 
1.575345 
1.351058 
1.494450 
1.556694 
1.489162 
1.645678 
1.633754 
1.472692 
1.586443 
1.264467 
1.471558 
1.637232 
1.608992 
1.446527 
1.568001 
1.422091 
1.441091 
1.534555 
1.486356 
1.587471 
1.550398 
1.460876 
1.614458 
1.620243 
1.414250 
1.652358 
1.516343 
1.523676 
1.664869 
1.416550 
1.607677 
1.305671 
1.415683 
1.485586 
1.337783 
0.990707 
1.442360 
1.499092 
1.387363 
1.524550 
1.285878 
1.532472 
1.668814 
1.536034 
1.625983 
1.460318 
1.573268 
1.614411 
1.547737 
1.295916 
1.483561 
1.542662 
1.540962 
1.296779 
1.480535 
1.210003 
1.513801 
1.490274 
1.203102 
1.680301 
1.344690 
1.405929 
1.584927 
1.658338 
1.553862 
1.330887 
1.171780 
1.512729 
1.448253 
1.705433 
1.367766 
1.163361 
1.416147 
1.276185 
1.650718 
1.580127 
1.223479 
1.521031 
1.496870 
1.653208 
1.510514 
1.453919 
1.561468 
1.558892 
1.560373 
1.496149 
1.544821 
1.489529 
1.612672 
1.540257 
1.467470 
1.638445 
1.293728 
1.152496 
1.359848 
1.413353 
1.400383 
1.002192 
1.646281 
1.375926 
1.503544 
1.606041 
1.615984 
1.794767 
1.521428 
1.564341 
1.429451 
1.380921 
1.601969 
1.299509 
1.580938 
1.396051 
1.540581 
1.698044 
1.631366 
1.379687 
1.651042 
1.561658 
1.553618 
1.665484 
1.481808 
1.656424 
1.422296 
1.654626 
1.180587 
1.641270 
1.496233 
1.535586 
1.526688 
1.463771 
1.469724 
1.558248 
1.579558 
1.504676 
1.420131 
1.533030 
1.577885 
1.465784 
1.609224 
1.743392 
1.500555 
1.548260 
1.531831 
1.762263 
1.570933 
1.489433 
1.534112 
1.628492 
1.452139 
1.549440 
1.721746 
1.483468 
1.474804 
1.384879 
1.392421 
1.458162 
1.281639 
1.628629 
1.574584 
1.643237 
1.618349 
1.498110 
1.463808 
1.614495 
1.651132 
1.681157 
1.375481 
1.389845 
1.227442 
1.532103 
1.537390 
1.378838 
1.373990 
1.610327 
1.416395 
1.621414 
1.702312 
1.545368 
1.302276 
1.621106 
1.132385 
1.418466 
1.619741 
1.414002 
1.412212 
1.679332 
1.531331 
1.592278 
1.740936 
1.556016 
1.520114 
1.080476 
1.499363 
1.370994 
1.444749 
1.581332 
1.656949 
1.273707 
1.362347 
1.546931 
1.482722 
1.805498 
1.572516 
1.480298 
1.145151 
1.432784 
1.772008 
1.439324 
1.641580 
1.729117 
1.674325 
1.583077 
1.336188 
1.408767 
1.187609 
1.207706 
1.554289 
1.570258 
1.559253 
1.878956 
1.673064 
1.465616 
1.383569 
1.490202 
1.721607 
1.584233 
1.611032 
1.449129 
1.601075 
1.462556 
1.353160 
1.690948 
1.601457 
1.552942 
1.535857 
1.381118 
1.560421 
1.436988 
1.178095 
1.494596 
1.452426 
1.386624 
1.528816 
1.485151 
1.280093 
1.478634 
1.633225 
1.456034 
1.516129 
1.306206 
1.354446 
1.104641 
1.489887 
1.534692 
1.438588 
1.218287 
1.073702 
1.447227 
1.515906 
1.518090 
1.505410 
1.482011 
1.279410 
1.508718 
1.456870 
1.079741 
1.722465 
1.545741 
1.460057 
1.326119 
1.497544 
1.645320 
1.743175 
1.574374 
1.542917 
1.537008 
1.722101 
1.516465 
1.589845 
1.503777 
1.561130 
1.763305 
1.383983 
1.377379 
1.560117 
1.478939 
1.393192 
1.369759 
1.173571 
1.587871 
1.034754 
1.753434 
1.673171 
1.602512 
1.667552 
1.585104 
1.545444 
1.318453 
1.562525 
1.104087 
1.535525 
1.406836 
1.576774 
1.540598 
1.691317 
1.763332 
1.642277 
1.661166 
1.584774 
1.465597 
1.333815 
1.661572 
1.563535 
1.619314 
1.386021 
1.533561 
1.515801 
1.261385 
1.611085 
1.585060 
1.484963 
1.639033 
1.474565 
1.567443 
1.462655 
1.440479 
1.355129 
0.942084 
1.541975 
1.343754 
1.272539 
1.542779 
1.651284 
1.584636 
1.514905 
1.520839 
1.680404 
1.513919 
1.569261 
1.508492 
1.299449 
1.633197 
1.500068 
1.578293 
1.670136 
1.418069 
1.496841 
1.510731 
0.896965 
1.302148 
1.263317 
1.227080 
1.119178 
1.284746 
1.618707 
1.509608 
1.438577 
1.136998 
1.667835 
1.895620 
1.074027 
1.319288 
1.313098 
1.716879 
1.586269 
1.193536 
1.647588 
1.460568 
1.524103 
1.739757 
1.601025 
1.728166 
1.765150 
1.624151 
1.607416 
1.681367 
1.445475 
1.578845 
1.267489 
1.495343 
1.669322 
1.541459 
1.745656 
1.664511 
1.352912 
1.459816 
1.542029 
1.512915 
1.303117 
1.908410 
1.744962 
1.831181 
1.663010 
1.437443 
1.536008 
1.675053 
1.693507 
1.648854 
1.538712 
1.622624 
1.535128 
1.532581 
1.218830 
1.542905 
1.586480 
1.661725 
1.429628 
1.493388 
1.470278 
0.848050 
1.297618 
1.543624 
1.606794 
1.524476 
1.533856 
1.394342 
1.676802 
1.335354 
1.616836 
1.507566 
1.283534 
1.523355 
1.552426 
1.566673 
1.347568 
1.513430 
1.645014 
1.633539 
1.440944 
1.492275 
1.466491 
1.361546 
1.481677 
1.637463 
1.229677 
1.577402 
1.528906 
1.576060 
1.406362 
1.374413 
1.460283 
1.637574 
1.505108 
1.573116 
1.079479 
1.375343 
1.659523 
1.545311 
1.323447 
1.455308 
1.435323 
1.553371 
1.566710 
1.520852 
1.395527 
1.500940 
1.692344 
1.609893 
1.418080 
1.570706 
1.479815 
1.383958 
1.566199 
1.517404 
1.174988 
1.465520 
1.460436 
1.330395 
1.461161 
1.357322 
1.457838 
1.304793 
1.586023 
1.423022 
1.752977 
1.414006 
1.496515 
1.567984 
1.458459 
1.605052 
1.275767 
1.394546 
1.475019 
1.553166 
1.471377 
1.401474 
1.428043 
1.606921 
1.695660 
1.411910 
1.546321 
1.631044 
1.484773 
1.320752 
1.255088 
1.569128 
1.384413 
1.550626 
1.597727 
1.468245 
1.507013 
1.424804 
1.577465 
1.647748 
1.419095 
1.535083 
1.444216 
1.490765 
1.611850 
1.542568 
1.483009 
1.623105 
1.481908 
1.511577 
1.587836 
1.494401 
1.395404 
1.453823 
1.276128 
1.390381 
1.165089 
1.629893 
1.448166 
1.339286 
1.384352 
1.584509 
1.494172 
1.406625 
1.517898 
1.464372 
1.059837 
1.298630 
1.555172 
1.390361 
1.070958 
1.251435 
1.433903 
1.670746 
1.326498 
1.568336 
1.060888 
1.475476 
1.282332 
1.531870 
1.040619 
1.400700 
1.459236 
1.540773 
1.501344 
1.452951 
1.486373 
1.444855 
1.473723 
1.512783 
1.426976 
1.099158 
1.259370 
1.147303 
1.215357 
1.415306 
1.723636 
1.621196 
1.682648 
1.437341 
1.447187 
1.551283 
1.468996 
1.435929 
1.530877 
1.460590 
1.583536 
1.527373 
1.257417 
1.423222 
1.509101 
1.529547 
0.968233 
1.368925 
1.295688 
1.470960 
1.548831 
1.523194 
1.588868 
1.589819 
1.475189 
1.117800 
1.590560 
1.544503 
1.355037 
1.537930 
1.352259 
1.395154 
1.552596 
1.676757 
1.597062 
1.712682 
1.466717 
1.293688 
1.587628 
1.528387 
1.598930 
1.544041 
1.633330 
1.456560 
1.336003 
1.206384 
1.531071 
1.322386 
1.605722 
1.536213 
1.476262 
1.709634 
1.635935 
1.836397 
1.664651 
1.622207 
1.806469 
1.640400 
1.277523 
1.345661 
1.295831 
1.563454 
1.398759 
1.495134 
1.492188 
1.595631 
1.397688 
1.505030 
1.456657 
1.615351 
1.564330 
1.088257 
1.417938 
1.444638 
1.472532 
1.540395 
1.506351 
1.539788 
1.522016 
1.616711 
1.584043 
1.617566 
1.487225 
1.809361 
1.576569 
1.612681 
1.661998 
1.673851 
1.705423 
1.624161 
1.588685 
1.686294 
1.732458 
1.639600 
1.699969 
1.385884 
1.395165 
1.594560 
1.251606 
1.584201 
1.607856 
1.477646 
1.589181 
1.692099 
1.567972 
1.654736 
1.606410 
1.403228 
1.613522 
1.613592 
1.558143 
1.501874 
1.549482 
1.565528 
1.434801 
1.569643 
1.604565 
1.317583 
1.644161 
1.499083 
1.442548 
1.489159 
1.542855 
1.469769 
1.294362 
1.514317 
1.295923 
1.575132 
1.419785 
1.361274 
1.870093 
1.490599 
1.431516 
1.293787 
1.569334 
1.294418 
1.491230 
1.431030 
1.071555 
1.419569 
1.372794 
1.527182 
1.402199 
1.502126 
1.318301 
1.454536 
1.512765 
1.537029 
1.129348 
1.540116 
1.446328 
1.614992 
1.383675 
1.661183 
1.849314 
1.315555 
1.488214 
1.491940 
1.454027 
1.377785 
1.292987 
1.313394 
1.104287 
1.588988 
1.229762 
1.632707 
1.563179 
1.548380 
1.345364 
1.651737 
1.057319 
1.338769 
1.223226 
1.524425 
1.564246 
1.454902 
1.589054 
1.218864 
1.525407 
1.502854 
1.690428 
1.453605 
1.618456 
1.504634 
1.541529 
1.373985 
1.402495 
1.336601 
1.548208 
1.641126 
1.253092 
1.377763 
1.421053 
1.551623 
1.375598 
1.466158 
1.470001 
1.643572 
1.434214 
1.612016 
1.542309 
1.172611 
1.680140 
1.777830 
1.479310 
1.525725 
1.245651 
1.565601 
1.496314 
1.347577 
1.568400 
1.463461 
0.927909 
1.328384 
1.355610 
1.508750 
1.323834 
1.601090 
1.379450 
1.392069 
1.208511 
1.399640 
1.666703 
1.660951 
1.390204 
1.411796 
1.419266 
1.089576 
1.428749 
1.564367 
1.394207 
1.386057 
1.154102 
1.397983 
1.438799 
1.738568 
1.421888 
1.372335 
1.552362 
1.336176 
1.576460 
1.447561 
1.448633 
1.359535 
1.589188 
1.605931 
1.830353 
0.881002 
1.632271 
1.580267 
1.589259 
1.657657 
1.563156 
1.632417 
1.149016 
1.496600 
1.589350 
1.492086 
1.428252 
1.252201 
1.095124 
1.553225 
1.532737 
1.378481 
1.412589 
1.479419 
1.525565 
1.568651 
1.141668 
1.401747 
1.299572 
1.498616 
1.426973 
1.357145 
1.137429 
1.381520 
1.480713 
1.244003 
1.103074 
1.360115 
1.503000 
1.595660 
1.239317 
1.553958 
1.461931 
1.464626 
1.628795 
1.559506 
1.410203 
0.908269 
1.591396 
1.489187 
1.067186 
0.944042 
1.237225 
1.240487 
1.311291 
1.699008 
1.389347 
1.710516 
1.346791 
1.630502 
1.643538 
0.947448 
1.605380 
1.377962 
1.245922 
1.162758 
1.309576 
1.815889 
2.134776 
2.012766 
1.859418 
1.813060 
2.067940 
2.065914 
2.093271 
2.098379 
2.185289 
2.220070 
1.897927 
1.776890 
1.766249 
1.834051 
1.852766 
1.994207 
2.174148 
1.763265 
1.743420 
1.462659 
1.403458 
1.703121 
1.620426 
1.667618 
1.640319 
1.606436 
1.558394 
1.610152 
1.484368 
1.616017 
1.110021 
1.426487 
1.019093 
1.652284 
1.443417 
1.597093 
1.698096 
1.302219 
1.426273 
1.350768 
1.557215 
1.638330 
1.446583 
1.656780 
1.487118 
1.642984 
1.529202 
1.576590 
1.444287 
1.130731 
1.624255 
1.389983 
1.434305 
1.546684 
1.420743 
1.597816 
1.340525 
1.285407 
1.606587 
1.623033 
1.515973 
1.642573 
1.408800 
1.325983 
1.653528 
1.374275 
1.381852 
1.547217 
1.607432 
1.409937 
1.652622 
1.620870 
1.639090 
1.497335 
0.811552 
1.544838 
1.304113 
1.520644 
1.264182 
1.566956 
1.149453 
1.571899 
1.267051 
1.500109 
1.362436 
1.585431 
1.634029 
1.485867 
1.224315 
0.945334 
1.439832 
1.668864 
1.576277 
1.485471 
1.551846 
1.414941 
1.195145 
1.691212 
1.575018 
1.390177 
1.642937 
1.401843 
1.378396 
1.427088 
1.252086 
1.325837 
1.554986 
1.144660 
1.533439 
1.446152 
1.544572 
1.635652 
1.426160 
1.502989 
1.399077 
1.353640 
1.166193 
1.071165 
1.179160 
1.421206 
1.560408 
1.101509 
1.733611 
1.574258 
1.761040 
1.267337 
1.691254 
1.677120 
1.192825 
1.472139 
1.620165 
1.652174 
1.615036 
1.538519 
1.634480 
1.696054 
1.549431 
1.575275 
1.628592 
1.487023 
1.365621 
1.480336 
1.278324 
1.628588 
1.529431 
1.519804 
1.454305 
1.435194 
1.669942 
1.447265 
1.422708 
1.585498 
1.561851 
1.400545 
1.357110 
1.664048 
1.433788 
0.847839 
1.414428 
1.378481 
1.440155 
1.380485 
1.684332 
1.176032 
1.409111 
1.261459 
1.451794 
1.409682 
1.594585 
1.512962 
1.237550 
1.218413 
1.140537 
1.599460 
1.288623 
1.147181 
1.499116 
1.611883 
1.358096 
1.499938 
1.892531 
1.374514 
1.713741 
1.491655 
1.656263 
1.618510 
1.522272 
1.205348 
1.615845 
0.955061 
1.645255 
1.551692 
1.617233 
1.274426 
1.614126 
1.607035 
1.593419 
1.151515 
1.178799 
1.345318 
1.256118 
1.228943 
1.387244 
1.305889 
1.145883 
1.558403 
1.386462 
1.331420 
1.316042 
1.735898 
1.520119 
1.591618 
1.437181 
1.543189 
1.297642 
1.436972 
1.697397 
1.486368 
1.566375 
1.507943 
1.118959 
1.272779 
1.568390 
1.324425 
1.393103 
1.601714 
1.296604 
1.648331 
1.401450 
1.668464 
1.294017 
1.336797 
1.450509 
1.365747 
1.604061 
1.456167 
1.275804 
1.287099 
0.707458 
1.427977 
1.587234 
1.645470 
1.562336 
1.529476 
1.004091 
1.403068 
1.653250 
1.184788 
1.517256 
1.301411 
1.262172 
1.206771 
0.959647 
1.627644 
1.677211 
1.239368 
1.399669 
1.505194 
1.362681 
1.099077 
1.492319 
1.564219 
1.159292 
1.609354 
1.456340 
1.583856 
1.131230 
1.492105 
1.765704 
1.535855 
1.341426 
1.479297 
1.643797 
1.252341 
1.611005 
1.383543 
1.693411 
1.427702 
1.363035 
1.505236 
1.301144 
1.675305 
1.070042 
1.319557 
1.483547 
1.410133 
1.489481 
1.643203 
1.263916 
1.517395 
1.375052 
1.828137 
1.076705 
1.199998 
1.718060 
1.500437 
1.251525 
1.630295 
1.257038 
1.665354 
1.407439 
1.429302 
1.242793 
1.504549 
1.616947 
1.517164 
1.290958 
1.634504 
1.362274 
1.222368 
1.523243 
1.129187 
1.162869 
1.180537 
1.481251 
1.290689 
1.575670 
1.379210 
1.257715 
1.394670 
1.609658 
1.147514 
1.405960 
1.393728 
1.286732 
1.320796 
1.703362 
1.338307 
1.182057 
1.655103 
1.155771 
1.564470 
1.703339 
1.504827 
1.659786 
1.343262 
1.553670 
1.435364 
1.371273 
1.276361 
1.719811 
1.641302 
1.670885 
1.630642 
1.611226 
1.661852 
1.713450 
1.577106 
1.356362 
1.407184 
1.536486 
1.398229 
1.219952 
1.257302 
1.604366 
1.645475 
1.511322 
1.237791 
1.217606 
1.416423 
1.461867 
1.717857 
1.099574 
1.776386 
1.403632 
1.010143 
1.684602 
1.501371 
1.492806 
1.523204 
1.280944 
1.685630 
1.552363 
1.398687 
0.968352 
1.587656 
1.595508 
1.592236 
1.133385 
0.973571 
1.395963 
1.625562 
1.115341 
1.283054 
1.370839 
1.290007 
0.849483 
1.291820 
1.554877 
1.340652 
1.113831 
1.338049 
1.310071 
0.938030 
1.620873 
1.504027 
1.610825 
1.607919 
1.278715 
1.795744 
1.197464 
1.381983 
0.891423 
1.593950 
1.732103 
1.243753 
1.296233 
1.358806 
1.595781 
1.392949 
1.544295 
1.620246 
1.349846 
1.364710 
0.779561 
1.519914 
1.501538 
1.470052 
1.479238 
1.051642 
1.247998 
1.128643 
1.066382 
1.653490 
1.606155 
1.524453 
1.420313 
0.977920 
0.903365 
1.352478 
1.728450 
1.192311 
1.429648 
1.413706 
1.219167 
0.684982 
1.220517 
0.961337 
0.977384 
1.295070 
1.092664 
0.845188 
1.076608 
1.415246 
0.934593 
1.155382 
1.322833 
1.565569 
1.531901 
1.305844 
1.322604 
1.096174 
1.333175 
1.532057 
1.064851 
1.691024 
1.645798 
1.357673 
1.226664 
1.073593 
0.978168 
1.155435 
1.080631 
1.392126 
0.697055 
1.327078 
1.505426 
1.345500 
1.051471 
1.107231 
1.407607 
1.135314 
1.470416 
0.894085 
0.922682 
1.200470 
1.333389 
1.177285 
1.699331 
1.632042 
