89.268219 58.070415 59.078156 61.863640 64.809052 0.000000 
93.391953 68.737343 70.317154 74.239304 78.449783 0.000000 
90.827599 113.432396 111.790016 110.656685 106.649727 0.027976 
87.778366 106.213036 106.374039 105.542747 106.209442 0.000000 
93.848404 77.403618 78.078423 79.065544 82.550873 0.000000 
89.054626 68.655785 82.137161 88.846581 88.379112 0.000000 
92.889519 84.059891 86.416908 88.244263 91.229866 0.034264 
96.459160 80.960190 86.267036 90.046898 95.673424 0.027976 
91.144928 76.622452 81.096649 79.807465 78.070168 0.039565 
94.687973 76.870102 79.211601 82.271149 80.681404 0.019782 
99.363289 44.604172 46.007183 53.449764 57.536240 0.000000 
90.876740 64.834160 66.496666 71.373276 71.503014 0.044235 
92.109947 72.940010 76.766159 76.045944 77.999512 0.019782 
90.397614 88.549934 92.461571 97.490784 96.712418 0.039565 
87.009911 75.249580 77.952988 80.057060 84.177063 0.000000 
85.144272 87.887329 90.460075 92.731880 91.353630 0.034264 
85.973473 91.287346 92.111961 92.053764 92.869431 0.000000 
92.156578 88.505692 88.092781 95.508575 95.097069 0.000000 
88.223167 78.079002 74.406219 74.347649 75.800415 0.019782 
88.941284 84.251335 87.372864 91.906540 90.683434 0.000000 
