79.706947 43.589169 52.918938 69.420547 58.292492 0.000000 
84.684509 55.826237 85.943329 62.508633 84.364738 0.000000 
79.048195 46.994217 67.240463 69.300415 65.831352 0.019782 
86.017395 28.674034 52.982212 72.472031 67.111206 0.019782 
84.306129 77.133705 89.531219 70.998390 86.382927 0.000000 
87.369377 57.499924 73.661583 78.083344 70.979202 0.027976 
82.267143 59.695148 86.001961 79.215401 90.714149 0.034264 
78.606987 43.474136 68.955688 70.860023 78.205627 0.019782 
92.224777 80.727623 89.241325 69.902222 83.872086 0.000000 
72.714180 69.561707 82.519180 64.440552 67.429436 0.000000 
91.567650 44.486031 71.646278 93.387581 87.504784 0.000000 
73.175270 41.612045 66.839066 76.517128 67.264221 0.000000 
84.017914 23.305710 49.018341 78.085487 69.161758 0.019782 
83.607712 51.597191 72.277740 68.370697 71.293114 0.019782 
83.441513 44.563274 71.438866 62.072536 65.905617 0.027976 
94.292671 58.119164 71.351303 75.402733 93.324974 0.000000 
90.900627 51.958988 61.489773 84.417542 72.798752 0.000000 
87.325287 79.105385 77.474716 81.979256 88.965218 0.000000 
77.584221 61.580929 81.596611 77.797691 90.367180 0.000000 
83.867592 26.500465 61.860851 87.194290 95.329918 0.027976 
