20532.320312 1494.814697 922.173035 584.627563 32164.355469 
20959.789062 1793.812866 942.948364 619.657043 27929.005859 
20752.632812 2135.865723 1359.832275 1226.322144 40414.230469 
17357.306641 1754.774658 836.522156 762.417480 36439.125000 
19864.917969 2296.877930 1166.426880 1220.744019 41980.398438 
29156.062500 2189.435791 1173.175903 1018.798279 25206.931641 
25681.921875 2296.941162 1118.502441 960.925476 24873.982422 
18708.804688 1973.093140 1256.492676 961.168884 22565.160156 
55459.695312 4612.437988 3935.721924 2103.731445 32168.992188 
25125.175781 2129.986816 1151.279663 857.090576 36343.265625 
52091.464844 4270.116699 3125.267822 1309.311523 18243.494141 
37653.003906 2668.873535 1849.770020 2294.294189 15900.907227 
26083.216797 2382.619141 1088.619385 1516.900146 20406.589844 
19509.595703 1654.448120 990.829956 632.475403 57466.207031 
30303.517578 2943.997070 1828.852051 2206.570801 10818.140625 
24793.994141 1595.147461 1381.428711 919.237122 25310.593750 
64351.558594 3685.568359 2154.309570 2226.285156 7394.543457 
35495.617188 2772.532715 1941.296875 1421.870239 41049.675781 
27426.076172 1964.817993 1435.987671 1536.805786 20049.978516 
30844.279297 2250.153809 1519.566772 1448.635132 31397.611328 
20046.871094 2105.391846 1129.072388 1055.174927 50788.386719 
25254.958984 2119.228516 1375.452271 1079.426147 31537.947266 
24223.841797 2243.702148 937.414734 529.366089 23564.798828 
25567.792969 2386.978027 1019.149536 980.915405 29253.662109 
24406.314453 1641.667969 1114.899414 721.533997 22296.779297 
23813.529297 1792.817749 896.713318 728.778809 25522.349609 
28784.082031 2607.380859 1445.661987 818.867798 28567.400391 
28020.490234 2584.049072 2125.268555 1142.774414 22742.099609 
25013.785156 2061.988281 983.816956 833.674194 24261.689453 
34469.343750 2577.834717 1651.712158 1331.194214 26813.607422 
22792.632812 1980.289429 1023.154236 899.929626 46957.164062 
63216.242188 4480.859863 2095.140625 1954.304077 10397.157227 
31401.796875 2262.600830 1315.328613 899.184937 19310.443359 
27270.035156 1655.188354 867.335938 727.383240 45993.187500 
29844.660156 3652.402832 1646.294800 717.823120 33658.011719 
36270.519531 2517.494873 1637.339111 1087.965454 22290.130859 
29681.734375 2329.391113 1899.130127 1667.072266 28162.939453 
43535.750000 2875.342285 1577.499390 1095.575806 14336.444336 
20742.398438 1652.696167 886.809814 666.398010 28072.287109 
49171.484375 3388.514160 2184.380371 1365.943726 24883.050781 
30220.806641 2028.451904 1174.955444 835.185608 14254.680664 
22395.992188 1756.720825 1259.961060 634.118164 23508.273438 
37263.144531 3081.069336 2094.687012 1737.320312 28850.382812 
52982.968750 3362.118408 1967.027222 1372.827148 13239.649414 
40006.636719 3037.652832 1862.593018 1068.975220 28050.531250 
30154.251953 2333.713135 1639.958008 1198.022461 35973.093750 
14890.901367 1184.189331 816.081543 474.681122 55421.855469 
19669.347656 2332.476074 1364.793457 1127.732056 49053.996094 
41342.773438 2652.425293 1799.582520 1643.094238 35821.472656 
38287.242188 3663.195068 1918.291870 1072.415527 32780.281250 
22390.111328 1757.869629 806.599182 601.357361 40383.183594 
22823.880859 2621.478271 1325.608398 866.072021 34407.828125 
20064.400391 2302.054688 1133.078247 766.552673 62527.843750 
39793.390625 2653.484619 1555.502319 853.415039 23467.947266 
20500.509766 1863.531860 1078.535767 816.367065 37124.402344 
32641.025391 2463.590332 1402.764038 796.641846 18352.646484 
60303.070312 3596.511230 2545.072754 1255.473633 15048.145508 
25603.164062 1960.267944 1464.298096 1240.862915 32950.972656 
25600.279297 1684.326172 1003.973267 912.668030 34379.343750 
22289.083984 1896.011108 878.517212 675.612732 41542.820312 
36845.171875 3172.268555 1998.415405 1895.817749 29126.044922 
42122.796875 3344.551270 1466.102539 1148.308105 22237.478516 
67931.687500 5024.350586 2903.373535 1944.419922 7433.375488 
47075.914062 2777.282959 1470.057129 920.507263 19514.929688 
15018.625000 1535.889771 1139.426880 1087.450684 76900.617188 
50335.765625 3090.308838 1789.931274 1238.695557 18904.818359 
17378.308594 1662.777466 1035.738525 673.113342 73355.562500 
24835.005859 1996.829468 1331.505981 1088.879639 46336.917969 
34807.644531 2508.152832 1687.998413 1156.959717 6758.183105 
64711.035156 4314.714355 2322.995850 2001.568115 10326.055664 
22742.904297 2474.580566 1604.387207 1372.755005 86735.804688 
53981.136719 3308.751465 1897.724976 1279.827026 21204.779297 
20341.841797 1912.510010 999.351685 819.817871 63111.878906 
20322.869141 1905.517456 1114.366089 836.701477 67100.179688 
24290.765625 1714.969482 767.733704 628.188843 27628.119141 
31587.630859 2449.343994 1167.489746 1282.002197 47809.695312 
19671.886719 1425.274780 951.610474 789.962646 26703.103516 
22713.519531 2179.572266 1436.345337 1074.477783 25905.849609 
26226.876953 2741.937500 1467.046509 936.675232 55801.546875 
21848.689453 1624.094849 1071.345215 785.585876 28790.580078 
27766.037109 2050.757568 1404.634033 988.686279 40503.367188 
28445.136719 2330.730957 1259.812866 826.473572 44028.925781 
21390.583984 1954.344604 1097.348999 1042.067261 19921.636719 
21819.210938 1892.154053 1043.788330 710.412476 37011.738281 
29994.492188 2107.341309 1269.325195 1019.003540 42588.714844 
23628.582031 2048.310791 1165.100220 867.525696 35437.574219 
69344.468750 3964.876709 2359.646973 2044.717773 18553.390625 
22668.396484 1842.485107 906.885864 653.176697 31043.207031 
20144.496094 1569.964355 839.743225 464.927338 27732.458984 
31764.152344 2309.479980 1047.688965 916.515686 30286.259766 
33030.089844 2225.620850 1318.712036 898.259949 21825.837891 
41733.125000 3405.078369 2159.722412 1829.470093 16360.211914 
33239.871094 2766.604980 1747.593262 1229.052856 20598.193359 
17172.435547 1673.662720 1037.086914 602.697144 24091.855469 
22560.035156 2424.804932 1542.758911 1411.373657 31680.312500 
16890.468750 2017.714722 1141.386719 694.863525 52842.050781 
30249.089844 2180.623291 1396.170410 1239.234497 27458.800781 
44280.558594 3017.178711 2397.260010 1552.342651 16612.544922 
26880.357422 1997.026489 1306.880005 838.280029 11702.052734 
24019.654297 2145.696777 1137.568726 485.413025 41384.964844 
43159.308594 2977.041504 1623.132690 1248.861694 37947.558594 
45724.640625 3454.860107 1733.941040 1067.215576 37076.410156 
22943.974609 1964.667847 944.963867 692.088501 32016.701172 
18724.683594 1394.040039 880.064575 578.526978 33456.164062 
27935.248047 2132.467773 1027.100708 754.211121 37878.082031 
19321.207031 1621.284668 917.285767 647.325500 54489.140625 
33713.300781 3064.505859 1606.362793 1823.724976 35089.835938 
27849.724609 1914.460083 1137.764038 1061.953735 27240.894531 
29597.224609 2055.265137 1319.020996 918.455688 56583.617188 
24746.958984 2627.132568 973.967041 660.682190 80353.007812 
22052.167969 1965.810669 1196.590332 733.196533 89667.789062 
24751.558594 1766.943481 1071.819580 852.657654 43339.203125 
24480.587891 2095.587646 1127.417480 742.091064 54192.671875 
27810.900391 2632.778809 1546.310791 1173.427368 121713.210938 
19582.691406 1457.214111 997.056824 820.240601 50210.871094 
30090.263672 2412.503418 1198.485718 865.461914 35091.003906 
26921.201172 2560.459473 1131.213745 1203.269287 55455.707031 
28799.673828 2229.640625 1359.745361 1334.214844 92193.500000 
32446.912109 2251.691895 1439.388794 1381.069946 65271.152344 
24194.279297 1978.715698 1382.653442 965.500610 58536.019531 
23360.423828 2325.668945 1550.855713 1162.302124 65317.089844 
26991.849609 2369.759766 2181.282959 1437.510254 48427.484375 
36283.011719 3328.245117 1861.499634 1703.207275 30069.419922 
19685.607422 1625.125366 837.683289 788.129211 51574.785156 
31886.033203 2666.121094 1356.213867 941.291809 62526.500000 
69524.953125 4815.440918 3157.893066 1612.168457 11506.884766 
31963.396484 2756.099854 1358.450439 815.746887 77825.468750 
25539.552734 2467.950928 1437.555054 1677.859619 99937.546875 
36303.746094 2592.022949 1520.299927 1413.491699 15769.878906 
19381.371094 1871.381958 1106.205688 1018.918579 65281.996094 
36765.863281 2801.232422 1585.115967 1093.127686 47812.796875 
49415.867188 3161.858643 2223.298096 1121.527832 32500.431641 
27835.279297 1932.056274 1090.167236 1377.484863 57575.128906 
22399.523438 2022.683594 1372.332397 984.766479 62399.546875 
24743.248047 2117.712402 1244.133301 1006.089600 58934.687500 
25636.830078 2225.071777 1707.015747 1075.969360 65856.546875 
27840.498047 2051.982178 1544.888794 846.092407 38633.660156 
46817.511719 3019.531006 1925.638306 1739.736084 9774.669922 
48280.773438 3849.390625 1974.286621 2333.580566 24666.175781 
38474.019531 3274.009033 2317.534180 2693.213867 37592.722656 
17709.353516 1776.852539 896.548706 884.470093 41846.539062 
29924.037109 3053.581299 2548.162842 1314.967285 51328.265625 
30581.777344 2088.288086 941.124084 726.312012 41619.609375 
22460.640625 2048.731201 1164.556274 1036.369629 92977.718750 
24389.140625 1921.671997 1163.062988 964.997314 55660.304688 
25132.433594 1554.807617 981.274170 596.151855 29802.994141 
27925.435547 2617.999023 1745.147827 879.682129 80296.187500 
39858.085938 3181.277832 2176.190186 2174.660889 36184.875000 
23492.095703 1564.239868 898.045288 585.220886 41555.242188 
22943.937500 2145.366455 1138.746094 769.416077 30471.332031 
19838.925781 1820.656494 1132.576538 781.202942 44038.054688 
33912.460938 2399.689941 1583.319458 978.744507 19003.062500 
39101.554688 2528.711914 1973.627319 1865.305176 24533.164062 
23228.730469 2075.387451 1015.946289 931.383606 36963.566406 
31918.775391 2521.223633 1246.319458 743.723999 43233.085938 
32640.154297 2102.803711 1396.979858 830.856140 27953.783203 
43337.691406 2681.308594 1662.990845 1329.634155 23159.306641 
29288.726562 2432.862793 1330.190918 1118.755005 53341.066406 
44482.609375 3932.418213 2114.202881 1376.829102 14289.243164 
28928.894531 2087.497314 917.068604 684.896545 22860.539062 
35562.835938 2732.173584 1266.903320 782.961304 41017.429688 
26600.736328 2182.142334 1219.668945 830.250366 30382.320312 
22481.662109 2159.911377 1280.204468 1007.153748 36451.242188 
19591.503906 1790.438354 1206.715820 811.740723 54615.347656 
21325.878906 2133.224121 1326.071411 1101.893066 42359.074219 
21164.583984 1733.267578 744.673462 522.714905 20385.605469 
21293.394531 1897.585693 984.918762 824.522949 28574.039062 
39458.781250 3182.893311 1638.014893 1277.528809 23086.154297 
22217.513672 1861.562500 975.101562 661.784180 27715.156250 
38138.042969 2634.758789 1149.442871 765.697388 24429.027344 
18970.640625 1861.661865 1351.582397 944.734558 22689.310547 
25333.882812 2558.540771 1346.709229 1312.348633 23851.865234 
30666.857422 2277.111816 1168.697266 1016.384827 39947.242188 
28421.578125 2247.576172 1226.983276 1239.131958 30499.224609 
43945.492188 3565.139648 1417.287964 1168.879028 18966.781250 
38685.617188 2749.230225 1515.908813 1143.775146 25920.244141 
25243.185547 2294.260010 1608.313965 1007.704529 36075.910156 
45366.300781 2988.108887 1948.016602 1271.660645 36641.125000 
30858.490234 2733.509277 1458.151978 923.814758 31383.460938 
69261.554688 4323.558105 2870.532959 2550.203857 23988.828125 
32459.480469 2632.929199 1971.633545 1387.276001 36784.601562 
31717.611328 2608.173340 1658.458374 1089.661255 27653.367188 
57148.917969 3573.689209 2357.930664 1439.583252 11896.280273 
23981.382812 1665.144897 991.498047 752.137085 33332.187500 
20468.005859 1780.250000 1104.724243 853.525940 62167.078125 
41035.617188 2970.910400 1402.306519 1269.518433 28773.007812 
38399.511719 2262.450439 1621.297852 1241.147705 22623.205078 
40162.585938 2500.872803 1669.833374 1968.692749 15581.998047 
45326.363281 3141.333984 1796.073486 1218.594604 18364.150391 
21817.935547 1610.168091 1001.227051 657.421387 31231.587891 
33571.015625 2587.452148 1458.990356 1211.387207 34367.003906 
38713.566406 2657.936523 1218.641235 1285.195068 19562.509766 
26125.595703 2014.878174 1172.162476 966.098328 28601.160156 
40017.031250 2461.806885 1538.958984 1085.509766 30591.951172 
26887.207031 2196.654053 1271.750366 1042.119507 55668.492188 
29606.570312 2555.968994 1488.145996 906.667053 32352.105469 
36853.160156 2668.562744 1392.607788 992.628784 24210.033203 
18879.068359 1950.796631 1059.454224 896.276428 57003.070312 
21675.099609 1555.658203 963.253967 730.215271 40766.781250 
33453.992188 3114.916260 1776.643555 2389.441650 54934.000000 
56573.902344 3360.792725 2089.375000 1638.008423 32822.718750 
56206.601562 4057.476807 2685.079834 1634.274902 18784.054688 
33025.171875 2768.966309 1406.114380 1175.961426 41414.839844 
54189.964844 4242.857910 3007.598389 2064.864502 18014.857422 
34664.664062 2491.223633 1466.196289 1161.937744 24822.283203 
18282.855469 1409.085571 969.786255 543.787354 67424.984375 
60244.808594 4598.895020 2786.761719 1404.066772 19268.896484 
21050.625000 1848.474854 1166.368774 778.536621 58246.328125 
27673.603516 2515.096191 1370.809814 969.550720 41512.714844 
28840.312500 2436.933838 1442.815063 1030.428467 55014.605469 
39720.058594 3462.214355 2074.219971 1412.139282 43961.546875 
27313.736328 2806.318848 1544.062988 1086.645996 41728.714844 
25360.494141 2837.140137 1643.781860 1440.839844 65814.718750 
41302.339844 2842.282959 1763.250854 1346.175049 17664.574219 
43165.570312 2993.201172 2191.668701 1852.087769 25062.388672 
18773.779297 1711.155884 972.143555 725.782349 37029.429688 
31040.126953 2729.819336 1625.645508 1075.323975 30769.171875 
53184.535156 3638.578369 2668.259277 1792.522217 24250.115234 
20809.439453 1989.954102 925.565430 800.795044 53001.910156 
20826.806641 1975.769653 994.525269 738.288391 41044.488281 
21841.542969 2518.247314 1671.034790 826.952637 70727.343750 
20982.634766 1547.831909 859.687866 545.415466 36643.433594 
16329.519531 1573.494141 877.079590 585.149231 48104.851562 
23335.621094 1640.611816 1295.329956 888.906982 23357.779297 
41695.855469 2610.660645 1765.789795 1092.246704 39858.089844 
50411.851562 3192.278809 2180.030762 1437.172729 13746.884766 
42296.519531 3334.175537 1869.734985 1597.142334 33349.851562 
32203.523438 2797.332275 1720.295776 1280.383301 35877.097656 
52263.949219 3188.297852 2456.062500 1316.569702 17081.361328 
18744.841797 1384.690796 884.520203 468.497467 49084.207031 
21785.685547 1805.509766 922.720337 836.616760 35776.976562 
24500.972656 2150.675293 1501.973755 846.406250 37989.898438 
23052.117188 2202.040039 1547.658691 1318.730347 54021.566406 
28487.785156 2712.038818 1540.874268 1327.944946 68778.375000 
30877.953125 1827.926147 1495.579102 1653.909424 14517.567383 
34469.816406 3243.947510 1183.290283 1270.227783 57477.406250 
25204.416016 2303.288574 1355.923584 861.056091 57865.507812 
45015.769531 3314.893066 2151.749023 2127.061768 30598.431641 
24801.669922 2422.007324 1682.125610 1029.321289 76240.851562 
23594.503906 1940.646484 1184.033936 1045.655273 47919.640625 
23648.921875 1947.669067 1054.458740 971.788513 40623.632812 
53505.089844 3785.828125 2658.577393 1366.011108 27230.695312 
35006.921875 3279.903320 1850.134888 1524.237549 56071.667969 
23932.033203 2523.943848 1287.303345 1078.293945 88946.820312 
22833.250000 1673.068848 1122.932007 676.290222 74292.843750 
23144.837891 2136.437988 1434.795654 849.104675 48670.003906 
29437.130859 2140.085449 1262.385742 975.798523 47764.242188 
23584.505859 2133.459473 1101.686401 760.670044 45832.199219 
24987.072266 2077.003418 1436.557251 1158.665527 164484.796875 
30614.148438 3214.808838 1362.102783 1159.765625 86616.453125 
27015.414062 2290.743652 1472.924316 963.689148 51691.410156 
52756.437500 4276.383789 2948.432861 1984.074341 24360.714844 
34338.601562 2341.980713 1672.646973 1122.732300 38985.531250 
25177.083984 2636.947021 1567.906982 1021.545776 37634.417969 
23214.240234 1589.142334 1023.529968 785.332642 28737.175781 
30791.943359 2010.789185 967.186401 869.803772 59196.613281 
23992.083984 2080.725830 1205.716064 821.436829 49289.136719 
20465.472656 1724.110352 1024.655884 770.451172 56413.398438 
38456.546875 2674.010742 1401.061768 1463.155029 33300.718750 
26024.011719 2301.083740 1283.016357 842.316162 40452.175781 
42056.648438 2911.530518 2161.796387 1434.065796 15412.499023 
29553.863281 2856.364258 1522.104126 1736.298462 24961.025391 
27418.783203 2534.436035 1691.288818 1106.366577 36429.585938 
28660.451172 2248.801025 1448.740845 1227.510864 42457.773438 
35790.996094 2858.707275 1705.519165 1244.717041 24569.951172 
36770.425781 3029.165771 2075.759277 1647.787476 22113.681641 
21524.224609 2512.634521 1380.034790 1244.150269 74660.257812 
40251.671875 2880.431396 1789.252441 1491.649048 17661.925781 
29639.181641 2557.334961 1600.463013 843.496277 40183.343750 
25522.056641 2118.882568 1331.050049 967.551514 59137.503906 
21271.779297 2586.455322 1703.937256 1024.487305 46706.699219 
35573.675781 2704.755127 1516.163940 993.302551 27917.337891 
27083.814453 2468.237793 1376.491943 806.922974 33108.976562 
20424.123047 2234.386963 1443.024292 955.735779 63727.035156 
28130.417969 2681.437012 1607.320923 787.794373 68076.703125 
27146.806641 2773.359131 1835.705566 1211.473267 52198.449219 
24197.378906 2721.187256 1243.908081 924.572266 39965.820312 
22426.794922 1885.940308 1167.125244 997.240356 41879.941406 
29878.031250 2641.479004 2363.906982 1978.721802 110684.914062 
27566.517578 2138.042969 1087.285889 859.480774 35158.437500 
34667.843750 2194.709961 1341.047485 709.685120 30780.373047 
35541.933594 3053.920898 1609.269653 1080.885010 25776.822266 
21600.099609 2057.329590 1178.810181 768.408081 47995.464844 
33522.152344 2983.993896 1602.957886 1283.601196 35093.890625 
19220.660156 1658.951538 799.309387 674.868042 32172.265625 
33055.925781 2527.183105 1770.493530 1142.845825 47387.722656 
43035.039062 3133.164551 2339.442383 1483.249756 21167.613281 
19236.750000 2059.880371 1231.574463 769.601746 36491.386719 
27319.177734 1618.275146 945.671448 720.418091 25155.791016 
73947.179688 5337.337402 2968.773682 2246.016602 7154.991211 
21647.337891 2184.122070 1538.502075 1025.366943 60237.859375 
19023.740234 1603.817261 844.375793 522.269592 37156.792969 
20479.484375 2047.406860 1239.228027 790.889893 75288.804688 
31599.673828 2318.779297 1414.504150 1070.525391 59235.726562 
19110.851562 1954.813477 1004.286377 633.386597 29234.570312 
18698.712891 1772.527100 1308.322632 1649.812012 54588.398438 
38767.593750 2535.780518 2205.984619 839.856934 16516.658203 
20103.583984 1702.831055 937.259399 701.685852 21191.101562 
25568.150391 2393.347168 1288.801880 996.329529 41209.199219 
43264.894531 3775.784668 2029.315430 1700.395142 21047.591797 
32663.414062 2809.083008 1716.904541 1913.422974 27699.121094 
33960.242188 3246.001709 1565.322144 1627.346436 39873.781250 
25457.207031 2154.697510 1137.773804 849.169250 34679.128906 
26036.419922 2172.346436 1137.146851 742.908386 26291.423828 
22400.048828 2598.312500 1668.540649 1014.529053 47134.726562 
26482.125000 2654.346924 1596.587769 898.354431 34169.394531 
37953.832031 2895.511719 1961.885376 1416.963135 24697.785156 
58598.980469 3398.814209 1802.048828 1749.145020 14593.363281 
48265.648438 3233.181152 2216.652344 1587.183105 24968.730469 
31795.271484 2963.517334 2003.296631 1332.079590 37449.429688 
22297.863281 1712.240112 1273.978638 738.961487 54357.234375 
19565.724609 1386.782227 876.373901 661.384521 30510.162109 
66790.132812 5177.962402 3893.823975 2115.862549 16363.705078 
23313.029297 2439.611816 1397.551147 1157.042236 24551.910156 
37311.554688 3371.943115 1868.155762 1479.456177 37959.839844 
17160.248047 1493.160156 784.959900 533.106506 25236.552734 
38758.261719 3184.874023 1808.026978 1141.621094 23365.359375 
22894.060547 3670.025879 1453.724487 1684.554077 58228.035156 
20593.664062 1618.884766 800.876038 527.900696 23015.222656 
25663.794922 2065.518066 1084.900513 705.462463 21086.960938 
40332.781250 3338.954590 2625.605713 1603.650146 29241.453125 
21475.146484 2007.490845 869.283020 664.957825 30512.871094 
55828.007812 4217.723145 2833.469727 2347.873779 17789.318359 
46334.308594 3285.468262 2995.384033 1878.462402 12183.942383 
20580.695312 2211.449707 1294.224976 890.442139 34676.710938 
32543.871094 2839.244385 1554.592896 1236.623413 26725.548828 
18399.417969 1795.296631 1787.291260 824.117432 35655.753906 
13525.396484 1497.565796 991.326660 796.389221 31048.353516 
43750.171875 2880.079346 1852.838013 1287.077759 20513.236328 
15657.562500 1295.562012 1079.973633 585.142761 30326.031250 
27623.701172 2468.423828 1407.369751 1242.291382 20154.875000 
37897.203125 2488.350830 1733.719604 2581.148438 13895.150391 
45004.617188 4192.965820 2413.576660 1901.017700 19185.626953 
42430.296875 2448.826904 1470.105347 1258.774048 16384.652344 
39321.179688 3684.058838 1988.600464 1938.619263 36208.976562 
16282.876953 1643.486084 855.649536 616.955566 24192.152344 
59951.160156 4817.959473 2624.450195 1934.243408 25446.509766 
18633.541016 1701.013428 793.551025 619.067444 35758.253906 
33941.386719 2993.354004 2046.705078 1237.696045 37195.179688 
16443.898438 1723.981079 737.244263 601.216370 22095.265625 
24329.250000 1913.337280 1033.644165 694.688965 29097.996094 
22322.673828 1999.389282 1415.591309 1107.975586 42150.667969 
29259.027344 2176.333252 1378.884277 1072.272705 31844.761719 
19240.445312 1589.496948 955.751343 723.417908 25155.699219 
45666.750000 3644.336426 2235.361572 2131.308105 22245.169922 
30571.376953 2198.265381 1509.197876 896.254028 30494.195312 
22376.691406 2401.666260 1299.811157 1034.781128 81489.320312 
23556.609375 2479.011963 1735.818726 1049.708740 89171.109375 
38748.628906 3004.212891 1836.947632 1278.026245 32005.513672 
21314.726562 2428.395996 1761.674438 1233.614258 62465.429688 
70888.945312 4481.395020 3231.586670 2180.430176 14482.717773 
28188.359375 2384.894287 1864.003784 1150.161255 25966.306641 
21876.443359 2147.085938 1392.055542 917.223633 80211.789062 
64191.234375 6021.636719 2609.992432 1450.543579 27551.228516 
29999.576172 2130.600098 1189.860718 1103.697754 37200.187500 
63143.164062 5245.098145 3349.826416 1946.157227 20283.681641 
27531.664062 2350.221191 1358.319702 1203.211304 52056.312500 
19353.208984 1662.890991 703.427490 785.674500 53907.414062 
19492.677734 1804.704346 1100.098755 1002.949280 57862.402344 
28089.796875 2834.621582 1451.714844 1044.089722 137152.281250 
28469.060547 2772.095459 1451.852295 1366.399414 123308.632812 
28598.228516 2323.931396 1835.687866 1317.248535 70532.078125 
21403.976562 2116.330322 1203.850220 1335.535522 53074.777344 
18386.199219 1931.351074 1079.023438 819.539124 85824.140625 
62347.101562 5355.854004 2373.832275 2454.141113 23054.365234 
40760.109375 3926.871826 2193.761475 1580.249878 42366.355469 
24646.437500 2051.096680 1135.961304 748.746887 112829.156250 
45632.875000 3549.867188 2246.878662 1683.918213 31831.207031 
37129.417969 2969.633301 2431.787109 2012.195190 36632.031250 
37477.011719 2909.535889 1497.462402 1423.962280 39828.195312 
29292.957031 2855.795654 2180.245850 1254.995728 52583.187500 
25881.791016 2481.355957 1429.083984 1113.555298 38898.484375 
28594.916016 1934.153442 1005.878723 741.180054 54273.316406 
66898.085938 4775.453125 2689.679199 2229.438477 9633.665039 
29074.652344 2835.613770 1398.696533 752.961670 40021.824219 
23834.349609 2100.344727 1630.873535 1207.733765 62056.839844 
46340.414062 2362.871826 1593.788086 988.382385 17497.505859 
23211.761719 2172.642578 1030.514526 929.693359 49569.621094 
49358.421875 3874.074707 1896.614380 1541.528442 25328.841797 
35418.019531 2763.337646 1935.093750 1370.025146 41756.734375 
32567.791016 2343.651367 1893.420044 1810.031372 27715.386719 
46315.996094 3795.973145 2143.826172 1294.818726 24449.136719 
35565.152344 2965.916504 1869.766357 1273.451416 26398.107422 
19379.273438 1673.583740 924.795715 828.744202 17502.851562 
35938.488281 2083.862305 1974.607666 1575.827148 13628.816406 
30957.009766 2662.315430 2003.790771 1546.675049 23317.117188 
19411.267578 1873.923462 1298.192139 636.961670 35549.945312 
21834.837891 2083.176270 1112.002319 647.398621 42096.511719 
55819.859375 3940.718018 2501.442139 1848.946899 14463.084961 
27453.009766 2174.426270 1089.238647 876.729858 36914.554688 
70062.976562 5339.434570 3340.988525 2543.614990 8290.422852 
16335.049805 1485.008545 872.148804 633.865967 39951.429688 
44643.988281 3437.630127 2008.388184 1059.409546 14171.315430 
19143.617188 1519.892456 946.197571 426.762299 19308.357422 
26576.492188 2707.130615 1567.028320 943.134155 34704.281250 
19397.212891 1878.597656 900.834473 606.158813 44677.347656 
20894.279297 1859.472168 1095.860962 723.856201 41479.945312 
39133.007812 3092.865967 2022.386108 1351.239136 28340.101562 
17624.369141 2313.291748 1655.242676 1272.231201 34417.964844 
23687.767578 3299.437256 1731.545776 1269.365356 38267.527344 
28182.583984 2410.477295 1509.065063 916.054138 55145.546875 
38152.199219 3590.012939 2713.594238 2267.193115 28392.712891 
25959.097656 2276.171875 1601.357056 954.109253 31038.470703 
19724.093750 2204.741699 1541.894775 833.863892 40391.890625 
68078.375000 4707.124023 3038.868652 2294.462402 21852.419922 
60151.917969 3918.106934 2807.052246 2040.996704 15027.083984 
51116.839844 3491.779541 2235.786133 1298.268799 12308.936523 
21085.375000 2352.866211 1362.255737 1351.187500 25007.453125 
34378.828125 2466.697510 1327.109619 1292.959717 29472.820312 
64707.386719 5323.769531 2722.387451 1915.286377 30546.921875 
19693.669922 1650.842896 913.179749 658.010071 27268.099609 
70281.929688 4303.578125 2548.484619 1652.846558 15100.723633 
25975.871094 1931.015137 874.276794 494.199005 29477.042969 
24627.433594 1744.541748 1208.445190 856.711731 40182.531250 
27400.154297 2145.553955 1613.186279 1941.404053 15205.158203 
19457.070312 2098.732422 1042.459595 737.496948 35112.328125 
25674.287109 2451.150146 1371.592651 1153.979614 45285.996094 
33861.027344 3248.372559 1921.348999 992.625671 28293.214844 
20656.609375 1722.069214 1329.327637 887.935852 27866.972656 
29365.228516 3211.396973 1787.418945 1413.759033 43806.636719 
34965.843750 3152.264160 1733.344727 867.319031 24306.535156 
24047.554688 2581.833008 1160.129395 913.164551 37578.003906 
49723.445312 3537.968262 1954.203247 1342.100220 16587.699219 
29262.013672 2214.651367 1331.766357 898.701904 25092.724609 
40986.265625 2461.252930 1654.627197 1018.281189 22089.843750 
17055.117188 2534.502441 1497.668823 998.394653 49345.011719 
20853.373047 2130.852539 1525.637817 1161.316040 27586.455078 
30368.582031 2414.254150 1623.924194 1172.836792 26278.212891 
18618.892578 1990.000732 1120.462402 933.188232 37089.562500 
51489.445312 3871.286377 2387.871094 1492.009644 28462.273438 
16269.865234 1216.044800 767.371704 545.806030 32971.167969 
25793.341797 2462.648926 1183.433594 823.569092 34343.308594 
31505.914062 2485.396484 1454.542236 1245.326538 28052.068359 
21308.449219 2406.264648 1679.204346 916.172485 34105.855469 
30281.511719 2519.477783 1492.438843 937.366882 22377.158203 
56545.113281 3607.752197 1768.123535 1391.152222 13912.900391 
30833.314453 2846.099121 1814.176147 1169.602783 24612.326172 
26576.835938 1779.023071 1251.455078 663.919006 18451.458984 
26206.138672 1981.053345 1174.634033 799.552490 17991.431641 
35873.468750 3043.710693 1783.915771 1188.296753 21446.248047 
20515.337891 1921.588745 985.673340 608.795471 14656.205078 
18054.376953 1559.680176 662.602173 646.970276 26041.373047 
24568.281250 2430.762939 1351.806519 1089.262573 23472.652344 
21087.568359 2195.784668 950.852600 809.455383 18900.337891 
19806.009766 2573.717529 1512.271851 1503.974731 22310.884766 
46661.953125 3423.287354 1635.848267 1659.867065 12549.797852 
31125.226562 2911.828125 2156.152588 1383.892822 35198.890625 
21694.341797 2172.794189 1424.572632 905.573425 35421.824219 
22680.140625 2659.235596 1539.435913 914.376953 35233.667969 
28060.232422 2021.298950 1147.414307 876.259521 23964.183594 
65674.773438 4429.602539 2076.245850 1596.692383 11345.586914 
21688.777344 2343.973877 1227.275879 966.994568 25554.794922 
19335.111328 1600.966675 960.866394 621.971069 45049.675781 
55923.496094 4378.636230 3271.461670 1734.559937 20253.642578 
32176.435547 2677.417480 1681.569336 1328.763794 25442.031250 
21572.019531 1689.918579 1075.218628 800.973633 47662.085938 
35219.742188 2654.569580 1568.628174 1402.568848 21003.458984 
44559.683594 3834.614258 1929.106323 1520.403198 27796.291016 
22102.664062 2242.105713 1317.371460 760.268738 52660.632812 
35357.437500 2817.039062 1736.222168 937.244080 18609.275391 
23057.960938 2393.927734 1093.178345 947.696716 45983.957031 
46981.566406 4133.001953 2664.529785 1748.094727 30016.466797 
32074.703125 3281.760986 1738.723633 1251.699097 24883.208984 
46806.203125 3442.204590 2319.166504 2152.233887 20027.035156 
38761.742188 3125.248535 1586.732300 1425.599365 26099.996094 
19596.419922 1881.887085 1271.828491 1113.022705 49256.808594 
33422.078125 3024.143311 1813.357056 1293.125366 42746.472656 
59259.601562 4079.888916 2744.772705 2193.096680 9014.750977 
23915.978516 2770.916992 909.376770 893.566589 55153.730469 
35437.199219 3042.551514 2045.715576 1734.971436 24067.160156 
19937.964844 1737.424072 1423.304199 804.140869 44641.507812 
23092.664062 2748.088867 1894.216919 1554.708984 52781.808594 
24448.998047 2745.019531 1902.911011 1491.273560 96551.906250 
34488.433594 3688.091064 1752.583496 1620.332153 81197.984375 
30502.865234 1813.582520 1095.744507 682.408081 50915.777344 
22653.947266 2541.644531 1376.460327 1103.764893 48419.050781 
24232.322266 1809.751343 902.989014 710.330933 37084.035156 
45038.253906 3959.611328 1875.235229 1450.700806 11983.987305 
18163.023438 1787.576050 1106.652832 1019.159546 54177.507812 
35344.578125 2842.264893 1390.349609 1460.685425 32410.283203 
23695.306641 2762.340332 1291.285645 978.034241 49646.675781 
20400.091797 2180.755371 1335.860840 1010.231628 77419.000000 
55488.324219 3726.626953 2323.099854 1590.626221 23168.007812 
25104.777344 2932.640869 1551.773438 1088.417725 72329.445312 
22067.052734 1569.318115 814.517700 453.258698 47100.265625 
37884.265625 3614.410156 2695.837646 1114.281006 29693.949219 
25703.302734 2128.342773 1331.056152 1378.698120 17557.208984 
25235.060547 2802.475098 1465.541382 1142.273315 51782.226562 
25777.263672 2257.607666 1337.910400 880.121704 49718.757812 
23021.263672 2187.278809 1076.398560 807.880310 53094.312500 
20609.289062 2517.589600 1337.602051 859.691711 61209.875000 
19860.169922 1999.231689 1194.733032 926.830078 57142.386719 
28370.369141 2508.482178 1512.277710 1517.828003 40287.968750 
33579.941406 2179.573486 896.099487 827.017456 35854.269531 
18591.927734 2507.654785 1214.026855 822.634216 37593.765625 
45710.492188 3550.498535 1879.489624 1221.633789 13188.837891 
23705.197266 2931.246826 2044.068848 1190.735962 69558.007812 
34075.269531 2527.015137 1737.841309 1373.361450 40378.363281 
26316.169922 2626.122559 2127.346680 1455.555054 68440.601562 
31945.851562 3273.895752 1540.561279 967.226135 34598.339844 
30715.316406 2626.028320 1573.371582 1310.137329 43701.890625 
43759.785156 2687.814697 1625.254883 1260.329956 28032.761719 
31789.613281 3594.430176 1982.669434 1493.132935 90346.585938 
26210.234375 2163.623779 1246.052490 981.292114 69486.929688 
23257.753906 2089.453613 1030.737305 908.751404 39305.027344 
61633.191406 4938.853516 4424.074707 2561.527832 16432.613281 
36252.066406 3065.086914 1659.904663 1111.556152 61372.199219 
21907.283203 2234.121582 1467.702148 1204.817139 89468.023438 
25719.166016 2062.174805 1266.482788 821.873840 63258.988281 
30703.728516 2712.029297 1632.757202 1150.463013 67535.968750 
32979.437500 2310.581543 1532.078979 1023.622009 38148.636719 
23818.503906 1564.710938 1275.076538 1012.945374 25068.214844 
29078.607422 2525.355469 1457.161377 1416.670166 34894.679688 
34572.531250 2347.216553 1419.267334 1418.364624 26078.710938 
19957.208984 1967.015747 1186.195801 917.336975 57630.867188 
24851.898438 2037.356812 1223.954590 1228.312866 26923.449219 
48449.519531 3645.122559 2281.483887 1409.258789 22773.847656 
34877.023438 2823.573730 1394.203247 1040.291138 23343.644531 
43075.527344 3477.692383 2593.465576 980.808472 28932.189453 
23556.357422 2712.465332 1735.768188 1126.721558 43842.593750 
23887.226562 2221.986328 1255.316284 770.993042 47429.070312 
19596.509766 1942.788330 909.167297 1156.478394 40022.480469 
30635.917969 2160.553467 1093.299194 742.407959 22812.646484 
29280.037109 2642.594238 1579.477905 1171.942505 38684.941406 
27879.847656 2566.591309 1548.391479 1544.149048 58154.296875 
24311.154297 1930.147583 970.313538 480.259064 33050.199219 
33955.652344 2737.537598 1909.979858 1540.266968 76209.085938 
29807.441406 2355.810547 1215.376831 944.973999 27322.759766 
22690.888672 2663.541260 1386.566284 1281.588867 65564.859375 
22692.023438 2296.926270 1302.648071 1063.606445 27295.490234 
18289.347656 1331.048096 819.065674 580.458130 28455.673828 
38786.566406 2980.272949 1547.769165 1366.461426 41523.484375 
18394.132812 2001.510376 990.774109 622.522217 43938.113281 
22482.667969 2090.460205 1215.968140 981.905701 39650.265625 
32552.839844 2503.190918 1894.455933 1173.018921 32129.140625 
45707.882812 2942.333252 1714.293945 891.135376 12795.896484 
17642.382812 1865.611938 1065.939697 800.541199 92688.601562 
31186.091797 2963.995850 1291.176025 631.537781 26279.148438 
21091.347656 2059.750732 984.867371 884.760986 34205.117188 
24433.335938 2270.404541 1584.288940 1256.090820 37652.722656 
15260.808594 1595.390259 881.962158 611.125916 30529.302734 
25936.990234 2311.639893 1584.109741 849.400818 30566.388672 
17289.050781 2086.809570 851.448364 537.799377 21378.552734 
26873.207031 2862.814209 1612.540039 1389.885620 30914.033203 
23194.058594 2283.400391 1285.863037 1226.310181 20874.328125 
38104.640625 2846.949219 1860.569824 1271.356689 12427.988281 
23626.986328 2217.835938 1342.336914 923.384583 24294.951172 
23222.693359 1956.263794 1074.127441 627.959900 24666.851562 
19983.500000 2490.777344 1099.737915 761.526489 25283.291016 
22691.490234 2291.014648 1241.093506 982.965332 29096.152344 
30399.021484 2233.947998 1302.487305 864.317261 15298.255859 
63251.281250 3908.211426 2379.961426 1267.948486 6185.130371 
37451.039062 2949.564941 1678.887329 2251.557861 21268.650391 
21296.609375 1938.425415 862.801758 772.344910 18102.750000 
24450.968750 1893.168091 1326.515747 1386.990723 17884.017578 
42828.789062 2422.888184 1365.150635 1099.025757 15267.395508 
61540.312500 4377.431641 2109.359863 1313.214355 13008.308594 
19844.888672 1715.529053 1070.755981 881.612915 23062.224609 
20200.140625 1648.578247 957.653198 484.164154 15117.621094 
65775.109375 3909.581787 1925.758179 1197.393799 6040.469727 
21463.751953 2553.138428 1212.036377 589.605957 16788.781250 
22242.210938 2021.477295 1243.489380 1713.651245 17029.935547 
45661.656250 3251.138184 1667.122437 1201.489624 16870.964844 
43583.234375 3231.345947 2130.219238 1228.181030 12750.705078 
16635.941406 1610.711792 1030.447632 707.166260 27313.826172 
22911.267578 1502.961792 690.192871 752.494995 27859.449219 
49763.718750 3038.284424 1974.909424 1026.936401 15248.639648 
19118.066406 1647.707642 644.908569 443.947052 15362.109375 
38073.121094 3352.062012 2023.599121 1377.863159 12401.795898 
50521.589844 3429.655762 2418.373291 2488.920410 6613.035645 
36554.949219 3487.233643 1709.630249 1161.694824 17404.955078 
18959.183594 1661.903076 858.469971 522.739197 23955.435547 
15066.299805 1308.811890 638.088623 599.606018 36162.882812 
24902.189453 2345.549072 1480.449951 1347.464966 24890.353516 
53912.812500 3331.112305 1754.199341 1239.122192 14635.675781 
22534.904297 1859.136597 935.196960 885.484863 16759.763672 
19365.583984 1513.367676 829.182129 595.838379 24370.507812 
25449.455078 2341.639404 1361.888306 1160.362793 24983.937500 
21709.246094 3873.520020 938.163635 841.868774 20799.148438 
24458.212891 2010.357422 986.627258 1061.581299 22367.695312 
35052.539062 3298.186035 1770.542603 2105.505615 23530.472656 
27147.369141 2044.082031 1003.977600 885.014404 25421.158203 
18304.166016 1796.346802 1218.107300 785.958130 24134.880859 
24537.031250 2685.982422 1183.620239 1227.411377 22222.398438 
22738.279297 2119.538086 1009.354980 870.492310 36360.839844 
29569.792969 2841.123291 1440.884766 746.846252 38524.003906 
19590.435547 1926.599609 908.728760 744.925842 27413.345703 
18169.773438 1620.159180 951.595642 678.683350 33514.882812 
20491.714844 1921.093750 1151.365845 873.536377 45281.585938 
29460.865234 2931.744629 1547.565063 1476.025269 20494.060547 
32090.500000 2670.612793 1407.125366 934.965027 34301.230469 
26478.906250 2103.032959 1210.628662 873.809814 20011.658203 
31770.597656 2605.016357 1602.378174 1389.898193 15897.015625 
29673.070312 2364.952637 1303.263550 1015.455750 29053.107422 
25177.287109 1985.124634 927.670715 741.196167 32069.199219 
17952.279297 1665.840454 1277.998169 706.396240 27119.564453 
17650.757812 1850.833984 1046.733643 870.391602 28614.755859 
24661.195312 2662.164551 1820.622314 1212.940674 37693.070312 
30160.441406 2138.056152 1361.137695 1048.656982 26963.341797 
31423.080078 2105.571777 1458.281616 1028.096558 23584.365234 
28252.492188 2581.935059 1739.308105 1297.630005 27350.349609 
53129.414062 3234.258057 1851.532593 1456.687866 19268.833984 
18451.634766 1395.752808 855.146240 569.994385 23473.857422 
25287.269531 2223.082764 1067.505493 453.719696 31265.751953 
27600.597656 2500.241943 1558.024902 1363.077515 21235.958984 
18546.931641 2026.033203 830.283691 476.691071 23388.212891 
18939.947266 2087.552002 1269.548950 999.894043 20832.087891 
26709.292969 2360.604004 1519.176636 1309.871704 32487.355469 
26123.281250 2380.399170 1766.167114 1061.191772 22959.033203 
18659.970703 1952.233398 803.627869 513.620544 16535.179688 
18096.136719 1641.979248 988.567444 530.927979 19842.175781 
28202.164062 1831.354370 1228.196045 810.882141 24916.205078 
27711.773438 3205.203613 1982.105835 1432.175415 42569.480469 
43146.437500 2712.769531 1847.841431 1170.059692 15129.343750 
44698.796875 3572.825928 2002.701416 1204.879150 15876.976562 
28600.509766 1880.121094 1028.763550 600.954163 22245.210938 
37109.546875 3103.571777 1914.529175 1288.153687 32544.103516 
49267.648438 3983.832275 1490.753296 1256.091064 15188.217773 
43918.355469 4026.882324 2567.639648 1550.186035 21130.847656 
20534.699219 1879.622559 876.367554 827.840698 31364.785156 
42133.542969 2919.866455 1883.681030 1460.630859 17266.876953 
26317.214844 2433.686279 1747.928223 985.539856 33879.937500 
22412.779297 2105.979492 1211.796997 1027.501465 31188.117188 
19857.593750 1651.391602 853.021790 688.761902 34599.957031 
47322.933594 3401.727051 2601.820312 3341.929688 22037.515625 
19247.654297 1829.476929 1147.440918 1272.657959 38049.398438 
19998.744141 1676.233398 877.883362 930.740479 56422.589844 
25817.544922 2379.596191 1413.567993 731.800781 40284.132812 
38874.238281 2673.878662 1702.451050 1545.172729 47114.375000 
71590.523438 5177.850586 4108.283691 2245.490234 23765.212891 
19038.787109 1668.886597 1000.445984 957.577087 86170.398438 
40245.019531 2936.864502 2181.858154 1482.302246 42370.593750 
29879.671875 2178.083008 1393.692749 941.283936 47816.820312 
28383.642578 2122.468750 1135.013672 808.247803 45855.703125 
31632.333984 1827.299683 1022.859802 925.083862 92043.445312 
60207.468750 4284.756836 3191.851318 2158.760742 45782.183594 
41384.785156 3201.721436 2714.284668 2324.758301 56255.382812 
27593.166016 2045.768433 1711.991333 1074.444824 59241.980469 
25992.248047 2918.471924 1600.264282 1075.671753 119737.773438 
26537.531250 2132.261230 1163.303223 1299.974609 49662.218750 
27199.134766 2049.916016 1289.557373 1256.640137 69705.859375 
30424.917969 2275.339600 1592.418701 1071.390747 23546.554688 
47653.640625 3362.463379 1985.886475 1763.629272 26318.234375 
26709.367188 2011.321899 946.473572 808.831482 61995.644531 
31012.222656 1828.047241 1304.464233 839.979004 28549.339844 
37066.789062 2914.941650 1626.018311 1073.380981 47077.187500 
37216.964844 3289.607666 2387.094727 1431.699585 37955.476562 
38032.625000 3099.224609 2234.900879 2171.504150 32559.205078 
21642.810547 1782.281494 916.056091 954.957214 79971.085938 
27402.757812 2792.424072 1195.505127 1216.713257 84001.828125 
32419.998047 2960.567139 1720.372681 1438.004395 133255.031250 
23308.123047 2224.474609 1162.830200 882.495911 109045.085938 
31883.291016 2430.541016 1242.486450 755.515015 74066.000000 
27429.740234 1831.358032 1114.648804 849.781433 57455.445312 
44091.488281 3739.300781 1846.513428 1289.458740 35521.863281 
26896.531250 2109.800781 1117.776367 1259.071289 117791.781250 
25177.994141 2293.657471 1240.463013 909.870544 115338.156250 
41855.816406 3917.302246 2101.841797 1764.437134 47329.210938 
22605.105469 1678.858276 1119.925415 768.849304 43774.906250 
19884.951172 1745.750366 760.088989 587.351685 65304.042969 
29977.337891 2522.325439 1672.871948 1440.159424 103229.703125 
27284.375000 2157.936768 1169.588135 1061.461182 42476.457031 
30625.533203 2670.062988 1719.083008 1144.483521 44741.894531 
36044.289062 3733.081543 1876.699341 1173.317261 45829.363281 
66857.671875 4964.323242 3078.584961 2180.239990 14657.916992 
23804.531250 1895.696167 991.607361 714.208130 60289.992188 
23684.916016 1762.966064 881.202942 585.168152 45183.324219 
18694.878906 1962.904297 1068.938110 791.673462 42199.195312 
16339.256836 3256.139893 1322.942505 1007.857483 50728.968750 
23158.466797 2302.048096 1307.499756 1026.332642 89374.046875 
29091.144531 2857.363525 1320.833496 1016.818298 44898.433594 
17429.394531 1686.576904 1194.333618 895.066040 38546.218750 
36104.425781 2604.811035 1456.183228 1247.866699 31593.994141 
25035.843750 2255.352539 956.534302 675.267334 63126.601562 
18119.996094 1635.553345 928.629272 498.717743 37704.398438 
29244.986328 2642.197754 1451.049194 1168.591064 54739.535156 
23650.052734 2259.296143 1003.862305 675.624573 44519.890625 
32730.345703 3289.142334 1563.289185 1427.925293 48897.015625 
62128.406250 4390.889160 3618.806885 3075.041992 11871.556641 
17272.580078 2015.328857 1212.147095 848.793213 53362.929688 
43455.808594 3400.399658 1779.400269 1546.622192 27302.414062 
27108.615234 2524.114014 1294.557129 860.963745 33207.648438 
24579.082031 3227.084229 1652.999878 1345.973511 57411.929688 
31456.433594 2531.861572 1534.619263 837.995117 37102.769531 
25146.257812 2320.547119 1620.804199 937.131409 28588.439453 
19635.738281 1539.963013 1020.626099 573.206299 38009.527344 
22459.740234 2391.128906 1309.408691 1288.802734 56315.511719 
18071.517578 1646.632568 862.095093 637.918274 33695.191406 
40967.992188 3038.182373 2089.271484 1383.416382 18528.648438 
25348.486328 1923.991455 1167.187134 900.585571 23623.449219 
20766.861328 2055.657227 1001.406555 692.851013 33063.421875 
20905.570312 1717.490356 1528.819458 931.233032 51324.835938 
27449.642578 2276.279785 1488.505737 1005.211609 31193.085938 
58317.148438 4068.624512 2208.577148 1612.341797 19910.056641 
32524.853516 2911.720947 1504.237793 935.942871 31939.306641 
51741.269531 3909.896240 2164.752930 1990.287720 17077.281250 
58346.285156 4070.033447 2285.395996 1537.430908 13326.327148 
42412.753906 3260.771484 2287.121582 1069.687988 24055.353516 
19832.685547 1722.287964 902.542969 1082.750488 22658.541016 
18842.689453 1684.099731 921.970886 674.066833 34691.968750 
26670.912109 2543.750488 1545.269897 1861.156006 43304.609375 
24091.785156 2030.244873 989.102173 772.088440 33735.621094 
17223.138672 1582.723633 783.524414 665.294739 71312.531250 
30035.128906 2703.139648 1338.496216 917.617859 38034.617188 
26942.070312 1856.973999 1264.484131 752.412537 73187.140625 
21784.623047 1742.666626 879.811890 708.871155 53238.203125 
19177.369141 2072.968750 1293.130859 1131.207153 86770.125000 
35335.539062 2598.946289 2105.549561 2031.329956 125416.015625 
31986.009766 2783.842041 1770.915039 1076.176758 132361.859375 
29367.345703 2232.833496 1342.336914 1100.147095 42370.199219 
34713.562500 2494.703125 1422.005249 1116.368286 203008.687500 
31049.289062 2377.680664 1491.149292 1176.364624 106714.890625 
60407.449219 4159.393555 3110.055420 2264.537354 16518.728516 
36807.433594 2888.800049 2072.987305 1535.922974 143405.187500 
40970.296875 2848.094971 1611.159180 1284.902100 39631.882812 
41218.406250 3106.075684 2105.112793 1741.660645 54231.796875 
33934.960938 3614.262939 2837.637207 2033.496460 219269.156250 
28863.519531 2225.344971 1287.795288 1391.174438 163657.390625 
26730.578125 2514.698486 1729.479004 1284.035034 150452.859375 
35190.687500 3430.804199 2291.231201 1857.314575 198294.906250 
31287.513672 2555.516357 1581.545166 1141.669800 99953.234375 
37281.777344 3243.515137 2135.200684 1299.739136 153586.328125 
48638.230469 3287.791992 2222.010254 2141.875732 26494.466797 
35204.250000 2671.225342 1555.710327 1402.617676 156795.484375 
28793.982422 1951.548828 1276.725220 895.171570 148408.468750 
42220.308594 2932.408936 2238.380859 1941.976929 48596.191406 
31754.957031 2716.253662 1870.380005 1302.500488 179838.843750 
63970.457031 5383.787598 3237.635254 2719.561035 16307.618164 
38583.140625 3121.285889 1895.487183 2085.743164 266569.781250 
30199.695312 2231.356934 1557.374268 1598.648315 135928.062500 
37742.625000 2066.327148 1261.949341 1317.354858 70769.585938 
24088.369141 1676.588013 1316.817383 1156.138062 122385.054688 
46114.968750 5398.264648 2276.516357 1720.915405 198124.796875 
35454.781250 2908.107666 1837.939819 1567.448120 234004.140625 
31268.607422 2549.229980 1614.260742 1804.228882 198959.343750 
41120.902344 2633.868164 1633.316162 1195.080933 73696.726562 
71642.156250 6489.302246 3506.320801 2534.626709 56343.484375 
28311.384766 1941.317627 1070.163940 784.143799 136644.906250 
26903.642578 1793.225098 1282.497681 903.346863 154307.750000 
40620.484375 3188.720947 2066.633301 1754.503906 176232.703125 
45430.226562 3088.723633 2184.838867 2032.582153 50716.476562 
58192.343750 4337.671387 3059.897217 2083.678955 38513.828125 
46620.601562 3848.028320 2944.530762 2499.233398 173428.406250 
67172.242188 5371.974609 3190.093262 2203.062744 37671.773438 
38673.992188 2761.757324 2205.742676 2113.869629 31667.271484 
26934.882812 2112.878418 1256.993042 1376.309448 174911.484375 
49601.746094 3666.744873 2667.053223 1622.675293 62586.402344 
39182.097656 4783.750977 2980.095947 1705.513550 119780.187500 
35211.070312 2419.442139 1802.939331 1669.035889 230616.609375 
36074.304688 2337.240723 1663.797974 1340.801147 55512.160156 
33044.792969 2221.587158 1453.357056 1187.156860 132241.656250 
75146.054688 5623.048828 2691.832520 2319.730957 31635.835938 
73521.359375 6369.182617 4231.406738 3496.920898 24218.908203 
33717.960938 2422.243164 1919.615356 965.416138 54576.214844 
62991.703125 5475.270508 4813.971680 4457.582520 27480.347656 
18129.083984 1441.417114 923.085999 690.675537 137086.468750 
42334.078125 3600.203369 2232.465088 2120.251709 124990.515625 
43699.441406 3066.309814 2220.035156 1466.330688 48172.882812 
23546.015625 2171.672119 1400.756470 911.941772 157274.046875 
42195.894531 2849.397705 1825.710693 1550.743896 63701.605469 
38216.722656 3091.895996 1656.827271 1492.876465 92081.632812 
28587.273438 2373.082520 1327.225830 1166.857910 154591.328125 
31586.937500 2146.831299 1423.274536 960.222046 107448.750000 
28424.310547 2091.631348 1294.056396 1025.240356 118132.468750 
30172.806641 2579.830322 1958.477783 1980.301636 46928.636719 
42377.578125 2731.303711 1910.587402 1881.512451 61885.484375 
30869.593750 2335.440918 1649.547729 1313.106812 138535.796875 
37684.066406 3203.684082 2298.739746 1803.703613 118710.195312 
37845.980469 3033.738037 2278.669189 1859.100464 145499.437500 
23573.255859 1954.006348 1387.434326 1020.383423 207338.375000 
47641.281250 3575.879883 2648.980713 1875.161133 37036.718750 
30508.583984 2938.144287 1737.367798 1629.770996 183481.953125 
27328.187500 2114.165527 1371.577026 1053.281860 140542.906250 
33236.613281 2573.900879 2171.292480 1592.682007 186579.625000 
48284.683594 3366.102295 1787.591553 1685.318237 40462.000000 
31149.615234 2424.595459 1926.266724 1351.889282 178957.890625 
48719.062500 3526.559570 2501.155518 2065.431641 33286.972656 
26083.748047 1680.665649 989.597351 781.149048 125916.554688 
31715.900391 2931.460938 2298.863770 1680.220215 225163.515625 
35167.710938 2698.886719 2295.557129 1489.686646 212591.890625 
27497.039062 2289.329590 1483.338135 1181.123291 124504.265625 
60334.714844 5180.205078 2198.528320 2402.476807 28924.839844 
51414.917969 3904.128418 2777.508789 1881.515747 43249.863281 
34665.285156 3282.266602 1888.537109 1415.459229 190722.312500 
34695.472656 2202.204346 1525.241821 1037.308594 70804.164062 
36301.250000 2160.499268 1332.747437 968.275330 163729.343750 
58351.867188 5319.771973 3953.292969 2449.055664 17601.542969 
38163.960938 3188.008545 1988.925049 1967.918945 154275.593750 
25738.429688 1973.912720 1193.802612 983.221985 103845.945312 
29923.072266 2305.632080 1481.399780 1118.670044 144261.968750 
31497.144531 2684.514648 1644.666870 1539.691162 159557.734375 
60097.015625 3953.939209 3152.264893 2359.028076 23138.003906 
36518.531250 2698.563965 1834.084595 1384.718262 97169.585938 
32910.609375 2528.179443 1578.528687 975.466431 187694.437500 
51776.031250 3661.821777 1919.103638 1412.679443 53329.808594 
33900.460938 3143.928223 1561.478271 1721.968872 69434.406250 
25193.423828 2051.173584 1280.763062 944.122559 172253.109375 
24409.675781 2279.089111 1461.499634 998.034851 146923.015625 
37872.031250 2680.851562 1600.399170 1240.915039 158559.937500 
30666.019531 2543.985596 1446.801392 1396.029907 221363.765625 
25482.820312 1749.839355 1448.456909 1174.923950 149104.625000 
22535.238281 1753.761353 1194.856201 923.876465 121494.453125 
66962.414062 4350.820312 2892.408936 1584.388306 22568.437500 
41579.636719 2859.270752 2054.680176 1464.370728 45075.542969 
50178.207031 3117.666016 1669.007812 1206.838867 43322.050781 
28324.742188 2133.664062 1363.206787 1266.266357 104360.921875 
30460.705078 2522.251953 1525.176514 1184.384399 246958.562500 
27403.322266 2177.813232 1226.579712 987.962402 152343.156250 
30967.783203 1924.084839 1362.345581 1108.452026 74353.429688 
25642.228516 2675.533936 1256.611450 1056.068726 186712.390625 
30586.287109 2384.105957 1340.266724 1156.122437 109197.109375 
39625.570312 2892.911621 2223.803711 1825.369751 34582.359375 
34447.957031 2350.781494 2058.415771 1934.649780 112121.929688 
24047.601562 2151.854980 1647.978638 1035.533325 152723.515625 
63272.277344 4597.048340 2582.329346 2369.655273 16567.761719 
30355.171875 2150.950928 1345.099731 981.520020 114974.593750 
36882.066406 2985.461182 1621.120239 1503.988281 177270.656250 
31560.902344 2827.625244 2127.398682 1518.684204 132099.125000 
37365.179688 3001.605957 1830.678955 2195.502197 57039.972656 
41404.429688 3008.804688 1954.681519 1470.199829 139601.953125 
30366.621094 2608.067627 1751.829468 1438.572632 155770.375000 
23793.923828 2354.973389 1393.878540 1163.291748 166932.140625 
29991.103516 2139.251709 1366.871216 871.916199 145799.843750 
29456.277344 2207.906006 1432.541260 840.818237 129742.179688 
31756.087891 2117.662109 1484.992432 1174.206055 81372.421875 
45641.574219 4057.339111 2384.857422 1971.658569 22250.382812 
39450.570312 2632.142090 1906.546021 1649.857544 38956.765625 
40392.375000 3375.593506 1767.833862 1834.503784 86752.218750 
30825.332031 2056.573242 1168.689941 944.420105 43850.070312 
32463.488281 2252.231689 1425.874512 1044.911865 38597.109375 
24688.064453 2317.419189 1350.132690 1058.756592 136455.031250 
24787.503906 2128.936035 1256.156860 1038.546875 135597.718750 
23712.611328 1889.598877 1276.707886 921.770081 97164.109375 
38247.472656 2735.437256 1874.365356 1835.239502 75218.601562 
31827.673828 3155.139893 1764.259888 1498.734863 75904.320312 
33812.191406 3224.637939 1891.707764 1610.974243 169663.234375 
42414.679688 3387.029297 2400.013184 2135.767090 140400.968750 
44529.597656 2700.899170 2124.155518 2021.224121 32479.160156 
32883.976562 2131.255127 1464.703613 1168.777832 26991.107422 
63014.820312 4372.612305 2391.031738 3056.528320 30563.992188 
32521.435547 2663.325684 1443.929565 1285.283081 58410.531250 
39862.726562 2850.355225 2171.715332 1557.270630 154642.953125 
24764.734375 2106.154297 1146.058472 980.801514 90946.828125 
27938.962891 2315.497314 1721.921387 1074.256714 37264.136719 
24477.794922 2263.964844 1477.345825 980.716614 138201.187500 
25790.646484 1730.885498 1279.350220 1055.300781 119499.132812 
45335.242188 3392.811035 2093.289062 1621.702148 35183.296875 
32221.324219 2527.205322 1656.415894 1386.864868 65011.718750 
62001.000000 5917.722656 2584.052979 2345.595459 17252.195312 
44645.570312 3528.112305 2108.569580 1367.221313 40481.164062 
31432.423828 2206.530518 1296.245850 785.596680 39910.761719 
30961.886719 2866.218506 1446.318481 1609.052124 114705.773438 
32480.607422 2639.427979 1879.534546 1682.991333 87222.289062 
48319.406250 4097.111328 2280.899658 1538.716675 52433.683594 
23448.148438 1907.652832 1020.639954 790.709961 120186.765625 
25117.654297 1769.127441 1093.443237 737.005981 72827.429688 
23533.378906 1959.711304 1302.140381 1213.902710 134163.625000 
35478.960938 2720.431641 1944.539062 1832.161865 67532.507812 
35261.195312 2404.743896 1305.392456 977.057251 51635.398438 
36713.843750 2537.743896 1731.276611 1169.139404 60437.109375 
30108.599609 2295.118164 1118.609863 823.446106 140808.125000 
38238.515625 4947.778320 2419.328613 1619.303467 95403.085938 
26874.433594 2567.204102 1370.896484 1310.131348 177653.171875 
32114.050781 2284.624512 1239.447754 1267.111084 80728.507812 
26790.984375 2308.807129 1266.270386 1097.740845 103271.593750 
33766.109375 2139.767334 1420.115112 1599.589233 116254.773438 
29987.927734 1774.073120 895.143311 721.067139 125259.460938 
27024.945312 2372.100586 1060.595459 836.106079 94627.304688 
34628.375000 2736.725830 1709.719849 1428.485840 102047.351562 
22257.779297 2337.130615 1202.010376 1036.983521 97108.960938 
47360.031250 4310.671875 2113.526611 1682.577515 67333.234375 
31529.791016 2935.054199 1368.849854 1047.972656 148764.281250 
28291.865234 1951.419067 1294.109131 972.851685 99009.460938 
26328.384766 2353.112549 1282.188965 986.072327 112710.007812 
27706.033203 1834.269531 1006.979187 768.847290 118582.640625 
23949.787109 1957.766113 1345.921997 1054.951172 103717.078125 
29652.908203 2187.586426 1434.858398 744.889160 87349.742188 
35469.800781 2300.289307 1496.923950 1034.731567 64489.144531 
27612.097656 1884.738403 1338.589722 1101.635742 68764.351562 
28110.091797 1907.226685 1280.333008 992.420898 64313.171875 
23616.751953 2216.272705 1490.603394 965.947693 108568.117188 
20054.480469 1505.213501 918.940491 963.757568 83377.796875 
19714.541016 1769.664062 1029.634399 750.302368 103137.929688 
34705.066406 2881.253418 1893.182983 1555.957642 81211.414062 
34536.250000 3033.002441 1699.237549 1815.565308 58196.753906 
42203.593750 3083.861572 1667.334839 1355.866943 29620.691406 
27874.884766 2436.659424 1380.257812 1126.455444 127226.234375 
26284.951172 2045.356689 1268.797363 926.012207 147633.609375 
39128.355469 2687.197754 1722.741089 1674.297363 41919.964844 
29640.412109 2698.922363 1871.114258 1629.802979 69001.320312 
26846.199219 2145.944092 977.122498 746.246399 125155.125000 
23667.960938 2250.625244 1572.978882 1162.424316 119299.804688 
21234.015625 2151.097168 1393.660034 1379.166748 35703.878906 
24385.794922 1949.814453 1366.566406 1131.003418 170720.484375 
24975.794922 2343.357178 1471.018799 1422.394775 117568.789062 
32183.892578 3037.157959 1665.307373 1485.865967 51519.917969 
39204.328125 2762.072510 1869.675293 1572.413696 44246.882812 
27057.599609 2346.352783 1446.224243 1309.598877 101142.578125 
41405.828125 2789.705811 1686.283081 1176.162109 49615.039062 
24568.328125 2190.606934 1383.800903 910.416382 122970.851562 
25709.267578 2495.075439 1338.236084 1143.211670 137355.250000 
24805.802734 2043.091797 1150.641113 898.396118 56235.761719 
30847.062500 2172.706299 1420.065918 788.918213 61402.980469 
40506.585938 2817.655518 2197.083252 1217.211914 53680.789062 
32996.593750 2402.759277 1464.161133 1494.924805 52001.640625 
26651.593750 2967.405762 1713.958862 1250.353394 85898.093750 
39164.257812 2687.290771 2148.915527 1672.531494 36864.570312 
44748.980469 3090.858398 1696.209351 1598.832886 32169.851562 
24864.841797 2181.416260 1220.186523 1075.589233 49632.246094 
19768.974609 1853.612183 1090.426270 765.910522 95191.437500 
42527.621094 3181.568604 1912.008545 1253.824585 21260.283203 
20509.669922 1554.667480 1212.847412 751.709961 83286.281250 
24114.109375 1893.525269 957.362610 683.026855 117990.742188 
55812.878906 3826.294922 2872.234375 2650.354248 41184.937500 
28977.300781 2246.418457 1359.962891 1111.877441 64441.957031 
44650.406250 3116.375000 2474.929688 1518.967285 31108.042969 
23123.759766 2022.349731 1142.485352 947.415833 88014.234375 
33900.960938 2633.351318 1649.847900 1326.602173 62620.785156 
22141.835938 1980.616333 1268.970703 964.360352 83105.710938 
26315.853516 1926.446899 1112.224731 613.722473 90744.320312 
60850.394531 3843.947510 2595.370361 2281.805176 12453.961914 
26938.818359 2008.681274 1524.838989 1027.508667 67907.687500 
30654.017578 2308.626221 1358.234741 915.843628 58691.000000 
28573.947266 2051.973877 1363.548584 856.607788 62025.167969 
24569.142578 1905.484497 1179.272827 860.848450 61529.691406 
33527.781250 2560.610352 1693.782959 1688.751465 29220.839844 
25394.029297 1900.520142 1166.587646 737.286011 66674.226562 
54744.617188 4449.588867 2898.421631 1927.198120 24379.189453 
24493.033203 1592.393066 944.627136 588.036255 89467.859375 
24183.410156 2023.578247 1024.143311 897.891846 66280.820312 
26734.564453 2224.444824 1897.008789 1038.583252 71525.703125 
32726.039062 3538.050049 1887.544922 1635.604492 106129.804688 
25652.009766 2192.768555 1235.317505 1050.110840 67231.070312 
29892.128906 2655.633789 1579.939331 1353.397827 52838.195312 
24508.628906 2295.640137 1372.189697 1197.399292 103907.812500 
19639.458984 2125.734619 1101.494507 837.653137 54620.101562 
22092.107422 2306.469727 1137.194092 1000.697571 79973.554688 
31189.728516 2403.816895 1746.343018 1508.134644 27810.443359 
20406.603516 1700.673584 1023.822510 1195.018433 71179.234375 
21536.615234 1560.771973 905.885437 714.672668 55427.828125 
26647.677734 1997.800171 1527.480957 1071.340576 80049.656250 
27000.433594 2388.729736 1732.282715 1537.773804 110522.093750 
24903.566406 2047.653687 1212.472534 960.555420 112881.687500 
25246.943359 2201.875000 1642.820923 1168.851929 113839.664062 
63428.425781 5135.614258 2607.680176 1994.517578 19713.320312 
59028.683594 4111.398438 2506.342529 1759.328247 18229.623047 
27871.078125 2312.813477 1172.727539 1119.942017 111276.625000 
24921.746094 2056.672852 1260.285522 877.424011 73317.078125 
28421.666016 2292.989502 1412.618408 1255.490356 59948.207031 
26925.341797 2017.649658 1044.242065 825.147644 59897.925781 
22578.923828 2480.894043 1497.671143 1434.378418 93365.140625 
27191.238281 2116.272461 1087.844482 882.589661 75980.476562 
66537.546875 4891.548340 2824.060303 1791.127075 32867.933594 
26514.294922 1842.081055 975.532654 674.563843 76665.359375 
36608.898438 3878.759277 1888.508301 1535.065796 36066.917969 
28452.847656 2496.790527 1726.044556 1224.823486 81661.085938 
28061.771484 2169.613770 1510.972656 1220.805054 60155.332031 
22902.445312 1946.253174 856.574707 687.779175 55679.250000 
30697.839844 2361.061035 1592.358398 1375.682251 44636.640625 
34915.281250 2943.635742 1466.668457 1096.714966 59065.070312 
37357.062500 2637.488281 1750.068237 941.244507 41631.539062 
23706.267578 2032.976685 1162.856934 989.886475 58038.687500 
20844.255859 1798.175781 884.169922 638.225281 92229.859375 
30084.509766 2030.849976 1410.079224 1139.773804 72112.437500 
36655.468750 2638.159180 1504.959595 1183.176880 61045.097656 
60592.875000 4676.328125 3480.698486 1985.307495 17052.699219 
17850.320312 1603.387085 1063.276611 1017.588196 69971.679688 
25857.210938 1616.303589 947.019958 617.753723 68558.007812 
29455.884766 1879.794922 1265.356812 1004.543152 70245.734375 
34082.820312 2494.658203 1545.583374 989.377319 45984.296875 
41632.628906 2887.369873 1682.516846 1375.116333 32592.132812 
26167.925781 2056.343262 1398.269897 1199.417725 35389.234375 
30561.949219 2323.108887 1302.428589 817.799988 62199.976562 
22077.957031 2071.419922 1123.342407 796.124023 85929.132812 
24392.470703 2326.490234 1034.948486 658.303955 73921.289062 
22424.738281 2210.622559 1761.168213 1207.644653 62983.988281 
29403.017578 2698.303711 1305.478149 836.916138 74789.593750 
20347.587891 2460.832275 1464.333374 1155.498169 69845.414062 
41783.890625 2763.191895 1873.418213 1701.584839 25405.478516 
25070.496094 2551.164307 1221.289185 948.231384 65646.312500 
25662.871094 2185.218750 1173.702271 990.634583 44031.710938 
36423.636719 2684.742188 1335.350708 1471.189697 25913.695312 
35154.289062 2113.264404 1055.622314 820.875183 47478.464844 
23229.650391 1662.956665 1186.158691 741.680969 39125.234375 
26934.636719 2379.000000 1219.357300 889.670288 30059.271484 
20130.148438 1674.104736 964.817505 728.653381 58274.574219 
53043.230469 3238.477051 1788.139893 1372.667114 15587.330078 
23741.728516 2184.273926 1068.041748 948.956177 78617.328125 
26206.554688 2007.337646 1160.580811 910.893921 56046.343750 
17967.199219 1493.848877 889.057312 686.989136 59097.589844 
27654.132812 2471.166016 1218.954712 722.102905 29601.115234 
36445.218750 3018.264404 2004.898438 1322.785156 26858.447266 
25437.548828 2508.013916 1695.859009 1076.318481 51043.257812 
24589.681641 2594.871094 1096.722290 1047.101440 65586.570312 
20542.449219 1431.613281 776.911621 514.966553 38806.199219 
16080.365234 1514.941406 800.455688 613.949829 35466.734375 
57941.937500 4134.473633 2633.440186 1033.975830 18689.763672 
30493.933594 2508.024658 1460.279297 2111.743652 30748.427734 
22966.015625 1910.113525 1334.135376 913.375610 23078.291016 
26261.929688 2366.528809 1322.974731 1048.705566 46219.828125 
34588.796875 2680.849854 1608.456543 1054.478882 29797.888672 
25709.277344 2810.908447 1442.427612 1011.715515 51668.343750 
24419.212891 2013.515381 1032.946167 843.644287 56390.101562 
29271.285156 2362.764160 1963.675781 1195.984375 74021.125000 
35726.183594 2663.145996 1306.562500 1094.457153 30281.449219 
27430.882812 2136.979492 874.616272 605.024414 66967.921875 
21673.841797 1709.449219 1154.955322 993.364807 33114.515625 
22112.619141 2242.012207 1446.810059 950.676941 55824.753906 
34263.011719 2632.489502 1652.872314 1517.740601 26589.677734 
23818.167969 1663.016724 958.839355 636.925781 58762.515625 
35127.039062 2740.589111 1776.197266 1278.562500 45137.484375 
29313.457031 2717.722412 1588.833618 1125.396606 52337.566406 
26936.218750 2498.033447 1378.597046 1384.637451 43836.652344 
40494.015625 2396.525635 1982.223022 2196.059082 25097.152344 
60228.730469 4662.235352 2963.649902 2138.475098 11790.452148 
22867.867188 2036.320679 1073.980957 937.657227 39590.671875 
27995.310547 2205.854492 1432.542358 698.527649 25570.531250 
25976.314453 2226.729736 1124.655884 874.984985 56895.789062 
17984.416016 1722.058105 1369.426270 761.066040 56370.582031 
27359.333984 1970.038208 1511.088257 1101.084595 38586.398438 
39801.187500 2855.827637 1702.355347 1365.342529 19411.791016 
23732.253906 1934.643311 1447.646240 860.535217 51243.035156 
29719.490234 1923.440308 1032.138916 580.849121 50124.121094 
33017.804688 1956.214233 1068.585327 754.837585 69363.367188 
21150.695312 1748.774902 1034.710693 612.665588 64840.136719 
41957.906250 2833.815430 1395.271729 856.177063 18776.701172 
50977.457031 3385.422852 2074.697021 1933.947754 23555.003906 
26973.115234 2479.017578 1459.068726 1005.699585 35545.777344 
32703.568359 2585.020996 1444.205811 988.055969 22845.042969 
18090.332031 1743.574097 1164.076416 757.720642 38139.367188 
23869.533203 1885.380371 1086.812012 947.516357 98531.000000 
23201.849609 1715.424438 1072.140503 758.809387 57132.765625 
20749.371094 2333.885742 1179.784546 1041.704346 77418.054688 
24643.701172 2620.440918 1291.637939 1412.606079 33023.308594 
29664.222656 2306.931641 1175.840576 1090.136230 64167.429688 
51228.648438 4403.128418 2783.490723 1608.944336 12895.438477 
47138.144531 3023.100586 1705.807129 1316.728027 14711.105469 
55737.449219 4113.991211 1689.011108 1341.468018 13082.553711 
15736.109375 1133.086304 750.412781 419.121674 35354.503906 
19122.265625 1919.208252 1237.108521 1231.607910 82474.609375 
16521.050781 1477.659302 794.570557 461.015411 36905.226562 
23295.396484 2077.246582 1492.082153 1056.824829 60823.460938 
24055.283203 2182.964111 1677.652832 904.710693 40227.656250 
69042.648438 4305.214844 2654.384766 2767.204590 12448.827148 
34714.457031 2470.998779 1536.796143 1073.299683 42415.855469 
21981.853516 1956.374512 1317.930908 908.708984 33438.421875 
42216.152344 3485.378418 1748.189453 1441.306152 43507.113281 
33305.664062 2718.558838 1634.315674 1120.992676 30877.722656 
35584.382812 3248.305176 1743.828979 1291.306274 24358.314453 
24580.800781 2212.624512 1227.088745 995.518250 57988.757812 
19861.787109 2426.370117 1182.314941 911.999512 79362.757812 
20375.402344 1588.762817 1201.770996 833.163635 64095.750000 
23161.750000 2117.729248 1125.159180 1038.126953 49692.578125 
56981.242188 3979.833496 2954.337402 2028.978638 14112.957031 
22771.310547 1970.196777 1164.685913 742.258789 33650.121094 
22253.982422 1839.480347 1408.879395 863.290710 79004.109375 
17510.574219 1575.414429 798.981445 553.642639 37622.656250 
23610.955078 2250.060059 1301.323120 1115.599121 99547.585938 
53475.925781 4723.105469 2131.964355 2331.973633 18350.402344 
36748.609375 3228.791504 1533.574585 992.380005 15310.193359 
38244.507812 2669.966553 1756.724731 1016.495361 31541.019531 
45693.355469 3304.424072 1752.825928 1409.687866 18764.255859 
27753.669922 1959.579346 1397.315552 1165.185303 18626.580078 
20844.652344 1975.470581 1295.258545 850.408813 46621.281250 
25286.837891 1778.016968 1033.996704 593.821899 27611.291016 
26083.556641 2137.857422 1464.072144 1356.685669 80502.218750 
19686.853516 1751.090942 1096.536865 832.854370 60870.328125 
51518.472656 3945.393799 2245.482422 1296.741943 17355.734375 
24955.283203 1773.079956 865.242493 905.992432 29187.529297 
28693.789062 2215.558594 1343.362183 1213.974731 35375.320312 
33557.863281 2609.257324 1269.331665 1551.694092 42186.335938 
48162.843750 3821.504395 2225.153809 1760.275635 21839.416016 
21210.582031 2233.651611 1093.793701 791.427979 49707.101562 
48791.570312 4120.708008 2078.835938 1474.463989 18674.308594 
18026.544922 1427.117065 785.933533 524.338501 50581.886719 
17917.007812 1624.515747 1018.466248 983.571899 48189.761719 
26896.605469 2718.895752 1733.231323 1363.319458 51086.222656 
19468.037109 2003.199585 1418.389648 838.144958 46560.785156 
16706.154297 1513.220825 809.387878 562.749390 33846.066406 
32505.642578 2427.295654 1446.336548 1152.307007 54736.792969 
24468.371094 1935.951050 1094.231445 938.473450 36323.050781 
19808.126953 2162.721436 1179.013428 872.350220 23011.574219 
20678.019531 2241.532959 1285.898071 864.082642 43038.109375 
45097.691406 3069.850342 1522.577393 1568.710693 27354.568359 
21440.642578 2175.431885 1127.168213 814.569336 31210.427734 
26082.466797 2426.547119 1333.488647 1405.075195 33139.902344 
26261.597656 2133.046631 1453.494385 951.567749 39253.625000 
24469.921875 2165.033447 1025.250610 688.097839 29333.859375 
34965.273438 2806.704834 2102.421387 1837.222290 26134.232422 
43890.261719 3321.482178 1767.019165 1380.760742 19473.640625 
22809.005859 2383.205322 1206.977173 670.875854 26305.314453 
21689.753906 1763.021240 1391.729126 943.140808 55757.515625 
29884.326172 2391.757080 1213.152100 1006.439331 25062.591797 
20487.125000 1912.239502 1012.154236 814.856323 43221.070312 
20199.671875 2081.170410 1167.902100 682.687622 33768.542969 
25675.916016 1772.866333 998.882751 735.241943 20302.949219 
19955.398438 2150.437988 1526.880127 1073.479980 42799.855469 
60181.785156 4662.322754 2942.140869 1630.729004 18807.011719 
27566.949219 2150.005859 1405.151611 1178.786865 39735.125000 
59478.691406 3654.128906 2756.897217 1519.328857 8542.052734 
16942.115234 1759.867188 1629.765503 891.074768 58771.382812 
33525.683594 2642.534180 1687.762451 1128.873047 23857.578125 
27998.113281 2239.343994 1301.623413 863.916565 21945.255859 
21435.714844 1810.875488 1180.622437 735.813232 56181.800781 
28805.298828 2001.604614 1035.184692 737.814575 28162.248047 
18879.990234 2126.242676 1075.294189 1082.592285 55020.769531 
44306.390625 2986.573975 1702.868164 1336.107910 14704.643555 
23143.951172 2146.064453 1321.215576 1193.627319 45325.054688 
29033.490234 2203.859619 1329.874023 768.618103 25304.375000 
28034.494141 2477.934082 1456.373047 1763.386108 29817.152344 
23417.083984 2197.046143 1238.844238 895.544861 56568.496094 
41835.773438 2823.938477 2154.868896 1466.582886 23070.613281 
50492.679688 3189.161865 1773.568970 1471.214600 8768.171875 
32528.683594 2076.379883 1191.958862 815.923096 35259.386719 
21197.900391 2075.953125 1962.634277 1605.239258 37732.765625 
67733.367188 4727.708984 3418.200439 2784.549316 19538.400391 
22236.503906 1820.425659 1226.026978 941.726746 33119.941406 
18065.943359 1552.279541 954.012512 831.687988 82939.695312 
34310.941406 2302.936768 1515.583252 1667.735474 24128.646484 
33488.011719 2197.333984 1115.574829 905.388855 18915.189453 
30273.667969 2273.865479 1389.414917 954.284546 28818.646484 
27947.792969 2023.814697 1075.028076 861.570435 41319.152344 
21532.593750 1828.619019 1174.640503 801.891785 28652.958984 
22860.593750 2099.228760 945.293640 646.862854 32726.480469 
26906.646484 2428.970703 1391.413696 1169.823242 66118.960938 
29634.826172 2331.048584 1362.932739 1096.363892 26112.871094 
52278.523438 3315.153564 2567.192383 1541.540649 24767.164062 
26799.783203 2757.866943 1455.732666 1470.622314 80361.882812 
21647.984375 2097.081543 1442.108887 1009.720032 29110.458984 
23474.330078 1912.582764 1000.217834 643.828491 29494.849609 
28769.679688 2494.037842 1438.242432 835.002075 36699.570312 
58243.328125 5035.203613 3477.427246 1566.886108 20665.062500 
18733.507812 1480.417114 851.841431 747.419189 33072.906250 
23344.226562 2235.813232 1454.664185 928.005920 65374.320312 
24667.738281 2244.308838 1456.524170 1125.901123 24054.554688 
43190.671875 3014.671875 2262.514404 1413.524658 23688.007812 
45335.316406 3433.415771 2335.016357 1405.776001 17201.970703 
22147.003906 2537.050781 1291.471313 1190.071289 42803.035156 
22318.634766 1871.886963 1099.456787 618.896851 45922.125000 
16974.457031 1587.760620 848.602539 902.128967 64444.785156 
35522.941406 2192.544922 1421.292603 962.363953 24383.958984 
42347.058594 2800.414307 1977.504272 1830.638184 31616.900391 
22369.904297 2214.316895 969.585388 1019.546692 52041.539062 
28972.833984 2259.029297 1313.225464 1431.153198 56302.972656 
22865.435547 1845.255371 998.642090 545.793457 35689.433594 
27305.248047 2340.841797 1361.360352 743.869751 43080.859375 
25755.871094 1890.617798 940.939880 773.249268 47510.144531 
17995.742188 1570.386719 1102.935913 666.761841 38001.085938 
20396.712891 1600.034790 1066.945435 713.455139 68883.179688 
28915.103516 1965.686523 1235.434937 645.501892 22588.021484 
20181.966797 1579.869385 825.266235 1040.540405 45747.468750 
17836.337891 1828.343018 1204.430298 1043.335815 52486.796875 
49073.566406 3870.864746 2235.255371 2007.190674 21009.453125 
26271.410156 2209.248535 1362.689087 1032.822388 47780.230469 
28599.017578 2624.488281 1346.276367 1251.347656 34498.101562 
20153.367188 1515.675293 1897.144043 1184.941162 49414.000000 
15756.580078 1372.588501 911.196960 420.427002 28164.169922 
17414.322266 1666.438354 1217.869263 762.372803 33033.816406 
47940.718750 3869.261475 2199.629883 1640.460449 7895.544922 
24854.468750 2081.988281 1268.284302 890.882141 50455.343750 
19864.652344 2079.960449 1106.596191 820.796448 49577.695312 
19244.187500 1478.162842 1020.182617 748.864929 33398.152344 
39168.464844 2519.502441 1489.017944 1143.269409 28124.675781 
26660.328125 1987.653809 1486.805786 1271.884277 29458.666016 
20676.171875 2218.000488 1247.051270 989.065735 41731.183594 
18823.236328 2149.246094 1375.784668 1068.101074 24407.068359 
24213.845703 2259.803223 1295.290894 973.719971 31509.835938 
53727.710938 3989.730713 2215.788574 1313.622192 18956.365234 
38548.304688 2861.689697 1366.893799 984.917908 30106.136719 
20718.689453 2105.304199 1144.869873 769.504211 34322.265625 
25071.525391 2650.063965 1339.522217 804.412659 51007.757812 
25903.074219 2265.316162 1420.539429 1106.955933 48287.546875 
30832.125000 2010.786743 1449.841919 771.275574 25215.861328 
46665.882812 3476.525391 1877.034912 1530.008179 25283.291016 
25470.998047 2061.056152 1120.320679 798.027771 44884.589844 
60305.289062 4213.515625 2391.269775 1492.712280 11631.365234 
37032.496094 2339.056152 1137.364746 833.614929 22187.869141 
32716.726562 2295.431396 1400.801880 1125.161743 30209.378906 
70244.218750 4517.436035 3376.986328 2478.586914 21377.333984 
40357.933594 2567.182861 2179.503174 2350.769043 37898.636719 
31224.021484 2086.180176 1400.469238 1291.077271 19765.521484 
60546.339844 4413.578613 2856.547119 2548.149170 24527.552734 
20989.525391 1888.443237 935.903076 690.607239 22813.656250 
30806.361328 2233.820068 1390.163818 993.835938 30381.746094 
20910.203125 1970.084961 1066.308594 761.741516 48155.851562 
17003.367188 1492.411377 964.725952 900.932495 78080.335938 
37341.261719 2714.141846 1829.824097 1427.992432 34428.832031 
31703.546875 3303.960449 1850.915405 1148.477539 41340.292969 
26887.728516 1876.455200 1343.165039 999.546326 29905.595703 
23077.761719 2255.038574 1200.290039 1120.593628 55248.699219 
24790.496094 1862.778687 1263.993652 1251.941284 32989.187500 
26117.535156 2352.553711 1724.742432 1163.758179 27761.912109 
30380.400391 2597.846436 1860.462524 1638.995483 43930.710938 
19929.265625 2219.753906 943.548218 713.697021 48774.429688 
28930.701172 2045.878174 1199.809570 936.385681 37343.308594 
20488.160156 1835.497314 1036.520996 750.766968 46455.042969 
41019.507812 2828.806396 2063.334961 1926.429810 6997.220703 
19575.312500 1630.966919 837.091919 562.703979 32104.064453 
18875.722656 1484.001709 931.474243 568.406067 53523.121094 
36218.511719 3614.407959 1790.422852 1573.512695 26786.718750 
