80.210167 66.580124 72.985703 92.807823 69.517540 0.000000 
80.695244 82.419800 80.277168 86.693840 65.564484 0.000000 
83.998642 72.394547 75.961937 71.372337 74.985420 0.019782 
72.395569 59.715084 66.756104 73.368050 62.668884 0.027976 
78.344658 78.368942 74.901169 72.920120 68.859436 0.000000 
84.307701 72.729263 66.085762 67.964554 67.584625 0.000000 
84.330688 65.927811 71.965034 72.518112 66.091835 0.000000 
81.843689 65.876762 71.067879 67.738968 63.991493 0.000000 
83.172218 64.113640 63.456585 64.468826 65.993423 0.034264 
81.102310 71.291557 79.558746 76.607834 77.350235 0.027976 
85.155426 69.628891 70.675354 70.141594 69.168686 0.000000 
80.566910 77.555267 78.537880 78.176079 68.485497 0.034264 
87.922302 68.805779 66.598503 77.563812 74.328659 0.000000 
82.922974 77.176125 81.432190 76.158157 66.772827 0.000000 
81.244896 79.539032 82.719315 89.390259 65.326004 0.000000 
86.541397 69.151169 74.740089 77.100716 66.590408 0.000000 
85.646492 81.669342 78.378502 89.979965 79.700310 0.000000 
84.573608 74.231194 71.502739 73.254799 64.920807 0.000000 
80.529015 67.642845 66.235481 66.515968 63.762074 0.000000 
87.103745 74.073784 78.293686 83.773346 66.400131 0.027976 
