4.135018 
4.121974 
3.708367 
3.999259 
3.980362 
3.914258 
3.817097 
3.815519 
3.885747 
3.694725 
3.811938 
3.884392 
3.767772 
4.032601 
3.940053 
3.977829 
3.867437 
3.917546 
3.949067 
3.978408 
3.704072 
3.833571 
3.870364 
3.771554 
3.847826 
3.934190 
3.865499 
3.749516 
4.091748 
3.854885 
3.935083 
3.942827 
3.920761 
3.881603 
3.799144 
3.821397 
3.868481 
3.833582 
3.807141 
3.850701 
3.955077 
3.759581 
3.770198 
3.935647 
3.876463 
3.939143 
3.861180 
3.863521 
3.914219 
3.829191 
3.855243 
3.821876 
3.929642 
3.909490 
3.816890 
3.934605 
3.710515 
3.915990 
3.899977 
3.867027 
3.818992 
3.801474 
3.976007 
3.824717 
3.798685 
3.842826 
3.752398 
3.795274 
3.866552 
3.993369 
3.875098 
3.815391 
3.823504 
3.775901 
3.772019 
3.921061 
3.952387 
3.745227 
3.896905 
3.808925 
3.862785 
3.805653 
3.876657 
3.841926 
3.895813 
4.002313 
3.891906 
3.771121 
3.811764 
3.855479 
3.727986 
3.803916 
3.854831 
3.851248 
3.723361 
3.834510 
3.818853 
3.809201 
3.856384 
3.791318 
3.811423 
3.885291 
3.778440 
3.764955 
3.776751 
3.762856 
3.800844 
3.749435 
3.760074 
3.932915 
3.806902 
3.928158 
3.864748 
3.844766 
3.768317 
3.972135 
3.760685 
3.746408 
3.856199 
3.738923 
3.893593 
3.643762 
3.995884 
3.763083 
3.900105 
3.766618 
3.782479 
3.791716 
3.734905 
3.570859 
3.693723 
3.725598 
3.721738 
3.401763 
3.980981 
3.438287 
3.770859 
2.960727 
3.309647 
3.873252 
2.900216 
3.676749 
2.816287 
2.697593 
2.911489 
2.690894 
3.005751 
3.237154 
2.633506 
3.059405 
3.054807 
3.150430 
3.010030 
2.631825 
3.528498 
3.373698 
2.788429 
2.703951 
2.751326 
2.952241 
2.601838 
2.622973 
2.575089 
2.605308 
2.711541 
2.860244 
2.980355 
2.105937 
2.593224 
2.018943 
2.562441 
2.240374 
2.573220 
2.687718 
2.619395 
1.776017 
2.614893 
2.279061 
2.727751 
2.204030 
2.219694 
1.953330 
2.538383 
2.444161 
2.191210 
2.143225 
2.429547 
2.202925 
2.749496 
1.784697 
2.187426 
1.985865 
1.986605 
2.096606 
2.303128 
2.209368 
2.135129 
2.329731 
2.233524 
1.711960 
2.140924 
2.022870 
2.186464 
2.347409 
2.613443 
1.640489 
1.750373 
1.983758 
1.941446 
1.798321 
2.120769 
2.290843 
1.754856 
2.372478 
2.346833 
2.312200 
1.978398 
2.332917 
1.920592 
2.123503 
2.099673 
1.960736 
2.010968 
1.900183 
2.093028 
2.465897 
1.545741 
2.762315 
1.873397 
2.192024 
2.091247 
1.781920 
1.940637 
2.090259 
2.300488 
1.751717 
1.468428 
1.982897 
1.993987 
1.980951 
1.996803 
1.702007 
2.124881 
1.641588 
1.901083 
1.481938 
1.801897 
1.881179 
2.061266 
1.517117 
2.087224 
1.740116 
2.047912 
2.026197 
1.802836 
1.945443 
2.113272 
1.839859 
2.389770 
1.733697 
1.962661 
2.146504 
1.752997 
1.760924 
1.866556 
1.926856 
1.832687 
1.773693 
1.862038 
1.926670 
2.076804 
1.948532 
1.598666 
2.080475 
1.865822 
1.790673 
2.037915 
1.517325 
1.315248 
2.643598 
2.248115 
1.694223 
1.881083 
1.455435 
2.060429 
2.262740 
1.896336 
1.796140 
1.692578 
1.989954 
1.821314 
1.819255 
2.081355 
1.713452 
1.899203 
1.710912 
1.953238 
2.006411 
1.631943 
1.872268 
1.651739 
1.669420 
1.832832 
1.858574 
1.698018 
1.950353 
1.663933 
1.628494 
1.683643 
1.871510 
1.809152 
1.757145 
1.776891 
2.068564 
1.526339 
1.348680 
2.342906 
1.879227 
1.868091 
1.706879 
1.878314 
1.613661 
1.907654 
1.692775 
1.794494 
1.823253 
2.059674 
2.024990 
2.034334 
1.931162 
1.379283 
1.915838 
1.279138 
1.667085 
1.779085 
1.488849 
2.641834 
1.891485 
1.670057 
1.534562 
1.915584 
1.851040 
1.742971 
1.310223 
1.990976 
1.692324 
1.517821 
1.623845 
1.808738 
1.701112 
1.784034 
1.223126 
1.963263 
1.781294 
1.813811 
1.805199 
1.656343 
1.971195 
1.662353 
1.693104 
1.789346 
1.601904 
1.652040 
1.922565 
1.760363 
1.729243 
1.868396 
1.898386 
1.827735 
1.639152 
1.801801 
1.483396 
1.839634 
1.980393 
1.751350 
1.745790 
1.652781 
1.749703 
1.719892 
1.876295 
1.665290 
1.878795 
1.807605 
1.641567 
1.922647 
2.180396 
1.987267 
1.756828 
1.791971 
1.801545 
1.953146 
1.842990 
1.758382 
1.766642 
1.678799 
1.791830 
1.775305 
1.973284 
1.889143 
1.909282 
1.899769 
2.045123 
1.966056 
1.834481 
1.786523 
1.757063 
1.639130 
1.809287 
1.727268 
1.952862 
1.818403 
1.616211 
1.940901 
1.644079 
1.854006 
1.387437 
1.865023 
1.855309 
1.749614 
1.765490 
1.831084 
1.770864 
1.787847 
1.866919 
1.869883 
1.775544 
1.832279 
1.595111 
1.664159 
1.900565 
1.803033 
1.831890 
1.964522 
1.958261 
1.899401 
1.699880 
1.695491 
1.861463 
1.786979 
1.669466 
1.697631 
1.630646 
1.794323 
1.858808 
1.899684 
1.811146 
1.650372 
1.755274 
1.491636 
1.675614 
1.838489 
1.737585 
1.528049 
1.886765 
1.913350 
2.050388 
1.703504 
1.923808 
1.651683 
1.718560 
1.577681 
1.936393 
2.021619 
1.176289 
1.603344 
1.480309 
1.866619 
1.619169 
1.800181 
1.882804 
1.947167 
1.507072 
1.859921 
1.699133 
1.248148 
1.683237 
1.772866 
1.564190 
1.585761 
1.931927 
1.623665 
1.730317 
1.752916 
1.829348 
1.766040 
1.726618 
1.878154 
1.765366 
1.886036 
1.273246 
1.448503 
1.536623 
1.705548 
1.799195 
1.775977 
1.408725 
1.615178 
1.625699 
1.492888 
1.629956 
1.684227 
1.596369 
1.848091 
1.701588 
1.901671 
2.035103 
1.763575 
1.504851 
1.593416 
1.733382 
1.679604 
1.792381 
1.519554 
1.773093 
1.694709 
1.732615 
1.592536 
1.550914 
1.572678 
1.733237 
1.451134 
1.915073 
1.782521 
2.010542 
1.684135 
1.463745 
1.571386 
1.850213 
1.746274 
1.693291 
1.916293 
1.289419 
1.317179 
1.583774 
1.641744 
1.594720 
1.403380 
1.623894 
1.784075 
1.945750 
1.707603 
1.743988 
1.585112 
1.699061 
2.068079 
1.688671 
1.784808 
1.781355 
1.892726 
1.773495 
1.929004 
1.947023 
1.512715 
1.828815 
1.643246 
1.763019 
1.443898 
1.972192 
1.794068 
1.950907 
1.881365 
1.660526 
1.579206 
1.417479 
1.742669 
1.522220 
1.632952 
1.246309 
1.298420 
1.867751 
1.991291 
1.581739 
1.734552 
1.537858 
1.718424 
1.763098 
1.381657 
1.623976 
1.460312 
2.221788 
1.541034 
1.527655 
1.471845 
1.491381 
1.767040 
1.812217 
1.782699 
1.654030 
1.764193 
1.645067 
1.264576 
1.986151 
1.719948 
1.467614 
1.698655 
1.854565 
1.673319 
1.664845 
1.462907 
1.130562 
1.601622 
1.494025 
1.537204 
1.871440 
1.664575 
1.600396 
1.828622 
1.716647 
1.417176 
1.742528 
1.864390 
1.856922 
2.081864 
1.827172 
1.347955 
2.015049 
1.742980 
1.747744 
1.558008 
1.726722 
1.838431 
1.841847 
1.784723 
1.565412 
1.792444 
1.239412 
1.766776 
1.372311 
1.800911 
1.683879 
1.714128 
1.675386 
1.476034 
1665.925903 
nan 
