73.362129 46.270737 68.186577 52.095406 52.882141 0.000000 
75.536453 67.707558 48.969776 47.203083 85.636963 0.019782 
66.061302 61.686195 62.191170 55.732559 60.978348 0.000000 
70.953201 67.517654 74.038605 74.013260 64.633148 0.019782 
76.575874 72.448181 61.123962 58.183414 69.745331 0.000000 
76.364464 80.386589 51.507244 77.220139 68.125183 0.027976 
66.346703 41.656658 53.981453 54.505936 61.168564 0.034264 
75.645798 62.997242 79.913719 68.059586 66.714043 0.000000 
64.066551 52.669971 60.751507 63.633358 64.864807 0.027976 
77.903931 47.072033 63.304489 70.404068 67.414375 0.027976 
71.147972 77.171967 60.013058 60.027985 68.398254 0.000000 
77.569489 60.864265 55.887772 62.728188 59.542965 0.000000 
81.990532 67.102936 51.482979 60.660969 53.205997 0.000000 
84.292679 47.371170 66.793320 74.627800 69.056732 0.000000 
84.696053 57.793468 68.619469 68.434120 66.222145 0.000000 
70.746941 51.390514 71.135315 53.188931 81.955490 0.027976 
84.035004 42.812031 68.713570 61.966599 74.001190 0.000000 
68.361916 51.436890 73.384392 74.977196 54.797562 0.000000 
80.557404 66.721222 67.067070 70.488014 67.149452 0.019782 
76.167282 74.069054 70.598198 61.932640 69.541740 0.000000 
