43578.488281 9086.214844 6318.188965 4544.633301 27636.541016 
58711.000000 14429.223633 8138.367188 5127.692871 31598.865234 
45429.167969 6104.241699 3416.362061 2778.540771 16379.740234 
47201.652344 12546.625000 7926.464355 5323.437500 29745.728516 
40264.804688 6838.441406 5883.763672 3237.734863 24592.849609 
47429.894531 9838.881836 5285.829590 3464.301758 27676.720703 
38352.574219 8478.723633 3348.560059 2113.820557 14939.325195 
40240.449219 6001.406250 4290.696777 3481.939941 17665.603516 
41785.476562 8114.509766 4156.050293 2772.622070 17445.142578 
41422.863281 5340.869629 3757.308350 2794.642578 20119.103516 
42135.531250 6994.819824 5347.715332 2627.812012 21977.732422 
45053.863281 8767.927734 13686.878906 2995.293213 16398.078125 
45670.453125 7161.779297 6173.723145 4335.523926 14932.830078 
58269.484375 9183.570312 4356.875000 2522.435791 20461.570312 
47886.851562 12857.157227 8166.211914 5528.776367 35972.125000 
38918.562500 5423.849609 3662.838623 2156.876221 14812.915039 
34881.273438 5090.039551 3161.345703 2932.089111 24208.484375 
36968.730469 13998.413086 8773.934570 5142.518555 37401.367188 
44403.023438 6223.207031 4275.651367 3462.183350 24561.798828 
36063.589844 9598.499023 4656.647461 2524.222168 25384.873047 
