Episode: 1: [[0.001 0.    0.    0.    0.    0.    0.    0.    0.    0.   ]
 [0.001 0.    0.    0.    0.    0.    0.    0.    0.    0.   ]
 [0.001 0.    0.    0.    0.    0.    0.    0.    0.    0.   ]
 [0.001 0.    0.    0.    0.    0.    0.    0.    0.    0.   ]
 [0.001 0.    0.    0.    0.    0.    0.    0.    0.    0.   ]] 
Episode: 2: [[ 0.0015     -0.0005     -0.0005      0.0005     -0.0005      0.
   0.0005      0.          0.         -0.0005    ]
 [ 0.0015     -0.0005     -0.0005     -0.00049998 -0.0005      0.
   0.0005      0.          0.         -0.0005    ]
 [ 0.0015     -0.0005     -0.0005     -0.0005     -0.0005      0.
   0.0005      0.          0.         -0.0005    ]
 [ 0.0015     -0.0005     -0.0005     -0.0005     -0.0005      0.
   0.0005      0.          0.         -0.0005    ]
 [ 0.0015     -0.0005     -0.00049999 -0.0005     -0.0005      0.
   0.0005      0.          0.         -0.0005    ]] 
Episode: 3: [[ 0.00198302 -0.00084492 -0.00073818  0.00084208 -0.00087701  0.
   0.00047368  0.          0.         -0.00079948]
 [ 0.00189785 -0.00084332 -0.00075111 -0.00099731 -0.00087052  0.
   0.0006881   0.          0.         -0.00082512]
 [ 0.00189665 -0.00084312 -0.00075272 -0.00084435 -0.00086963  0.
   0.00078135  0.          0.         -0.00083123]
 [ 0.00189638 -0.00084308 -0.00075312 -0.0008412  -0.00086939  0.
   0.0008131   0.          0.         -0.00083343]
 [ 0.00189634 -0.00084307 -0.00075318 -0.00084019 -0.00086933  0.
   0.0008256   0.          0.         -0.00083388]] 
Episode: 4: [[ 0.00247065 -0.00109846 -0.001106    0.00108207 -0.00114621  0.
   0.00027258  0.          0.         -0.00094569]
 [ 0.00225405 -0.00110058 -0.0011133  -0.00138687 -0.0011426   0.
   0.00070396  0.          0.         -0.00106272]
 [ 0.00224974 -0.00110067 -0.00111354 -0.00110085 -0.00114173  0.
   0.00094742  0.          0.         -0.00108237]
 [ 0.00224873 -0.00110068 -0.00111358 -0.00107688 -0.00114148  0.
   0.00103396  0.          0.         -0.00108915]
 [ 0.0022486  -0.00110068 -0.00111361 -0.00106899 -0.0011414   0.
   0.00106817  0.          0.         -0.00109051]] 
Episode: 5: [[ 2.9613737e-03 -1.3038943e-03 -1.4514297e-03  1.4251367e-03
  -1.3442418e-03  0.0000000e+00  6.0241458e-05  0.0000000e+00
   0.0000000e+00 -1.0536840e-03]
 [ 2.5803067e-03 -1.3103015e-03 -1.4393937e-03 -1.7351176e-03
  -1.3599673e-03  0.0000000e+00  7.1253866e-04  0.0000000e+00
   0.0000000e+00 -1.2556984e-03]
 [ 2.5712471e-03 -1.3106514e-03 -1.4366849e-03 -1.4592914e-03
  -1.3593959e-03  0.0000000e+00  1.0816241e-03  0.0000000e+00
   0.0000000e+00 -1.2874779e-03]
 [ 2.5691546e-03 -1.3107237e-03 -1.4359452e-03 -1.4243983e-03
  -1.3591521e-03  0.0000000e+00  1.2140743e-03  0.0000000e+00
   0.0000000e+00 -1.2983674e-03]
 [ 2.5689087e-03 -1.3107181e-03 -1.4358603e-03 -1.4121279e-03
  -1.3590368e-03  0.0000000e+00  1.2665137e-03  0.0000000e+00
   0.0000000e+00 -1.3005538e-03]] 
Episode: 6: [[ 0.00345752 -0.00146227 -0.00181435  0.00180622 -0.00147022  0.
  -0.00014776  0.          0.         -0.00113764]
 [ 0.00289297 -0.00148331 -0.00182645 -0.00210112 -0.00153544  0.
   0.00068873  0.          0.         -0.00141553]
 [ 0.00287662 -0.00148441 -0.00182262 -0.00184111 -0.00153644  0.
   0.00118078  0.          0.         -0.00145954]
 [ 0.00287297 -0.00148463 -0.00182146 -0.00179752 -0.00153645  0.
   0.00136014  0.          0.         -0.00147465]
 [ 0.0028726  -0.00148463 -0.0018213  -0.00178185 -0.00153633  0.
   0.00143146  0.          0.         -0.00147769]] 
Episode: 7: [[ 0.00395154 -0.0016391  -0.00210185  0.00218811 -0.0016621   0.
  -0.00017507  0.          0.         -0.00137111]
 [ 0.00318933 -0.00164886 -0.00214095 -0.00218058 -0.00172849  0.
   0.00083838  0.          0.         -0.00157702]
 [ 0.00316481 -0.00164915 -0.0021373  -0.00220554 -0.00172806  0.
   0.00134293  0.          0.         -0.00161589]
 [ 0.00315944 -0.00164921 -0.002136   -0.00218569 -0.00172779  0.
   0.00152045  0.          0.         -0.0016299 ]
 [ 0.00315894 -0.0016492  -0.00213579 -0.00217542 -0.00172766  0.
   0.00158905  0.          0.         -0.00163274]] 
Episode: 8: [[ 0.00445021 -0.00174538 -0.00242253  0.00260669 -0.00173437  0.
  -0.00030844  0.          0.         -0.00139396]
 [ 0.00346768 -0.00178513 -0.00244128 -0.00241805 -0.00188092  0.
   0.00094921  0.          0.         -0.00170438]
 [ 0.0034319  -0.00178604 -0.00243326 -0.00260545 -0.00188108  0.
   0.00148039  0.          0.         -0.00174798]
 [ 0.00342428 -0.00178621 -0.00243095 -0.00258969 -0.00188083  0.
   0.00165899  0.          0.         -0.00176367]
 [ 0.00342361 -0.0017862  -0.00243061 -0.00257628 -0.00188066  0.
   0.00172605  0.          0.         -0.00176686]] 
Episode: 9: [[ 0.00489873 -0.00184072 -0.00270874  0.00297516 -0.0018036   0.
  -0.00031565  0.          0.         -0.00147104]
 [ 0.00371803 -0.0019066  -0.00271187 -0.00260004 -0.00202024  0.
   0.0011479   0.          0.         -0.00183799]
 [ 0.00367218 -0.00190804 -0.00270013 -0.00295349 -0.00202085  0.
   0.00166055  0.          0.         -0.00187259]
 [ 0.00366254 -0.0019083  -0.00269696 -0.00294903 -0.00202063  0.
   0.00180908  0.          0.         -0.00188504]
 [ 0.00366172 -0.00190831 -0.00269648 -0.00293553 -0.00202045  0.
   0.00185941  0.          0.         -0.00188756]] 
Episode: 10: [[ 0.00536141 -0.00186434 -0.00303973  0.00338148 -0.00175276  0.
  -0.0004133   0.          0.         -0.00141211]
 [ 0.00396727 -0.00200241 -0.00300319 -0.00289292 -0.0021112   0.
   0.00117359  0.          0.         -0.00191471]
 [ 0.00390932 -0.0020064  -0.0029834  -0.00334338 -0.00211645  0.
   0.00168799  0.          0.         -0.00196833]
 [ 0.00389738 -0.00200708 -0.00297865 -0.00331576 -0.00211698  0.
   0.00188225  0.          0.         -0.00198662]
 [ 0.0038964  -0.00200712 -0.002978   -0.00327973 -0.00211686  0.
   0.00195157  0.          0.         -0.00199028]] 
Episode: 11: [[ 0.00583477 -0.00163171 -0.003336    0.00381532 -0.00153533  0.
  -0.00058002  0.          0.         -0.00125891]
 [ 0.00415877 -0.00204309 -0.00334982 -0.00309005 -0.00228007  0.
   0.00130475  0.          0.         -0.0018516 ]
 [ 0.00408698 -0.0020987  -0.00327888 -0.0037147  -0.0023299   0.
   0.00185829  0.          0.         -0.00203888]
 [ 0.00407233 -0.00210801 -0.00326204 -0.00372273 -0.00233614  0.
   0.00204998  0.          0.         -0.00207588]
 [ 0.00407111 -0.00210926 -0.00326129 -0.00366927 -0.00233686  0.
   0.00208675  0.          0.         -0.00208194]] 
Episode: 12: [[ 0.0062775  -0.00142058 -0.0036046   0.00401366 -0.00131222  0.
  -0.00079014  0.          0.         -0.00111249]
 [ 0.00438995 -0.00203813 -0.00374102 -0.0033589  -0.00228166  0.
   0.00131133  0.          0.         -0.00177142]
 [ 0.00428698 -0.0021513  -0.00362664 -0.00400942 -0.00242112  0.
   0.00195995  0.          0.         -0.00209462]
 [ 0.00426628 -0.00217116 -0.00359806 -0.00404197 -0.00244151  0.
   0.00217389  0.          0.         -0.00215301]
 [ 0.00426407 -0.00217422 -0.00359658 -0.00399897 -0.00244455  0.
   0.00219526  0.          0.         -0.00216207]] 
Episode: 13: [[ 0.00673442 -0.00111653 -0.00394557  0.00405674 -0.00100618  0.
  -0.00089199  0.          0.         -0.00108832]
 [ 0.0044525  -0.00179989 -0.00414167 -0.00366116 -0.00204771  0.
   0.00122429  0.          0.         -0.00187141]
 [ 0.0042089  -0.00195651 -0.00402101 -0.00428363 -0.00220459  0.
   0.00191221  0.          0.         -0.00217867]
 [ 0.00415828 -0.00199991 -0.00398434 -0.00434378 -0.00222908  0.
   0.00210283  0.          0.         -0.00219309]
 [ 0.00415014 -0.00200266 -0.00398233 -0.00433111 -0.00223198  0.
   0.00209786  0.          0.         -0.00222205]] 
Episode: 14: [[ 0.00720264 -0.00103018 -0.00427164  0.00398866 -0.00089693  0.
  -0.00090586  0.          0.         -0.00115777]
 [ 0.00465856 -0.00180546 -0.00456772 -0.00402468 -0.00193453  0.
   0.00106456  0.          0.         -0.00207776]
 [ 0.00430319 -0.00212505 -0.0044335  -0.00462704 -0.00211373  0.
   0.00176248  0.          0.         -0.00240209]
 [ 0.00421069 -0.00218954 -0.00439226 -0.00470285 -0.00214371  0.
   0.00193842  0.          0.         -0.00238892]
 [ 0.00419431 -0.00219176 -0.00439086 -0.00469049 -0.00214285  0.
   0.00195868  0.          0.         -0.00241492]] 
Episode: 15: [[ 0.00767998 -0.00108286 -0.00457696  0.00383691 -0.00092152  0.
  -0.00084723  0.          0.         -0.00130092]
 [ 0.00491386 -0.00198399 -0.00502176 -0.00443231 -0.00191374  0.
   0.00084704  0.          0.         -0.00235688]
 [ 0.00442659 -0.00241079 -0.00487664 -0.00502016 -0.00214553  0.
   0.00157548  0.          0.         -0.00270631]
 [ 0.00428678 -0.00248514 -0.00483166 -0.00510659 -0.00218511  0.
   0.00181307  0.          0.         -0.00267295]
 [ 0.00426097 -0.00248709 -0.0048307  -0.00509303 -0.0021789   0.
   0.00184706  0.          0.         -0.00270557]] 
Episode: 16: [[ 0.00816477 -0.00101997 -0.00486212  0.00362006 -0.00083949  0.
  -0.00086446  0.          0.         -0.00150333]
 [ 0.00523985 -0.00204019 -0.00549576 -0.0048731  -0.00174039  0.
   0.00058272  0.          0.         -0.00268948]
 [ 0.00465369 -0.00257384 -0.00533541 -0.00545007 -0.00201218  0.
   0.00132128  0.          0.         -0.00306617]
 [ 0.00446674 -0.00265776 -0.00528726 -0.00552492 -0.00205536  0.
   0.00159315  0.          0.         -0.00296528]
 [ 0.00443033 -0.0026585  -0.00528717 -0.00550547 -0.00204465  0.
   0.00162706  0.          0.         -0.00297407]] 
Episode: 17: [[ 0.00862378 -0.00092346 -0.00513706  0.00335136 -0.0006761   0.
  -0.00081342  0.          0.         -0.00175411]
 [ 0.00561569 -0.00202047 -0.0059856  -0.00533553 -0.00147496  0.
   0.00042924  0.          0.         -0.00306305]
 [ 0.00491029 -0.00265882 -0.00581039 -0.00588881 -0.00178827  0.
   0.0012013   0.          0.         -0.00334922]
 [ 0.00467095 -0.00275315 -0.00575936 -0.00595268 -0.00183496  0.
   0.00152456  0.          0.         -0.00326824]
 [ 0.00462263 -0.00275319 -0.00576001 -0.00593945 -0.00182147  0.
   0.00157298  0.          0.         -0.00328679]] 
Episode: 18: [[ 0.00909319 -0.00094312 -0.00547742  0.00308111 -0.00062706  0.
  -0.0007044   0.          0.         -0.00189757]
 [ 0.00602972 -0.00215608 -0.00648742 -0.00581959 -0.00138226  0.
   0.0002241   0.          0.         -0.00328754]
 [ 0.00524922 -0.0028716  -0.00630106 -0.00634917 -0.00176765  0.
   0.00101189  0.          0.         -0.0035494 ]
 [ 0.00497698 -0.00297663 -0.00625016 -0.00640775 -0.00182307  0.
   0.00136697  0.          0.         -0.0035143 ]
 [ 0.00492152 -0.0029787  -0.00625232 -0.00640148 -0.00181114  0.
   0.0014205   0.          0.         -0.00353416]] 
Episode: 19: [[ 0.0095713  -0.00105295 -0.00561484  0.00283594 -0.00066978  0.
  -0.00054582  0.          0.         -0.00195116]
 [ 0.0064735  -0.00240615 -0.00675934 -0.00629746 -0.00141414  0.
   0.00011498  0.          0.         -0.00339299]
 [ 0.0056448  -0.00317262 -0.00647429 -0.00681315 -0.00192079  0.
   0.0009332   0.          0.         -0.00360506]
 [ 0.00534402 -0.0032852  -0.00640502 -0.00688909 -0.00197759  0.
   0.00132865  0.          0.         -0.00380808]
 [ 0.00528423 -0.00328943 -0.0063997  -0.00688761 -0.00196572  0.
   0.00139389  0.          0.         -0.00381911]] 
Episode: 20: [[ 1.0056708e-02 -1.0582187e-03 -5.8406242e-03  2.7064397e-03
  -6.2566687e-04  0.0000000e+00 -4.6755880e-04  0.0000000e+00
   0.0000000e+00 -1.9288376e-03]
 [ 6.9409409e-03 -2.6613243e-03 -7.1085184e-03 -6.7944410e-03
  -1.4619814e-03  0.0000000e+00 -4.8278169e-05  0.0000000e+00
   0.0000000e+00 -3.4016233e-03]
 [ 6.0821483e-03 -3.4551302e-03 -6.7541711e-03 -7.3034181e-03
  -2.0343289e-03  0.0000000e+00  7.8558840e-04  0.0000000e+00
   0.0000000e+00 -3.6921436e-03]
 [ 5.7481518e-03 -3.5776494e-03 -6.6677625e-03 -7.3927366e-03
  -2.1029250e-03  0.0000000e+00  1.2071971e-03  0.0000000e+00
   0.0000000e+00 -4.0727421e-03]
 [ 5.6835716e-03 -3.5748249e-03 -6.6600000e-03 -7.3923999e-03
  -2.0739895e-03  0.0000000e+00  1.2776742e-03  0.0000000e+00
   0.0000000e+00 -4.0466683e-03]] 
Episode: 21: [[ 0.01054827 -0.00097868 -0.00611721  0.00251627 -0.00050972  0.
  -0.00045876  0.          0.         -0.00184192]
 [ 0.00742749 -0.00270719 -0.0074747  -0.00712724 -0.00140131  0.
  -0.00025771  0.          0.         -0.00333038]
 [ 0.00653015 -0.00355091 -0.0070933  -0.00781491 -0.00195892  0.
   0.00058084  0.          0.         -0.00366473]
 [ 0.00614735 -0.00368959 -0.00700117 -0.00788472 -0.00193279  0.
   0.00101843  0.          0.         -0.00416745]
 [ 0.00607273 -0.00367952 -0.00699417 -0.00788604 -0.00189019  0.
   0.00108993  0.          0.         -0.00403767]] 
Episode: 22: [[ 0.01104505 -0.00087689 -0.0063955   0.00242643 -0.00033372  0.
  -0.0005103   0.          0.         -0.0016997 ]
 [ 0.00791225 -0.00273919 -0.00782639 -0.00743166 -0.00132217  0.
  -0.00050674  0.          0.         -0.00319249]
 [ 0.00696391 -0.00362753 -0.00742226 -0.00828267 -0.00187631  0.
   0.00032824  0.          0.         -0.00358231]
 [ 0.00653314 -0.00378115 -0.00732579 -0.0083341  -0.0017696   0.
   0.00077437  0.          0.         -0.00422357]
 [ 0.00644943 -0.00376464 -0.00731976 -0.00833685 -0.00171511  0.
   0.00087343  0.          0.         -0.00401114]] 
Episode: 23: [[ 1.1546243e-02 -7.5763522e-04 -6.6525587e-03  2.4212161e-03
  -1.0708996e-04  0.0000000e+00 -6.1445369e-04  0.0000000e+00
   0.0000000e+00 -1.5098728e-03]
 [ 8.3827479e-03 -2.7601991e-03 -8.1493361e-03 -7.7084596e-03
  -1.2260816e-03  0.0000000e+00 -7.8990962e-04  0.0000000e+00
   0.0000000e+00 -2.9985029e-03]
 [ 7.3761041e-03 -3.6885822e-03 -7.7248444e-03 -8.7106908e-03
  -1.7870589e-03  0.0000000e+00  3.5257141e-05  0.0000000e+00
   0.0000000e+00 -3.4618520e-03]
 [ 6.8989885e-03 -3.8560482e-03 -7.6245898e-03 -8.7449690e-03
  -1.6127219e-03  0.0000000e+00  4.8436678e-04  0.0000000e+00
   0.0000000e+00 -4.2505981e-03]
 [ 6.8071298e-03 -3.8337463e-03 -7.6195169e-03 -8.7490352e-03
  -1.5478708e-03  0.0000000e+00  6.3581014e-04  0.0000000e+00
   0.0000000e+00 -3.9721266e-03]] 
Episode: 24: [[ 1.1982447e-02 -7.3605945e-04 -6.8517257e-03  2.3453713e-03
   2.0508880e-05  0.0000000e+00 -6.4927380e-04  0.0000000e+00
   0.0000000e+00 -1.4054299e-03]
 [ 8.7919990e-03 -2.7818056e-03 -8.4714983e-03 -7.9639554e-03
  -1.1706918e-03  0.0000000e+00 -9.7802712e-04  0.0000000e+00
   0.0000000e+00 -2.7569542e-03]
 [ 7.7334694e-03 -3.7487422e-03 -8.0221239e-03 -9.1272974e-03
  -1.7325012e-03  0.0000000e+00 -1.5134313e-04  0.0000000e+00
   0.0000000e+00 -3.2665080e-03]
 [ 7.2217993e-03 -3.9282953e-03 -7.9207644e-03 -9.1624642e-03
  -1.4805179e-03  0.0000000e+00  3.0740286e-04  0.0000000e+00
   0.0000000e+00 -4.2469273e-03]
 [ 7.1323137e-03 -3.9161053e-03 -7.9167187e-03 -9.1803847e-03
  -1.4093419e-03  0.0000000e+00  5.1507819e-04  0.0000000e+00
   0.0000000e+00 -3.9285882e-03]] 
Episode: 25: [[ 1.2430574e-02 -6.3848024e-04 -7.0913015e-03  2.3483189e-03
   2.0200285e-04  0.0000000e+00 -7.3723833e-04  0.0000000e+00
   0.0000000e+00 -1.2507498e-03]
 [ 9.2296833e-03 -2.7249423e-03 -8.8065621e-03 -8.1948079e-03
  -1.0272383e-03  0.0000000e+00 -1.2060148e-03  0.0000000e+00
   0.0000000e+00 -2.4748382e-03]
 [ 8.1436867e-03 -3.7205240e-03 -8.3379718e-03 -9.5169861e-03
  -1.6067385e-03  0.0000000e+00 -3.8419454e-04  0.0000000e+00
   0.0000000e+00 -3.0103470e-03]
 [ 7.6070959e-03 -3.9125667e-03 -8.2369903e-03 -9.5517049e-03
  -1.3137169e-03  0.0000000e+00  7.8953635e-05  0.0000000e+00
   0.0000000e+00 -4.1333586e-03]
 [ 7.5196452e-03 -3.9103748e-03 -8.2348390e-03 -9.5825847e-03
  -1.2395314e-03  0.0000000e+00  3.2935990e-04  0.0000000e+00
   0.0000000e+00 -3.7884754e-03]] 
Episode: 26: [[ 1.2889017e-02 -4.7684385e-04 -7.3954957e-03  2.4190315e-03
   4.2981180e-04  0.0000000e+00 -8.7195955e-04  0.0000000e+00
   0.0000000e+00 -1.0522895e-03]
 [ 9.6909050e-03 -2.5418927e-03 -9.1824941e-03 -8.3033126e-03
  -8.1274164e-04  0.0000000e+00 -1.4687865e-03  0.0000000e+00
   0.0000000e+00 -2.1579533e-03]
 [ 8.5946759e-03 -3.4759850e-03 -8.6498186e-03 -9.9487081e-03
  -1.3724040e-03  0.0000000e+00 -6.5681594e-04  0.0000000e+00
   0.0000000e+00 -2.7041265e-03]
 [ 8.0470759e-03 -3.6493058e-03 -8.5236263e-03 -9.9959709e-03
  -1.0234511e-03  0.0000000e+00 -1.9332339e-04  0.0000000e+00
   0.0000000e+00 -3.9346870e-03]
 [ 7.9156980e-03 -3.6437239e-03 -8.5110813e-03 -9.9977180e-03
  -9.3043200e-04  0.0000000e+00  8.9182868e-05  0.0000000e+00
   0.0000000e+00 -3.8168151e-03]] 
Episode: 27: [[ 0.01323605 -0.00040967 -0.00767062  0.00254828  0.00056436  0.
  -0.0009362   0.          0.         -0.00081557]
 [ 0.01001403 -0.00242965 -0.00952265 -0.00837921 -0.00066865  0.
  -0.00164259  0.          0.         -0.0019454 ]
 [ 0.00887056 -0.00327543 -0.00893225 -0.01035297 -0.00120287  0.
  -0.00083157  0.          0.         -0.00246469]
 [ 0.00822958 -0.0034264  -0.00878363 -0.01042697 -0.00079576  0.
  -0.00036269  0.          0.         -0.0038633 ]
 [ 0.00800328 -0.0034289  -0.00876145 -0.01042141 -0.00069774  0.
  -0.00019697  0.          0.         -0.00396376]] 
Episode: 28: [[ 0.01360415 -0.00030994 -0.00800283  0.00259693  0.00074888  0.
  -0.00104889  0.          0.         -0.00066484]
 [ 0.01037333 -0.0023065  -0.00985446 -0.00853162 -0.00053893  0.
  -0.00185624  0.          0.         -0.00169148]
 [ 0.00920163 -0.00307161 -0.00919794 -0.01077302 -0.00104801  0.
  -0.00105124  0.          0.         -0.00217434]
 [ 0.00850814 -0.00321061 -0.00902236 -0.01066102 -0.00058778  0.
  -0.00044327  0.          0.         -0.00370927]
 [ 0.0082219  -0.00322485 -0.00899057 -0.01063251 -0.00048437  0.
  -0.0003737   0.          0.         -0.00419959]] 
Episode: 29: [[ 0.01387308 -0.00014943 -0.00835864  0.00270469  0.00097686  0.
  -0.00109459  0.          0.         -0.00047156]
 [ 0.01061386 -0.00208086 -0.01019583 -0.00874778 -0.00033822  0.
  -0.00198812  0.          0.         -0.00153147]
 [ 0.00939179 -0.00274993 -0.00946985 -0.0110308  -0.00079763  0.
  -0.00118195  0.          0.         -0.00184123]
 [ 0.00861506 -0.00287644 -0.00925705 -0.01071859 -0.00027764  0.
  -0.00044692  0.          0.         -0.00348733]
 [ 0.00826126 -0.00290134 -0.00921167 -0.01077433 -0.0001558   0.
  -0.00045657  0.          0.         -0.0042913 ]] 
Episode: 30: [[ 1.4054502e-02 -7.9299869e-05 -8.7573202e-03  2.7365666e-03
   1.2427496e-03  0.0000000e+00 -1.0808614e-03  0.0000000e+00
   0.0000000e+00 -2.4081065e-04]
 [ 1.0898500e-02 -2.0094211e-03 -1.0448108e-02 -9.0174982e-03
  -2.4960225e-04  0.0000000e+00 -2.0478514e-03  0.0000000e+00
   0.0000000e+00 -1.4535044e-03]
 [ 9.4660232e-03 -2.6579113e-03 -9.6835587e-03 -1.1274085e-02
  -7.0422638e-04  0.0000000e+00 -1.2348366e-03  0.0000000e+00
   0.0000000e+00 -1.6271452e-03]
 [ 8.5918047e-03 -2.6586372e-03 -9.4490238e-03 -1.0795321e-02
  -1.3036019e-04  0.0000000e+00 -3.8372318e-04  0.0000000e+00
   0.0000000e+00 -3.2090000e-03]
 [ 8.1708292e-03 -2.6487065e-03 -9.4052209e-03 -1.0905079e-02
   6.8341040e-05  0.0000000e+00 -4.5857197e-04  0.0000000e+00
   0.0000000e+00 -4.2685261e-03]] 
Episode: 31: [[ 1.41585972e-02  2.26034208e-05 -9.03865788e-03  2.70196632e-03
   1.52659719e-03  0.00000000e+00 -1.01435976e-03  0.00000000e+00
   0.00000000e+00 -9.29983726e-05]
 [ 1.10779200e-02 -1.93450891e-03 -1.06346020e-02 -9.28816479e-03
  -1.60714510e-04  0.00000000e+00 -2.04378366e-03  0.00000000e+00
   0.00000000e+00 -1.44740159e-03]
 [ 9.50404257e-03 -2.56682234e-03 -9.85527318e-03 -1.15116648e-02
  -6.12540345e-04  0.00000000e+00 -1.23259937e-03  0.00000000e+00
   0.00000000e+00 -1.51485077e-03]
 [ 8.55478179e-03 -2.45633838e-03 -9.61450208e-03 -1.08916415e-02
   7.30593638e-06  0.00000000e+00 -3.92991176e-04  0.00000000e+00
   0.00000000e+00 -3.04956641e-03]
 [ 8.08373466e-03 -2.41630524e-03 -9.57683194e-03 -1.10464208e-02
   2.74938357e-04  0.00000000e+00 -4.75834764e-04  0.00000000e+00
   0.00000000e+00 -4.34499420e-03]] 
Episode: 32: [[ 1.4308815e-02  1.8283191e-04 -9.3703968e-03  2.7333754e-03
   1.8417356e-03  0.0000000e+00 -1.0087643e-03  0.0000000e+00
   0.0000000e+00 -1.8579618e-05]
 [ 1.1306656e-02 -1.7617814e-03 -1.0950633e-02 -9.4454912e-03
   5.6057331e-07  0.0000000e+00 -2.0970695e-03  0.0000000e+00
   0.0000000e+00 -1.5043765e-03]
 [ 9.6243434e-03 -2.3561476e-03 -1.0167712e-02 -1.1812359e-02
  -4.2641425e-04  0.0000000e+00 -1.2928229e-03  0.0000000e+00
   0.0000000e+00 -1.4900430e-03]
 [ 8.6303232e-03 -2.1432082e-03 -9.9240094e-03 -1.1092826e-02
   2.4815835e-04  0.0000000e+00 -4.6578239e-04  0.0000000e+00
   0.0000000e+00 -2.9908586e-03]
 [ 8.1262030e-03 -2.0758330e-03 -9.8905666e-03 -1.1320568e-02
   5.8806984e-04  0.0000000e+00 -5.6155759e-04  0.0000000e+00
   0.0000000e+00 -4.5030429e-03]] 
Episode: 33: [[ 0.01449989  0.00039365 -0.0097443   0.00282286  0.00218429  0.
  -0.00105739  0.          0.          0.00010499]
 [ 0.01157812 -0.00151109 -0.01135053 -0.00950595  0.00022304  0.
  -0.0022012   0.          0.         -0.00161682]
 [ 0.00981375 -0.00205733 -0.01056745 -0.01216487 -0.00016485  0.
  -0.00140799  0.          0.         -0.00154073]
 [ 0.00879619 -0.00175251 -0.01032197 -0.01137499  0.00056728  0.
  -0.00059424  0.          0.         -0.00301801]
 [ 0.00827031 -0.00166096 -0.01029177 -0.01168371  0.00097697  0.
  -0.00070668  0.          0.         -0.00472889]] 
Episode: 34: [[ 1.46142133e-02  5.12524566e-04 -1.01313749e-02  2.84169219e-03
   2.42799590e-03  0.00000000e+00 -1.04756572e-03  0.00000000e+00
   0.00000000e+00  2.72139674e-04]
 [ 1.17507149e-02 -1.39485672e-03 -1.16950935e-02 -9.63509176e-03
   3.38812388e-04  0.00000000e+00 -2.23816629e-03  0.00000000e+00
   0.00000000e+00 -1.65590702e-03]
 [ 9.89724509e-03 -1.92438147e-03 -1.09824827e-02 -1.23810917e-02
  -3.85454950e-05  0.00000000e+00 -1.44968054e-03  0.00000000e+00
   0.00000000e+00 -1.51426694e-03]
 [ 8.84197652e-03 -1.56135613e-03 -1.07302163e-02 -1.15074972e-02
   7.24938174e-04  0.00000000e+00 -6.45505497e-04  0.00000000e+00
   0.00000000e+00 -2.96505238e-03]
 [ 8.29069689e-03 -1.45744102e-03 -1.06409844e-02 -1.18445382e-02
   1.17120193e-03  0.00000000e+00 -7.67066958e-04  0.00000000e+00
   0.00000000e+00 -4.83974908e-03]] 
Episode: 35: [[ 0.01477262  0.00068504 -0.01038799  0.00279812  0.00270615  0.
  -0.0009856   0.          0.          0.00047798]
 [ 0.01197092 -0.00121879 -0.01186824 -0.00981453  0.00048459  0.
  -0.00221542  0.          0.         -0.00163021]
 [ 0.0100464  -0.0017093  -0.01127481 -0.01259269  0.00012402  0.
  -0.00142647  0.          0.         -0.00142074]
 [ 0.00892633 -0.00133255 -0.01106537 -0.01163573  0.00089546  0.
  -0.00062878  0.          0.         -0.00284315]
 [ 0.00833503 -0.00123913 -0.01093801 -0.01199051  0.00136575  0.
  -0.0007534   0.          0.         -0.00485324]] 
Episode: 36: [[ 0.0149702   0.00090448 -0.01053305  0.0028191   0.00301469  0.
  -0.000983    0.          0.          0.0007182 ]
 [ 0.01223275 -0.00097308 -0.01199621 -0.00996355  0.00069061  0.
  -0.00225057  0.          0.         -0.00154723]
 [ 0.01024525 -0.00142043 -0.01152927 -0.01280206  0.00035888  0.
  -0.00146565  0.          0.         -0.00126879]
 [ 0.00903321 -0.00104019 -0.01136567 -0.01176819  0.00113984  0.
  -0.00067565  0.          0.         -0.00266173]
 [ 0.00838968 -0.00099779 -0.01120584 -0.01213043  0.00159302  0.
  -0.00080763  0.          0.         -0.00478376]] 
Episode: 37: [[ 0.01509158  0.00103426 -0.01060887  0.00277842  0.0032303   0.
  -0.00092789  0.          0.          0.00098898]
 [ 0.01240021 -0.00084949 -0.0120984  -0.01016953  0.00079607  0.
  -0.00222681  0.          0.         -0.00141354]
 [ 0.01034268 -0.00127283 -0.01175631 -0.01289586  0.00047196  0.
  -0.0014412   0.          0.         -0.00106584]
 [ 0.00903179 -0.00090875 -0.01163611 -0.01177759  0.00124702  0.
  -0.00065623  0.          0.         -0.00242874]
 [ 0.00833672 -0.00092102 -0.01144742 -0.01212026  0.00166559  0.
  -0.00079027  0.          0.         -0.00464329]] 
Episode: 38: [[ 0.01514503  0.00121446 -0.01059751  0.00268308  0.00348236  0.
  -0.00093106  0.          0.          0.00128695]
 [ 0.01248459 -0.00066622 -0.0120587  -0.01042482  0.00095585  0.
  -0.00215054  0.          0.         -0.00135324]
 [ 0.01036562 -0.00110065 -0.01189008 -0.01301187  0.00060654  0.
  -0.00136034  0.          0.         -0.00095273]
 [ 0.00898951 -0.00077127 -0.01184735 -0.01180534  0.00135889  0.
  -0.00057817  0.          0.         -0.00229376]
 [ 0.00826477 -0.00084325 -0.01164522 -0.01212171  0.00173887  0.
  -0.00070996  0.          0.         -0.00444179]] 
Episode: 39: [[ 0.01524795  0.00143903 -0.01051088  0.00265644  0.00376669  0.
  -0.00098636  0.          0.          0.00149872]
 [ 0.0126238  -0.00041984 -0.01198414 -0.0107229   0.00117112  0.
  -0.00213694  0.          0.         -0.0013581 ]
 [ 0.01046132 -0.00085693 -0.01198339 -0.01319996  0.00073966  0.
  -0.00134667  0.          0.         -0.00091856]
 [ 0.00904385 -0.00060606 -0.01202766 -0.01188198  0.00145847  0.
  -0.00044817  0.          0.         -0.00224438]
 [ 0.00827301 -0.00075607 -0.01181937 -0.01213296  0.00179989  0.
  -0.00057422  0.          0.         -0.00434017]] 
Episode: 40: [[ 0.01539502  0.00157583 -0.01050955  0.00257435  0.00396233  0.
  -0.00108831  0.          0.          0.00163355]
 [ 0.01281136 -0.00028755 -0.01205236 -0.01091635  0.00128898  0.
  -0.00217929  0.          0.         -0.00142083]
 [ 0.01062013 -0.00073919 -0.01220554 -0.01328047  0.00076606  0.
  -0.00139272  0.          0.         -0.00095385]
 [ 0.00917979 -0.00057556 -0.01232482 -0.01204848  0.00144405  0.
  -0.00039185  0.          0.         -0.00226992]
 [ 0.00837576 -0.0008012  -0.01211369 -0.01226288  0.00173772  0.
  -0.00051681  0.          0.         -0.00432522]] 
Episode: 41: [[nan nan nan nan nan nan nan nan nan nan]
 [nan nan nan nan nan nan nan nan nan nan]
 [nan nan nan nan nan nan nan nan nan nan]
 [nan nan nan nan nan nan nan nan nan nan]
 [nan nan nan nan nan nan nan nan nan nan]] 
