78.866112 50.767357 46.599388 66.319260 50.818428 0.027976 
71.573845 46.756790 46.623077 63.590160 65.268158 0.000000 
69.830994 52.866676 56.354137 64.891396 53.504341 0.000000 
81.071945 46.526840 55.509117 55.066113 69.056564 0.000000 
77.631096 48.570000 56.764313 52.257942 50.927166 0.000000 
69.477829 48.361988 58.134880 51.772598 53.304245 0.027976 
77.574455 54.075603 64.213158 72.470093 60.009880 0.000000 
73.562950 49.752621 47.893871 57.899265 72.996239 0.000000 
65.574135 39.397049 44.922874 50.323498 55.918491 0.000000 
70.062500 44.509048 60.850670 51.373852 75.338417 0.000000 
77.884735 53.766518 68.267776 60.740440 68.975822 0.000000 
70.037544 41.911674 46.224747 48.018532 58.991520 0.000000 
79.528336 53.108891 58.456936 59.830856 66.942833 0.034264 
60.784695 41.915932 56.376396 64.350784 68.467514 0.000000 
75.710960 46.191982 53.681961 52.039711 53.654789 0.000000 
81.480865 36.235359 52.745579 56.842636 70.017242 0.000000 
77.689720 48.489071 63.083447 71.151207 78.402733 0.000000 
83.048363 56.725708 61.587910 71.427063 62.044811 0.000000 
78.495728 44.026340 52.825180 60.415573 60.356861 0.000000 
69.025360 49.423817 53.708614 59.417210 62.734711 0.019782 
