Episode: 1: [[0.001 0.    0.    0.    0.    0.    0.    0.    0.    0.   ]
 [0.001 0.    0.    0.    0.    0.    0.    0.    0.    0.   ]
 [0.001 0.    0.    0.    0.    0.    0.    0.    0.    0.   ]
 [0.001 0.    0.    0.    0.    0.    0.    0.    0.    0.   ]
 [0.001 0.    0.    0.    0.    0.    0.    0.    0.    0.   ]] 
Episode: 2: [[ 0.0017      0.0007      0.0007     -0.00069998  0.00069999  0.
  -0.0007      0.          0.0007      0.0007    ]
 [ 0.0017      0.00069999  0.0007     -0.00069998 -0.0007      0.
  -0.0007      0.          0.00069999  0.0007    ]
 [ 0.0017      0.00069999  0.0007     -0.00069998 -0.00069998  0.
  -0.0007      0.         -0.00069996  0.0007    ]
 [ 0.0017      0.0007      0.0007     -0.00069999  0.00069999  0.
  -0.0007      0.         -0.00069999  0.0007    ]
 [ 0.0017     -0.0007      0.0007     -0.00069999 -0.0007      0.
  -0.0007      0.         -0.0007      0.0007    ]] 
Episode: 3: [[ 0.0023945   0.00020743  0.00137576 -0.00018317  0.00018122  0.
  -0.00027514  0.          0.00021915  0.00025339]
 [ 0.00236194  0.00018263  0.00116966 -0.00018327 -0.0012351   0.
  -0.00026333  0.          0.00019392  0.00027042]
 [ 0.00234995  0.00018955  0.00080714 -0.00018332 -0.00122304  0.
  -0.00025805  0.         -0.00122378  0.00027189]
 [ 0.00236286  0.0001918   0.00073816 -0.00018351  0.00018466  0.
  -0.00025826  0.         -0.00123173  0.00027284]
 [ 0.00237822 -0.00123923  0.00064409 -0.00018368 -0.00123686  0.
  -0.00026545  0.         -0.00123609  0.00028034]] 
Episode: 4: [[ 3.06976028e-03  1.14594157e-04  1.86199695e-03  9.48000234e-05
  -5.70233424e-05  0.00000000e+00 -1.32088040e-04  0.00000000e+00
   1.05306855e-04  1.47271319e-04]
 [ 3.02811456e-03  1.06553474e-04  1.63626065e-03  9.48733432e-05
  -1.40331429e-03  0.00000000e+00 -8.22815418e-05  0.00000000e+00
  -8.37468979e-05  1.32751942e-04]
 [ 3.00719682e-03  1.46960592e-04  1.26093545e-03  9.37027580e-05
  -1.30527944e-03  0.00000000e+00 -5.85653652e-05  0.00000000e+00
  -1.56212796e-03  1.08418564e-04]
 [ 3.02047306e-03  1.73310342e-04  1.18557503e-03  8.95473568e-05
   1.81458294e-04  0.00000000e+00 -5.67917559e-05  0.00000000e+00
  -1.55340601e-03  1.07987413e-04]
 [ 2.99538393e-03 -1.16651866e-03  1.08313002e-03  5.58713145e-05
  -1.11885730e-03  0.00000000e+00 -1.37965879e-04  0.00000000e+00
  -1.56910811e-03  2.13373394e-04]] 
