85.637093 82.219093 75.653305 77.214676 75.560905 0.000000 
84.131844 67.920471 65.484230 74.915710 77.530449 0.027976 
79.451714 67.794106 62.516449 72.242226 78.208946 0.027976 
87.867088 71.617760 75.962601 81.897118 78.287262 0.034264 
79.258690 63.116829 65.753922 60.008907 76.369492 0.000000 
84.007248 75.669296 78.232819 79.789116 73.533363 0.000000 
83.262222 74.393005 67.185455 84.911423 68.908646 0.000000 
80.489418 70.291824 69.420456 71.667976 102.843552 0.027976 
79.214943 63.853100 63.440208 63.414097 74.679222 0.000000 
84.041885 73.060875 69.112144 68.471077 64.894714 0.000000 
85.085167 71.221306 70.476929 76.031715 82.387428 0.000000 
74.092331 67.214409 67.251282 72.771988 81.030540 0.019782 
83.889511 62.127369 62.180660 71.931885 72.981384 0.000000 
83.306076 86.001900 77.082230 85.750374 81.318558 0.000000 
81.694870 72.590012 74.376305 70.033371 79.670235 0.034264 
81.831017 67.627029 72.735260 73.754967 80.806015 0.000000 
83.980255 69.989571 81.889023 83.586082 75.313385 0.019782 
86.496841 73.084000 60.789856 85.810844 80.294708 0.027976 
83.278862 74.642181 71.430931 75.538322 78.907333 0.000000 
76.810265 64.811203 75.740158 69.868904 76.309120 0.019782 
