68.876625 69.117775 65.990700 65.515724 69.328865 
70.908867 69.764954 68.838203 66.875374 75.809044 
72.734299 72.016457 71.206207 69.558266 74.377052 
69.985260 68.447067 68.625694 66.183273 76.768700 
67.112686 62.855171 61.027412 58.665001 52.411514 
67.739067 64.549690 61.682079 64.623138 69.085434 
71.829765 69.832932 67.167274 64.679291 66.067635 
70.962326 71.822380 69.867714 72.396881 77.201332 
67.971664 68.668114 66.757317 65.838943 71.635437 
67.838440 64.594543 64.464737 62.410065 64.249451 
70.123077 67.871780 65.981522 62.874306 73.638718 
70.417801 71.582451 71.030296 70.133148 63.452797 
68.972115 65.686501 62.452499 58.305408 64.029266 
67.296051 66.425438 61.071915 57.848080 68.067284 
70.638428 70.056511 69.133011 68.360664 68.693573 
69.538475 66.598259 63.785633 59.753468 64.867508 
68.367165 66.544762 64.518745 62.327755 75.239265 
72.697922 71.659012 72.340149 71.349907 81.041031 
70.875427 69.338417 65.730492 67.679077 74.020882 
70.048027 69.144012 67.517342 68.595459 67.448494 
