82.080208 26.693520 39.628189 33.034256 57.172604 0.000000 
82.002480 43.194450 41.439014 35.837620 44.179268 0.000000 
81.585747 40.344791 52.230656 43.143772 53.835541 0.000000 
86.075531 41.495911 51.222134 42.281620 49.748989 0.000000 
82.603706 28.482891 40.645309 37.251942 46.517899 0.019782 
80.351723 33.463741 41.452629 34.193245 48.930630 0.000000 
66.840240 33.395061 36.951763 40.298813 45.420330 0.019782 
81.075714 42.290066 49.536320 39.178398 48.020199 0.034264 
77.306137 39.355640 48.842106 38.560608 48.467434 0.000000 
76.791779 35.886108 43.216499 40.411461 48.754601 0.000000 
76.985588 41.679756 45.654827 43.854210 45.112625 0.019782 
84.907120 41.690575 45.351929 42.484631 48.546787 0.019782 
87.310387 42.613056 45.154877 42.729988 52.361946 0.000000 
63.528355 46.542065 53.554863 53.151020 46.367699 0.034264 
81.919960 38.025288 41.885307 38.756626 49.283478 0.000000 
75.518486 32.961575 37.960365 39.811192 45.230343 0.019782 
75.371346 43.152142 43.827812 40.515453 43.328125 0.034264 
81.039299 53.852242 56.285427 56.090328 48.631363 0.000000 
78.378654 32.556465 35.284481 41.039803 46.963013 0.027976 
73.317322 36.072617 39.580906 35.000626 46.156216 0.000000 
