89.860977 90.025452 89.774826 89.777351 89.656281 
90.161179 90.269920 90.070000 90.277664 89.799561 
90.018234 89.820976 90.159866 90.023232 89.783035 
90.046745 89.956291 89.470627 89.802917 89.910439 
89.568939 89.604942 89.763893 89.862297 90.076340 
90.017952 89.603653 89.752159 89.453522 89.873474 
89.889984 90.045937 89.877762 89.799446 89.715088 
89.984039 89.714241 89.637024 89.896660 89.815056 
89.924736 89.753685 90.013474 89.694153 89.809723 
89.834473 90.086708 90.143265 89.837433 89.797531 
89.954208 89.818878 89.772072 89.601593 90.037384 
89.886749 89.774582 89.974777 89.980545 89.597588 
89.793701 90.152100 89.786125 89.593658 89.734222 
89.965782 90.118370 90.209030 89.797821 89.886086 
89.834808 90.039680 89.895126 90.350349 89.947548 
89.815964 89.951950 89.707123 90.287918 89.781952 
89.837723 89.968643 90.236702 90.167015 90.149811 
89.971298 89.993507 89.875580 89.711571 89.749695 
89.657623 89.911835 90.194000 90.002106 89.864265 
89.981995 90.004402 90.185905 90.013222 90.026443 
