90.087379 90.004326 90.161278 89.691887 88.919876 
88.981941 87.574661 86.305794 86.688126 87.632172 
89.269997 88.170021 87.662086 88.148476 89.279854 
88.803268 88.309143 88.905655 88.743279 87.073639 
89.706795 89.610420 89.330925 88.489578 88.207764 
89.284866 89.681854 89.129990 89.250374 88.033127 
89.605995 89.654228 90.112267 89.738411 88.889961 
88.944122 87.886368 86.667908 86.993134 87.828918 
89.085091 88.662704 88.282646 88.552483 87.309921 
89.802551 89.217361 89.222801 88.948952 88.536308 
89.671638 89.656006 90.264130 90.753586 89.805885 
89.769150 91.129700 91.830086 90.526367 89.675888 
89.718605 89.282471 89.208801 88.433426 89.619972 
89.594215 89.925995 90.356354 90.272705 89.422958 
88.687187 87.370056 86.500282 86.265587 88.212257 
89.289352 89.155716 88.810799 88.431229 89.512840 
89.067963 88.192986 87.191498 87.915527 85.784798 
88.930359 88.479034 88.762337 88.503937 85.806335 
90.052246 90.090012 89.656670 90.134758 88.828651 
89.418808 86.566689 84.496826 83.830193 86.406342 
