47870.574219 
3.847290 
3.771859 
3.836829 
3.855546 
3.893648 
3.865682 
3.872274 
3.856968 
3.897384 
3.861205 
3.882829 
3.879153 
3.843539 
3.854063 
11.085443 
3.827991 
3.861097 
3.982555 
3.861896 
3.863806 
3.817405 
3093.409668 
3.865626 
3.842967 
4.203504 
3.886325 
3.851955 
6.999947 
3.857454 
4.893185 
1306635.500000 
137.712997 
3.883377 
3.891888 
2618.428711 
3.850147 
3.881563 
3.830903 
3.850147 
3.877119 
6.418939 
4.243782 
3.720081 
17365380.000000 
4.186960 
3.850147 
64.089859 
14.662368 
327172.406250 
3.850147 
6735316173979648.000000 
58894988.000000 
3.873013 
427511380967424.000000 
10160063905792.000000 
77932.320312 
329674139893760.000000 
639141092704387072.000000 
3.850147 
3.850147 
3.850147 
3.850147 
246095921152.000000 
2146.087158 
3.850147 
3.850147 
393815517036544.000000 
648622806925312.000000 
3.857986 
3.850147 
