Episode: 1: [[ 8.25088173e-02  8.15088600e-02 -1.98406708e+00  3.00004542e-01
   1.64917931e-02  9.03608650e-03]
 [ 1.13980221e-02  1.03980200e-02 -1.47886074e+00  9.41131413e-02
  -1.95879471e-02 -3.37984897e-02]
 [ 1.23760372e-01  1.22760430e-01 -8.40926170e-01 -5.81547655e-02
   3.60293174e-03  2.91896379e-03]
 [-1.21396057e-01 -1.22396074e-01 -3.04179877e-01  3.49254832e-02
   1.21322498e-02  1.02373725e-03]
 [ 5.13899803e-01  5.12899637e-01 -3.74135286e-01 -2.54368912e-02
   2.84443842e-03  1.05373177e-03]] 
Episode: 11: [[ 8.2082964e-02  8.1083007e-02 -1.9816539e+00  2.9842272e-01
   1.8207213e-02  9.4972551e-03]
 [ 1.0816150e-02  9.8161483e-03 -1.4764600e+00  9.2540510e-02
  -1.7972587e-02 -3.5104405e-02]
 [ 1.2263645e-01  1.2163651e-01 -8.3816552e-01 -5.9743185e-02
   4.7663948e-03  9.0170349e-04]
 [-1.2301128e-01 -1.2401130e-01 -3.0315191e-01  3.2584362e-02
   1.3915343e-02 -2.1424712e-05]
 [ 5.1454622e-01  5.1354605e-01 -3.7614337e-01 -2.6671259e-02
   1.2282033e-03  1.1451367e-03]] 
