3704.775879 1214.536499 462.670746 445.747375 186.524734 
2210.483398 1784.165161 1829.958618 3742.194336 3127.486816 
1553.414185 887.187439 578.787415 325.217682 10489.801758 
1719.268066 1064.920654 500.280670 305.621460 12122.649414 
1493.979492 889.135559 621.850647 292.194733 7901.500000 
1804.358521 968.411926 931.061584 1187.280640 4198.823730 
1803.607056 1023.466248 592.208862 266.027283 10495.859375 
2135.197021 1435.593140 1064.640503 652.911743 29622.208984 
1828.530029 1349.863647 1355.950928 1381.831421 3602.739258 
2048.395996 1200.955200 751.100952 362.697632 19484.361328 
1911.320068 1471.198120 1692.437378 2578.068359 1032.326172 
1737.807007 1114.180908 985.005554 1502.391602 4078.707275 
2484.149658 1692.557007 1212.722534 1117.063232 36524.167969 
