Episode: 1: [[0.2 0.2 0.2 0.2 0.2]] 
Episode: 2: [[0.2001 0.1999 0.1999 0.1999 0.1999]] 
Episode: 3: [[0.20017698 0.19982351 0.19982302 0.19982299 0.19982298]] 
Episode: 4: [[0.20025407 0.19974115 0.19974595 0.19974646 0.19974664]] 
Episode: 5: [[0.20032857 0.19965604 0.19967154 0.19967316 0.1996737 ]] 
Episode: 6: [[0.2004109  0.19956641 0.19958931 0.19959204 0.19959292]] 
Episode: 7: [[0.200499   0.1994732  0.19950129 0.1995048  0.1995059 ]] 
Episode: 8: [[0.2005867  0.19937903 0.19941373 0.19941813 0.19941947]] 
Episode: 9: [[0.20067169 0.199285   0.19932897 0.19933458 0.19933623]] 
Episode: 10: [[0.20075522 0.1991948  0.1992457  0.19925217 0.19925398]] 
Episode: 11: [[0.20083919 0.19910252 0.19916213 0.19916964 0.19917157]] 
Episode: 12: [[0.20091887 0.1990158  0.19908284 0.19909121 0.19909322]] 
Episode: 13: [[0.20100284 0.19892748 0.19899933 0.19900818 0.19901007]] 
