69539.046875 16242.329102 11044.149414 7097.108887 39144.832031 
93035.515625 17913.287109 8579.617188 7093.160156 55576.550781 
68090.468750 11013.041016 7436.684570 5963.362305 21290.636719 
72092.820312 10740.248047 8062.483887 5495.695312 47830.242188 
61637.003906 12747.564453 6424.566895 5091.251465 26086.445312 
73351.593750 19810.794922 14761.682617 13925.103516 57664.382812 
81780.062500 20171.849609 12184.262695 10141.917969 75972.218750 
72300.312500 10774.402344 10049.125000 6324.615234 32212.642578 
65969.640625 10617.343750 8312.822266 10772.416992 47991.148438 
55680.265625 8806.628906 5405.791016 3883.780029 30433.185547 
69315.828125 11153.056641 9908.515625 7480.926270 47314.339844 
84996.750000 16281.916992 13173.145508 7121.564941 84974.351562 
76818.093750 12652.847656 12681.198242 7708.441406 36480.562500 
80471.984375 12923.021484 5568.047852 5057.833496 35087.554688 
67001.117188 16567.263672 11615.155273 7122.310547 56495.871094 
65845.570312 10391.426758 12344.235352 12546.912109 41378.515625 
56031.273438 10908.842773 5156.371094 4819.943359 31413.046875 
60441.011719 13562.000000 8280.321289 6893.180176 72058.937500 
65057.300781 8209.539062 4886.416504 3887.242676 32788.550781 
66355.984375 14297.608398 7902.834473 6045.267578 44634.078125 
