81.705887 83.304047 84.917038 85.120026 76.742226 
85.228729 86.622864 86.267441 86.021858 73.411964 
86.532089 86.958893 88.371750 88.671944 76.410065 
85.902252 86.305099 86.282814 86.584442 72.681305 
83.701248 85.069061 85.199631 83.589706 77.867058 
81.379898 82.609154 83.311356 83.849075 75.129662 
85.529999 86.832367 88.085732 88.531517 74.588959 
83.163261 85.739845 87.012741 86.513817 77.206619 
84.432442 85.915634 86.348557 85.542206 76.185852 
84.931618 85.621124 85.751884 84.838478 74.681107 
83.247269 84.813156 86.144798 86.416061 75.494652 
86.634941 87.802971 88.636101 88.499924 74.245781 
81.339722 81.947792 83.446281 83.920265 77.000229 
85.847565 86.392578 87.026299 85.684845 71.595528 
84.239532 85.590775 86.981171 86.845329 75.798286 
84.241280 84.908844 84.568420 83.659027 72.118683 
83.202370 84.034706 85.367722 84.864899 74.707161 
86.275070 86.123779 88.364075 85.091019 71.335594 
84.843674 85.085968 86.149040 86.465134 74.433846 
87.118591 86.465569 87.656273 86.566574 71.781609 
