73.136269 69.157928 66.975372 64.901230 70.126923 
69.688408 67.065079 64.464531 63.049984 74.045921 
70.568565 67.163483 64.902824 62.265202 72.897766 
69.902252 68.124413 65.756264 63.759350 71.189964 
71.695358 68.811310 65.901688 64.284012 75.902649 
73.418587 72.458115 72.305008 75.492485 67.193100 
69.317673 66.048798 65.720016 65.380013 74.503235 
71.243797 69.570007 71.239128 71.348549 72.093224 
66.801888 64.856354 62.982475 59.054020 70.565598 
68.958595 65.317406 62.425968 58.275562 66.562492 
74.980598 72.335701 72.594383 72.097908 68.792229 
67.623215 62.123154 60.379383 56.699608 65.771828 
69.079460 64.813606 64.530304 65.941132 71.863365 
70.013763 65.378220 62.313210 62.458118 67.752144 
68.782654 66.044151 64.209724 63.930977 74.454369 
74.773781 74.163795 73.118317 71.156769 67.890213 
64.362076 60.647038 54.238914 51.321674 56.774590 
72.235260 67.820862 65.847870 62.149101 63.220181 
68.998955 69.015617 71.194405 67.331200 74.440720 
70.146385 66.186676 64.282227 63.946556 70.978630 
