88.538460 89.286842 86.606941 91.116188 95.296524 0.019782 
93.409180 41.232864 83.792480 113.613747 94.062531 0.027976 
0.000000 0.000000 47.735218 139.355164 102.878777 0.000000 
0.000000 0.000000 58.253464 139.019104 90.892586 0.000000 
0.000000 0.000000 94.783203 121.420464 79.432365 0.027976 
91.573921 98.175873 91.157188 91.947647 97.621826 0.000000 
87.653038 7.313514 59.671085 57.589130 69.927872 0.019782 
0.000000 0.000000 89.850983 69.518211 52.405624 0.000000 
88.237373 79.650444 86.075623 87.588165 78.125336 0.019782 
90.996681 161.140579 98.572403 86.723381 79.591805 0.000000 
86.582634 87.236511 91.244598 94.251160 74.076775 0.000000 
103.236778 99.545967 111.787636 94.559784 129.787979 0.000000 
117.652519 97.850784 125.328972 100.350677 96.302162 0.027976 
128.484818 103.342125 79.289803 50.833015 79.596931 0.000000 
51.626007 74.674507 114.106773 98.662819 86.727615 0.019782 
0.000000 0.000000 0.000000 0.000000 0.000000 0.034264 
107.669403 124.697853 92.286522 109.257805 87.424591 0.000000 
57.697586 75.694412 114.833282 70.991745 86.656029 0.019782 
138.096085 129.415009 126.371330 129.526337 101.756073 0.034264 
136.927689 116.863823 121.672081 129.969833 106.314690 0.019782 
72.594292 107.800598 112.908661 90.951645 83.981079 0.034264 
49.169109 80.684021 118.336845 92.003265 85.246201 0.019782 
106.074226 77.612518 58.091698 71.617004 104.368126 0.034264 
52.795300 74.110115 116.876823 80.778366 81.199509 0.019782 
139.911026 148.119125 112.484268 122.810349 108.433716 0.000000 
52.282528 24.611618 43.604324 64.491982 67.459518 0.000000 
113.918129 152.380920 79.725380 72.580154 75.604576 0.019782 
76.360664 38.693031 45.744896 48.495171 44.919800 0.000000 
0.000000 0.000000 46.892445 32.828255 82.716240 0.000000 
79.009239 10.648581 63.059700 33.949760 73.139313 0.000000 
0.000000 0.000000 129.436966 152.074371 99.185448 0.000000 
89.121147 79.109856 90.689972 97.306412 89.091446 0.000000 
78.346321 53.246952 72.568367 69.799538 64.579964 0.000000 
0.000000 0.000000 135.038147 147.011215 85.460266 0.019782 
0.000000 0.000000 136.708801 164.386475 96.676231 0.019782 
122.905884 151.118713 142.468338 148.803207 96.026794 0.000000 
0.000000 0.000000 51.371708 55.069618 62.095516 0.000000 
66.260765 40.410213 50.899220 54.412010 82.010193 0.000000 
0.000000 0.000000 39.079311 35.195614 56.189426 0.000000 
86.215691 70.533737 73.006088 84.105904 88.327278 0.000000 
124.691689 118.050354 137.964508 142.707184 105.172523 0.000000 
0.000000 0.000000 127.790596 83.479156 39.503204 0.027976 
59.646729 42.211884 55.362537 31.720152 98.838425 0.027976 
79.652275 75.853378 80.764267 81.447952 102.316681 0.000000 
33.325523 19.379656 69.875641 59.533997 84.336662 0.034264 
50.935154 47.238457 113.815201 70.252228 88.973198 0.000000 
26.627373 82.374290 102.417793 58.319118 72.264397 0.000000 
36.324753 77.261398 93.820526 68.343735 77.359337 0.000000 
56.388454 76.327461 122.617439 69.724449 83.823692 0.000000 
130.526260 100.141655 66.231430 46.409691 89.706177 0.027976 
147.808182 110.340172 56.946724 49.050278 72.217461 0.019782 
89.940102 109.290680 70.639755 50.648190 81.961906 0.000000 
105.354462 113.764687 80.975883 40.402706 91.272697 0.019782 
87.120621 156.492081 159.296310 130.128296 114.112488 0.027976 
0.000000 0.000000 0.000000 0.000000 0.000000 0.000000 
119.876961 20.896315 53.854366 46.213264 90.507401 0.000000 
0.000000 0.000000 0.000000 0.000000 0.000000 0.039565 
160.083588 97.195290 137.841873 137.309341 89.450493 0.027976 
38.942589 71.587883 100.912315 134.222839 83.033966 0.000000 
105.553452 100.526405 135.152039 123.378281 89.064934 0.027976 
73.445770 7.622000 56.361683 10.375663 80.723717 0.000000 
0.000000 0.000000 0.000000 0.000000 0.000000 0.034264 
115.871582 137.944290 148.727005 117.328766 78.759148 0.027976 
98.238647 159.586334 150.725845 135.712296 72.655090 0.000000 
162.900543 137.909714 136.792328 109.077370 89.285133 0.000000 
112.627464 146.450241 138.867828 129.891373 92.048019 0.000000 
0.000000 0.000000 0.000000 0.000000 109.267715 0.000000 
0.000000 0.000000 0.000000 0.000000 0.000000 0.027976 
134.103012 132.734283 149.081833 129.681519 97.414642 0.019782 
130.158463 128.599228 144.856567 144.316208 87.388283 0.019782 
0.000000 0.000000 0.000000 0.000000 0.000000 0.039565 
113.615685 161.832047 150.004257 77.305107 86.917152 0.000000 
157.248489 89.817841 173.757767 163.164780 108.573822 0.019782 
162.917679 147.935287 153.940643 131.069550 153.036133 0.000000 
47.320419 144.805191 173.980209 161.732971 96.799660 0.019782 
