120014.101562 35803.058594 36288.273438 14709.091797 60917.207031 
131895.031250 39611.347656 46999.699219 46908.265625 43505.730469 
121888.695312 51710.339844 56933.523438 66485.210938 128917.375000 
121358.039062 63593.839844 79358.476562 125245.875000 219666.078125 
211539.187500 109986.171875 161680.015625 160217.546875 151240.875000 
254899.781250 636174.750000 327747.437500 432322.375000 262015.765625 
120136.539062 25320.716797 48339.386719 30495.888672 94378.937500 
122051.203125 29174.820312 36833.000000 78126.257812 131485.265625 
102993.726562 27229.390625 24204.187500 25325.849609 93767.625000 
184438.687500 318271.250000 368963.625000 276039.093750 331572.750000 
89815.835938 31296.679688 23295.947266 30249.173828 88165.773438 
132793.265625 48286.527344 45718.773438 44849.515625 236215.781250 
122434.554688 47765.175781 65878.757812 75867.062500 115790.539062 
145634.031250 46905.656250 33141.816406 43576.257812 238224.640625 
210220.656250 50455.589844 68298.804688 107513.726562 67323.382812 
184041.000000 173421.937500 282622.406250 116616.515625 160499.359375 
131646.625000 43246.773438 50906.800781 94931.125000 101336.953125 
120442.781250 42197.507812 35530.882812 41292.203125 158366.343750 
98887.507812 23784.943359 25098.482422 32928.812500 138285.265625 
111376.859375 46310.593750 53460.789062 57657.429688 232954.234375 
