205246.437500 546185.500000 833576.562500 1499838.000000 1299501.750000 1814472.125000 424480.093750 1371153.750000 570271.812500 343650.000000 
200193.703125 270516.312500 230111.750000 263397.562500 1042205.687500 459555.656250 77868.164062 21059.976562 209581.078125 28792.558594 
206281.296875 302200.906250 419540.062500 673909.625000 984774.437500 960827.125000 353321.343750 102038.875000 223057.734375 116567.601562 
251065.093750 469711.125000 304961.250000 521812.687500 550053.062500 643098.000000 298310.312500 410361.687500 62118.921875 740084.062500 
156436.546875 181130.718750 280633.000000 285033.843750 588894.062500 803575.875000 597239.187500 741361.875000 455544.250000 987904.937500 
186599.078125 301758.843750 533084.187500 761988.125000 1176464.625000 1471131.750000 582485.625000 330102.218750 250553.343750 137318.765625 
300058.687500 675966.312500 427517.562500 349303.062500 182440.515625 995061.312500 377489.343750 158233.171875 51588.648438 124402.187500 
218656.500000 287068.093750 160967.796875 149880.218750 277972.406250 362760.343750 198702.968750 34085.382812 15478.536133 12874.718750 
189127.046875 163142.406250 176545.734375 181239.750000 606131.750000 1369042.500000 143845.000000 57669.101562 103710.773438 84934.890625 
255764.937500 607815.875000 450090.218750 724254.500000 979376.625000 2110782.000000 364236.562500 152314.281250 104015.875000 331803.906250 
171687.250000 347637.906250 479574.750000 565827.625000 533939.750000 2747716.250000 524354.375000 297319.468750 280529.406250 69870.085938 
191531.609375 499049.031250 369879.281250 280846.375000 267581.468750 934174.750000 101198.703125 79291.210938 109395.195312 89236.250000 
249912.812500 334847.781250 666507.875000 1295673.125000 1171844.875000 958649.437500 1007745.312500 1180578.250000 228754.125000 239731.109375 
191246.765625 292530.500000 613264.875000 794221.812500 819938.000000 1817445.250000 910795.750000 1280959.750000 246100.203125 151716.828125 
312395.843750 758081.625000 848230.125000 815387.625000 1332226.500000 1006886.187500 657623.375000 249293.593750 117259.406250 603995.812500 
271860.281250 509391.312500 715949.750000 718910.312500 949592.562500 1099869.625000 383569.156250 231872.109375 208989.109375 131386.687500 
188740.453125 163573.140625 117710.976562 131960.578125 181261.015625 759784.750000 205760.937500 545836.250000 203173.421875 176015.640625 
246803.531250 1608986.375000 1921014.625000 3146396.000000 2432548.500000 2754589.250000 1995334.500000 1363853.375000 773847.000000 2258820.000000 
207290.968750 367225.656250 465081.031250 637156.750000 697267.812500 2136147.750000 671690.187500 185468.781250 70897.140625 19089.982422 
206499.718750 248931.078125 227069.734375 158723.187500 316475.343750 166746.468750 166098.765625 58866.617188 76061.664062 189775.812500 
