90.539200 89.405762 83.389610 85.131279 70.440895 0.019782 
70.515343 51.253433 46.181767 41.548481 39.055592 0.027976 
80.178459 68.119507 63.828751 49.346912 39.010696 0.000000 
82.794113 64.331238 63.507996 51.795452 35.777679 0.000000 
81.515976 52.323647 45.480251 48.767746 32.701599 0.000000 
71.147446 57.466969 54.812458 49.505764 27.428293 0.000000 
75.509995 63.769299 64.109810 66.411491 35.935158 0.019782 
82.191116 50.670910 56.033611 61.394157 47.188690 0.000000 
87.020721 76.792725 67.080238 58.292725 37.773357 0.000000 
66.392601 50.200233 54.460247 48.543343 35.189083 0.000000 
73.368370 55.697353 60.669563 52.264679 41.581738 0.000000 
72.242790 57.930370 51.540512 51.960205 39.797043 0.019782 
77.379341 71.441223 57.434330 51.791920 38.881462 0.000000 
79.610313 61.127827 53.526451 58.450748 36.194393 0.027976 
75.810310 71.723732 70.035721 76.905380 43.484997 0.000000 
86.757500 71.559059 66.748039 51.550720 35.401966 0.027976 
76.466003 56.330006 62.705269 53.137421 35.028736 0.000000 
73.373657 48.328693 49.179928 55.972046 56.934341 0.034264 
73.858894 61.460804 57.847340 51.378418 40.561485 0.000000 
75.259163 62.579422 63.060772 50.142944 41.714180 0.019782 
