Episode: 1: [[ 0.03670197  0.04222658  0.02354381  0.03642253  0.051794  ]
 [ 0.03662758  0.01350508 -0.01679348  0.0222735   0.07144129]
 [ 0.04457612  0.03806616  0.18245347  0.26579988 -0.03543488]
 [ 0.13226561  0.13891432  0.2436542   0.2653265  -0.01454908]
 [ 0.0858404   0.09579361  0.1351976   0.17207818 -0.3177197 ]] 
Episode: 11: [[ 0.03523991  0.04075859  0.02321137  0.03599419  0.05063956]
 [ 0.03568233  0.01261897 -0.01699365  0.02181816  0.07054593]
 [ 0.04368161  0.03736634  0.18229328  0.26551807 -0.03601805]
 [ 0.13156368  0.13822664  0.24351898  0.26506647 -0.01514626]
 [ 0.08538248  0.09589101  0.13507555  0.17183328 -0.31738126]] 
Episode: 21: [[ 0.03505452  0.04079661  0.02230798  0.03491913  0.05090087]
 [ 0.03560035  0.01267408 -0.01773774  0.02078576  0.0706671 ]
 [ 0.04367204  0.03750155  0.18143623  0.26441672 -0.0358194 ]
 [ 0.13174795  0.13851006  0.24257882  0.26393244 -0.01483025]
 [ 0.08494092  0.09658665  0.13410835  0.17089693 -0.31623897]] 
Episode: 31: [[ 0.03526989  0.04129239  0.02132923  0.03388586  0.05155589]
 [ 0.03593098  0.01312038 -0.01862546  0.01978883  0.07118068]
 [ 0.04412597  0.03806587  0.18046938  0.26336813 -0.03521158]
 [ 0.13234723  0.13919738  0.24154584  0.26285407 -0.01411248]
 [ 0.08522241  0.09762593  0.13314421  0.16991831 -0.31514418]] 
Episode: 41: [[ 0.03524738  0.04156331  0.02069335  0.03322587  0.05199704]
 [ 0.03622787  0.01348677 -0.01927823  0.01907609  0.07159393]
 [ 0.04450304  0.03850086  0.17980781  0.26266313 -0.03475654]
 [ 0.13277526  0.13966861  0.24088089  0.26216754 -0.01362677]
 [ 0.08568553  0.09849209  0.13263729  0.1693706  -0.31444225]] 
Episode: 51: [[ 0.03515735  0.04168142  0.02041657  0.03292779  0.05221065]
 [ 0.03646627  0.01371626 -0.01960347  0.01868383  0.0718032 ]
 [ 0.04472067  0.03872911  0.1794701   0.26225692 -0.03454878]
 [ 0.13295975  0.13987699  0.24051613  0.2617478  -0.01341514]
 [ 0.08673     0.09953644  0.13255993  0.16919589 -0.3140232 ]] 
Episode: 61: [[ 0.0347587   0.04155957  0.01998915  0.03236116  0.05226362]
 [ 0.03635617  0.01368793 -0.02002696  0.01804977  0.07180489]
 [ 0.04466633  0.03874141  0.17905879  0.2616395  -0.03452908]
 [ 0.13295394  0.13993427  0.24006371  0.26111168 -0.01334202]
 [ 0.08747578  0.10049275  0.13235272  0.16896486 -0.31337482]] 
Episode: 71: [[ 0.03463339  0.04162953  0.0195628   0.03185759  0.05244976]
 [ 0.03637297  0.01380696 -0.02047016  0.01748201  0.07195938]
 [ 0.04474977  0.038886    0.17860155  0.2610336  -0.03438121]
 [ 0.13308522  0.14011359  0.23958062  0.2604891  -0.01316147]
 [ 0.08816196  0.10136844  0.13220492  0.16882919 -0.31273934]] 
Episode: 81: [[ 0.03437133  0.04152375  0.01941495  0.03164253  0.05245197]
 [ 0.036275    0.01379546 -0.02067052  0.01716879  0.07196729]
 [ 0.04471341  0.03888773  0.17838417  0.2606771  -0.0343887 ]
 [ 0.13304341  0.14010581  0.23935182  0.26013476 -0.0131638 ]
 [ 0.08891573  0.1021715   0.13221003  0.16878107 -0.31238547]] 
Episode: 91: [[ 0.03399123  0.04128829  0.0192502   0.03133298  0.05231291]
 [ 0.03597306  0.01360943 -0.02086891  0.01679195  0.07182414]
 [ 0.0445322   0.03876963  0.1781781   0.26029375 -0.03449835]
 [ 0.13290751  0.14001927  0.23914003  0.2597689  -0.01323825]
 [ 0.08936395  0.10278687  0.13215326  0.16873014 -0.31200042]] 
Episode: 101: [[ 0.03341233  0.04099911  0.01879166  0.03074095  0.05227403]
 [ 0.03570671  0.01350303 -0.02134953  0.01614838  0.07181986]
 [ 0.04443668  0.03877978  0.17775168  0.25974157 -0.0344332 ]
 [ 0.13290411  0.14007908  0.2387698   0.25930434 -0.01314351]
 [ 0.08912534  0.10308363  0.13174364  0.16836068 -0.3114655 ]] 
Episode: 111: [[ 0.03313393  0.04088536  0.01849863  0.03036471  0.05229231]
 [ 0.03555878  0.01347078 -0.0216865   0.01571792  0.07186157]
 [ 0.04443469  0.03884839  0.17740643  0.25931275 -0.03433217]
 [ 0.13295963  0.14018321  0.23844476  0.2589178  -0.01301616]
 [ 0.0893049   0.10353832  0.13150911  0.16812241 -0.31104615]] 
Episode: 121: [[ 0.03296278  0.04078217  0.01851466  0.03037906  0.05225142]
 [ 0.03558379  0.01350151 -0.02166425  0.01574206  0.07188482]
 [ 0.04450773  0.03891254  0.17738573  0.2592852  -0.03429014]
 [ 0.13298558  0.1402055   0.23839796  0.25884882 -0.01300311]
 [ 0.08982617  0.10402427  0.13174793  0.16830724 -0.31097278]] 
Episode: 131: [[ 0.03261268  0.04055187  0.01865879  0.03047809  0.05208021]
 [ 0.03553754  0.01343803 -0.0215656   0.01577782  0.07178174]
 [ 0.04445388  0.03884083  0.17743616  0.25924885 -0.03440274]
 [ 0.13287692  0.1400881   0.23841769  0.25875965 -0.01314483]
 [ 0.090613    0.10470323  0.13214687  0.16863824 -0.31091037]] 
Episode: 141: [[ 0.03215533  0.0402714   0.01877065  0.03050795  0.05188153]
 [ 0.03541264  0.01332519 -0.0215731   0.01567321  0.0716501 ]
 [ 0.0443291   0.03872427  0.17740948  0.2591041  -0.034539  ]
 [ 0.13269725  0.13992903  0.23838776  0.25861284 -0.0133005 ]
 [ 0.09158704  0.10557185  0.13237073  0.16876404 -0.31076705]] 
Episode: 151: [[ 0.03132194  0.03974249  0.01883339  0.03051918  0.05162515]
 [ 0.03513309  0.01312087 -0.02147885  0.015666    0.07145338]
 [ 0.04417882  0.03856975  0.17747751  0.2590329  -0.03473523]
 [ 0.13252653  0.1397467   0.23840187  0.2584537  -0.01351635]
 [ 0.09242893  0.10636176  0.13293667  0.16931772 -0.31060505]] 
Episode: 161: [[ 0.03090839  0.0394307   0.01905361  0.03072377  0.05142905]
 [ 0.03514544  0.01311555 -0.0212258   0.01590314  0.07137968]
 [ 0.0442183   0.03854477  0.17769924  0.25919184 -0.03485397]
 [ 0.13244316  0.13961552  0.23855148  0.25847164 -0.01371588]
 [ 0.09347191  0.10717323  0.13370118  0.170046   -0.31063056]] 
Episode: 171: [[ 0.03091878  0.03968536  0.01873072  0.03051496  0.05184499]
 [ 0.03545722  0.01343548 -0.0214211   0.01570201  0.07165964]
 [ 0.0446144   0.03892228  0.17744581  0.2589422  -0.03453434]
 [ 0.13290732  0.14005207  0.23819736  0.2581211  -0.01333732]
 [ 0.09379274  0.10768876  0.13373056  0.17003232 -0.3103232 ]] 
Episode: 181: [[ 0.03094351  0.04019862  0.01813348  0.03014879  0.05262779]
 [ 0.03593386  0.01391859 -0.0218139   0.01533132  0.07211912]
 [ 0.04526075  0.03955635  0.1769669   0.2585433  -0.03394596]
 [ 0.13374719  0.14085606  0.23753129  0.2575947  -0.01257596]
 [ 0.09438752  0.10869962  0.13367465  0.16977802 -0.30987343]] 
Episode: 191: [[ 0.03066569  0.0401887   0.01803807  0.03012345  0.05278812]
 [ 0.03603406  0.01397385 -0.02181932  0.01530026  0.07215225]
 [ 0.0453723   0.03964768  0.1769088   0.25844276 -0.03389069]
 [ 0.13395387  0.1410191   0.23740274  0.25743395 -0.01245805]
 [ 0.09462626  0.10905415  0.13396949  0.1700272  -0.30978918]] 
Episode: 201: [[ 0.03036615  0.0400308   0.01812011  0.03018991  0.0527166 ]
 [ 0.03606078  0.01395427 -0.02170452  0.01538801  0.07209699]
 [ 0.04538754  0.03963092  0.17697084  0.258442   -0.03395345]
 [ 0.13393724  0.14097372  0.23741716  0.25735962 -0.0125392 ]
 [ 0.09505441  0.10944575  0.13435782  0.17038618 -0.30977663]] 
Episode: 211: [[ 0.02989953  0.03969657  0.01826199  0.03024859  0.05247798]
 [ 0.03599058  0.01386381 -0.02155233  0.01546633  0.0719621 ]
 [ 0.04531153  0.03953578  0.17705263  0.2584136  -0.03409935]
 [ 0.13377473  0.14080057  0.23744702  0.2572334  -0.01274129]
 [ 0.09568255  0.11005686  0.13480218  0.17078394 -0.30971214]] 
Episode: 221: [[ 0.02933021  0.03922132  0.01837665  0.03022115  0.05211241]
 [ 0.03570831  0.01367743 -0.02152472  0.01537362  0.07178353]
 [ 0.04515857  0.03940282  0.17703907  0.25825343 -0.034265  ]
 [ 0.13351516  0.14056106  0.23745571  0.2570545  -0.01299344]
 [ 0.09643007  0.11080932  0.13518015  0.17116453 -0.30950925]] 
Episode: 231: [[ 0.02875064  0.0386997   0.01852231  0.03019092  0.05168242]
 [ 0.03528467  0.01333279 -0.02141869  0.01529481  0.07143064]
 [ 0.04483294  0.03910293  0.17709456  0.2581066  -0.03458525]
 [ 0.13314468  0.14022242  0.23749006  0.2568702  -0.01332925]
 [ 0.09714222  0.11151902  0.1355404   0.17149675 -0.3093471 ]] 
Episode: 241: [[ 0.02867164  0.03893942  0.01805833  0.02970845  0.05206905]
 [ 0.03559716  0.01365888 -0.02188681  0.01475097  0.07172797]
 [ 0.04519353  0.03949804  0.17657644  0.2575364  -0.03421067]
 [ 0.13357161  0.14068168  0.23688327  0.25623146 -0.01287966]
 [ 0.09763804  0.11236439  0.1353482   0.17120698 -0.3087798 ]] 
Episode: 251: [[ 0.02842039  0.03895941  0.01788266  0.02949931  0.05220538]
 [ 0.03576135  0.01378162 -0.0220824   0.01442766  0.07178257]
 [ 0.04532943  0.03964198  0.17629503  0.25712752 -0.03410829]
 [ 0.13374145  0.14086883  0.23651434  0.25574797 -0.01271342]
 [ 0.09853225  0.11342536  0.13558693  0.17137027 -0.30831513]] 
Episode: 261: [[ 0.02781495  0.03864666  0.0178799   0.02941634  0.05206994]
 [ 0.03553069  0.01355277 -0.02218703  0.01411372  0.07153467]
 [ 0.04510096  0.03945147  0.17613836  0.25673395 -0.03431574]
 [ 0.13363113  0.14077786  0.23632011  0.2553453  -0.01282523]
 [ 0.09934656  0.1143997   0.13600597  0.17175937 -0.30789286]] 
Episode: 271: [[ 0.027388    0.03841082  0.01783246  0.02931926  0.05197649]
 [ 0.03533298  0.01344513 -0.02231376  0.01389637  0.07145282]
 [ 0.04498989  0.0393883   0.17597526  0.2564384  -0.03438505]
 [ 0.13356282  0.14073297  0.23615491  0.2550554  -0.01287421]
 [ 0.10001703  0.11530133  0.13627805  0.17200449 -0.30753464]] 
Episode: 281: [[ 0.02722434  0.03827328  0.01812166  0.02957997  0.051797  ]
 [ 0.03538175  0.01344496 -0.02212697  0.01407953  0.07138257]
 [ 0.04497706  0.03933783  0.17613375  0.25656357 -0.03448867]
 [ 0.1334195   0.14057705  0.23628238  0.25512713 -0.01304366]
 [ 0.10100392  0.11622329  0.13673186  0.1723205  -0.3075794 ]] 
Episode: 291: [[ 0.02679048  0.03787127  0.01845219  0.02980173  0.05140153]
 [ 0.03526565  0.01327779 -0.02189763  0.01424308  0.07115246]
 [ 0.04479649  0.03912005  0.17637514  0.25670534 -0.03476141]
 [ 0.13310276  0.1402469   0.23651473  0.255222   -0.01339501]
 [ 0.10166003  0.11684001  0.13714482  0.17264156 -0.30768067]] 
Episode: 301: [[ 0.02619084  0.03737397  0.01867807  0.02984128  0.05097588]
 [ 0.03503115  0.01302771 -0.02173047  0.01428284  0.07085805]
 [ 0.04455393  0.038854    0.1765381   0.25668514 -0.03508281]
 [ 0.13277717  0.13990888  0.23662601  0.2550882  -0.01376584]
 [ 0.10225274  0.1174743   0.13766794  0.17313261 -0.30763638]] 
Episode: 311: [[ 0.02583841  0.03728566  0.01857285  0.02957853  0.05091899]
 [ 0.03499587  0.01299204 -0.0218417   0.01405958  0.07082036]
 [ 0.04455778  0.03886367  0.17634347  0.2563241  -0.03512108]
 [ 0.13277331  0.13991886  0.23629716  0.2545656  -0.01377731]
 [ 0.10322139  0.11869325  0.13811612  0.17347305 -0.30714813]] 
Episode: 321: [[ 0.02588012  0.03764723  0.01837032  0.02948882  0.05133438]
 [ 0.0353694   0.01329806 -0.02201277  0.01386587  0.07109029]
 [ 0.04492155  0.03920414  0.17609908  0.25606683 -0.03484493]
 [ 0.13320798  0.14031848  0.23594622  0.2542299  -0.01343464]
 [ 0.10393371  0.11966028  0.13843288  0.17363027 -0.30673352]] 
Episode: 331: [[ 0.02614632  0.03799266  0.01842539  0.02966554  0.0516241 ]
 [ 0.03572707  0.01358573 -0.02195818  0.01398114  0.07129985]
 [ 0.04523741  0.03946146  0.1761038   0.25609896 -0.03467391]
 [ 0.13353832  0.14057887  0.23589289  0.25419617 -0.01325489]
 [ 0.10428475  0.12014826  0.13877037  0.17392531 -0.30663815]] 
Episode: 341: [[ 0.02633526  0.03813227  0.01873618  0.03001902  0.05166371]
 [ 0.03594867  0.01370905 -0.02166925  0.01430215  0.07131694]
 [ 0.0453602   0.03949866  0.17630896  0.2562397  -0.03474756]
 [ 0.13363042  0.14057943  0.23603132  0.25421664 -0.01335962]
 [ 0.10456428  0.1204106   0.13941064  0.1745603  -0.30677065]] 
Episode: 351: [[ 0.02650513  0.03825142  0.01881827  0.03010706  0.05176016]
 [ 0.03625998  0.01398511 -0.02153028  0.01443982  0.07145521]
 [ 0.04560402  0.03968027  0.1763096   0.25617152 -0.03467413]
 [ 0.13375644  0.14067246  0.23590249  0.253958   -0.01332586]
 [ 0.10567935  0.12148708  0.1400622   0.1751417  -0.30661958]] 
Episode: 361: [[ 0.02654253  0.03844276  0.01874825  0.03013911  0.05203409]
 [ 0.0367463   0.01438338 -0.0215322   0.01448648  0.07173578]
 [ 0.04599336  0.04001612  0.1762051   0.25608286 -0.03442399]
 [ 0.13409421  0.14096092  0.23570748  0.25374183 -0.01309973]
 [ 0.10626483  0.12219528  0.14046833  0.17547624 -0.3064462 ]] 
Episode: 371: [[ 0.02629565  0.03848163  0.01852167  0.02990356  0.05222351]
 [ 0.03694184  0.01452226 -0.0217543   0.01416136  0.07182023]
 [ 0.04617701  0.040195    0.17595416  0.25572905 -0.03429087]
 [ 0.13431524  0.14118436  0.2353933   0.25332543 -0.01291106]
 [ 0.1067975   0.12282107  0.14056793  0.17554216 -0.3060997 ]] 
Episode: 381: [[ 0.02612417  0.03876023  0.01788702  0.02914833  0.05266219]
 [ 0.03719053  0.0147762  -0.02240757  0.01328598  0.07204977]
 [ 0.04651859  0.04057524  0.17531545  0.25490308 -0.03396203]
 [ 0.13473155  0.14165662  0.2346174   0.2523831  -0.01246219]
 [ 0.10780229  0.12416553  0.14036654  0.17523289 -0.30515653]] 
Episode: 391: [[ 0.02577918  0.03859211  0.01776911  0.02883409  0.05253157]
 [ 0.03715113  0.01473606 -0.02249488  0.01299107  0.07192045]
 [ 0.04652138  0.04056995  0.17520164  0.25457987 -0.03405789]
 [ 0.1346394   0.14159828  0.23434994  0.25188053 -0.01254014]
 [ 0.10889417  0.12554105  0.14059079  0.17535974 -0.30458012]] 
Episode: 401: [[ 0.02538962  0.0383548   0.01774246  0.0286861   0.05237452]
 [ 0.03725898  0.0147984  -0.02243841  0.01289747  0.07186754]
 [ 0.04658381  0.04060179  0.17518272  0.25441116 -0.03411893]
 [ 0.13453944  0.14151356  0.23420556  0.2515497  -0.01264603]
 [ 0.10994533  0.12674458  0.14102493  0.17566909 -0.30419827]] 
Episode: 411: [[ 0.02472446  0.03788155  0.01784934  0.02873693  0.052066  ]
 [ 0.03689358  0.01446858 -0.02212034  0.01302522  0.07150315]
 [ 0.04632111  0.0403385   0.1753531   0.25438365 -0.0344415 ]
 [ 0.13434507  0.14128353  0.23426287  0.2514285  -0.01291143]
 [ 0.11023434  0.12735367  0.14175537  0.17635098 -0.30407622]] 
Episode: 421: [[ 0.02375632  0.03718112  0.01793571  0.02866039  0.05159162]
 [ 0.03630133  0.01391926 -0.02189369  0.01292392  0.07090992]
 [ 0.04584254  0.03986926  0.17547008  0.25413314 -0.03497914]
 [ 0.13400052  0.1409182   0.23428153  0.2510986  -0.01333075]
 [ 0.1108174   0.12817684  0.14267226  0.17729414 -0.30378336]] 
Episode: 431: [[ 0.02337934  0.03699118  0.01806293  0.02877795  0.0515034 ]
 [ 0.03634834  0.01395044 -0.02180985  0.01294087  0.07087482]
 [ 0.04588715  0.03988639  0.1754632   0.25400767 -0.03503275]
 [ 0.13397649  0.14087702  0.23425403  0.2509342  -0.0134159 ]
 [ 0.11157987  0.12897117  0.14324039  0.17780578 -0.30360395]] 
Episode: 441: [[ 0.02331484  0.03698496  0.01830726  0.02909781  0.05150961]
 [ 0.03671131  0.01422994 -0.02149918  0.01333454  0.07101464]
 [ 0.04617355  0.04008749  0.1756465   0.2542293  -0.03494262]
 [ 0.13406163  0.14091472  0.23435664  0.25101176 -0.01343568]
 [ 0.11239684  0.1297223   0.1439279   0.1784115  -0.30367514]] 
Episode: 451: [[ 0.023329    0.03699002  0.01873936  0.02968506  0.05152371]
 [ 0.0370732   0.01446877 -0.02103356  0.01389038  0.07107958]
 [ 0.04648409  0.04027224  0.17599957  0.25465223 -0.03489686]
 [ 0.13419984  0.14096744  0.23465802  0.25134838 -0.01347056]
 [ 0.11328114  0.13034785  0.14477402  0.17919764 -0.3039966 ]] 
Episode: 461: [[ 0.0232165   0.03715333  0.01848056  0.02944056  0.05185828]
 [ 0.0374476   0.0147863  -0.02126035  0.01354452  0.07123604]
 [ 0.04676004  0.04054045  0.17569225  0.25423202 -0.03470987]
 [ 0.13452412  0.14129202  0.23431566  0.25087082 -0.01321558]
 [ 0.11376614  0.13095544  0.14494069  0.17947207 -0.30347225]] 
Episode: 471: [[ 0.02289185  0.03707797  0.01844978  0.02944711  0.0519673 ]
 [ 0.03763445  0.01486969 -0.02113961  0.01351328  0.07113852]
 [ 0.04686852  0.04059157  0.17574729  0.25414744 -0.03478026]
 [ 0.13466877  0.14138955  0.23422045  0.25063118 -0.01320031]
 [ 0.1146475   0.13198759  0.14562017  0.18008882 -0.30318242]] 
Episode: 481: [[ 0.022438    0.03680188  0.01840594  0.02940122  0.05190193]
 [ 0.03778502  0.01497646 -0.02118606  0.01338322  0.07116695]
 [ 0.04694689  0.04066041  0.17566645  0.25396645 -0.03477244]
 [ 0.13469203  0.14139861  0.23412289  0.25039968 -0.01323647]
 [ 0.11524543  0.13271233  0.14613697  0.18057655 -0.30290014]] 
Episode: 491: [[ 0.02201638  0.03640748  0.01855295  0.02949598  0.05163091]
 [ 0.03778246  0.01496268 -0.02113908  0.01338186  0.07110882]
 [ 0.04685077  0.04056286  0.17573118  0.2539506  -0.03489887]
 [ 0.13451378  0.14120212  0.23424752  0.25040624 -0.0134579 ]
 [ 0.11543261  0.13298105  0.14648484  0.18091005 -0.3028891 ]] 
Episode: 501: [[ 0.02116903  0.03567101  0.01878164  0.02964675  0.05113081]
 [ 0.03762318  0.01473952 -0.02083605  0.01347258  0.07073358]
 [ 0.04661218  0.04029413  0.17598625  0.25403872 -0.03524127]
 [ 0.13422954  0.14088452  0.23447828  0.250469   -0.01381754]
 [ 0.11580358  0.13342547  0.14711463  0.18150309 -0.3029635 ]] 
Episode: 511: [[ 0.02045194  0.03524381  0.01867741  0.02947342  0.05089388]
 [ 0.03732377  0.0143823  -0.0207217   0.01328009  0.07031865]
 [ 0.04631577  0.04000945  0.17599052  0.2537851  -0.03556439]
 [ 0.13410182  0.14075616  0.23436543  0.25016505 -0.01398985]
 [ 0.1161745   0.1339259   0.14773649  0.18210071 -0.30261686]] 
Episode: 521: [[ 0.02044232  0.03550369  0.01847006  0.02940206  0.05128337]
 [ 0.03744289  0.01447646 -0.02086758  0.01301802  0.07038818]
 [ 0.04660308  0.04029362  0.1758067   0.25356415 -0.03533924]
 [ 0.13458     0.1411708   0.23409802  0.24994038 -0.01364033]
 [ 0.11657794  0.13462499  0.14828205  0.18247646 -0.3023576 ]] 
Episode: 531: [[ 0.02017742  0.03545551  0.0183478   0.02935127  0.05141747]
 [ 0.03742687  0.01448731 -0.02088714  0.01290922  0.07037667]
 [ 0.04674032  0.0404313   0.17572342  0.25342512 -0.0352524 ]
 [ 0.13479577  0.1413576   0.23393843  0.2497555  -0.01349024]
 [ 0.11698355  0.13525534  0.14864455  0.18272665 -0.30215436]] 
Episode: 541: [[ 0.01978151  0.03521411  0.01841158  0.02943127  0.0513177 ]
 [ 0.0375086   0.01458151 -0.02076328  0.01304343  0.07041902]
 [ 0.04685925  0.04052919  0.17578009  0.25347975 -0.03521034]
 [ 0.13482343  0.1413622   0.23395595  0.24973543 -0.01351458]
 [ 0.11733891  0.13574451  0.14899394  0.18302663 -0.30207992]] 
Episode: 551: [[ 0.01949397  0.03506476  0.01829227  0.02925401  0.05126596]
 [ 0.0377374   0.01477671 -0.02082609  0.01299728  0.07057613]
 [ 0.04698073  0.04064599  0.17569628  0.25338855 -0.03511437]
 [ 0.13482238  0.14136888  0.23384456  0.24957521 -0.01350096]
 [ 0.11751521  0.13607407  0.14900507  0.18298635 -0.30192253]] 
Episode: 561: [[ 0.01883166  0.03459956  0.01830524  0.02922245  0.05102074]
 [ 0.03737947  0.01443459 -0.02076356  0.0129382   0.07028142]
 [ 0.04669252  0.0403762   0.17578915  0.2533342  -0.0353833 ]
 [ 0.13462576  0.1411671   0.23395324  0.2495582  -0.01371672]
 [ 0.11724953  0.13593757  0.14903677  0.1830854  -0.30186498]] 
Episode: 571: [[ 0.01848748  0.03448363  0.01842394  0.029342    0.05098416]
 [ 0.03727016  0.01425438 -0.02057952  0.01306635  0.07010034]
 [ 0.04663204  0.04028227  0.17592849  0.2533767  -0.03552825]
 [ 0.13462563  0.14113213  0.23402314  0.24953718 -0.01380421]
 [ 0.11742279  0.13611361  0.1493534   0.18341099 -0.30186495]] 
Episode: 581: [[ 0.01825754  0.03440503  0.01852944  0.02939932  0.05092497]
 [ 0.03743292  0.01430997 -0.02041999  0.01323284  0.07008851]
 [ 0.04671576  0.04032098  0.17603698  0.2534402  -0.035561  ]
 [ 0.13464227  0.14112273  0.23404956  0.24947652 -0.0138638 ]
 [ 0.11785948  0.13660052  0.14971794  0.18374439 -0.30178326]] 
Episode: 591: [[ 0.01788302  0.03418802  0.01868088  0.02951477  0.05077651]
 [ 0.03727736  0.01409372 -0.02019226  0.01340079  0.06985686]
 [ 0.04657661  0.04015519  0.17620857  0.253489   -0.03578121]
 [ 0.1345588   0.1410088   0.23415038  0.24944681 -0.01403175]
 [ 0.11810014  0.13687742  0.15013693  0.18419443 -0.30174118]] 
Episode: 601: [[ 0.01735311  0.03377761  0.01877457  0.02951327  0.05050239]
 [ 0.03712397  0.01390427 -0.02008455  0.0134126   0.06965998]
 [ 0.04636167  0.03994285  0.17626818  0.25337368 -0.03602305]
 [ 0.1343404   0.14078332  0.23418915  0.24927235 -0.01429149]
 [ 0.11833125  0.13717727  0.1505917   0.18467379 -0.30161402]] 
Episode: 611: [[ 0.01710056  0.03345571  0.01922932  0.02988981  0.05012159]
 [ 0.03716405  0.01385345 -0.01977834  0.01367363  0.06949735]
 [ 0.0462149   0.03973619  0.17657755  0.2535615  -0.03631844]
 [ 0.13401109  0.14042014  0.23448768  0.24940127 -0.01469693]
 [ 0.11909934  0.1379049   0.15132108  0.18531859 -0.3017414 ]] 
Episode: 621: [[ 0.01709899  0.03333467  0.01955071  0.03007782  0.04984254]
 [ 0.03742426  0.01402169 -0.0195653   0.01383232  0.06950005]
 [ 0.04622363  0.03967835  0.17674962  0.25360537 -0.03649048]
 [ 0.13377573  0.14016657  0.23457544  0.24929631 -0.01499254]
 [ 0.12033004  0.13914134  0.15209979  0.18594198 -0.3016087 ]] 
Episode: 631: [[ 0.01778204  0.0341186   0.0191431   0.02975219  0.05058123]
 [ 0.03791832  0.01452003 -0.01999724  0.01342353  0.0699696 ]
 [ 0.04680216  0.04024506  0.17629611  0.25316605 -0.03598635]
 [ 0.1343539   0.14076671  0.23403257  0.24876815 -0.01442716]
 [ 0.12128939  0.14013366  0.15213658  0.18588364 -0.30100188]] 
Episode: 641: [[ 0.0180034   0.03439134  0.01923708  0.02996224  0.05084425]
 [ 0.03796613  0.01450755 -0.0197566   0.01357487  0.06984623]
 [ 0.04691073  0.04028972  0.17646992  0.2532723  -0.03604116]
 [ 0.13454452  0.14089997  0.23408806  0.24879901 -0.01436503]
 [ 0.1216684   0.14053468  0.15251988  0.18619864 -0.30102804]] 
Episode: 651: [[ 0.01759697  0.0341355   0.01949417  0.03016472  0.05063689]
 [ 0.03797494  0.01438009 -0.01955092  0.01363091  0.06960901]
 [ 0.04679697  0.04012186  0.17662308  0.25326216 -0.03628025]
 [ 0.13437115  0.14070755  0.23418991  0.24873498 -0.01459469]
 [ 0.12213172  0.14094715  0.15283874  0.18644759 -0.30099753]] 
Episode: 661: [[ 0.01738991  0.03401447  0.01970312  0.03034119  0.05051462]
 [ 0.03799022  0.01436126 -0.01953568  0.01361703  0.06958132]
 [ 0.04674498  0.04006571  0.1766324   0.25317767 -0.03636922]
 [ 0.13425352  0.1405884   0.23420168  0.24864025 -0.01472525]
 [ 0.12262217  0.14152157  0.15306246  0.18658593 -0.30087906]] 
Episode: 671: [[ 0.01735441  0.03400216  0.01998436  0.03061221  0.05043236]
 [ 0.0381641   0.01448381 -0.01941091  0.01385454  0.06968259]
 [ 0.04688547  0.0401709   0.17675558  0.2533121  -0.03633888]
 [ 0.13431515  0.14059612  0.23431452  0.24869755 -0.01478996]
 [ 0.12296035  0.14197212  0.15349418  0.1870225  -0.30088142]] 
Episode: 681: [[ 0.017237    0.03406818  0.01998097  0.03064367  0.05053778]
 [ 0.03824275  0.01449577 -0.01944351  0.01378301  0.06968278]
 [ 0.04691732  0.04019668  0.17673092  0.25321424 -0.03635445]
 [ 0.13439207  0.14066394  0.23425338  0.24858655 -0.01475588]
 [ 0.12327792  0.14240147  0.15362942  0.18710671 -0.30073637]] 
Episode: 691: [[ 0.01734755  0.03456644  0.01938368  0.0301116   0.05115598]
 [ 0.03838196  0.01466556 -0.02003523  0.01314816  0.06998649]
 [ 0.04716993  0.04052204  0.1761585   0.25258672 -0.03599393]
 [ 0.13480902  0.14113802  0.23362322  0.24797419 -0.01426069]
 [ 0.12382048  0.14309677  0.15343119  0.18675216 -0.30020756]] 
Episode: 701: [[ 0.01692065  0.0343101   0.01950935  0.03019292  0.05099342]
 [ 0.03846927  0.01465758 -0.01996751  0.01312224  0.06990034]
 [ 0.04715705  0.04046941  0.17622116  0.25251272 -0.03612332]
 [ 0.13469508  0.1410136   0.23362465  0.24782634 -0.01442249]
 [ 0.12460647  0.14388539  0.15391433  0.18707678 -0.3001353 ]] 
Episode: 711: [[ 0.01613831  0.03363303  0.02004571  0.03068721  0.05045072]
 [ 0.03829952  0.01432577 -0.01948668  0.01354992  0.06951898]
 [ 0.04683955  0.0400646   0.17671895  0.25284415 -0.03661261]
 [ 0.13431986  0.14054719  0.23412794  0.24810703 -0.01498491]
 [ 0.1247139   0.14386454  0.15469114  0.18786927 -0.3004732 ]] 
Episode: 721: [[ 0.01546414  0.03306374  0.02052598  0.03101622  0.04990559]
 [ 0.03797089  0.01393922 -0.01907924  0.01384896  0.06910142]
 [ 0.04646688  0.03963446  0.17709477  0.252984   -0.03712976]
 [ 0.13388577  0.14006965  0.23446648  0.24816726 -0.01552915]
 [ 0.12525661  0.14433104  0.15546447  0.18867205 -0.3005409 ]] 
Episode: 731: [[ 0.01531899  0.03301082  0.02065573  0.03106626  0.04979857]
 [ 0.03777222  0.01378665 -0.01896773  0.0138708   0.06893408]
 [ 0.04633579  0.03949679  0.17716266  0.2528892  -0.03733402]
 [ 0.13378249  0.13996156  0.23444378  0.24798489 -0.01567786]
 [ 0.12582164  0.14502555  0.15586214  0.18901734 -0.3003501 ]] 
Episode: 741: [[ 0.01527428  0.03296773  0.02080271  0.03110711  0.04965842]
 [ 0.03767252  0.01372633 -0.01884271  0.01397925  0.06883676]
 [ 0.04626995  0.0394187   0.17725533  0.25285104 -0.03749793]
 [ 0.13370314  0.13986512  0.23444031  0.2477934  -0.01584302]
 [ 0.12635797  0.14571758  0.15639247  0.18955404 -0.30017143]] 
Episode: 751: [[ 0.01514974  0.03300515  0.02072331  0.03091873  0.04969816]
 [ 0.03786939  0.01392591 -0.01904519  0.0137852   0.06900452]
 [ 0.04645269  0.03961741  0.17702602  0.25254378 -0.03735614]
 [ 0.13387182  0.1400319   0.23415786  0.24735093 -0.01573997]
 [ 0.12672937  0.1463402   0.15666735  0.18984775 -0.29972124]] 
Episode: 761: [[ 0.01504887  0.03292053  0.02099311  0.03114587  0.04956761]
 [ 0.03813808  0.01403721 -0.01869614  0.01411999  0.06893328]
 [ 0.04653137  0.03960976  0.17723598  0.25267273 -0.03747671]
 [ 0.13383828  0.139952    0.23424834  0.24729075 -0.01589318]
 [ 0.12735043  0.14689672  0.1573264   0.19050841 -0.29970446]] 
Episode: 771: [[ 0.01512275  0.03326728  0.02064261  0.03093696  0.04999797]
 [ 0.03866947  0.01446044 -0.01860372  0.01423548  0.06921869]
 [ 0.04690615  0.03997567  0.17703374  0.25251132 -0.03717228]
 [ 0.13427277  0.14037836  0.23384179  0.24692051 -0.01552268]
 [ 0.12751909  0.14728767  0.15745233  0.19058387 -0.29931018]] 
Episode: 781: [[ 0.0156923   0.03426565  0.01978628  0.03027876  0.05107733]
 [ 0.03922333  0.0150855  -0.0190936   0.0138196   0.06983606]
 [ 0.04757205  0.04073838  0.17630088  0.25186712 -0.03642136]
 [ 0.1352021   0.14134546  0.2329278   0.24612598 -0.01459794]
 [ 0.1277443   0.14799553  0.15726756  0.19037664 -0.29843915]] 
Episode: 791: [[ 0.01587735  0.03458381  0.01964533  0.03023828  0.05140983]
 [ 0.03948558  0.01541984 -0.0190802   0.01392817  0.07010744]
 [ 0.0478795   0.04106786  0.17617919  0.25179744 -0.03615628]
 [ 0.13550025  0.14164099  0.2327157   0.24594712 -0.01433871]
 [ 0.12815891  0.14869985  0.15751272  0.19058071 -0.29815644]] 
Episode: 801: [[ 0.01593159  0.0346036   0.01968146  0.03024251  0.05137309]
 [ 0.03938532  0.01547733 -0.01900052  0.01402163  0.07015063]
 [ 0.0478942   0.04111454  0.17621778  0.25178608 -0.03617867]
 [ 0.13544042  0.14159797  0.23268254  0.24584879 -0.0143954 ]
 [ 0.12867165  0.14948285  0.1577135   0.19067524 -0.29802012]] 
Episode: 811: [[ 0.01588117  0.03444419  0.0200128   0.03055002  0.05111517]
 [ 0.03925224  0.01542508 -0.01865811  0.01433718  0.0700174 ]
 [ 0.04776532  0.04096775  0.17649403  0.2519668  -0.03642313]
 [ 0.13516897  0.14132182  0.23290506  0.24597931 -0.01468862]
 [ 0.12933467  0.15025133  0.15816018  0.1910185  -0.29812735]] 
Episode: 821: [[ 0.0152419   0.03383053  0.02050181  0.0309186   0.05053658]
 [ 0.03901803  0.01521278 -0.01819588  0.01477692  0.06973929]
 [ 0.04750025  0.04066069  0.1769482   0.25229704 -0.03683254]
 [ 0.1347629   0.14087124  0.2333159   0.24619722 -0.01519906]
 [ 0.12966874  0.1506851   0.15880978  0.19164161 -0.29830447]] 
Episode: 831: [[ 0.01445979  0.03293234  0.02153506  0.03192442  0.04961135]
 [ 0.03878013  0.0148679  -0.01702269  0.01590665  0.06919318]
 [ 0.04714635  0.04015674  0.17797104  0.25317726 -0.03753135]
 [ 0.13413945  0.14014997  0.23418954  0.24687316 -0.01603181]
 [ 0.13024825  0.15109506  0.16014847  0.19281653 -0.2990421 ]] 
Episode: 841: [[ 0.01471584  0.03335176  0.02167044  0.03216045  0.04978245]
 [ 0.0382407   0.0145027  -0.01673806  0.01619307  0.06913425]
 [ 0.04711081  0.0401453   0.178208    0.25333154 -0.03759577]
 [ 0.1343869   0.14027281  0.23421015  0.24687754 -0.01602832]
 [ 0.13007718  0.15137021  0.1607373   0.1932017  -0.2990249 ]] 
Episode: 851: [[ 0.01532682  0.03451339  0.02084699  0.03151974  0.05097761]
 [ 0.03869352  0.01508877 -0.01751289  0.01549583  0.06993175]
 [ 0.04788335  0.04100998  0.17738907  0.25255537 -0.03673927]
 [ 0.13548793  0.1413337   0.233249    0.24598321 -0.01505572]
 [ 0.13022093  0.15217625  0.16059871  0.19296288 -0.29800475]] 
Episode: 861: [[ 0.01533892  0.03500399  0.02004109  0.03065122  0.05163746]
 [ 0.03933027  0.01581824 -0.01852491  0.01441048  0.07072277]
 [ 0.04862183  0.0418353   0.17639045  0.2514777  -0.03594822]
 [ 0.13619445  0.14209098  0.23217319  0.24480739 -0.01431326]
 [ 0.13121411  0.15374386  0.1605503   0.19266926 -0.29683626]] 
Episode: 871: [[ 0.0150625   0.03507292  0.01983614  0.03027569  0.05173939]
 [ 0.03922188  0.01566626 -0.01894289  0.01378004  0.07060198]
 [ 0.04856788  0.04183752  0.1759987   0.25086227 -0.03595804]
 [ 0.13628091  0.14222685  0.23171517  0.24414745 -0.01419655]
 [ 0.13182974  0.15466271  0.16040452  0.19240874 -0.29617223]] 
Episode: 881: [[ 0.01458208  0.03476205  0.02014889  0.03044734  0.05140852]
 [ 0.03869086  0.01506854 -0.0187041   0.01387169  0.07001936]
 [ 0.04810709  0.04138124  0.1762486   0.25094187 -0.03642735]
 [ 0.13595487  0.14190784  0.23191497  0.24421778 -0.01452827]
 [ 0.1320146   0.15494193  0.1604351   0.19239251 -0.29620662]] 
Episode: 891: [[ 0.01405436  0.03420248  0.02074572  0.03083918  0.05075954]
 [ 0.03829085  0.01462962 -0.01844244  0.01401213  0.06955905]
 [ 0.04766237  0.04092912  0.176579    0.25109935 -0.03691709]
 [ 0.13544983  0.14138868  0.23230772  0.24442422 -0.01507151]
 [ 0.13231565  0.15531284  0.16073684  0.19258377 -0.2963771 ]] 
Episode: 901: [[ 0.01403589  0.03422182  0.02086744  0.03078927  0.05063077]
 [ 0.03844387  0.0148079  -0.01869923  0.01370404  0.06971948]
 [ 0.04770816  0.04099531  0.17645156  0.25086892 -0.03689696]
 [ 0.13535494  0.14129889  0.23222211  0.24420068 -0.01518155]
 [ 0.13286774  0.15617688  0.1607432   0.19238499 -0.29602677]] 
Episode: 911: [[ 0.01435741  0.03463143  0.02082024  0.03069397  0.05089486]
 [ 0.03868587  0.01508374 -0.01908389  0.01334466  0.07003079]
 [ 0.04792392  0.04126091  0.17614686  0.25053343 -0.03665329]
 [ 0.13560164  0.14153872  0.23195097  0.24391173 -0.01496499]
 [ 0.13324888  0.15691532  0.16063994  0.19213395 -0.2956704 ]] 
Episode: 921: [[ 0.0147127   0.03494527  0.02107857  0.03094743  0.05101426]
 [ 0.03897357  0.01529624 -0.01905417  0.01348034  0.07022498]
 [ 0.04813824  0.04142834  0.17617193  0.25056282 -0.03655738]
 [ 0.13574272  0.14163344  0.23198207  0.24391374 -0.01492864]
 [ 0.13373974  0.1574088   0.16095755  0.19240394 -0.2956832 ]] 
Episode: 931: [[ 0.01484034  0.0351293   0.02123456  0.03113732  0.05104369]
 [ 0.03940393  0.01553145 -0.0188005   0.01378648  0.07038421]
 [ 0.04827417  0.04150401  0.17632304  0.25072154 -0.03654552]
 [ 0.13575578  0.14162515  0.23201406  0.24396142 -0.01496541]
 [ 0.1341389   0.15784708  0.1612764   0.19254377 -0.2957352 ]] 
Episode: 941: [[ 0.01478816  0.03528797  0.02090205  0.03079546  0.05120873]
 [ 0.03972654  0.01586309 -0.01896179  0.01356199  0.07070415]
 [ 0.04840557  0.04170842  0.17602421  0.25035715 -0.03634396]
 [ 0.13589972  0.14179926  0.23160087  0.2435126  -0.01478113]
 [ 0.13420147  0.15839207  0.16118783  0.19226491 -0.2952597 ]] 
Episode: 951: [[ 0.01504068  0.03554375  0.02098783  0.03094672  0.05135944]
 [ 0.03965271  0.01578381 -0.0188884   0.01353105  0.07062533]
 [ 0.04836394  0.04169726  0.17604214  0.25032324 -0.03636497]
 [ 0.13603596  0.14189145  0.23159128  0.24354665 -0.01470115]
 [ 0.13421573  0.15867282  0.16131848  0.19226655 -0.2952342 ]] 
Episode: 961: [[ 0.0150582   0.03554516  0.02129362  0.03129548  0.05128723]
 [ 0.03973378  0.01575928 -0.01847599  0.01391304  0.07049417]
 [ 0.04829683  0.04158022  0.17635565  0.25057104 -0.03655898]
 [ 0.13596515  0.14174712  0.23181121  0.2437026  -0.01489214]
 [ 0.1344925   0.15908226  0.16188882  0.19273548 -0.29538184]] 
Episode: 971: [[ 0.01482537  0.03524297  0.02209813  0.0321361   0.05085929]
 [ 0.03976825  0.01550491 -0.01753976  0.01481323  0.07000853]
 [ 0.0481028   0.0412073   0.17717446  0.2512982  -0.03710204]
 [ 0.13564165  0.14129944  0.23247658  0.24425137 -0.01544738]
 [ 0.13520391  0.15958467  0.16303295  0.19377902 -0.2959477 ]] 
Episode: 981: [[ 0.01449645  0.03486807  0.02293732  0.0329448   0.05034319]
 [ 0.03966396  0.01517589 -0.01669354  0.0156043   0.06948578]
 [ 0.04781869  0.04076726  0.17792636  0.25192514 -0.03769197]
 [ 0.13522653  0.14079358  0.23312367  0.24474508 -0.01605475]
 [ 0.13600886  0.16010869  0.1641226   0.19478711 -0.2964537 ]] 
Episode: 991: [[ 0.01410376  0.03462026  0.02358385  0.03358175  0.05009606]
 [ 0.03973974  0.01496641 -0.01623097  0.01604431  0.06910937]
 [ 0.04761605  0.04043512  0.17838444  0.25228113 -0.03811335]
 [ 0.13499725  0.14049408  0.23358497  0.24507107 -0.01644015]
 [ 0.13683064  0.1606435   0.16489361  0.19557056 -0.29663688]] 
Episode: 1001: [[ 0.01413422  0.03478281  0.02389443  0.03398669  0.05021974]
 [ 0.03990347  0.0148747  -0.01585281  0.01641765  0.06890635]
 [ 0.0476542   0.04036282  0.1787082   0.25258967 -0.03826148]
 [ 0.13510509  0.14052108  0.23381464  0.24530336 -0.0164904 ]
 [ 0.13720533  0.16084665  0.16540891  0.19601896 -0.2968808 ]] 
Episode: 1011: [[ 0.01371138  0.03458997  0.02401148  0.03410475  0.05019547]
 [ 0.04039686  0.01510982 -0.01576695  0.01643556  0.0690513 ]
 [ 0.04790237  0.04051225  0.17874068  0.25258154 -0.03814259]
 [ 0.13515407  0.14051919  0.23382545  0.24521731 -0.01650933]
 [ 0.13734277  0.16078441  0.16578898  0.19622886 -0.2970675 ]] 
Episode: 1021: [[ 0.01392684  0.03532702  0.0230193   0.03299271  0.05110421]
 [ 0.04040343  0.01527707 -0.0167377   0.01534017  0.0695181 ]
 [ 0.0483217   0.04106547  0.17777891  0.25148842 -0.03750357]
 [ 0.13591275  0.14130326  0.2327285   0.24396263 -0.01572555]
 [ 0.13722616  0.1610857   0.16502811  0.19533297 -0.2961891 ]] 
Episode: 1031: [[ 0.01396771  0.03549495  0.02289785  0.03278658  0.05127436]
 [ 0.04032851  0.01532733 -0.01704121  0.0149931   0.06966195]
 [ 0.04844903  0.04123503  0.17751327  0.25114387 -0.03734506]
 [ 0.13608569  0.141481    0.23244844  0.24359435 -0.01555644]
 [ 0.1375658   0.16162907  0.16497184  0.19519103 -0.29590845]] 
Episode: 1041: [[ 0.0140419   0.0354937   0.0232078   0.03302789  0.05112467]
 [ 0.04019543  0.01524597 -0.0169838   0.01503687  0.06960694]
 [ 0.04835999  0.04112782  0.17763236  0.25116092 -0.03751409]
 [ 0.13593994  0.14130518  0.23258479  0.24360484 -0.01577715]
 [ 0.13805541  0.16215694  0.16530286  0.19543047 -0.2959704 ]] 
Episode: 1051: [[ 0.01372005  0.03526254  0.02345106  0.03320817  0.050886  ]
 [ 0.03990764  0.01497691 -0.01685387  0.01508182  0.0693839 ]
 [ 0.04802407  0.04081658  0.17776302  0.25112474 -0.03783835]
 [ 0.13566773  0.14101854  0.23271596  0.24354912 -0.01610462]
 [ 0.13816543  0.1623396   0.16564746  0.1957295  -0.29598588]] 
Episode: 1061: [[ 0.01376292  0.03551322  0.02320716  0.03287789  0.0511076 ]
 [ 0.03982621  0.01502672 -0.01710773  0.01480664  0.0695184 ]
 [ 0.04813277  0.04097509  0.17744993  0.25068414 -0.03772839]
 [ 0.13587919  0.14125282  0.232287    0.24294533 -0.01592781]
 [ 0.13883996  0.16324852  0.16579597  0.19589499 -0.29538596]] 
Episode: 1071: [[ 0.01374123  0.03556049  0.02337897  0.03303185  0.05108134]
 [ 0.03985098  0.01500564 -0.01684495  0.01507659  0.06945281]
 [ 0.04821657  0.04100239  0.17759666  0.25079906 -0.03777786]
 [ 0.1359587   0.14128202  0.23232527  0.24292815 -0.01595469]
 [ 0.13921435  0.16362333  0.16622618  0.19632846 -0.29539847]] 
Episode: 1081: [[ 0.01368671  0.0354651   0.02366712  0.03329661  0.05088564]
 [ 0.039896    0.01498975 -0.01647819  0.01544788  0.06936099]
 [ 0.04819129  0.04091096  0.17786926  0.25102744 -0.03794986]
 [ 0.13581449  0.14110537  0.23253533  0.24306132 -0.01617769]
 [ 0.13947326  0.16383238  0.16661981  0.1967018  -0.29554802]] 
Episode: 1091: [[ 0.01327328  0.03516596  0.02371894  0.03321035  0.0506037 ]
 [ 0.03944246  0.01461388 -0.0165529   0.01527278  0.06909145]
 [ 0.04771797  0.0405126   0.1778558   0.25078943 -0.03833536]
 [ 0.13541691  0.14077179  0.23254038  0.24284032 -0.01651038]
 [ 0.13959672  0.16412793  0.16654971  0.19664595 -0.29531717]] 
Episode: 1101: [[ 0.01305259  0.03496196  0.02399576  0.03346489  0.0503988 ]
 [ 0.03943256  0.01450896 -0.01647068  0.01529168  0.06892902]
 [ 0.04755501  0.04031583  0.1779919   0.25081748 -0.03857184]
 [ 0.13518833  0.14054833  0.23272547  0.24294224 -0.01674535]
 [ 0.14000355  0.16443954  0.16669104  0.19672875 -0.2954347 ]] 
Episode: 1111: [[ 0.01299196  0.03514924  0.02366035  0.03310594  0.05071262]
 [ 0.03958538  0.01463894 -0.01676282  0.014949    0.06906525]
 [ 0.04767997  0.04047392  0.17765675  0.25036722 -0.03843861]
 [ 0.13537253  0.14078937  0.2323082   0.24241741 -0.01650809]
 [ 0.14070095  0.16522396  0.16670898  0.19672467 -0.29498932]] 
Episode: 1121: [[ 0.01316947  0.03558332  0.02305714  0.03244336  0.05123078]
 [ 0.03993161  0.01507342 -0.01735574  0.0143085   0.0694972 ]
 [ 0.04801326  0.04088614  0.1770217   0.24962518 -0.0380531 ]
 [ 0.13574342  0.14124376  0.23158252  0.24157672 -0.01605316]
 [ 0.14143597  0.16629633  0.1664554   0.19639552 -0.29418695]] 
Episode: 1131: [[ 0.01321804  0.03586656  0.02271193  0.03208692  0.05157027]
 [ 0.04030646  0.01545899 -0.01764261  0.01402557  0.0698439 ]
 [ 0.04837258  0.04125933  0.17665473  0.24922098 -0.03773499]
 [ 0.13607201  0.14160244  0.23113689  0.24107549 -0.01572518]
 [ 0.14201877  0.16702484  0.16648826  0.19638029 -0.29373306]] 
Episode: 1141: [[ 0.01294137  0.03571047  0.02270565  0.03203096  0.05146727]
 [ 0.04079953  0.01587267 -0.01777688  0.0138939   0.07016087]
 [ 0.04869092  0.04152318  0.17651752  0.24906322 -0.0375431 ]
 [ 0.13603605  0.1415884   0.23105247  0.24092728 -0.01573966]
 [ 0.14255407  0.16752154  0.16657984  0.19640122 -0.29357457]] 
Episode: 1151: [[ 0.01266755  0.0355197   0.022781    0.03192178  0.05123655]
 [ 0.04100369  0.01599338 -0.01792194  0.01366614  0.07019075]
 [ 0.04875262  0.04154299  0.17641935  0.24884464 -0.03758772]
 [ 0.13588627  0.14146508  0.23094837  0.24066076 -0.01587142]
 [ 0.14335883  0.16834277  0.16671899  0.19640434 -0.293355  ]] 
Episode: 1161: [[ 0.01267482  0.03553631  0.0231634   0.03216183  0.0511173 ]
 [ 0.04127225  0.01599391 -0.01776956  0.01380636  0.07004838]
 [ 0.04881799  0.0414729   0.17660315  0.24895169 -0.03775143]
 [ 0.13581264  0.14136021  0.2310694   0.24063027 -0.01605046]
 [ 0.1444172   0.16902801  0.16724327  0.19680971 -0.2934345 ]] 
Episode: 1171: [[ 0.01280838  0.03553993  0.02354904  0.0325313   0.05103731]
 [ 0.04152032  0.01600091 -0.01726859  0.01428785  0.0698328 ]
 [ 0.04887076  0.04136503  0.17702     0.24933252 -0.03797843]
 [ 0.13568479  0.14119744  0.23137002  0.24085763 -0.01626753]
 [ 0.14528649  0.16947947  0.16780894  0.19731323 -0.29370815]] 
Episode: 1181: [[ 0.01250476  0.03538692  0.02424171  0.0334125   0.05094698]
 [ 0.04094364  0.01499731 -0.01602277  0.01540367  0.06872382]
 [ 0.04832059  0.04060341  0.17807636  0.25033697 -0.03880169]
 [ 0.13546886  0.14079283  0.23216787  0.2417143  -0.01674232]
 [ 0.14525765  0.1690429   0.16869776  0.19809338 -0.29465243]] 
Episode: 1191: [[ 0.01246416  0.03539819  0.02484041  0.03417803  0.05092706]
 [ 0.04110621  0.01491544 -0.01533127  0.01610743  0.06848723]
 [ 0.04843857  0.04051959  0.17867431  0.25095102 -0.03903337]
 [ 0.13547216  0.1406339   0.23268199  0.24226634 -0.01699286]
 [ 0.14574301  0.16929822  0.16953963  0.19877857 -0.29526535]] 
Episode: 1201: [[ 0.01303975  0.03616507  0.02436494  0.03384232  0.05172354]
 [ 0.04212509  0.01612047 -0.01622841  0.01546978  0.06973459]
 [ 0.049603    0.04169511  0.17787014  0.25035155 -0.03792618]
 [ 0.13636668  0.14149028  0.23203224  0.24175979 -0.01617376]
 [ 0.14633013  0.17033723  0.16916846  0.19830887 -0.29460865]] 
Episode: 1211: [[ 0.01223241  0.03556161  0.02476267  0.03428764  0.05135416]
 [ 0.04194674  0.01592324 -0.01591247  0.0157863   0.06952052]
 [ 0.04942793  0.04145411  0.1782731   0.25073528 -0.03822232]
 [ 0.13609196  0.14113982  0.23246722  0.24218246 -0.0165478 ]
 [ 0.14650804  0.17057209  0.1695389   0.19855182 -0.29494232]] 
Episode: 1221: [[ 0.01162328  0.03504441  0.02525972  0.03477789  0.05094497]
 [ 0.04171249  0.01560828 -0.01541295  0.01621965  0.06911599]
 [ 0.04910985  0.04105375  0.17878109  0.2511352  -0.03871084]
 [ 0.13571608  0.14069526  0.23292169  0.24253301 -0.01703623]
 [ 0.14699027  0.171004    0.1702141   0.19914006 -0.29525194]] 
Episode: 1231: [[ 0.01141523  0.03498052  0.02504294  0.03443414  0.05095996]
 [ 0.04141317  0.01547664 -0.01572985  0.01582295  0.06910304]
 [ 0.04896642  0.04098894  0.17850572  0.25071976 -0.03874603]
 [ 0.1356478   0.1406754   0.23261039  0.24209376 -0.0170141 ]
 [ 0.14740214  0.17166093  0.17009586  0.19892974 -0.29487297]] 
Episode: 1241: [[ 0.01156627  0.03525271  0.0247914   0.03411694  0.0512039 ]
 [ 0.04146685  0.01559216 -0.01602348  0.01552005  0.06926161]
 [ 0.04906956  0.04112762  0.1782145   0.25033936 -0.03862825]
 [ 0.13578741  0.14084916  0.23224756  0.24163531 -0.01684321]
 [ 0.14805661  0.1725049   0.17007527  0.19883505 -0.29442266]] 
Episode: 1251: [[ 0.01135639  0.03528925  0.02456221  0.03381849  0.05131515]
 [ 0.04168646  0.01582245 -0.01630538  0.0151788   0.06948598]
 [ 0.04922546  0.04131673  0.17789173  0.24990836 -0.03847257]
 [ 0.1358618   0.14097266  0.23189555  0.24116297 -0.01672092]
 [ 0.14864294  0.17325272  0.17012194  0.19882028 -0.29394498]] 
Episode: 1261: [[ 0.01123921  0.03553172  0.02402976  0.03325212  0.05167909]
 [ 0.04223106  0.01637908 -0.01677958  0.01469459  0.07005761]
 [ 0.0496821   0.04181711  0.17735381  0.24933578 -0.03799763]
 [ 0.13615929  0.14133991  0.23131636  0.24052    -0.01634017]
 [ 0.14921561  0.17402597  0.17001481  0.1986202  -0.2933421 ]] 
Episode: 1271: [[ 0.01143454  0.03584287  0.02376377  0.03303621  0.05200669]
 [ 0.04280075  0.01686188 -0.01678311  0.01462255  0.07036442]
 [ 0.05007353  0.04215765  0.1771845   0.24912491 -0.03775597]
 [ 0.13638361  0.14158061  0.23101114  0.24017704 -0.01611554]
 [ 0.1501758   0.17503478  0.1703769   0.19884077 -0.29298383]] 
Episode: 1281: [[ 0.01154136  0.03575085  0.02419712  0.0334528   0.05174825]
 [ 0.04290538  0.01689565 -0.01640451  0.01499744  0.0702422 ]
 [ 0.04995823  0.0419755   0.17752343  0.24940258 -0.03803216]
 [ 0.1361147   0.14127435  0.23132645  0.24041285 -0.01646126]
 [ 0.15071201  0.17551689  0.17101009  0.19940387 -0.29322824]] 
Episode: 1291: [[ 0.01148311  0.03567182  0.02465467  0.03397253  0.05158786]
 [ 0.04273153  0.01656772 -0.01596771  0.01535237  0.06985292]
 [ 0.04970596  0.04163302  0.1779428   0.24970876 -0.03845151]
 [ 0.1359264   0.14100373  0.23170291  0.24072945 -0.01679368]
 [ 0.15108274  0.17571734  0.17161494  0.19992654 -0.29357538]] 
Episode: 1301: [[ 0.0114505   0.0355306   0.02517409  0.03443523  0.05127468]
 [ 0.04252858  0.01627788 -0.01555968  0.01571489  0.0695195 ]
 [ 0.04938854  0.04125552  0.17832194  0.2499335  -0.03890575]
 [ 0.13562457  0.14063294  0.23207271  0.24092953 -0.01724492]
 [ 0.15132847  0.17585179  0.17225944  0.20057887 -0.29381788]] 
Episode: 1311: [[ 0.01162203  0.03557833  0.02549992  0.03466349  0.05113277]
 [ 0.04269712  0.01638876 -0.01544837  0.01588171  0.06959201]
 [ 0.04941611  0.04124052  0.1784374   0.24999216 -0.03898525]
 [ 0.13551359  0.1404755   0.23222914  0.24096549 -0.01745119]
 [ 0.15151387  0.17603183  0.17263165  0.20096892 -0.293923  ]] 
Episode: 1321: [[ 0.01173345  0.03616001  0.02482692  0.0339595   0.05181665]
 [ 0.04288585  0.0166051  -0.01586273  0.01544531  0.06992075]
 [ 0.04969416  0.04159485  0.17789336  0.24935712 -0.03862273]
 [ 0.13601758  0.14099889  0.23151444  0.24013853 -0.0169505 ]
 [ 0.15168129  0.17662692  0.17243822  0.2007496  -0.29320982]] 
Episode: 1331: [[ 0.01174411  0.03649554  0.02466922  0.03384378  0.05215723]
 [ 0.04348733  0.01702891 -0.01594845  0.01537082  0.07021549]
 [ 0.05005669  0.0419358   0.17769296  0.24913986 -0.03836254]
 [ 0.13636246  0.14131963  0.23123764  0.23982707 -0.01669306]
 [ 0.15198505  0.17720217  0.17259441  0.20082636 -0.29293203]] 
Episode: 1341: [[ 0.01151959  0.03635546  0.02492383  0.03407766  0.05199294]
 [ 0.04361498  0.01704311 -0.01564898  0.01560703  0.07007883]
 [ 0.05002023  0.04185364  0.17788437  0.24923939 -0.03854376]
 [ 0.13623112  0.14117345  0.23135193  0.23984028 -0.01688167]
 [ 0.1524915   0.17779988  0.17302512  0.20118906 -0.29293212]] 
Episode: 1351: [[ 0.01126491  0.03599332  0.02528377  0.03440968  0.05163416]
 [ 0.04362117  0.01702107 -0.01518003  0.01603319  0.06986476]
 [ 0.04987871  0.0416634   0.17825013  0.24952242 -0.03884576]
 [ 0.13595805  0.14085852  0.23167157  0.24003641 -0.01724918]
 [ 0.15261072  0.17802055  0.17358221  0.20179135 -0.2931521 ]] 
Episode: 1361: [[ 0.01163676  0.03649811  0.02533242  0.03456668  0.05203585]
 [ 0.04408575  0.01738402 -0.01495893  0.01636603  0.07013559]
 [ 0.05048104  0.04216948  0.17830142  0.24965906 -0.03849726]
 [ 0.13660146  0.14136809  0.23158628  0.23998222 -0.01690758]
 [ 0.15285899  0.17834987  0.17419134  0.20240705 -0.29318124]] 
Episode: 1371: [[ 0.01172812  0.03666952  0.02550873  0.03478221  0.05211474]
 [ 0.04421341  0.01748176 -0.01484732  0.01658059  0.0702783 ]
 [ 0.05079858  0.04245016  0.17836384  0.24977992 -0.03830169]
 [ 0.13700822  0.14164291  0.23164028  0.24005184 -0.01676548]
 [ 0.1523217   0.17805338  0.17438735  0.20266603 -0.29335424]] 
Episode: 1381: [[ 0.01133351  0.03649642  0.02560485  0.03487754  0.0520403 ]
 [ 0.04388257  0.01711867 -0.01454597  0.01684055  0.06997503]
 [ 0.05058097  0.04223119  0.17861858  0.24994521 -0.03856046]
 [ 0.1369826   0.14154908  0.23177907  0.24008343 -0.01693969]
 [ 0.15182266  0.17779107  0.17455266  0.20288722 -0.29343355]] 
Episode: 1391: [[ 0.01090297  0.03633098  0.02526197  0.03439249  0.05200898]
 [ 0.04319295  0.01667465 -0.01484492  0.01640616  0.06974129]
 [ 0.05008825  0.04190877  0.17837949  0.24947074 -0.03882506]
 [ 0.13672532  0.1413962   0.23147848  0.23955019 -0.01705995]
 [ 0.1516669   0.17810005  0.1741697   0.20254882 -0.29293644]] 
Episode: 1401: [[ 0.01058544  0.0359931   0.02563317  0.03465221  0.05159197]
 [ 0.04265707  0.01621758 -0.01458021  0.01660139  0.06931921]
 [ 0.04956695  0.04141008  0.17870021  0.24960545 -0.03936172]
 [ 0.13625543  0.14092693  0.231791    0.23966652 -0.01755832]
 [ 0.15171792  0.17822784  0.17447892  0.20291848 -0.29309103]] 
Episode: 1411: [[ 0.01047942  0.03591786  0.02591379  0.03492882  0.05146212]
 [ 0.04295083  0.01640838 -0.01444398  0.01677651  0.06941789]
 [ 0.04970011  0.0414747   0.17883144  0.24972002 -0.03937295]
 [ 0.13623583  0.1408519   0.23195419  0.23978253 -0.01767461]
 [ 0.15204614  0.17856418  0.17485546  0.20328456 -0.29314083]] 
Episode: 1421: [[ 0.01050463  0.03607136  0.02595071  0.03499918  0.05157901]
 [ 0.04336663  0.0166906  -0.01444983  0.01680465  0.06961984]
 [ 0.04991446  0.04164407  0.17876835  0.24962822 -0.03926708]
 [ 0.1363799   0.14096771  0.23189089  0.23966035 -0.01761483]
 [ 0.1523255   0.17882839  0.17509799  0.20356733 -0.293011  ]] 
Episode: 1431: [[ 0.01002267  0.03577045  0.02613902  0.03502353  0.05127757]
 [ 0.04347847  0.01670032 -0.01453885  0.01667847  0.06960424]
 [ 0.0497801   0.04151949  0.17876504  0.24948876 -0.03942987]
 [ 0.1361034   0.1407197   0.23192255  0.23949519 -0.01788262]
 [ 0.15259176  0.1792319   0.17531087  0.2037356  -0.29292855]] 
Episode: 1441: [[ 0.00947391  0.03528808  0.02686697  0.03565395  0.05067797]
 [ 0.04302956  0.01611882 -0.01412876  0.01698462  0.06906754]
 [ 0.04921155  0.04092429  0.17924297  0.24978659 -0.04005855]
 [ 0.13555112  0.14011745  0.23245504  0.23984693 -0.0185364 ]
 [ 0.152438    0.17895627  0.17593455  0.20427875 -0.2935378 ]] 
