109648.898438 16814.062500 10189.787109 5406.807617 45242.976562 
186407.875000 28512.669922 11115.517578 5711.729004 45438.691406 
143742.562500 21004.105469 8579.171875 3481.902100 36782.425781 
206816.250000 17061.384766 13224.568359 6268.026367 19877.755859 
95401.992188 12527.308594 5360.201172 2315.365723 33408.437500 
130239.796875 20636.404297 14855.621094 8033.175293 38329.675781 
325390.718750 42624.757812 15846.411133 6249.061035 64651.000000 
120237.421875 15872.570312 13972.670898 5074.147949 39462.218750 
228517.062500 28095.189453 13164.939453 4396.319824 46248.492188 
258749.812500 34941.015625 16527.810547 5805.979004 46835.867188 
170679.953125 27812.396484 9683.194336 2752.624268 37182.316406 
198912.546875 26511.070312 10468.736328 5365.482910 40527.449219 
90873.750000 8818.844727 5090.668945 2792.838135 12427.467773 
224066.781250 13957.122070 9270.230469 7934.474609 20508.197266 
122350.976562 18089.281250 8737.082031 3663.991211 36373.078125 
191641.281250 14306.723633 9282.650391 3941.362305 22759.121094 
144188.625000 17356.289062 5984.377441 2065.192627 31964.486328 
246705.687500 16585.447266 8993.612305 4416.193359 39675.464844 
188755.328125 30487.384766 26826.472656 11379.766602 42493.222656 
252918.750000 22449.111328 20004.035156 3974.598145 19444.726562 
