90.532631 89.740219 88.691788 89.731995 91.978416 0.000000 
84.320992 82.741043 77.768105 90.421814 79.239021 0.034264 
92.746872 69.910378 77.862503 75.843513 93.312325 0.000000 
91.604874 95.864632 97.294876 94.190811 100.732224 0.034264 
90.646973 71.317299 82.235649 80.937035 87.627098 0.000000 
91.833878 58.329643 62.928055 81.615356 86.726707 0.000000 
86.409378 67.904488 69.258759 81.427383 79.358162 0.034264 
93.128929 59.590771 65.549576 85.016800 90.774422 0.019782 
81.969337 93.552864 96.356392 93.967354 98.182549 0.019782 
95.681824 75.813377 84.505569 79.741127 102.330757 0.000000 
93.555351 88.483597 95.043251 94.009750 89.858078 0.044235 
91.157669 87.855804 96.113556 94.358170 97.456741 0.019782 
78.159706 67.084190 60.935024 68.792046 81.352066 0.027976 
85.387238 79.323479 82.212799 84.086426 88.392891 0.000000 
94.029694 72.379539 66.202827 84.022369 94.349007 0.019782 
86.569695 96.820709 98.445625 96.973045 103.357353 0.019782 
89.144608 72.499985 79.845322 90.887939 86.747627 0.027976 
74.797920 95.506142 97.687309 96.738106 95.517654 0.000000 
96.858620 52.245472 57.748249 58.306984 64.409012 0.000000 
97.283287 53.515404 61.577164 69.565094 72.954063 0.000000 
