28672.123047 1674.140991 1267.089355 1439.062012 113283.171875 
22596.232422 1862.465210 1232.883301 990.279846 96228.328125 
19589.640625 1790.053223 1517.365234 1231.776123 97601.476562 
18515.552734 1599.819336 1153.047119 1365.745239 98784.000000 
25415.806641 1931.973755 1255.771484 818.359070 100355.351562 
20183.218750 1757.814941 1224.045288 962.494507 82638.789062 
22926.046875 2405.075439 1598.894531 1126.127808 131241.937500 
27235.720703 2270.431641 1418.776123 1181.385498 140685.953125 
28258.695312 2731.502930 1557.154175 1153.907837 122052.445312 
27256.531250 2849.611816 1738.144409 1361.298218 137894.781250 
19505.244141 1983.127319 929.081970 796.370850 78762.125000 
25306.476562 1789.981323 1684.724121 1029.349243 110214.679688 
30145.318359 2387.907227 1606.451782 1298.159424 105901.523438 
25109.849609 1680.507690 1353.724487 911.057617 104004.164062 
26886.912109 2861.109375 1828.680420 1468.216309 136853.703125 
42122.582031 2130.697266 1805.479980 1560.266602 165039.140625 
27597.343750 2483.050049 1401.627563 1242.316162 96780.500000 
25212.652344 1750.518555 1279.111450 940.609131 110911.460938 
38397.601562 2323.349365 1536.028809 1152.659058 153755.453125 
27016.035156 3353.816895 2343.726074 1916.748779 154296.265625 
