91.596024 86.038040 88.517044 87.784462 95.261955 0.000000 
88.610291 77.864151 95.192451 87.516479 82.973938 0.019782 
92.629135 116.078102 101.610588 106.288292 85.084778 0.000000 
90.762733 107.851456 78.612183 94.602760 86.117119 0.000000 
79.717163 91.536003 74.618698 76.291069 80.023903 0.034264 
91.013069 70.855820 81.295540 90.595314 90.338905 0.000000 
90.522110 63.423412 76.097595 102.485428 94.194778 0.000000 
88.452560 75.284485 65.037369 80.504211 93.525871 0.000000 
89.920593 89.971054 56.771397 75.204338 77.868561 0.000000 
94.554718 97.890129 64.756630 78.354195 88.227028 0.000000 
88.293747 83.115959 117.642570 91.063179 74.186447 0.019782 
90.049408 74.125259 115.112610 84.471275 87.184303 0.000000 
86.987190 96.232918 84.302849 95.645554 74.212349 0.000000 
89.259964 82.021782 120.373970 99.514526 92.858856 0.000000 
87.076714 71.432877 79.596588 78.918396 98.496208 0.000000 
85.554291 72.461220 74.627708 90.700462 87.262787 0.000000 
90.725418 108.028748 86.200661 96.561134 94.814850 0.000000 
89.127357 72.696465 59.197113 89.656723 90.426964 0.019782 
89.547867 120.707230 107.498749 110.902908 79.010971 0.000000 
84.281334 59.904991 90.666626 69.703522 90.463127 0.000000 
