75.912025 26.532776 24.840912 37.040279 28.348043 0.000000 
72.682709 48.116756 42.126953 41.218739 36.109615 0.027976 
60.799026 27.927740 26.504883 34.789284 27.929401 0.000000 
72.023972 40.553978 43.833118 40.739784 26.065937 0.000000 
78.877594 33.486893 35.471024 34.277470 38.420769 0.000000 
74.208015 34.623085 35.032299 41.494267 40.391930 0.000000 
74.102531 38.219387 37.287079 39.179298 28.837112 0.000000 
65.322365 31.161575 38.162220 44.929970 42.938122 0.000000 
80.483147 34.684494 26.916222 43.238293 35.597305 0.000000 
73.177727 34.931080 36.246994 37.540691 33.946869 0.000000 
79.229767 37.591629 41.188549 48.112309 33.981739 0.027976 
77.214722 31.978336 34.042477 35.339020 30.894789 0.000000 
77.908791 30.003508 33.589119 42.957306 33.512768 0.000000 
78.007545 32.792881 33.479847 33.647133 33.773632 0.000000 
68.145302 31.459497 32.582592 32.460793 34.580311 0.000000 
70.318474 33.951420 36.152336 42.482288 44.907513 0.039565 
69.119667 28.475012 39.402370 37.944489 44.774281 0.000000 
68.268074 36.776703 19.621056 28.927944 39.457870 0.000000 
64.958405 34.388966 32.802998 40.104053 29.547476 0.034264 
76.119339 31.638109 30.558651 37.201866 36.303490 0.019782 
