89.809319 90.002838 89.789162 89.872566 89.866249 
89.916122 89.901398 89.850739 90.006203 89.748772 
89.840363 89.777306 89.677757 89.583405 90.120789 
89.859550 90.077766 89.817528 89.734177 89.898895 
89.764290 89.993561 89.652031 90.033859 89.966759 
89.860550 89.883087 89.811623 89.774033 89.991951 
89.889549 89.841400 89.893311 89.919098 89.784607 
89.876297 89.812195 89.491867 89.920929 89.858498 
89.896996 89.860489 89.873924 89.704727 89.826736 
89.993553 89.721092 89.679420 89.682121 89.609962 
89.874054 89.960060 90.293610 89.734131 89.662643 
89.887939 90.059235 89.895226 90.216263 89.880608 
89.709259 89.617752 89.565651 89.804260 90.055397 
89.887558 89.812836 90.089066 89.758194 89.727913 
89.763000 90.116600 89.914886 90.700951 89.823494 
89.903244 89.966515 90.443352 90.058029 89.810326 
89.933640 89.863075 89.850052 90.109222 90.043251 
89.647591 89.932716 90.029015 89.947975 89.598801 
89.769043 89.832893 90.012321 89.935440 89.950935 
89.981087 89.964554 90.058098 90.174744 89.966003 
