0.875000 
0.525000 
0.550000 
0.500000 
1.000000 
0.500000 
0.500000 
1.000000 
1.000000 
0.975000 
0.975000 
0.550000 
0.900000 
0.750000 
0.750000 
1.000000 
0.500000 
0.500000 
0.500000 
0.500000 
1.000000 
0.975000 
0.950000 
1.000000 
0.925000 
0.800000 
0.900000 
1.000000 
0.500000 
0.925000 
1.000000 
0.950000 
1.000000 
0.700000 
0.975000 
0.900000 
0.875000 
0.525000 
0.525000 
0.500000 
0.950000 
0.825000 
0.500000 
1.000000 
0.975000 
0.975000 
0.975000 
0.525000 
1.000000 
1.000000 
0.975000 
0.500000 
0.500000 
1.000000 
0.500000 
0.500000 
1.000000 
1.000000 
0.875000 
1.000000 
0.500000 
0.500000 
0.975000 
1.000000 
0.900000 
0.650000 
0.500000 
0.925000 
0.900000 
0.950000 
0.500000 
0.675000 
0.500000 
1.000000 
0.500000 
0.925000 
0.975000 
1.000000 
0.500000 
0.500000 
1.000000 
0.825000 
1.000000 
0.925000 
0.925000 
0.850000 
0.500000 
0.500000 
1.000000 
0.725000 
0.975000 
1.000000 
1.000000 
0.975000 
1.000000 
0.725000 
0.950000 
0.500000 
0.925000 
1.000000 
