78.686920 31.109869 35.942471 31.106859 26.693886 25.388000 26.236403 29.257883 22.978191 24.193634 0.000000 
74.868301 45.980721 44.499187 49.700703 40.608093 35.904392 45.272129 41.176533 23.478603 16.135679 0.000000 
83.248184 24.485771 20.667540 21.176689 25.295494 21.881519 17.670620 23.814407 22.299364 18.970201 0.000000 
87.074272 60.451244 59.226906 55.447083 70.136269 43.325943 42.736122 35.622185 16.939360 20.450439 0.000000 
78.162354 39.858738 38.747932 28.546574 27.927601 22.099562 26.677439 36.935688 34.678566 20.810953 0.019782 
81.384666 37.176949 32.180794 25.629181 23.748568 22.249249 24.304916 24.446833 25.179424 18.476002 0.019782 
79.725426 41.770821 37.370983 25.258583 28.814764 25.781807 23.132044 29.391544 28.728537 22.107096 0.000000 
77.238922 37.099319 33.104870 25.748583 20.285341 22.626522 23.624685 24.576258 29.747286 33.025311 0.000000 
76.151085 22.910744 27.472750 24.579084 22.554182 23.893332 23.099354 28.793772 29.973761 16.634605 0.000000 
85.319450 34.265232 25.866104 27.061743 29.765457 30.188454 34.683220 19.873857 28.661371 25.512936 0.000000 
88.853043 32.639679 31.904980 35.308872 40.610832 30.924482 30.524479 37.467617 24.235134 18.259008 0.019782 
79.606659 67.458450 62.514812 58.423573 48.746815 55.974522 57.994076 45.369576 46.774288 30.986763 0.019782 
78.312469 27.907244 29.104275 27.726233 20.485365 20.114029 23.226122 23.175838 22.530672 22.852100 0.000000 
77.029121 38.523243 33.781727 24.442244 20.462664 24.044777 39.775780 20.376722 28.813538 16.722551 0.000000 
78.996574 30.014355 28.676319 35.142479 29.203716 22.454742 22.326635 21.395559 17.597750 12.023311 0.000000 
79.213310 41.903400 25.107592 28.707739 30.730328 33.528633 25.108711 25.894236 25.752104 22.840406 0.019782 
77.054771 27.017227 25.747719 28.450285 17.049299 20.458216 18.106544 22.483355 24.215349 10.209624 0.027976 
79.019753 32.937725 22.460062 19.724915 22.663651 23.781187 26.913324 38.490849 38.441502 20.234560 0.019782 
77.702454 30.713243 23.516443 24.343935 28.919523 30.805386 25.788567 31.212999 16.505793 23.671087 0.019782 
75.119286 39.007008 24.900326 26.148647 21.794529 23.174135 17.629496 23.945057 24.900084 19.035101 0.019782 
