71.306366 71.117462 71.321548 74.290985 70.635902 
69.851921 68.730087 66.700188 65.298538 75.215240 
74.962212 75.228333 74.485809 74.526718 72.450325 
72.534782 71.975632 72.574295 67.267990 74.307777 
68.528732 69.165642 69.336395 70.109314 78.290100 
69.976776 68.699425 69.976898 72.238312 78.554832 
68.276955 67.394875 65.649857 64.539742 74.080811 
70.103416 68.955940 68.918564 69.238724 76.916229 
72.062874 75.225861 77.057747 76.389359 78.002792 
72.807045 74.307297 72.068871 72.796570 73.258186 
74.515846 75.305084 73.590683 72.809456 71.455215 
73.055077 74.479202 76.391541 79.060028 80.627823 
72.600166 71.868507 69.171280 64.419769 60.241280 
70.937553 71.270287 72.367142 70.279602 66.764709 
72.760315 71.712563 70.987579 68.329521 66.020905 
72.667885 74.480858 73.113991 74.261261 73.776199 
73.510040 74.066994 72.510551 69.972771 67.392639 
74.978485 75.826294 74.398773 73.400902 67.113342 
73.048698 73.827301 74.698822 76.026649 74.323982 
73.752289 74.877853 75.111877 72.240227 62.943413 
