4.085479 
3.815812 
3.813612 
3.881527 
3.870420 
3.934216 
3.881651 
3.872071 
3.809819 
3.883903 
3.820307 
3.867172 
3.835832 
3.856324 
3.825080 
3.859680 
3.836565 
3.899669 
3.814415 
3.867412 
3.891027 
3.814023 
3.870393 
3.844406 
3.781033 
3.809621 
3.786242 
3.831643 
3.859268 
3.790242 
3.779001 
3.805029 
3.831944 
3.744164 
3.757081 
3.832640 
3.747695 
3.761126 
3.704749 
3.803083 
3.677997 
3.545485 
3.761649 
3.639329 
3.683851 
3.562174 
3.642966 
3.675687 
3.543537 
3.542414 
3.527336 
3.679037 
3.483792 
3.386514 
3.599087 
3.423615 
3.616873 
3.477071 
3.415545 
3.232853 
3.311141 
3.468400 
3.372866 
3.322000 
3.348160 
3.153637 
3.020051 
2.941818 
2.859983 
3.282188 
1114.342651 
3.452646 
3.717299 
2.406344 
2.024638 
2.777020 
2.821594 
2.753246 
3.292736 
nan 
