2.104882 
1.558367 
1.888324 
1.574555 
1.387602 
2.033434 
2.133494 
1.530505 
1.925728 
1.508991 
1.748773 
2.263188 
1.492417 
1.603305 
1.585400 
1.953141 
1.813864 
2.036602 
1.556096 
2.269934 
2.262823 
1.533962 
2.049134 
1.482849 
2.020692 
1.738475 
1.857197 
2.890027 
1.801285 
2.065766 
1.346972 
1.858582 
2.045477 
2.261315 
2.000481 
2.044122 
2.034274 
1.654319 
1.818680 
2.234215 
1.600636 
1.908334 
2.246570 
2.043394 
1.846919 
1.936433 
1.546875 
1.723429 
1.860036 
2.254950 
2.319007 
2.051972 
1.985327 
2.185691 
1.996909 
1.733528 
2.345658 
1.687384 
1.324301 
1.890199 
2.011844 
1.724361 
1.852122 
1.936158 
1.654145 
1.705737 
1.978425 
1.904973 
8.929398 
2.255688 
1.512406 
1.536883 
1.555178 
1.722849 
2.091441 
2.135230 
2.091884 
2.190573 
1.584982 
2.002339 
2.108664 
1.637289 
2.071265 
1.987242 
1.603932 
1.404289 
1.738661 
1.574861 
1.962317 
1.920823 
1.903906 
1.702476 
1.816413 
1.911092 
2.396929 
1.752662 
1.443786 
1.696910 
1.282144 
1.818381 
1.608670 
1.459258 
1.939757 
1.975463 
1.165240 
1.352049 
1.862057 
1.352563 
2.399881 
1.750527 
1.760201 
1.693306 
1.709919 
1.932040 
1.153471 
1.406961 
2.137892 
1.804028 
2.021923 
1.734577 
1.282502 
1.533489 
1.467950 
1.369275 
1.820693 
1.587330 
1.530984 
1.741982 
1.498448 
2.796615 
1.506445 
2.030126 
1.708580 
2.469539 
1.609527 
2.290995 
1.849381 
2.668303 
1.117676 
2.258455 
1.617290 
1.097899 
1.413819 
1.626284 
1.873793 
1.175760 
1.995214 
1.437679 
1.439516 
1.791394 
1.388509 
2.055895 
1.599525 
1.334710 
1.329029 
1.772659 
1.862419 
2.254666 
1.740105 
1.397453 
1.429227 
1.431641 
1.708244 
2.491869 
1.278104 
1.917846 
1.990206 
1.238111 
1.759525 
1.519505 
1.820182 
1.809894 
1.498756 
1.530460 
1.690460 
1.554135 
1.518968 
3.178844 
2.287519 
1.789518 
1.560864 
1.474117 
1.993178 
1.921259 
1.890900 
1.851819 
1.708528 
1.571980 
1.709134 
1.952215 
1.689338 
1.619434 
1.698826 
1.560890 
1.776662 
2.057778 
1.879033 
1.509508 
1.347313 
1.265492 
2.684705 
1.597166 
2.085085 
1.519148 
1.605350 
1.530384 
1.342870 
1.609973 
1.012719 
1.323562 
1.781011 
1.532503 
1.892806 
2.253619 
1.466953 
1.614234 
1.559539 
1.998662 
1.814040 
1.730818 
1.605498 
1.663229 
1.626025 
1.557314 
1.582209 
1.532542 
1.359980 
1.370053 
1.591213 
1.364494 
1.719218 
1.193170 
1.162659 
1.474833 
1.641589 
1.593436 
1.255471 
1.395544 
1.653274 
1.474036 
1.567395 
1.069195 
1.522873 
1.389023 
1.609551 
1.374682 
1.228682 
1.280729 
1.578217 
1.247557 
2.344257 
1.389637 
1.340824 
2.067030 
1.443790 
1.480554 
1.527395 
1.985666 
1.861511 
1.431910 
1.478410 
1.939075 
1.571456 
1.279347 
2.304757 
1.598270 
1.887818 
1.695795 
1.779209 
2.292621 
1.219295 
2.444337 
1.791016 
1.858958 
1.981403 
1.757757 
1.943248 
1.806041 
1.319342 
2.276155 
2.004371 
1.720680 
1.769044 
1.705619 
1.607451 
2.551171 
1.807318 
1.797382 
1.772045 
1.683244 
1.473706 
1.362532 
2.438592 
1.722923 
2.297259 
2.761811 
2.093680 
1.526379 
1.763720 
1.432597 
1.341218 
1.877139 
1.615978 
1.502479 
1.827887 
1.572501 
1.867260 
1.911638 
1.431351 
1.732087 
1.443659 
1.874630 
1.791448 
1.654721 
1.514875 
1.756799 
1.468962 
1.549480 
1.788547 
1.736475 
2.403882 
1.333839 
1.602059 
2.301540 
1.520600 
1.769770 
2.042855 
1.989041 
1.447864 
1.897652 
0.721304 
1.598015 
1.089233 
1.238949 
1.733589 
1.277815 
1.596668 
1.606998 
1.743415 
0.911586 
1.905181 
1.535325 
1.927237 
0.966343 
2.203697 
1.216486 
1.696564 
1.471348 
1.504572 
1.389484 
1.632203 
0.882635 
1.492944 
2.085335 
1.426868 
1.588481 
1.152046 
2.262593 
1.216094 
1.649472 
1.869183 
1.710725 
1.301759 
1.760864 
1.572292 
1.737630 
1.612056 
3.318372 
2.170758 
2.285786 
1.976332 
1.326034 
1.938787 
1.667370 
2.023211 
1.459006 
1.569374 
1.590322 
1.739484 
1.783727 
1.543113 
1.639951 
1.505592 
2.034724 
1.605451 
1.672330 
1.930631 
1.915851 
1.822657 
2.144787 
1.454836 
1.801544 
1.409947 
1.625941 
1.496855 
1.899629 
1.256102 
1.710485 
1.691781 
1.586114 
2.261499 
1.992629 
1.610706 
1.848333 
2.034154 
1.532479 
1.353988 
1.632916 
1.568556 
1.527393 
1.560212 
1.172900 
1.395651 
1.447962 
1.434911 
1.042214 
2.039426 
2.786069 
1.109528 
1.819418 
1.455799 
1.502735 
1.490447 
1.667236 
1.915967 
1.722671 
1.600263 
2.320992 
1.198251 
1.525947 
1.944850 
1.278176 
2.150216 
1.511850 
2.461221 
1.273700 
1.167456 
1.996004 
1.812835 
1.237996 
1.687817 
1.461059 
1.352671 
1.782465 
1.870290 
1.436234 
1.711760 
1.648192 
1.632157 
1.528598 
1.605727 
1.421998 
1.245216 
1.634907 
1.595540 
1.697610 
1.753960 
1.881441 
1.576372 
1.432037 
1.628107 
1.584382 
2.031489 
1.195229 
1.323627 
1.128691 
1.722288 
1.491114 
1.828306 
2.485331 
1.601219 
1.782210 
1.977451 
1.458266 
1.116646 
1.974276 
1.836187 
1.690591 
1.628999 
1.703246 
1.819273 
1.638629 
1.808822 
1.876293 
2.088403 
1.878242 
1.629042 
1.704197 
1.977480 
1.756559 
1.387930 
1.340063 
1.664198 
1.949352 
1.800822 
2.229167 
2.242145 
1.491171 
1.586831 
2.179996 
1.528696 
1.684812 
2.000920 
2.118150 
1.768232 
2.916449 
1.797577 
1.903622 
1.866731 
1.672933 
1.743148 
2.144352 
1.568108 
1.779740 
1.945772 
1.781234 
1.755519 
1.800433 
1.978917 
1.712888 
1.462978 
1.847840 
1.502689 
1.787107 
2.031647 
1.458957 
1.803848 
1.494214 
1.663463 
1.665929 
1.548513 
1.474085 
1.085017 
1.509478 
1.418122 
1.548010 
1.604635 
1.929164 
1.770759 
2.149689 
1.317863 
1.958344 
1.507441 
1.623064 
1.644979 
1.349212 
1.875177 
1.733918 
1.725698 
1.909380 
2.011835 
1.691009 
2.080579 
2.060138 
1.630854 
1.965106 
1.465983 
1.583741 
1.536044 
1.750712 
1.842732 
1.706248 
1.663549 
1.429037 
1.899845 
1.278604 
1.361697 
0.854486 
0.775728 
1.852844 
1.737761 
1.322576 
1.598707 
1.441314 
1.385424 
1.524400 
1.228209 
1.619052 
1.325022 
2.018633 
1.344662 
1.416794 
1.250041 
1.570859 
2.280089 
1.497343 
1.669968 
2.210495 
1.485094 
2.004370 
1.147207 
1.605537 
1.997615 
1.624724 
1.703734 
1.391453 
1.523678 
1.743073 
1.429720 
1.012775 
1.617742 
1.118938 
1.607429 
1.544657 
1.518646 
1.235786 
1.461965 
1.717967 
1.261272 
1.223325 
1.497225 
1.955062 
1.648304 
1.741396 
1.344653 
1.708610 
2.886857 
1.404861 
1.279621 
1.573563 
2.093368 
1.435808 
1.415213 
1.162357 
1.483561 
1.690674 
1.514188 
1.372664 
1.248223 
2.423744 
1.400256 
1.451972 
1.445524 
1.460300 
2.628887 
1.504489 
1.398659 
1.449759 
1.611213 
0.956660 
1.908678 
1.597356 
2.864629 
1.394504 
1.507939 
1.489585 
1.341984 
1.494809 
1.404392 
1.151141 
0.839118 
1.685805 
1.874736 
1.633784 
1.747980 
1.417609 
1.401745 
1.627546 
1.471016 
1.122997 
1.589618 
0.794187 
1.835996 
1.590222 
1.396454 
1.979574 
1.565489 
1.635044 
1.358496 
1.465020 
1.141702 
1.641196 
1.227090 
1.283594 
1.586000 
2.064706 
2.121050 
1.634795 
1.071038 
1.432936 
0.882764 
1.609185 
1.391120 
1.985168 
1.607339 
1.520532 
1.521664 
1.741720 
1.363631 
1.144807 
1.505334 
1.232389 
1.455316 
2.353251 
2.029663 
2.342236 
1.594771 
1.315274 
1.435911 
1.841429 
1.231664 
1.519015 
1.285596 
1.717938 
1.444260 
1.176740 
1.095932 
1.630942 
1.330183 
1.649276 
1.190802 
1.669780 
1.637437 
1.896938 
1.513172 
1.667300 
1.497569 
1.489626 
1.398946 
1.170612 
1.875186 
1.736997 
1.600736 
1.802927 
1.799655 
1.272271 
1.889336 
1.484163 
1.568322 
1.124743 
1.560994 
1.304412 
1.449903 
1.628801 
1.423858 
1.265187 
1.345917 
1.645730 
1.042870 
1.089693 
1.441782 
1.939413 
1.771375 
1.331055 
1.141681 
1.534355 
1.404378 
0.822103 
1.825824 
1.495200 
1.311145 
1.614259 
1.480493 
1.859249 
1.379180 
2.663104 
1.417157 
1.316437 
1.641454 
1.585595 
1.243183 
1.600760 
1.443802 
1.278212 
1.876603 
1.597335 
2.059875 
1.419499 
1.339686 
1.235662 
1.469176 
1.461532 
1.701926 
1.288816 
1.527396 
1.378406 
1.236899 
1.379074 
1.569851 
1.225621 
1.515655 
1.094397 
1.028381 
1.890219 
1.528245 
1.302179 
1.315543 
1.715794 
2.517230 
1.389703 
1.371333 
1.473591 
1.577771 
1.391093 
0.888529 
1.640596 
0.990228 
1.489336 
1.759930 
1.497944 
1.506210 
1.619713 
1.979958 
1.400755 
1.524516 
1.444691 
1.469311 
1.385573 
1.535704 
1.456893 
1.468623 
1.279138 
1.471831 
1.069762 
1.718044 
1.465590 
1.167043 
0.948201 
1.860835 
1.284545 
1.668430 
1.294840 
1.040198 
1.211446 
1.704498 
1.566096 
1.910929 
1.641010 
1.424777 
1.763949 
1.349858 
0.672926 
1.464142 
0.942438 
1.656077 
1.759411 
1.449823 
1.532078 
1.557990 
1.824835 
1.734096 
1.572502 
1.091091 
1.206470 
1.127690 
2.198877 
1.109689 
1.062084 
1.689382 
1.779343 
1.633909 
1.740175 
1.334263 
1.258328 
1.641279 
1.661864 
1.580534 
1.543702 
1.738661 
1.675543 
1.194513 
1.697128 
1.886421 
1.481584 
1.348735 
1.536210 
1.374450 
1.263868 
1.428959 
1.241349 
1.171669 
1.409823 
1.675909 
1.147306 
1.866954 
1.832378 
1.877907 
1.289814 
1.355840 
1.280592 
1.450364 
2.186270 
1.702528 
1.179304 
1.284920 
1.571344 
1.646992 
1.704128 
1.373621 
1.716861 
1.827763 
1.401153 
1.075870 
1.659896 
1.890577 
1.802540 
1.462217 
1.420203 
1.039643 
1.598136 
1.323222 
1.429695 
1.491444 
1.373761 
1.243901 
1.325447 
1.210348 
1.272883 
1.288139 
1.810700 
1.597317 
1.051883 
1.793932 
1.475236 
1.684665 
1.431835 
1.764805 
1.684600 
1.420604 
1.450573 
1.510846 
1.219257 
1.432525 
1.502642 
1.662821 
1.606619 
1.440584 
1.532677 
1.516362 
1.630705 
1.554818 
1.223053 
1.377392 
1.231984 
1.629178 
1.205890 
1.669097 
0.595061 
1.299363 
1.498357 
1.130364 
1.435999 
1.263474 
1.585278 
0.994698 
1.420210 
1.962994 
1.846048 
1.571140 
1.530490 
1.442775 
1.538657 
1.614531 
1.792268 
1.242236 
1.145603 
0.998996 
0.746941 
1.347673 
1.468745 
1.543375 
1.397939 
1.035212 
2.595454 
1.183357 
1.476742 
1.470020 
1.363702 
2.005122 
1.768098 
1.118360 
1.454286 
1.682979 
1.335712 
1.879300 
1.943084 
1.737994 
1.531641 
1.668319 
1.316284 
1.352438 
1.729653 
1.172199 
1.622580 
1.723212 
1.367689 
1.694074 
2.153150 
0.751062 
1.409513 
1.418113 
1.866626 
1.950064 
1.530840 
1.684909 
0.897072 
1.414091 
2.821335 
1.264839 
0.989738 
1.370045 
1.589140 
1.485612 
1.769418 
1.301665 
1.649228 
1.736638 
1.513433 
1.134924 
2.243859 
2.078154 
1.636968 
1.604792 
1.324472 
1.468314 
1.140779 
1.918149 
1.618738 
1.561236 
1.490024 
1.640566 
1.725861 
1.346626 
0.819569 
2.212290 
1.830005 
1.658144 
1.058297 
1.777451 
1.212405 
1.949363 
1.773064 
0.855806 
1.646845 
1.624856 
1.028499 
1.401177 
1.764136 
1.863872 
1.485929 
1.268838 
1.370925 
1.484522 
1.067466 
1.266107 
1.572081 
1.301429 
1.125905 
1.424738 
1.542075 
0.905343 
1.638047 
1.304508 
0.892796 
1.362942 
1.028713 
2.560689 
1.583617 
1.708067 
1.542135 
1.337230 
1.582462 
1.639263 
1.905815 
1.454828 
1.339965 
1.038157 
1.001598 
1.312274 
1.721722 
1.091243 
1.846317 
2.084427 
1.481953 
1.371109 
0.953919 
1.644936 
1.579640 
1.305887 
2.144334 
1.660642 
1.221220 
0.721235 
1.679708 
1.442799 
1.393978 
1.335175 
1.264604 
1.420603 
1.338639 
0.941926 
2.036606 
1.833266 
1.692248 
1.253806 
1.649378 
1.012662 
1.117059 
1.637478 
1.401376 
1.522827 
1.361532 
1.048543 
1.540993 
1.368766 
2.091163 
1.365555 
1.934183 
1.143666 
1.578501 
1.205216 
1.279226 
1.456235 
1.243182 
1.759612 
1.849369 
1.659364 
1.502765 
1.769136 
1.495231 
1.488607 
1.221746 
2.423985 
1.531867 
1.386086 
1.507046 
1.179312 
1.768688 
1.604895 
1.968995 
0.843714 
1.318903 
1.487869 
1.903398 
2.293361 
1.781382 
1.382883 
1.364229 
1.550491 
1.438781 
1.885474 
1.224205 
2.284377 
1.274382 
1.528023 
1.647663 
1.682336 
1.611096 
1.292308 
1.196256 
1.335645 
1.132078 
1.780212 
1.435207 
1.460338 
1.551855 
1.095675 
1.613148 
1.327373 
1.914580 
1.158409 
1.543633 
1.993882 
1.724636 
1.650189 
1.118227 
1.354233 
1.481434 
1.710933 
1.041131 
1.417367 
1.745798 
1.565137 
1.683588 
1.630986 
1.568313 
1.672439 
1.857772 
1.892727 
1.942824 
1.651379 
2.433089 
1.811703 
1.615417 
1.314859 
1.079406 
1.914566 
1.970707 
1.651822 
1.817090 
0.855160 
1.778263 
1.517775 
1.547392 
1.164012 
1.559177 
1.125304 
1.496985 
1.702940 
1.155694 
1.410758 
1.550172 
1.118576 
1.790220 
1.171216 
1.210800 
1.309031 
1.706924 
1.391356 
1.283586 
2.129538 
1.378785 
1.149699 
1.456929 
1.513782 
1.222194 
1.852672 
1.632081 
1.178173 
1.554744 
1.035660 
1.285223 
1.473826 
1.880436 
1.318888 
1.730401 
1.507129 
1.506761 
1.582199 
1.536047 
1.605044 
1.475194 
1.318273 
1.817464 
1.430470 
1.660840 
1.625723 
1.362638 
0.739619 
1.407916 
1.154512 
1.279372 
1.274247 
1.605232 
1.538862 
1.455319 
1.604763 
1.415095 
0.653340 
1.195868 
1.281088 
1.125601 
1.108080 
1.485337 
1.255719 
0.835014 
1.569931 
1.844678 
0.787909 
1.990426 
1.295693 
1.414271 
1.303788 
1.489968 
1.237179 
1.170213 
1.546035 
1.425614 
1.013450 
1.846614 
0.792048 
1.349545 
1.143321 
1.318049 
1.917727 
1.872226 
1.673678 
1.646505 
1.087942 
1.592976 
1.406588 
1.105502 
1.918766 
1.791181 
1.270407 
0.990943 
1.431608 
1.456960 
1.666158 
1.723660 
1.322206 
1.522658 
1.787095 
1.360340 
1.650887 
1.529813 
1.313626 
1.793582 
1.695039 
1.676124 
1.105782 
1.027051 
1.556246 
1.244558 
1.726584 
2.167351 
2.532987 
1.786304 
1.783527 
1.552535 
1.320642 
1.508967 
1.615875 
1.214837 
1.457082 
0.880572 
1.511440 
1.457843 
1.553190 
1.903104 
1.071802 
1.665913 
1.640784 
1.277210 
1.689119 
1.491546 
1.893749 
1.544718 
1.272361 
1.735464 
1.584007 
1.046643 
0.589960 
0.554893 
1.252182 
1.443510 
1.389445 
1.582237 
1.726210 
1.522545 
1.287889 
1.502028 
1.555375 
1.688080 
1.600299 
1.215438 
1.472218 
1.266466 
1.793533 
1.842260 
0.929503 
1.439229 
1.805527 
1.449892 
1.496325 
1.398756 
1.503265 
1.587680 
1.484478 
1.418480 
1.102405 
1.291369 
1.416028 
1.572266 
0.933751 
1.175272 
1.424456 
1.613005 
1.237942 
2.351152 
1.786142 
1.690286 
1.608562 
1.471857 
1.490298 
1.294849 
1.433901 
1.593631 
1.326769 
1.436229 
1.354114 
1.486986 
2.034025 
1.403640 
1.479590 
1.553819 
1.603896 
1.325022 
1.276202 
1.305400 
1.774170 
1.285140 
1.605653 
1.043077 
1.361011 
1.090141 
1.431754 
1.602911 
1.477957 
1.232909 
1.265603 
1.551679 
1.235844 
1.317580 
1.668105 
1.337470 
1.133292 
0.991971 
1.578563 
1.465683 
1.618150 
1.647514 
1.674952 
1.708625 
1.185092 
1.382472 
1.326753 
1.432783 
1.381086 
1.551353 
1.583226 
0.920198 
1.567937 
1.250914 
1.619210 
0.912776 
1.385556 
1.173905 
1.257446 
0.918965 
0.917196 
1.166569 
1.647081 
1.624951 
1.173279 
1.202722 
1.097760 
1.564211 
1.108463 
1.300029 
1.122031 
1.125179 
1.150890 
1.033670 
1.601630 
1.360513 
0.873388 
1.638958 
1.386289 
1.600118 
1.846649 
1.604033 
1.272173 
1.317021 
0.932459 
1.606417 
1.598942 
1.119859 
1.831147 
1.332163 
1.194881 
1.205820 
1.205349 
1.679393 
1.627720 
1.291771 
1.093854 
0.834892 
1.460364 
1.939638 
1.510334 
1.507100 
1.437702 
1.643955 
1.589614 
1.493586 
1.168290 
1.221458 
1.080288 
1.440710 
1.989167 
1.163370 
1.379475 
1.777227 
2.133530 
1.760804 
0.992331 
2.167264 
0.968005 
1.681975 
1.202409 
1.815698 
1.767279 
1.367905 
1.649368 
1.577231 
2.197102 
1.406717 
1.326003 
1.412028 
