3.654108 
2.981106 
2.514634 
3.509449 
503.690674 
6.018360 
2.854850 
1.827927 
2.065304 
1.305746 
2.153353 
3.509287 
2.142928 
1.914786 
2.616518 
3.364483 
2.694889 
3.061246 
2.758765 
3.652919 
2.689217 
3.051000 
3.264150 
3.170525 
3.063596 
3.271512 
3.072057 
3.270040 
3.620787 
3.391056 
3.229811 
3.366167 
2.893237 
3.110080 
3.150014 
2.542530 
3.328089 
2.745239 
3.089774 
3.334089 
2.985391 
3.242260 
3.175975 
2.894654 
3.194869 
3.373553 
2.789073 
2.804923 
2.990741 
2.478781 
2.556915 
2.935065 
3.261661 
2.514664 
3.156842 
2.511367 
2.300183 
2.670868 
2.271996 
2.448199 
2.576405 
2.450970 
3.111787 
2.546670 
2.327533 
2.094148 
2.700561 
2.341463 
1.992712 
2.786180 
2.134815 
1.836411 
1.876638 
2.458145 
2.465298 
2.173947 
2.181414 
1.940215 
1.798182 
1.887530 
1.709842 
1.850139 
1.795872 
1.893671 
1.779973 
2.189421 
1.865793 
1.563187 
1.912809 
2.266164 
1.908357 
2.064492 
1.877221 
1.864356 
2.163255 
1.367496 
1.665682 
1.904780 
1.667279 
1.733365 
1.661567 
1.850376 
2.008418 
1.825395 
1.439940 
1.563689 
1.797747 
1.748115 
1.984501 
1.620219 
1.735099 
1.676944 
1.777751 
1.817866 
1.824172 
1.436953 
2.039314 
1.823737 
1.528257 
1.906849 
1.436810 
1.831633 
1.857719 
1.322290 
1.821421 
1.802993 
1.412663 
1.733538 
1.664532 
2.057305 
1.536594 
1.875826 
1.505005 
1.564794 
1.717152 
1.834954 
1.743332 
1.609023 
1.365726 
1.977261 
1.558717 
1.865021 
1.478757 
1.648658 
1.816969 
1.272253 
1.752416 
1.513314 
1.445712 
1.889078 
2.060847 
1.838343 
1.852531 
1.398540 
2.171232 
1.897365 
1.769857 
1.967470 
1.712170 
1.576783 
1.680716 
1.716684 
1.784857 
1.679180 
1.567102 
1.727551 
2.038459 
1.210063 
1.751766 
1.587648 
1.698928 
1.417198 
1.567583 
1.725734 
1.583132 
1.230986 
1.770193 
1.721325 
2.097941 
1.736600 
1.399090 
1.318495 
1.623797 
1.855614 
1.508317 
1.785653 
1.871669 
1.637275 
2.025671 
1.509189 
1.415305 
1.623998 
1.415259 
1.632115 
1.834211 
1.616891 
1.850607 
1.657383 
1.603204 
1.235484 
1.703990 
1.388064 
1.802441 
1.751956 
1.993520 
1.194854 
1.271465 
1.618358 
1.234766 
1.438569 
1.793398 
2.110861 
1.544041 
1.883924 
1.635483 
1.955033 
1.195756 
1.567188 
1.413352 
1.779815 
1.549951 
1.771859 
1.618418 
1.394322 
1.752105 
1.786997 
1.316247 
2.014001 
1.588330 
1.852616 
1.786158 
1.334279 
1.448524 
1.397480 
1.923744 
1.561911 
1.172920 
1.677590 
1.865200 
1.748920 
1.721534 
1.363402 
1.855409 
1.305846 
1.674263 
1.385653 
1.419828 
1.406102 
1.946855 
1.296424 
1.981239 
1.515808 
1.895880 
1.724071 
1.641899 
1.564330 
1.778969 
1.714405 
2.438474 
1.468488 
1.518176 
1.827628 
1.658110 
1.451189 
1.717509 
1.760198 
1.746979 
1.650451 
1.715526 
1.701009 
1.448680 
1.541276 
1.511086 
1.662770 
1.372224 
1.465227 
1.652148 
1.344924 
1.131723 
2.116699 
2.062570 
1.424219 
1.391239 
1.352420 
1.170336 
2.102814 
1.586492 
1.469654 
1.257584 
1.630620 
1.461954 
0.946620 
2.003407 
1.488892 
1.889519 
1.366848 
1.934945 
1.312804 
1.562824 
1.539803 
1.066970 
1.389069 
2.036563 
1.071565 
1.547320 
1.334885 
1.513563 
1.496153 
1.457548 
1.621946 
1.595060 
1.492125 
1.685419 
1.790676 
1.499158 
1.268768 
1.590600 
1.460654 
1.650876 
1.472070 
1.819677 
1.289238 
1.620779 
1.793503 
1.476861 
1.590203 
2.028730 
1.887383 
1.367646 
1.825075 
0.561506 
1.593775 
0.896085 
1.092977 
1.453539 
1.285218 
1.894914 
1.764332 
1.315952 
0.909928 
1.761331 
1.679282 
1.667966 
0.908597 
1.899620 
1.228093 
1.356191 
1.413091 
1.423684 
1.404096 
1.727433 
0.957960 
1.911253 
1.738023 
1.301737 
1.443998 
1.043250 
1.948311 
1.448631 
1.670652 
1.574085 
1.179085 
1.298066 
1.654422 
1.652174 
1.373937 
1.722199 
2.002919 
1.308617 
1.558479 
1.900883 
1.392567 
1.692760 
1.795283 
1.453325 
1.250809 
1.359120 
1.487516 
1.165669 
1.754095 
1.362805 
1.674610 
1.463767 
1.344594 
1.582010 
1.728734 
0.939063 
1.748606 
1.653676 
1.385693 
1.325344 
1.618557 
1.404225 
1.424736 
1.427453 
1.639679 
1.190450 
1.666485 
1.501713 
1.722277 
2.084975 
1.976280 
1.797708 
1.406127 
1.268802 
1.296738 
0.985791 
1.129194 
1.271778 
1.490610 
1.640486 
1.050164 
1.603749 
1.251222 
1.660234 
1.126970 
1.695318 
1.578144 
1.245109 
1.627674 
1.376807 
1.538718 
1.601945 
1.781445 
1.848349 
1.347991 
1.674642 
1.095446 
1.224968 
1.451080 
1.905108 
1.222570 
1.998568 
1.508285 
1.658553 
1.368541 
1.321555 
1.698457 
1.431763 
1.032311 
1.515441 
1.338156 
1.454801 
1.548837 
1.958595 
1.429631 
1.541531 
1.567343 
0.874682 
1.563400 
1.718498 
1.062964 
1.163276 
1.365477 
1.850481 
1.775146 
1.429897 
1.820061 
1.210834 
1.439670 
1.303714 
1.896052 
1.910032 
1.141412 
1.147347 
1.058420 
1.417951 
1.244046 
1.584739 
1.725839 
1.734930 
1.434056 
1.887967 
1.457060 
1.194571 
1.580384 
1.608060 
1.086380 
1.212251 
1.759442 
1.397859 
1.310468 
1.533491 
1.106997 
1.730361 
1.510244 
1.185630 
1.470656 
1.847828 
1.023383 
1.245615 
1.498478 
1.773299 
1.689579 
1.255864 
0.657893 
0.981697 
1.141450 
1.430450 
1.176529 
1.310039 
1.443940 
1.708620 
1.481578 
1.426835 
2.065494 
1.558678 
0.993992 
1.368223 
1.375603 
1.346579 
1.570760 
1.213156 
1.361980 
1.464989 
1.603701 
1.555115 
0.863037 
1.522038 
1.596387 
0.690842 
1.639410 
1.238633 
1.692542 
1.809529 
1.451826 
1.150847 
1.365706 
1.411900 
1.445928 
1.275752 
1.163738 
0.932249 
1.385156 
1.051180 
1.250041 
1.099875 
1.193767 
1.589284 
1.772748 
1.523826 
1.509809 
1.567426 
1.524968 
1.838772 
0.990171 
1.946395 
1.740472 
1.642595 
1.936983 
1.915311 
1.639714 
1.498951 
1.875256 
1.284219 
1.579545 
1.149721 
1.737038 
1.560701 
1.813771 
1.801414 
1.437436 
1.350350 
0.763731 
1.827722 
1.176236 
1.571297 
0.770906 
0.587131 
1.767475 
1.786697 
1.192707 
1.376321 
1.262502 
1.530632 
1.603331 
1.213366 
1.224011 
1.229368 
1.980743 
1.290563 
1.043833 
0.825267 
1.255651 
1.526293 
1.249514 
2.026801 
1.213317 
1.983789 
1.251290 
0.777507 
1.974559 
1.543563 
1.059552 
1.519287 
1.681552 
1.546616 
1.229352 
1.440166 
0.755373 
1.355451 
1.441169 
1.404938 
1.792133 
1.388206 
0.852438 
1.500143 
1.727558 
1.429929 
1.366400 
1.548625 
2.018080 
1.851430 
1.505942 
1.086357 
1.562523 
1.620007 
1.828310 
1.066682 
1.664172 
1.919714 
1.578941 
1.633862 
1.097761 
1.593936 
1.209818 
1.504530 
1.122671 
1.497633 
1.573522 
1.590330 
1.618984 
1.317238 
1.263001 
1.259224 
1.543861 
1.479747 
1.230364 
1.719293 
0.822810 
1.728362 
1.608521 
2.030296 
1.585823 
1.737616 
1.428295 
0.885317 
1.123119 
1.420694 
0.829892 
0.842442 
1.756508 
1.447000 
1.765677 
1.364900 
1.019872 
1.598168 
1.154161 
1.174059 
1.267746 
1.508209 
0.966081 
1.795646 
1.766119 
1.452850 
0.898729 
1.485524 
1.786170 
1.324558 
1.573138 
1.154788 
1.629535 
1.064540 
1.207109 
1.656780 
2.146229 
1.527338 
1.392074 
1.269170 
1.582352 
1.037042 
1.536963 
1.085447 
1.637639 
1.255083 
1.191075 
0.733891 
1.761262 
1.335866 
0.946292 
1.766287 
1.165227 
1.195461 
2.286194 
1.864900 
2.253698 
1.565564 
1.030237 
0.881470 
1.492027 
1.009902 
1.272797 
1.173907 
1.539079 
1.618794 
1.678752 
1.081647 
1.599326 
1.066437 
1.704845 
1.062403 
1.688968 
1.026811 
1.242536 
1.971509 
1.358669 
1.338879 
1.187013 
1.300344 
0.907629 
0.877863 
1.801887 
1.605203 
1.920670 
0.933197 
1.051157 
1.348549 
1.703249 
1.490648 
0.783112 
1.026138 
1.141327 
1.552828 
1.370425 
1.376732 
1.231692 
1.362984 
2.080034 
0.973231 
0.606804 
1.371609 
1.735611 
1.402005 
0.710309 
1.045203 
1.708085 
1.470972 
0.894916 
1.828132 
1.178362 
1.086181 
1.573921 
1.820171 
1.650655 
1.163027 
2.920242 
1.261691 
1.442454 
1.524354 
1.522920 
1.020053 
1.229144 
1.468937 
1.250207 
1.676412 
1.070370 
2.009521 
1.702151 
1.149347 
0.977015 
1.185694 
1.515090 
1.722662 
1.080663 
1.644076 
1.087058 
1.174109 
0.993590 
1.394290 
1.197358 
1.528118 
0.846190 
0.977209 
1.359709 
1.603776 
1.091388 
1.218707 
1.997949 
2.482706 
1.293547 
1.291883 
1.133859 
1.071616 
1.560510 
0.782186 
1.533440 
0.608646 
1.578854 
1.904722 
1.011441 
1.036865 
1.415144 
1.223450 
1.460037 
1.055748 
1.243541 
1.519529 
1.375243 
1.293411 
1.306173 
1.176017 
1.450077 
1.399632 
1.175896 
1.052166 
1.659478 
0.963460 
0.682635 
1.999172 
0.824412 
1.733413 
1.190367 
0.944480 
1.290195 
1.969539 
1.358789 
1.732819 
1.906209 
1.571872 
1.660734 
1.055674 
0.570180 
1.311530 
1.004598 
1.851657 
1.098959 
1.605760 
1.308549 
1.704580 
1.680244 
1.547841 
1.344040 
1.146094 
0.969106 
1.465999 
1.886551 
0.849381 
0.801989 
1.497468 
1.673667 
1.461708 
1.527071 
1.338819 
1.086359 
1.436270 
1.357130 
1.179671 
1.278815 
1.551793 
1.811951 
1.062051 
1.341680 
1.673726 
1.357476 
1.244306 
1.416883 
1.136927 
1.454455 
1.195583 
1.043899 
1.228109 
1.356035 
1.616074 
0.998607 
1.679928 
2.279464 
1.015009 
0.910041 
0.987682 
1.154216 
1.654178 
1.023224 
1.849460 
0.755795 
1.037455 
1.383827 
1.494277 
1.621104 
1.200728 
1.872361 
1.619613 
1.589186 
0.940178 
1.730283 
1.855952 
1.670946 
1.389839 
1.607324 
0.903057 
1.433739 
0.897539 
1.419418 
0.819350 
0.934925 
1.204946 
1.064679 
0.873949 
1.381585 
0.641567 
2.062636 
1.918972 
0.911362 
1.272996 
1.665377 
1.735907 
1.249161 
1.636131 
1.757482 
1.434311 
1.288453 
1.509257 
1.160732 
1.685781 
1.595348 
1.649226 
1.677774 
1.015461 
1.326492 
1.233495 
1.466558 
1.807037 
0.894700 
1.367199 
1.401494 
1.114971 
1.134799 
1.533441 
0.415729 
1.173839 
1.073862 
0.933213 
1.098607 
1.135878 
1.757606 
0.941602 
1.389712 
1.410641 
0.991784 
1.487454 
1.412663 
0.949489 
1.158181 
1.638427 
1.951315 
0.778514 
1.309376 
0.663434 
0.481933 
1.167607 
1.065239 
1.133571 
1.327091 
0.661420 
2.193021 
0.955515 
1.562378 
1.294520 
1.476946 
1.791166 
1.574643 
1.157052 
1.379199 
1.333572 
0.921293 
1.809968 
1.800210 
1.506647 
0.995014 
1.402115 
0.937221 
1.031871 
1.677416 
1.217224 
0.575363 
1.315254 
0.836041 
1.253710 
1.735696 
0.654889 
1.164436 
1.387498 
1.760920 
1.508469 
1.453645 
1.278816 
0.691992 
1.577598 
2.194977 
1.240865 
0.857137 
0.877188 
1.802230 
1.468726 
1.121781 
1.342014 
1.769023 
1.513666 
1.612221 
1.028578 
1.893559 
1.534768 
1.645963 
0.897791 
1.488784 
1.499804 
0.720582 
1.868257 
1.225633 
1.173878 
1.572234 
1.817155 
1.765877 
1.410464 
0.651891 
1.943453 
1.751096 
1.402360 
1.161617 
1.560448 
0.896107 
1.479021 
1.521318 
0.877799 
1.795609 
1.703373 
1.185414 
1.086937 
1.689939 
1.705040 
1.603377 
1.481684 
1.303393 
1.331864 
0.706613 
1.141456 
1.589292 
0.985836 
0.891711 
1.279633 
0.866107 
0.681288 
1.743637 
1.073425 
0.739224 
1.036328 
1.170711 
0.671216 
1.593112 
1.510995 
1.549336 
0.725350 
1.156063 
1.535429 
1.494512 
1.323711 
1.274648 
0.723445 
0.726851 
1.065380 
1.757923 
1.176238 
1.982341 
1.554897 
1.282125 
1.630693 
0.609417 
1.515757 
1.424771 
0.867797 
1.892141 
1.592750 
1.207073 
0.970765 
1.319606 
1.200439 
1.167970 
1.138652 
1.212759 
1.407017 
1.020120 
0.952263 
1.802031 
1.922627 
1.731859 
1.289436 
1.616839 
0.688932 
0.941050 
1.434120 
1.341008 
1.137583 
1.325131 
0.887250 
1.674860 
1.053470 
1.048898 
1.001170 
2.062933 
1.000439 
1.674557 
0.926685 
1.041195 
1.647826 
0.888835 
1.643938 
1.750857 
1.445072 
1.694620 
1.439978 
1.752177 
1.502208 
1.207334 
2.215361 
1.180363 
1.449779 
1.503800 
1.078311 
1.936917 
1.458775 
1.704683 
0.644430 
1.175755 
1.370351 
1.809922 
2.299743 
2.193555 
1.426057 
1.491068 
1.424696 
1.095982 
1.808535 
0.863150 
1.232086 
1.521163 
1.549138 
1.425571 
1.618021 
1.481970 
1.260453 
1.061109 
0.856308 
0.833556 
1.621429 
1.192975 
1.482849 
1.627197 
0.882006 
1.691900 
1.128774 
1.744405 
0.958217 
1.052266 
2.407250 
1.243506 
1.694186 
1.230600 
1.117885 
1.162576 
1.828097 
1.018185 
1.357691 
1.246625 
1.167940 
1.756081 
1.728310 
1.802290 
1.730830 
1.808899 
1.855880 
1.784714 
1.442274 
1.264925 
1.757468 
1.768892 
1.202005 
0.739940 
2.071627 
1.614631 
1.661833 
1.761567 
0.590255 
1.925732 
1.257816 
1.621812 
1.351798 
1.275056 
1.496113 
1.630636 
1.487532 
1.380308 
1.031659 
1.642717 
0.968751 
1.132630 
1.142413 
1.383780 
1.358012 
1.355298 
1.303990 
1.151096 
1.018453 
1.190466 
1.110668 
1.341718 
1.528635 
1.000859 
1.666795 
1.712286 
1.025041 
1.175701 
0.975179 
1.111307 
1.615186 
1.608827 
1.161223 
1.784870 
1.707422 
1.808680 
1.594654 
1.591923 
1.143003 
1.453144 
1.243885 
2.021658 
1.483698 
1.528759 
1.576250 
1.479871 
0.603849 
0.950443 
0.970137 
1.429062 
1.149356 
1.429469 
1.604608 
1.296796 
1.501626 
1.628257 
0.554699 
1.209966 
1.061692 
1.138917 
1.543579 
1.531318 
1.610692 
0.756184 
1.076489 
1.720996 
0.469249 
1.980682 
1.432247 
1.012596 
1.481688 
1.595201 
1.334573 
1.146531 
1.682640 
1.110010 
1.276514 
1.226356 
0.736621 
1.062797 
0.780812 
1.410556 
1.920037 
1.955543 
2.158951 
1.612721 
1.010895 
1.362978 
0.851905 
1.127587 
1.980451 
1.668561 
0.924278 
0.899737 
1.538955 
1.263756 
1.520125 
1.319026 
1.342615 
1.554879 
1.887897 
1.223318 
1.617302 
1.353203 
1.597189 
1.614716 
1.608172 
1.689632 
1.042264 
0.976279 
1.381300 
1.299224 
1.686561 
2.014251 
1.803653 
0.933773 
1.767425 
1.727747 
1.163682 
1.387426 
1.117063 
0.797340 
1.335266 
0.643028 
1.149712 
1.177936 
1.476500 
1.866748 
0.880672 
1.709546 
1.394986 
0.981499 
1.754750 
1.206370 
0.941223 
1.576576 
0.910615 
1.755409 
1.455307 
0.746171 
0.517150 
0.551663 
1.295304 
1.301776 
1.401511 
1.229909 
1.308943 
1.229536 
1.313960 
1.237016 
0.971381 
1.650831 
1.507416 
1.300261 
1.645755 
1.183415 
1.679093 
1.532885 
0.532185 
1.219437 
1.765199 
1.268584 
1.564146 
0.868312 
1.013380 
1.353796 
1.584420 
1.269598 
0.935842 
1.161074 
1.553198 
1.447880 
0.570565 
1.483532 
1.452577 
1.279883 
1.113935 
2.041361 
1.818203 
1.679726 
1.534769 
0.702617 
1.708076 
0.734829 
1.239654 
1.569048 
0.844518 
1.225696 
1.196113 
1.824375 
1.624651 
1.344744 
1.150288 
1.348576 
1.611519 
1.243249 
1.122860 
1.379257 
1.802694 
1.451497 
1.747889 
0.979216 
1.286867 
0.883565 
1.388297 
1.562413 
1.179621 
1.370446 
1.155919 
1.643694 
1.220876 
1.236007 
1.679499 
1.049689 
0.764516 
1.050085 
1.666733 
1.598878 
1.486900 
0.990968 
1.780829 
1.683650 
0.784177 
1.013401 
1.432404 
1.391700 
1.572008 
1.471565 
1.470927 
0.563537 
1.707643 
1.570677 
1.388031 
0.950948 
1.662369 
1.512920 
1.293092 
0.613599 
1.093995 
0.896154 
1.837916 
1.746724 
1.036357 
1.137623 
1.105648 
1.294298 
1.055524 
1.157034 
0.949515 
1.155092 
0.936476 
0.984833 
1.638853 
1.317494 
0.831045 
1.629337 
1.372890 
1.667881 
1.409430 
1.556581 
1.125284 
1.420444 
1.015549 
1.845771 
1.462533 
0.944750 
1.869007 
1.214439 
1.151007 
1.063636 
1.365926 
1.700545 
1.577484 
1.514462 
1.144016 
0.782098 
1.341398 
1.167498 
1.572298 
1.430153 
1.352766 
1.152640 
1.392410 
1.242269 
1.056980 
0.794107 
1.497357 
1.402744 
1.681494 
1.244616 
1.400966 
1.654073 
1.707576 
1.593744 
0.865896 
1.957651 
0.839561 
1.702713 
1.125658 
2.029842 
1.881302 
1.276436 
1.620557 
1.514791 
1.057835 
1.302272 
1.184411 
1.727824 
