25579.339844 4120.083008 3661.921631 2528.570068 36683.320312 
23518.208984 3807.206543 3164.763672 1489.311768 50243.171875 
20760.621094 3663.066650 2591.433594 1188.567139 27993.681641 
24446.837891 2918.593262 2279.285400 1279.698975 35174.121094 
24504.244141 3169.398193 1689.241211 1532.685913 28207.800781 
20327.990234 2062.625977 1608.153687 1159.372070 31076.193359 
25964.447266 3403.660156 1429.711304 1093.491699 32133.882812 
21660.908203 3143.619385 1871.339966 1238.092285 34153.167969 
21028.765625 2366.558838 1744.984741 1220.031128 29347.093750 
24829.697266 2843.354004 1914.890747 1043.676392 27713.902344 
22677.935547 3337.005371 2898.456787 1211.439087 40976.312500 
23120.939453 3402.892822 1487.260010 815.095398 34279.445312 
26373.025391 4124.649414 3136.185059 1829.361694 50026.656250 
22796.078125 3278.212891 1609.326904 962.267151 31797.714844 
19479.394531 3047.756592 2456.475098 1060.372559 32379.447266 
21871.478516 3592.596680 2229.774170 1224.808228 38056.453125 
19270.863281 2665.282471 1871.281616 918.036072 29910.857422 
22680.554688 3885.783936 2097.210449 1567.496460 39673.750000 
24818.662109 3211.828613 2006.728882 1256.232300 33561.718750 
16197.564453 2214.134033 1450.891357 1223.232666 28069.328125 
