85185.601562 123269.562500 194522.218750 459698.718750 395305.750000 301841.062500 569784.375000 316573.187500 235748.593750 1395467.750000 
82799.046875 108047.007812 148053.281250 128522.117188 173113.468750 181990.031250 63969.503906 53520.601562 28507.279297 126130.023438 
78181.625000 57355.066406 53686.648438 46309.863281 71272.414062 64622.890625 84932.898438 61902.050781 105960.898438 281023.968750 
73277.187500 55567.687500 43494.187500 35898.714844 34514.152344 31822.681641 25863.128906 19557.820312 21157.712891 207452.984375 
66763.507812 27171.123047 28774.955078 36547.964844 72675.359375 191597.218750 157504.750000 2129441.500000 1820601.125000 2405065.250000 
80333.179688 96348.687500 162144.687500 144244.625000 147842.015625 67379.203125 112607.125000 64067.769531 25765.898438 184192.015625 
71611.187500 37796.746094 44617.203125 59642.515625 49715.531250 116270.445312 63454.714844 51685.062500 40461.039062 359615.062500 
107802.546875 115099.382812 72546.664062 80183.023438 178525.765625 300777.531250 54298.203125 196442.718750 107646.187500 218856.984375 
55814.027344 27431.746094 23299.435547 30776.994141 31501.332031 35499.101562 49741.296875 27158.865234 18713.626953 129643.335938 
63844.687500 52464.066406 46069.574219 49932.480469 38557.023438 28968.750000 24956.078125 24468.218750 10742.271484 78995.820312 
76890.882812 31586.681641 36437.531250 47522.882812 62526.707031 46707.398438 46477.410156 42942.144531 31309.017578 404275.468750 
68762.515625 47008.125000 40349.691406 42179.835938 35816.953125 42427.355469 38235.347656 29580.494141 24625.292969 206271.484375 
78290.648438 101373.851562 67260.023438 82517.578125 40200.851562 40588.843750 54037.839844 63622.363281 50304.667969 468579.843750 
81950.765625 48770.722656 83560.304688 76162.218750 192590.187500 188472.750000 246352.156250 104059.914062 103315.671875 858844.875000 
57934.734375 21686.013672 24642.546875 17659.232422 14030.145508 12384.548828 11910.029297 8732.033203 9659.680664 156432.125000 
65005.898438 65335.285156 79695.468750 86236.195312 109685.765625 77048.195312 62991.066406 39162.968750 47472.242188 422283.187500 
57703.089844 39932.976562 46276.960938 52478.843750 43900.308594 71664.539062 62331.457031 64351.734375 47759.476562 281947.843750 
76238.429688 39184.472656 49162.207031 46525.691406 55593.332031 35288.128906 25501.832031 21214.173828 27558.457031 91550.179688 
56914.175781 30965.248047 26964.240234 26521.261719 24807.970703 25998.392578 23138.603516 21891.445312 26931.386719 207338.453125 
122937.101562 148699.937500 271378.500000 80468.328125 82281.476562 92497.843750 169625.046875 190697.390625 65997.007812 7375.816895 
