60479.640625 4731.915039 6984.313477 12527.447266 51611.683594 
73927.070312 40284.355469 156016.562500 1586625.625000 1077336.500000 
69869.585938 22618.832031 72567.953125 494354.375000 563156.562500 
81501.640625 16536.289062 125808.960938 1070489.000000 783287.687500 
68468.687500 4040.670166 4981.698242 39088.500000 81451.781250 
75999.781250 23714.326172 71581.687500 354248.531250 622347.187500 
72453.234375 17858.283203 78001.835938 933482.562500 533011.500000 
80354.148438 31981.179688 157493.265625 2965899.000000 692513.375000 
64164.113281 4394.581543 9992.919922 6498.154297 40076.863281 
79690.976562 6034.731445 29414.365234 142979.328125 252992.875000 
75940.406250 33965.660156 164615.671875 1654644.125000 1059856.875000 
74650.101562 5337.486816 11335.104492 32185.179688 64754.632812 
64566.937500 12988.065430 17515.267578 34467.187500 175922.187500 
72541.257812 16708.669922 28031.013672 126972.710938 221862.421875 
78486.570312 6551.529785 24022.464844 104546.226562 229793.750000 
62228.804688 26024.746094 56913.582031 337845.031250 334416.406250 
75669.421875 28269.576172 41090.757812 403741.093750 567452.437500 
76194.414062 5195.866699 25459.271484 8554.972656 80166.695312 
71298.335938 48978.242188 46496.937500 408134.531250 423768.750000 
72563.289062 75438.320312 437757.093750 1864920.625000 1691102.500000 
