30824.521484 4941.152832 3538.636475 2563.583252 362636.406250 
18865.597656 1312.427734 1436.655884 1387.594604 253364.359375 
17940.921875 2477.895996 1440.583374 7797.200195 97619.304688 
34942.812500 1682.011108 1226.686890 1345.051636 135936.890625 
34681.925781 2889.688232 1243.272827 792.609863 224912.421875 
37417.492188 2366.750000 1053.416748 1097.435913 205703.046875 
34868.449219 1336.630127 1189.889648 1046.134155 158324.203125 
15637.502930 2195.641113 1095.276367 1295.209106 176318.843750 
123743.328125 2016.605225 1681.081909 2439.073730 195245.671875 
20028.947266 1412.901978 1935.253174 3027.048828 197429.218750 
50361.601562 1347.487915 1601.376343 7661.936035 152982.156250 
43293.945312 1600.990112 1397.807861 1058.870972 277629.687500 
16171.554688 1722.277832 1265.989746 695.886169 120253.445312 
11966.791016 3642.717773 849.705139 834.781189 93452.031250 
61125.335938 1382.676147 1703.276245 2742.244873 143754.421875 
12221.716797 4277.296875 1813.650391 1440.434204 203273.734375 
44164.730469 2403.572998 1062.188721 1829.139771 149796.046875 
21198.378906 1838.966064 1296.243042 1105.273315 193589.843750 
24484.457031 2388.550537 3482.515869 1585.607422 200393.187500 
14085.670898 1305.444458 1004.700928 822.873962 127032.570312 
