94.122253 74.433731 71.981285 74.281807 76.476547 0.000000 
89.427521 73.905113 76.597382 82.477501 80.812424 0.000000 
110.089272 88.277138 97.833900 89.496132 96.872841 0.000000 
86.219849 64.943253 74.307510 74.931503 83.542686 0.019782 
103.000664 95.096840 89.311623 93.654701 94.611084 0.034264 
94.375488 88.859055 95.318642 88.822655 105.594765 0.027976 
102.340210 90.252480 95.614304 92.059288 102.493233 0.000000 
91.793701 90.368637 96.060371 92.308861 95.714653 0.019782 
73.355759 78.847984 82.093399 85.926102 80.766678 0.019782 
91.617783 91.465614 87.318047 92.123024 90.242668 0.000000 
84.381256 61.188107 70.374908 74.933228 80.555420 0.000000 
92.419197 89.867760 87.124008 95.777351 90.032204 0.034264 
97.639015 60.780563 65.590492 72.349556 82.643326 0.034264 
85.744392 74.498756 80.321930 78.939362 86.706169 0.000000 
86.729088 82.033112 83.780884 82.902840 86.323036 0.019782 
86.819931 78.807297 91.554176 82.169205 89.285530 0.000000 
92.819130 69.667435 78.772865 74.374588 84.721115 0.019782 
98.553658 73.070724 71.861755 83.444038 74.135773 0.027976 
94.092796 76.728569 80.306526 80.547310 85.807274 0.000000 
88.623360 91.977669 100.319725 84.339798 96.684448 0.027976 
