37756.503906 4851.378906 4464.100586 2793.553467 21314.441406 
53545.398438 8008.877441 9413.186523 4760.207031 30663.246094 
39215.027344 7755.279297 4841.160156 3317.398926 12702.795898 
41833.019531 10195.624023 9854.256836 5780.231445 27070.412109 
42638.007812 10559.424805 5540.655273 5533.379395 25581.257812 
43377.289062 6990.667969 4343.914551 2738.223145 22210.335938 
49612.027344 8992.916992 6271.553223 3628.859131 22893.726562 
42052.054688 8486.552734 5225.371094 3131.272217 20283.074219 
54924.988281 9661.423828 6415.847168 3639.739014 20951.025391 
36133.023438 7471.792480 4470.610840 2690.718750 15561.559570 
46516.554688 7197.969727 6014.973145 2871.047607 20849.648438 
38137.125000 16422.201172 5155.372070 5553.106934 30365.726562 
42427.289062 7980.765137 4449.518555 2437.697266 20719.875000 
37954.890625 4531.108398 4408.709961 2894.741211 13552.479492 
55771.656250 13057.811523 7997.262207 6143.508789 38394.414062 
42852.980469 7081.652832 4127.649902 3373.449707 21993.601562 
49391.910156 10940.033203 16494.085938 5143.388672 37471.242188 
36784.730469 6148.995117 3843.418213 2919.517334 19477.154297 
48256.195312 7643.132324 4681.747070 3146.683350 22658.054688 
47838.812500 7597.536621 5117.443359 3544.931641 18980.574219 
