Episode: 1: [[0.2 0.2 0.2 0.2 0.2]] 
Episode: 2: [[0.20009 0.19991 0.19991 0.19991 0.19991]] 
Episode: 3: [[0.20017019 0.1998332  0.19982979 0.1998293  0.19982915]] 
Episode: 4: [[0.20017244 0.1998302  0.19982772 0.19982712 0.19982699]] 
Episode: 5: [[0.20016423 0.19984838 0.19983682 0.19983368 0.19983189]] 
Episode: 6: [[0.20016356 0.19984494 0.19983892 0.19983558 0.19983189]] 
Episode: 7: [[0.20017032 0.19987741 0.19982266 0.19982144 0.19981928]] 
Episode: 8: [[0.20019813 0.19989996 0.19978607 0.19978738 0.1997874 ]] 
Episode: 9: [[0.20024264 0.19987568 0.19973627 0.19974434 0.19974482]] 
Episode: 10: [[0.2002896  0.19985734 0.19968364 0.19969644 0.19969763]] 
Episode: 11: [[0.20034233 0.19984697 0.19962507 0.19964038 0.1996422 ]] 
Episode: 12: [[0.20039846 0.19985119 0.19956246 0.19957818 0.19958   ]] 
Episode: 13: [[0.20045358 0.19986236 0.19950032 0.19951536 0.19951737]] 
Episode: 14: [[0.2005102  0.19989404 0.19943342 0.19944645 0.19945024]] 
Episode: 15: [[0.20056768 0.19992828 0.19936611 0.19937651 0.19938153]] 
Episode: 16: [[0.20062631 0.19996479 0.19929828 0.19930542 0.19931091]] 
Episode: 17: [[0.20068333 0.20000237 0.19923332 0.19923627 0.19924046]] 
Episode: 18: [[0.2006805  0.19997278 0.19925532 0.19924133 0.19924681]] 
Episode: 19: [[0.20068109 0.19995064 0.19927299 0.19924073 0.19924772]] 
Episode: 20: [[0.2006856  0.19993904 0.19928628 0.19923116 0.19924204]] 
Episode: 21: [[0.2006783  0.19994347 0.19930273 0.19922361 0.19923969]] 
Episode: 22: [[0.20066829 0.19995739 0.19931935 0.19921222 0.19923547]] 
Episode: 23: [[0.20065853 0.19997217 0.19933473 0.19920148 0.19923057]] 
Episode: 24: [[0.20066047 0.19999564 0.19934574 0.1991736  0.19921139]] 
Episode: 25: [[0.20066439 0.20002113 0.1993559  0.19914407 0.19918798]] 
Episode: 26: [[0.20066984 0.20004588 0.19936806 0.19911331 0.19916078]] 
Episode: 27: [[0.20067734 0.20007437 0.19938092 0.19907884 0.1991277 ]] 
Episode: 28: [[0.20068637 0.20011106 0.19939503 0.19903831 0.19908655]] 
Episode: 29: [[0.20070085 0.20015481 0.19940764 0.19899003 0.1990363 ]] 
Episode: 30: [[0.2007035  0.2002013  0.19943146 0.19894661 0.19898926]] 
Episode: 31: [[0.2007052  0.20025083 0.19945405 0.19890316 0.19894189]] 
Episode: 32: [[0.20070542 0.20030269 0.19947918 0.19885841 0.1988931 ]] 
Episode: 33: [[0.20071667 0.20035228 0.19951035 0.19880211 0.19883332]] 
Episode: 34: [[0.20072849 0.20039845 0.19953525 0.19875094 0.19877818]] 
Episode: 35: [[0.20072836 0.20044895 0.19955854 0.19871113 0.19873379]] 
Episode: 36: [[0.20073274 0.20049676 0.19958724 0.19866566 0.19868357]] 
Episode: 37: [[0.20072705 0.20054595 0.19960867 0.19863503 0.19864748]] 
Episode: 38: [[0.2007033  0.20061019 0.1996319  0.19861159 0.1986195 ]] 
Episode: 39: [[0.20068146 0.20067106 0.19965579 0.19858764 0.19859108]] 
Episode: 40: [[0.20065881 0.2007297  0.19967647 0.19856764 0.19856682]] 
Episode: 41: [[0.20062833 0.20079117 0.19968803 0.1985605  0.1985545 ]] 
Episode: 42: [[0.20060167 0.20084761 0.19970389 0.19854979 0.19853854]] 
Episode: 43: [[0.20057721 0.20089667 0.19971074 0.19854534 0.19853032]] 
Episode: 44: [[0.2005509  0.20094235 0.19971469 0.19854611 0.1985285 ]] 
Episode: 45: [[0.20053497 0.2009641  0.19973327 0.19854178 0.19851996]] 
Episode: 46: [[0.20051405 0.2009863  0.19974852 0.19854513 0.19851838]] 
Episode: 47: [[0.20049201 0.20100698 0.19975905 0.19855306 0.19852199]] 
Episode: 48: [[0.20046613 0.20102502 0.19975866 0.19857267 0.19853769]] 
Episode: 49: [[0.20044081 0.20104377 0.19975817 0.19859126 0.19855244]] 
Episode: 50: [[0.20041141 0.20106456 0.19974944 0.1986171  0.1985755 ]] 
Episode: 51: [[0.20037325 0.2010772  0.19972514 0.1986636  0.1986191 ]] 
Episode: 52: [[0.20034397 0.20107906 0.19972958 0.19869123 0.1986434 ]] 
Episode: 53: [[0.20031694 0.20108025 0.19973601 0.19871566 0.19866484]] 
Episode: 54: [[0.20029308 0.20108093 0.19974805 0.19873387 0.19868022]] 
Episode: 55: [[0.20027171 0.2010831  0.1997613  0.19874795 0.19869171]] 
Episode: 56: [[0.20024778 0.20108706 0.19977817 0.1987617  0.1987026 ]] 
Episode: 57: [[0.20022699 0.20109542 0.19980396 0.19876432 0.19870286]] 
Episode: 58: [[0.2002062  0.20110385 0.19982791 0.19876796 0.19870411]] 
Episode: 59: [[0.20017938 0.20110393 0.19983974 0.19878867 0.19872223]] 
Episode: 60: [[0.20016694 0.20112607 0.19987689 0.19877002 0.19870159]] 
Episode: 61: [[0.20014912 0.20114616 0.19991295 0.19875775 0.198687  ]] 
Episode: 62: [[0.20012684 0.20116404 0.19994876 0.19875064 0.19867736]] 
Episode: 63: [[0.20009212 0.20117366 0.19997804 0.19876184 0.19868615]] 
Episode: 64: [[0.2000597  0.2011809  0.20000207 0.19877474 0.19869687]] 
Episode: 65: [[0.20001931 0.20118083 0.20002142 0.19880013 0.19872011]] 
Episode: 66: [[0.1999781  0.20117937 0.20003892 0.19882785 0.19874558]] 
Episode: 67: [[0.19993417 0.20117581 0.20005535 0.19885953 0.19877474]] 
Episode: 68: [[0.19989128 0.20117451 0.20007332 0.19888858 0.19880122]] 
Episode: 69: [[0.19985665 0.20118266 0.20010006 0.19890165 0.19881175]] 
Episode: 70: [[0.19981052 0.20117912 0.20012234 0.19893192 0.19883917]] 
Episode: 71: [[0.19976757 0.20117511 0.20014307 0.19896077 0.19886464]] 
Episode: 72: [[0.19972637 0.20116785 0.20015834 0.19899203 0.19889283]] 
Episode: 73: [[0.1996812  0.20116098 0.20017779 0.1990246  0.1989222 ]] 
Episode: 74: [[0.19963655 0.20115396 0.20019677 0.19905691 0.19895159]] 
Episode: 75: [[0.19959414 0.20114681 0.20021397 0.19908817 0.19898015]] 
Episode: 76: [[0.19955418 0.2011408  0.2002297  0.19911757 0.19900692]] 
Episode: 77: [[0.199521   0.20113923 0.20025261 0.19913591 0.1990225 ]] 
Episode: 78: [[0.19949599 0.20113948 0.2002809  0.19914412 0.19902802]] 
Episode: 79: [[0.19944909 0.2011316  0.20029336 0.1991809  0.19906154]] 
Episode: 80: [[0.19943132 0.20111258 0.20030063 0.19920163 0.19907947]] 
Episode: 81: [[0.19941904 0.20109464 0.200311   0.19921578 0.19909124]] 
Episode: 82: [[0.19941196 0.20108035 0.20032302 0.19922327 0.19909668]] 
Episode: 83: [[0.19940215 0.20106553 0.20033057 0.19923511 0.19910656]] 
Episode: 84: [[0.19938879 0.20105103 0.20033705 0.19925025 0.19911966]] 
Episode: 85: [[0.1993882  0.20106678 0.20038487 0.1992243  0.19909094]] 
Episode: 86: [[0.19938451 0.2010806  0.20042661 0.19920407 0.19906807]] 
Episode: 87: [[0.19936548 0.20108987 0.20046778 0.19919746 0.19905862]] 
Episode: 88: [[0.19933933 0.2010979  0.20050888 0.19919683 0.19905491]] 
Episode: 89: [[0.19930393 0.20110208 0.20054668 0.19920631 0.19906113]] 
Episode: 90: [[0.199269   0.20110427 0.20057604 0.19921982 0.19907157]] 
Episode: 91: [[0.19923683 0.20110472 0.20059629 0.19923583 0.19908479]] 
Episode: 92: [[0.19920509 0.20110571 0.20061298 0.19925286 0.19909914]] 
Episode: 93: [[0.19917871 0.20111251 0.20062998 0.19926344 0.19910729]] 
Episode: 94: [[0.19915174 0.20111829 0.20064516 0.19927564 0.19911711]] 
Episode: 95: [[0.19912866 0.2011258  0.20066133 0.19928384 0.19912298]] 
Episode: 96: [[0.1991086  0.20113319 0.20067376 0.19929135 0.19912851]] 
Episode: 97: [[0.19908944 0.20113939 0.20068401 0.19929948 0.19913489]] 
Episode: 98: [[0.19907086 0.2011451  0.20069358 0.19930771 0.19914132]] 
Episode: 99: [[0.1990697  0.20114946 0.20071791 0.19929835 0.19912761]] 
Episode: 100: [[0.19907011 0.20115453 0.2007412  0.19928789 0.19911309]] 
Episode: 101: [[0.19906983 0.20115963 0.20076264 0.19927862 0.19910002]] 
Episode: 102: [[0.1990671  0.20116398 0.20078334 0.19927162 0.19908948]] 
Episode: 103: [[0.1990571  0.20116548 0.20080611 0.19927007 0.19908452]] 
Episode: 104: [[0.19904779 0.20116839 0.20082837 0.19926761 0.19907884]] 
Episode: 105: [[0.19903861 0.2011711  0.20084797 0.19926609 0.19907452]] 
Episode: 106: [[0.1990322  0.20117372 0.20086318 0.19926427 0.19907036]] 
Episode: 107: [[0.19902967 0.20117754 0.20087382 0.199261   0.19906515]] 
Episode: 108: [[0.19902445 0.20117936 0.20088294 0.19926076 0.19906367]] 
Episode: 109: [[0.19901592 0.20118088 0.2008923  0.199263   0.19906461]] 
Episode: 110: [[0.19900496 0.2011813  0.20090148 0.1992674  0.19906792]] 
Episode: 111: [[0.1989975  0.20118186 0.20090553 0.1992712  0.19907114]] 
Episode: 112: [[0.1989916  0.20118296 0.20090768 0.19927442 0.19907391]] 
Episode: 113: [[0.1989806  0.20117979 0.20091037 0.19928259 0.19908193]] 
Episode: 114: [[0.19896856 0.2011765  0.20091367 0.19929135 0.19909045]] 
Episode: 115: [[0.19895482 0.20117262 0.20091766 0.1993013  0.19910009]] 
Episode: 116: [[0.19893642 0.20116518 0.20092802 0.1993134  0.19911149]] 
Episode: 117: [[0.19892575 0.20116441 0.20095088 0.19931218 0.19910865]] 
Episode: 118: [[0.19891202 0.20116363 0.20097952 0.19931075 0.19910528]] 
Episode: 119: [[0.19890529 0.20116033 0.20099907 0.19930868 0.19910221]] 
Episode: 120: [[0.19890153 0.20115714 0.20101422 0.19930616 0.19909903]] 
Episode: 121: [[0.19890049 0.20115551 0.20102659 0.1993023  0.19909456]] 
Episode: 122: [[0.1988979  0.20115337 0.20103827 0.19930007 0.19909175]] 
Episode: 123: [[0.19889519 0.2011495  0.20105003 0.19929843 0.1990897 ]] 
Episode: 124: [[0.19889222 0.2011449  0.20105988 0.199298   0.19908907]] 
Episode: 125: [[0.19888777 0.20114072 0.20107028 0.19929841 0.19908899]] 
Episode: 126: [[0.19887818 0.2011333  0.20108452 0.19930218 0.19909205]] 
Episode: 127: [[0.1988686  0.20112254 0.20109463 0.19930889 0.1990983 ]] 
Episode: 128: [[0.1988587  0.20111248 0.20110363 0.19931607 0.19910502]] 
Episode: 129: [[0.19885162 0.20110127 0.20110853 0.1993232  0.19911212]] 
Episode: 130: [[0.19885121 0.2010988  0.2011119  0.19932306 0.19911166]] 
Episode: 131: [[0.19885162 0.20107996 0.20110835 0.19933085 0.19912036]] 
Episode: 132: [[0.19885263 0.20106353 0.20110458 0.19933744 0.1991278 ]] 
Episode: 133: [[0.19885391 0.20104964 0.20110042 0.19934309 0.19913423]] 
Episode: 134: [[0.1988712  0.201049   0.20109293 0.19933355 0.19912541]] 
Episode: 135: [[0.19888851 0.20104517 0.20108058 0.1993271  0.1991201 ]] 
Episode: 136: [[0.1989008  0.20103982 0.2010721  0.19932331 0.19911723]] 
Episode: 137: [[0.19891113 0.20103428 0.20106399 0.1993209  0.19911568]] 
Episode: 138: [[0.19892292 0.20102978 0.20105329 0.19931805 0.19911392]] 
Episode: 139: [[0.19893423 0.20102799 0.20104204 0.19931482 0.19911174]] 
Episode: 140: [[0.1989411  0.20102498 0.20103236 0.1993147  0.19911252]] 
Episode: 141: [[0.19894694 0.20102426 0.20102283 0.1993144  0.19911315]] 
Episode: 142: [[0.19895157 0.20102642 0.20101424 0.19931361 0.19911312]] 
Episode: 143: [[0.19894487 0.20102306 0.20101014 0.19932133 0.19912139]] 
Episode: 144: [[0.19893564 0.20101887 0.20100655 0.19933099 0.1991316 ]] 
Episode: 145: [[0.19891757 0.201009   0.20100595 0.19934796 0.19914912]] 
Episode: 146: [[0.19889972 0.20100972 0.20100881 0.19935955 0.19916086]] 
Episode: 147: [[0.19888301 0.20101    0.2010115  0.19937053 0.19917198]] 
Episode: 148: [[0.19886932 0.20101024 0.20101352 0.19937968 0.19918111]] 
Episode: 149: [[0.19885762 0.20101029 0.20101447 0.19938783 0.19918938]] 
Episode: 150: [[0.19884719 0.20100953 0.20101453 0.1993957  0.19919743]] 
Episode: 151: [[0.19883583 0.20100659 0.20101322 0.1994055  0.19920772]] 
Episode: 152: [[0.19883877 0.20094793 0.2009658  0.19945067 0.19925027]] 
Episode: 153: [[0.1988487  0.20090364 0.20093368 0.19947858 0.19927418]] 
Episode: 154: [[0.19886132 0.20086424 0.20090322 0.19950159 0.1992937 ]] 
Episode: 155: [[0.19888878 0.20083569 0.2008822  0.19950667 0.19929251]] 
Episode: 156: [[0.19891688 0.20080967 0.20086023 0.19951026 0.19929072]] 
Episode: 157: [[0.19893447 0.20078704 0.20084158 0.1995178  0.19929384]] 
Episode: 158: [[0.19894712 0.20076804 0.20082329 0.19952653 0.19929937]] 
Episode: 159: [[0.19895303 0.2007501  0.20080328 0.19953978 0.19931047]] 
Episode: 160: [[0.19895639 0.20073223 0.20078416 0.19955404 0.19932327]] 
Episode: 161: [[0.19895536 0.20071921 0.2007647  0.19956891 0.19933796]] 
Episode: 162: [[0.19894585 0.20071016 0.20074724 0.19958687 0.19935645]] 
Episode: 163: [[0.19893001 0.20070449 0.2007322  0.19960658 0.19937716]] 
Episode: 164: [[0.19891523 0.20070077 0.20071764 0.19962434 0.19939631]] 
Episode: 165: [[0.1989038  0.20070182 0.20069909 0.19963907 0.19941358]] 
Episode: 166: [[0.19889432 0.20070632 0.20069444 0.19964628 0.19942027]] 
Episode: 167: [[0.19889523 0.20071702 0.20069967 0.19964065 0.19941138]] 
Episode: 168: [[0.19889762 0.20072627 0.20070305 0.19963518 0.19940309]] 
Episode: 169: [[0.1988932  0.20073183 0.20070833 0.1996348  0.19940045]] 
Episode: 170: [[0.19888332 0.20073631 0.20071767 0.19963683 0.19940023]] 
Episode: 171: [[0.19889075 0.20073846 0.2007208  0.19963138 0.19939074]] 
Episode: 172: [[0.19889824 0.2007411  0.20072621 0.19962473 0.19937989]] 
Episode: 173: [[0.19889902 0.20074575 0.20073251 0.19962081 0.19937336]] 
Episode: 174: [[0.19890815 0.20074925 0.20073646 0.1996134  0.19936158]] 
Episode: 175: [[0.1989144  0.20075248 0.20074172 0.19960734 0.19935155]] 
Episode: 176: [[0.19891629 0.20075473 0.20074807 0.19960402 0.19934474]] 
Episode: 177: [[0.19891515 0.20075773 0.20075385 0.19960216 0.19934064]] 
Episode: 178: [[0.19891696 0.20075807 0.20075795 0.19959989 0.1993364 ]] 
Episode: 179: [[0.19891508 0.2007569  0.20076379 0.19959983 0.19933479]] 
Episode: 180: [[0.19891362 0.20075718 0.20076792 0.19959919 0.19933353]] 
Episode: 181: [[0.19891076 0.20075792 0.20077251 0.19959907 0.19933298]] 
Episode: 182: [[0.19890518 0.20075649 0.2007784  0.19960102 0.19933474]] 
Episode: 183: [[0.19889931 0.20075502 0.20078464 0.19960296 0.19933665]] 
Episode: 184: [[0.19889428 0.20074984 0.20078892 0.19960633 0.19934066]] 
Episode: 185: [[0.1988842  0.20074025 0.20079643 0.19961323 0.19934884]] 
Episode: 186: [[0.19886851 0.20072718 0.20080231 0.19962533 0.19936398]] 
Episode: 187: [[0.19885115 0.20071377 0.20080838 0.19963856 0.19938046]] 
Episode: 188: [[0.1988382  0.20070173 0.20081037 0.19964978 0.19939528]] 
Episode: 189: [[0.19883323 0.20068718 0.20080839 0.19965787 0.19940752]] 
Episode: 190: [[0.19883063 0.20066966 0.2008057  0.1996657  0.19941968]] 
Episode: 191: [[0.1988277  0.20065697 0.20080915 0.19967009 0.19942638]] 
Episode: 192: [[0.19881792 0.20064528 0.20081319 0.19967835 0.1994376 ]] 
Episode: 193: [[0.19880772 0.20063242 0.20081453 0.19968821 0.19945116]] 
Episode: 194: [[0.19879065 0.20061067 0.20081893 0.19970502 0.19947183]] 
Episode: 195: [[0.1987608  0.20057856 0.20082909 0.19973305 0.19950265]] 
Episode: 196: [[0.19874784 0.20055422 0.2008345  0.19974855 0.19952007]] 
Episode: 197: [[0.19872709 0.2005288  0.20084035 0.19976947 0.19954365]] 
Episode: 198: [[0.19869569 0.20052533 0.20084122 0.19979008 0.19957002]] 
Episode: 199: [[0.19865747 0.20051785 0.20084563 0.19981578 0.1996012 ]] 
Episode: 200: [[0.19863595 0.20051192 0.20084631 0.19983141 0.19962066]] 
Episode: 201: [[0.19862376 0.20050336 0.20084433 0.19984367 0.19963455]] 
Episode: 202: [[0.1986333  0.20049399 0.20084348 0.19984281 0.19962981]] 
Episode: 203: [[0.19863    0.20047425 0.20083898 0.19985573 0.19964127]] 
Episode: 204: [[0.19865862 0.20044582 0.20083283 0.1998514  0.19963098]] 
Episode: 205: [[0.19867836 0.20041679 0.20083219 0.19985127 0.19962528]] 
Episode: 206: [[0.19869864 0.20039518 0.2008379  0.19984405 0.19961452]] 
Episode: 207: [[0.19869827 0.20035699 0.20084843 0.19985431 0.19962572]] 
Episode: 208: [[0.19869858 0.20032142 0.2008622  0.19986163 0.199634  ]] 
Episode: 209: [[0.19869043 0.20028761 0.20087694 0.19987449 0.1996471 ]] 
Episode: 210: [[0.19868405 0.20025687 0.20088978 0.19988577 0.19965836]] 
Episode: 211: [[0.19867858 0.20022832 0.20090134 0.19989601 0.1996687 ]] 
Episode: 212: [[0.19868183 0.2002021  0.20090853 0.19990028 0.19967394]] 
Episode: 213: [[0.19868034 0.20017584 0.20091535 0.19990839 0.19968276]] 
Episode: 214: [[0.19868085 0.20015323 0.20091969 0.19991472 0.19968963]] 
Episode: 215: [[0.19868375 0.20013502 0.20092195 0.19991866 0.19969368]] 
Episode: 216: [[0.19869287 0.20011549 0.20091826 0.19992067 0.19969653]] 
Episode: 217: [[0.19869404 0.200098   0.20091861 0.1999265  0.19970235]] 
Episode: 218: [[0.19869421 0.20007947 0.2009174  0.19993404 0.1997101 ]] 
Episode: 219: [[0.19870892 0.20006642 0.2009068  0.19993226 0.19970913]] 
Episode: 220: [[0.19871455 0.20005316 0.20090197 0.19993523 0.19971222]] 
Episode: 221: [[0.19871822 0.20003723 0.20089675 0.19994086 0.19971803]] 
Episode: 222: [[0.19872357 0.20002322 0.2008895  0.19994539 0.19972265]] 
Episode: 223: [[0.19872949 0.20001003 0.20088287 0.19994888 0.19972628]] 
Episode: 224: [[0.19874272 0.19999991 0.20087093 0.19994797 0.19972548]] 
Episode: 225: [[0.19878045 0.20001957 0.20086192 0.19991656 0.19969305]] 
Episode: 226: [[0.19880834 0.20003565 0.20085752 0.19989215 0.19966716]] 
Episode: 227: [[0.19883735 0.20004481 0.20084892 0.19987102 0.19964518]] 
Episode: 228: [[0.19886011 0.20005357 0.2008442  0.19985323 0.19962624]] 
Episode: 229: [[0.19887167 0.20005791 0.20084529 0.1998432  0.1996148 ]] 
Episode: 230: [[0.19887887 0.20006275 0.20084956 0.19983496 0.19960502]] 
Episode: 231: [[0.19891012 0.20011765 0.200876   0.1997824  0.19954926]] 
Episode: 232: [[0.19893551 0.20015131 0.20089032 0.19974597 0.19951198]] 
Episode: 233: [[0.19896817 0.20019051 0.20090285 0.19970308 0.19946797]] 
Episode: 234: [[0.19899566 0.20022154 0.20091379 0.19966757 0.19943163]] 
Episode: 235: [[0.19901279 0.2002436  0.20092809 0.19964163 0.19940476]] 
Episode: 236: [[0.19902787 0.20026283 0.20094228 0.19961822 0.19938058]] 
Episode: 237: [[0.19912933 0.20037922 0.20106502 0.19949208 0.19925332]] 
Episode: 238: [[0.19920759 0.2004814  0.20117848 0.19938408 0.19914372]] 
Episode: 239: [[0.1992673  0.20057297 0.20127702 0.1992937  0.19905071]] 
Episode: 240: [[0.19930367 0.20064954 0.20135689 0.19922611 0.19897908]] 
Episode: 241: [[0.19932206 0.20071127 0.20141609 0.19917963 0.19892721]] 
Episode: 242: [[0.19932604 0.2007623  0.2014559  0.1991507  0.19889197]] 
Episode: 243: [[0.19930983 0.20080002 0.20147997 0.19914109 0.1988755 ]] 
Episode: 244: [[0.19927466 0.20082918 0.20149511 0.19914615 0.1988734 ]] 
Episode: 245: [[0.19922921 0.20085214 0.20150764 0.19915871 0.19887878]] 
Episode: 246: [[0.19918594 0.20087029 0.20151533 0.1991734  0.1988866 ]] 
Episode: 247: [[0.19913279 0.2008831  0.20152277 0.19919421 0.19890065]] 
Episode: 248: [[0.199096   0.20089677 0.20152046 0.19921063 0.19891146]] 
Episode: 249: [[0.1990609  0.20090519 0.20150498 0.19923241 0.19892855]] 
Episode: 250: [[0.19899097 0.20086998 0.20161545 0.19922917 0.19886182]] 
Episode: 251: [[0.19891863 0.20083922 0.2017171  0.19922869 0.1988037 ]] 
Episode: 252: [[0.19884701 0.20079988 0.20179935 0.1992425  0.1987624 ]] 
Episode: 253: [[0.19876927 0.20076162 0.2018763  0.19925988 0.1987292 ]] 
Episode: 254: [[0.19869608 0.2007412  0.2019355  0.19928107 0.1987032 ]] 
Episode: 255: [[0.19862016 0.20071585 0.20198672 0.19930883 0.19868663]] 
Episode: 256: [[0.1985515  0.20069687 0.20202763 0.1993372  0.19867398]] 
Episode: 257: [[0.1984995  0.20068225 0.20205794 0.19936292 0.19866228]] 
Episode: 258: [[0.19845997 0.20067218 0.20208123 0.19938505 0.1986507 ]] 
Episode: 259: [[0.19843546 0.20067154 0.2020969  0.19940141 0.19863746]] 
Episode: 260: [[0.19840728 0.20067354 0.20211227 0.19941716 0.19862646]] 
Episode: 261: [[0.19837596 0.2006708  0.20212837 0.19943391 0.19861841]] 
Episode: 262: [[0.19834045 0.20067808 0.20214097 0.19945109 0.19861269]] 
Episode: 263: [[0.19830365 0.20067509 0.2021534  0.19947101 0.19861099]] 
Episode: 264: [[0.19828299 0.20067927 0.20215878 0.19948515 0.19860709]] 
Episode: 265: [[0.19827779 0.20066765 0.2021506  0.19950722 0.19861028]] 
Episode: 266: [[0.19828488 0.2005728  0.20215338 0.19951445 0.1986529 ]] 
Episode: 267: [[0.19828911 0.20048384 0.20215671 0.19952281 0.19869262]] 
Episode: 268: [[0.19828434 0.2004042  0.20215742 0.19953679 0.19873232]] 
Episode: 269: [[0.19827008 0.20032717 0.20215544 0.19955896 0.19877455]] 
Episode: 270: [[0.198244   0.2002541  0.202149   0.1995915  0.19882067]] 
Episode: 271: [[0.19821063 0.20018749 0.20213838 0.19963054 0.19886845]] 
Episode: 272: [[0.19817169 0.20012349 0.20212588 0.19967467 0.19891724]] 
Episode: 273: [[0.19812612 0.20006338 0.20210966 0.19972515 0.19896825]] 
Episode: 274: [[0.19807546 0.20000415 0.20209296 0.19977978 0.19901998]] 
Episode: 275: [[0.19802429 0.19994392 0.20207682 0.1998359  0.19907092]] 
Episode: 276: [[0.19797315 0.19988361 0.20206182 0.19989228 0.19912036]] 
Episode: 277: [[0.1979128  0.19982019 0.2020491  0.19995397 0.19917183]] 
Episode: 278: [[0.19785729 0.1997586  0.20203681 0.20001313 0.19922003]] 
Episode: 279: [[0.19780268 0.1996978  0.20202547 0.2000716  0.19926651]] 
Episode: 280: [[0.19774283 0.19963399 0.20201653 0.20013307 0.19931364]] 
Episode: 281: [[0.19768867 0.19957353 0.2020096  0.20018955 0.1993559 ]] 
Episode: 282: [[0.19763628 0.19951527 0.20200516 0.20024294 0.19939491]] 
Episode: 283: [[0.19758879 0.19946094 0.20200254 0.20029172 0.19942923]] 
Episode: 284: [[0.1975477  0.19941102 0.20200081 0.20033513 0.19945914]] 
Episode: 285: [[0.1975229  0.19935617 0.20200564 0.20035927 0.19948643]] 
Episode: 286: [[0.19751516 0.19929066 0.20201956 0.20036007 0.19951412]] 
Episode: 287: [[0.19750655 0.19922148 0.20203602 0.20036054 0.199542  ]] 
Episode: 288: [[0.19749162 0.19914941 0.20205261 0.20036629 0.19957227]] 
Episode: 289: [[0.19747834 0.19908386 0.20206659 0.20037262 0.19960009]] 
Episode: 290: [[0.1974617  0.19902225 0.20208047 0.20038055 0.19962695]] 
Episode: 291: [[0.19744444 0.19896457 0.20209281 0.2003899  0.19965267]] 
Episode: 292: [[0.19742449 0.19890884 0.20210493 0.2004015  0.19967784]] 
Episode: 293: [[0.19739816 0.19885421 0.2021165  0.20041755 0.1997044 ]] 
Episode: 294: [[0.19736362 0.19879818 0.20213142 0.20043622 0.199732  ]] 
Episode: 295: [[0.19733232 0.1987478  0.20214382 0.20045388 0.19975756]] 
Episode: 296: [[0.19730343 0.19870183 0.20215529 0.2004701  0.19978085]] 
Episode: 297: [[0.19728224 0.19866468 0.20216335 0.20048259 0.19979998]] 
Episode: 298: [[0.19726141 0.19862898 0.20217015 0.20049618 0.19981869]] 
Episode: 299: [[0.19723779 0.1985923  0.20217702 0.20051205 0.19983825]] 
Episode: 300: [[0.19721669 0.19855843 0.20218226 0.20052752 0.19985652]] 
Episode: 301: [[0.19719166 0.1985223  0.20218694 0.20054685 0.19987689]] 
Episode: 302: [[0.19716805 0.19848849 0.20219025 0.2005662  0.1998964 ]] 
Episode: 303: [[0.19714049 0.19845235 0.20219256 0.20058957 0.19991845]] 
Episode: 304: [[0.1971141  0.19841827 0.20219454 0.20061198 0.19993952]] 
Episode: 305: [[0.19708581 0.19838509 0.2021952  0.2006367  0.19996129]] 
Episode: 306: [[0.19706348 0.19835728 0.20219314 0.20065883 0.19998057]] 
Episode: 307: [[0.19704013 0.1983278  0.20219147 0.20068206 0.20000036]] 
Episode: 308: [[0.19699655 0.19828437 0.20219623 0.20071532 0.20002882]] 
Episode: 309: [[0.19695556 0.1982427  0.20219968 0.20074773 0.20005646]] 
Episode: 310: [[0.19691226 0.19819944 0.20220256 0.20078266 0.20008563]] 
Episode: 311: [[0.19687344 0.19815993 0.20220251 0.20081641 0.20011349]] 
Episode: 312: [[0.19691065 0.19817021 0.2022518  0.20075493 0.20007409]] 
Episode: 313: [[0.1969412  0.19817656 0.20229544 0.20070274 0.20004079]] 
Episode: 314: [[0.19696867 0.198181   0.20233454 0.2006563  0.2000113 ]] 
Episode: 315: [[0.19700235 0.19819644 0.20236237 0.20061117 0.19998237]] 
Episode: 316: [[0.1970294  0.19820917 0.20238641 0.2005732  0.19995847]] 
Episode: 317: [[0.19705902 0.19822541 0.20240624 0.20053653 0.19993427]] 
Episode: 318: [[0.1970796  0.1982441  0.202421   0.20051058 0.19991249]] 
Episode: 319: [[0.1971458  0.1982296  0.20246224 0.20042142 0.19990288]] 
Episode: 320: [[0.19720443 0.19821216 0.20250036 0.2003422  0.19989552]] 
Episode: 321: [[0.19725502 0.19819409 0.20253618 0.20027168 0.19988954]] 
Episode: 322: [[0.19730927 0.19818462 0.20256595 0.20020348 0.19988035]] 
Episode: 323: [[0.19735765 0.19817653 0.20259145 0.2001436  0.19987229]] 
Episode: 324: [[0.19740506 0.19816838 0.20261735 0.20008714 0.19986142]] 
Episode: 325: [[0.19745567 0.19817019 0.20263816 0.20003316 0.19984561]] 
Episode: 326: [[0.19750658 0.19817546 0.20265466 0.1999827  0.1998292 ]] 
Episode: 327: [[0.1975498  0.19818525 0.20266478 0.1999415  0.19981511]] 
Episode: 328: [[0.19759086 0.1981986  0.20267144 0.19990434 0.19980091]] 
Episode: 329: [[0.19760926 0.1981937  0.20268224 0.19988155 0.19979757]] 
Episode: 330: [[0.19761299 0.19818011 0.20269237 0.19987005 0.19980164]] 
Episode: 331: [[0.1976228  0.1981749  0.20269857 0.19985631 0.19980237]] 
Episode: 332: [[0.1976365  0.19817235 0.20270345 0.19984211 0.19980031]] 
Episode: 333: [[0.19765233 0.19817282 0.20270665 0.1998282  0.19979638]] 
Episode: 334: [[0.19767141 0.19817786 0.20270744 0.199814   0.19979009]] 
Episode: 335: [[0.19768992 0.19818482 0.20270698 0.19980124 0.19978327]] 
Episode: 336: [[0.19770628 0.19819225 0.20270683 0.19978938 0.19977671]] 
Episode: 337: [[0.19772255 0.19819586 0.20270905 0.19977763 0.19976965]] 
Episode: 338: [[0.19773868 0.19820683 0.20270316 0.19976981 0.19976403]] 
Episode: 339: [[0.19775276 0.19822024 0.20269665 0.19976312 0.19975828]] 
Episode: 340: [[0.19778883 0.19826311 0.2026747  0.199749   0.19974111]] 
Episode: 341: [[0.19778901 0.19827758 0.20266458 0.19975293 0.19974013]] 
Episode: 342: [[0.1977926  0.19829498 0.20265232 0.19975595 0.19973782]] 
Episode: 343: [[0.19779187 0.19830644 0.20264173 0.19976182 0.19973819]] 
Episode: 344: [[0.19779062 0.19831654 0.2026316  0.19976792 0.1997391 ]] 
Episode: 345: [[0.19779105 0.19832754 0.20262119 0.1997733  0.19973902]] 
Episode: 346: [[0.19778886 0.19833548 0.20261154 0.19978045 0.19974048]] 
Episode: 347: [[0.19778968 0.19834366 0.20260301 0.19978575 0.1997397 ]] 
Episode: 348: [[0.19778357 0.1983508  0.20259461 0.19979505 0.19974151]] 
Episode: 349: [[0.19778475 0.19835952 0.20258762 0.19979902 0.19973956]] 
Episode: 350: [[0.19778681 0.19836931 0.20257981 0.19980298 0.19973716]] 
Episode: 351: [[0.19778913 0.1983771  0.20257194 0.19980739 0.19973542]] 
Episode: 352: [[0.19779722 0.19838275 0.20256668 0.19980706 0.19973154]] 
Episode: 353: [[0.19780472 0.19838749 0.20256199 0.19980697 0.19972785]] 
Episode: 354: [[0.19781424 0.19839141 0.20255494 0.19980723 0.19972534]] 
Episode: 355: [[0.1978241  0.19839603 0.20254733 0.19980778 0.1997225 ]] 
Episode: 356: [[0.19783059 0.19839829 0.20254116 0.19980946 0.1997212 ]] 
Episode: 357: [[0.19783866 0.19840069 0.20253395 0.19981085 0.19971997]] 
Episode: 358: [[0.19784014 0.19839843 0.20252903 0.19981532 0.1997216 ]] 
Episode: 359: [[0.19782226 0.19837843 0.20253542 0.19982691 0.19973084]] 
Episode: 360: [[0.19780597 0.19835971 0.20254079 0.19983816 0.19973946]] 
Episode: 361: [[0.19778778 0.19834037 0.20254686 0.19985016 0.19974856]] 
Episode: 362: [[0.19776285 0.19832663 0.2025506  0.19986494 0.19976006]] 
Episode: 363: [[0.19773631 0.19831225 0.20255321 0.19988108 0.19977336]] 
Episode: 364: [[0.1977129  0.19829895 0.20255506 0.19989623 0.19978513]] 
Episode: 365: [[0.19768563 0.19828016 0.20255707 0.19991426 0.1998007 ]] 
Episode: 366: [[0.19765997 0.19826011 0.2025596  0.19993143 0.19981587]] 
Episode: 367: [[0.19763654 0.19824013 0.2025619  0.19994748 0.19983043]] 
Episode: 368: [[0.1976114  0.19821812 0.20256445 0.19996479 0.19984622]] 
Episode: 369: [[0.19759208 0.19819888 0.2025646  0.19997978 0.19986032]] 
Episode: 370: [[0.19756976 0.1981762  0.2025661  0.1999965  0.19987592]] 
Episode: 371: [[0.19755338 0.19815835 0.20256327 0.20001094 0.19989064]] 
Episode: 372: [[0.19754215 0.19814298 0.2025608  0.20002209 0.19990213]] 
Episode: 373: [[0.19753087 0.1981269  0.20255844 0.2000334  0.19991378]] 
Episode: 374: [[0.19751546 0.19810393 0.20255953 0.20004585 0.19992815]] 
Episode: 375: [[0.19750051 0.1980803  0.20255934 0.20005906 0.19994333]] 
Episode: 376: [[0.19748622 0.19805159 0.20255947 0.2000725  0.1999605 ]] 
Episode: 377: [[0.19747515 0.19802545 0.20255786 0.2000849  0.19997633]] 
Episode: 378: [[0.19746514 0.1980005  0.20255488 0.20009758 0.19999185]] 
Episode: 379: [[0.1974536  0.19797485 0.20255354 0.20011033 0.20000714]] 
Episode: 380: [[0.1974441  0.19795103 0.20255403 0.2001206  0.20001976]] 
Episode: 381: [[0.19743782 0.19792823 0.20255296 0.20012978 0.20003185]] 
Episode: 382: [[0.19742933 0.19790055 0.20255308 0.20014018 0.20004633]] 
Episode: 383: [[0.19742464 0.19787681 0.20254956 0.20014909 0.20006073]] 
Episode: 384: [[0.19742055 0.19785555 0.2025444  0.20015839 0.2000746 ]] 
Episode: 385: [[0.1974153  0.19783401 0.20253985 0.20016816 0.2000885 ]] 
Episode: 386: [[0.19741212 0.19781584 0.20253454 0.2001768  0.20010048]] 
Episode: 387: [[0.19740883 0.19779922 0.2025294  0.20018503 0.20011182]] 
Episode: 388: [[0.19740494 0.19778335 0.20252493 0.20019309 0.20012257]] 
Episode: 389: [[0.19739431 0.19775961 0.20252408 0.20020418 0.2001369 ]] 
Episode: 390: [[0.19739328 0.19773175 0.20252211 0.20021093 0.200151  ]] 
Episode: 391: [[0.19739206 0.19770536 0.20252003 0.20021777 0.2001644 ]] 
Episode: 392: [[0.19739302 0.1976822  0.20251733 0.20022333 0.20017585]] 
Episode: 393: [[0.19739251 0.19766149 0.20251568 0.200229   0.2001857 ]] 
Episode: 394: [[0.19739619 0.19764537 0.20251235 0.20023276 0.20019287]] 
Episode: 395: [[0.19739896 0.19762893 0.20250875 0.20023729 0.20020062]] 
Episode: 396: [[0.1974019  0.19761384 0.20250438 0.20024186 0.20020823]] 
Episode: 397: [[0.19740565 0.19759943 0.20249943 0.20024635 0.20021547]] 
Episode: 398: [[0.19740385 0.19758013 0.20249607 0.20025368 0.20022601]] 
Episode: 399: [[0.19739854 0.19755945 0.20249367 0.20026244 0.20023793]] 
Episode: 400: [[0.1973917  0.19753881 0.20249252 0.20027146 0.20024946]] 
Episode: 401: [[0.1973844  0.19751942 0.20249169 0.20028035 0.20026039]] 
Episode: 402: [[0.1973776  0.19749878 0.20249084 0.20028944 0.20027149]] 
Episode: 403: [[0.19737107 0.19747934 0.20249045 0.20029809 0.2002815 ]] 
Episode: 404: [[0.1973679  0.19746456 0.20248897 0.20030461 0.20028895]] 
Episode: 405: [[0.19736306 0.1974498  0.20248836 0.20031165 0.20029637]] 
Episode: 406: [[0.19735922 0.19743632 0.20248725 0.20031825 0.20030314]] 
Episode: 407: [[0.19735335 0.19742306 0.20248578 0.20032617 0.20031065]] 
Episode: 408: [[0.19734588 0.19740844 0.20248517 0.20033474 0.20031878]] 
Episode: 409: [[0.19733804 0.19739339 0.20248479 0.20034334 0.20032722]] 
Episode: 410: [[0.19732596 0.19737558 0.20248683 0.20035328 0.20033693]] 
Episode: 411: [[0.1973105  0.19735444 0.2024899  0.20036528 0.2003485 ]] 
Episode: 412: [[0.19729657 0.19733483 0.20249237 0.20037666 0.20035909]] 
Episode: 413: [[0.1972835  0.19731688 0.20249522 0.20038733 0.20036815]] 
Episode: 414: [[0.19726871 0.19729488 0.20249988 0.20039876 0.20037839]] 
Episode: 415: [[0.19725597 0.19727513 0.20250356 0.20040916 0.20038757]] 
Episode: 416: [[0.19723645 0.19724569 0.20251188 0.2004223  0.2004007 ]] 
Episode: 417: [[0.19721864 0.19721837 0.20251824 0.20043553 0.20041321]] 
Episode: 418: [[0.1972034  0.19719301 0.20252249 0.20044829 0.20042521]] 
Episode: 419: [[0.19718972 0.19717057 0.20252627 0.20046003 0.20043552]] 
Episode: 420: [[0.19717592 0.19714856 0.20252764 0.2004735  0.20044686]] 
Episode: 421: [[0.19716242 0.19712695 0.2025294  0.20048621 0.20045795]] 
Episode: 422: [[0.19714972 0.19710696 0.20252967 0.20049916 0.20046882]] 
Episode: 423: [[0.19713913 0.19708791 0.20252952 0.20051111 0.20047875]] 
Episode: 424: [[0.19712384 0.1970702  0.20253448 0.2005224  0.20048659]] 
Episode: 425: [[0.19710343 0.1970474  0.20254508 0.20053393 0.20049523]] 
Episode: 426: [[0.19708285 0.19702378 0.20255539 0.20054583 0.2005045 ]] 
Episode: 427: [[0.1970651  0.1969998  0.20256439 0.20055708 0.2005137 ]] 
Episode: 428: [[0.19704899 0.19698398 0.20257239 0.20056765 0.20051825]] 
Episode: 429: [[0.1970315  0.19696602 0.20257907 0.20058015 0.20052503]] 
Episode: 430: [[0.1970184  0.19694829 0.20258377 0.20059124 0.2005315 ]] 
Episode: 431: [[0.1970092  0.19692366 0.20259039 0.20060033 0.2005386 ]] 
Episode: 432: [[0.19699626 0.19689408 0.20259765 0.2006122  0.2005487 ]] 
Episode: 433: [[0.19698803 0.19686568 0.20260344 0.20062168 0.20055793]] 
Episode: 434: [[0.19698067 0.19683777 0.20260741 0.20063177 0.20056766]] 
Episode: 435: [[0.19697446 0.1968111  0.20261027 0.2006415  0.20057724]] 
Episode: 436: [[0.19696563 0.19678351 0.20261312 0.20065291 0.20058808]] 
Episode: 437: [[0.19695674 0.19675446 0.20261562 0.20066492 0.20059974]] 
Episode: 438: [[0.1969468  0.1967246  0.2026182  0.20067768 0.20061202]] 
Episode: 439: [[0.19693428 0.1966848  0.20262317 0.20069224 0.20062831]] 
Episode: 440: [[0.19692148 0.19664778 0.20262884 0.20070615 0.20064293]] 
Episode: 441: [[0.19690633 0.19660947 0.20263492 0.20072122 0.20065881]] 
Episode: 442: [[0.19688676 0.19657327 0.20264398 0.20073701 0.20067304]] 
Episode: 443: [[0.19686975 0.19654045 0.20265165 0.20075133 0.20068596]] 
Episode: 444: [[0.1968534  0.19650447 0.20265901 0.2007661  0.20070024]] 
Episode: 445: [[0.19684002 0.19647074 0.20266454 0.20077977 0.2007137 ]] 
Episode: 446: [[0.19682524 0.19643739 0.20267133 0.20079294 0.20072712]] 
Episode: 447: [[0.19681798 0.19640893 0.20267574 0.20080237 0.2007373 ]] 
Episode: 448: [[0.1968089  0.1963805  0.20268059 0.20081256 0.20074782]] 
Episode: 449: [[0.1968003  0.19635232 0.20268382 0.20082356 0.20075886]] 
Episode: 450: [[0.19679251 0.1963266  0.20268539 0.20083459 0.20076956]] 
Episode: 451: [[0.19678232 0.1963005  0.20268801 0.2008461  0.20078088]] 
Episode: 452: [[0.19677101 0.19627437 0.20268963 0.20085894 0.20079312]] 
Episode: 453: [[0.19675976 0.19624774 0.20269151 0.20087172 0.20080535]] 
Episode: 454: [[0.19674633 0.19622216 0.20269477 0.20088431 0.20081738]] 
Episode: 455: [[0.19673261 0.19619697 0.20269857 0.20089667 0.20082901]] 
Episode: 456: [[0.19672135 0.19617221 0.20270215 0.2009077  0.20083979]] 
Episode: 457: [[0.19671066 0.19614951 0.20270477 0.20091867 0.20084994]] 
Episode: 458: [[0.1966985  0.19612761 0.20270796 0.20093009 0.20085976]] 
Episode: 459: [[0.19668648 0.19610713 0.2027107  0.20094134 0.20086923]] 
Episode: 460: [[0.19667567 0.19608735 0.20271432 0.20095134 0.20087741]] 
Episode: 461: [[0.19666688 0.19606581 0.20271714 0.20096122 0.20088598]] 
Episode: 462: [[0.19666044 0.19604008 0.20272166 0.2009694  0.20089482]] 
Episode: 463: [[0.19665645 0.19601849 0.20272489 0.20097601 0.20090188]] 
Episode: 464: [[0.1966502  0.19599539 0.20272888 0.20098363 0.20091   ]] 
Episode: 465: [[0.19664557 0.19597487 0.20273231 0.20099032 0.20091666]] 
Episode: 466: [[0.19663791 0.19595258 0.20273389 0.20100036 0.20092604]] 
Episode: 467: [[0.19662882 0.19593    0.20273592 0.20101093 0.20093581]] 
Episode: 468: [[0.19661993 0.19590811 0.20273735 0.20102157 0.20094562]] 
Episode: 469: [[0.19660872 0.19588596 0.20273988 0.20103249 0.20095602]] 
Episode: 470: [[0.19662139 0.19588533 0.2027311  0.20103    0.20095792]] 
Episode: 471: [[0.19663325 0.19588338 0.20272249 0.2010284  0.20096034]] 
Episode: 472: [[0.19665323 0.19588274 0.20271255 0.20102306 0.20095995]] 
Episode: 473: [[0.1966693  0.19588083 0.20270379 0.20101957 0.20096064]] 
Episode: 474: [[0.19668305 0.19587709 0.20269533 0.20101783 0.2009625 ]] 
Episode: 475: [[0.19670385 0.19587427 0.20268461 0.20101364 0.20096253]] 
Episode: 476: [[0.19671838 0.19586873 0.20267451 0.20101333 0.20096537]] 
Episode: 477: [[0.19673137 0.1958649  0.20266375 0.20101386 0.20096844]] 
Episode: 478: [[0.19674271 0.19585985 0.20265262 0.20101601 0.20097266]] 
Episode: 479: [[0.19675057 0.1958527  0.2026427  0.20101996 0.20097815]] 
Episode: 480: [[0.19675036 0.19584146 0.20263644 0.2010272  0.20098588]] 
Episode: 481: [[0.19674401 0.1958224  0.20263539 0.20103669 0.20099577]] 
Episode: 482: [[0.19673547 0.19580328 0.20263542 0.20104674 0.20100585]] 
Episode: 483: [[0.1967257  0.19578518 0.20263588 0.2010569  0.20101574]] 
Episode: 484: [[0.19671302 0.19576442 0.20263776 0.20106848 0.20102686]] 
Episode: 485: [[0.19670174 0.19574438 0.20263912 0.20107946 0.20103748]] 
Episode: 486: [[0.19669315 0.19572347 0.20264006 0.20108959 0.2010476 ]] 
Episode: 487: [[0.19668561 0.19570246 0.2026406  0.20109953 0.20105752]] 
Episode: 488: [[0.19668138 0.19568267 0.20264018 0.20110795 0.20106632]] 
Episode: 489: [[0.19667546 0.19566117 0.20264089 0.20111707 0.2010757 ]] 
Episode: 490: [[0.19666989 0.19564176 0.20264077 0.20112601 0.2010846 ]] 
Episode: 491: [[0.19666716 0.19562727 0.20263942 0.20113267 0.20109147]] 
Episode: 492: [[0.19666174 0.19561192 0.20264019 0.20113972 0.2010984 ]] 
Episode: 493: [[0.19665515 0.195593   0.20264125 0.2011482  0.20110695]] 
Episode: 494: [[0.19664888 0.19557498 0.20264205 0.20115644 0.20111518]] 
Episode: 495: [[0.196649   0.19556513 0.20264108 0.20115978 0.2011193 ]] 
Episode: 496: [[0.1966528  0.19556482 0.20264143 0.20115712 0.20111828]] 
Episode: 497: [[0.19665517 0.19556245 0.20264144 0.2011562  0.20111857]] 
Episode: 498: [[0.19665806 0.19555816 0.20264134 0.2011555  0.20111954]] 
Episode: 499: [[0.19665773 0.19555058 0.20264277 0.2011565  0.20112205]] 
Episode: 500: [[0.19665843 0.19554372 0.20264448 0.20115682 0.20112348]] 
Episode: 501: [[0.19665752 0.19553475 0.20264661 0.20115839 0.20112604]] 
Episode: 502: [[0.19664748 0.19552569 0.20265132 0.20116326 0.20113051]] 
Episode: 503: [[0.19664097 0.19551809 0.20265469 0.20116653 0.20113404]] 
Episode: 504: [[0.19663264 0.1955059  0.20265894 0.20117153 0.20113942]] 
Episode: 505: [[0.19662328 0.19549192 0.20266438 0.2011769  0.20114513]] 
Episode: 506: [[0.19660942 0.19546951 0.20267236 0.2011856  0.20115404]] 
Episode: 507: [[0.19658993 0.19544198 0.20268326 0.20119697 0.20116529]] 
Episode: 508: [[0.19657497 0.19541927 0.20269169 0.20120616 0.2011744 ]] 
Episode: 509: [[0.19656038 0.1953971  0.20269924 0.20121561 0.20118363]] 
Episode: 510: [[0.1965405  0.19536984 0.20271023 0.20122741 0.20119455]] 
Episode: 511: [[0.19651872 0.19533892 0.20272344 0.20124005 0.20120613]] 
Episode: 512: [[0.19649607 0.19529839 0.20274019 0.20125347 0.20121981]] 
Episode: 513: [[0.19647168 0.19525596 0.20275703 0.20126845 0.20123468]] 
Episode: 514: [[0.19644715 0.19521011 0.20277506 0.20128384 0.2012501 ]] 
Episode: 515: [[0.1964213  0.19516517 0.20279133 0.20130093 0.20126657]] 
Episode: 516: [[0.19639526 0.19512206 0.20280574 0.20131882 0.20128341]] 
Episode: 517: [[0.19637148 0.19508256 0.20281833 0.20133568 0.20129904]] 
Episode: 518: [[0.19634688 0.1950416  0.2028319  0.20135291 0.2013149 ]] 
Episode: 519: [[0.19632845 0.19500679 0.20284256 0.20136678 0.20132789]] 
Episode: 520: [[0.19631077 0.19496974 0.20285511 0.20137969 0.20134042]] 
Episode: 521: [[0.19629438 0.19493505 0.2028661  0.20139217 0.20135249]] 
Episode: 522: [[0.19628116 0.194901   0.20287627 0.20140338 0.20136355]] 
Episode: 523: [[0.19626696 0.19486502 0.20288692 0.20141546 0.20137534]] 
Episode: 524: [[0.19625337 0.1948285  0.20289801 0.20142713 0.20138684]] 
Episode: 525: [[0.19624764 0.19478975 0.20290864 0.2014351  0.20139691]] 
Episode: 526: [[0.19624338 0.19475168 0.20291868 0.20144248 0.20140648]] 
Episode: 527: [[0.19624044 0.19471465 0.20292714 0.20144983 0.2014161 ]] 
Episode: 528: [[0.19623777 0.19468018 0.20293379 0.20145757 0.20142558]] 
Episode: 529: [[0.19623984 0.19465162 0.2029372  0.20146297 0.20143308]] 
Episode: 530: [[0.19624257 0.19462381 0.20293877 0.20146914 0.20144092]] 
Episode: 531: [[0.19624236 0.19460286 0.20293903 0.2014765  0.20144731]] 
Episode: 532: [[0.1962456  0.19458075 0.20293982 0.20148136 0.20145321]] 
Episode: 533: [[0.19624715 0.19455777 0.20294128 0.20148695 0.20145966]] 
Episode: 534: [[0.19624767 0.1945341  0.20294206 0.20149377 0.20146711]] 
Episode: 535: [[0.19624761 0.19451176 0.2029423  0.20150086 0.20147456]] 
Episode: 536: [[0.19624612 0.19448675 0.2029456  0.20150727 0.20148206]] 
Episode: 537: [[0.19624944 0.1944634  0.20294796 0.20151089 0.201488  ]] 
Episode: 538: [[0.19625387 0.19443996 0.20295098 0.20151341 0.20149331]] 
Episode: 539: [[0.19636926 0.19460683 0.20295113 0.20137015 0.20134933]] 
Episode: 540: [[0.19649568 0.19472444 0.20291659 0.20124072 0.2012682 ]] 
Episode: 541: [[0.19661051 0.19482484 0.20286515 0.20112294 0.20121643]] 
Episode: 542: [[0.19674285 0.19497101 0.20284395 0.20098181 0.20110157]] 
Episode: 543: [[0.19688481 0.19512127 0.20281737 0.20082611 0.20099193]] 
Episode: 544: [[0.19704406 0.19527215 0.20282593 0.20064974 0.20086838]] 
Episode: 545: [[0.19718696 0.19540806 0.20283282 0.20049177 0.20075718]] 
Episode: 546: [[0.19731484 0.19551855 0.20282425 0.2003539  0.20067693]] 
Episode: 547: [[0.19743122 0.19561903 0.202817   0.2002283  0.20060377]] 
Episode: 548: [[0.19753744 0.19570969 0.20281035 0.20011447 0.2005375 ]] 
Episode: 549: [[0.19763505 0.19578916 0.20280267 0.20000844 0.20048317]] 
Episode: 550: [[0.19770883 0.1958464  0.2027769  0.19992788 0.20045856]] 
Episode: 551: [[0.19780289 0.19592284 0.20279716 0.19979088 0.20042558]] 
Episode: 552: [[0.1978775  0.19599232 0.20281373 0.19967401 0.20039652]] 
Episode: 553: [[0.19794728 0.19605584 0.20282497 0.19957064 0.20036842]] 
Episode: 554: [[0.1980136  0.19611812 0.20283027 0.19947976 0.20033641]] 
Episode: 555: [[0.1980192  0.19610144 0.20289432 0.19939645 0.20038056]] 
Episode: 556: [[0.19790182 0.19600311 0.2030728  0.19924201 0.20052713]] 
Episode: 557: [[0.19777723 0.19587956 0.20324634 0.19910191 0.20069492]] 
Episode: 558: [[0.19766587 0.1957779  0.20340605 0.19897021 0.2008375 ]] 
Episode: 559: [[0.19747876 0.19559108 0.20359355 0.1987797  0.20102458]] 
Episode: 560: [[0.19732894 0.19544768 0.20373529 0.19867316 0.20116681]] 
Episode: 561: [[0.1971946  0.19531794 0.2038622  0.19857983 0.20129527]] 
Episode: 562: [[0.19707356 0.19520104 0.20397656 0.19849575 0.20141102]] 
Episode: 563: [[0.1969645  0.1950957  0.2040796  0.19841997 0.20151532]] 
Episode: 564: [[0.1968663  0.19500075 0.20417239 0.19835187 0.20160931]] 
Episode: 565: [[0.19677782 0.19491519 0.204256   0.19829051 0.20169401]] 
Episode: 566: [[0.19669817 0.19483805 0.20433128 0.1982354  0.20177034]] 
Episode: 567: [[0.19662641 0.19476855 0.20439911 0.19818573 0.2018391 ]] 
Episode: 568: [[0.19656175 0.19470592 0.20446023 0.19814098 0.20190108]] 
Episode: 569: [[0.19650349 0.19464949 0.20451531 0.19810066 0.20195691]] 
Episode: 570: [[0.19645098 0.19459864 0.20456497 0.19806424 0.2020072 ]] 
Episode: 571: [[0.19640368 0.19455284 0.20460977 0.19803137 0.2020525 ]] 
Episode: 572: [[0.19636048 0.19451186 0.20465098 0.19799988 0.20209306]] 
Episode: 573: [[0.1963216  0.19447492 0.20468809 0.19797158 0.20212962]] 
Episode: 574: [[0.19628674 0.19444154 0.20472148 0.19794628 0.20216256]] 
Episode: 575: [[0.19625537 0.19441144 0.20475161 0.19792342 0.20219223]] 
Episode: 576: [[0.19622698 0.19438441 0.20477898 0.19790229 0.20221889]] 
Episode: 577: [[0.19621107 0.19435573 0.20479012 0.19791046 0.20224674]] 
Episode: 578: [[0.19619648 0.19433    0.20480053 0.19791695 0.20227171]] 
Episode: 579: [[0.19618356 0.1943067  0.2048098  0.1979232  0.20229426]] 
Episode: 580: [[0.19617192 0.1942857  0.20481814 0.19792883 0.20231457]] 
Episode: 581: [[0.19616148 0.19426677 0.20482565 0.19793396 0.20233287]] 
Episode: 582: [[0.19615215 0.19424966 0.20483238 0.19793871 0.20234938]] 
Episode: 583: [[0.19614375 0.19423424 0.20483844 0.197943   0.20236425]] 
Episode: 584: [[0.19613616 0.19422035 0.20484401 0.1979467  0.20237762]] 
Episode: 585: [[0.19612928 0.19420785 0.20484912 0.19794984 0.20238963]] 
Episode: 586: [[0.19612308 0.19419658 0.20485373 0.19795267 0.20240046]] 
Episode: 587: [[0.1961174  0.19418646 0.20485806 0.19795491 0.20241016]] 
Episode: 588: [[0.19611229 0.19417734 0.20486197 0.19795692 0.20241891]] 
Episode: 589: [[0.19610769 0.19416912 0.2048655  0.19795872 0.20242678]] 
Episode: 590: [[0.19610353 0.19416171 0.20486872 0.1979603  0.20243387]] 
Episode: 591: [[0.19609979 0.19415504 0.20487161 0.19796172 0.20244025]] 
Episode: 592: [[0.1960965  0.19414896 0.20487426 0.19796306 0.202446  ]] 
Episode: 593: [[0.19609357 0.19414344 0.20487666 0.19796431 0.20245118]] 
Episode: 594: [[0.19609101 0.19413844 0.20487879 0.19796558 0.20245586]] 
Episode: 595: [[0.1960887  0.19413392 0.20488073 0.1979667  0.20246008]] 
Episode: 596: [[0.19608666 0.19412981 0.20488255 0.19796768 0.20246387]] 
Episode: 597: [[0.19608481 0.1941261  0.2048842  0.19796856 0.20246726]] 
Episode: 598: [[0.19608328 0.19412269 0.20488565 0.19796957 0.20247035]] 
Episode: 599: [[0.19608192 0.19411959 0.20488696 0.19797052 0.20247313]] 
Episode: 600: [[0.19608077 0.19411674 0.20488809 0.19797155 0.20247565]] 
Episode: 601: [[0.19607975 0.19411418 0.20488912 0.19797248 0.20247792]] 
Episode: 602: [[0.19607884 0.19411184 0.20489007 0.19797331 0.20247996]] 
Episode: 603: [[0.19607802 0.19410974 0.20489094 0.19797407 0.20248179]] 
Episode: 604: [[0.19607732 0.19410782 0.2048917  0.19797482 0.20248345]] 
Episode: 605: [[0.19607669 0.19410607 0.2048924  0.19797552 0.20248494]] 
Episode: 606: [[0.19607617 0.19410448 0.20489302 0.1979762  0.20248629]] 
Episode: 607: [[0.19607571 0.19410302 0.2048936  0.19797684 0.20248751]] 
Episode: 608: [[0.19607535 0.19410166 0.20489411 0.19797754 0.20248862]] 
Episode: 609: [[0.19607504 0.19410042 0.20489459 0.19797818 0.20248961]] 
Episode: 610: [[0.19607477 0.19409929 0.20489503 0.19797878 0.20249051]] 
Episode: 611: [[0.19607453 0.19409826 0.20489545 0.19797933 0.20249131]] 
Episode: 612: [[0.19607432 0.19409733 0.20489584 0.19797982 0.20249203]] 
Episode: 613: [[0.19607413 0.19409648 0.20489618 0.19798027 0.20249268]] 
Episode: 614: [[0.19607396 0.1940957  0.20489651 0.19798069 0.20249327]] 
Episode: 615: [[0.19607382 0.194095   0.20489681 0.19798106 0.20249379]] 
Episode: 616: [[0.19607373 0.19409434 0.20489706 0.19798149 0.20249426]] 
Episode: 617: [[0.19607365 0.19409373 0.20489733 0.1979819  0.2024947 ]] 
Episode: 618: [[0.19607364 0.19409315 0.20489755 0.19798234 0.20249508]] 
Episode: 619: [[0.19607365 0.1940926  0.20489775 0.19798279 0.20249544]] 
Episode: 620: [[0.19607368 0.19409208 0.20489796 0.19798322 0.20249575]] 
Episode: 621: [[0.19607373 0.1940916  0.20489815 0.19798362 0.20249604]] 
Episode: 622: [[0.19607376 0.19409117 0.20489833 0.19798398 0.20249629]] 
Episode: 623: [[0.19607379 0.19409077 0.20489852 0.1979843  0.20249651]] 
Episode: 624: [[0.19607402 0.19409028 0.20489858 0.19798498 0.20249675]] 
Episode: 625: [[0.19607425 0.19408983 0.20489864 0.19798559 0.20249696]] 
Episode: 626: [[0.1960745  0.19408938 0.20489869 0.19798625 0.20249715]] 
Episode: 627: [[0.19607492 0.19408886 0.20489863 0.19798717 0.20249736]] 
Episode: 628: [[0.1960753  0.19408838 0.20489863 0.19798797 0.20249754]] 
Episode: 629: [[0.19607568 0.19408792 0.20489866 0.19798873 0.2024977 ]] 
Episode: 630: [[0.19607602 0.1940875  0.20489869 0.19798943 0.20249785]] 
Episode: 631: [[0.19607633 0.19408712 0.20489873 0.19799004 0.20249799]] 
Episode: 632: [[0.19607668 0.19408673 0.20489876 0.19799069 0.20249811]] 
Episode: 633: [[0.19607705 0.19408631 0.20489883 0.1979913  0.20249821]] 
Episode: 634: [[0.19607744 0.19408591 0.2048989  0.19799191 0.2024983 ]] 
Episode: 635: [[0.1960778  0.19408554 0.204899   0.19799244 0.20249838]] 
Episode: 636: [[0.1960781  0.1940852  0.2048991  0.1979929  0.20249844]] 
Episode: 637: [[0.19607839 0.19408488 0.2048992  0.19799332 0.2024985 ]] 
Episode: 638: [[0.19607864 0.1940846  0.2048993  0.1979937  0.20249856]] 
Episode: 639: [[0.19607887 0.19408435 0.20489945 0.19799398 0.20249858]] 
Episode: 640: [[0.19607906 0.19408411 0.20489958 0.19799423 0.20249861]] 
Episode: 641: [[0.19607924 0.1940839  0.20489973 0.19799443 0.20249863]] 
Episode: 642: [[0.1960794  0.1940837  0.20489986 0.19799459 0.20249864]] 
Episode: 643: [[0.19607955 0.19408353 0.20489998 0.19799474 0.20249866]] 
Episode: 644: [[0.19607969 0.19408336 0.20490009 0.19799487 0.20249867]] 
Episode: 645: [[0.19607994 0.19408312 0.20490016 0.19799519 0.2024987 ]] 
Episode: 646: [[0.19608018 0.19408292 0.20490023 0.19799547 0.20249873]] 
Episode: 647: [[0.19608039 0.19408272 0.20490031 0.1979957  0.20249875]] 
Episode: 648: [[0.19608058 0.19408254 0.20490038 0.19799593 0.20249876]] 
Episode: 649: [[0.19608083 0.19408233 0.20490043 0.19799624 0.20249878]] 
Episode: 650: [[0.19608106 0.19408214 0.20490047 0.19799653 0.2024988 ]] 
Episode: 651: [[0.19608125 0.19408196 0.20490055 0.19799672 0.20249881]] 
Episode: 652: [[0.19608149 0.19408177 0.20490061 0.19799699 0.20249882]] 
Episode: 653: [[0.19608174 0.19408156 0.20490065 0.1979973  0.20249884]] 
Episode: 654: [[0.19608207 0.1940813  0.20490067 0.19799775 0.20249887]] 
Episode: 655: [[0.19608238 0.19408105 0.20490073 0.19799814 0.20249888]] 
Episode: 656: [[0.19608265 0.19408083 0.20490082 0.19799842 0.20249888]] 
Episode: 657: [[0.19608289 0.19408064 0.2049009  0.19799867 0.20249888]] 
Episode: 658: [[0.1960831  0.19408046 0.20490102 0.19799885 0.20249887]] 
Episode: 659: [[0.19608328 0.1940803  0.20490116 0.19799899 0.20249885]] 
Episode: 660: [[0.19608355 0.19408007 0.20490125 0.19799928 0.20249885]] 
Episode: 661: [[0.1960838  0.19407988 0.20490134 0.19799955 0.20249885]] 
Episode: 662: [[0.19608402 0.1940797  0.20490141 0.19799979 0.20249885]] 
Episode: 663: [[0.19608422 0.19407953 0.20490147 0.19800001 0.20249885]] 
Episode: 664: [[0.1960844  0.19407938 0.20490153 0.19800021 0.20249885]] 
Episode: 665: [[0.19608456 0.19407925 0.20490159 0.19800039 0.20249885]] 
Episode: 666: [[0.196085   0.19407897 0.20490146 0.1980011  0.20249891]] 
Episode: 667: [[0.19608541 0.1940787  0.20490138 0.19800171 0.20249896]] 
Episode: 668: [[0.19608578 0.19407846 0.20490131 0.19800226 0.20249899]] 
Episode: 669: [[0.19608614 0.19407822 0.20490125 0.1980028  0.20249902]] 
Episode: 670: [[0.19608647 0.194078   0.20490123 0.19800323 0.20249903]] 
Episode: 671: [[0.19608678 0.19407779 0.2049012  0.19800366 0.20249905]] 
Episode: 672: [[0.19608705 0.19407761 0.20490123 0.19800396 0.20249905]] 
Episode: 673: [[0.19608724 0.19407745 0.20490137 0.19800407 0.20249902]] 
Episode: 674: [[0.19608742 0.1940773  0.20490149 0.19800417 0.20249899]] 
Episode: 675: [[0.19608758 0.19407716 0.20490159 0.19800426 0.20249897]] 
Episode: 676: [[0.19608793 0.19407693 0.20490159 0.19800468 0.20249899]] 
Episode: 677: [[0.19608825 0.1940767  0.2049016  0.19800505 0.202499  ]] 
Episode: 678: [[0.19608875 0.19407639 0.20490152 0.19800575 0.20249905]] 
Episode: 679: [[0.1960892  0.1940761  0.20490143 0.19800638 0.20249908]] 
Episode: 680: [[0.1960896  0.19407584 0.20490141 0.19800688 0.20249909]] 
Episode: 681: [[0.19608992 0.1940756  0.20490152 0.19800717 0.20249908]] 
Episode: 682: [[0.19609022 0.19407539 0.2049016  0.19800742 0.20249906]] 
Episode: 683: [[0.19609049 0.19407518 0.20490175 0.1980076  0.20249903]] 
Episode: 684: [[0.19609071 0.194075   0.20490196 0.19800764 0.20249899]] 
Episode: 685: [[0.1960909  0.19407484 0.20490214 0.19800769 0.20249894]] 
Episode: 686: [[0.19609106 0.1940747  0.2049024  0.19800758 0.20249888]] 
Episode: 687: [[0.19609119 0.19407459 0.20490262 0.1980075  0.20249882]] 
Episode: 688: [[0.19609128 0.19407448 0.20490289 0.1980073  0.20249875]] 
Episode: 689: [[0.19609135 0.19407439 0.20490317 0.19800706 0.20249867]] 
Episode: 690: [[0.19609137 0.19407432 0.20490353 0.19800667 0.20249858]] 
Episode: 691: [[0.19609144 0.19407421 0.20490386 0.19800639 0.2024985 ]] 
Episode: 692: [[0.1960915  0.19407412 0.20490418 0.19800608 0.2024984 ]] 
Episode: 693: [[0.19609155 0.19407405 0.20490448 0.1980058  0.20249833]] 
Episode: 694: [[0.19609156 0.19407399 0.20490485 0.19800535 0.20249823]] 
Episode: 695: [[0.19609159 0.19407392 0.20490529 0.19800484 0.20249812]] 
Episode: 696: [[0.19609156 0.19407387 0.20490578 0.1980042  0.20249799]] 
Episode: 697: [[0.19609155 0.19407381 0.20490627 0.19800359 0.20249785]] 
Episode: 698: [[0.19609153 0.19407377 0.2049067  0.19800304 0.20249774]] 
Episode: 699: [[0.19609152 0.19407372 0.20490709 0.19800255 0.20249763]] 
Episode: 700: [[0.1960915  0.19407368 0.20490745 0.1980021  0.20249754]] 
Episode: 701: [[0.19609144 0.19407365 0.20490794 0.19800141 0.20249741]] 
Episode: 702: [[0.19609128 0.19407366 0.2049086  0.19800042 0.20249723]] 
Episode: 703: [[0.19609115 0.19407368 0.20490918 0.19799952 0.20249707]] 
Episode: 704: [[0.19609103 0.19407369 0.2049097  0.19799872 0.20249692]] 
Episode: 705: [[0.19609086 0.19407372 0.20491025 0.19799784 0.20249677]] 
Episode: 706: [[0.19609065 0.19407378 0.20491089 0.19799678 0.20249659]] 
Episode: 707: [[0.19609046 0.19407383 0.20491147 0.19799583 0.20249642]] 
Episode: 708: [[0.19609025 0.19407389 0.20491205 0.19799486 0.20249626]] 
Episode: 709: [[0.1960901  0.19407392 0.20491262 0.19799395 0.20249611]] 
Episode: 710: [[0.19608991 0.19407396 0.20491324 0.1979929  0.20249593]] 
Episode: 711: [[0.19608968 0.19407403 0.20491388 0.19799182 0.20249575]] 
Episode: 712: [[0.19608948 0.1940741  0.20491447 0.19799083 0.20249559]] 
Episode: 713: [[0.1960893  0.19407415 0.20491499 0.19798996 0.20249544]] 
Episode: 714: [[0.19608925 0.19407414 0.20491543 0.19798928 0.20249532]] 
Episode: 715: [[0.19608913 0.19407415 0.20491602 0.19798836 0.20249516]] 
Episode: 716: [[0.19608916 0.19407408 0.20491655 0.19798762 0.20249501]] 
Episode: 717: [[0.1960892  0.19407402 0.20491704 0.19798695 0.20249487]] 
Episode: 718: [[0.19608922 0.19407396 0.20491748 0.19798633 0.20249476]] 
Episode: 719: [[0.19608924 0.19407392 0.20491791 0.19798572 0.20249464]] 
Episode: 720: [[0.19608925 0.19407387 0.2049183  0.19798517 0.20249453]] 
Episode: 721: [[0.19608927 0.19407383 0.20491864 0.19798468 0.20249444]] 
Episode: 722: [[0.19608918 0.19407383 0.20491914 0.19798385 0.20249431]] 
Episode: 723: [[0.19608909 0.19407383 0.2049196  0.1979831  0.20249417]] 
Episode: 724: [[0.19608885 0.1940739  0.2049203  0.19798188 0.20249398]] 
Episode: 725: [[0.19608852 0.19407402 0.20492113 0.19798039 0.20249374]] 
Episode: 726: [[0.19608843 0.19407402 0.20492175 0.19797939 0.20249356]] 
Episode: 727: [[0.19608833 0.19407403 0.20492235 0.19797839 0.20249338]] 
Episode: 728: [[0.19608809 0.19407411 0.20492314 0.19797702 0.20249316]] 
Episode: 729: [[0.19608778 0.19407423 0.20492402 0.19797546 0.20249291]] 
Episode: 730: [[0.19608743 0.19407436 0.20492497 0.19797374 0.20249264]] 
Episode: 731: [[0.19608699 0.19407454 0.20492609 0.19797167 0.20249231]] 
Episode: 732: [[0.1960867  0.19407463 0.20492706 0.19796997 0.20249203]] 
Episode: 733: [[0.19608691 0.19407447 0.2049276  0.19796932 0.20249188]] 
Episode: 734: [[0.19608709 0.19407432 0.20492807 0.19796874 0.20249175]] 
Episode: 735: [[0.19608714 0.19407424 0.2049287  0.19796781 0.20249157]] 
Episode: 736: [[0.19608715 0.19407418 0.20492937 0.19796681 0.20249137]] 
Episode: 737: [[0.19608717 0.19407412 0.20492996 0.1979659  0.20249121]] 
Episode: 738: [[0.1960872  0.19407406 0.20493053 0.19796507 0.20249104]] 
Episode: 739: [[0.19608724 0.194074   0.2049311  0.19796424 0.20249088]] 
Episode: 740: [[0.19608743 0.19407387 0.2049315  0.19796376 0.20249076]] 
Episode: 741: [[0.19608757 0.19407377 0.20493193 0.1979632  0.20249064]] 
Episode: 742: [[0.1960877  0.19407366 0.20493235 0.19796264 0.20249052]] 
Episode: 743: [[0.19608782 0.19407357 0.20493272 0.19796215 0.20249042]] 
Episode: 744: [[0.19608793 0.19407348 0.20493305 0.1979617  0.20249033]] 
Episode: 745: [[0.19608803 0.1940734  0.20493338 0.19796127 0.20249024]] 
Episode: 746: [[0.19608794 0.19407341 0.204934   0.19796021 0.20249006]] 
Episode: 747: [[0.19608785 0.19407342 0.20493457 0.19795926 0.2024899 ]] 
Episode: 748: [[0.19608767 0.19407348 0.20493525 0.19795804 0.2024897 ]] 
Episode: 749: [[0.19608751 0.19407354 0.20493586 0.19795693 0.20248953]] 
Episode: 750: [[0.1960873  0.19407363 0.20493653 0.19795573 0.20248933]] 
Episode: 751: [[0.19608715 0.19407368 0.20493712 0.1979547  0.20248915]] 
Episode: 752: [[0.19608721 0.19407362 0.2049376  0.19795395 0.202489  ]] 
Episode: 753: [[0.19608733 0.19407353 0.20493801 0.19795339 0.20248888]] 
Episode: 754: [[0.19608735 0.19407348 0.20493859 0.19795246 0.20248872]] 
Episode: 755: [[0.19608717 0.19407356 0.20493942 0.19795097 0.20248847]] 
Episode: 756: [[0.196087   0.19407362 0.20494017 0.19794963 0.20248824]] 
Episode: 757: [[0.19608691 0.19407363 0.20494084 0.19794847 0.20248803]] 
Episode: 758: [[0.1960868  0.19407366 0.20494156 0.19794722 0.20248783]] 
Episode: 759: [[0.19608675 0.19407366 0.20494221 0.19794612 0.20248763]] 
Episode: 760: [[0.196087   0.19407351 0.20494258 0.19794568 0.20248753]] 
Episode: 761: [[0.1960872  0.19407338 0.20494314 0.19794491 0.20248736]] 
Episode: 762: [[0.19608733 0.19407327 0.2049437  0.19794406 0.2024872 ]] 
Episode: 763: [[0.19608745 0.19407319 0.20494421 0.1979433  0.20248705]] 
Episode: 764: [[0.1960876  0.19407308 0.20494464 0.19794269 0.20248692]] 
Episode: 765: [[0.19608784 0.19407293 0.20494497 0.1979423  0.20248683]] 
Episode: 766: [[0.19608782 0.19407292 0.20494561 0.19794123 0.20248663]] 
Episode: 767: [[0.19608788 0.19407286 0.20494631 0.19794013 0.20248643]] 
Episode: 768: [[0.19608787 0.19407284 0.20494704 0.1979389  0.2024862 ]] 
Episode: 769: [[0.19608785 0.19407283 0.2049477  0.1979378  0.20248601]] 
Episode: 770: [[0.19608773 0.19407286 0.20494847 0.19793645 0.20248578]] 
Episode: 771: [[0.19608776 0.19407281 0.20494907 0.19793548 0.2024856 ]] 
Episode: 772: [[0.19608776 0.19407278 0.20494978 0.1979343  0.2024854 ]] 
Episode: 773: [[0.19608767 0.1940728  0.20495056 0.19793294 0.20248516]] 
Episode: 774: [[0.19608752 0.19407284 0.20495142 0.1979314  0.2024849 ]] 
Episode: 775: [[0.19608717 0.19407299 0.2049526  0.19792919 0.20248455]] 
Episode: 776: [[0.19608702 0.19407304 0.20495361 0.19792737 0.20248425]] 
Episode: 777: [[0.19608708 0.19407298 0.20495452 0.19792584 0.20248398]] 
Episode: 778: [[0.19608712 0.19407292 0.20495534 0.19792446 0.20248374]] 
Episode: 779: [[0.19608752 0.19407268 0.20495582 0.19792387 0.2024836 ]] 
Episode: 780: [[0.1960878  0.19407251 0.2049564  0.19792303 0.20248342]] 
Episode: 781: [[0.19608803 0.19407237 0.2049571  0.19792196 0.2024832 ]] 
Episode: 782: [[0.19608827 0.19407222 0.20495781 0.19792089 0.20248298]] 
Episode: 783: [[0.19608848 0.19407208 0.20495845 0.19791992 0.20248279]] 
Episode: 784: [[0.19608867 0.19407196 0.20495903 0.19791904 0.20248261]] 
Episode: 785: [[0.19608879 0.19407187 0.20495965 0.19791809 0.20248243]] 
Episode: 786: [[0.19608891 0.1940718  0.20496018 0.19791722 0.20248227]] 
Episode: 787: [[0.19608901 0.19407173 0.20496067 0.19791645 0.20248212]] 
Episode: 788: [[0.1960891  0.19407167 0.20496112 0.19791575 0.20248199]] 
Episode: 789: [[0.1960893  0.19407155 0.20496146 0.19791526 0.20248188]] 
Episode: 790: [[0.19608961 0.19407138 0.2049617  0.19791502 0.2024818 ]] 
Episode: 791: [[0.1960898  0.19407128 0.20496206 0.19791451 0.2024817 ]] 
Episode: 792: [[0.19608997 0.19407117 0.20496239 0.19791405 0.2024816 ]] 
Episode: 793: [[0.19608997 0.19407116 0.20496292 0.19791313 0.20248143]] 
Episode: 794: [[0.19608973 0.19407128 0.20496377 0.1979115  0.20248117]] 
Episode: 795: [[0.19608937 0.19407146 0.20496476 0.19790958 0.20248087]] 
Episode: 796: [[0.19608879 0.19407175 0.20496604 0.19790697 0.20248047]] 
Episode: 797: [[0.19608827 0.19407202 0.20496723 0.19790456 0.2024801 ]] 
Episode: 798: [[0.19608773 0.19407229 0.20496845 0.1979021  0.20247972]] 
Episode: 799: [[0.19608745 0.19407244 0.2049694  0.19790024 0.20247942]] 
Episode: 800: [[0.19608724 0.19407254 0.20497027 0.19789858 0.20247915]] 
