95.180138 87.503799 81.457764 84.720840 90.850166 0.000000 
87.678062 69.342552 72.543762 75.480270 76.393097 0.000000 
77.175621 93.633690 94.433151 93.972275 91.752190 0.000000 
100.282349 99.959450 97.336700 95.532539 92.883217 0.000000 
90.553078 67.168213 62.221478 63.967068 66.857033 0.000000 
85.405724 64.064987 66.991287 69.861877 73.650604 0.000000 
100.814682 83.812744 85.129807 84.654419 87.665672 0.000000 
97.514389 37.231659 45.957825 56.402798 69.305473 0.000000 
99.217949 95.370934 91.764503 91.467590 91.967590 0.000000 
88.739944 96.793274 97.977516 95.384453 92.989471 0.000000 
113.199059 80.759262 81.070854 80.228104 77.589134 0.000000 
85.152687 90.555565 98.004013 96.507156 95.542442 0.000000 
82.825699 82.873520 82.817673 80.751244 80.638100 0.027976 
92.793907 69.260376 67.706352 69.395912 73.452332 0.000000 
72.528854 76.045166 77.811783 77.052391 81.572426 0.034264 
80.926651 102.424751 105.121887 100.407204 98.750153 0.000000 
100.157867 52.539951 50.854584 58.287476 61.872841 0.000000 
97.469032 83.277061 82.997902 84.854408 82.848625 0.000000 
85.696579 88.147385 90.595879 89.830132 87.258339 0.019782 
93.903252 91.050926 90.252373 89.430122 87.888512 0.000000 
