24839.771484 2085.425293 1404.376709 1286.307617 55955.960938 
19722.687500 1851.663208 1185.385742 863.828125 38395.570312 
18696.802734 1494.590332 873.378296 645.673340 37369.828125 
20628.613281 1776.052490 1234.087280 1555.093506 47490.101562 
23299.001953 1573.407593 1076.642822 934.657959 43664.671875 
20829.216797 1673.634277 786.446411 560.255737 37049.464844 
30396.664062 2862.370117 2170.407715 2069.934082 74373.171875 
27673.111328 1846.364258 1229.974487 1122.139282 44749.000000 
25285.363281 1760.148560 1038.426636 716.099060 62272.667969 
28551.087891 1920.632080 1117.363159 1052.439941 51092.746094 
21126.335938 1744.540771 1244.962036 752.369141 40597.000000 
18805.806641 1555.556763 871.605896 881.287048 43659.812500 
30678.552734 1947.930420 1473.391113 816.181152 48431.726562 
25835.298828 1992.572876 1083.942749 751.941833 46519.648438 
25500.960938 2500.994141 1594.560303 1249.651245 66294.460938 
22945.208984 1913.884644 1229.676636 1108.478149 70039.585938 
25027.369141 2191.528320 1213.844727 1212.040283 48497.804688 
24270.203125 1831.511719 1297.593506 1161.786377 39914.972656 
28007.281250 2494.126465 1449.917114 1156.057861 62164.832031 
28128.417969 2677.608154 1727.347900 1636.530640 71989.078125 
