37222.015625 8823.743164 8976.036133 7692.798828 81606.976562 
42820.628906 14319.541016 6657.442871 6440.802246 179649.234375 
33908.539062 11973.430664 4486.849121 6153.852539 123347.367188 
36219.085938 5463.822266 4750.241699 3473.212891 135249.625000 
44767.324219 7782.656738 5938.888672 7389.728516 152165.187500 
34949.781250 3863.738525 4683.759277 4057.605957 187127.531250 
32386.548828 3817.639893 4361.856934 4191.709961 163055.765625 
38483.531250 9114.711914 4535.248535 8311.768555 221994.562500 
34661.820312 4706.914551 4549.012207 4051.870117 204794.609375 
42632.968750 5831.482422 4431.325195 3815.352539 140728.218750 
33851.121094 7684.733887 4617.766113 3702.765869 116947.343750 
36965.015625 5211.019531 3489.785889 4708.617676 191675.250000 
38958.515625 4877.947754 5604.431152 4722.953613 238805.296875 
41826.714844 4165.815430 3459.550537 3391.667969 180671.437500 
42456.730469 4633.443848 3911.372314 4832.738281 209612.687500 
44058.121094 5744.371582 4660.986328 4674.538574 192072.484375 
47427.164062 9422.791992 5701.105957 5602.062012 308515.625000 
33829.972656 7846.602051 4167.093750 3368.530518 133104.234375 
46163.207031 5608.717773 6416.225098 6214.956055 318186.343750 
48065.871094 14681.676758 6080.508301 4561.698242 267854.843750 
