95.974335 85.693268 87.874611 92.641769 93.909279 0.000000 
91.909546 82.529823 86.267082 88.109550 90.126434 0.000000 
86.106491 91.746277 95.080490 93.512383 92.357094 0.027976 
95.433830 72.721764 75.197067 76.740585 83.485741 0.000000 
87.128487 82.270157 88.422943 88.973694 91.515556 0.000000 
85.967705 71.198563 75.670723 80.490532 86.592804 0.000000 
85.568619 86.721710 88.981171 92.271347 93.518372 0.000000 
99.069191 89.282425 85.804482 85.532867 88.613312 0.019782 
82.224693 99.429062 97.723434 98.465324 95.827621 0.000000 
92.230392 84.462166 86.762634 91.429733 88.939163 0.000000 
91.578056 89.895866 90.289711 92.139847 93.103310 0.000000 
82.627472 90.760597 90.960854 89.640091 91.899467 0.000000 
90.544487 74.576035 84.485085 87.021271 92.641968 0.019782 
89.416534 70.993744 74.377800 79.711258 91.608788 0.000000 
83.021057 82.861809 84.798973 79.986504 85.426277 0.019782 
90.115822 72.211983 73.974075 78.130531 87.651688 0.019782 
92.230583 77.016121 87.135986 85.054832 88.393570 0.000000 
88.974869 79.793098 90.749847 91.977928 97.174538 0.034264 
90.488541 84.830070 86.531906 85.100761 89.162529 0.000000 
96.549164 82.899490 84.722961 85.938156 87.795464 0.027976 
