Episode: 1: [[0.2 0.2 0.2 0.2 0.2]] 
Episode: 2: [[0.1999 0.2001 0.2001 0.2001 0.2001]] 
Episode: 3: [[0.19983456 0.2001695  0.2001656  0.20016499 0.2001647 ]] 
Episode: 4: [[0.1997845  0.20022245 0.20021568 0.20021468 0.20021431]] 
Episode: 5: [[0.19974317 0.20026287 0.20025584 0.20025535 0.20025739]] 
Episode: 6: [[0.19970773 0.20029102 0.20028822 0.20028958 0.20029807]] 
Episode: 7: [[0.19967611 0.20030053 0.20031205 0.20031832 0.2003431 ]] 
Episode: 8: [[0.19964656 0.20028646 0.20032674 0.20034249 0.2003969 ]] 
Episode: 9: [[0.19962306 0.20030655 0.20034847 0.20036143 0.20042002]] 
Episode: 10: [[0.19959597 0.20031033 0.20038989 0.20041291 0.20038736]] 
Episode: 11: [[0.19956712 0.2002894  0.20042978 0.20046774 0.20035775]] 
Episode: 12: [[0.19953978 0.20026152 0.20046462 0.20051809 0.20033404]] 
Episode: 13: [[0.1995137  0.20022759 0.20049573 0.20056506 0.2003148 ]] 
Episode: 14: [[0.19948871 0.20018786 0.2005234  0.20060922 0.20029955]] 
Episode: 15: [[0.19946294 0.20013787 0.20055084 0.20065531 0.2002857 ]] 
Episode: 16: [[0.1994384  0.20008406 0.2005746  0.20069864 0.20027548]] 
Episode: 17: [[0.1994116  0.20001754 0.20059688 0.20074472 0.20027034]] 
Episode: 18: [[0.1993844  0.19994451 0.20061553 0.20078991 0.2002705 ]] 
Episode: 19: [[0.19934309 0.19986975 0.2006478  0.20085438 0.20025411]] 
Episode: 20: [[0.1993011  0.19980463 0.20069505 0.20091516 0.2002319 ]] 
Episode: 21: [[0.1992377  0.19973888 0.20075816 0.20099002 0.20024304]] 
Episode: 22: [[0.19918372 0.1996776  0.20082767 0.20105816 0.2002357 ]] 
Episode: 23: [[0.19913192 0.19961809 0.20089038 0.20112245 0.20023534]] 
Episode: 24: [[0.1990621  0.19954665 0.20095731 0.20120062 0.20026663]] 
Episode: 25: [[0.19898178 0.19946675 0.2010269  0.20128632 0.20032315]] 
Episode: 26: [[0.19890665 0.19939065 0.20109066 0.201367   0.2003803 ]] 
Episode: 27: [[0.1988299  0.1993128  0.20115319 0.20144898 0.20044442]] 
Episode: 28: [[0.19874568 0.19922893 0.20122105 0.2015366  0.20051868]] 
Episode: 29: [[0.19865686 0.19914371 0.20129049 0.20162639 0.20059927]] 
Episode: 30: [[0.19856891 0.1990616  0.20135675 0.20171365 0.20068127]] 
Episode: 31: [[0.19848298 0.1989815  0.20142032 0.20179838 0.20076375]] 
Episode: 32: [[0.19839704 0.19890372 0.20148195 0.201881   0.20084794]] 
Episode: 33: [[0.19831741 0.19883092 0.20153862 0.20195763 0.20092781]] 
Episode: 34: [[0.19822936 0.19875145 0.20160179 0.20203878 0.2010183 ]] 
Episode: 35: [[0.19813555 0.1986694  0.20166954 0.20212315 0.20111367]] 
Episode: 36: [[0.19803913 0.19858466 0.20173548 0.20221005 0.20121568]] 
Episode: 37: [[0.19794902 0.1985039  0.20179576 0.20229334 0.20131294]] 
Episode: 38: [[0.19786672 0.19843097 0.2018486  0.20236951 0.20140335]] 
Episode: 39: [[0.19778062 0.19835284 0.20190349 0.20245056 0.20149942]] 
Episode: 40: [[0.19769862 0.19827735 0.2019553  0.20252903 0.20159177]] 
Episode: 41: [[0.19761086 0.19818936 0.20201463 0.20261462 0.20169467]] 
Episode: 42: [[0.19752477 0.19810198 0.20207568 0.20269863 0.20179382]] 
Episode: 43: [[0.19745085 0.19802567 0.20213564 0.20276865 0.20187232]] 
Episode: 44: [[0.19743708 0.19799519 0.20216878 0.20278178 0.2018857 ]] 
Episode: 45: [[0.19742133 0.19796109 0.20220156 0.20279823 0.20190392]] 
Episode: 46: [[0.19741221 0.19792822 0.20223074 0.2028122  0.20191702]] 
Episode: 47: [[0.19739586 0.19788991 0.20226386 0.20283322 0.20193711]] 
Episode: 48: [[0.19739404 0.1978696  0.20228362 0.20283936 0.20194058]] 
Episode: 49: [[0.19739406 0.19785026 0.20231798 0.20283884 0.2019311 ]] 
Episode: 50: [[0.19737662 0.1978198  0.20235737 0.20285532 0.20194013]] 
Episode: 51: [[0.19735482 0.19778271 0.20240001 0.20287773 0.2019551 ]] 
Episode: 52: [[0.19734119 0.19775353 0.2024432  0.2028899  0.2019575 ]] 
Episode: 53: [[0.19732259 0.19772118 0.20248647 0.20290828 0.20196511]] 
Episode: 54: [[0.19731127 0.1976945  0.20253338 0.2029166  0.20196101]] 
Episode: 55: [[0.19731157 0.19768111 0.20257303 0.20291345 0.20194252]] 
Episode: 56: [[0.1973088  0.19766216 0.20261909 0.20291291 0.20192625]] 
Episode: 57: [[0.19731177 0.19764933 0.20266365 0.20290571 0.20190229]] 
Episode: 58: [[0.19731277 0.197636   0.20270517 0.20290062 0.2018826 ]] 
Episode: 59: [[0.19730876 0.19761075 0.20274997 0.20290177 0.20187576]] 
Episode: 60: [[0.19730389 0.1975826  0.2027967  0.20290174 0.20187274]] 
Episode: 61: [[0.19729999 0.19755417 0.20284225 0.20290194 0.20186964]] 
Episode: 62: [[0.19729272 0.19751945 0.20288868 0.20290594 0.20187467]] 
Episode: 63: [[0.19728336 0.19748095 0.20293382 0.20291351 0.2018853 ]] 
Episode: 64: [[0.19726731 0.19742651 0.20298561 0.20292985 0.20191164]] 
Episode: 65: [[0.19726092 0.19739087 0.20301488 0.20294267 0.2019259 ]] 
Episode: 66: [[0.19726168 0.19736412 0.20304033 0.2029471  0.20193052]] 
Episode: 67: [[0.19725871 0.19734076 0.20305164 0.20295921 0.20194222]] 
Episode: 68: [[0.19724149 0.1973046  0.2030683  0.20298553 0.20197102]] 
Episode: 69: [[0.19720854 0.19725896 0.20307612 0.20303231 0.20202002]] 
Episode: 70: [[0.19717196 0.19720398 0.20309184 0.20308207 0.20207556]] 
Episode: 71: [[0.19713576 0.19715391 0.20309901 0.20313263 0.20213132]] 
Episode: 72: [[0.19709198 0.19708979 0.20311843 0.20319065 0.202197  ]] 
Episode: 73: [[0.19704054 0.19702373 0.2031254  0.20326    0.20227352]] 
Episode: 74: [[0.19698758 0.19695657 0.20313588 0.20333008 0.20234959]] 
Episode: 75: [[0.1968904  0.19685371 0.20320897 0.20343457 0.20245686]] 
Episode: 76: [[0.19677372 0.19673505 0.20328446 0.20355839 0.2025835 ]] 
Episode: 77: [[0.19666512 0.19662519 0.20335482 0.20367298 0.20270118]] 
Episode: 78: [[0.19656602 0.19652435 0.20341976 0.20377791 0.20280854]] 
Episode: 79: [[0.19647494 0.19643205 0.20347786 0.20387466 0.20290741]] 
Episode: 80: [[0.19637044 0.19632266 0.20356062 0.2039823  0.20301963]] 
Episode: 81: [[0.1962761  0.19622289 0.20363747 0.20407957 0.20312075]] 
Episode: 82: [[0.1961894  0.19612922 0.20370933 0.20416978 0.20321463]] 
Episode: 83: [[0.19611306 0.19604594 0.20377319 0.20424986 0.20329739]] 
Episode: 84: [[0.1960456  0.19597262 0.20382889 0.20432101 0.2033703 ]] 
Episode: 85: [[0.19597891 0.19589797 0.20388602 0.20439167 0.20344353]] 
Episode: 86: [[0.1959187  0.19582973 0.20393854 0.20445572 0.20350988]] 
Episode: 87: [[0.19586453 0.19576846 0.20398562 0.20451333 0.20356955]] 
Episode: 88: [[0.19581346 0.19570474 0.20403577 0.20456949 0.20362802]] 
Episode: 89: [[0.19576788 0.19564845 0.20407912 0.20461984 0.2036802 ]] 
Episode: 90: [[0.19573042 0.19560145 0.20411569 0.2046615  0.20372316]] 
Episode: 91: [[0.19570197 0.19556057 0.20415077 0.20469445 0.20375645]] 
Episode: 92: [[0.19567867 0.19552493 0.20418255 0.20472202 0.20378397]] 
Episode: 93: [[0.19565919 0.19549355 0.20421085 0.20474572 0.20380728]] 
Episode: 94: [[0.19564378 0.19546627 0.20423658 0.20476519 0.20382604]] 
Episode: 95: [[0.19563061 0.19544205 0.20425954 0.20478217 0.20384228]] 
Episode: 96: [[0.19562052 0.19542155 0.20427977 0.20479584 0.20385495]] 
Episode: 97: [[0.19561344 0.19540471 0.2042974  0.20480612 0.2038641 ]] 
Episode: 98: [[0.19560869 0.19539045 0.20431307 0.20481393 0.2038707 ]] 
Episode: 99: [[0.19560806 0.19538115 0.20432444 0.2048174  0.20387281]] 
Episode: 100: [[0.1956133  0.19537285 0.2043396  0.20481569 0.20386894]] 
Episode: 101: [[0.19561929 0.19536427 0.20435464 0.20481364 0.20386487]] 
Episode: 102: [[0.19562377 0.19535357 0.20437187 0.20481306 0.20386255]] 
Episode: 103: [[0.19563091 0.19534597 0.20438693 0.20480955 0.20385718]] 
Episode: 104: [[0.19564143 0.19533983 0.20440258 0.2048029  0.2038484 ]] 
Episode: 105: [[0.19565217 0.19533533 0.20441562 0.20479587 0.20383932]] 
Episode: 106: [[0.19565992 0.1953289  0.20442937 0.20479162 0.20383325]] 
Episode: 107: [[0.19566762 0.19532529 0.20443743 0.20478728 0.20382741]] 
Episode: 108: [[0.1956763  0.19532233 0.20444596 0.20478185 0.20382027]] 
Episode: 109: [[0.19568338 0.19532454 0.2044443  0.20477702 0.20381448]] 
Episode: 110: [[0.19568679 0.19532254 0.20444393 0.20477672 0.20381343]] 
Episode: 111: [[0.19568878 0.19531824 0.20444934 0.20477715 0.20381266]] 
Episode: 112: [[0.19569252 0.19531506 0.20445412 0.20477605 0.20381016]] 
Episode: 113: [[0.19570036 0.19531634 0.20445487 0.20477094 0.20380339]] 
Episode: 114: [[0.19570978 0.19531882 0.20445392 0.20476483 0.20379522]] 
Episode: 115: [[0.19571795 0.19531956 0.2044599  0.20475858 0.20378642]] 
Episode: 116: [[0.19573286 0.19532719 0.2044609  0.20474511 0.20377062]] 
Episode: 117: [[0.19573629 0.19532321 0.20447972 0.20474121 0.20376302]] 
Episode: 118: [[0.19573206 0.19530925 0.2045097  0.2047451  0.20376287]] 
Episode: 119: [[0.19572781 0.19529599 0.20453618 0.20474946 0.20376368]] 
Episode: 120: [[0.1956557  0.19521527 0.20463306 0.20481853 0.20382503]] 
Episode: 121: [[0.19559129 0.19514263 0.20472108 0.20488016 0.20387942]] 
Episode: 122: [[0.19553722 0.19507796 0.20480818 0.20492993 0.20392084]] 
Episode: 123: [[0.19549122 0.19501947 0.20489253 0.20497116 0.20395337]] 
Episode: 124: [[0.19544736 0.19496517 0.2049683  0.2050111  0.20398562]] 
Episode: 125: [[0.1954085  0.19491635 0.20503668 0.20504655 0.20401408]] 
Episode: 126: [[0.19537674 0.19487415 0.2050999  0.20507471 0.20403524]] 
Episode: 127: [[0.19534951 0.19483766 0.20515506 0.20509882 0.20405306]] 
Episode: 128: [[0.19532427 0.19480257 0.20520626 0.205122   0.20407052]] 
Episode: 129: [[0.19530033 0.19476947 0.20525198 0.2051449  0.20408833]] 
Episode: 130: [[0.19527908 0.19474073 0.2052922  0.20516495 0.20410378]] 
Episode: 131: [[0.1952587  0.19471093 0.20533139 0.20518544 0.20412004]] 
Episode: 132: [[0.19523965 0.19468515 0.20536417 0.2052045  0.2041356 ]] 
Episode: 133: [[0.19522026 0.19465554 0.20540078 0.20522493 0.20415246]] 
Episode: 134: [[0.19520287 0.19462967 0.20543179 0.20524345 0.20416796]] 
Episode: 135: [[0.19518891 0.19460745 0.20545895 0.20525865 0.20418026]] 
Episode: 136: [[0.19517706 0.19458872 0.20548244 0.2052713  0.20419037]] 
Episode: 137: [[0.19516559 0.19457193 0.20550358 0.20528314 0.20420001]] 
Episode: 138: [[0.19515441 0.19455461 0.2055245  0.20529515 0.20421001]] 
Episode: 139: [[0.19514258 0.19453718 0.20554514 0.2053078  0.20422067]] 
Episode: 140: [[0.19512625 0.19451949 0.20555466 0.20532712 0.20424028]] 
Episode: 141: [[0.19510955 0.19450311 0.20555976 0.20534731 0.20426139]] 
Episode: 142: [[0.1950914  0.19448762 0.20555958 0.20536962 0.20428552]] 
Episode: 143: [[0.19507597 0.19447538 0.20555688 0.20538884 0.20430657]] 
Episode: 144: [[0.19506203 0.1944642  0.20555334 0.2054068  0.20432617]] 
Episode: 145: [[0.19504933 0.19445388 0.20555031 0.2054232  0.204344  ]] 
Episode: 146: [[0.19504008 0.19444472 0.20555225 0.20543496 0.20435601]] 
Episode: 147: [[0.1950271  0.19443116 0.20556009 0.20545025 0.20437075]] 
Episode: 148: [[0.19501787 0.1944211  0.20556533 0.20546156 0.20438167]] 
Episode: 149: [[0.19500199 0.19440287 0.20557964 0.20547995 0.2043984 ]] 
Episode: 150: [[0.19498158 0.19437918 0.20559995 0.2055031  0.20441912]] 
Episode: 151: [[0.19495958 0.19435424 0.20562065 0.20552784 0.2044418 ]] 
Episode: 152: [[0.19494307 0.19433601 0.20563419 0.2055467  0.20445952]] 
Episode: 153: [[0.19492774 0.1943183  0.20564805 0.20556429 0.20447595]] 
Episode: 154: [[0.19491126 0.19429894 0.20566328 0.2055831  0.2044938 ]] 
Episode: 155: [[0.19488822 0.19427328 0.2056846  0.20560858 0.2045176 ]] 
Episode: 156: [[0.1948727  0.1942543  0.20570146 0.20562613 0.20453356]] 
Episode: 157: [[0.19486222 0.194241   0.20571174 0.20563866 0.20454529]] 
Episode: 158: [[0.19485322 0.19422722 0.20572588 0.20564933 0.20455432]] 
Episode: 159: [[0.19484122 0.19420812 0.20574623 0.20566355 0.20456614]] 
Episode: 160: [[0.1948332  0.1941929  0.20576333 0.20567365 0.20457399]] 
Episode: 161: [[0.1948252  0.194179   0.20577821 0.20568351 0.20458204]] 
Episode: 162: [[0.194819   0.19416723 0.20579109 0.20569155 0.2045882 ]] 
Episode: 163: [[0.19481383 0.19415706 0.20580116 0.2056987  0.20459396]] 
Episode: 164: [[0.19480805 0.19414651 0.2058121  0.2057062  0.20459998]] 
Episode: 165: [[0.19479784 0.19413304 0.20582262 0.20571871 0.20461139]] 
Episode: 166: [[0.19478177 0.1941141  0.20583792 0.20573722 0.20462841]] 
Episode: 167: [[0.1947649  0.19409259 0.20585583 0.20575702 0.20464665]] 
Episode: 168: [[0.19475523 0.19407743 0.20587163 0.20576842 0.20465638]] 
Episode: 169: [[0.19474372 0.19406071 0.20588817 0.2057818  0.20466815]] 
Episode: 170: [[0.1947309  0.19404268 0.20590784 0.20579593 0.20468017]] 
Episode: 171: [[0.19471663 0.19402194 0.20593019 0.20581174 0.204694  ]] 
Episode: 172: [[0.19470765 0.19400448 0.20595527 0.20582105 0.2047003 ]] 
Episode: 173: [[0.19470435 0.1939939  0.20597355 0.20582412 0.20470119]] 
Episode: 174: [[0.19469956 0.1939838  0.20598733 0.20582937 0.20470504]] 
Episode: 175: [[0.19468965 0.1939697  0.20600164 0.20584069 0.20471491]] 
Episode: 176: [[0.19467658 0.19394757 0.20603319 0.20585382 0.2047238 ]] 
Episode: 177: [[0.19466785 0.19392847 0.20606475 0.20586206 0.20472747]] 
Episode: 178: [[0.19465882 0.1939087  0.20609623 0.20587106 0.2047318 ]] 
Episode: 179: [[0.19464502 0.19388615 0.20612407 0.20588645 0.20474322]] 
Episode: 180: [[0.19463317 0.19386493 0.20615114 0.20589994 0.20475268]] 
Episode: 181: [[0.19462417 0.19384883 0.20617308 0.20590977 0.20475909]] 
Episode: 182: [[0.19461733 0.19383688 0.2061895  0.20591739 0.20476368]] 
Episode: 183: [[0.19460851 0.19381855 0.20621075 0.20592861 0.20477223]] 
Episode: 184: [[0.19460006 0.1937993  0.20623259 0.20593992 0.20478101]] 
Episode: 185: [[0.19458841 0.19377227 0.206261   0.20595562 0.20479509]] 
Episode: 186: [[0.19457878 0.19374904 0.20628622 0.20596862 0.20480649]] 
Episode: 187: [[0.19456908 0.19372469 0.20631187 0.20598242 0.20481846]] 
Episode: 188: [[0.1945625  0.19370428 0.20633537 0.20599227 0.20482641]] 
Episode: 189: [[0.19455725 0.19368742 0.20635413 0.20600046 0.20483321]] 
Episode: 190: [[0.19455488 0.19367285 0.20637257 0.20600547 0.20483641]] 
Episode: 191: [[0.1945508  0.19365516 0.20639238 0.2060134  0.2048423 ]] 
Episode: 192: [[0.19454582 0.19363806 0.20640956 0.20602255 0.2048496 ]] 
Episode: 193: [[0.19453552 0.19361548 0.20642719 0.20603882 0.2048643 ]] 
Episode: 194: [[0.19452609 0.1935936  0.20644476 0.20605388 0.20487806]] 
Episode: 195: [[0.19451982 0.19357583 0.20645997 0.20606488 0.20488784]] 
Episode: 196: [[0.19451177 0.19355313 0.20648111 0.20607793 0.20489985]] 
Episode: 197: [[0.19451346 0.1935392  0.20650026 0.20607944 0.20489967]] 
Episode: 198: [[0.19451661 0.19352832 0.20651701 0.20607874 0.20489743]] 
Episode: 199: [[0.19451638 0.19351059 0.20653819 0.20608354 0.20490028]] 
Episode: 200: [[0.19451861 0.19349729 0.20655638 0.20608476 0.20489962]] 
Episode: 201: [[0.19452712 0.1934849  0.20658045 0.20607953 0.20489079]] 
Episode: 202: [[0.1945367  0.1934746  0.20660284 0.20607278 0.2048805 ]] 
Episode: 203: [[0.1945456  0.1934671  0.20662102 0.20606612 0.20487066]] 
Episode: 204: [[0.19455212 0.19345786 0.20663975 0.20606162 0.20486373]] 
Episode: 205: [[0.19455683 0.193445   0.20665964 0.2060604  0.20486015]] 
Episode: 206: [[0.19456074 0.19343306 0.20667782 0.20605956 0.20485738]] 
Episode: 207: [[0.19456366 0.19342238 0.20669372 0.20605932 0.20485546]] 
Episode: 208: [[0.19456647 0.19341266 0.20670761 0.20605929 0.20485382]] 
Episode: 209: [[0.19456787 0.19339874 0.20672402 0.20606214 0.20485505]] 
Episode: 210: [[0.19456698 0.19338597 0.20673792 0.2060666  0.20485823]] 
Episode: 211: [[0.19456713 0.19337502 0.20674984 0.20606987 0.20486026]] 
Episode: 212: [[0.19456597 0.19336475 0.20675974 0.20607433 0.20486361]] 
Episode: 213: [[0.19456449 0.19335671 0.20676678 0.20607847 0.20486695]] 
Episode: 214: [[0.1945584  0.19334649 0.2067714  0.20608795 0.20487624]] 
Episode: 215: [[0.19455327 0.19333833 0.2067758  0.2060954  0.2048835 ]] 
Episode: 216: [[0.19454037 0.19332844 0.20677339 0.20611131 0.20490082]] 
Episode: 217: [[0.19452696 0.19331406 0.20677401 0.20613007 0.20491986]] 
Episode: 218: [[0.19451274 0.19329375 0.20677958 0.20615181 0.20494129]] 
Episode: 219: [[0.1945007  0.19327721 0.20678322 0.20617017 0.20495947]] 
Episode: 220: [[0.19448651 0.19325347 0.2067912  0.20619367 0.204982  ]] 
Episode: 221: [[0.19447726 0.19323488 0.20679872 0.20621045 0.20499776]] 
Episode: 222: [[0.19446988 0.19321916 0.20680474 0.20622456 0.20501086]] 
Episode: 223: [[0.1944599  0.19319315 0.20681885 0.20624468 0.20502932]] 
Episode: 224: [[0.19445622 0.19317168 0.20683572 0.20625661 0.20503879]] 
Episode: 225: [[0.19445305 0.19315465 0.2068491  0.20626646 0.20504627]] 
Episode: 226: [[0.19445714 0.19314285 0.2068633  0.20626749 0.20504478]] 
Episode: 227: [[0.19446862 0.19312897 0.20688704 0.20626199 0.20503493]] 
Episode: 228: [[0.19447975 0.19311735 0.20690852 0.20625591 0.2050248 ]] 
Episode: 229: [[0.19448283 0.1931026  0.20692606 0.20625858 0.20502435]] 
Episode: 230: [[0.19447869 0.19308856 0.20693494 0.20626836 0.20503257]] 
Episode: 231: [[0.1944742  0.19307402 0.20694315 0.20627902 0.20504169]] 
Episode: 232: [[0.19446956 0.19306196 0.20694923 0.20628874 0.20505022]] 
Episode: 233: [[0.19446579 0.19305176 0.2069536  0.20629717 0.20505767]] 
Episode: 234: [[0.1944628  0.19304255 0.2069571  0.2063048  0.20506422]] 
Episode: 235: [[0.19445857 0.1930338  0.2069599  0.2063132  0.2050716 ]] 
Episode: 236: [[0.19444688 0.19302095 0.20695958 0.20633028 0.20508854]] 
Episode: 237: [[0.19443424 0.19300815 0.20695825 0.20634824 0.20510663]] 
Episode: 238: [[0.19442612 0.19299887 0.2069583  0.20636037 0.20511843]] 
Episode: 239: [[0.19441856 0.1929893  0.2069593  0.20637205 0.20512952]] 
Episode: 240: [[0.19441369 0.19298275 0.20695947 0.20638028 0.20513701]] 
Episode: 241: [[0.19440813 0.19297032 0.20696387 0.2063916  0.20514709]] 
Episode: 242: [[0.19440356 0.19295901 0.20696846 0.20640141 0.20515563]] 
Episode: 243: [[0.1943985  0.19294894 0.20697108 0.20641126 0.20516464]] 
Episode: 244: [[0.19439137 0.19293028 0.20698048 0.20642574 0.2051782 ]] 
Episode: 245: [[0.19438477 0.19291766 0.20698011 0.2064387  0.20519222]] 
Episode: 246: [[0.19438042 0.19290817 0.20697834 0.20644854 0.20520318]] 
Episode: 247: [[0.19437747 0.19290386 0.20697294 0.20645502 0.20521128]] 
Episode: 248: [[0.19437446 0.19290015 0.2069681  0.20646094 0.2052187 ]] 
Episode: 249: [[0.19438717 0.19290209 0.20697363 0.2064495  0.20520611]] 
Episode: 250: [[0.19440334 0.19290626 0.20698085 0.20643368 0.20518875]] 
Episode: 251: [[0.19441646 0.19290897 0.20698743 0.20642105 0.20517482]] 
Episode: 252: [[0.19442861 0.19291197 0.20699354 0.20640893 0.20516163]] 
Episode: 253: [[0.19444425 0.19291817 0.20699912 0.20639244 0.20514412]] 
Episode: 254: [[0.1944564  0.19291934 0.20700814 0.20638064 0.20513076]] 
Episode: 255: [[0.194471   0.19290392 0.20704164 0.20637125 0.2051145 ]] 
Episode: 256: [[0.19448557 0.1928903  0.20707239 0.20636153 0.20509838]] 
Episode: 257: [[0.19449985 0.19287917 0.20709832 0.20635186 0.20508319]] 
Episode: 258: [[0.19451065 0.19286574 0.20712285 0.20634653 0.20507269]] 
Episode: 259: [[0.19451992 0.19285369 0.20714422 0.20634228 0.20506383]] 
Episode: 260: [[0.19452694 0.19283605 0.20716475 0.20634355 0.20506112]] 
Episode: 261: [[0.19452293 0.19281405 0.20718014 0.20635661 0.20507158]] 
Episode: 262: [[0.19451961 0.1927952  0.20719315 0.2063679  0.20508046]] 
Episode: 263: [[0.19451731 0.19277988 0.20720384 0.20637682 0.2050873 ]] 
Episode: 264: [[0.19450615 0.19275823 0.20721085 0.20639716 0.20510642]] 
Episode: 265: [[0.19449651 0.19273914 0.2072172  0.20641494 0.20512305]] 
Episode: 266: [[0.19448672 0.19272253 0.20722105 0.20643196 0.20513922]] 
Episode: 267: [[0.19448273 0.19271062 0.20722577 0.20644169 0.20514768]] 
Episode: 268: [[0.19447859 0.19269913 0.20723    0.20645136 0.20515622]] 
Episode: 269: [[0.19447501 0.1926894  0.20723362 0.20645963 0.20516343]] 
Episode: 270: [[0.1944745  0.19268152 0.2072384  0.20646425 0.20516668]] 
Episode: 271: [[0.19447404 0.1926759  0.20724154 0.2064678  0.20516911]] 
Episode: 272: [[0.19446905 0.19266869 0.20724285 0.20647597 0.20517664]] 
Episode: 273: [[0.19446333 0.19265783 0.2072461  0.20648643 0.20518635]] 
Episode: 274: [[0.19445793 0.19263688 0.20725535 0.20650163 0.2052002 ]] 
Episode: 275: [[0.19445269 0.19260916 0.2072685  0.20652004 0.20521702]] 
Episode: 276: [[0.19444129 0.19257797 0.20727898 0.20654565 0.20524178]] 
Episode: 277: [[0.19443038 0.19255063 0.20728685 0.20656921 0.20526472]] 
Episode: 278: [[0.19442295 0.19252764 0.20729485 0.20658745 0.20528214]] 
Episode: 279: [[0.19442125 0.1925114  0.20730099 0.20659812 0.20529166]] 
Episode: 280: [[0.1944187  0.19249693 0.20730588 0.20660852 0.20530108]] 
Episode: 281: [[0.19442067 0.19248675 0.20730838 0.20661402 0.20530549]] 
Episode: 282: [[0.19442382 0.19248    0.20730992 0.20661673 0.20530708]] 
Episode: 283: [[0.19442914 0.19247553 0.20731077 0.20661673 0.20530592]] 
Episode: 284: [[0.19443424 0.19247322 0.20731017 0.20661585 0.20530407]] 
Episode: 285: [[0.19444153 0.19247396 0.20730928 0.20661157 0.20529869]] 
Episode: 286: [[0.19444749 0.19246085 0.20731902 0.20661317 0.20529978]] 
Episode: 287: [[0.19445276 0.19244885 0.20732799 0.20661472 0.20530085]] 
Episode: 288: [[0.19445828 0.19243741 0.20733729 0.20661564 0.2053012 ]] 
Episode: 289: [[0.19445689 0.19242348 0.20734324 0.20662387 0.20530957]] 
Episode: 290: [[0.19445135 0.19240786 0.20734708 0.20663665 0.20532294]] 
Episode: 291: [[0.19445255 0.1923968  0.20735326 0.2066412  0.2053273 ]] 
Episode: 292: [[0.19445498 0.1923889  0.20735809 0.20664334 0.20532916]] 
Episode: 293: [[0.19446085 0.19238277 0.20736521 0.20664126 0.20532635]] 
Episode: 294: [[0.19446474 0.192375   0.20737249 0.20664147 0.20532596]] 
Episode: 295: [[0.19447328 0.1923725  0.20737973 0.20663515 0.20531864]] 
Episode: 296: [[0.19447972 0.1923688  0.2073868  0.20663089 0.20531383]] 
Episode: 297: [[0.19448352 0.19236527 0.20739228 0.20662878 0.20531139]] 
Episode: 298: [[0.19448544 0.19236282 0.20739561 0.20662792 0.2053104 ]] 
Episode: 299: [[0.19448923 0.19236204 0.2073987  0.20662482 0.20530707]] 
Episode: 300: [[0.19448838 0.19235806 0.20740002 0.20662753 0.20530999]] 
Episode: 301: [[0.19448735 0.19235665 0.20739856 0.20662951 0.20531256]] 
Episode: 302: [[0.1944856  0.19235314 0.20739873 0.20663306 0.20531614]] 
Episode: 303: [[0.19448271 0.19235231 0.20739365 0.20663731 0.20532113]] 
Episode: 304: [[0.19448099 0.19235502 0.20738637 0.20663919 0.20532382]] 
Episode: 305: [[0.19448845 0.19236322 0.20738041 0.20663105 0.20531572]] 
Episode: 306: [[0.19448489 0.19236638 0.20736839 0.20663549 0.20532158]] 
Episode: 307: [[0.19448252 0.1923707  0.20735644 0.2066384  0.20532574]] 
Episode: 308: [[0.19448692 0.19237775 0.20734821 0.20663382 0.20532161]] 
Episode: 309: [[0.19449015 0.19237827 0.20734802 0.20663176 0.20531897]] 
Episode: 310: [[0.19448996 0.192374   0.2073508  0.20663394 0.20532075]] 
Episode: 311: [[0.19450143 0.19237708 0.20736179 0.20662099 0.20530538]] 
Episode: 312: [[0.19450724 0.19236581 0.20737907 0.20661934 0.20530103]] 
Episode: 313: [[0.1945171  0.19235836 0.20739621 0.20661254 0.20529135]] 
Episode: 314: [[0.19451728 0.1923469  0.20740336 0.20661767 0.20529614]] 
Episode: 315: [[0.19451815 0.19234185 0.20740195 0.20662108 0.20529994]] 
Episode: 316: [[0.19452074 0.19233087 0.20740905 0.20662448 0.20530275]] 
Episode: 317: [[0.19452144 0.19231868 0.20741756 0.20662932 0.20530704]] 
Episode: 318: [[0.19452037 0.19230683 0.20742099 0.20663698 0.2053146 ]] 
Episode: 319: [[0.19451647 0.19229247 0.20742488 0.20664792 0.2053257 ]] 
Episode: 320: [[0.19451559 0.19227955 0.20742437 0.20665795 0.20533553]] 
Episode: 321: [[0.19451152 0.19226332 0.20742668 0.20667069 0.20534897]] 
Episode: 322: [[0.1945059  0.19224603 0.20743006 0.20668474 0.20536368]] 
Episode: 323: [[0.19450168 0.19222964 0.20743507 0.20669623 0.20537645]] 
Episode: 324: [[0.19449946 0.19221339 0.20744203 0.2067054  0.20538707]] 
Episode: 325: [[0.19449559 0.1921976  0.20744783 0.20671575 0.20539895]] 
Episode: 326: [[0.19449057 0.19218306 0.20745155 0.20672674 0.20541166]] 
Episode: 327: [[0.19448486 0.19216645 0.20745753 0.2067388  0.20542523]] 
Episode: 328: [[0.19448197 0.19215252 0.20746523 0.20674662 0.20543417]] 
Episode: 329: [[0.19448034 0.19214186 0.20747137 0.20675214 0.20544054]] 
Episode: 330: [[0.1944788  0.19212909 0.20747967 0.20675798 0.20544758]] 
Episode: 331: [[0.19447613 0.19211791 0.20748514 0.20676455 0.20545547]] 
Episode: 332: [[0.19447534 0.1921093  0.20748958 0.20676884 0.20546053]] 
Episode: 333: [[0.19447441 0.19209996 0.20749468 0.20677358 0.2054658 ]] 
Episode: 334: [[0.19447307 0.19209175 0.2074994  0.20677803 0.20547062]] 
Episode: 335: [[0.19448055 0.19208726 0.20750889 0.20677286 0.20546451]] 
Episode: 336: [[0.1944804  0.19207984 0.20751303 0.20677643 0.20546809]] 
Episode: 337: [[0.19448474 0.19207582 0.20751818 0.20677464 0.20546567]] 
Episode: 338: [[0.1944861  0.1920738  0.20751895 0.2067749  0.20546585]] 
Episode: 339: [[0.19448858 0.192074   0.20751955 0.20677301 0.20546378]] 
Episode: 340: [[0.19449037 0.19207494 0.20751953 0.20677124 0.20546195]] 
Episode: 341: [[0.1944929  0.1920766  0.20751955 0.2067685  0.2054591 ]] 
Episode: 342: [[0.1944942  0.19207905 0.20751734 0.20676684 0.2054575 ]] 
Episode: 343: [[0.1944967  0.19208105 0.20751703 0.20676395 0.20545462]] 
Episode: 344: [[0.19449724 0.1920783  0.20751795 0.20676517 0.2054558 ]] 
Episode: 345: [[0.19450489 0.19207871 0.20752212 0.20675877 0.20544837]] 
Episode: 346: [[0.1945121  0.19207105 0.20753282 0.20675555 0.20544414]] 
Episode: 347: [[0.19451627 0.19206057 0.2075425  0.2067565  0.20544446]] 
Episode: 348: [[0.19452083 0.19205296 0.20754902 0.2067564  0.20544395]] 
Episode: 349: [[0.1945271  0.19204804 0.20755498 0.20675358 0.20544064]] 
Episode: 350: [[0.19453348 0.19204265 0.20756194 0.20675056 0.20543721]] 
Episode: 351: [[0.19454032 0.19203599 0.20757048 0.20674752 0.20543365]] 
Episode: 352: [[0.19454637 0.19203033 0.20757833 0.20674454 0.20543022]] 
Episode: 353: [[0.19455153 0.19202341 0.20758638 0.20674293 0.20542818]] 
Episode: 354: [[0.19455607 0.19201726 0.20759344 0.20674154 0.20542644]] 
Episode: 355: [[0.19456032 0.19201262 0.20760036 0.20673935 0.20542386]] 
Episode: 356: [[0.19456479 0.19200847 0.2076073  0.20673671 0.20542078]] 
Episode: 357: [[0.19457054 0.19200505 0.20761503 0.20673253 0.20541589]] 
Episode: 358: [[0.19457844 0.1920043  0.20762229 0.20672551 0.20540778]] 
Episode: 359: [[0.1945742  0.19199204 0.20762497 0.20673548 0.20541815]] 
Episode: 360: [[0.19456851 0.19198143 0.20762518 0.20674615 0.20542948]] 
Episode: 361: [[0.19456665 0.19197726 0.20762423 0.20675033 0.2054343 ]] 
Episode: 362: [[0.19456884 0.1919781  0.20762399 0.20674835 0.20543249]] 
Episode: 363: [[0.19457886 0.19198357 0.20762534 0.20673785 0.2054214 ]] 
Episode: 364: [[0.19458823 0.19198972 0.20762643 0.20672737 0.20541038]] 
Episode: 365: [[0.19459534 0.19199373 0.20762669 0.20672011 0.20540275]] 
Episode: 366: [[0.19460662 0.19199938 0.20762652 0.20670941 0.20539129]] 
Episode: 367: [[0.19461748 0.19200696 0.20762622 0.20669764 0.20537882]] 
Episode: 368: [[0.19463028 0.1920115  0.20763001 0.20668545 0.20536521]] 
Episode: 369: [[0.19464633 0.19201688 0.20763706 0.20666948 0.20534733]] 
Episode: 370: [[0.1946739  0.19202591 0.20764966 0.20664226 0.20531641]] 
Episode: 371: [[0.19470353 0.19201514 0.20767438 0.20662345 0.20529217]] 
Episode: 372: [[0.1947339  0.19200757 0.20769599 0.20660308 0.20526665]] 
Episode: 373: [[0.19476193 0.19200177 0.20771557 0.20658362 0.2052424 ]] 
Episode: 374: [[0.1947868  0.1919946  0.2077337  0.20656745 0.20522198]] 
Episode: 375: [[0.19480497 0.19198425 0.20775007 0.20655882 0.2052086 ]] 
Episode: 376: [[0.19481513 0.1919739  0.20775908 0.20655778 0.20520397]] 
Episode: 377: [[0.19482274 0.19196321 0.20776816 0.20655815 0.2052015 ]] 
Episode: 378: [[0.19483042 0.19195454 0.20777622 0.2065574  0.20519812]] 
Episode: 379: [[0.19483544 0.19194826 0.20778105 0.20655781 0.20519626]] 
Episode: 380: [[0.19484198 0.19194232 0.20778666 0.20655665 0.2051929 ]] 
Episode: 381: [[0.19484735 0.19193485 0.20779246 0.20655692 0.20519155]] 
Episode: 382: [[0.19485939 0.19193101 0.20780207 0.20654918 0.20518143]] 
Episode: 383: [[0.19487065 0.19192697 0.20781161 0.20654199 0.20517209]] 
Episode: 384: [[0.19488022 0.19192383 0.20781924 0.20653588 0.20516416]] 
Episode: 385: [[0.19488823 0.19191103 0.20782998 0.2065364  0.20516257]] 
Episode: 386: [[0.19489406 0.19189887 0.2078386  0.20653854 0.205163  ]] 
Episode: 387: [[0.19489692 0.19188954 0.20784365 0.20654172 0.20516515]] 
Episode: 388: [[0.19489627 0.19188173 0.20784599 0.20654684 0.2051699 ]] 
Episode: 389: [[0.19489868 0.19187537 0.20785056 0.20654829 0.20517056]] 
Episode: 390: [[0.19489339 0.19186279 0.20785084 0.2065602  0.20518278]] 
Episode: 391: [[0.19488947 0.19185266 0.20785102 0.20656963 0.2051924 ]] 
Episode: 392: [[0.1948859  0.19184394 0.2078506  0.20657803 0.20520112]] 
Episode: 393: [[0.1948788  0.19183636 0.20784569 0.20658939 0.20521349]] 
Episode: 394: [[0.19487657 0.19183317 0.20784172 0.20659435 0.20521913]] 
Episode: 395: [[0.19487217 0.19183023 0.20783636 0.20660093 0.20522669]] 
Episode: 396: [[0.19485968 0.19183038 0.20781958 0.20661418 0.20524299]] 
Episode: 397: [[0.19485107 0.19182548 0.20780718 0.20662723 0.20525804]] 
Episode: 398: [[0.19484107 0.1918218  0.20779315 0.20664084 0.20527396]] 
Episode: 399: [[0.19483311 0.19181973 0.20778021 0.20665163 0.20528689]] 
Episode: 400: [[0.19483046 0.19182123 0.20776972 0.2066558  0.20529266]] 
Episode: 401: [[0.19482812 0.19182417 0.20775914 0.20665875 0.20529732]] 
Episode: 402: [[0.19482712 0.19182731 0.2077503  0.20666012 0.20530011]] 
Episode: 403: [[0.19482817 0.19183235 0.20774192 0.20665878 0.20530002]] 
Episode: 404: [[0.19482844 0.19183725 0.20773365 0.20665798 0.20530045]] 
Episode: 405: [[0.19482999 0.1918383  0.20772886 0.2066579  0.20530106]] 
Episode: 406: [[0.19482683 0.19183882 0.20772089 0.20666216 0.20530666]] 
Episode: 407: [[0.19482404 0.1918397  0.20771386 0.20666565 0.2053113 ]] 
Episode: 408: [[0.19482084 0.19183184 0.20771207 0.20667352 0.20531997]] 
Episode: 409: [[0.19481836 0.1918231  0.20771238 0.20668091 0.2053277 ]] 
Episode: 410: [[0.1948161  0.19181477 0.2077124  0.20668793 0.20533521]] 
Episode: 411: [[0.19481514 0.19180572 0.2077149  0.20669389 0.20534107]] 
Episode: 412: [[0.19481392 0.19179004 0.20771909 0.20670402 0.20535101]] 
Episode: 413: [[0.19481257 0.19177523 0.20772271 0.20671384 0.20536068]] 
Episode: 414: [[0.1948173  0.19176412 0.20772985 0.20671608 0.2053621 ]] 
Episode: 415: [[0.19481944 0.19175333 0.2077345  0.20672049 0.20536624]] 
Episode: 416: [[0.19482334 0.19174445 0.20773982 0.20672221 0.20536757]] 
Episode: 417: [[0.19483256 0.19173685 0.20774998 0.20671816 0.20536213]] 
Episode: 418: [[0.19483949 0.19173063 0.20775738 0.2067155  0.20535855]] 
Episode: 419: [[0.19484535 0.1917258  0.20776418 0.2067128  0.20535493]] 
Episode: 420: [[0.19485433 0.19172634 0.20777123 0.20670424 0.20534547]] 
Episode: 421: [[0.19486283 0.19171667 0.20778267 0.20670186 0.20534118]] 
Episode: 422: [[0.19487508 0.19170722 0.20779721 0.20669599 0.20533274]] 
Episode: 423: [[0.19488966 0.19170009 0.20781273 0.20668676 0.20532067]] 
Episode: 424: [[0.19490647 0.19169359 0.20782939 0.20667537 0.20530611]] 
Episode: 425: [[0.19492401 0.19168699 0.20784776 0.20666301 0.20529032]] 
Episode: 426: [[0.19494489 0.19168451 0.20786962 0.2066445  0.20526777]] 
Episode: 427: [[0.19496618 0.19168459 0.20788942 0.20662461 0.20524421]] 
Episode: 428: [[0.19498406 0.19168402 0.20790651 0.20660806 0.20522475]] 
Episode: 429: [[0.19499248 0.19168141 0.20791563 0.20660143 0.20521681]] 
Episode: 430: [[0.19500147 0.19168283 0.20792237 0.20659238 0.2052069 ]] 
Episode: 431: [[0.195009   0.19168095 0.20792975 0.20658651 0.20519976]] 
Episode: 432: [[0.19500192 0.19166784 0.20793451 0.20659843 0.20521119]] 
Episode: 433: [[0.19499427 0.19165722 0.20793633 0.20660987 0.20522276]] 
Episode: 434: [[0.19498678 0.19163258 0.20794807 0.20662788 0.20523907]] 
Episode: 435: [[0.19498673 0.1916168  0.20795938 0.206635   0.20524478]] 
Episode: 436: [[0.19498593 0.1916012  0.20796992 0.2066427  0.20525125]] 
Episode: 437: [[0.19498256 0.19157614 0.20798281 0.20665787 0.20526485]] 
Episode: 438: [[0.19497457 0.19155411 0.20798926 0.20667596 0.20528238]] 
Episode: 439: [[0.19496326 0.19152349 0.2079954  0.20670287 0.20530768]] 
Episode: 440: [[0.19495663 0.19149984 0.20800099 0.20672213 0.2053254 ]] 
Episode: 441: [[0.19494416 0.19147854 0.20799915 0.20674594 0.20534872]] 
Episode: 442: [[0.19493115 0.19146    0.20799579 0.20676862 0.20537125]] 
Episode: 443: [[0.19491886 0.1914427  0.20799088 0.20679043 0.20539325]] 
Episode: 444: [[0.19490711 0.19142942 0.2079832  0.20680994 0.2054135 ]] 
Episode: 445: [[0.19489868 0.1914188  0.20797741 0.20682487 0.20542887]] 
Episode: 446: [[0.1948896  0.19140859 0.20797144 0.20683995 0.20544446]] 
Episode: 447: [[0.19487353 0.19139487 0.20796044 0.20686346 0.20546944]] 
Episode: 448: [[0.1948642  0.1913847  0.20795417 0.20687872 0.20548531]] 
Episode: 449: [[0.19485562 0.19137476 0.2079481  0.20689335 0.20550041]] 
Episode: 450: [[0.19484562 0.19136451 0.20794173 0.20690905 0.20551687]] 
Episode: 451: [[0.194835   0.19135417 0.2079358  0.20692527 0.20553339]] 
Episode: 452: [[0.19482772 0.19134587 0.20793185 0.2069373  0.20554543]] 
Episode: 453: [[0.19482453 0.1913426  0.20792897 0.20694283 0.20555086]] 
Episode: 454: [[0.1948288  0.1913397  0.20793432 0.20694068 0.20554735]] 
Episode: 455: [[0.19483367 0.19133237 0.20794217 0.20694046 0.20554529]] 
Episode: 456: [[0.1948444  0.1913285  0.2079534  0.20693298 0.20553553]] 
Episode: 457: [[0.19485779 0.19132139 0.2079729  0.2069232  0.20552242]] 
Episode: 458: [[0.1948608  0.19129325 0.20800996 0.20692922 0.2055217 ]] 
Episode: 459: [[0.19486728 0.19126606 0.20804754 0.2069322  0.2055179 ]] 
Episode: 460: [[0.19487357 0.19124113 0.20807971 0.20693557 0.20551522]] 
Episode: 461: [[0.1948805  0.19121525 0.20811497 0.20693815 0.20551133]] 
Episode: 462: [[0.19488783 0.1911895  0.20815001 0.20694052 0.20550711]] 
Episode: 463: [[0.19489434 0.19116454 0.20818222 0.2069438  0.20550427]] 
Episode: 464: [[0.19489713 0.19113454 0.20821054 0.20695467 0.20550883]] 
Episode: 465: [[0.19490159 0.19110598 0.20823862 0.20696346 0.20551157]] 
Episode: 466: [[0.19490893 0.19107275 0.20827125 0.20697166 0.20551397]] 
Episode: 467: [[0.19491616 0.19104454 0.2082997  0.20697786 0.20551495]] 
Episode: 468: [[0.19492857 0.19102044 0.20832972 0.20697753 0.20550886]] 
Episode: 469: [[0.19495204 0.19100387 0.20836538 0.2069633  0.20548765]] 
Episode: 470: [[0.19496806 0.19098777 0.20839329 0.20695591 0.20547466]] 
Episode: 471: [[0.19498074 0.19097799 0.20840932 0.20695037 0.20546493]] 
Episode: 472: [[0.19500275 0.19097906 0.20841876 0.20693426 0.2054444 ]] 
Episode: 473: [[0.19503357 0.1909783  0.20843728 0.20691109 0.205415  ]] 
Episode: 474: [[0.19506393 0.19097924 0.20845534 0.20688704 0.20538504]] 
Episode: 475: [[0.19508497 0.1909768  0.20846745 0.20687285 0.20536648]] 
Episode: 476: [[0.19509868 0.19097045 0.20847553 0.20686737 0.2053572 ]] 
Episode: 477: [[0.1951151  0.19096555 0.20848356 0.20685923 0.20534518]] 
Episode: 478: [[0.19512865 0.190958   0.20849116 0.20685506 0.2053369 ]] 
Episode: 479: [[0.19513695 0.19094421 0.20850186 0.20685725 0.20533496]] 
Episode: 480: [[0.19514434 0.19093083 0.2085116  0.20685986 0.20533395]] 
Episode: 481: [[0.19514582 0.19091274 0.2085183  0.20687048 0.20534138]] 
Episode: 482: [[0.19514471 0.19089387 0.20852418 0.20688337 0.20535152]] 
Episode: 483: [[0.19514455 0.19087714 0.20852968 0.20689435 0.20535973]] 
Episode: 484: [[0.19514385 0.1908638  0.20853226 0.20690417 0.2053674 ]] 
Episode: 485: [[0.19513567 0.1908499  0.2085293  0.20692055 0.20538315]] 
Episode: 486: [[0.195125   0.1908214  0.20853223 0.20694722 0.20540737]] 
Episode: 487: [[0.19511496 0.19079515 0.2085333  0.20697251 0.20543052]] 
Episode: 488: [[0.19510844 0.19077161 0.20853905 0.20699196 0.20544751]] 
Episode: 489: [[0.19509733 0.19075002 0.20853896 0.20701459 0.20546906]] 
Episode: 490: [[0.19508779 0.19072933 0.20853941 0.20703557 0.2054886 ]] 
Episode: 491: [[0.19507876 0.19069518 0.2085462  0.20706391 0.20551391]] 
Episode: 492: [[0.195072   0.19066608 0.20855196 0.2070876  0.2055348 ]] 
Episode: 493: [[0.19504543 0.19062643 0.20854765 0.20713367 0.20558046]] 
Episode: 494: [[0.19502243 0.19059175 0.20854412 0.20717393 0.20561995]] 
Episode: 495: [[0.19500075 0.1905616  0.20853831 0.20721105 0.20565654]] 
Episode: 496: [[0.19498599 0.1905347  0.20853668 0.20724052 0.20568429]] 
Episode: 497: [[0.19497827 0.19051969 0.20853592 0.20725685 0.20569915]] 
Episode: 498: [[0.1949775  0.19050972 0.20853937 0.20726384 0.20570426]] 
Episode: 499: [[0.19498184 0.19050138 0.20854841 0.20726474 0.20570235]] 
Episode: 500: [[0.19498043 0.19049148 0.2085538  0.20727126 0.20570703]] 
Episode: 501: [[0.1949902  0.1904891  0.20856379 0.2072641  0.20569737]] 
Episode: 502: [[0.19499741 0.19046438 0.20858282 0.20727111 0.2057005 ]] 
Episode: 503: [[0.19500878 0.19044845 0.2085962  0.20727146 0.2056975 ]] 
Episode: 504: [[0.19502078 0.1904335  0.20860776 0.20727158 0.20569408]] 
Episode: 505: [[0.19504742 0.19042367 0.20863187 0.20725517 0.20567185]] 
Episode: 506: [[0.19507462 0.19039872 0.20866455 0.20724669 0.20565519]] 
Episode: 507: [[0.19509847 0.19036031 0.2087005  0.2072497  0.20564759]] 
Episode: 508: [[0.19512096 0.19032782 0.20873155 0.20725074 0.20563929]] 
Episode: 509: [[0.19514512 0.19027045 0.20877603 0.20726411 0.20564108]] 
Episode: 510: [[0.19517043 0.19019552 0.20883055 0.20728636 0.2056497 ]] 
Episode: 511: [[0.1951986  0.19013076 0.20888104 0.20730095 0.20565137]] 
Episode: 512: [[0.19522506 0.19007276 0.20892696 0.20731312 0.20565163]] 
Episode: 513: [[0.19524866 0.1900259  0.20896454 0.20732138 0.2056503 ]] 
Episode: 514: [[0.19527301 0.18998471 0.20899962 0.2073259  0.2056458 ]] 
Episode: 515: [[0.19530535 0.18994927 0.20903939 0.20732014 0.20562981]] 
Episode: 516: [[0.19532828 0.1899176  0.20906661 0.20732091 0.2056236 ]] 
Episode: 517: [[0.19534548 0.18988976 0.2090871  0.20732453 0.2056216 ]] 
Episode: 518: [[0.19535948 0.18986294 0.20910506 0.20733002 0.20562226]] 
Episode: 519: [[0.19537447 0.18984394 0.20912033 0.20733076 0.20561767]] 
Episode: 520: [[0.1953864  0.18982296 0.20913468 0.20733573 0.20561631]] 
Episode: 521: [[0.19540352 0.18980642 0.20915054 0.20733383 0.20560792]] 
Episode: 522: [[0.19542101 0.18979052 0.20916711 0.20733108 0.20559844]] 
Episode: 523: [[0.19543621 0.18977602 0.20918196 0.20732926 0.20559026]] 
Episode: 524: [[0.19545029 0.18976432 0.20919523 0.20732665 0.20558159]] 
Episode: 525: [[0.19545871 0.18974851 0.20920543 0.20733143 0.20558077]] 
Episode: 526: [[0.1954658  0.18974026 0.2092109  0.20733269 0.20557822]] 
Episode: 527: [[0.19547102 0.18973291 0.2092142  0.20733513 0.20557727]] 
Episode: 528: [[0.19547318 0.1897253  0.20921554 0.20734014 0.20557946]] 
Episode: 529: [[0.19547589 0.18970801 0.2092221  0.20735088 0.20558481]] 
Episode: 530: [[0.19547604 0.18969508 0.20922431 0.20736091 0.20559132]] 
Episode: 531: [[0.19546723 0.18968216 0.20921732 0.20737886 0.20560822]] 
Episode: 532: [[0.19544734 0.18967058 0.20920064 0.20740522 0.20563619]] 
Episode: 533: [[0.19542754 0.1896625  0.20918334 0.20742896 0.20566218]] 
Episode: 534: [[0.19540901 0.18965675 0.20916682 0.20745017 0.20568527]] 
Episode: 535: [[0.19539343 0.18965653 0.20915042 0.20746638 0.20570199]] 
Episode: 536: [[0.19538136 0.1896606  0.20913379 0.20747772 0.20571344]] 
Episode: 537: [[0.19538026 0.18966979 0.2091243  0.20747626 0.2057112 ]] 
Episode: 538: [[0.19538628 0.1896833  0.20911904 0.20746632 0.20569925]] 
Episode: 539: [[0.19538563 0.18967736 0.20911989 0.20747256 0.20570177]] 
Episode: 540: [[0.19538519 0.18967023 0.20912115 0.2074786  0.20570545]] 
Episode: 541: [[0.19539085 0.18966863 0.20912616 0.20747584 0.20569968]] 
Episode: 542: [[0.19540074 0.18966746 0.20913325 0.2074699  0.20568968]] 
Episode: 543: [[0.19540639 0.18966684 0.20913745 0.20746693 0.20568345]] 
Episode: 544: [[0.19541447 0.1896598  0.2091484  0.20746513 0.20567672]] 
Episode: 545: [[0.1954239  0.18965214 0.20916098 0.20746237 0.20566882]] 
Episode: 546: [[0.1954388  0.18964359 0.20917936 0.20745511 0.20565535]] 
Episode: 547: [[0.19545576 0.1896389  0.20919766 0.20744401 0.20563786]] 
Episode: 548: [[0.195472   0.1896388  0.20921333 0.20743114 0.20561871]] 
Episode: 549: [[0.19548678 0.18963923 0.20922698 0.20741926 0.20560119]] 
Episode: 550: [[0.19549465 0.18963514 0.20923743 0.20741546 0.20559293]] 
Episode: 551: [[0.19550654 0.18963459 0.20924929 0.20740636 0.205579  ]] 
Episode: 552: [[0.19551595 0.18963148 0.20925967 0.20740114 0.20556901]] 
Episode: 553: [[0.19552432 0.18962501 0.20927218 0.2073982  0.20556101]] 
Episode: 554: [[0.19552517 0.18961799 0.20927636 0.20740291 0.20556204]] 
Episode: 555: [[0.1955228  0.18961087 0.20927744 0.20741041 0.20556682]] 
Episode: 556: [[0.19552289 0.1896041  0.20927976 0.20741591 0.20556907]] 
Episode: 557: [[0.19553775 0.18960476 0.20928991 0.20740536 0.20555276]] 
Episode: 558: [[0.19555096 0.18960278 0.20930222 0.2073966  0.20553857]] 
Episode: 559: [[0.19556378 0.18959856 0.20931658 0.20738873 0.20552541]] 
Episode: 560: [[0.19557092 0.18959409 0.2093258  0.20738599 0.20551851]] 
Episode: 561: [[0.19557615 0.18959144 0.2093319  0.20738423 0.20551296]] 
Episode: 562: [[0.19557971 0.18958554 0.20933878 0.20738561 0.20551024]] 
Episode: 563: [[0.1955809  0.18958111 0.20934254 0.2073881  0.20550972]] 
Episode: 564: [[0.19557703 0.18956202 0.20934334 0.20740515 0.20552371]] 
Episode: 565: [[0.19557418 0.1895419  0.20934568 0.20742214 0.20553677]] 
Episode: 566: [[0.1955758  0.1895224  0.20934872 0.20743617 0.20554598]] 
Episode: 567: [[0.19557719 0.18950304 0.209352   0.20745008 0.20555519]] 
Episode: 568: [[0.19558138 0.18948832 0.20935582 0.20745866 0.20555936]] 
Episode: 569: [[0.19558473 0.1894727  0.20935996 0.20746826 0.20556451]] 
Episode: 570: [[0.19558904 0.18945807 0.20936544 0.20747617 0.20556775]] 
Episode: 571: [[0.195594   0.1894438  0.20937131 0.20748337 0.2055701 ]] 
Episode: 572: [[0.19559763 0.1894287  0.20937605 0.20749229 0.2055744 ]] 
Episode: 573: [[0.19560406 0.18941508 0.20938188 0.20749822 0.20557536]] 
Episode: 574: [[0.19561061 0.18939963 0.2093886  0.20750506 0.20557709]] 
Episode: 575: [[0.19560611 0.18938157 0.20938797 0.2075222  0.2055914 ]] 
Episode: 576: [[0.19560933 0.18936516 0.20939168 0.20753281 0.20559716]] 
Episode: 577: [[0.1956173  0.18935166 0.20939949 0.20753714 0.20559607]] 
Episode: 578: [[0.19562472 0.18933877 0.20940727 0.2075415  0.20559484]] 
Episode: 579: [[0.19563125 0.18932638 0.20941472 0.20754595 0.20559412]] 
Episode: 580: [[0.1956655  0.189319   0.2094442  0.20752385 0.20556173]] 
Episode: 581: [[0.19569297 0.18931237 0.20946631 0.20750734 0.20553675]] 
Episode: 582: [[0.1957241  0.18930641 0.20949242 0.20748694 0.20550711]] 
Episode: 583: [[0.1957517  0.18930349 0.20951459 0.20746747 0.20547974]] 
Episode: 584: [[0.19577762 0.18929742 0.20953697 0.2074513  0.20545527]] 
Episode: 585: [[0.19580759 0.18928634 0.20956595 0.20743474 0.2054281 ]] 
Episode: 586: [[0.19584163 0.18927233 0.20960033 0.20741612 0.20539774]] 
Episode: 587: [[0.1958897  0.189268   0.20963852 0.20738123 0.20535026]] 
Episode: 588: [[0.19592744 0.18926357 0.20966771 0.207355   0.2053139 ]] 
Episode: 589: [[0.19596557 0.18926276 0.20969525 0.20732653 0.20527562]] 
Episode: 590: [[0.19599554 0.18926139 0.209716   0.2073053  0.2052462 ]] 
Episode: 591: [[0.19602117 0.18925671 0.20973511 0.20728956 0.20522241]] 
Episode: 592: [[0.19601908 0.18925378 0.2097236  0.20729744 0.20523033]] 
Episode: 593: [[0.19602506 0.18925703 0.20970817 0.20729767 0.20523073]] 
Episode: 594: [[0.19602175 0.18925878 0.20968671 0.20730641 0.20524073]] 
Episode: 595: [[0.19603269 0.18926115 0.20967303 0.20730469 0.205237  ]] 
Episode: 596: [[0.19604091 0.18925808 0.20966317 0.20730707 0.20523687]] 
Episode: 597: [[0.19604656 0.18925568 0.20965238 0.20731048 0.20523861]] 
Episode: 598: [[0.19600435 0.18922229 0.20965052 0.20736107 0.20528625]] 
Episode: 599: [[0.19596297 0.18918048 0.20965092 0.2074157  0.20533831]] 
Episode: 600: [[0.19592865 0.18911724 0.20966825 0.20747577 0.20539257]] 
Episode: 601: [[0.19589543 0.18905656 0.20968047 0.20753483 0.20544693]] 
Episode: 602: [[0.19587258 0.18900584 0.20968923 0.20758267 0.20548919]] 
Episode: 603: [[0.19584067 0.18895517 0.20968144 0.2076406  0.20554473]] 
Episode: 604: [[0.19582024 0.18891016 0.20967913 0.2076865  0.20558654]] 
Episode: 605: [[0.1958104  0.18886992 0.20968665 0.20771977 0.20561403]] 
Episode: 606: [[0.19581956 0.18883254 0.20970652 0.20773591 0.20562209]] 
Episode: 607: [[0.19584443 0.18880461 0.20972855 0.20773609 0.2056126 ]] 
Episode: 608: [[0.19587635 0.18877873 0.20975658 0.20772913 0.20559438]] 
Episode: 609: [[0.19590856 0.18875735 0.20978287 0.20771945 0.20557383]] 
Episode: 610: [[0.1959383  0.18873613 0.2098089  0.20771101 0.20555499]] 
Episode: 611: [[0.19597296 0.18871771 0.20983505 0.2076978  0.20553109]] 
Episode: 612: [[0.19600488 0.18870239 0.20985779 0.20768504 0.2055085 ]] 
Episode: 613: [[0.19602893 0.18868686 0.20987296 0.20767929 0.20549455]] 
Episode: 614: [[0.19605072 0.18866692 0.2098866  0.20767817 0.20548579]] 
Episode: 615: [[0.19607489 0.18865076 0.20990014 0.207673   0.20547318]] 
Episode: 616: [[0.19610004 0.18863538 0.20991412 0.20766652 0.2054593 ]] 
Episode: 617: [[0.1961137  0.18862027 0.20991293 0.20767099 0.2054596 ]] 
Episode: 618: [[0.19612813 0.18860699 0.20991208 0.2076736  0.20545812]] 
Episode: 619: [[0.19615042 0.18859968 0.2099133  0.20766695 0.20544678]] 
Episode: 620: [[0.19617347 0.18859132 0.20991935 0.2076589  0.20543359]] 
Episode: 621: [[0.196199   0.1885698  0.20993394 0.20765494 0.20542425]] 
Episode: 622: [[0.19622673 0.1885506  0.20995153 0.20764709 0.20541067]] 
Episode: 623: [[0.19625679 0.18853268 0.20997113 0.20763633 0.20539394]] 
Episode: 624: [[0.19628704 0.18851748 0.20999146 0.20762338 0.20537497]] 
Episode: 625: [[0.19632381 0.18849672 0.21002527 0.20760608 0.20534942]] 
Episode: 626: [[0.19634305 0.18844289 0.21006872 0.2076177  0.20535363]] 
Episode: 627: [[0.19636784 0.1883959  0.21011437 0.20762084 0.20534872]] 
Episode: 628: [[0.19639637 0.18835503 0.21015786 0.20761843 0.20533831]] 
Episode: 629: [[0.19642423 0.18831961 0.21019787 0.20761386 0.20532618]] 
Episode: 630: [[0.19644824 0.18829547 0.2102315  0.20760606 0.20531176]] 
Episode: 631: [[0.19647145 0.18827353 0.210265   0.20759733 0.20529637]] 
Episode: 632: [[0.19650249 0.1882577  0.21030544 0.20757782 0.20526883]] 
Episode: 633: [[0.19653092 0.18824485 0.210341   0.20755926 0.20524321]] 
Episode: 634: [[0.19652192 0.18822329 0.21034274 0.2075784  0.20526208]] 
Episode: 635: [[0.19649896 0.18819648 0.21032384 0.20761523 0.20530233]] 
Episode: 636: [[0.19647475 0.18817174 0.21030521 0.20765139 0.20534182]] 
Episode: 637: [[0.19645032 0.18815148 0.21028937 0.20768397 0.20537719]] 
Episode: 638: [[0.19641308 0.18812907 0.21026574 0.20772776 0.20542537]] 
Episode: 639: [[0.1963845  0.18811125 0.21024185 0.20776342 0.20546542]] 
Episode: 640: [[0.19634967 0.18809499 0.21020803 0.20780468 0.20551279]] 
Episode: 641: [[0.19632536 0.18808089 0.21018332 0.20783563 0.20554811]] 
Episode: 642: [[0.19630508 0.18806924 0.21016137 0.2078618  0.2055781 ]] 
Episode: 643: [[0.19628748 0.18806075 0.21013372 0.20788592 0.20560707]] 
Episode: 644: [[0.19627619 0.18805447 0.21010669 0.20790453 0.20563057]] 
Episode: 645: [[0.19626059 0.18804277 0.21008238 0.20792836 0.20565903]] 
Episode: 646: [[0.19624804 0.188034   0.21005821 0.20794843 0.20568366]] 
Episode: 647: [[0.19623588 0.18802443 0.21003748 0.20796779 0.20570698]] 
Episode: 648: [[0.19622798 0.18801187 0.21002263 0.20798463 0.20572716]] 
Episode: 649: [[0.19623469 0.18800475 0.21001668 0.20798665 0.20573072]] 
Episode: 650: [[0.19623847 0.18799725 0.21000822 0.20799142 0.20573744]] 
Episode: 651: [[0.19625278 0.1879894  0.21001409 0.20798615 0.20573126]] 
Episode: 652: [[0.19626611 0.1879803  0.21002296 0.2079814  0.20572513]] 
Episode: 653: [[0.19628781 0.18797523 0.21003464 0.20796809 0.20571008]] 
Episode: 654: [[0.19631319 0.18797468 0.210044   0.20795043 0.20569083]] 
Episode: 655: [[0.19632538 0.1879704  0.21005669 0.20794252 0.20568016]] 
Episode: 656: [[0.19634473 0.18796755 0.2100724  0.2079284  0.20566289]] 
Episode: 657: [[0.19636352 0.18796445 0.21008915 0.20791449 0.20564567]] 
Episode: 658: [[0.19639091 0.18796362 0.2101114  0.20789228 0.20561928]] 
Episode: 659: [[0.19641902 0.18796444 0.21013428 0.20786843 0.20559105]] 
Episode: 660: [[0.19645631 0.18796028 0.21016888 0.20783864 0.20555528]] 
Episode: 661: [[0.19649044 0.18794966 0.21020447 0.20781444 0.20552535]] 
Episode: 662: [[0.19651824 0.1879387  0.21023475 0.20779575 0.20550196]] 
Episode: 663: [[0.19653665 0.18793467 0.21025383 0.20778228 0.20548423]] 
Episode: 664: [[0.19655056 0.18792687 0.21027055 0.20777448 0.20547287]] 
Episode: 665: [[0.19657269 0.18791753 0.21029663 0.20775984 0.20545338]] 
Episode: 666: [[0.19659308 0.18790853 0.21032298 0.20774595 0.20543459]] 
Episode: 667: [[0.19660439 0.1878673  0.21036202 0.20775434 0.20543714]] 
Episode: 668: [[0.19660234 0.18783322 0.21038543 0.20777072 0.20545012]] 
Episode: 669: [[0.19658661 0.18779777 0.21039775 0.20779942 0.20547728]] 
Episode: 670: [[0.19657062 0.18776624 0.21040566 0.20782703 0.20550404]] 
Episode: 671: [[0.1965481  0.18773684 0.21040641 0.20785925 0.2055366 ]] 
Episode: 672: [[0.19652241 0.18770768 0.21041302 0.20789143 0.20556831]] 
Episode: 673: [[0.19650903 0.18768534 0.21042539 0.20791014 0.20558546]] 
Episode: 674: [[0.19650787 0.18765895 0.21043427 0.20792496 0.20559965]] 
Episode: 675: [[0.19651389 0.18765041 0.21043463 0.2079269  0.20560133]] 
Episode: 676: [[0.19652098 0.18764015 0.21043517 0.20792912 0.20560353]] 
Episode: 677: [[0.19652916 0.18762113 0.21044259 0.20793422 0.20560777]] 
Episode: 678: [[0.19653383 0.18760203 0.2104483  0.20794201 0.20561495]] 
Episode: 679: [[0.19655325 0.18758947 0.21046582 0.20793326 0.20560354]] 
Episode: 680: [[0.19656809 0.18757871 0.21047567 0.20792836 0.20559719]] 
Episode: 681: [[0.19658077 0.18756603 0.2104857  0.20792596 0.2055933 ]] 
Episode: 682: [[0.1965897  0.18754846 0.2104949  0.20792907 0.20559536]] 
Episode: 683: [[0.19659518 0.18753031 0.21050033 0.20793565 0.20560166]] 
Episode: 684: [[0.19659391 0.18751387 0.21049865 0.20794721 0.20561416]] 
Episode: 685: [[0.19658981 0.1874972  0.2104943  0.2079614  0.20562975]] 
Episode: 686: [[0.19659218 0.18748224 0.210492   0.20797    0.20563936]] 
Episode: 687: [[0.19659744 0.1874696  0.21049081 0.20797506 0.2056452 ]] 
Episode: 688: [[0.19659674 0.18745567 0.21048468 0.20798592 0.20565777]] 
Episode: 689: [[0.19660376 0.18744376 0.21048537 0.20798889 0.20566124]] 
Episode: 690: [[0.19662057 0.1874239  0.21050164 0.20798635 0.20565706]] 
Episode: 691: [[0.1966349  0.18740569 0.21051362 0.20798555 0.20565519]] 
Episode: 692: [[0.19665523 0.18739015 0.21052259 0.20798026 0.20564936]] 
Episode: 693: [[0.19667305 0.18733773 0.21055208 0.2079944  0.20566045]] 
Episode: 694: [[0.1966848  0.18727867 0.2105779  0.20801754 0.20568131]] 
Episode: 695: [[0.1966994  0.1872215  0.21060148 0.20803839 0.20570025]] 
Episode: 696: [[0.19671206 0.18717062 0.21062033 0.20805787 0.20571817]] 
Episode: 697: [[0.1967296  0.18712576 0.21064024 0.20807026 0.20572865]] 
Episode: 698: [[0.1967563  0.18708353 0.21066451 0.2080742  0.20572984]] 
Episode: 699: [[0.19678062 0.18705365 0.21068719 0.20807233 0.20572476]] 
Episode: 700: [[0.19679376 0.1870288  0.21069656 0.20807788 0.20572904]] 
Episode: 701: [[0.1968124  0.18700835 0.21070881 0.20807649 0.20572573]] 
Episode: 702: [[0.19683057 0.18698752 0.2107216  0.20807542 0.20572276]] 
Episode: 703: [[0.19685194 0.18696937 0.21073703 0.20806986 0.20571493]] 
Episode: 704: [[0.19687271 0.18694855 0.21075328 0.20806606 0.2057089 ]] 
Episode: 705: [[0.19689775 0.18693258 0.21076915 0.2080567  0.20569728]] 
Episode: 706: [[0.19691907 0.18691991 0.2107826  0.20804821 0.2056867 ]] 
Episode: 707: [[0.1969415  0.18690638 0.21080276 0.20803782 0.20567286]] 
Episode: 708: [[0.19696347 0.18689525 0.21081631 0.20802777 0.20566095]] 
Episode: 709: [[0.19698876 0.1868857  0.21083187 0.20801423 0.205645  ]] 
Episode: 710: [[0.1970196  0.18687883 0.21085794 0.20799296 0.20561883]] 
Episode: 711: [[0.19704747 0.18687241 0.21088444 0.20797303 0.20559399]] 
Episode: 712: [[0.19706763 0.18686606 0.21090698 0.20795892 0.20557545]] 
Episode: 713: [[0.19708557 0.18685882 0.21092708 0.20794736 0.20556   ]] 
Episode: 714: [[0.19708042 0.18684237 0.21095371 0.2079547  0.20556074]] 
Episode: 715: [[0.1970819  0.18682778 0.2109803  0.20795672 0.20555641]] 
Episode: 716: [[0.19708595 0.18681131 0.21100713 0.2079582  0.20555174]] 
Episode: 717: [[0.19709703 0.18679571 0.2110394  0.20795336 0.20553978]] 
Episode: 718: [[0.19711338 0.18678133 0.21107374 0.20794392 0.2055229 ]] 
Episode: 719: [[0.19712733 0.18676624 0.21110436 0.2079373  0.20550978]] 
Episode: 720: [[0.19714347 0.18675292 0.21113354 0.2079285  0.20549494]] 
Episode: 721: [[0.19715863 0.18674211 0.21115698 0.20792015 0.20548177]] 
Episode: 722: [[0.19717376 0.18673305 0.21117479 0.20791225 0.20547011]] 
Episode: 723: [[0.19716153 0.18672203 0.2111725  0.20792761 0.20548554]] 
Episode: 724: [[0.19715022 0.18670155 0.21117486 0.20794691 0.2055047 ]] 
Episode: 725: [[0.19713792 0.186683   0.21116982 0.2079676  0.20552662]] 
Episode: 726: [[0.1971172  0.18666326 0.21115851 0.20799582 0.20555732]] 
Episode: 727: [[0.19709522 0.18664512 0.21114448 0.20802452 0.20558898]] 
Episode: 728: [[0.19707525 0.1866291  0.21113054 0.20805064 0.20561798]] 
Episode: 729: [[0.19704215 0.18661492 0.21110466 0.20808683 0.20565917]] 
Episode: 730: [[0.19702296 0.1866022  0.21108986 0.20811059 0.2056859 ]] 
Episode: 731: [[0.19702157 0.18655305 0.21110462 0.20813793 0.20571342]] 
Episode: 732: [[0.19701745 0.18650588 0.21110742 0.20816897 0.20574681]] 
Episode: 733: [[0.1970244  0.18646295 0.21111827 0.20818837 0.20576692]] 
Episode: 734: [[0.19702007 0.1864247  0.21111614 0.20821533 0.20579661]] 
Episode: 735: [[0.197026   0.18638836 0.21112251 0.20823252 0.20581482]] 
Episode: 736: [[0.19701964 0.18635325 0.21112677 0.20825711 0.20584045]] 
Episode: 737: [[0.19702862 0.18632025 0.21115597 0.20826454 0.20584327]] 
Episode: 738: [[0.19703119 0.186291   0.21118543 0.20827375 0.20584705]] 
Episode: 739: [[0.19703549 0.18626526 0.21120957 0.20828108 0.20584999]] 
Episode: 740: [[0.19703569 0.18623874 0.2112296  0.2082925  0.20585789]] 
Episode: 741: [[0.19701946 0.18621641 0.21123749 0.20831479 0.20587836]] 
Episode: 742: [[0.19700538 0.18619393 0.21124518 0.20833588 0.20589782]] 
Episode: 743: [[0.19700538 0.18617871 0.21126193 0.20834136 0.20589966]] 
Episode: 744: [[0.19701338 0.18616676 0.2112782  0.20833996 0.20589483]] 
Episode: 745: [[0.19702591 0.18615386 0.21129625 0.20833586 0.20588711]] 
Episode: 746: [[0.197033   0.18613853 0.21131115 0.20833744 0.20588577]] 
Episode: 747: [[0.1970447  0.18612376 0.21133101 0.20833442 0.20587902]] 
Episode: 748: [[0.19705544 0.18610859 0.21134959 0.2083325  0.20587379]] 
Episode: 749: [[0.1970714  0.18609847 0.2113664  0.2083246  0.20586298]] 
Episode: 750: [[0.1970906  0.18608712 0.21138489 0.20831518 0.20585017]] 
Episode: 751: [[0.19711578 0.18608016 0.21140589 0.20829874 0.20582959]] 
Episode: 752: [[0.19713333 0.18607081 0.2114197  0.20829047 0.2058185 ]] 
Episode: 753: [[0.19714917 0.18605937 0.21143219 0.20828477 0.20581062]] 
Episode: 754: [[0.19714805 0.18605332 0.21142475 0.20829168 0.20581849]] 
Episode: 755: [[0.19715004 0.18604542 0.21141887 0.20829734 0.20582508]] 
Episode: 756: [[0.19716443 0.18604296 0.21141137 0.20829232 0.20582147]] 
Episode: 757: [[0.197185   0.18604034 0.21140835 0.20828223 0.20581232]] 
Episode: 758: [[0.19721606 0.18603814 0.21141672 0.20826228 0.2057913 ]] 
Episode: 759: [[0.19725062 0.18601952 0.21144195 0.20824568 0.20577121]] 
Episode: 760: [[0.19728014 0.18600039 0.2114607  0.20823419 0.20575759]] 
Episode: 761: [[0.1973134  0.18598202 0.21148838 0.2082174  0.20573707]] 
Episode: 762: [[0.19733636 0.18595935 0.21151683 0.20820951 0.2057251 ]] 
Episode: 763: [[0.19733648 0.18593438 0.21152945 0.20822123 0.20573588]] 
Episode: 764: [[0.19728851 0.1858835  0.21152395 0.20828298 0.20579998]] 
Episode: 765: [[0.19721101 0.18582508 0.21151176 0.20836937 0.20588899]] 
Episode: 766: [[0.1971467  0.18577522 0.21149924 0.20844258 0.20596479]] 
Episode: 767: [[0.19710076 0.18573979 0.21148844 0.20849526 0.20601961]] 
Episode: 768: [[0.1970669  0.18570124 0.21148668 0.20853986 0.20606531]] 
Episode: 769: [[0.19703194 0.18561648 0.21151388 0.20860592 0.20612948]] 
Episode: 770: [[0.19700475 0.1855345  0.21154469 0.20866466 0.2061855 ]] 
Episode: 771: [[0.19698751 0.1854665  0.21157259 0.20870945 0.20622784]] 
Episode: 772: [[0.19697401 0.18540482 0.21160004 0.20874818 0.206264  ]] 
Episode: 773: [[0.19697155 0.18535037 0.21163163 0.20877464 0.20628695]] 
Episode: 774: [[0.19697928 0.18530491 0.21167153 0.20878726 0.20629406]] 
Episode: 775: [[0.19699425 0.18527442 0.2117078  0.20878729 0.20628873]] 
Episode: 776: [[0.19701512 0.18524417 0.21174914 0.20878226 0.20627739]] 
Episode: 777: [[0.19704232 0.18521746 0.21179278 0.2087706  0.20625891]] 
Episode: 778: [[0.19707225 0.18519023 0.21183819 0.20875712 0.20623836]] 
Episode: 779: [[0.1971036  0.18516618 0.21188909 0.20873936 0.20621239]] 
Episode: 780: [[0.19713725 0.18514486 0.21193875 0.20871884 0.20618384]] 
Episode: 781: [[0.19717316 0.18512641 0.21198687 0.20869555 0.20615278]] 
Episode: 782: [[0.19720441 0.18510278 0.21203552 0.20867813 0.20612764]] 
Episode: 783: [[0.19724439 0.18506661 0.21209253 0.20866098 0.20610166]] 
Episode: 784: [[0.19727351 0.18503518 0.21213554 0.20865124 0.20608532]] 
Episode: 785: [[0.19729954 0.185008   0.21217115 0.20864272 0.20607144]] 
Episode: 786: [[0.19731371 0.18498398 0.21219422 0.20864281 0.2060682 ]] 
Episode: 787: [[0.19732553 0.18496048 0.21221426 0.20864487 0.20606735]] 
Episode: 788: [[0.19736339 0.18494436 0.21225286 0.2086216  0.20603774]] 
Episode: 789: [[0.19739954 0.18493263 0.21228723 0.20859773 0.20600829]] 
Episode: 790: [[0.19744425 0.18492354 0.21232529 0.20856601 0.20597044]] 
Episode: 791: [[0.19748954 0.18491526 0.21236317 0.20853351 0.20593174]] 
Episode: 792: [[0.1975245  0.18490489 0.21238324 0.20851369 0.20590828]] 
Episode: 793: [[0.19755155 0.18489419 0.2123996  0.20849979 0.20589149]] 
Episode: 794: [[0.1975725  0.18488109 0.2124125  0.20849198 0.20588143]] 
Episode: 795: [[0.19760373 0.18484789 0.21243945 0.20848683 0.20587172]] 
Episode: 796: [[0.19763161 0.18481633 0.21245916 0.20848472 0.20586614]] 
Episode: 797: [[0.19765653 0.18478265 0.21247509 0.20848688 0.2058653 ]] 
Episode: 798: [[0.19768403 0.18475226 0.21248604 0.20848686 0.205863  ]] 
Episode: 799: [[0.19769867 0.18472795 0.21248294 0.20849444 0.2058709 ]] 
Episode: 800: [[0.19771479 0.18470418 0.21248025 0.20850067 0.20587741]] 
Episode: 801: [[0.19772176 0.18464251 0.2125014  0.20852958 0.20590374]] 
Episode: 802: [[0.19772945 0.18458429 0.21252339 0.20855583 0.2059269 ]] 
Episode: 803: [[0.19773027 0.18450437 0.21256001 0.20859581 0.20596212]] 
Episode: 804: [[0.1977278  0.18443121 0.21259089 0.20863512 0.20599744]] 
Episode: 805: [[0.19772758 0.18436295 0.21262354 0.20866972 0.20602724]] 
Episode: 806: [[0.19773524 0.1843019  0.21266215 0.20869349 0.20604484]] 
Episode: 807: [[0.19774969 0.18424822 0.21269928 0.20870899 0.2060542 ]] 
Episode: 808: [[0.19777341 0.18420343 0.21273775 0.20871301 0.20605159]] 
Episode: 809: [[0.19781055 0.18417057 0.2127824  0.20869996 0.20603028]] 
Episode: 810: [[0.1978449  0.1841382  0.2128267  0.20868845 0.20601039]] 
Episode: 811: [[0.19787161 0.18411268 0.21285138 0.20868215 0.20599969]] 
Episode: 812: [[0.1979078  0.1840942  0.21287875 0.20866503 0.20597754]] 
Episode: 813: [[0.19793282 0.18407413 0.21290678 0.20865552 0.2059627 ]] 
Episode: 814: [[0.197956   0.18403393 0.21295114 0.20865524 0.20595485]] 
Episode: 815: [[0.19798103 0.18399458 0.21299551 0.20865336 0.20594528]] 
Episode: 816: [[0.19800964 0.18396057 0.21303917 0.20864604 0.20593052]] 
Episode: 817: [[0.19802412 0.18391353 0.2130806  0.20865618 0.20593362]] 
Episode: 818: [[0.19803323 0.18386836 0.21311457 0.20867032 0.20594208]] 
Episode: 819: [[0.19804019 0.1838272  0.2131445  0.20868416 0.20595114]] 
Episode: 820: [[0.1980365  0.18378554 0.2131659  0.2087071  0.2059706 ]] 
Episode: 821: [[0.19805065 0.1837484  0.2132047  0.2087118  0.20596857]] 
Episode: 822: [[0.19807042 0.18371621 0.21324462 0.20870975 0.20595945]] 
Episode: 823: [[0.198095   0.18369861 0.21327779 0.20869757 0.20594104]] 
Episode: 824: [[0.19811228 0.18368328 0.2132961  0.20869239 0.20593211]] 
Episode: 825: [[0.19812955 0.1836694  0.21331088 0.2086874  0.20592372]] 
Episode: 826: [[0.19814628 0.18365586 0.21332572 0.20868249 0.20591542]] 
Episode: 827: [[0.1981603  0.1836421  0.21333675 0.20868039 0.20591056]] 
Episode: 828: [[0.19817878 0.18363369 0.21334675 0.2086724  0.20590018]] 
Episode: 829: [[0.19818474 0.18361674 0.21335857 0.20867656 0.20590207]] 
Episode: 830: [[0.19819811 0.18357559 0.21338874 0.20868595 0.2059077 ]] 
Episode: 831: [[0.19821373 0.18353596 0.21341813 0.20869352 0.20591113]] 
Episode: 832: [[0.19822715 0.18350008 0.21344037 0.2087021  0.20591652]] 
Episode: 833: [[0.1982446  0.18347251 0.21346055 0.2087035  0.20591512]] 
Episode: 834: [[0.19825435 0.18344879 0.21347284 0.20870908 0.20591944]] 
Episode: 835: [[0.19826269 0.18342847 0.2134842  0.20871355 0.20592284]] 
Episode: 836: [[0.19827537 0.18340261 0.21349257 0.20872    0.20592842]] 
Episode: 837: [[0.19828951 0.18338077 0.21349737 0.20872404 0.20593211]] 
Episode: 838: [[0.19830428 0.18335742 0.21350391 0.20872827 0.20593555]] 
Episode: 839: [[0.19830653 0.18332677 0.21350473 0.20874617 0.20595373]] 
Episode: 840: [[0.19831043 0.18329497 0.21350923 0.20876284 0.20596999]] 
Episode: 841: [[0.19831131 0.18325745 0.2135186  0.20878363 0.20598957]] 
Episode: 842: [[0.1983092  0.1832211  0.21352763 0.20880549 0.20601037]] 
Episode: 843: [[0.19830887 0.18318792 0.21353903 0.20882359 0.20602702]] 
Episode: 844: [[0.1983079  0.18315896 0.21354401 0.20884119 0.20604412]] 
Episode: 845: [[0.19828475 0.18312697 0.21353851 0.20887637 0.2060813 ]] 
Episode: 846: [[0.19825467 0.18309571 0.21351193 0.20892072 0.20613168]] 
Episode: 847: [[0.1982301  0.18305747 0.21349846 0.20896251 0.20617753]] 
Episode: 848: [[0.1982211  0.1830219  0.21349911 0.20898981 0.20620579]] 
Episode: 849: [[0.19822517 0.18299702 0.21350636 0.209001   0.20621622]] 
Episode: 850: [[0.19824754 0.1829718  0.21353136 0.2089968  0.20620786]] 
Episode: 851: [[0.19828218 0.18294042 0.21356578 0.20898725 0.20619138]] 
Episode: 852: [[0.19832198 0.18291253 0.21360084 0.20897235 0.2061692 ]] 
Episode: 853: [[0.19835828 0.18288712 0.21363212 0.20895895 0.20614927]] 
Episode: 854: [[0.1983906  0.1828648  0.21365811 0.20894752 0.20613202]] 
Episode: 855: [[0.19842443 0.18284555 0.21368253 0.20893364 0.20611265]] 
Episode: 856: [[0.19844534 0.18285173 0.21367177 0.20892128 0.20610026]] 
Episode: 857: [[0.1984637  0.18286034 0.21365447 0.20891064 0.20609082]] 
Episode: 858: [[0.19849494 0.18287092 0.21364905 0.20888788 0.20606701]] 
Episode: 859: [[0.19852644 0.18287653 0.21364807 0.20886676 0.20604433]] 
Episode: 860: [[0.19856222 0.18288013 0.21365286 0.20884274 0.20601779]] 
Episode: 861: [[0.19860491 0.18284601 0.21369661 0.20882703 0.20599432]] 
Episode: 862: [[0.19864929 0.18280661 0.21374431 0.20881239 0.20597166]] 
Episode: 863: [[0.19869357 0.18276751 0.21379091 0.20879775 0.20594946]] 
Episode: 864: [[0.19872577 0.1827287  0.21382876 0.20879333 0.20593771]] 
Episode: 865: [[0.19875678 0.18269281 0.21386296 0.20878848 0.20592667]] 
Episode: 866: [[0.19877054 0.18263939 0.213903   0.20880353 0.2059348 ]] 
Episode: 867: [[0.19878972 0.18258944 0.21394396 0.20881285 0.20593701]] 
Episode: 868: [[0.19881551 0.18254066 0.21399444 0.20881495 0.20593001]] 
Episode: 869: [[0.19884035 0.1824987  0.21403825 0.20881501 0.20592226]] 
Episode: 870: [[0.19885053 0.18245468 0.21407908 0.20882604 0.20592588]] 
Episode: 871: [[0.19883989 0.18241206 0.21410069 0.20885384 0.20594977]] 
Episode: 872: [[0.19883887 0.18237668 0.21412005 0.20887198 0.2059642 ]] 
Episode: 873: [[0.1988212  0.1823426  0.21413088 0.2089014  0.2059917 ]] 
Episode: 874: [[0.19879398 0.18230791 0.21413678 0.20893814 0.20602766]] 
Episode: 875: [[0.1987709  0.18227798 0.21414092 0.20896994 0.20605882]] 
Episode: 876: [[0.1987558  0.1822528  0.21414804 0.20899355 0.20608042]] 
Episode: 877: [[0.19873531 0.18222815 0.21415491 0.20901988 0.20610519]] 
Episode: 878: [[0.19872749 0.18220848 0.21416809 0.20903425 0.2061159 ]] 
Episode: 879: [[0.19872761 0.18219222 0.21418342 0.20904124 0.20611855]] 
Episode: 880: [[0.19873989 0.18217611 0.21420886 0.20903832 0.20610905]] 
Episode: 881: [[0.19874723 0.18216166 0.214227   0.209039   0.20610496]] 
Episode: 882: [[0.19875051 0.18215482 0.21423146 0.20904087 0.20610482]] 
Episode: 883: [[0.19875255 0.18214534 0.21423654 0.20904484 0.20610693]] 
Episode: 884: [[0.19874987 0.18213326 0.2142398  0.20905378 0.2061144 ]] 
Episode: 885: [[0.1987451  0.1821249  0.21423899 0.20906264 0.20612265]] 
Episode: 886: [[0.19874223 0.18211493 0.21424016 0.20907047 0.20613016]] 
Episode: 887: [[0.1987282  0.18209904 0.2142328  0.20909163 0.20615157]] 
Episode: 888: [[0.1987065  0.18208398 0.2142206  0.20911793 0.20617945]] 
Episode: 889: [[0.19867466 0.18207926 0.21418959 0.20914888 0.2062154 ]] 
Episode: 890: [[0.19864771 0.18207125 0.21416436 0.2091774  0.2062479 ]] 
Episode: 891: [[0.19862224 0.18206368 0.21413969 0.20920447 0.2062791 ]] 
Episode: 892: [[0.19860564 0.18205404 0.21412382 0.20922516 0.20630226]] 
Episode: 893: [[0.19858043 0.18204127 0.21410434 0.2092538  0.20633434]] 
Episode: 894: [[0.19856776 0.18203232 0.21408904 0.20927158 0.20635441]] 
Episode: 895: [[0.19855967 0.18202566 0.21407716 0.20928428 0.20636867]] 
Episode: 896: [[0.1985593  0.18202084 0.21406898 0.2092903  0.20637532]] 
Episode: 897: [[0.19856791 0.18201812 0.21406697 0.20928814 0.20637229]] 
Episode: 898: [[0.19859117 0.18201596 0.21407375 0.2092745  0.20635605]] 
Episode: 899: [[0.19862431 0.1820146  0.21408676 0.20925283 0.20633045]] 
Episode: 900: [[0.19866407 0.18201588 0.21410336 0.20922461 0.20629755]] 
Episode: 901: [[0.19869636 0.18202108 0.21411125 0.20920055 0.20627074]] 
Episode: 902: [[0.19871391 0.18202627 0.21410939 0.2091877  0.20625743]] 
Episode: 903: [[0.19873276 0.18203354 0.21410805 0.20917268 0.20624173]] 
Episode: 904: [[0.19874683 0.1820481  0.21409678 0.20915878 0.20622867]] 
Episode: 905: [[0.19875841 0.1820633  0.2140829  0.20914653 0.20621802]] 
Episode: 906: [[0.19876984 0.1820786  0.21407172 0.20913379 0.20620598]] 
Episode: 907: [[0.19877912 0.18209258 0.21406035 0.20912308 0.20619625]] 
Episode: 908: [[0.19880918 0.18210158 0.21406934 0.20909794 0.20616762]] 
Episode: 909: [[0.19885194 0.18210587 0.21409144 0.20906468 0.20612821]] 
Episode: 910: [[0.19889623 0.18210605 0.21412058 0.20903131 0.20608716]] 
Episode: 911: [[0.19894424 0.18209375 0.21415922 0.20900027 0.20604795]] 
Episode: 912: [[0.19899772 0.18207026 0.21420817 0.20896982 0.20600809]] 
Episode: 913: [[0.19904731 0.18205568 0.21424498 0.20893933 0.2059705 ]] 
Episode: 914: [[0.19909339 0.18204258 0.21427952 0.20891073 0.20593506]] 
Episode: 915: [[0.1991334  0.18202707 0.2143146  0.20888723 0.2059045 ]] 
Episode: 916: [[0.19915165 0.18200992 0.21434216 0.20888004 0.20589137]] 
Episode: 917: [[0.19912265 0.18199101 0.21432637 0.2089133  0.20592803]] 
Episode: 918: [[0.19906402 0.1818647  0.21438862 0.2090114  0.20602177]] 
Episode: 919: [[0.19902599 0.18175174 0.21445324 0.20908841 0.20609276]] 
Episode: 920: [[0.19899541 0.18165147 0.21451391 0.20915395 0.20615241]] 
Episode: 921: [[0.19896974 0.18155988 0.21457101 0.20921214 0.2062047 ]] 
Episode: 922: [[0.19893615 0.18148203 0.21460837 0.20927109 0.20626152]] 
Episode: 923: [[0.19891272 0.18141177 0.21464567 0.20931932 0.20630705]] 
Episode: 924: [[0.19889244 0.1813467  0.21468103 0.20936298 0.206348  ]] 
Episode: 925: [[0.1988723  0.18128814 0.21471056 0.20940427 0.2063868 ]] 
Episode: 926: [[0.19885969 0.18123102 0.21474458 0.20943922 0.20641793]] 
Episode: 927: [[0.19884431 0.18117493 0.21477804 0.20947541 0.20645013]] 
Episode: 928: [[0.19883928 0.18111037 0.21482638 0.20950677 0.20647538]] 
Episode: 929: [[0.19884953 0.18105516 0.21487623 0.20952278 0.20648433]] 
Episode: 930: [[0.19886447 0.18100443 0.21492523 0.20953353 0.20648772]] 
Episode: 931: [[0.19887877 0.18095799 0.21496995 0.20954305 0.20649053]] 
Episode: 932: [[0.19889005 0.18091215 0.21501479 0.20955393 0.20649461]] 
Episode: 933: [[0.19889289 0.18086831 0.21505083 0.20957099 0.20650625]] 
Episode: 934: [[0.19889192 0.18082637 0.21508248 0.20959044 0.20652074]] 
Episode: 935: [[0.19889224 0.180784   0.21511638 0.20960882 0.20653369]] 
Episode: 936: [[0.198917   0.18075292 0.21515718 0.2096036  0.20652127]] 
Episode: 937: [[0.1989506  0.18072684 0.2151986  0.20958985 0.20649986]] 
Episode: 938: [[0.1989771  0.18070284 0.21523257 0.2095807  0.2064849 ]] 
Episode: 939: [[0.19899851 0.18068612 0.21525362 0.20957346 0.20647383]] 
Episode: 940: [[0.19902313 0.18067594 0.21527138 0.20956084 0.20645803]] 
Episode: 941: [[0.19904542 0.18065612 0.21529919 0.20955348 0.20644523]] 
Episode: 942: [[0.19907077 0.18063545 0.21532932 0.20954527 0.20642933]] 
Episode: 943: [[0.19910356 0.18061264 0.21537161 0.20953102 0.2064046 ]] 
Episode: 944: [[0.19912988 0.18058911 0.21541296 0.20952089 0.20638493]] 
Episode: 945: [[0.19915208 0.18056381 0.21545574 0.2095139  0.20636824]] 
Episode: 946: [[0.19916084 0.18053815 0.21548897 0.20951748 0.20636426]] 
Episode: 947: [[0.19917345 0.18050112 0.21553831 0.20952187 0.20635818]] 
Episode: 948: [[0.19915624 0.18046613 0.21555753 0.20955059 0.20638214]] 
Episode: 949: [[0.1991408  0.18043    0.21558297 0.20957774 0.20640261]] 
Episode: 950: [[0.19912624 0.18039364 0.21561657 0.20960262 0.20641862]] 
Episode: 951: [[0.19912054 0.18036611 0.21564426 0.20961834 0.20642607]] 
Episode: 952: [[0.19912001 0.18033151 0.21568061 0.20963448 0.20643026]] 
Episode: 953: [[0.19910568 0.18028864 0.21572208 0.20966278 0.20644574]] 
Episode: 954: [[0.19909526 0.18025    0.21575975 0.20968643 0.20645832]] 
Episode: 955: [[0.19909948 0.18022014 0.21579881 0.20969541 0.20645565]] 
Episode: 956: [[0.1991116  0.18018886 0.2158434  0.20969912 0.20644675]] 
Episode: 957: [[0.19908111 0.18015024 0.2158574  0.20974073 0.2064819 ]] 
Episode: 958: [[0.19904622 0.18011573 0.21586281 0.20978439 0.20652105]] 
Episode: 959: [[0.19902988 0.18008544 0.2158791  0.20981126 0.20654157]] 
Episode: 960: [[0.19902794 0.18006124 0.21589965 0.20982437 0.20654772]] 
Episode: 961: [[0.19904657 0.18004511 0.21592565 0.2098188  0.2065338 ]] 
Episode: 962: [[0.19906317 0.18002863 0.2159508  0.20981477 0.2065218 ]] 
Episode: 963: [[0.19908403 0.18001136 0.21597935 0.20980783 0.20650622]] 
Episode: 964: [[0.19911358 0.17999454 0.21601404 0.20979378 0.20648243]] 
Episode: 965: [[0.1991399  0.17997895 0.21604578 0.20978138 0.20646127]] 
Episode: 966: [[0.1991695  0.17996208 0.21608014 0.20976724 0.20643772]] 
Episode: 967: [[0.19918834 0.17994265 0.21611036 0.20976181 0.20642446]] 
Episode: 968: [[0.1991999  0.1799232  0.21613336 0.20976265 0.20641881]] 
Episode: 969: [[0.19920573 0.17990667 0.2161489  0.20976678 0.20641825]] 
Episode: 970: [[0.19920859 0.17989181 0.21616048 0.20977254 0.20642021]] 
Episode: 971: [[0.19921233 0.17988487 0.21616526 0.20977451 0.20641962]] 
Episode: 972: [[0.1992138  0.17987838 0.2161655  0.20977882 0.20642208]] 
Episode: 973: [[0.1992081  0.17987487 0.21615575 0.20978822 0.20643137]] 
Episode: 974: [[0.19920132 0.17987305 0.21614462 0.20979738 0.20644094]] 
Episode: 975: [[0.19921558 0.1798768  0.21614459 0.20978734 0.20642948]] 
Episode: 976: [[0.19923158 0.17987758 0.21614619 0.20977779 0.20641819]] 
Episode: 977: [[0.19923584 0.17987779 0.2161412  0.209777   0.20641744]] 
Episode: 978: [[0.1992449  0.17987348 0.21614233 0.20977467 0.20641398]] 
Episode: 979: [[0.19924802 0.17986909 0.21614063 0.2097766  0.20641544]] 
Episode: 980: [[0.19925079 0.17986006 0.21614406 0.20978013 0.20641795]] 
Episode: 981: [[0.19925545 0.17985472 0.21614157 0.20978211 0.20641936]] 
Episode: 982: [[0.19928585 0.17985009 0.21615604 0.20976399 0.20639719]] 
Episode: 983: [[0.19931382 0.17984617 0.2161682  0.20974737 0.20637713]] 
Episode: 984: [[0.19932179 0.17983526 0.21617801 0.20974748 0.20637465]] 
Episode: 985: [[0.199348   0.17982726 0.21619633 0.209733   0.20635532]] 
Episode: 986: [[0.19938672 0.17982297 0.21621832 0.20970787 0.2063244 ]] 
Episode: 987: [[0.19944116 0.1798211  0.2162504  0.20966934 0.20627785]] 
Episode: 988: [[0.19948667 0.17982036 0.21627481 0.20963731 0.20623949]] 
Episode: 989: [[0.19951695 0.17981681 0.21629344 0.20961733 0.20621483]] 
Episode: 990: [[0.19954178 0.17981522 0.21630405 0.20960109 0.2061961 ]] 
Episode: 991: [[0.19956052 0.1798167  0.2163063  0.20958883 0.20618273]] 
Episode: 992: [[0.19958389 0.17980117 0.21633035 0.20957793 0.20616832]] 
Episode: 993: [[0.19959559 0.17978905 0.21634445 0.20957455 0.20616308]] 
Episode: 994: [[0.1995948  0.17977698 0.2163509  0.20958053 0.20616876]] 
Episode: 995: [[0.19959575 0.17976406 0.21635975 0.20958534 0.20617285]] 
Episode: 996: [[0.19960304 0.17975503 0.21636528 0.20958497 0.20617211]] 
Episode: 997: [[0.1995951  0.17974757 0.21635978 0.20959552 0.20618448]] 
Episode: 998: [[0.19958727 0.17973988 0.21635361 0.2096064  0.20619717]] 
Episode: 999: [[0.19956866 0.17973296 0.21634306 0.20962372 0.20621826]] 
Episode: 1000: [[0.19956909 0.17972788 0.21634103 0.20962659 0.20622271]] 
Episode: 1001: [[0.19956478 0.17972404 0.21633592 0.20963244 0.2062305 ]] 
Episode: 1002: [[0.19955923 0.17971893 0.21633412 0.20963907 0.20623824]] 
Episode: 1003: [[0.19957243 0.17968948 0.21637331 0.20964041 0.20623048]] 
Episode: 1004: [[0.19958794 0.17965916 0.21641788 0.20963928 0.20621952]] 
Episode: 1005: [[0.1996005  0.17963071 0.21645904 0.20963958 0.20621075]] 
Episode: 1006: [[0.19959709 0.17960419 0.21648723 0.20965128 0.20621654]] 
Episode: 1007: [[0.19961528 0.17958377 0.21651407 0.20964678 0.20620598]] 
Episode: 1008: [[0.1996293  0.17956555 0.21653558 0.20964472 0.20619902]] 
Episode: 1009: [[0.19962804 0.17955011 0.21653683 0.20965563 0.20620863]] 
Episode: 1010: [[0.19962534 0.17953895 0.2165325  0.20966607 0.20621902]] 
Episode: 1011: [[0.19962868 0.17950618 0.21655516 0.2096778  0.20622844]] 
Episode: 1012: [[0.19963281 0.17947614 0.21657597 0.20968783 0.2062365 ]] 
Episode: 1013: [[0.19964014 0.1794426  0.21660227 0.20969631 0.20624264]] 
Episode: 1014: [[0.19965392 0.17940691 0.21663408 0.20970066 0.20624386]] 
Episode: 1015: [[0.19966653 0.17937855 0.21665451 0.20970428 0.20624623]] 
Episode: 1016: [[0.19968112 0.17935663 0.21666771 0.2097048  0.20624647]] 
Episode: 1017: [[0.19968517 0.17933558 0.21667671 0.2097121  0.20625444]] 
Episode: 1018: [[0.1996778  0.17931902 0.21667273 0.20972683 0.20627241]] 
Episode: 1019: [[0.19966468 0.17930476 0.2166644  0.20974486 0.20629424]] 
Episode: 1020: [[0.19965492 0.1792916  0.21665858 0.20975953 0.20631215]] 
Episode: 1021: [[0.1996434  0.17927912 0.21665235 0.2097751  0.20633073]] 
Episode: 1022: [[0.19963886 0.17926638 0.21665171 0.20978528 0.20634261]] 
Episode: 1023: [[0.1996546  0.17926027 0.21665597 0.20977888 0.20633498]] 
Episode: 1024: [[0.1996657  0.17925534 0.21666007 0.20977496 0.20632909]] 
Episode: 1025: [[0.19969626 0.17925335 0.21666904 0.20975597 0.20630758]] 
Episode: 1026: [[0.1997164  0.17925435 0.21667211 0.20974314 0.20629293]] 
Episode: 1027: [[0.19972716 0.17924294 0.2166864  0.2097405  0.20628688]] 
Episode: 1028: [[0.19974646 0.17922765 0.21671045 0.20973246 0.20627372]] 
Episode: 1029: [[0.19978747 0.17920865 0.21675152 0.20970921 0.20624185]] 
Episode: 1030: [[0.19984247 0.17918757 0.21680252 0.209676   0.20619838]] 
Episode: 1031: [[0.19989005 0.17916429 0.21685256 0.20964871 0.20616134]] 
Episode: 1032: [[0.19993083 0.17914136 0.2169003  0.20962593 0.20612922]] 
Episode: 1033: [[0.19996485 0.17911923 0.21694294 0.20960802 0.20610309]] 
Episode: 1034: [[0.19996542 0.1790956  0.21697146 0.20961432 0.206105  ]] 
Episode: 1035: [[0.19994178 0.17906918 0.21699385 0.20963828 0.20612632]] 
Episode: 1036: [[0.19992025 0.17904904 0.21700823 0.20965944 0.20614588]] 
Episode: 1037: [[0.19988191 0.17902277 0.21702358 0.20969476 0.20617874]] 
Episode: 1038: [[0.19982536 0.17900194 0.21702422 0.20974126 0.20622623]] 
Episode: 1039: [[0.19976799 0.17898594 0.21701242 0.20978881 0.20627671]] 
Episode: 1040: [[0.19970627 0.17897214 0.21699525 0.209839   0.20633094]] 
Episode: 1041: [[0.19966075 0.17896222 0.21698144 0.2098764  0.20637114]] 
Episode: 1042: [[0.19964226 0.17895436 0.21698086 0.20989273 0.20638749]] 
Episode: 1043: [[0.19963162 0.17894846 0.21698223 0.20990276 0.20639682]] 
Episode: 1044: [[0.19963168 0.17892277 0.21701068 0.2099101  0.20640066]] 
Episode: 1045: [[0.19964974 0.17890793 0.21703643 0.20990132 0.20638734]] 
Episode: 1046: [[0.19966617 0.17889021 0.21706352 0.20989487 0.20637627]] 
Episode: 1047: [[0.19967356 0.17887275 0.21708465 0.20989528 0.2063733 ]] 
Episode: 1048: [[0.1996849  0.17885523 0.21710834 0.2098927  0.20636678]] 
Episode: 1049: [[0.19970764 0.17884175 0.21713322 0.20988062 0.20635001]] 
Episode: 1050: [[0.19973725 0.17883082 0.2171608  0.20986228 0.20632608]] 
Episode: 1051: [[0.19976288 0.17882043 0.21718471 0.20984691 0.20630597]] 
Episode: 1052: [[0.19978991 0.1788135  0.21720436 0.20982999 0.20628455]] 
Episode: 1053: [[0.19982988 0.17881404 0.21721806 0.20980291 0.20625275]] 
Episode: 1054: [[0.1998804  0.17881718 0.21723725 0.20976634 0.20621033]] 
Episode: 1055: [[0.19992885 0.17882217 0.21725169 0.2097314  0.20617004]] 
Episode: 1056: [[0.19996546 0.17882581 0.21726117 0.20970555 0.20614028]] 
Episode: 1057: [[0.19998701 0.17883216 0.21725728 0.20969063 0.2061242 ]] 
Episode: 1058: [[0.19999534 0.17883335 0.21725336 0.20968658 0.20611967]] 
Episode: 1059: [[0.19997005 0.17882615 0.2172441  0.2097097  0.20614319]] 
Episode: 1060: [[0.1999521  0.1788185  0.21724017 0.20972717 0.20616016]] 
Episode: 1061: [[0.19991934 0.17880814 0.21722905 0.2097574  0.20619094]] 
Episode: 1062: [[0.19989118 0.1787984  0.2172216  0.20978342 0.20621692]] 
Episode: 1063: [[0.19984248 0.17879114 0.21719857 0.20982437 0.20626117]] 
Episode: 1064: [[0.19980612 0.17878173 0.21718562 0.20985657 0.20629452]] 
Episode: 1065: [[0.19977689 0.17878023 0.21716213 0.20988265 0.20632324]] 
Episode: 1066: [[0.19974141 0.17877764 0.21713802 0.20991322 0.20635682]] 
Episode: 1067: [[0.19970806 0.17877519 0.21711448 0.20994206 0.20638894]] 
Episode: 1068: [[0.19967394 0.17877324 0.21708935 0.20997141 0.20642197]] 
Episode: 1069: [[0.1996392  0.17876902 0.21706818 0.21000141 0.20645504]] 
Episode: 1070: [[0.19960685 0.17876247 0.21705143 0.21003005 0.20648623]] 
Episode: 1071: [[0.1995811  0.17875661 0.21703877 0.21005318 0.20651105]] 
Episode: 1072: [[0.19957034 0.17875221 0.21703361 0.2100646  0.2065221 ]] 
Episode: 1073: [[0.19956462 0.1787562  0.21701764 0.21007048 0.20652999]] 
Episode: 1074: [[0.19955532 0.17876123 0.21699943 0.21007837 0.20654052]] 
Episode: 1075: [[0.19955246 0.17876086 0.21699114 0.21008281 0.20654611]] 
Episode: 1076: [[0.1995664  0.1787582  0.21699673 0.21007508 0.2065362 ]] 
Episode: 1077: [[0.19959033 0.17875125 0.21701105 0.21006131 0.20651905]] 
Episode: 1078: [[0.19962953 0.17874235 0.21703666 0.21003659 0.2064884 ]] 
Episode: 1079: [[0.1996746  0.17873234 0.21706799 0.21000744 0.2064522 ]] 
Episode: 1080: [[0.19972064 0.17871638 0.21710606 0.20997931 0.2064162 ]] 
Episode: 1081: [[0.1997713  0.1787035  0.21714301 0.20994696 0.20637578]] 
Episode: 1082: [[0.19982712 0.1786878  0.21718511 0.2099118  0.2063316 ]] 
Episode: 1083: [[0.19988014 0.17867613 0.2172184  0.20987795 0.20629086]] 
Episode: 1084: [[0.19992593 0.17866613 0.21724454 0.20984942 0.20625679]] 
Episode: 1085: [[0.19996901 0.1786559  0.21727048 0.2098226  0.20622472]] 
Episode: 1086: [[0.20000193 0.17865355 0.21728331 0.2098009  0.2061998 ]] 
Episode: 1087: [[0.20004106 0.17865066 0.21729894 0.20977527 0.20616989]] 
Episode: 1088: [[0.20007955 0.17864722 0.21731617 0.20974983 0.20614007]] 
Episode: 1089: [[0.20011726 0.17864484 0.21733207 0.2097247  0.2061106 ]] 
Episode: 1090: [[0.20015952 0.17864622 0.21734355 0.20969558 0.20607805]] 
Episode: 1091: [[0.20016128 0.1786431  0.21734032 0.20969738 0.20608027]] 
Episode: 1092: [[0.20015821 0.17863949 0.21733649 0.20970245 0.20608617]] 
Episode: 1093: [[0.20014648 0.17862916 0.21733831 0.2097154  0.20609896]] 
Episode: 1094: [[0.20010833 0.17862351 0.21731518 0.2097484  0.20613648]] 
Episode: 1095: [[0.2000705  0.17861415 0.21729764 0.20978181 0.20617366]] 
Episode: 1096: [[0.20002946 0.17855102 0.2173435  0.20983027 0.20621948]] 
Episode: 1097: [[0.2000311  0.17849168 0.21740817 0.20984493 0.20622762]] 
Episode: 1098: [[0.20002097 0.17843807 0.21745825 0.2098675  0.20624606]] 
Episode: 1099: [[0.2000248  0.17839043 0.21750703 0.20987886 0.20625225]] 
Episode: 1100: [[0.20004845 0.17833638 0.2175754  0.20987612 0.2062412 ]] 
Episode: 1101: [[0.20007376 0.17828813 0.21763952 0.20987041 0.20622715]] 
Episode: 1102: [[0.2000886  0.17824782 0.21768652 0.20987129 0.20622239]] 
Episode: 1103: [[0.20007582 0.17821582 0.2177065  0.20989123 0.20624231]] 
Episode: 1104: [[0.20002279 0.17818372 0.21770789 0.20994084 0.20629615]] 
Episode: 1105: [[0.19997951 0.17815542 0.21770963 0.20998213 0.20634128]] 
Episode: 1106: [[0.19994512 0.1781341  0.21770743 0.21001539 0.206378  ]] 
Episode: 1107: [[0.19990955 0.17811586 0.21770215 0.2100487  0.2064147 ]] 
Episode: 1108: [[0.19988543 0.17809685 0.21770509 0.21007356 0.20644064]] 
Episode: 1109: [[0.19987261 0.1780835  0.21770902 0.21008816 0.20645525]] 
Episode: 1110: [[0.19987278 0.17806856 0.21772353 0.21009314 0.20645756]] 
Episode: 1111: [[0.1998776  0.17805213 0.21774162 0.21009503 0.2064563 ]] 
Episode: 1112: [[0.19987516 0.17803362 0.21775727 0.21010315 0.20646216]] 
Episode: 1113: [[0.19988135 0.17800876 0.21778555 0.21010551 0.20646125]] 
Episode: 1114: [[0.1998958  0.17798199 0.21782012 0.21010208 0.20645349]] 
Episode: 1115: [[0.19992293 0.17795768 0.21785825 0.21008863 0.2064344 ]] 
Episode: 1116: [[0.1999672  0.17793523 0.21790315 0.21006203 0.20639995]] 
Episode: 1117: [[0.20002717 0.17791244 0.21795633 0.21002409 0.2063516 ]] 
Episode: 1118: [[0.20011188 0.17789729 0.21801446 0.20996504 0.20628056]] 
Episode: 1119: [[0.20017242 0.17787187 0.21807468 0.20992589 0.20623052]] 
Episode: 1120: [[0.20020853 0.17785178 0.21811897 0.20990266 0.2062002 ]] 
Episode: 1121: [[0.20024121 0.17783864 0.21815091 0.2098807  0.20617351]] 
Episode: 1122: [[0.20025939 0.17782307 0.21817502 0.20987143 0.20616095]] 
Episode: 1123: [[0.20028725 0.17781378 0.21819495 0.20985378 0.20614019]] 
Episode: 1124: [[0.20029268 0.17781068 0.21819673 0.20985143 0.20613807]] 
Episode: 1125: [[0.20028707 0.17780736 0.2181938  0.2098573  0.20614527]] 
Episode: 1126: [[0.20026226 0.17774367 0.21824604 0.20989378 0.20617826]] 
Episode: 1127: [[0.2002399  0.17768498 0.21829554 0.20992666 0.20620777]] 
Episode: 1128: [[0.20020607 0.1776361  0.21831971 0.20996799 0.20624988]] 
Episode: 1129: [[0.20018014 0.17759055 0.2183456  0.21000198 0.20628412]] 
Episode: 1130: [[0.20013823 0.17751318 0.21840326 0.21005483 0.20633471]] 
Episode: 1131: [[0.20010816 0.1774424  0.218461   0.21009684 0.2063733 ]] 
Episode: 1132: [[0.200082   0.17737319 0.21851897 0.21013604 0.20640787]] 
Episode: 1133: [[0.20005584 0.17731106 0.21856992 0.21017322 0.2064411 ]] 
Episode: 1134: [[0.20003352 0.17725518 0.21861619 0.21020576 0.20647004]] 
Episode: 1135: [[0.20001233 0.17721128 0.21865036 0.210234   0.20649625]] 
Episode: 1136: [[0.19998844 0.1771773  0.21867035 0.21026205 0.20652446]] 
Episode: 1137: [[0.19997342 0.1771473  0.21869072 0.21028249 0.2065441 ]] 
Episode: 1138: [[0.19996837 0.1771191  0.218713   0.21029541 0.20655523]] 
Episode: 1139: [[0.19998525 0.17709307 0.21874544 0.21029136 0.20654581]] 
Episode: 1140: [[0.19999287 0.17707029 0.21877052 0.21029304 0.20654374]] 
Episode: 1141: [[0.2000019  0.17704907 0.21879505 0.21029313 0.20654   ]] 
Episode: 1142: [[0.20002687 0.1770266  0.21882895 0.21028163 0.20652242]] 
Episode: 1143: [[0.20005466 0.17699976 0.21886922 0.21026929 0.20650274]] 
Episode: 1144: [[0.20008504 0.1769632  0.21892306 0.21025759 0.20648095]] 
Episode: 1145: [[0.20011865 0.1769311  0.21897393 0.21024202 0.20645575]] 
Episode: 1146: [[0.20014708 0.1768992  0.219023   0.21022943 0.20643501]] 
Episode: 1147: [[0.20017332 0.17687866 0.21905267 0.21021712 0.20641737]] 
Episode: 1148: [[0.20021334 0.1768599  0.21908368 0.21019565 0.20638862]] 
Episode: 1149: [[0.20025203 0.17684588 0.21911056 0.2101736  0.20635949]] 
Episode: 1150: [[0.20026323 0.17682703 0.21913004 0.21017343 0.20635433]] 
Episode: 1151: [[0.2002595  0.17680979 0.21913458 0.21018541 0.20636481]] 
Episode: 1152: [[0.20019785 0.17679359 0.21910672 0.2102412  0.20642689]] 
Episode: 1153: [[0.20013092 0.17678256 0.2190717  0.21029913 0.20649257]] 
Episode: 1154: [[0.20006405 0.1767712  0.21903767 0.21035689 0.20655803]] 
Episode: 1155: [[0.20000233 0.17676055 0.21900693 0.21041012 0.20661822]] 
Episode: 1156: [[0.1999662  0.17675099 0.21898805 0.21044366 0.20665574]] 
Episode: 1157: [[0.19993928 0.17674348 0.21897206 0.21046929 0.20668495]] 
Episode: 1158: [[0.19991878 0.17673069 0.21896765 0.21049087 0.20670784]] 
Episode: 1159: [[0.19991611 0.17672126 0.2189679  0.21049818 0.20671502]] 
Episode: 1160: [[0.19992162 0.17671344 0.21897009 0.21049885 0.20671512]] 
Episode: 1161: [[0.19993074 0.17668909 0.21899746 0.21049945 0.20671172]] 
Episode: 1162: [[0.19996087 0.1766706  0.21902569 0.2104832  0.20669092]] 
Episode: 1163: [[0.19999914 0.17665017 0.2190601  0.21046142 0.20666307]] 
Episode: 1164: [[0.20003255 0.17663057 0.21909223 0.2104429  0.20663881]] 
Episode: 1165: [[0.20006475 0.17661583 0.21911722 0.2104243  0.20661566]] 
Episode: 1166: [[0.20009492 0.17660512 0.21913594 0.2104067  0.20659399]] 
Episode: 1167: [[0.20011151 0.17656513 0.21918823 0.21040517 0.20658349]] 
Episode: 1168: [[0.20011832 0.17652887 0.21923336 0.21040933 0.20658047]] 
Episode: 1169: [[0.20013915 0.17649554 0.21928044 0.21040258 0.20656563]] 
Episode: 1170: [[0.2001656  0.17646746 0.2193235  0.21039023 0.20654593]] 
Episode: 1171: [[0.20019971 0.17644347 0.21936579 0.21037099 0.2065191 ]] 
Episode: 1172: [[0.20024031 0.17643109 0.21939349 0.21034503 0.2064877 ]] 
Episode: 1173: [[0.20029643 0.17642348 0.21942249 0.21030632 0.20644268]] 
Episode: 1174: [[0.20032817 0.17641261 0.21943013 0.21029048 0.20642544]] 
Episode: 1175: [[0.20035392 0.17639948 0.21944086 0.21027899 0.2064119 ]] 
Episode: 1176: [[0.2003688  0.17639107 0.21943948 0.21027477 0.20640822]] 
Episode: 1177: [[0.20038179 0.176378   0.21944654 0.21027231 0.20640452]] 
Episode: 1178: [[0.20037264 0.17636955 0.21943888 0.21028511 0.2064191 ]] 
Episode: 1179: [[0.20037095 0.17635888 0.21943854 0.21029256 0.20642674]] 
Episode: 1180: [[0.20035426 0.17633201 0.2194574  0.21031365 0.20644489]] 
Episode: 1181: [[0.20034528 0.17629448 0.21950002 0.2103296  0.20645332]] 
Episode: 1182: [[0.20033933 0.176258   0.21954289 0.2103431  0.20645896]] 
Episode: 1183: [[0.2003629  0.17622134 0.21959983 0.21033403 0.2064391 ]] 
Episode: 1184: [[0.20038126 0.17618746 0.21965091 0.2103283  0.20642364]] 
Episode: 1185: [[0.20038393 0.17615454 0.21969444 0.210334   0.20642124]] 
Episode: 1186: [[0.20038998 0.17612714 0.21973334 0.21033551 0.2064156 ]] 
Episode: 1187: [[0.20040305 0.1761029  0.21977033 0.21033104 0.20640457]] 
Episode: 1188: [[0.20040977 0.17608756 0.21978818 0.21033119 0.20640084]] 
Episode: 1189: [[0.20040512 0.17607592 0.21979506 0.21033943 0.20640731]] 
Episode: 1190: [[0.20039909 0.1760667  0.21979819 0.21034814 0.206415  ]] 
Episode: 1191: [[0.20036438 0.17603672 0.21981265 0.21038328 0.20644887]] 
Episode: 1192: [[0.20034355 0.17601551 0.21982105 0.21040654 0.20647109]] 
Episode: 1193: [[0.20030968 0.17600016 0.21981427 0.21043888 0.20650524]] 
Episode: 1194: [[0.20027912 0.17598638 0.21980758 0.21046814 0.20653631]] 
Episode: 1195: [[0.20023969 0.17597683 0.2197848  0.21050507 0.206578  ]] 
Episode: 1196: [[0.20025177 0.17598577 0.21976368 0.21049687 0.20657544]] 
Episode: 1197: [[0.20026995 0.17599563 0.2197473  0.21048276 0.20656635]] 
Episode: 1198: [[0.20029053 0.17600515 0.21973485 0.21046597 0.20655431]] 
Episode: 1199: [[0.2003166  0.17600425 0.21975246 0.21044624 0.20652896]] 
Episode: 1200: [[0.20034595 0.17600723 0.2197667  0.21042271 0.20650102]] 
