260981.984375 406856.937500 344914.031250 643068.875000 533937.250000 226019.578125 193291.468750 566028.625000 119656.726562 586301.187500 
310587.343750 562862.250000 477515.750000 488613.031250 777951.000000 1364204.000000 1034439.500000 832637.437500 409062.593750 2848646.250000 
257923.406250 700921.312500 690657.875000 1584248.750000 2051485.500000 3612936.000000 1769438.375000 1091815.250000 561786.000000 1702265.875000 
244203.031250 388115.625000 705941.687500 996590.812500 4193325.500000 1364844.250000 260160.484375 197387.343750 159972.859375 71487.875000 
269599.843750 404771.125000 568832.375000 610762.687500 874061.312500 780963.125000 518074.843750 191526.718750 75601.570312 245331.062500 
199377.187500 550983.062500 782929.750000 519640.781250 1797195.500000 3119253.250000 461355.687500 472966.906250 110302.781250 358820.312500 
274817.843750 351477.968750 160211.734375 345144.718750 435310.093750 243851.875000 107894.445312 63786.527344 58038.804688 16417.998047 
242768.218750 583354.312500 351220.218750 562514.125000 818188.062500 2510537.250000 1538599.750000 858853.437500 151545.265625 600460.562500 
257601.140625 606368.687500 795071.562500 2283051.750000 4048535.000000 6959236.000000 1909931.750000 819284.625000 234168.125000 229949.109375 
205698.703125 729196.625000 1060427.500000 4219420.500000 8701441.000000 11077781.000000 9842495.000000 5556898.000000 2282876.500000 7910291.000000 
210638.703125 419040.968750 599759.312500 375019.593750 834085.750000 1735675.625000 1031114.187500 892301.062500 243982.687500 123010.812500 
254536.812500 746809.375000 1226970.500000 997507.875000 1801273.000000 1747132.125000 2393131.500000 1622469.875000 3834719.750000 2205473.000000 
178631.218750 259165.359375 540499.125000 677656.062500 3963130.750000 7391228.500000 6926261.000000 794609.812500 80848.953125 305534.312500 
171473.046875 156593.625000 229727.125000 352003.218750 574930.687500 1093239.500000 669855.437500 291554.843750 120384.726562 112027.546875 
239747.109375 570577.125000 1181845.250000 2776346.000000 10533475.000000 6551551.500000 2082161.250000 480471.500000 436372.250000 748299.125000 
177402.531250 219912.718750 371034.906250 318295.281250 279674.750000 315430.812500 392412.000000 71985.242188 72142.765625 247045.312500 
186735.421875 430440.500000 167206.593750 151822.031250 225470.703125 275224.156250 91242.750000 83183.835938 29320.412109 174989.687500 
269171.093750 1289149.250000 2156471.750000 3066757.750000 3305650.000000 4739488.500000 1929966.375000 3527466.750000 465242.562500 3177370.750000 
207194.359375 304906.656250 636576.375000 936580.812500 1048920.000000 829954.000000 524424.562500 252732.093750 205937.062500 558571.687500 
181826.015625 426879.593750 532123.937500 287841.468750 1015444.937500 127970.757812 112037.007812 99135.023438 37917.425781 175797.937500 
