49360.851562 8506.537109 5074.083984 4602.308594 45510.667969 
52572.648438 7975.454102 5060.121094 3384.454346 32053.123047 
49668.199219 8281.279297 6614.925293 4613.098145 33850.710938 
57741.648438 10761.800781 7828.103516 5565.872559 41337.925781 
53622.320312 8041.919434 5320.548828 3896.608643 24117.650391 
53761.839844 7613.080566 5465.886230 4060.417969 18505.111328 
52114.886719 9336.942383 5871.311035 4204.295410 30232.701172 
49595.140625 8143.199219 6122.041504 4307.948730 20757.507812 
54211.628906 7473.752441 4862.201172 3240.788330 30484.826172 
56510.667969 7882.708984 5618.458008 3956.630371 42734.066406 
53078.347656 8913.880859 6584.165039 3826.327393 20793.810547 
67388.437500 9892.744141 6142.587891 4180.554199 38810.273438 
55502.734375 8756.448242 5000.217773 3377.442871 28328.398438 
56813.875000 9362.250000 6832.109863 4704.680664 31967.275391 
59324.921875 12437.480469 8039.715332 4181.273438 42167.296875 
50863.441406 7906.839355 5371.454590 4010.928223 22071.451172 
68946.281250 10176.446289 5377.634766 4638.909668 49985.078125 
51349.332031 10731.012695 7689.631348 5114.022949 32255.564453 
58387.050781 8437.843750 5550.157715 4283.168945 40643.613281 
54516.554688 8059.977051 5636.703125 3059.595947 34115.566406 
