4.617463 
2.941336 
3.128518 
5.509513 
19.032652 
3.749506 
3.673267 
4.675773 
2.172373 
4.885520 
2.034122 
3.608262 
10.858469 
3.325458 
3.102529 
3.371598 
2.948158 
1.482684 
11.972781 
2.814367 
10.024302 
3.308620 
3.482785 
2.946071 
3.559571 
7.023594 
4.458046 
3.693402 
5.340408 
3.275419 
2.721532 
2.823972 
2.366504 
120.127029 
4.456673 
3.044480 
5.074108 
2.813548 
25.315485 
2.239321 
4.534850 
3.310568 
2.665098 
2.152320 
4.337030 
3.653796 
3.722718 
3.236698 
2.018764 
2.108483 
26.444937 
5.952946 
5.511469 
2.724881 
4.649208 
2.516180 
1.822450 
3.135980 
6.333720 
21.429249 
7.454494 
5.789044 
3.351627 
2.763496 
9.457168 
2.298284 
3.864786 
5.485858 
3.065570 
2.972058 
5.329622 
1.994521 
4.257372 
14.589334 
28.145683 
3.595800 
4.271078 
3.697597 
10.939474 
4.363512 
2.865162 
3.518589 
20.062870 
3.135688 
8.619733 
10.408010 
3.145924 
6.449529 
3.939943 
3.665573 
15.897739 
3.552748 
2.877944 
4.924991 
3.028268 
7.053057 
3.498741 
2.577885 
3.174701 
4.489105 
2.719538 
1.962809 
10.986462 
2.808709 
3.635395 
5.675746 
3.458318 
3.204952 
2.594785 
6.873696 
41.502575 
2.881850 
6.925000 
3.006759 
4.018605 
105.708954 
4.717111 
3.284058 
2.116270 
3.128340 
4.283303 
4.536196 
1.970381 
15.571445 
20.039000 
2.220814 
14.679298 
4.158239 
3.183745 
5.025306 
8.331989 
2.102213 
3.734345 
3.767664 
2.549027 
6.071603 
3.816200 
2.563749 
7.475311 
2.516832 
3.617387 
20.094633 
3.505504 
2.607062 
4.814054 
7.977201 
5.017884 
2.420421 
2.564248 
5.647624 
6.402526 
2.576699 
2.010116 
3.477567 
3.639613 
6.783678 
3.319031 
4.567520 
3.066347 
2.712032 
2.896736 
7.022042 
4.856633 
5.577888 
6.430102 
3.441876 
30.327139 
2.726132 
5.133510 
2.124234 
4.685788 
5.693683 
3.201885 
3.771689 
2.330601 
3.869962 
5.450160 
2.021851 
2.683205 
1.837269 
28.055515 
3.128351 
3.385968 
11.530026 
2.673036 
3.243053 
9.718739 
2.265929 
3.122629 
5.229451 
2.587363 
4.449825 
10.315849 
2.982507 
10.679243 
2.019153 
3.107164 
2.382932 
2.725442 
3.820665 
2.342741 
2.916159 
6.924964 
2.842357 
3.101175 
19.700783 
2.404494 
6.174126 
3.763279 
3.874833 
2.542732 
3.056814 
6.575370 
2.447251 
2.186441 
17.515450 
3.384467 
2.412198 
3.374914 
3.346217 
3.084081 
9.751369 
12.701184 
57.674606 
5.109178 
3.370888 
3.605955 
3.065889 
2.376150 
3.024268 
28.999939 
13.501460 
5.879881 
5.569751 
4.710863 
5.145009 
10.355120 
2.099589 
4.484802 
4.520163 
5.308511 
2.951468 
3.887180 
13.875164 
5.703551 
3.665889 
41.360950 
3.897424 
13.871455 
4.962785 
3.626740 
2.490758 
24.545771 
3.516882 
5.979771 
7.275271 
4.476188 
4.241823 
3.021147 
10.072888 
6.067245 
3.998987 
3.432449 
6.700134 
3.878376 
3.595068 
6.058888 
2.533855 
2.408504 
4.411568 
3.352444 
2.585926 
17.064943 
4.018435 
5.691759 
5.001513 
3.658060 
1.961935 
16.047564 
3.839840 
2.607239 
2.587360 
5.188697 
5.623694 
2.151146 
2.926260 
2.310921 
5.377062 
2.013093 
2.226985 
6.456704 
5.165651 
5.863798 
3.516161 
7.463267 
19.921864 
3.026116 
3.772962 
4.097178 
2.000529 
2.663693 
2.901189 
3.722265 
2.853127 
6.817540 
4.898717 
2.443903 
2.700232 
2.207122 
3.316460 
3.476067 
7.407674 
2.614774 
2.656931 
7.095254 
2.942104 
2.254758 
3.413558 
5.593957 
10.303790 
2.513609 
10.895198 
2.619734 
2.783687 
3.603598 
30.704958 
4.439854 
4.347725 
2.291391 
2.772775 
3.299891 
15.548507 
1.888254 
2.764785 
14.438033 
9.918836 
2.155051 
3.648776 
3.040348 
9.125566 
46.706589 
18.697565 
2.816238 
3.326060 
1.785619 
5.260571 
15.901245 
6.524055 
3.033978 
3.619086 
3.203699 
2.794791 
4.053555 
1.790818 
2.785067 
2.804230 
3.639519 
3.627387 
3.959089 
5.624698 
3.276298 
3.553150 
3.839663 
2.750711 
2.937279 
2.325409 
6.001473 
3.368088 
2.050598 
2.721915 
3.788715 
3.650482 
3.366088 
3.111925 
4.116961 
2.840818 
1.402458 
4.056236 
6.274739 
4.871727 
3.692063 
1.756816 
3.169924 
2.585206 
2.381241 
2.507965 
3.311993 
21.168041 
2.445777 
4.562891 
2.387040 
4.064503 
2.338668 
3.812500 
3.689895 
34.174873 
3.600927 
3.607822 
5.219822 
3.010459 
1.930800 
3.282015 
3.662709 
4.891025 
3.142830 
2.497894 
3.032651 
2.581030 
2.907009 
2.980023 
4.894325 
3.218095 
3.370898 
11.949329 
6.300642 
8.460027 
3.747765 
2.946523 
5.096903 
18.965343 
15.140824 
3.644011 
2.424262 
2.182891 
2.473461 
4.037785 
4.772723 
2.722100 
16.863220 
2.813623 
7.905900 
3.307555 
3.480964 
12.428812 
2.753162 
2.200436 
8.771333 
8.631308 
9.141941 
2.019515 
18.365072 
22.724138 
2.405743 
3.479342 
3.984444 
2.856710 
2.674558 
38.059174 
6.575313 
2.653831 
2.600676 
4.187848 
27.516993 
3.334133 
2.225323 
52.853024 
5.159321 
6.307854 
3.787529 
1.746022 
15.193359 
2.032589 
3.824206 
2.253163 
3.521190 
4.149726 
2.713014 
2.844322 
3.666816 
18.600437 
3.766545 
3.798568 
3.339026 
4.213293 
9.307913 
3.997507 
3.863427 
2.919626 
3.781977 
6.508600 
4.891596 
4.531306 
2.769841 
8.595749 
3.415060 
2.233958 
13.254103 
3.001067 
4.092135 
2.895644 
4.798253 
3.640545 
29.373569 
9.567657 
6.200289 
2.026368 
3.847654 
2.818106 
3.707647 
2.406688 
2.123751 
2.570927 
7.295480 
28.884565 
3.870289 
2.682000 
10.094159 
2.732191 
10.136914 
16.244177 
2.561927 
2.403291 
4.017654 
3.557689 
21.555229 
2.478293 
2.249149 
4.181845 
3.560458 
7.239827 
3.351199 
3.956339 
3.062438 
3.348350 
2.926958 
3.159738 
4.402301 
3.101732 
3.711332 
3.418573 
3.762404 
3.092711 
3.188852 
24.508512 
3.101147 
2.404754 
53.793350 
19.957037 
6.869950 
2.064246 
3.423163 
3.855231 
33.116425 
2.598332 
1.985221 
2.359220 
7.465703 
4.880301 
6.898058 
5.640551 
2.455269 
2.424677 
5.973010 
4.846670 
3.383960 
5.717320 
2.992029 
7.733816 
3.950128 
2.608896 
24.634163 
2.959595 
3.744738 
3.020959 
5.712863 
26.676125 
2.179880 
4.721197 
2.450565 
2.807393 
3.609714 
5.534928 
3.695006 
3.263625 
1.335982 
3.859326 
21.946848 
177.621231 
63.051926 
10.324491 
2.726887 
4.459014 
5.770684 
5.381195 
4.805826 
6.600620 
2.966805 
17.586016 
3.207588 
4.971468 
8.362395 
9.622777 
2.539961 
2.469297 
4.725007 
4.771225 
4.884874 
8.655976 
4.047355 
5.509068 
7.133839 
1.892957 
6.071906 
3.383614 
2.794284 
2.960301 
5.080245 
4.894843 
3.666473 
3.562926 
3.852373 
49.477859 
3.097907 
2.039304 
2.787374 
3.323649 
7.879128 
1.990901 
2.536288 
9.660583 
2.115719 
2.729408 
4.700548 
5.555513 
2.934733 
6.906108 
3.458737 
5.206649 
2.473686 
3.217938 
6.389451 
3.347451 
3.132782 
3.873688 
2.999749 
2.012894 
3.751334 
14.384800 
7.063947 
3.216807 
3.605472 
2.360417 
4.705863 
3.786113 
4.122334 
5.535141 
3.031387 
3.150282 
3.332632 
7.171044 
35.122055 
3.147910 
18.259109 
3.240693 
2.871716 
7.954216 
6.580987 
3.192665 
2.275972 
16.033323 
3.160232 
6.701486 
3.732907 
3.801695 
2.460871 
4.337210 
17.836712 
4.341403 
22.166016 
4.296097 
3.908721 
4.979403 
3.721453 
8.450332 
3.603099 
4.239263 
4.762712 
3.741856 
2.604784 
17.961756 
2.691329 
3.695736 
5.107041 
7.876744 
36.918602 
5.056426 
4.654068 
17.658489 
3.172005 
1.866987 
6.434740 
3.319938 
3.039583 
2.612680 
7.060351 
2.824190 
3.384300 
2.393735 
5.973981 
25.742010 
4.897858 
18.838221 
5.523871 
13.107501 
12.944427 
25.069103 
3.663672 
4.745907 
3.669254 
3.714861 
5.170809 
5.285136 
2.191902 
3.268229 
2.697158 
3.143814 
7.717743 
3.149253 
3.585212 
3.466786 
3.451506 
2.563106 
2.896148 
3.793825 
5.354035 
3.932111 
5.056836 
3.056336 
4.826567 
3.282845 
11.310769 
3.744676 
18.570614 
3.679837 
5.138948 
54.196709 
2.896920 
3.132269 
34.631580 
5.330403 
2.388195 
2.086697 
1.644756 
2.246315 
9.593212 
10.323402 
2.802062 
2.979606 
19.061825 
2.353009 
64.887413 
2.063880 
3.554204 
5.616835 
3.154584 
5.633211 
2.553608 
1.905263 
4.214575 
2.031056 
3.419010 
5.080554 
18.970219 
18.555540 
4.932491 
3.089880 
6.311432 
2.914463 
20.098137 
3.809851 
2.078588 
3.438621 
3.893949 
3.638259 
3.229937 
9.122259 
2.179894 
21.195906 
3.385201 
3.991560 
5.687258 
2.604524 
2.274124 
3.508120 
18.969866 
3.640548 
2.888487 
2.882360 
4.454527 
3.431499 
5.539222 
1.987987 
2.422776 
3.415601 
1.771957 
3.181891 
18.924702 
6.007821 
37.732128 
3.247852 
4.024298 
5.340047 
2.895562 
5.111314 
2.544884 
5.589121 
7.499109 
13.691477 
4.180821 
5.018692 
8.347313 
20.563740 
5.048917 
3.805501 
2.524776 
2.613899 
8.419396 
6.680353 
2.910305 
4.038275 
6.253941 
4.434741 
5.912349 
6.663260 
6.943003 
2.298281 
2.176368 
7.686896 
3.284414 
1.866445 
14.971417 
5.460491 
38.039001 
3.808114 
3.104174 
3.697270 
8.637788 
2.194582 
3.299058 
2.870794 
3.686037 
6.388925 
4.676440 
1.922858 
27.825317 
2.528636 
2.262809 
3.746932 
2.100839 
1.594884 
3.710404 
19.051973 
5.505827 
3.207997 
57.554684 
10.525831 
4.251731 
2.488459 
3.789908 
2.374417 
5.111555 
4.055686 
11.646105 
19.634455 
4.660368 
3.810147 
33.712658 
2.684955 
4.760928 
4.272344 
2.816983 
4.923839 
16.365795 
6.426946 
15.034001 
3.615107 
5.105449 
16.217440 
53.271263 
5.072370 
2.748243 
3.072671 
13.032034 
2.752290 
2.702932 
3.592396 
2.346248 
3.105649 
2.693075 
5.077766 
4.912711 
6.939540 
3.418688 
18.541071 
4.126876 
3.203254 
2.451684 
5.806532 
2.865427 
14.859942 
7.031299 
3.986764 
2.352959 
2.240299 
3.018100 
2.819952 
5.686469 
1.989072 
2.857888 
11.244659 
2.604271 
6.364006 
3.552905 
3.460852 
11.038745 
5.952305 
3.381665 
6.761919 
3.357581 
2.478738 
3.672052 
3.390102 
3.178221 
4.526454 
3.163694 
3.414932 
2.973214 
2.571949 
4.203179 
2.759815 
5.314122 
4.369660 
4.894153 
3.992618 
19.488798 
4.083807 
7.686823 
2.573255 
10.761840 
3.301627 
4.540820 
24.507435 
2.988620 
3.595570 
3.107453 
2.459506 
2.772286 
5.383713 
3.500606 
3.323144 
4.094052 
3.408007 
1.913509 
3.289723 
11.628461 
5.501210 
7.432955 
24.349859 
2.931365 
14.923358 
3.697688 
2.509768 
3.529020 
4.516607 
22.815279 
2.016521 
16.107201 
26.007654 
2.676328 
2.664205 
2.239371 
3.131750 
20.833075 
3.936259 
3.661358 
7.408611 
3.731854 
5.253821 
9.182066 
5.440473 
3.538332 
21.168232 
31.290535 
2.806676 
3.130513 
2.866917 
2.460305 
6.752891 
4.566618 
3.928332 
4.056070 
2.435239 
15.752009 
2.529931 
2.593648 
4.533327 
2.864376 
4.116282 
16.547636 
6.398468 
2.453705 
3.128604 
3.208225 
7.465577 
2.871798 
3.317514 
3.861689 
2.981862 
15.838994 
6.393042 
20.530615 
2.953079 
3.210350 
2.062266 
2.276959 
3.565464 
2.954898 
5.625479 
4.976107 
7.132688 
4.923952 
3.543118 
2.515427 
5.874344 
1.962593 
1.864998 
2.264995 
3.535070 
3.545972 
4.292474 
76.248993 
3.289056 
5.801764 
2.992552 
4.182182 
3.039531 
2.309103 
2.380880 
2.763691 
5.003290 
4.840173 
4.274592 
3.538989 
3.696600 
2.217101 
3.451399 
2.349580 
2.673154 
52.908356 
3.887272 
6.138007 
3.398359 
4.447094 
2.764652 
4.184837 
4.475163 
3.762348 
5.636110 
1.707435 
3.119023 
4.486973 
1.868279 
3.264380 
20.646303 
3.800324 
6.418792 
4.868709 
2.083414 
5.236167 
7.973046 
5.496144 
2.869625 
6.614437 
6.526567 
3.803092 
12.826478 
4.667033 
2.877796 
4.331301 
2.772291 
3.411515 
18.667484 
3.578530 
4.785318 
3.271029 
2.698228 
3.783562 
19.969799 
6.089528 
2.055531 
4.874644 
2.907073 
4.412235 
3.302858 
3.618445 
2.296467 
7.888971 
2.793919 
4.637368 
2.451876 
10.282330 
12.665977 
2.596676 
18.283863 
3.677567 
3.341879 
2.601426 
2.857972 
3.782898 
2.803987 
3.689797 
8.493829 
2.482222 
3.604127 
5.293649 
3.345403 
6.303149 
6.175230 
31.902876 
3.393290 
2.182448 
27.594311 
3.662827 
6.566834 
3.217758 
4.614613 
2.043629 
4.500986 
3.411551 
2.823199 
2.925060 
2.560150 
9.240042 
3.903485 
4.076206 
2.373994 
3.060794 
4.739800 
4.666858 
5.073892 
4.701663 
2.700866 
3.478614 
3.306260 
34.995255 
3.842428 
9.010694 
20.071623 
4.970631 
13.443805 
18.275877 
4.145686 
2.115104 
3.109918 
9.781620 
4.430398 
3.290322 
3.745110 
1.894028 
6.816200 
25.204067 
2.956071 
4.306808 
8.996862 
8.854012 
81.790848 
5.946702 
2.403399 
3.093982 
3.113921 
2.819592 
5.373917 
3.591877 
1.932604 
3.963086 
2.398396 
2.555849 
3.019721 
3.067125 
3.956209 
3.277091 
2.139539 
5.059477 
3.544994 
5.496797 
2.570269 
3.483242 
4.849622 
2.712659 
4.097484 
3.619040 
2.607431 
4.063462 
3.107914 
8.268542 
5.862266 
3.547591 
3.924205 
3.747365 
4.756797 
