Episode: 1: [[0.001 0.    0.    0.    0.    0.    0.    0.    0.    0.   ]
 [0.001 0.    0.    0.    0.    0.    0.    0.    0.    0.   ]
 [0.001 0.    0.    0.    0.    0.    0.    0.    0.    0.   ]
 [0.001 0.    0.    0.    0.    0.    0.    0.    0.    0.   ]
 [0.001 0.    0.    0.    0.    0.    0.    0.    0.    0.   ]] 
Episode: 2: [[ 0.0015  0.0005 -0.0005 -0.0005  0.0005  0.     -0.0005  0.     -0.0005
   0.0005]
 [ 0.0015  0.0005 -0.0005 -0.0005  0.0005  0.     -0.0005  0.     -0.0005
   0.0005]
 [ 0.0015  0.0005 -0.0005 -0.0005  0.0005  0.     -0.0005  0.     -0.0005
   0.0005]
 [ 0.0015  0.0005 -0.0005 -0.0005  0.0005  0.     -0.0005  0.     -0.0005
   0.0005]
 [ 0.0015  0.0005 -0.0005  0.0005  0.0005  0.     -0.0005  0.     -0.0005
   0.0005]] 
Episode: 3: [[ 0.00147368  0.00053616 -0.00017818 -0.00096233  0.00083095  0.
  -0.001       0.         -0.00047368  0.001     ]
 [ 0.00147368  0.00065398 -0.00029601 -0.00094482  0.00087281  0.
  -0.0007708   0.         -0.00047368  0.001     ]
 [ 0.00147368  0.00095098 -0.00047368 -0.001       0.001       0.
  -0.00047368  0.         -0.00047368  0.001     ]
 [ 0.00147368  0.00047368 -0.00047368 -0.001       0.001       0.
  -0.00047368  0.         -0.00047368  0.001     ]
 [ 0.002       0.00047368 -0.00047368  0.00095042  0.001       0.
  -0.00047368  0.         -0.00047368  0.001     ]] 
Episode: 4: [[ 0.00127258  0.00034924  0.00011941 -0.00141617  0.00106263  0.
  -0.001131    0.         -0.00027258  0.0015    ]
 [ 0.00127258  0.00057971 -0.00013914 -0.00139541  0.00105713  0.
  -0.00069523  0.         -0.00027258  0.0015    ]
 [ 0.00127258  0.00131115 -0.00064158 -0.0015      0.001131    0.
  -0.00027258  0.         -0.00027258  0.0015    ]
 [ 0.00164158  0.0005465  -0.00064158 -0.0015      0.001131    0.
  -0.00064158  0.         -0.00064158  0.00148267]
 [ 0.0025      0.00063652 -0.00064158  0.00139054  0.001131    0.
  -0.00064158  0.         -0.00064158  0.001131  ]] 
Episode: 5: [[ 1.2753396e-03  1.6180452e-04  3.2442741e-04 -1.8430011e-03
   1.1192767e-03  0.0000000e+00 -1.0785101e-03  0.0000000e+00
   1.5442709e-05  1.7092177e-03]
 [ 1.1753424e-03  5.1663077e-04 -1.6857471e-04 -1.8092000e-03
   9.6583995e-04  0.0000000e+00 -4.7745815e-04  0.0000000e+00
   1.5442709e-05  1.9999999e-03]
 [ 9.8455744e-04  1.5719221e-03 -8.9526898e-04 -1.9997810e-03
   1.0785101e-03  0.0000000e+00  1.5442709e-05  0.0000000e+00
   1.5442709e-05  1.9999999e-03]
 [ 1.9060472e-03  4.3284099e-04 -9.0604718e-04 -1.9999999e-03
   1.0785101e-03  0.0000000e+00 -6.1526499e-04  0.0000000e+00
  -6.1526499e-04  1.9724760e-03]
 [ 3.0000003e-03  6.0483720e-04 -9.0604718e-04  1.8529214e-03
   1.0785101e-03  0.0000000e+00 -6.1526499e-04  0.0000000e+00
  -6.1526499e-04  1.3692923e-03]] 
Episode: 6: [[ 0.00139952  0.000177    0.00045401 -0.00227677  0.00118362  0.
  -0.00116094  0.          0.00011103  0.00174525]
 [ 0.00123779  0.00064031 -0.00022756 -0.00222747  0.00089268  0.
  -0.00022814  0.          0.00011103  0.00225581]
 [ 0.00088897  0.00191882 -0.00112244 -0.00249967  0.00096351  0.
   0.00035523  0.          0.00011103  0.00225581]
 [ 0.00222803  0.00043001 -0.00110076 -0.00248241  0.00091674  0.
  -0.00047328  0.         -0.00071747  0.00220588]
 [ 0.0035      0.00061589 -0.00107642  0.0023294   0.00091674  0.
  -0.00047328  0.         -0.00071747  0.0014273 ]] 
Episode: 7: [[ 1.6039162e-03  2.4637848e-04  3.4171314e-04 -2.6563993e-03
   1.2729550e-03  0.0000000e+00 -1.3324840e-03  0.0000000e+00
   7.9511461e-05  1.6668795e-03]
 [ 1.4012778e-03  8.6540513e-04 -4.5111997e-04 -2.6675197e-03
   9.5661293e-04  0.0000000e+00 -1.6706302e-04  0.0000000e+00
   7.9511461e-05  2.3503071e-03]
 [ 9.2048867e-04  2.3127773e-03 -1.4161363e-03 -2.9996368e-03
   9.8780647e-04  0.0000000e+00  5.1578402e-04  0.0000000e+00
   7.9511461e-05  2.3503071e-03]
 [ 2.5880043e-03  5.5038003e-04 -1.3673910e-03 -2.8417937e-03
   6.8279117e-04  0.0000000e+00 -4.6830447e-04  0.0000000e+00
  -9.0457703e-04  2.2748101e-03]
 [ 4.0000002e-03  7.4131496e-04 -1.3235011e-03  2.8151814e-03
   6.8279117e-04  0.0000000e+00 -4.6830447e-04  0.0000000e+00
  -9.0457703e-04  1.3662187e-03]] 
Episode: 8: [[ 1.6732900e-03  4.3835293e-04  3.4887803e-04 -3.0280242e-03
   1.4267456e-03  0.0000000e+00 -1.5669881e-03  0.0000000e+00
  -4.1807616e-05  1.5076923e-03]
 [ 1.4296431e-03  1.1569897e-03 -4.9131864e-04 -3.1257647e-03
   1.1366591e-03  0.0000000e+00 -2.2973331e-04  0.0000000e+00
  -4.1807616e-05  2.3308545e-03]
 [ 8.5012789e-04  2.4888562e-03 -1.5437016e-03 -3.4996499e-03
   1.1082832e-03  0.0000000e+00  5.4972566e-04  0.0000000e+00
  -4.1807616e-05  2.3308545e-03]
 [ 2.7831392e-03  5.3791411e-04 -1.4768617e-03 -3.2337082e-03
   5.8952271e-04  0.0000000e+00 -3.6844416e-04  0.0000000e+00
  -9.5997739e-04  2.4303787e-03]
 [ 4.3083201e-03  7.3774840e-04 -1.4184769e-03  3.0859918e-03
   4.5039001e-04  0.0000000e+00 -3.6844416e-04  0.0000000e+00
  -9.5997739e-04  1.4126848e-03]] 
Episode: 9: [[ 1.8182743e-03  5.6345557e-04  2.8812425e-04 -3.3453614e-03
   1.5198964e-03  0.0000000e+00 -1.6725261e-03  0.0000000e+00
  -5.4033935e-05  1.4182698e-03]
 [ 1.3599693e-03  1.4140006e-03 -4.5646328e-04 -3.5458726e-03
   1.1888612e-03  0.0000000e+00 -1.8105344e-04  0.0000000e+00
  -5.4033935e-05  2.4026087e-03]
 [ 7.0432998e-04  2.5192392e-03 -1.5880667e-03 -3.9870464e-03
   1.1150204e-03  0.0000000e+00  6.6549896e-04  0.0000000e+00
  -5.4033935e-05  2.4026087e-03]
 [ 2.8562206e-03  4.3079531e-04 -1.4812300e-03 -3.6488075e-03
   4.2483932e-04  0.0000000e+00 -1.9832634e-04  0.0000000e+00
  -9.1785920e-04  2.6492055e-03]
 [ 4.4747135e-03  6.4098212e-04 -1.4031339e-03  3.4031742e-03
   1.6726670e-04  0.0000000e+00 -1.9832634e-04  0.0000000e+00
  -9.1785920e-04  1.5387835e-03]] 
Episode: 10: [[ 2.0212128e-03  7.0445653e-04  1.4053984e-04 -3.7146788e-03
   1.4571828e-03  0.0000000e+00 -1.8424578e-03  0.0000000e+00
  -1.4588644e-04  1.2587223e-03]
 [ 1.3878187e-03  1.7238491e-03 -5.5543322e-04 -3.9915978e-03
   1.1240835e-03  0.0000000e+00 -2.3185727e-04  0.0000000e+00
  -1.4588644e-04  2.3810274e-03]
 [ 6.6395476e-04  2.6423545e-03 -1.7159571e-03 -4.4683963e-03
   1.0356378e-03  0.0000000e+00  8.4399502e-04  0.0000000e+00
  -1.4588644e-04  2.3810274e-03]
 [ 2.9989940e-03  4.3134540e-04 -1.5721541e-03 -3.9242771e-03
   2.0541744e-04  0.0000000e+00  2.5642839e-05  0.0000000e+00
  -9.6423860e-04  2.7469478e-03]
 [ 4.6955659e-03  6.4722367e-04 -1.4762299e-03  3.7555983e-03
  -1.5408137e-04  0.0000000e+00  2.5642839e-05  0.0000000e+00
  -9.6423860e-04  1.5626753e-03]] 
Episode: 11: [[ 2.1162264e-03  7.5196207e-04  9.8869124e-05 -4.0439158e-03
   1.5138155e-03  0.0000000e+00 -2.0630662e-03  0.0000000e+00
  -1.4686947e-04  1.2039852e-03]
 [ 1.3310232e-03  1.8846487e-03 -5.6087342e-04 -4.3932544e-03
   1.1678872e-03  0.0000000e+00 -3.5884362e-04  0.0000000e+00
  -1.4686947e-04  2.4395266e-03]
 [ 5.5301154e-04  2.6537376e-03 -1.7380062e-03 -4.9234629e-03
   1.0483243e-03  0.0000000e+00  9.1831887e-04  0.0000000e+00
  -1.4686947e-04  2.4395266e-03]
 [ 3.0430797e-03  3.4880335e-04 -1.5670459e-03 -4.1905176e-03
   9.6451287e-05  0.0000000e+00  1.3845813e-04  0.0000000e+00
  -9.2673016e-04  2.9085958e-03]
 [ 4.8057432e-03  5.7155674e-04 -1.4574610e-03  4.1349777e-03
  -3.4399109e-04  0.0000000e+00  1.3845813e-04  0.0000000e+00
  -9.2673016e-04  1.6596660e-03]] 
Episode: 12: [[ 2.2702594e-03  8.6475804e-04 -6.3537841e-06 -4.4237403e-03
   1.6866766e-03  0.0000000e+00 -2.3243909e-03  0.0000000e+00
  -1.3219897e-04  1.2327926e-03]
 [ 1.3585574e-03  2.1062642e-03 -6.7074189e-04 -4.8240665e-03
   1.2938373e-03  0.0000000e+00 -5.4572750e-04  0.0000000e+00
  -2.2057540e-04  2.5623667e-03]
 [ 5.3110247e-04  2.7477294e-03 -1.8363944e-03 -5.3883237e-03
   1.1344209e-03  0.0000000e+00  9.0894516e-04  0.0000000e+00
  -2.2057540e-04  2.5623667e-03]
 [ 3.1536070e-03  3.5701276e-04 -1.6396390e-03 -4.3954239e-03
   7.6231205e-05  0.0000000e+00  1.6196640e-04  0.0000000e+00
  -9.6755411e-04  3.1212457e-03]
 [ 4.9727303e-03  5.8366125e-04 -1.5174026e-03  4.5355135e-03
  -4.2936570e-04  0.0000000e+00  1.6196640e-04  0.0000000e+00
  -9.6755411e-04  1.8153881e-03]] 
Episode: 13: [[ 2.4725061e-03  9.2206302e-04 -2.2273406e-04 -4.8366799e-03
   1.9378241e-03  0.0000000e+00 -2.6189773e-03  0.0000000e+00
  -5.7520825e-05  1.3294029e-03]
 [ 1.4544510e-03  2.3702816e-03 -8.5777347e-04 -5.2768495e-03
   1.4838144e-03  0.0000000e+00 -7.8068190e-04  0.0000000e+00
  -3.5368931e-04  2.6036007e-03]
 [ 5.8192620e-04  2.9070943e-03 -1.9960087e-03 -5.8609862e-03
   1.2801088e-03  0.0000000e+00  8.3119818e-04  0.0000000e+00
  -3.5368931e-04  2.5984084e-03]
 [ 3.3184108e-03  4.3832915e-04 -1.7750338e-03 -4.5977011e-03
   1.2850855e-04  0.0000000e+00  1.1251901e-04  0.0000000e+00
  -1.0723685e-03  3.2323019e-03]
 [ 5.1861256e-03  6.6680857e-04 -1.6411367e-03  4.9529904e-03
  -4.3005450e-04  0.0000000e+00  1.1251901e-04  0.0000000e+00
  -1.0723685e-03  2.0190885e-03]] 
Episode: 14: [[ 2.5805945e-03  8.6200726e-04 -4.2610875e-04 -5.2367789e-03
   2.0388146e-03  0.0000000e+00 -2.9411060e-03  0.0000000e+00
   7.7389916e-05  1.3438553e-03]
 [ 1.4679056e-03  2.5167838e-03 -1.0107015e-03 -5.7274029e-03
   1.5662614e-03  0.0000000e+00 -1.0548512e-03  0.0000000e+00
  -4.0191418e-04  2.5718908e-03]
 [ 6.9297629e-04  2.9677842e-03 -2.0924825e-03 -6.3399565e-03
   1.3790034e-03  0.0000000e+00  6.9683476e-04  0.0000000e+00
  -4.0191418e-04  2.5625767e-03]
 [ 3.5281584e-03  4.3726616e-04 -1.8216436e-03 -4.8522027e-03
   1.7297250e-04  0.0000000e+00  2.6607299e-06  0.0000000e+00
  -1.0960882e-03  3.3969325e-03]
 [ 5.4379497e-03  6.6878326e-04 -1.7057958e-03  5.3842501e-03
  -5.0018972e-04  0.0000000e+00  2.6607299e-06  0.0000000e+00
  -1.0960882e-03  2.2625171e-03]] 
Episode: 15: [[ 0.00271178  0.00077857 -0.00061417 -0.00553399  0.00211765  0.
  -0.0032863   0.          0.00026231  0.00131509]
 [ 0.00154647  0.00258172 -0.00116143 -0.00601136  0.00165263  0.
  -0.00136144  0.         -0.00037905  0.00247915]
 [ 0.00085446  0.00294759 -0.0022038  -0.0066843   0.0015273   0.
   0.00051506  0.         -0.00037905  0.00246656]
 [ 0.00364588  0.00036789 -0.00184415 -0.00514859  0.00014427  0.
  -0.00015778  0.         -0.0010519   0.00360625]
 [ 0.00572195  0.00070938 -0.00183034  0.00582687 -0.000494    0.
  -0.00015778  0.         -0.00118156  0.00240955]] 
Episode: 16: [[ 2.8684656e-03  7.1868498e-04 -7.7397790e-04 -5.7915598e-03
   2.1506755e-03  0.0000000e+00 -3.5250569e-03  0.0000000e+00
   4.8918667e-04  1.3560657e-03]
 [ 1.5501779e-03  2.7030890e-03 -1.2317697e-03 -6.2543717e-03
   1.6509612e-03  0.0000000e+00 -1.5611792e-03  0.0000000e+00
  -4.2203761e-04  2.3348609e-03]
 [ 9.3264232e-04  2.9878051e-03 -2.2286533e-03 -6.9707274e-03
   1.5894254e-03  0.0000000e+00  4.1914298e-04  0.0000000e+00
  -4.2203761e-04  2.3196700e-03]
 [ 3.8117375e-03  3.6355338e-04 -1.7959229e-03 -5.3594843e-03
   5.4057553e-05  0.0000000e+00 -2.3506136e-04  0.0000000e+00
  -1.0762420e-03  3.7246519e-03]
 [ 6.0331556e-03  8.1152824e-04 -1.8724811e-03  6.2789405e-03
  -5.5358192e-04  0.0000000e+00 -2.3506136e-04  0.0000000e+00
  -1.3192391e-03  2.4751055e-03]] 
Episode: 17: [[ 3.0696902e-03  5.7085045e-04 -9.2098536e-04 -6.0461382e-03
   2.1621168e-03  0.0000000e+00 -3.7958820e-03  0.0000000e+00
   7.5157615e-04  1.4560487e-03]
 [ 1.6164851e-03  2.7372581e-03 -1.2566275e-03 -6.5128342e-03
   1.5855642e-03  0.0000000e+00 -1.8006919e-03  0.0000000e+00
  -3.9837213e-04  2.2699572e-03]
 [ 1.0626018e-03  2.9543531e-03 -2.1812557e-03 -7.2598951e-03
   1.5787752e-03  0.0000000e+00  2.7362510e-04  0.0000000e+00
  -3.9837213e-04  2.2521829e-03]
 [ 4.0186108e-03  3.0646467e-04 -1.6880815e-03 -5.4990710e-03
  -8.8291898e-05  0.0000000e+00 -2.4148059e-04  0.0000000e+00
  -1.0362227e-03  3.7658161e-03]
 [ 6.3675325e-03  9.6566876e-04 -1.8449354e-03  6.7389566e-03
  -6.6895375e-04  0.0000000e+00 -2.4148059e-04  0.0000000e+00
  -1.5013881e-03  2.4712412e-03]] 
Episode: 18: [[ 3.3088739e-03  4.9790466e-04 -1.0733026e-03 -6.3171037e-03
   2.1572690e-03  0.0000000e+00 -4.0942114e-03  0.0000000e+00
   9.1954326e-04  1.4812376e-03]
 [ 1.7362959e-03  2.8358272e-03 -1.3397771e-03 -6.7820721e-03
   1.4936035e-03  0.0000000e+00 -2.0740358e-03  0.0000000e+00
  -4.3755441e-04  2.1526059e-03]
 [ 1.2369717e-03  2.9915639e-03 -2.2068194e-03 -7.5261528e-03
   1.5115059e-03  0.0000000e+00  8.5564025e-05  0.0000000e+00
  -4.3755441e-04  2.1327876e-03]
 [ 4.2606639e-03  3.2048431e-04 -1.6575982e-03 -5.6109615e-03
  -2.7516889e-04  0.0000000e+00 -3.0713697e-04  0.0000000e+00
  -1.0610139e-03  3.7408918e-03]
 [ 6.7217867e-03  1.1640595e-03 -1.8835405e-03  7.1856668e-03
  -8.3198940e-04  0.0000000e+00 -3.0713697e-04  0.0000000e+00
  -1.7216840e-03  2.4078330e-03]] 
Episode: 19: [[ 0.00345817  0.00034579 -0.00123786 -0.00647553  0.00210425  0.
  -0.00429861  0.          0.00112841  0.00156459]
 [ 0.00190212  0.00285518 -0.00144331 -0.00692461  0.00141432  0.
  -0.00237635  0.         -0.0004133   0.00210814]
 [ 0.00144966  0.00295946 -0.00227902 -0.00769035  0.00139019  0.
  -0.0001392   0.         -0.0004133   0.00208627]
 [ 0.00453307  0.00027027 -0.00169331 -0.0056335  -0.00050031  0.
  -0.00030624  0.         -0.00102406  0.00377877]
 [ 0.00709319  0.00140036 -0.00197889  0.00764135 -0.00091523  0.
  -0.0004239   0.         -0.00197489  0.00229306]] 
Episode: 20: [[ 0.00352989  0.00014686 -0.00138198 -0.00663899  0.00199511  0.
  -0.00442157  0.          0.00125295  0.00157815]
 [ 0.00198944  0.00280696 -0.00151595 -0.00709094  0.00127333  0.
  -0.0025823   0.         -0.00033403  0.00201081]
 [ 0.00157994  0.00286798 -0.0022911  -0.00790075  0.00122234  0.
  -0.00028017  0.         -0.00033403  0.00198732]
 [ 0.00471617  0.00016477 -0.00166357 -0.00572511 -0.0007585   0.
  -0.00024763  0.         -0.00093357  0.00387099]
 [ 0.00747946  0.00154822 -0.00207299  0.0081047  -0.00104799  0.
  -0.00046935  0.         -0.00214101  0.00224936]] 
Episode: 21: [[ 0.00353433 -0.00010782 -0.00155926 -0.00683876  0.00180853  0.
  -0.0044736   0.          0.0014219   0.0016491 ]
 [ 0.00212488  0.00270076 -0.0016101  -0.00715641  0.00108022  0.
  -0.00270478  0.         -0.00020687  0.00198169]
 [ 0.00175231  0.00277756 -0.00236567 -0.00802074  0.0010142   0.
  -0.00034817  0.         -0.00020687  0.00184272]
 [ 0.00493534  0.00013168 -0.00169739 -0.00573527 -0.00104538  0.
  -0.00013878  0.         -0.00079646  0.00389484]
 [ 0.00787868  0.0017384  -0.00221685  0.00857462 -0.00122376  0.
  -0.00045271  0.         -0.00234514  0.00215371]] 
Episode: 22: [[ 3.5963417e-03 -4.0837383e-04 -1.5734682e-03 -6.8365270e-03
   1.5600012e-03  0.0000000e+00 -4.4636573e-03  0.0000000e+00
   1.6295374e-03  1.7700214e-03]
 [ 2.3023030e-03  2.6695696e-03 -1.7784403e-03 -7.1332105e-03
   9.7893993e-04  0.0000000e+00 -2.7546438e-03  0.0000000e+00
  -3.7850383e-05  2.0121660e-03]
 [ 1.9614734e-03  2.7604161e-03 -2.4941280e-03 -8.0628907e-03
   7.7106676e-04  0.0000000e+00 -3.5238895e-04  0.0000000e+00
  -3.7850383e-05  1.7704951e-03]
 [ 5.1860488e-03  1.6152383e-04 -1.7864343e-03 -5.6760604e-03
  -1.3572600e-03  0.0000000e+00  1.3991814e-05  0.0000000e+00
  -6.1859703e-04  3.8590259e-03]
 [ 8.2892124e-03  1.9653891e-03 -2.4038623e-03  9.0501774e-03
  -1.4370169e-03  0.0000000e+00 -4.9407838e-04  0.0000000e+00
  -2.5824942e-03  2.0126665e-03]] 
Episode: 23: [[ 3.5941049e-03 -7.4706384e-04 -1.6994977e-03 -6.7041083e-03
   1.4318936e-03  0.0000000e+00 -4.5102751e-03  0.0000000e+00
   1.8709835e-03  1.9346061e-03]
 [ 2.4033340e-03  2.5805749e-03 -2.0074083e-03 -7.1900976e-03
   8.2329789e-04  0.0000000e+00 -2.8566709e-03  0.0000000e+00
   1.6788681e-04  1.9836258e-03]
 [ 2.0919717e-03  2.6837364e-03 -2.5461300e-03 -8.1625506e-03
   6.1337370e-04  0.0000000e+00 -4.1160372e-04  0.0000000e+00
   1.6788681e-04  1.7617444e-03]
 [ 5.3534857e-03  1.2972091e-04 -1.8071608e-03 -5.6905593e-03
  -1.5774572e-03  0.0000000e+00  9.4357165e-05  0.0000000e+00
  -4.0500582e-04  3.8834475e-03]
 [ 8.5987467e-03  2.1090894e-03 -2.5107900e-03  9.4127245e-03
  -1.5697714e-03  0.0000000e+00 -5.8632094e-04  0.0000000e+00
  -2.7380569e-03  1.9427264e-03]] 
Episode: 24: [[ 3.5355352e-03 -9.6704741e-04 -1.6985682e-03 -6.7144837e-03
   1.4032038e-03  0.0000000e+00 -4.6066400e-03  0.0000000e+00
   2.0292355e-03  2.0243719e-03]
 [ 2.4373045e-03  2.5621860e-03 -2.1248106e-03 -7.3144431e-03
   7.5126550e-04  0.0000000e+00 -2.8902777e-03  0.0000000e+00
   2.9618709e-04  1.9031939e-03]
 [ 2.1532888e-03  2.5552649e-03 -2.5315979e-03 -8.3121490e-03
   5.3051551e-04  0.0000000e+00 -5.1918358e-04  0.0000000e+00
   2.9618709e-04  1.8088162e-03]
 [ 5.4476880e-03  4.3966364e-05 -1.7680875e-03 -5.7685771e-03
  -1.7171935e-03  0.0000000e+00  1.1104202e-04  0.0000000e+00
  -2.6971329e-04  3.9607733e-03]
 [ 8.8194553e-03  2.1798089e-03 -2.5476790e-03  9.6764360e-03
  -1.6318620e-03  0.0000000e+00 -7.2330463e-04  0.0000000e+00
  -2.8216883e-03  1.9353229e-03]] 
Episode: 25: [[ 3.4274384e-03 -1.2328238e-03 -1.5984793e-03 -6.8319319e-03
   1.2990362e-03  0.0000000e+00 -4.7468673e-03  0.0000000e+00
   2.2259264e-03  2.0483467e-03]
 [ 2.5228728e-03  2.6054680e-03 -2.3051428e-03 -7.4960222e-03
   6.2358426e-04  0.0000000e+00 -2.9765898e-03  0.0000000e+00
   4.6487927e-04  1.8860013e-03]
 [ 2.2622766e-03  2.5009683e-03 -2.5784385e-03 -8.5052652e-03
   4.0021091e-04  0.0000000e+00 -6.6940696e-04  0.0000000e+00
   3.5621121e-04  1.9051069e-03]
 [ 5.5859876e-03  2.4522644e-05 -1.7901452e-03 -5.7734693e-03
  -1.8971274e-03  0.0000000e+00  7.1579729e-05  0.0000000e+00
  -2.0345676e-04  4.0846872e-03]
 [ 8.9618461e-03  2.2990785e-03 -2.6378185e-03  9.8534515e-03
  -1.6317595e-03  0.0000000e+00 -8.9973659e-04  0.0000000e+00
  -2.8418975e-03  1.9830579e-03]] 
Episode: 26: [[ 3.3865182e-03 -1.5375918e-03 -1.4190308e-03 -6.8290005e-03
   1.1313169e-03  0.0000000e+00 -4.9258545e-03  0.0000000e+00
   2.4564974e-03  2.0143292e-03]
 [ 2.5443684e-03  2.5850837e-03 -2.3867865e-03 -7.5845709e-03
   4.4756039e-04  0.0000000e+00 -3.1093184e-03  0.0000000e+00
   6.6926464e-04  1.8166475e-03]
 [ 2.3056555e-03  2.3937905e-03 -2.5610852e-03 -8.7364195e-03
   2.2813746e-04  0.0000000e+00 -7.4957905e-04  0.0000000e+00
   4.6363578e-04  2.0448910e-03]
 [ 5.6555206e-03 -4.9031511e-05 -1.7535704e-03 -5.8408040e-03
  -2.1125113e-03  0.0000000e+00  9.0235982e-05  0.0000000e+00
  -9.0471221e-05  4.2497227e-03]
 [ 9.0350294e-03  2.3495669e-03 -2.6613439e-03  9.9542188e-03
  -1.6865458e-03  0.0000000e+00 -1.0032937e-03  0.0000000e+00
  -2.8060623e-03  2.0795173e-03]] 
Episode: 27: [[ 3.2950894e-03 -1.8757200e-03 -1.1749562e-03 -6.9228718e-03
   9.0971141e-04  0.0000000e+00 -5.0322530e-03  0.0000000e+00
   2.6074231e-03  1.9290844e-03]
 [ 2.5092124e-03  2.5087714e-03 -2.3844454e-03 -7.7319550e-03
   2.2940818e-04  0.0000000e+00 -3.1723583e-03  0.0000000e+00
   7.9834601e-04  1.7011196e-03]
 [ 2.2909434e-03  2.2401786e-03 -2.4873521e-03 -9.0009067e-03
   1.9213081e-05  0.0000000e+00 -7.6772645e-04  0.0000000e+00
   5.0612219e-04  2.2231848e-03]
 [ 5.6641665e-03 -1.7031642e-04 -1.6652715e-03 -5.9625902e-03
  -2.3592238e-03  0.0000000e+00  1.6035142e-04  0.0000000e+00
   6.3888998e-05  4.4511282e-03]
 [ 9.0469355e-03  2.3393298e-03 -2.6261457e-03  9.9877724e-03
  -1.7898554e-03  0.0000000e+00 -1.0423261e-03  0.0000000e+00
  -2.7206047e-03  2.2191182e-03]] 
Episode: 28: [[ 3.2679441e-03 -2.1055092e-03 -8.7757607e-04 -7.0953490e-03
   7.8802771e-04  0.0000000e+00 -5.0742677e-03  0.0000000e+00
   2.7965547e-03  1.7985035e-03]
 [ 2.5317427e-03  2.4983736e-03 -2.4545551e-03 -7.7939648e-03
  -2.5556266e-05  0.0000000e+00 -3.1737552e-03  0.0000000e+00
   9.6680928e-04  1.5446460e-03]
 [ 2.3308801e-03  2.1610123e-03 -2.4793705e-03 -9.1780471e-03
  -2.2228573e-04  0.0000000e+00 -7.3086011e-04  0.0000000e+00
   5.9718464e-04  2.3294613e-03]
 [ 5.7249814e-03 -2.2331157e-04 -1.6416941e-03 -6.0094898e-03
  -2.6336724e-03  0.0000000e+00  2.7610941e-04  0.0000000e+00
   1.4877319e-04  4.5773801e-03]
 [ 9.1106640e-03  2.3850063e-03 -2.6504165e-03  1.0073450e-02
  -1.9361397e-03  0.0000000e+00 -1.0241272e-03  0.0000000e+00
  -2.6973072e-03  2.2908100e-03]] 
Episode: 29: [[ 0.00318958 -0.00237589 -0.0005358  -0.00733254  0.00060954  0.
  -0.00505909  0.          0.00301956  0.00162773]
 [ 0.00249831  0.00243206 -0.00244568 -0.00791567 -0.00031276  0.
  -0.00312053  0.          0.00117026  0.00135181]
 [ 0.00231384  0.00203331 -0.00241511 -0.00939364 -0.00049263  0.
  -0.00064512  0.          0.0007314   0.00237176]
 [ 0.00572662 -0.00032546 -0.00156584 -0.00599068 -0.00293272  0.
   0.00043241  0.          0.00027746  0.00463692]
 [ 0.00911491  0.00248023 -0.00261686  0.01009464 -0.00201326  0.
  -0.00095509  0.         -0.00262371  0.0024077 ]] 
Episode: 30: [[ 0.00317327 -0.00254911 -0.00031841 -0.00745339  0.000522    0.
  -0.00499303  0.          0.00316536  0.00152875]
 [ 0.00241516  0.00242944 -0.00250715 -0.00795765 -0.00050859  0.
  -0.00301884  0.          0.00129988  0.00112662]
 [ 0.00224612  0.00186272 -0.00230109 -0.00964318 -0.00068005  0.
  -0.00051591  0.          0.00079906  0.00235715]
 [ 0.00567561 -0.0004712  -0.00144361 -0.00603378 -0.00314681  0.
   0.00062479  0.          0.00034017  0.00474322]
 [ 0.00906623  0.00251131 -0.00253204  0.01005867 -0.00213557  0.
  -0.00084082  0.         -0.00250536  0.00256479]] 
Episode: 31: [[ 3.2121157e-03 -2.6375114e-03 -4.9465627e-05 -7.4763116e-03
   5.1332946e-04  0.0000000e+00 -4.9860822e-03  0.0000000e+00
   3.2425022e-03  1.4936107e-03]
 [ 2.2877632e-03  2.3709745e-03 -2.4934011e-03 -7.9300310e-03
  -6.2383577e-04  0.0000000e+00 -2.9816523e-03  0.0000000e+00
   1.3637593e-03  8.7263796e-04]
 [ 2.1332561e-03  1.6541769e-03 -2.1430459e-03 -9.9227019e-03
  -7.9378067e-04  0.0000000e+00 -4.5240656e-04  0.0000000e+00
   9.1186364e-04  2.2918545e-03]
 [ 5.5777170e-03 -6.5566017e-04 -1.2801951e-03 -6.1314492e-03
  -3.2853268e-03  0.0000000e+00  7.4485654e-04  0.0000000e+00
   4.4854972e-04  4.8911353e-03]
 [ 8.9704273e-03  2.4853786e-03 -2.4017112e-03  9.9719660e-03
  -2.1920188e-03  0.0000000e+00 -7.9070160e-04  0.0000000e+00
  -2.3471564e-03  2.7576925e-03]] 
Episode: 32: [[ 0.00330007 -0.00265167  0.00026335 -0.0075765   0.00057325  0.
  -0.00492787  0.          0.00336464  0.00140899]
 [ 0.00222637  0.00226298 -0.00241418 -0.00796951 -0.00066791  0.
  -0.00289487  0.          0.00147298  0.00059298]
 [ 0.00198014  0.00141199 -0.00194596 -0.01022877 -0.00084196  0.
  -0.00034352  0.          0.00106493  0.00218136]
 [ 0.00543802 -0.00087454 -0.00108016 -0.00627727 -0.00335653  0.
   0.00090443  0.          0.00059764  0.00497113]
 [ 0.00893657  0.00240872 -0.00223094  0.00984016 -0.00229534  0.
  -0.00069381  0.         -0.00215342  0.00298252]] 
Episode: 33: [[ 0.00343178 -0.00261006  0.00046369 -0.00773303  0.00065513  0.
  -0.00492747  0.          0.00342124  0.00130252]
 [ 0.00222383  0.00222178 -0.00240999 -0.00806785 -0.00064904  0.
  -0.00287038  0.          0.00151911  0.00029041]
 [ 0.00189466  0.00125086 -0.0018252  -0.01052888 -0.00083174  0.
  -0.00029769  0.          0.00115036  0.00203053]
 [ 0.00536456 -0.00101701 -0.00095456 -0.00637997 -0.00336773  0.
   0.00099569  0.          0.00067952  0.00499055]
 [ 0.00895799  0.00239326 -0.00213194  0.00977611 -0.00233538  0.
  -0.00065873  0.         -0.00203152  0.00313229]] 
Episode: 34: [[ 3.6025222e-03 -2.5098110e-03  6.0566072e-04 -7.8670494e-03
   7.9061789e-04  0.0000000e+00 -4.8755170e-03  0.0000000e+00
   3.4193669e-03  1.2604075e-03]
 [ 2.2738134e-03  2.2399900e-03 -2.3866324e-03 -8.1660338e-03
  -5.7439471e-04  0.0000000e+00 -2.7954339e-03  0.0000000e+00
   1.5088839e-03  7.0777729e-05]
 [ 1.7664112e-03  1.1618037e-03 -1.6619866e-03 -1.0843821e-02
  -8.0276275e-04  0.0000000e+00 -2.0499165e-04  0.0000000e+00
   1.1753812e-03  1.9468648e-03]
 [ 5.2470933e-03 -1.0913570e-03 -7.8876427e-04 -6.5302313e-03
  -3.4301612e-03  0.0000000e+00  1.1291394e-03  0.0000000e+00
   7.0134876e-04  5.0600232e-03]
 [ 9.0287970e-03  2.4151856e-03 -1.9896524e-03  9.7724171e-03
  -2.4235977e-03  0.0000000e+00 -5.7567284e-04  0.0000000e+00
  -1.9737962e-03  3.3182004e-03]] 
Episode: 35: [[ 3.80809768e-03 -2.35796929e-03  8.04706651e-04 -7.90691096e-03
   9.77364252e-04  0.00000000e+00 -4.77747573e-03  0.00000000e+00
   3.36529431e-03  1.27571262e-03]
 [ 2.37071561e-03  2.31107371e-03 -2.43176287e-03 -8.19014944e-03
  -4.50306194e-04  0.00000000e+00 -2.67546857e-03  0.00000000e+00
   1.44828099e-03 -7.47143204e-05]
 [ 1.70278084e-03  1.13691902e-03 -1.57073687e-03 -1.10689355e-02
  -8.30441422e-04  0.00000000e+00 -7.03990008e-05  0.00000000e+00
   1.14639988e-03  1.92323187e-03]
 [ 5.19313710e-03 -1.10493519e-03 -6.93216396e-04 -6.72266539e-03
  -3.53834056e-03  0.00000000e+00  1.30028825e-03  0.00000000e+00
   6.69504632e-04  5.17422799e-03]
 [ 9.04089026e-03  2.38163746e-03 -1.91553263e-03  9.82254557e-03
  -2.45057512e-03  0.00000000e+00 -5.52591053e-04  0.00000000e+00
  -1.87057874e-03  3.53641715e-03]] 
Episode: 36: [[ 0.00394016 -0.0022846   0.00105311 -0.00786573  0.00120898  0.
  -0.00463821  0.          0.00336901  0.00134228]
 [ 0.00240574  0.00232022 -0.00240681 -0.00814901 -0.00028233  0.
  -0.0025153   0.          0.00144518 -0.00015389]
 [ 0.00169696  0.00106006 -0.00143441 -0.01121416 -0.00080183  0.
   0.00010167  0.          0.00117167  0.00195331]
 [ 0.005196   -0.00116997 -0.0005547  -0.00695247 -0.00358335  0.
   0.00150517  0.          0.00069221  0.00532842]
 [ 0.00910303  0.00240456 -0.00190226  0.0099207  -0.00242281  0.
  -0.00048059  0.         -0.00182923  0.00368097]] 
Episode: 37: [[ 0.00400649 -0.00215776  0.00132973 -0.00784966  0.00135017  0.
  -0.00446203  0.          0.00332029  0.00134933]
 [ 0.00238541  0.0023827  -0.00232024 -0.00815813 -0.00018871  0.
  -0.00231919  0.          0.00139124 -0.00027622]
 [ 0.00164058  0.00093686 -0.00125791 -0.01140005 -0.0008294   0.
   0.00030729  0.          0.00114321  0.00192915]
 [ 0.00514742 -0.00128097 -0.0003778  -0.00721542 -0.00367562  0.
   0.00174024  0.          0.00076375  0.00541522]
 [ 0.00910765  0.0023723  -0.00183738  0.00995569 -0.00244971  0.
  -0.00036481  0.         -0.00174096  0.00386188]] 
Episode: 38: [[ 4.0140138e-03 -2.1054470e-03  1.5037765e-03 -7.7599478e-03
   1.5401011e-03  0.0000000e+00 -4.3548755e-03  0.0000000e+00
   3.3284787e-03  1.3031394e-03]
 [ 2.3155389e-03  2.3846435e-03 -2.3068246e-03 -8.1041986e-03
  -4.8540289e-05  0.0000000e+00 -2.1954938e-03  0.0000000e+00
   1.3938413e-03 -3.3491809e-04]
 [ 1.5389257e-03  7.7231310e-04 -1.1538363e-03 -1.1510904e-02
  -8.0108218e-04  0.0000000e+00  4.4089061e-04  0.0000000e+00
   1.1686884e-03  1.9584980e-03]
 [ 5.0527561e-03 -1.4330712e-03 -2.7159275e-04 -7.5077955e-03
  -3.7067011e-03  0.0000000e+00  1.9002794e-03  0.0000000e+00
   8.7901403e-04  5.4416917e-03]
 [ 9.0607749e-03  2.3960064e-03 -1.8319809e-03  1.0039936e-02
  -2.4221833e-03  0.0000000e+00 -3.1187644e-04  0.0000000e+00
  -1.7127374e-03  4.0753679e-03]] 
Episode: 39: [[ 0.0039689  -0.0020168   0.00167658 -0.00768183  0.00175391  0.
  -0.00430956  0.          0.00328405  0.00120934]
 [ 0.00220131  0.0024225  -0.00227264 -0.0080668   0.00013307  0.
  -0.00213659  0.          0.00134525 -0.00043866]
 [ 0.00149785  0.00067869 -0.00103238 -0.01161834 -0.00072281  0.
   0.00050995  0.          0.00114064  0.00193393]
 [ 0.00501867 -0.00151721 -0.00015867 -0.00775629 -0.003683    0.
   0.00199309  0.          0.00093161  0.00541412]
 [ 0.0090696   0.00246976 -0.00187978  0.01016822 -0.00234592  0.
  -0.00031527  0.         -0.00173832  0.00421618]] 
Episode: 40: [[ 3.9801369e-03 -1.8770277e-03  1.9005792e-03 -7.5377282e-03
   1.8807778e-03  0.0000000e+00 -4.2180223e-03  0.0000000e+00
   3.1924853e-03  1.0729126e-03]
 [ 2.0473278e-03  2.5105618e-03 -2.1784927e-03 -7.9712290e-03
   2.3993716e-04  0.0000000e+00 -2.0317133e-03  0.0000000e+00
   1.2507619e-03 -4.8092601e-04]
 [ 1.4101036e-03  6.4843515e-04 -8.6913019e-04 -1.1658588e-02
  -7.0528599e-04  0.0000000e+00  6.2282500e-04  0.0000000e+00
   1.0646100e-03  1.9626857e-03]
 [ 4.9372106e-03 -1.5405145e-03 -4.4637791e-06 -7.9991464e-03
  -3.7132083e-03  0.0000000e+00  2.1273007e-03  0.0000000e+00
   9.2802744e-04  5.4405942e-03]
 [ 9.0266932e-03  2.4836236e-03 -1.8701843e-03  1.0335895e-02
  -2.3288671e-03  0.0000000e+00 -2.6747517e-04  0.0000000e+00
  -1.8121303e-03  4.3935059e-03]] 
Episode: 41: [[ 4.0418692e-03 -1.7642943e-03  2.0584508e-03 -7.4340953e-03
   2.0358197e-03  0.0000000e+00 -4.1865231e-03  0.0000000e+00
   3.1618078e-03  1.0025175e-03]
 [ 1.9603062e-03  2.6434921e-03 -2.1576185e-03 -7.9378337e-03
   3.9129559e-04  0.0000000e+00 -1.9894140e-03  0.0000000e+00
   1.1151152e-03 -4.8659294e-04]
 [ 1.3820291e-03  6.7485182e-04 -7.7687745e-04 -1.1699957e-02
  -6.3697534e-04  0.0000000e+00  6.7349209e-04  0.0000000e+00
   9.4554614e-04  1.9377768e-03]
 [ 4.9147713e-03 -1.5093365e-03  8.1212405e-05 -8.1621576e-03
  -3.6889513e-03  0.0000000e+00  2.1971383e-03  0.0000000e+00
   8.7405660e-04  5.4132384e-03]
 [ 9.0388916e-03  2.5482855e-03 -1.9139359e-03  1.0538838e-02
  -2.2622156e-03  0.0000000e+00 -2.7528568e-04  0.0000000e+00
  -1.9292019e-03  4.6035852e-03]] 
Episode: 42: [[ 0.00414886 -0.00167461  0.00218368 -0.00733759  0.0022375   0.
  -0.00420889  0.          0.00318571  0.00099128]
 [ 0.00193332  0.00278236 -0.00216286 -0.00791051  0.00058235  0.
  -0.00200319  0.          0.00094254 -0.00044055]
 [ 0.00140749  0.00073438 -0.00072948 -0.01170691 -0.00052319  0.
   0.00066835  0.          0.00078788  0.00196607]
 [ 0.00494528 -0.00142935  0.00010553 -0.00825037 -0.00361586  0.
   0.00220922  0.          0.00077488  0.00543971]
 [ 0.00910053  0.00265845 -0.00200547  0.01077335 -0.00215109  0.
  -0.00033298  0.         -0.00208508  0.00484305]] 
Episode: 43: [[ 4.1935327e-03 -1.6558853e-03  2.2243296e-03 -7.1769622e-03
   2.4803896e-03  0.0000000e+00 -4.2795995e-03  0.0000000e+00
   3.2585496e-03  1.0330675e-03]
 [ 1.8579606e-03  2.8526583e-03 -2.2306452e-03 -7.8238649e-03
   6.9849350e-04  0.0000000e+00 -1.9638985e-03  0.0000000e+00
   8.3804119e-04 -3.4810833e-04]
 [ 1.3797535e-03  7.3412998e-04 -7.4121187e-04 -1.1656424e-02
  -4.7334767e-04  0.0000000e+00  7.1433431e-04  0.0000000e+00
   6.9676805e-04  2.0420987e-03]
 [ 4.9220957e-03 -1.4093877e-03  7.4875599e-05 -8.2719252e-03
  -3.6014030e-03  0.0000000e+00  2.2706920e-03  0.0000000e+00
   7.3634996e-04  5.4125241e-03]
 [ 9.1053192e-03  2.8094023e-03 -2.1398095e-03  1.1036148e-02
  -2.0000862e-03  0.0000000e+00 -4.3543841e-04  0.0000000e+00
  -2.2757924e-03  5.0076679e-03]] 
Episode: 44: [[ 4.1823094e-03 -1.6517546e-03  2.2787219e-03 -7.0225210e-03
   2.6451878e-03  0.0000000e+00 -4.2926162e-03  0.0000000e+00
   3.3752925e-03  1.1223920e-03]
 [ 1.7391904e-03  2.9144397e-03 -2.2383828e-03 -7.7383369e-03
   7.4768934e-04  0.0000000e+00 -1.8770089e-03  0.0000000e+00
   7.9464889e-04 -2.1404740e-04]
 [ 1.3042594e-03  7.1285199e-04 -6.9765223e-04 -1.1593229e-02
  -4.8081187e-04  0.0000000e+00  8.0621470e-04  0.0000000e+00
   6.0094049e-04  2.0996281e-03]
 [ 4.8507103e-03 -1.4155940e-03  9.9720550e-05 -8.2452968e-03
  -3.6395458e-03  0.0000000e+00  2.3764912e-03  0.0000000e+00
   6.5116893e-04  5.3371927e-03]
 [ 9.1601713e-03  2.9969004e-03 -2.2145035e-03  1.1324278e-02
  -1.9154639e-03  0.0000000e+00 -5.7808519e-04  0.0000000e+00
  -2.4977680e-03  5.1051020e-03]] 
Episode: 45: [[ 4.2235130e-03 -1.6120325e-03  2.2857736e-03 -6.9082696e-03
   2.8546571e-03  0.0000000e+00 -4.3548080e-03  0.0000000e+00
   3.4289958e-03  1.1869291e-03]
 [ 1.6834133e-03  3.0245620e-03 -2.3077778e-03 -7.7055222e-03
   8.4662397e-04  0.0000000e+00 -1.8504348e-03  0.0000000e+00
   7.0514868e-04 -4.5080567e-05]
 [ 1.2868944e-03  7.4773945e-04 -7.1249000e-04 -1.1551518e-02
  -4.3538382e-04  0.0000000e+00  8.3832740e-04  0.0000000e+00
   4.6376584e-04  2.2023888e-03]
 [ 4.8370226e-03 -1.3689641e-03  6.9766909e-05 -8.2057128e-03
  -3.6227608e-03  0.0000000e+00  2.4211172e-03  0.0000000e+00
   5.2409980e-04  5.3203152e-03]
 [ 9.2599737e-03  3.2171693e-03 -2.3336823e-03  1.1635113e-02
  -1.7883895e-03  0.0000000e+00 -7.5681723e-04  0.0000000e+00
  -2.7478184e-03  5.2431868e-03]] 
Episode: 46: [[ 4.3117669e-03 -1.5146413e-03  2.2675158e-03 -6.7936182e-03
   3.1036998e-03  0.0000000e+00 -4.4611664e-03  0.0000000e+00
   3.4261178e-03  1.1927279e-03]
 [ 1.6841880e-03  3.1734945e-03 -2.4063517e-03 -7.6455302e-03
   9.9003490e-04  0.0000000e+00 -1.8779822e-03  0.0000000e+00
   5.7423703e-04  5.5886700e-05]
 [ 1.3217368e-03  7.7859446e-04 -7.6579023e-04 -1.1456597e-02
  -3.4252607e-04  0.0000000e+00  8.1676035e-04  0.0000000e+00
   2.8947688e-04  2.2437680e-03]
 [ 4.8751561e-03 -1.3545286e-03 -3.6972308e-06 -8.1124781e-03
  -3.5566695e-03  0.0000000e+00  2.4108009e-03  0.0000000e+00
   3.5940920e-04  5.3559211e-03]
 [ 9.4001489e-03  3.4668271e-03 -2.4360684e-03  1.1966297e-02
  -1.6232074e-03  0.0000000e+00 -9.6795894e-04  0.0000000e+00
  -2.9222032e-03  5.4177819e-03]] 
Episode: 47: [[ 4.3399404e-03 -1.4890420e-03  2.1801828e-03 -6.7681745e-03
   3.3878128e-03  0.0000000e+00 -4.5064087e-03  0.0000000e+00
   3.4746176e-03  1.1458446e-03]
 [ 1.6590354e-03  3.3616584e-03 -2.5567997e-03 -7.6548890e-03
   1.1732267e-03  0.0000000e+00 -1.8513802e-03  0.0000000e+00
   5.0691608e-04  1.9752275e-04]
 [ 1.3026565e-03  8.6069113e-04 -8.6761406e-04 -1.1428834e-02
  -2.0712736e-04  0.0000000e+00  8.4776292e-04  0.0000000e+00
   8.1866041e-05  2.3319013e-03]
 [ 4.9598422e-03 -1.2890833e-03 -1.2192245e-04 -8.0864532e-03
  -3.4463084e-03  0.0000000e+00  2.4519204e-03  0.0000000e+00
   1.6092218e-04  5.4386593e-03]
 [ 9.5765907e-03  3.6395390e-03 -2.5805670e-03  1.2212089e-02
  -1.4238103e-03  0.0000000e+00 -1.1074234e-03  0.0000000e+00
  -3.0286156e-03  5.5243834e-03]] 
Episode: 48: [[ 4.3141674e-03 -1.4050272e-03  2.0321875e-03 -6.6705691e-03
   3.7030140e-03  0.0000000e+00 -4.5974506e-03  0.0000000e+00
   3.5692509e-03  1.1557281e-03]
 [ 1.5851919e-03  3.5849181e-03 -2.6293814e-03 -7.6007252e-03
   1.3920077e-03  0.0000000e+00 -1.8787670e-03  0.0000000e+00
   4.9673114e-04  3.7568260e-04]
 [ 1.2351273e-03  9.8865037e-04 -9.0518955e-04 -1.1461027e-02
  -3.3564978e-05  0.0000000e+00  8.2528719e-04  0.0000000e+00
  -5.3918411e-05  2.4620222e-03]
 [ 5.0863554e-03 -1.1778953e-03 -1.7601783e-04 -8.1204157e-03
  -3.2961923e-03  0.0000000e+00  2.4385427e-03  0.0000000e+00
   3.2781179e-05  5.5637332e-03]
 [ 9.6849073e-03  3.7431871e-03 -2.7628229e-03  1.2484735e-02
  -1.2953803e-03  0.0000000e+00 -1.2831982e-03  0.0000000e+00
  -3.1746670e-03  5.5698929e-03]] 
Episode: 49: [[ 4.2399475e-03 -1.2690802e-03  1.8308713e-03 -6.5098815e-03
   3.9243917e-03  0.0000000e+00 -4.6290099e-03  0.0000000e+00
   3.7053158e-03  1.1126709e-03]
 [ 1.4676275e-03  3.8395796e-03 -2.7558641e-03 -7.4901651e-03
   1.5342194e-03  0.0000000e+00 -1.8521453e-03  0.0000000e+00
   4.3725103e-04  4.8511307e-04]
 [ 1.1240604e-03  1.1576660e-03 -9.9265855e-04 -1.1546760e-02
   7.0615133e-05  0.0000000e+00  8.5539359e-04  0.0000000e+00
  -2.2683761e-04  2.6298559e-03]
 [ 5.1498157e-03 -1.1302896e-03 -2.7669256e-04 -8.2079349e-03
  -3.2120603e-03  0.0000000e+00  2.4768314e-03  0.0000000e+00
  -1.3278384e-04  5.7268394e-03]
 [ 9.8326430e-03  3.7848344e-03 -2.8742421e-03  1.2781473e-02
  -1.1291001e-03  0.0000000e+00 -1.4916032e-03  0.0000000e+00
  -3.2556995e-03  5.5605024e-03]] 
Episode: 50: [[ 0.00412221 -0.00120783  0.00172035 -0.00629399  0.00418293  0.
  -0.00460711  0.          0.00377673  0.00112584]
 [ 0.0013108   0.00401415 -0.00280784 -0.00732952  0.001716    0.
  -0.00177702  0.          0.00043404  0.00063425]
 [ 0.00097386  0.00125543 -0.0010176  -0.01156698  0.00021601  0.
   0.00093276  0.         -0.00033155  0.00283157]
 [ 0.00515661 -0.00113973 -0.00031519 -0.00822955 -0.0030856   0.
   0.00256156  0.         -0.00023141  0.00592412]
 [ 0.01001581  0.00387374 -0.00302664  0.01309983 -0.00103033  0.
  -0.00162876  0.         -0.00337887  0.00550177]] 
Episode: 51: [[ 0.00396539 -0.00121311  0.00169001 -0.0061742   0.00435438  0.
  -0.00453715  0.          0.00389184  0.00108587]
 [ 0.0011187   0.00411693 -0.00279349 -0.00724716  0.00182527  0.
  -0.00165833  0.          0.00048141  0.00071767]
 [ 0.00088904  0.00128933 -0.0009865  -0.0116416   0.00029502  0.
   0.00105261  0.         -0.00037497  0.00296222]
 [ 0.00521297 -0.00120038 -0.00029786 -0.00830561 -0.00302265  0.
   0.00268803  0.         -0.00026986  0.00605098]
 [ 0.0101303   0.00400507 -0.00311141  0.01333447 -0.00089079  0.
  -0.00170187  0.         -0.0034394   0.0054992 ]] 
Episode: 52: [[ 0.00377344 -0.00127768  0.00159535 -0.00599616  0.00444817  0.
  -0.00452445  0.          0.00404621  0.00110169]
 [ 0.00089493  0.00415538 -0.00284119 -0.0072345   0.00186957  0.
  -0.0016027   0.          0.00057426  0.00084336]
 [ 0.00076249  0.00126599 -0.00090515 -0.01176484  0.00031442  0.
   0.00111018  0.         -0.00036331  0.003029  ]
 [ 0.00531391 -0.00130698 -0.00023043 -0.00843033 -0.00301675  0.
   0.00275155  0.         -0.00025422  0.00611456]
 [ 0.01028353  0.0040718  -0.00313547  0.01359693 -0.00081597  0.
  -0.0017174   0.         -0.00344362  0.00544665]] 
Episode: 53: [[ 0.0036517  -0.00139509  0.0015779  -0.00576689  0.00447269  0.
  -0.00456323  0.          0.00413422  0.0011676 ]
 [ 0.00074469  0.00413615 -0.00282366 -0.00716241  0.00185561  0.
  -0.00160373  0.          0.00070799  0.00100703]
 [ 0.00059842  0.00119135 -0.00077874 -0.0118193   0.00028029  0.
   0.00111177  0.         -0.00030216  0.00313975]
 [ 0.0053545  -0.00145482 -0.000118   -0.00848592 -0.00306214  0.
   0.0027585   0.         -0.00018994  0.00622225]
 [ 0.01047158  0.00418311 -0.00310504  0.01388437 -0.00079933  0.
  -0.00178159  0.         -0.00349762  0.00534917]] 
Episode: 54: [[ 3.4913577e-03 -1.4410006e-03  1.6288146e-03 -5.4925643e-03
   4.4354168e-03  0.0000000e+00 -4.5479392e-03  0.0000000e+00
   4.1626059e-03  1.2785085e-03]
 [ 5.5860466e-04  4.1725473e-03 -2.7479781e-03 -7.1583060e-03
   1.7894192e-03  0.0000000e+00 -1.5536358e-03  0.0000000e+00
   7.7810977e-04  1.2048397e-03]
 [ 4.0062482e-04  1.0707123e-03 -6.1194232e-04 -1.1924143e-02
   1.9807047e-04  0.0000000e+00  1.1633807e-03  0.0000000e+00
  -2.9779135e-04  3.2900118e-03]
 [ 5.4412046e-03 -1.6397010e-03  3.4821263e-05 -8.5919574e-03
  -3.1536249e-03  0.0000000e+00  2.8149276e-03  0.0000000e+00
  -1.8229433e-04  6.3695852e-03]
 [ 1.0690937e-02  4.3344670e-03 -3.1296858e-03  1.4194238e-02
  -8.3497824e-04  0.0000000e+00 -1.7891368e-03  0.0000000e+00
  -3.4960136e-03  5.2112886e-03]] 
Episode: 55: [[ 3.3979532e-03 -1.4230828e-03  1.7402971e-03 -5.3173089e-03
   4.3430054e-03  0.0000000e+00 -4.4840085e-03  0.0000000e+00
   4.1373833e-03  1.3266358e-03]
 [ 3.4031982e-04  4.1516717e-03 -2.6204535e-03 -7.2147991e-03
   1.6763920e-03  0.0000000e+00 -1.4576018e-03  0.0000000e+00
   7.9102389e-04  1.3322078e-03]
 [ 1.7249363e-04  9.0882753e-04 -4.0891030e-04 -1.2074074e-02
   7.2659837e-05  0.0000000e+00  1.2599848e-03  0.0000000e+00
  -3.4448173e-04  3.4757981e-03]
 [ 5.4690400e-03 -1.8578254e-03  2.2392899e-04 -8.7431204e-03
  -3.2865501e-03  0.0000000e+00  2.9158671e-03  0.0000000e+00
  -2.2558941e-04  6.5525733e-03]
 [ 1.0838117e-02  4.4193580e-03 -3.0998953e-03  1.4524248e-02
  -9.1763883e-04  0.0000000e+00 -1.8461001e-03  0.0000000e+00
  -3.4443985e-03  5.1374105e-03]] 
Episode: 56: [[ 3.3647197e-03 -1.3481881e-03  1.9054523e-03 -5.2297045e-03
   4.3189335e-03  0.0000000e+00 -4.3763379e-03  0.0000000e+00
   4.0639723e-03  1.4214601e-03]
 [ 1.9487883e-04  4.1863988e-03 -2.4467036e-03 -7.3253252e-03
   1.6283045e-03  0.0000000e+00 -1.3202777e-03  0.0000000e+00
   7.5249001e-04  1.4973236e-03]
 [ 1.7411096e-05  8.1677327e-04 -1.7338550e-04 -1.2264349e-02
   1.1322912e-05  0.0000000e+00  1.3970517e-03  0.0000000e+00
  -4.3707294e-04  3.6935180e-03]
 [ 5.5442359e-03 -2.0020823e-03  4.4562112e-04 -8.9346571e-03
  -3.3555143e-03  0.0000000e+00  3.0568345e-03  0.0000000e+00
  -3.1469439e-04  6.6667637e-03]
 [ 1.1020687e-02  4.4445153e-03 -3.1250070e-03  1.4872347e-02
  -9.4142894e-04  0.0000000e+00 -1.9475024e-03  0.0000000e+00
  -3.4481133e-03  5.1210951e-03]] 
Episode: 57: [[ 3.38558014e-03 -1.33964687e-03  1.98800000e-03 -5.08333417e-03
   4.35590511e-03  0.00000000e+00 -4.22932673e-03  0.00000000e+00
   4.04863339e-03  1.55823689e-03]
 [ 1.14921320e-04  4.27100481e-03 -2.23173271e-03 -7.48403603e-03
   1.63847988e-03  0.00000000e+00 -1.24767865e-03  0.00000000e+00
   6.67682791e-04  1.59534370e-03]
 [-7.19705567e-05  7.87376426e-04  9.12816031e-05 -1.24907242e-02
   7.56118789e-06  0.00000000e+00  1.47023692e-03  0.00000000e+00
  -5.70933684e-04  3.83880036e-03]
 [ 5.66202914e-03 -2.07998091e-03  6.96578878e-04 -9.16231796e-03
  -3.46813607e-03  0.00000000e+00  3.23380367e-03  0.00000000e+00
  -4.45001730e-04  6.71908818e-03]
 [ 1.12350872e-02  4.51829424e-03 -3.19943228e-03  1.51341185e-02
  -1.01337454e-03  0.00000000e+00 -1.98859931e-03  0.00000000e+00
  -3.50159314e-03  5.05627878e-03]] 
Episode: 58: [[ 3.3536160e-03 -1.3903902e-03  1.9971428e-03 -4.9434323e-03
   4.3307133e-03  0.0000000e+00 -4.0469295e-03  0.0000000e+00
   4.0855082e-03  1.7327062e-03]
 [-7.8381136e-06  4.2937160e-03 -2.0979941e-03 -7.6259342e-03
   1.5943163e-03  0.0000000e+00 -1.1314857e-03  0.0000000e+00
   6.4150081e-04  1.6330286e-03]
 [-2.0252702e-04  7.0771034e-04  2.7624430e-04 -1.2674489e-02
  -4.7182559e-05  0.0000000e+00  1.5862091e-03  0.0000000e+00
  -6.4081076e-04  4.0200497e-03]
 [ 5.7178903e-03 -2.2017923e-03  8.7069295e-04 -9.3550412e-03
  -3.6200127e-03  0.0000000e+00  3.4431559e-03  0.0000000e+00
  -5.1212258e-04  6.8165492e-03]
 [ 1.1377871e-02  4.5335325e-03 -3.2145551e-03  1.5318300e-02
  -1.1286213e-03  0.0000000e+00 -1.9754528e-03  0.0000000e+00
  -3.4995880e-03  5.0480836e-03]] 
Episode: 59: [[ 3.3755673e-03 -1.3776994e-03  1.9410402e-03 -4.7503030e-03
   4.3662684e-03  0.0000000e+00 -3.9329235e-03  0.0000000e+00
   4.0680300e-03  1.9410421e-03]
 [-6.7455352e-05  4.3673734e-03 -2.0368493e-03 -7.6931803e-03
   1.6078579e-03  0.0000000e+00 -1.0778302e-03  0.0000000e+00
   5.6783168e-04  1.7174098e-03]
 [-2.6987551e-04  6.8928383e-04  3.8964619e-04 -1.2783667e-02
  -4.5092693e-05  0.0000000e+00  1.6404471e-03  0.0000000e+00
  -7.5420091e-04  4.2336406e-03]
 [ 5.8182641e-03 -2.2596095e-03  9.7575050e-04 -9.4720349e-03
  -3.7061058e-03  0.0000000e+00  3.5814152e-03  0.0000000e+00
  -6.2262762e-04  6.9546038e-03]
 [ 1.1556456e-02  4.5983279e-03 -3.2799097e-03  1.5432739e-02
  -1.1817997e-03  0.0000000e+00 -2.0137350e-03  0.0000000e+00
  -3.5478950e-03  4.9905987e-03]] 
Episode: 60: [[ 3.4459988e-03 -1.3083000e-03  1.8269330e-03 -4.6455101e-03
   4.4561280e-03  0.0000000e+00 -3.8804410e-03  0.0000000e+00
   4.0016766e-03  2.1798084e-03]
 [-7.0298629e-05  4.3804012e-03 -2.0405867e-03 -7.8131594e-03
   1.6731905e-03  0.0000000e+00 -1.0804028e-03  0.0000000e+00
   4.5144415e-04  1.8437862e-03]
 [-2.8036395e-04  6.1961828e-04  4.3879438e-04 -1.2937381e-02
   8.0788614e-06  0.0000000e+00  1.6391503e-03  0.0000000e+00
  -9.0672175e-04  4.4763149e-03]
 [ 5.9586805e-03 -2.3632841e-03  1.0187458e-03 -9.6329655e-03
  -3.7330387e-03  0.0000000e+00  3.6557207e-03  0.0000000e+00
  -7.7216007e-04  7.1291681e-03]
 [ 1.1667047e-02  4.7076712e-03 -3.2869675e-03  1.5586856e-02
  -1.1791579e-03  0.0000000e+00 -2.0982814e-03  0.0000000e+00
  -3.6414617e-03  4.9889735e-03]] 
Episode: 61: [[ 0.0034587  -0.0011882   0.00166125 -0.00461909  0.00459454  0.
  -0.00378313  0.          0.00399259  0.00244592]
 [-0.00012362  0.00444522 -0.00198556 -0.00786126  0.00178501  0.
  -0.0010319   0.          0.00039681  0.00200793]
 [-0.0003399   0.00061003  0.00053571 -0.01313098  0.00010716  0.
   0.00168807  0.         -0.00109443  0.00474514]
 [ 0.00603494 -0.00240488  0.00110887 -0.00983323 -0.00370677  0.
   0.00377267  0.         -0.0009568   0.00733657]
 [ 0.01181665  0.00485706 -0.00324164  0.01577664 -0.00122725  0.
  -0.00212427  0.         -0.00377574  0.00493742]] 
Episode: 62: [[ 0.00341948 -0.0011381   0.00144971 -0.00466224  0.00466112  0.
  -0.00364548  0.          0.00403501  0.00263394]
 [-0.00022234  0.00445044 -0.00199439 -0.00796365  0.00183249  0.
  -0.00093747  0.          0.00039772  0.00210519]
 [-0.00034339  0.00054845  0.00057016 -0.01336028  0.00014506  0.
   0.00178218  0.         -0.00121285  0.00493653]
 [ 0.00615364 -0.00249389  0.00113851 -0.01006871 -0.00373361  0.
   0.00392799  0.         -0.00107287  0.00747286]
 [ 0.01190118  0.00494044 -0.00314924  0.01589622 -0.00122007  0.
  -0.00209757  0.         -0.0038465   0.00494111]] 
Episode: 63: [[ 0.00333357 -0.00103563  0.00119739 -0.00463449  0.00477833  0.
  -0.00357169  0.          0.00412375  0.00285436]
 [-0.00036187  0.00440216 -0.00206032 -0.00799643  0.00192815  0.
  -0.0009033   0.          0.00044862  0.00224311]
 [-0.0003966   0.00054599  0.00054852 -0.01351091  0.00023035  0.
   0.00181678  0.         -0.00126893  0.0051592 ]
 [ 0.00621038 -0.00252238  0.00111378 -0.01022468 -0.0037073   0.
   0.00401768  0.         -0.00112724  0.0076458 ]
 [ 0.01192718  0.00496446 -0.00311773  0.01605489 -0.00116316  0.
  -0.00212362  0.         -0.00386009  0.00499451]] 
Episode: 64: [[ 0.00320566 -0.00094414  0.00098549 -0.00466463  0.00482809  0.
  -0.00345522  0.          0.00415303  0.00300136]
 [-0.0004367   0.00430583 -0.00217734 -0.00808469  0.00196123  0.
  -0.0008218   0.          0.00054449  0.00231681]
 [-0.00039442  0.00049093  0.0004765  -0.01370143  0.00025589  0.
   0.00189799  0.         -0.00126894  0.00540999]
 [ 0.00631151 -0.00259954  0.00104017 -0.01042018 -0.00373408  0.
   0.00414846  0.         -0.0011261   0.00785171]
 [ 0.01200064  0.0049351  -0.00314097  0.01622703 -0.00116239  0.
  -0.00209699  0.         -0.00382226  0.00509262]] 
Episode: 65: [[ 0.00303999 -0.00080423  0.00085876 -0.00475738  0.00481557  0.
  -0.00330035  0.          0.00412883  0.00308235]
 [-0.00055471  0.00416636 -0.00222467 -0.00822254  0.00193812  0.
  -0.00069773  0.          0.00068081  0.00233273]
 [-0.00044252  0.00038863  0.00046425 -0.0139277   0.00022772  0.
   0.00202113  0.         -0.00121852  0.00558521]
 [ 0.00635245 -0.00272045  0.0010253  -0.01065109 -0.00380862  0.
   0.0043162   0.         -0.00107502  0.00808729]
 [ 0.01201669  0.00485776 -0.00311033  0.01633052 -0.00121211  0.
  -0.00202298  0.         -0.00373815  0.00523097]] 
Episode: 66: [[ 0.00284034 -0.0007363   0.00080798 -0.00490577  0.0047473   0.
  -0.00321104  0.          0.00415759  0.00320642]
 [-0.00061022  0.00398817 -0.00220963 -0.0084047   0.00186455  0.
  -0.00053539  0.          0.00085355  0.00239744]
 [-0.00043574  0.00024391  0.00050571 -0.01418599  0.00015125  0.
   0.00218199  0.         -0.00112274  0.00579329]
 [ 0.00643935 -0.00288068  0.00106322 -0.01091371 -0.00392613  0.
   0.0045172   0.         -0.00097899  0.00834955]
 [ 0.01208118  0.00483909 -0.00303126  0.01647493 -0.00130724  0.
  -0.00190631  0.         -0.00371252  0.00530542]] 
Episode: 67: [[ 0.00271128 -0.00066735  0.00072344 -0.00503807  0.00474291  0.
  -0.00318072  0.          0.00423398  0.00336923]
 [-0.0006095   0.00388071 -0.0022535  -0.00853488  0.00185114  0.
  -0.00044004  0.          0.00095894  0.00250603]
 [-0.00037958  0.00016648  0.00049057 -0.01436312  0.00013356  0.
   0.0022767   0.         -0.00108695  0.00603094]
 [ 0.0065676  -0.00297336  0.00104605 -0.01109455 -0.00398144  0.
   0.00464804  0.         -0.00094263  0.00863582]
 [ 0.01218927  0.0048732  -0.00301162  0.01665614 -0.00134246  0.
  -0.00185138  0.         -0.0037395   0.00532237]] 
Episode: 68: [[ 0.0025446  -0.00054755  0.00058506 -0.00509092  0.00479572  0.
  -0.00310339  0.          0.00425221  0.00356685]
 [-0.00065949  0.00383679 -0.00235012 -0.00859314  0.00189179  0.
  -0.00040493  0.          0.00100375  0.0026541 ]
 [-0.0003791   0.00014951  0.00042457 -0.01446745  0.00016873  0.
   0.00241198  0.         -0.00110516  0.00629518]
 [ 0.00663296 -0.00300531  0.00097936 -0.01120203 -0.0039808   0.
   0.00481582  0.         -0.00095995  0.00894368]
 [ 0.01223649  0.00485301 -0.0030454   0.01676787 -0.00132376  0.
  -0.00185198  0.         -0.00371374  0.00538766]] 
Episode: 69: [[ 2.4451599e-03 -4.9778353e-04  5.2342791e-04 -5.0730538e-03
   4.8997859e-03  0.0000000e+00 -3.0838370e-03  0.0000000e+00
   4.3191123e-03  3.6934917e-03]
 [-6.5384974e-04  3.7446425e-03 -2.4939629e-03 -8.5870475e-03
   1.9809764e-03  0.0000000e+00 -4.2402250e-04  0.0000000e+00
   1.0941043e-03  2.7369850e-03]
 [-3.2861679e-04  8.1643644e-05  3.1289412e-04 -1.4506449e-02
   2.5143271e-04  0.0000000e+00  2.4836797e-03  0.0000000e+00
  -1.0711487e-03  6.4825630e-03]
 [ 6.7418274e-03 -3.0854358e-03  8.6813286e-04 -1.1243677e-02
  -3.9298171e-03  0.0000000e+00  4.9167769e-03  0.0000000e+00
  -1.0255718e-03  9.1704540e-03]
 [ 1.2329027e-02  4.8856996e-03 -3.1272129e-03  1.6817128e-02
  -1.2565709e-03  0.0000000e+00 -1.9025663e-03  0.0000000e+00
  -3.7405966e-03  5.3963847e-03]] 
Episode: 70: [[ 2.3051584e-03 -5.1072607e-04  5.3030648e-04 -4.9922210e-03
   4.9367263e-03  0.0000000e+00 -3.0162057e-03  0.0000000e+00
   4.3288246e-03  3.8585467e-03]
 [-6.9938740e-04  3.6091721e-03 -2.5661574e-03 -8.6397957e-03
   2.0085771e-03  0.0000000e+00 -3.9053694e-04  0.0000000e+00
   1.2254557e-03  2.8619131e-03]
 [-3.3322981e-04 -3.1932872e-05  2.6475405e-04 -1.4596152e-02
   2.7479342e-04  0.0000000e+00  2.5982393e-03  0.0000000e+00
  -9.9016563e-04  6.7015574e-03]
 [ 6.7897630e-03 -3.2088864e-03  8.1927981e-04 -1.1335927e-02
  -3.9343354e-03  0.0000000e+00  5.0576632e-03  0.0000000e+00
  -1.0345940e-03  9.4247730e-03]
 [ 1.2362269e-02  4.8642675e-03 -3.1494081e-03  1.6912671e-02
  -1.2464705e-03  0.0000000e+00 -1.8980526e-03  0.0000000e+00
  -3.7147293e-03  5.4542683e-03]] 
Episode: 71: [[ 2.2297029e-03 -5.0347031e-04  5.2659650e-04 -4.9301628e-03
   5.0262962e-03  0.0000000e+00 -3.0053733e-03  0.0000000e+00
   4.2870906e-03  4.0171673e-03]
 [-6.8975677e-04  3.5386551e-03 -2.6616827e-03 -8.6942110e-03
   2.0859526e-03  0.0000000e+00 -4.1105531e-04  0.0000000e+00
   1.2936323e-03  3.0246624e-03]
 [-2.8734031e-04 -8.1558050e-05  1.7557177e-04 -1.4667756e-02
   3.4683349e-04  0.0000000e+00  2.6513045e-03  0.0000000e+00
  -9.6766488e-04  6.9489949e-03]
 [ 6.8829334e-03 -3.2685958e-03  7.2414498e-04 -1.1390400e-02
  -3.8880170e-03  0.0000000e+00  5.1344205e-03  0.0000000e+00
  -1.0927448e-03  9.7038727e-03]
 [ 1.2442216e-02  4.8958161e-03 -3.2207463e-03  1.7049829e-02
  -1.1870285e-03  0.0000000e+00 -1.9440220e-03  0.0000000e+00
  -3.7414818e-03  5.5563911e-03]] 
Episode: 72: [[ 0.00221232 -0.00055479  0.00058556 -0.00493955  0.00505047  0.
  -0.0029456   0.          0.0043      0.00410839]
 [-0.0006305   0.0034227  -0.00269036 -0.00868457  0.00210302  0.
  -0.00037888  0.          0.00140502  0.00322144]
 [-0.000196   -0.00017865  0.00014768 -0.01467714  0.00036064  0.
   0.00274909  0.         -0.00089705  0.00722202]
 [ 0.00701681 -0.00337363  0.00068972 -0.01138434 -0.00389671  0.
   0.00525353  0.         -0.00109505  0.01000527]
 [ 0.01256419  0.00497502 -0.00333627  0.01712204 -0.00118388  0.
  -0.00193536  0.         -0.00381559  0.00559827]] 
Episode: 73: [[ 2.24716775e-03 -5.43174741e-04  5.76379825e-04 -4.88332845e-03
   5.12834592e-03  0.00000000e+00 -2.94182589e-03  0.00000000e+00
   4.36207280e-03  4.24189027e-03]
 [-5.26595570e-04  3.37092369e-03 -2.77308421e-03 -8.61759670e-03
   2.17084144e-03  0.00000000e+00 -4.00556368e-04  0.00000000e+00
   1.45522971e-03  3.44883068e-03]
 [-6.37730918e-05 -2.13541964e-04  7.03238475e-05 -1.46306930e-02
   4.24052181e-04  0.00000000e+00  2.78706336e-03  0.00000000e+00
  -8.83869827e-04  7.51806516e-03]
 [ 7.18731759e-03 -3.41682322e-03  6.07610156e-04 -1.13239782e-02
  -3.85417044e-03  0.00000000e+00  5.31068956e-03  0.00000000e+00
  -1.14714797e-03  1.03267245e-02]
 [ 1.27239898e-02  5.09708049e-03 -3.49152042e-03  1.72381606e-02
  -1.13071722e-03  0.00000000e+00 -1.97759690e-03  0.00000000e+00
  -3.93230096e-03  5.58592891e-03]] 
Episode: 74: [[ 2.3290184e-03 -4.7519003e-04  5.0633895e-04 -4.7686435e-03
   5.2543669e-03  0.0000000e+00 -2.8884097e-03  0.0000000e+00
   4.3674819e-03  4.4134068e-03]
 [-4.8367394e-04  3.3768218e-03 -2.9042203e-03 -8.4993057e-03
   2.2842651e-03  0.0000000e+00 -3.6944658e-04  0.0000000e+00
   1.4503972e-03  3.7037663e-03]
 [ 5.1971215e-06 -1.9253312e-04 -5.1488460e-05 -1.4534162e-02
   5.3207437e-04  0.0000000e+00  2.8712621e-03  0.0000000e+00
  -9.2235394e-04  7.8348201e-03]
 [ 7.2907438e-03 -3.4044026e-03  4.8260996e-04 -1.1324570e-02
  -3.7655276e-03  0.0000000e+00  5.4121572e-03  0.0000000e+00
  -1.2440576e-03  1.0565777e-02]
 [ 1.2917823e-02  5.1561194e-03 -3.6824907e-03  1.7393777e-02
  -1.0325427e-03  0.0000000e+00 -1.9655821e-03  0.0000000e+00
  -3.9873165e-03  5.6248475e-03]] 
Episode: 75: [[ 2.4531512e-03 -3.5672323e-04  3.8195992e-04 -4.7299303e-03
   5.4235370e-03  0.0000000e+00 -2.8903577e-03  0.0000000e+00
   4.3219118e-03  4.5163068e-03]
 [-4.9561326e-04  3.4345475e-03 -3.0787247e-03 -8.4511349e-03
   2.4386642e-03  0.0000000e+00 -3.9205537e-04  0.0000000e+00
   1.3960275e-03  3.9834832e-03]
 [ 1.7237720e-05 -1.2128989e-04 -2.1324842e-04 -1.4502124e-02
   6.8021897e-04  0.0000000e+00  2.9970580e-03  0.0000000e+00
  -1.0073263e-03  8.1702061e-03]
 [ 7.4338433e-03 -3.3419719e-03  3.1904227e-04 -1.1379858e-02
  -3.7361134e-03  0.0000000e+00  5.5534942e-03  0.0000000e+00
  -1.3812927e-03  1.0831123e-02]
 [ 1.3142286e-02  5.2600149e-03 -3.8030108e-03  1.7584907e-02
  -9.9452143e-04  0.0000000e+00 -1.9047487e-03  0.0000000e+00
  -4.0868488e-03  5.7098931e-03]] 
Episode: 76: [[ 2.51438003e-03 -3.07634618e-04  3.31775867e-04 -4.63149743e-03
   5.51965972e-03  0.00000000e+00 -2.84209242e-03  0.00000000e+00
   4.33133496e-03  4.55750246e-03]
 [-5.56908024e-04  3.43407947e-03 -3.17884888e-03 -8.35000165e-03
   2.52516894e-03  0.00000000e+00 -3.61807732e-04  0.00000000e+00
   1.39711529e-03  4.18490032e-03]
 [-2.19536250e-05 -1.09528155e-04 -3.06567614e-04 -1.44186923e-02
   7.62569078e-04  0.00000000e+00  3.16028809e-03  0.00000000e+00
  -1.03345665e-03  8.42167437e-03]
 [ 7.51260947e-03 -3.33704287e-03  2.22972274e-04 -1.13748675e-02
  -3.75999068e-03  0.00000000e+00  5.73071092e-03  0.00000000e+00
  -1.45478081e-03  1.10196956e-02]
 [ 1.32942759e-02  5.40425954e-03 -3.86017328e-03  1.78079717e-02
  -1.01062434e-03  0.00000000e+00 -1.90001947e-03  0.00000000e+00
  -4.12640581e-03  5.73641248e-03]] 
Episode: 77: [[ 2.6199406e-03 -3.2072008e-04  2.2562381e-04 -4.4798129e-03
   5.6617851e-03  0.0000000e+00 -2.8486720e-03  0.0000000e+00
   4.3902365e-03  4.6459166e-03]
 [-5.6152104e-04  3.3813114e-03 -3.3252877e-03 -8.2014473e-03
   2.6552889e-03  0.0000000e+00 -3.8517173e-04  0.0000000e+00
   1.4481109e-03  4.3158624e-03]
 [-7.1990089e-06 -4.6672863e-05 -4.4263733e-04 -1.4289143e-02
   8.8758761e-04  0.0000000e+00  3.2571731e-03  0.0000000e+00
  -1.0066425e-03  8.5976338e-03]
 [ 7.6335128e-03 -3.2813905e-03  8.5464868e-05 -1.1315777e-02
  -3.7311374e-03  0.0000000e+00  5.8401832e-03  0.0000000e+00
  -1.5709343e-03  1.1139184e-02]
 [ 1.3481078e-02  5.5847978e-03 -3.9628432e-03  1.7957572e-02
  -9.7480346e-04  0.0000000e+00 -1.8457467e-03  0.0000000e+00
  -4.2120223e-03  5.7102623e-03]] 
Episode: 78: [[ 2.6644748e-03 -2.7542230e-04  6.9468981e-05 -4.4070715e-03
   5.7338136e-03  0.0000000e+00 -2.9046084e-03  0.0000000e+00
   4.4936552e-03  4.7767907e-03]
 [-5.1513879e-04  3.3861641e-03 -3.5132298e-03 -8.1256693e-03
   2.7200342e-03  0.0000000e+00 -4.5676756e-04  0.0000000e+00
   1.5440205e-03  4.4840029e-03]
 [ 5.6103327e-05  6.2102401e-05 -6.1712833e-04 -1.4227192e-02
   9.4916206e-04  0.0000000e+00  3.2943517e-03  0.0000000e+00
  -1.0328352e-03  8.8063059e-03]
 [ 7.7923373e-03 -3.1801222e-03 -8.9308844e-05 -1.1208133e-02
  -3.6548388e-03  0.0000000e+00  5.8886902e-03  0.0000000e+00
  -1.7254839e-03  1.1296921e-02]
 [ 1.3599179e-02  5.6965067e-03 -4.1064364e-03  1.8143242e-02
  -8.9226215e-04  0.0000000e+00 -1.8469177e-03  0.0000000e+00
  -4.2390595e-03  5.7367431e-03]] 
Episode: 79: [[ 2.7549979e-03 -1.7780277e-04 -1.3135538e-04 -4.2789052e-03
   5.8541154e-03  0.0000000e+00 -3.0049630e-03  0.0000000e+00
   4.6371273e-03  4.9458453e-03]
 [-4.2287708e-04  3.4428060e-03 -3.7383602e-03 -8.0001289e-03
   2.8305179e-03  0.0000000e+00 -4.7062919e-04  0.0000000e+00
   1.5803230e-03  4.6855956e-03]
 [ 6.3051542e-05  2.1214725e-04 -8.2614907e-04 -1.4117085e-02
   1.0554609e-03  0.0000000e+00  3.3778250e-03  0.0000000e+00
  -1.1067231e-03  8.9437682e-03]
 [ 7.8852614e-03 -3.0378313e-03 -2.9759732e-04 -1.1056915e-02
  -3.5358497e-03  0.0000000e+00  5.8823316e-03  0.0000000e+00
  -1.9145879e-03  1.1388671e-02]
 [ 1.3755481e-02  5.7462957e-03 -4.2868303e-03  1.8259235e-02
  -7.6768227e-04  0.0000000e+00 -1.8979850e-03  0.0000000e+00
  -4.2133788e-03  5.7105618e-03]] 
Episode: 80: [[ 2.7860161e-03 -3.3295866e-05 -2.5098029e-04 -4.2267172e-03
   5.9067234e-03  0.0000000e+00 -3.0452677e-03  0.0000000e+00
   4.7158338e-03  5.0466438e-03]
 [-3.9037154e-04  3.4415070e-03 -3.8844247e-03 -7.9447515e-03
   2.8776729e-03  0.0000000e+00 -4.3254811e-04  0.0000000e+00
   1.6630065e-03  4.8167342e-03]
 [ 1.9284189e-05  2.9492716e-04 -9.6211629e-04 -1.4072467e-02
   1.1002213e-03  0.0000000e+00  3.5029610e-03  0.0000000e+00
  -1.1229034e-03  9.0171546e-03]
 [ 7.9188785e-03 -2.9609767e-03 -4.3397507e-04 -1.0975383e-02
  -3.4790940e-03  0.0000000e+00  5.9266211e-03  0.0000000e+00
  -2.0347647e-03  1.1421040e-02]
 [ 1.3846137e-02  5.7403804e-03 -4.3979404e-03  1.8312553e-02
  -7.0586748e-04  0.0000000e+00 -1.8939322e-03  0.0000000e+00
  -4.1402546e-03  5.6369868e-03]] 
Episode: 81: [[ 2.8643629e-03  3.9798277e-05 -2.9794956e-04 -4.2424062e-03
   6.0094078e-03  0.0000000e+00 -3.1315519e-03  0.0000000e+00
   4.7362656e-03  5.0860541e-03]
 [-3.1061246e-04  3.3881266e-03 -3.9595603e-03 -7.9522636e-03
   2.9722725e-03  0.0000000e+00 -4.4882682e-04  0.0000000e+00
   1.7874307e-03  4.8844758e-03]
 [ 2.9913857e-05  3.1723850e-04 -1.0324047e-03 -1.4086648e-02
   1.0896247e-03  0.0000000e+00  3.5655699e-03  0.0000000e+00
  -1.0871576e-03  9.0328846e-03]
 [ 7.9991445e-03 -2.9429777e-03 -5.0566864e-04 -1.0956422e-02
  -3.4783364e-03  0.0000000e+00  5.9164697e-03  0.0000000e+00
  -2.0929105e-03  1.1399974e-02]
 [ 1.3977735e-02  5.7857628e-03 -4.4467347e-03  1.8309498e-02
  -5.9994904e-04  0.0000000e+00 -1.8402740e-03  0.0000000e+00
  -4.1244556e-03  5.6207818e-03]] 
Episode: 82: [[ 2.88443803e-03  4.88524893e-05 -2.79909145e-04 -4.31873370e-03
   6.04635989e-03  0.00000000e+00 -3.15919612e-03  0.00000000e+00
   4.70426306e-03  5.07025328e-03]
 [-2.89341144e-04  3.28793237e-03 -3.97106726e-03 -8.01614486e-03
   3.00520658e-03  0.00000000e+00 -4.12937399e-04  0.00000000e+00
   1.84940035e-03  4.89516975e-03]
 [-1.05377185e-05  2.85191432e-04 -1.04364497e-03 -1.41536230e-02
   1.02923182e-03  0.00000000e+00  3.67192645e-03  0.00000000e+00
  -1.00468809e-03  8.99673533e-03]
 [ 8.02137237e-03 -2.97791488e-03 -5.19178226e-04 -1.09936427e-02
  -3.52796679e-03  0.00000000e+00  5.95734362e-03  0.00000000e+00
  -2.09523062e-03  1.13308253e-02]
 [ 1.40461614e-02  5.77590382e-03 -4.43948060e-03  1.83577631e-02
  -5.54917264e-04  0.00000000e+00 -1.74197275e-03  0.00000000e+00
  -4.06022696e-03  5.65620745e-03]] 
Episode: 83: [[ 2.95292470e-03  1.13493246e-04 -3.23735614e-04 -4.32514772e-03
   6.13481645e-03  0.00000000e+00 -3.23408423e-03  0.00000000e+00
   4.72584739e-03  5.10727754e-03]
 [-2.19705995e-04  3.24996049e-03 -4.03731735e-03 -8.01650342e-03
   3.08695529e-03  0.00000000e+00 -4.31172026e-04  0.00000000e+00
   1.95518066e-03  4.95505705e-03]
 [ 3.07361165e-06  2.04279204e-04 -1.10571308e-03 -1.41596673e-02
   1.02573738e-03  0.00000000e+00  3.71763646e-03  0.00000000e+00
  -8.80175619e-04  9.01450496e-03]
 [ 8.09138548e-03 -2.95823324e-03 -5.82316134e-04 -1.09729003e-02
  -3.52232251e-03  0.00000000e+00  5.94412070e-03  0.00000000e+00
  -2.04730988e-03  1.13187833e-02]
 [ 1.41577534e-02  5.81771741e-03 -4.48409282e-03  1.84521880e-02
  -4.64110955e-04  0.00000000e+00 -1.70351227e-03  0.00000000e+00
  -4.05243086e-03  5.63808111e-03]] 
Episode: 84: [[ 3.06497025e-03  1.15160365e-04 -3.03219887e-04 -4.39273147e-03
   6.15914585e-03  0.00000000e+00 -3.35149048e-03  0.00000000e+00
   4.79564862e-03  5.08936495e-03]
 [-1.06556472e-04  3.16368416e-03 -4.04102588e-03 -8.07373971e-03
   3.10839200e-03  0.00000000e+00 -4.98103269e-04  0.00000000e+00
   2.10038922e-03  4.95869201e-03]
 [ 6.53395400e-05  7.94406442e-05 -1.10961508e-03 -1.42192058e-02
   9.71758505e-04  0.00000000e+00  3.70876677e-03  0.00000000e+00
  -7.17832183e-04  8.98019969e-03]
 [ 8.20440426e-03 -2.99162511e-03 -5.88156108e-04 -1.10083958e-02
  -3.56754591e-03  0.00000000e+00  5.88221196e-03  0.00000000e+00
  -1.95417390e-03  1.12577612e-02]
 [ 1.43081918e-02  5.90601796e-03 -4.57535498e-03  1.85881332e-02
  -4.32669331e-04  0.00000000e+00 -1.61889044e-03  0.00000000e+00
  -4.09542257e-03  5.67177590e-03]] 
Episode: 85: [[ 3.2162087e-03  6.0346407e-05 -2.2511586e-04 -4.5149857e-03
   6.1259172e-03  0.0000000e+00 -3.4071472e-03  0.0000000e+00
   4.9088346e-03  5.0220420e-03]
 [ 4.5744153e-05  3.0339863e-03 -3.9886222e-03 -8.1819668e-03
   3.0756069e-03  0.0000000e+00 -5.0781743e-04  0.0000000e+00
   2.1810676e-03  4.9117077e-03]
 [ 1.7139294e-04  1.9175726e-05 -1.0612208e-03 -1.4326781e-02
   8.7236508e-04  0.0000000e+00  3.7507915e-03  0.0000000e+00
  -6.2202371e-04  8.8990359e-03]
 [ 8.3561270e-03 -2.9705837e-03 -5.4245471e-04 -1.1094390e-02
  -3.6585415e-03  0.0000000e+00  5.8765025e-03  0.0000000e+00
  -1.9203601e-03  1.1152662e-02]
 [ 1.4493591e-02  5.9348079e-03 -4.6063582e-03  1.8659480e-02
  -3.5410139e-04  0.0000000e+00 -1.4927249e-03  0.0000000e+00
  -4.0841075e-03  5.6520933e-03]] 
Episode: 86: [[ 3.4027111e-03  6.7314118e-05 -9.5471856e-05 -4.5632324e-03
   6.1510731e-03  0.0000000e+00 -3.5072439e-03  0.0000000e+00
   5.0610583e-03  4.9102795e-03]
 [ 1.3232356e-04  2.8652565e-03 -3.8858769e-03 -8.2224887e-03
   2.9940759e-03  0.0000000e+00 -5.6706718e-04  0.0000000e+00
   2.3036837e-03  4.9196766e-03]
 [ 2.1682518e-04 -8.7037166e-05 -9.6580817e-04 -1.4369506e-02
   7.3211803e-04  0.0000000e+00  3.7386068e-03  0.0000000e+00
  -4.8551947e-04  8.8762818e-03]
 [ 8.4426692e-03 -3.0027230e-03 -4.5039039e-04 -1.1117677e-02
  -3.7907243e-03  0.0000000e+00  5.8213575e-03  0.0000000e+00
  -1.8399217e-03  1.1108258e-02]
 [ 1.4710455e-02  6.0113715e-03 -4.5831599e-03  1.8774634e-02
  -3.3366471e-04  0.0000000e+00 -1.4291839e-03  0.0000000e+00
  -4.1239304e-03  5.5843731e-03]] 
Episode: 87: [[ 3.5201472e-03  1.2970316e-04  8.0294914e-05 -4.6677627e-03
   6.1187330e-03  0.0000000e+00 -3.6473356e-03  0.0000000e+00
   5.2484074e-03  4.8608989e-03]
 [ 1.5976833e-04  2.7655161e-03 -3.7379691e-03 -8.3155036e-03
   2.8687227e-03  0.0000000e+00 -6.7088613e-04  0.0000000e+00
   2.4640425e-03  4.9770963e-03]
 [ 2.0770008e-04 -1.3060402e-04 -8.2812330e-04 -1.4461856e-02
   5.5512058e-04  0.0000000e+00  3.6776348e-03  0.0000000e+00
  -4.1295527e-04  8.9060888e-03]
 [ 8.5705621e-03 -2.9805833e-03 -3.1662162e-04 -1.1192585e-02
  -3.9599687e-03  0.0000000e+00  5.8217333e-03  0.0000000e+00
  -1.8175339e-03  1.1118473e-02]
 [ 1.4955636e-02  6.0296184e-03 -4.5112083e-03  1.8929195e-02
  -3.6553809e-04  0.0000000e+00 -1.4220035e-03  0.0000000e+00
  -4.1097649e-03  5.5734315e-03]] 
Episode: 88: [[ 0.00367622  0.00023565  0.00017998 -0.00480105  0.00614455  0.
  -0.00382342  0.          0.00536665  0.00481573]
 [ 0.00023493  0.00272781 -0.00366053 -0.00844934  0.00280795  0.
  -0.00081481  0.          0.00255836  0.00497965]
 [ 0.0002495  -0.00011784 -0.00075609 -0.01455164  0.00044665  0.
   0.00357276  0.         -0.00039793  0.00895232]
 [ 0.00873567 -0.00290962 -0.00024718 -0.01120602 -0.00406199  0.
   0.00577207  0.         -0.00184739  0.01117784]
 [ 0.0152263   0.00609668 -0.00449753  0.0191192  -0.00034396  0.
  -0.00146555  0.         -0.00414702  0.00561359]] 
Episode: 89: [[ 0.00386706  0.00027481  0.00032859 -0.00498185  0.00622256  0.
  -0.00393189  0.          0.00552341  0.00482657]
 [ 0.00025211  0.0026419  -0.00353552 -0.0086261   0.00270132  0.
  -0.00089383  0.          0.00269325  0.00493169]
 [ 0.00023711 -0.00015829 -0.00063949 -0.01468655  0.00029826  0.
   0.00352837  0.         -0.00033413  0.00894339]
 [ 0.00883426 -0.0028968  -0.00013378 -0.01127196 -0.00420409  0.
   0.00577737  0.         -0.00182426  0.0111811 ]
 [ 0.01541989  0.00610639 -0.00453628  0.01934109 -0.0003748   0.
  -0.00145473  0.         -0.00413055  0.00569974]] 
Episode: 90: [[ 3.9884164e-03  3.6595479e-04  4.0304707e-04 -5.2051181e-03
   6.3474481e-03  0.0000000e+00 -3.9795120e-03  0.0000000e+00
   5.6141303e-03  4.7848658e-03]
 [ 2.1711651e-04  2.6165792e-03 -3.3678210e-03 -8.8413507e-03
   2.6573313e-03  0.0000000e+00 -9.1445807e-04  0.0000000e+00
   2.7646408e-03  4.9387780e-03]
 [ 1.7594341e-04 -1.4277569e-04 -4.8280985e-04 -1.4861993e-02
   2.1550589e-04  0.0000000e+00  3.5384272e-03  0.0000000e+00
  -3.2698998e-04  8.9858864e-03]
 [ 8.8729849e-03 -2.8342456e-03  1.9143032e-05 -1.1277438e-02
  -4.2816829e-03  0.0000000e+00  5.8321496e-03  0.0000000e+00
  -1.8534395e-03  1.1234195e-02]
 [ 1.5544119e-02  6.0645053e-03 -4.5201094e-03  1.9591650e-02
  -4.5280802e-04  0.0000000e+00 -1.4949996e-03  0.0000000e+00
  -4.0657157e-03  5.8272709e-03]] 
Episode: 91: [[ 4.0472485e-03  5.0374446e-04  5.2875135e-04 -5.4663410e-03
   6.4050262e-03  0.0000000e+00 -4.0723728e-03  0.0000000e+00
   5.6454306e-03  4.6959184e-03]
 [ 1.3518668e-04  2.5418671e-03 -3.1618192e-03 -9.0910941e-03
   2.5658500e-03  0.0000000e+00 -8.8254648e-04  0.0000000e+00
   2.7788912e-03  4.8949113e-03]
 [ 7.0884613e-05 -1.8069550e-04 -2.9009528e-04 -1.5073820e-02
   9.0280926e-05  0.0000000e+00  3.5974826e-03  0.0000000e+00
  -2.7029667e-04  9.0746470e-03]
 [ 8.8578342e-03 -2.8289664e-03  2.0763227e-04 -1.1336128e-02
  -4.4017900e-03  0.0000000e+00  5.9314538e-03  0.0000000e+00
  -1.8297007e-03  1.1332149e-02]
 [ 1.5605918e-02  5.9761992e-03 -4.4545308e-03  1.9766208e-02
  -5.7326123e-04  0.0000000e+00 -1.4812382e-03  0.0000000e+00
  -3.9573647e-03  5.9920554e-03]] 
Episode: 92: [[ 4.15056525e-03  5.71780896e-04  5.82924520e-04 -5.64011000e-03
   6.51141210e-03  0.00000000e+00 -4.20595007e-03  0.00000000e+00
   5.72393695e-03  4.66730492e-03]
 [ 1.11895526e-04  2.52656848e-03 -3.03185289e-03 -9.25927237e-03
   2.53544329e-03  0.00000000e+00 -9.04299552e-04  0.00000000e+00
   2.74171308e-03  4.90567833e-03]
 [ 2.63432630e-05 -1.62953569e-04 -1.68465049e-04 -1.52102411e-02
   2.83516129e-05  0.00000000e+00  3.60062858e-03  0.00000000e+00
  -2.69537675e-04  9.20503680e-03]
 [ 8.89420230e-03 -2.77322368e-03  3.26362555e-04 -1.13351857e-02
  -4.45960788e-03  0.00000000e+00  5.97082358e-03  0.00000000e+00
  -1.85833930e-03  1.13701392e-02]
 [ 1.57115404e-02  5.94734401e-03 -4.44653770e-03  1.98723879e-02
  -6.31414528e-04  0.00000000e+00 -1.51885627e-03  0.00000000e+00
  -3.90985282e-03  6.09035697e-03]] 
Episode: 93: [[ 4.2939102e-03  6.8864663e-04  6.9015968e-04 -5.7355622e-03
   6.6616181e-03  0.0000000e+00 -4.3761716e-03  0.0000000e+00
   5.7442524e-03  4.5901663e-03]
 [ 1.4136801e-04  2.5646940e-03 -2.9701588e-03 -9.3542468e-03
   2.5599552e-03  0.0000000e+00 -8.7341067e-04  0.0000000e+00
   2.6582498e-03  4.8651267e-03]
 [ 3.6266658e-05 -9.5160853e-05 -1.1076175e-04 -1.5278919e-02
   2.3368662e-05  0.0000000e+00  3.6534630e-03  0.0000000e+00
  -3.1911282e-04  9.3728825e-03]
 [ 8.8769300e-03 -2.6720865e-03  3.8233414e-04 -1.1280670e-02
  -4.4613732e-03  0.0000000e+00  6.0562589e-03  0.0000000e+00
  -1.8341108e-03  1.1454491e-02]
 [ 1.5756596e-02  5.8707767e-03 -4.4903466e-03  1.9917052e-02
  -6.3350471e-04  0.0000000e+00 -1.6027155e-03  0.0000000e+00
  -3.8170894e-03  6.2288307e-03]] 
Episode: 94: [[ 4.3725455e-03  8.4932498e-04  7.2800752e-04 -5.7608825e-03
   6.8511632e-03  0.0000000e+00 -4.5793732e-03  0.0000000e+00
   5.7122046e-03  4.4693858e-03]
 [ 2.1831761e-04  2.5471267e-03 -2.9697642e-03 -9.3835238e-03
   2.6338501e-03  0.0000000e+00 -8.9607260e-04  0.0000000e+00
   2.6331362e-03  4.7783940e-03]
 [ 9.5207513e-05 -8.5983258e-05 -1.1054804e-04 -1.5286737e-02
   6.9619433e-05  0.0000000e+00  3.6510110e-03  0.0000000e+00
  -3.1347261e-04  9.4734216e-03]
 [ 8.9113880e-03 -2.6320526e-03  3.8184505e-04 -1.1178026e-02
  -4.4126976e-03  0.0000000e+00  6.0831476e-03  0.0000000e+00
  -1.8623081e-03  1.1480245e-02]
 [ 1.5847148e-02  5.8524702e-03 -4.4787764e-03  1.9906374e-02
  -5.8514433e-04  0.0000000e+00 -1.7281910e-03  0.0000000e+00
  -3.7836055e-03  6.4034592e-03]] 
Episode: 95: [[ 4.4936705e-03  1.0493116e-03  8.2034292e-04 -5.7234042e-03
   7.0760227e-03  0.0000000e+00 -4.8122560e-03  0.0000000e+00
   5.6330375e-03  4.4120797e-03]
 [ 3.3798735e-04  2.5831659e-03 -3.0244063e-03 -9.3538407e-03
   2.7521490e-03  0.0000000e+00 -9.6691959e-04  0.0000000e+00
   2.5605315e-03  4.7505745e-03]
 [ 1.9826343e-04 -2.5938452e-05 -1.6203419e-04 -1.5239884e-02
   1.6196410e-04  0.0000000e+00  3.5988018e-03  0.0000000e+00
  -3.5864863e-04  9.6143940e-03]
 [ 8.9924028e-03 -2.5450727e-03  3.3056160e-04 -1.1139301e-02
  -4.3186313e-03  0.0000000e+00  6.1573498e-03  0.0000000e+00
  -1.9376881e-03  1.1553580e-02]
 [ 1.5878644e-02  5.7854094e-03 -4.4173878e-03  1.9845909e-02
  -4.9138407e-04  0.0000000e+00 -1.7911160e-03  0.0000000e+00
  -3.7034678e-03  6.6106264e-03]] 
Episode: 96: [[ 4.5523187e-03  1.2845622e-03  8.4505352e-04 -5.6296978e-03
   7.3325802e-03  0.0000000e+00 -5.0718514e-03  0.0000000e+00
   5.5114701e-03  4.4118660e-03]
 [ 3.9526244e-04  2.5637662e-03 -3.1284604e-03 -9.2712482e-03
   2.9103742e-03  0.0000000e+00 -1.0811232e-03  0.0000000e+00
   2.5451898e-03  4.6753059e-03]
 [ 2.4100395e-04 -2.3687437e-05 -2.6001281e-04 -1.5143918e-02
   2.9577813e-04  0.0000000e+00  3.5018115e-03  0.0000000e+00
  -3.4905571e-04  9.6907634e-03]
 [ 9.0153133e-03 -2.5177542e-03  2.3358177e-04 -1.1050943e-02
  -4.1837189e-03  0.0000000e+00  6.1741294e-03  0.0000000e+00
  -1.9555273e-03  1.1569423e-02]
 [ 1.5856987e-02  5.7756430e-03 -4.4131167e-03  1.9740652e-02
  -3.5676907e-04  0.0000000e+00 -1.8977503e-03  0.0000000e+00
  -3.6813463e-03  6.7470735e-03]] 
Episode: 97: [[ 4.6554487e-03  1.5514453e-03  8.0913724e-04 -5.4856511e-03
   7.5089126e-03  0.0000000e+00 -5.3554885e-03  0.0000000e+00
   5.3517488e-03  4.4630044e-03]
 [ 3.9639283e-04  2.5981138e-03 -3.2768741e-03 -9.1411779e-03
   3.1044986e-03  0.0000000e+00 -1.2343391e-03  0.0000000e+00
   2.4813805e-03  4.5573381e-03]
 [ 2.2946129e-04  3.0084528e-05 -3.9980028e-04 -1.5003835e-02
   4.6690070e-04  0.0000000e+00  3.3645185e-03  0.0000000e+00
  -3.9066852e-04  9.7090025e-03]
 [ 8.9859311e-03 -2.4422372e-03  9.5492236e-05 -1.0917995e-02
  -4.0120506e-03  0.0000000e+00  6.1392291e-03  0.0000000e+00
  -2.0215847e-03  1.1533527e-02]
 [ 1.5887497e-02  5.7162810e-03 -4.3583182e-03  1.9595101e-02
  -1.8538949e-04  0.0000000e+00 -1.9437188e-03  0.0000000e+00
  -3.6114352e-03  6.9198776e-03]] 
Episode: 98: [[ 4.7986056e-03  1.8467002e-03  7.1887131e-04 -5.2965400e-03
   7.7217408e-03  0.0000000e+00 -5.6607625e-03  0.0000000e+00
   5.1576947e-03  4.5603309e-03]
 [ 4.4781767e-04  2.5772348e-03 -3.4651090e-03 -8.9685069e-03
   3.3309003e-03  0.0000000e+00 -1.4226575e-03  0.0000000e+00
   2.3739503e-03  4.5013996e-03]
 [ 2.6908156e-04  2.6733736e-05 -5.7718396e-04 -1.4824125e-02
   6.7158806e-04  0.0000000e+00  3.1909535e-03  0.0000000e+00
  -4.7836098e-04  9.7758956e-03]
 [ 9.0094889e-03 -2.4252110e-03 -7.9580343e-05 -1.0744988e-02
  -3.8073063e-03  0.0000000e+00  6.0578170e-03  0.0000000e+00
  -2.1310379e-03  1.1551374e-02]
 [ 1.5864955e-02  5.7134288e-03 -4.2580655e-03  1.9514959e-02
   1.9073894e-05  0.0000000e+00 -2.0350921e-03  0.0000000e+00
  -3.5985170e-03  7.0253988e-03]] 
Episode: 99: [[ 4.9777795e-03  2.1673983e-03  6.9567742e-04 -5.0670938e-03
   7.8588696e-03  0.0000000e+00 -5.9855101e-03  0.0000000e+00
   4.9327468e-03  4.6991999e-03]
 [ 5.4449879e-04  2.5066917e-03 -3.6890884e-03 -8.8689979e-03
   3.5863221e-03  0.0000000e+00 -1.6425606e-03  0.0000000e+00
   2.3272652e-03  4.5012822e-03]
 [ 3.5474799e-04 -2.7988004e-05 -7.8837486e-04 -1.4716219e-02
   9.0647180e-04  0.0000000e+00  2.9847440e-03  0.0000000e+00
  -5.0703954e-04  9.8865675e-03]
 [ 9.0806922e-03 -2.4608055e-03 -2.8792306e-04 -1.0642808e-02
  -3.5727981e-03  0.0000000e+00  5.9345448e-03  0.0000000e+00
  -2.1795437e-03  1.1617586e-02]
 [ 1.5894668e-02  5.7614231e-03 -4.2187907e-03  1.9392025e-02
   2.5330868e-04  0.0000000e+00 -2.0673261e-03  0.0000000e+00
  -3.6368924e-03  7.0703658e-03]] 
Episode: 100: [[ 5.1893634e-03  2.5109106e-03  7.3263142e-04 -4.8015504e-03
   8.0363518e-03  0.0000000e+00 -6.3277832e-03  0.0000000e+00
   4.6799998e-03  4.8754327e-03]
 [ 6.8190263e-04  2.4949668e-03 -3.9451499e-03 -8.7239332e-03
   3.8678339e-03  0.0000000e+00 -1.8908827e-03  0.0000000e+00
   2.2352473e-03  4.5513986e-03]
 [ 4.8185550e-04 -2.5531312e-05 -1.0299649e-03 -1.4565528e-02
   1.1685211e-03  0.0000000e+00  2.7491546e-03  0.0000000e+00
  -5.8308640e-04  9.9356929e-03]
 [ 9.1947764e-03 -2.4419294e-03 -5.2619545e-04 -1.0604282e-02
  -3.3115062e-03  0.0000000e+00  5.7735988e-03  0.0000000e+00
  -2.2732003e-03  1.1627026e-02]
 [ 1.5971411e-02  5.8551673e-03 -4.2343740e-03  1.9230593e-02
   4.1388432e-04  0.0000000e+00 -2.0463353e-03  0.0000000e+00
  -3.7214316e-03  7.0608347e-03]] 
Episode: 101: [[ 5.3294390e-03  2.8748757e-03  8.2352041e-04 -4.5037093e-03
   8.1418073e-03  0.0000000e+00 -6.5858266e-03  0.0000000e+00
   4.4022379e-03  4.9827266e-03]
 [ 7.5516122e-04  2.4326982e-03 -4.1207303e-03 -8.5379872e-03
   4.0694010e-03  0.0000000e+00 -2.0639284e-03  0.0000000e+00
   2.2024328e-03  4.5462814e-03]
 [ 5.4624391e-04 -7.4990319e-05 -1.1957551e-03 -1.4483627e-02
   1.3536522e-03  0.0000000e+00  2.5871261e-03  0.0000000e+00
  -6.0129008e-04  9.9294363e-03]
 [ 9.2474502e-03 -2.4758391e-03 -6.8981579e-04 -1.0622962e-02
  -3.1265998e-03  0.0000000e+00  5.6787487e-03  0.0000000e+00
  -2.3074897e-03  1.1685669e-02]
 [ 1.5990479e-02  5.8889785e-03 -4.1974830e-03  1.9034529e-02
   5.0817279e-04  0.0000000e+00 -1.9774421e-03  0.0000000e+00
  -3.7475154e-03  7.1022580e-03]] 
Episode: 102: [[ 0.00540517  0.00314698  0.00096277 -0.00429547  0.00829072  0.
  -0.00676806  0.          0.00410197  0.00502801]
 [ 0.0007707   0.00232498 -0.00422401 -0.00842632  0.00430243  0.
  -0.00216924  0.          0.0022229   0.00449146]
 [ 0.00055419 -0.00017114 -0.00139647 -0.01446354  0.00157092  0.
   0.0024913   0.         -0.00056744  0.00987335]
 [ 0.00924486 -0.00255724 -0.00088783 -0.01058647 -0.00290995  0.
   0.00564339  0.         -0.00228835  0.0116883 ]
 [ 0.01595764  0.00586886 -0.00411338  0.01890889  0.00064325  0.
  -0.00196544  0.         -0.00372099  0.00718954]] 
