783057.437500 11663.957031 26149.894531 4044.686523 59766.968750 
43325.554688 106627.539062 5225.110840 79686.218750 176721.484375 
626144.000000 2991.615967 19411.289062 3677.673096 46168.761719 
617157.937500 17044.501953 273303.093750 700265.875000 55230.414062 
377015.781250 17203.654297 282405.187500 6142.645508 190759.593750 
192128.953125 80997.648438 267635.031250 346983.343750 43546.179688 
652023.062500 35613.054688 59265.093750 87469.218750 147035.500000 
459028.156250 17468.392578 80058.460938 3767.574219 107495.210938 
70744.812500 191840.156250 14728.622070 106776.570312 28319.132812 
40857.703125 158804.046875 11159.308594 261642.078125 39826.398438 
634450.625000 14361.543945 49117.453125 7460.753906 39007.437500 
157875.171875 88658.882812 25031.042969 34128.800781 348842.718750 
336833.656250 77767.265625 18049.923828 44011.925781 322642.500000 
199937.187500 80224.648438 28095.837891 28005.972656 193462.734375 
799058.375000 54703.980469 45066.906250 39751.304688 6116.644043 
366213.500000 131862.937500 160432.125000 91807.648438 168894.890625 
107134.093750 178337.609375 645146.625000 288909.062500 70154.304688 
214723.031250 69230.750000 59272.179688 5185.761230 156117.921875 
1107111.375000 1887.891968 27213.244141 22208.921875 5160.701172 
580172.500000 34098.453125 87156.468750 2765.970215 210859.234375 
