105378.437500 14043.555664 16479.599609 14887.298828 90887.679688 
103146.945312 29062.457031 19268.816406 11910.240234 68513.414062 
90406.039062 9904.354492 6957.597656 5669.558594 57848.507812 
92565.742188 14736.918945 11197.097656 5875.469727 47291.078125 
95403.578125 15591.557617 9125.060547 7208.083984 53273.246094 
94767.289062 12259.726562 10324.599609 9013.624023 59129.406250 
94952.242188 12946.827148 14647.800781 6880.702148 30070.097656 
118705.421875 17079.521484 14120.245117 13207.290039 90860.703125 
94268.265625 15446.536133 12491.328125 7763.667969 109253.492188 
95383.195312 23072.537109 22605.478516 11309.871094 115191.320312 
90548.648438 11171.797852 7177.447754 6646.856934 105756.835938 
109864.812500 25795.802734 21276.189453 13272.401367 168408.359375 
96915.000000 31721.296875 34590.589844 25208.093750 114583.468750 
97810.101562 13138.864258 11638.890625 11802.723633 75175.187500 
100883.007812 20345.759766 13634.921875 15678.476562 64587.652344 
101464.976562 13468.829102 10482.226562 9484.597656 97346.054688 
99416.562500 17066.435547 15610.618164 9638.745117 35582.359375 
99773.507812 12358.461914 8578.645508 5845.376465 57648.000000 
99207.867188 12499.247070 8757.016602 6478.944336 56573.945312 
117609.039062 16826.197266 16110.866211 12397.389648 118270.250000 
