265818.781250 41759.074219 45345.519531 132633.453125 64780.246094 
284909.406250 73527.648438 76893.367188 321387.531250 70364.828125 
273409.812500 70374.835938 91570.070312 178187.656250 81384.414062 
353648.218750 111810.398438 239502.609375 332034.093750 88023.312500 
220217.984375 28633.187500 26581.556641 120410.460938 40374.039062 
289096.093750 49449.101562 79124.398438 223238.625000 64870.968750 
416889.093750 78093.523438 182231.593750 168892.296875 83021.046875 
318122.781250 46628.187500 105052.859375 262547.343750 66832.726562 
393092.656250 88913.585938 119409.031250 232379.875000 61892.359375 
361186.906250 49754.726562 57221.457031 94755.507812 44518.062500 
320899.156250 45898.125000 91539.265625 306556.406250 77422.601562 
199020.437500 43613.390625 48858.375000 290408.437500 69207.835938 
329303.218750 101597.710938 124599.023438 220668.968750 79425.390625 
308167.687500 43901.507812 86662.929688 171237.375000 65124.226562 
423126.906250 115665.148438 110913.085938 166560.828125 66424.195312 
253488.437500 51569.144531 57595.949219 195495.234375 56348.695312 
400781.968750 78693.570312 112362.773438 140980.968750 63624.812500 
423559.375000 134600.125000 169699.750000 369435.437500 98146.593750 
322587.812500 63844.828125 111645.351562 170091.625000 59754.367188 
265525.843750 55283.921875 72463.898438 145859.593750 65606.890625 
