77.999733 28.438175 39.177818 38.299892 35.897675 0.027976 
75.058739 33.480854 41.832584 40.283669 41.307152 0.019782 
77.870354 31.062540 44.233547 59.548237 68.933723 0.000000 
81.183144 39.358196 41.650860 36.985443 32.682247 0.000000 
79.573982 48.136848 32.408890 39.061394 34.875656 0.000000 
79.470558 37.495625 33.526913 31.730156 36.500336 0.000000 
72.922226 45.299164 56.800350 44.331932 47.995140 0.000000 
76.467163 37.709419 34.475277 53.013672 43.870285 0.000000 
69.712158 43.032211 32.576015 31.150679 34.334396 0.000000 
67.940117 39.140610 39.245281 29.136889 33.378212 0.000000 
76.118195 39.539082 40.515705 44.298424 34.360363 0.000000 
78.419106 28.691633 42.866734 32.027847 46.528336 0.019782 
82.179413 66.161095 50.140800 65.397202 36.003670 0.019782 
74.605118 43.052197 44.140285 63.821369 40.354240 0.027976 
82.410553 48.313908 29.866190 26.300795 34.963650 0.000000 
77.307228 28.202879 47.397121 34.524315 35.424744 0.000000 
74.649078 35.128651 31.593857 30.886179 38.592098 0.034264 
73.970871 40.294464 54.226002 48.851048 35.062317 0.000000 
78.311546 44.461254 37.856564 65.356262 53.302456 0.000000 
70.472855 61.183208 45.272076 51.166645 40.165852 0.000000 
