Episode: 1: [[ 0.0015      0.0005      0.00049993  0.00049998 -0.0005      0.0005    ]
 [ 0.0015      0.0005      0.00049987  0.00049997 -0.0005      0.0005    ]
 [ 0.0015      0.0005      0.00049985  0.00049996 -0.0005      0.0005    ]
 [ 0.0015      0.0005     -0.00049988  0.00049986 -0.0005      0.0005    ]
 [ 0.0015      0.0005      0.00049997  0.00049999 -0.0005      0.0005    ]] 
Episode: 11: [[ 6.2273233e-03  5.2273236e-03 -1.8907972e-03  8.2567404e-04
  -5.5248145e-04  4.1880691e-04]
 [ 6.2024179e-03  5.2024177e-03 -2.4234983e-03  7.4706797e-04
  -6.2927883e-04  4.1455397e-04]
 [ 6.2040561e-03  5.2040555e-03 -2.4846941e-03  8.0571434e-04
  -3.2854109e-04  1.7320545e-04]
 [ 6.1871675e-03  5.1871678e-03 -2.2194840e-03 -9.8479839e-05
  -1.8559670e-04  8.5876440e-05]
 [ 6.1806235e-03  5.1806234e-03 -1.2057556e-03 -2.3743816e-04
  -1.7095460e-03  1.6033702e-03]] 
Episode: 21: [[ 0.01040711  0.00940711 -0.00407351  0.00267652  0.00321262 -0.00363738]
 [ 0.01037031  0.00937031 -0.00478037  0.00244475  0.00305018 -0.00360944]
 [ 0.01039613  0.00939613 -0.00463299  0.00234643  0.00350847 -0.00395351]
 [ 0.01038046  0.00938046 -0.00338297  0.00083369  0.00371262 -0.00404241]
 [ 0.01042672  0.00942672 -0.00218942  0.00059564  0.00158925 -0.00199187]] 
Episode: 31: [[ 0.01508971  0.01408971 -0.00605403  0.00570861  0.00388836 -0.00773329]
 [ 0.01504191  0.01404191 -0.00680705  0.00539467  0.00371413 -0.00765545]
 [ 0.01508899  0.01408899 -0.00658878  0.00526455  0.00416508 -0.00803501]
 [ 0.01506167  0.01406167 -0.00503116  0.00379608  0.0043986  -0.00807502]
 [ 0.01468698  0.01368697 -0.00358275  0.00359399  0.00185901 -0.00468779]] 
Episode: 41: [[ 0.02017219  0.01917219 -0.00695131  0.00794782  0.00070133 -0.01089972]
 [ 0.0201949   0.0191949  -0.00775556  0.0076001   0.00045167 -0.01075471]
 [ 0.02030177  0.01930177 -0.00746805  0.00744803  0.00083329 -0.01108827]
 [ 0.02026314  0.01926314 -0.00591033  0.00609435  0.00121301 -0.01092626]
 [ 0.01929852  0.01829852 -0.00473289  0.00612181  0.00056283 -0.00434978]] 
Episode: 51: [[ 0.0244883   0.0234883  -0.00677824  0.00837415 -0.00073691 -0.01355874]
 [ 0.02457808  0.02357808 -0.00742422  0.0080157  -0.00111376 -0.0134115 ]
 [ 0.02474906  0.02374906 -0.00677755  0.00789737 -0.00074419 -0.01371985]
 [ 0.02470689  0.02370689 -0.00497197  0.0066462  -0.00023464 -0.01337609]
 [ 0.02285456  0.02185456 -0.00451185  0.0074782   0.00198208 -0.00353651]] 
Episode: 61: [[ 2.7180888e-02  2.6180888e-02 -7.1342643e-03  8.2011921e-03
  -7.2215495e-05 -1.4730077e-02]
 [ 2.7136302e-02  2.6136303e-02 -7.5886860e-03  7.9097375e-03
  -7.5178710e-04 -1.4803536e-02]
 [ 2.7229305e-02  2.6229305e-02 -6.6872397e-03  7.8432318e-03
  -1.7523794e-03 -1.5395239e-02]
 [ 2.7129188e-02  2.6129190e-02 -4.6001747e-03  6.6083684e-03
  -2.1358880e-03 -1.5210316e-02]
 [ 2.4799617e-02  2.3799615e-02 -4.3445029e-03  7.7048428e-03
   2.9127439e-03 -2.9918139e-03]] 
Episode: 71: [[ 0.02855391  0.02755391 -0.00750187  0.00890884  0.00057592 -0.01698151]
 [ 0.02838181  0.02738181 -0.00780887  0.00863371 -0.00054236 -0.01726302]
 [ 0.02839664  0.02739664 -0.00675913  0.00865399 -0.00233409 -0.01810843]
 [ 0.02825109  0.02725109 -0.0044972   0.00744039 -0.00314069 -0.01813309]
 [ 0.02578681  0.02478681 -0.00429785  0.00782832  0.00386449 -0.00358431]] 
Episode: 81: [[ 0.02917275  0.02817275 -0.00765512  0.00917158  0.00259058 -0.01759161]
 [ 0.02893649  0.02793649 -0.00788302  0.00878953  0.00161726 -0.01792772]
 [ 0.02890041  0.02790041 -0.00676875  0.00898463 -0.00013301 -0.01892005]
 [ 0.0287292   0.0277292  -0.00445056  0.0080446  -0.00166325 -0.01939325]
 [ 0.02637129  0.02537129 -0.00419026  0.00760316  0.00508835 -0.00378418]] 
Episode: 91: [[ 0.02929806  0.02829806 -0.00785468  0.00970617  0.00232336 -0.0196948 ]
 [ 0.02909161  0.02809162 -0.00797331  0.00920661  0.00135729 -0.020049  ]
 [ 0.02911699  0.02811699 -0.00677526  0.00937329 -0.00050539 -0.0211606 ]
 [ 0.02902367  0.02802367 -0.00441954  0.00843856 -0.00261571 -0.02203399]
 [ 0.02699466  0.02599466 -0.00374237  0.00782612  0.00490409 -0.00439386]] 
Episode: 101: [[ 0.02944824  0.02844824 -0.0081402   0.01050159  0.00245308 -0.02126985]
 [ 0.02930106  0.02830106 -0.0082261   0.00988869  0.00167649 -0.02161911]
 [ 0.02936952  0.02836952 -0.00704719  0.00995822  0.00013891 -0.02266421]
 [ 0.02933937  0.02833937 -0.00475879  0.00878029 -0.00135453 -0.0232764 ]
 [ 0.0274553   0.0264553  -0.00373837  0.00841089  0.00655311 -0.00454827]] 
Episode: 111: [[ 0.029507    0.028507   -0.00833844  0.00968284  0.00150784 -0.02294972]
 [ 0.02940739  0.02840739 -0.00842204  0.00885942  0.00060283 -0.02340813]
 [ 0.02952132  0.02852132 -0.00728683  0.00885276 -0.00090431 -0.0244993 ]
 [ 0.02955692  0.02855692 -0.00509462  0.0077735  -0.00192088 -0.024956  ]
 [ 0.02775895  0.02675895 -0.00403483  0.0068604   0.00780267 -0.00454437]] 
Episode: 121: [[ 0.0295712   0.0285712  -0.00851644  0.00983995  0.00033662 -0.02335186]
 [ 0.02951561  0.02851561 -0.00859077  0.00873491 -0.00078226 -0.02387293]
 [ 0.02966713  0.02866713 -0.0074592   0.00873092 -0.00240319 -0.02500965]
 [ 0.02976328  0.02876328 -0.00528098  0.00775001 -0.00308048 -0.02536483]
 [ 0.02789783  0.02689783 -0.00439963  0.00626568  0.00890874 -0.00406684]] 
Episode: 131: [[ 0.03167004  0.03067004 -0.00937065  0.00890473 -0.00103485 -0.02171324]
 [ 0.03094401  0.02994401 -0.00935047  0.00783772 -0.00108273 -0.02251185]
 [ 0.03038895  0.02938895 -0.00807898  0.00775512 -0.00179953 -0.02398269]
 [ 0.03008742  0.02908743 -0.00562614  0.00633958 -0.0031519  -0.02454592]
 [ 0.02796506  0.02696506 -0.00460852  0.00440831  0.01023868 -0.00228474]] 
Episode: 141: [[ 0.03413628  0.03313628 -0.01140771  0.00905184 -0.0029999  -0.01961367]
 [ 0.03267088  0.03167088 -0.01112721  0.00807767 -0.00239395 -0.02083804]
 [ 0.03126808  0.03026808 -0.00945052  0.00815779 -0.00176513 -0.02278836]
 [ 0.03039071  0.02939071 -0.00633255  0.00673146 -0.00300155 -0.02366231]
 [ 0.02800698  0.02700698 -0.00484087  0.00374661  0.01158811 -0.00041336]] 
Episode: 151: [[ 0.03639533  0.03539533 -0.01315603  0.00840564 -0.00164545 -0.01764799]
 [ 0.03426201  0.03326201 -0.01261418  0.00763521 -0.00289873 -0.01947104]
 [ 0.03215765  0.03115764 -0.01067405  0.00835462 -0.00278351 -0.0219146 ]
 [ 0.03069966  0.02969967 -0.00699683  0.00717242 -0.00291141 -0.02301955]
 [ 0.02804835  0.02704835 -0.00503779  0.00268184  0.01262221  0.00046141]] 
Episode: 161: [[ 0.03762865  0.03662866 -0.01393009  0.00964631  0.00043891 -0.01588719]
 [ 0.03478579  0.03378579 -0.01344752  0.00889381 -0.00138992 -0.01795856]
 [ 0.03213653  0.03113652 -0.01156812  0.01006947 -0.00181758 -0.02046697]
 [ 0.03036984  0.02936985 -0.00785191  0.00919882 -0.00128492 -0.02120292]
 [ 0.0284017   0.0274017  -0.00637371  0.00454134  0.01403366  0.00036663]] 
Episode: 171: [[ 3.84585820e-02  3.74585837e-02 -1.51723567e-02  1.15752863e-02
   1.28475961e-03 -1.70412455e-02]
 [ 3.54964249e-02  3.44964229e-02 -1.48920305e-02  1.11016929e-02
  -5.54145779e-04 -1.88920069e-02]
 [ 3.28382924e-02  3.18382904e-02 -1.33117363e-02  1.27320662e-02
  -9.78218275e-04 -2.10986752e-02]
 [ 3.11604980e-02  3.01604997e-02 -9.75211244e-03  1.25157516e-02
  -2.01197145e-06 -2.13991776e-02]
 [ 2.93647926e-02  2.83647906e-02 -8.09088908e-03  8.55090190e-03
   1.35277128e-02 -3.62251839e-03]] 
Episode: 181: [[ 0.0374631   0.0364631  -0.01472901  0.01014323  0.00239579 -0.01587008]
 [ 0.03450264  0.03350264 -0.01412449  0.0097339   0.00091361 -0.017306  ]
 [ 0.03201412  0.03101411 -0.01232107  0.01132772  0.00066556 -0.0192442 ]
 [ 0.03070321  0.02970321 -0.00864029  0.01158202  0.00153702 -0.0198034 ]
 [ 0.0303635   0.0293635  -0.00857356  0.00911368  0.01134372 -0.00645582]] 
Episode: 191: [[ 0.03543736  0.03443736 -0.01335979  0.01037687  0.00171572 -0.01715187]
 [ 0.03262252  0.03162252 -0.01215781  0.01003645  0.00053789 -0.01823206]
 [ 0.03054558  0.02954558 -0.00982948  0.0115573   0.00044735 -0.02005497]
 [ 0.02987162  0.02887162 -0.00569092  0.01182876  0.00079355 -0.02132374]
 [ 0.03181895  0.03081895 -0.005433    0.00976797  0.00790675 -0.00875543]] 
Episode: 201: [[ 0.03554647  0.03454647 -0.01210808  0.01092479 -0.00036135 -0.02035284]
 [ 0.03293574  0.03193574 -0.01051263  0.01052905 -0.00159643 -0.0212789 ]
 [ 0.03115168  0.03015167 -0.00780974  0.011886   -0.00151558 -0.022984  ]
 [ 0.03081208  0.02981208 -0.0036074   0.01206462 -0.00071931 -0.02413551]
 [ 0.03353864  0.03253864 -0.00337024  0.01029966  0.00723311 -0.00964096]] 
Episode: 211: [[ 0.03774088  0.03674088 -0.01443749  0.0105166  -0.00208127 -0.02104764]
 [ 0.03436426  0.03336426 -0.01170798  0.0102884  -0.00213797 -0.02230955]
 [ 0.0321261   0.03112609 -0.00823037  0.01174468 -0.00377594 -0.02446342]
 [ 0.03150594  0.03050594 -0.00348955  0.01199167 -0.00425518 -0.02579229]
 [ 0.03433847  0.03333847 -0.00246682  0.01002191  0.00797305 -0.00879205]] 
Episode: 221: [[ 0.04032061  0.03932061 -0.01650272  0.01044757 -0.00078239 -0.02001109]
 [ 0.03597214  0.03497213 -0.01299659  0.01032748 -0.00099195 -0.02171854]
 [ 0.03286761  0.0318676  -0.00878472  0.01158848 -0.00356789 -0.02433153]
 [ 0.03187767  0.03087767 -0.0036071   0.01167267 -0.00549191 -0.02591962]
 [ 0.03461535  0.03361534 -0.00209974  0.00954327  0.00855023 -0.00783503]] 
Episode: 231: [[ 0.04352628  0.04252628 -0.01994754  0.01172363  0.00044994 -0.01873023]
 [ 0.0381005   0.0371005  -0.01567607  0.0115788  -0.0004388  -0.02090881]
 [ 0.03366124  0.03266123 -0.01002181  0.01266425 -0.00261868 -0.02402424]
 [ 0.032111    0.03111101 -0.003991    0.01256024 -0.00666629 -0.02607629]
 [ 0.03472529  0.03372529 -0.0019594   0.00983417  0.00826925 -0.00688346]] 
Episode: 241: [[ 0.04592666  0.04492667 -0.0201179   0.01285731  0.0026358  -0.01721081]
 [ 0.03953586  0.03853586 -0.01529565  0.01272846  0.00120177 -0.01967556]
 [ 0.03383086  0.03283085 -0.00882453  0.01366475 -0.0008195  -0.02319287]
 [ 0.03167068  0.03067068 -0.00231926  0.01343144 -0.00653359 -0.02566991]
 [ 0.03468645  0.03368645 -0.0013203   0.01040774  0.00983377 -0.00506745]] 
Episode: 251: [[ 0.04672865  0.04572865 -0.01955491  0.01251401  0.0042987  -0.01555226]
 [ 0.04002162  0.03902162 -0.0142513   0.0123928   0.00287055 -0.0180474 ]
 [ 0.03389114  0.03289114 -0.00718496  0.0133122   0.00107152 -0.02160928]
 [ 0.03152413  0.03052413 -0.00045462  0.01343114 -0.00505579 -0.02402674]
 [ 0.0348394   0.03383939 -0.00126756  0.00997572  0.01186899 -0.00347436]] 
Episode: 261: [[ 0.04697585  0.04597585 -0.01907765  0.01349329  0.00492232 -0.01503572]
 [ 0.04029504  0.03929504 -0.01349642  0.01359419  0.00362921 -0.01735027]
 [ 0.03421254  0.03321254 -0.00615418  0.01450867  0.00196983 -0.02078922]
 [ 0.03198787  0.03098788  0.00070263  0.01524316 -0.00434307 -0.02314467]
 [ 0.03564161  0.0346416  -0.00097312  0.00985895  0.01130901 -0.00403472]] 
Episode: 271: [[ 0.04613617  0.04513617 -0.01785004  0.01304966  0.00511321 -0.01452408]
 [ 0.03958753  0.03858753 -0.01168932  0.01371037  0.00415622 -0.01645887]
 [ 0.03388481  0.0328848  -0.00393447  0.01480184  0.00271629 -0.01966526]
 [ 0.03221923  0.03121924  0.00303008  0.01616135 -0.0036406  -0.02201137]
 [ 0.03657143  0.03557143  0.00089588  0.01117497  0.00744927 -0.00688109]] 
Episode: 281: [[ 0.04711592  0.04611592 -0.01720124  0.01311351  0.0043435  -0.01524632]
 [ 0.04083219  0.03983219 -0.01062525  0.01407088  0.00362671 -0.01692146]
 [ 0.03562447  0.03462446 -0.00253717  0.01521465  0.00241961 -0.01991154]
 [ 0.03438019  0.0333802   0.0045506   0.01667445 -0.0037819  -0.02200739]
 [ 0.03820044  0.03720044  0.00273011  0.01176853  0.00440916 -0.00820228]] 
Episode: 291: [[ 0.0495983   0.0485983  -0.01697323  0.01313445  0.0033711  -0.01594327]
 [ 0.04367797  0.04267797 -0.0101186   0.01417274  0.00280448 -0.01748403]
 [ 0.03893356  0.03793355 -0.0017425   0.01533122  0.00188437 -0.02027087]
 [ 0.03791796  0.03691797  0.00553662  0.0168372  -0.00373924 -0.02188809]
 [ 0.04009558  0.03909557  0.00371449  0.01188256  0.00389759 -0.00790593]] 
Episode: 301: [[ 0.05123926  0.05023926 -0.01720656  0.01367151  0.00366689 -0.01569169]
 [ 0.04573745  0.04473745 -0.01031104  0.01473134  0.00332384 -0.01718676]
 [ 0.04148858  0.04048857 -0.00194327  0.01590509  0.00274382 -0.01980612]
 [ 0.04056564  0.03956565  0.00536073  0.01735721 -0.00230119 -0.02104113]
 [ 0.04146002  0.04046002  0.00398247  0.01209674  0.00327332 -0.00737879]] 
Episode: 311: [[ 0.05261469  0.05161469 -0.01775695  0.01476765  0.00184927 -0.01690065]
 [ 0.04759441  0.04659441 -0.0109533   0.01570098  0.00153062 -0.01840051]
 [ 0.04396784  0.04296783 -0.00274417  0.01677715  0.00110647 -0.02088917]
 [ 0.04318295  0.04218296  0.00442877  0.01805292 -0.00376008 -0.02175646]
 [ 0.04289125  0.04189125  0.00422838  0.0124001   0.00214186 -0.00698732]] 
Episode: 321: [[ 0.05310994  0.05210994 -0.01792376  0.01501648  0.00151839 -0.01741363]
 [ 0.04826665  0.04726665 -0.01115005  0.0159301   0.00127938 -0.01890978]
 [ 0.04487335  0.04387334 -0.00300353  0.01698107  0.00095621 -0.02135101]
 [ 0.04414986  0.04314987  0.00412817  0.01819438 -0.00401073 -0.02210677]
 [ 0.04345895  0.04245895  0.00437251  0.01243277  0.00292953 -0.00682173]] 
Episode: 331: [[ 0.05338138  0.05238138 -0.01807834  0.01457398  0.00254867 -0.01737177]
 [ 0.04863011  0.04763011 -0.01129244  0.01554206  0.00244181 -0.01886212]
 [ 0.04536634  0.04436633 -0.00314772  0.01658892  0.00231598 -0.02125571]
 [ 0.04470883  0.04370884  0.00397268  0.01774532 -0.00253221 -0.02189971]
 [ 0.04382886  0.04282886  0.00418514  0.01175216  0.00626226 -0.00659813]] 
Episode: 341: [[ 0.05322678  0.05222679 -0.01785041  0.01442251  0.00334157 -0.01716195]
 [ 0.04865309  0.04765309 -0.0108904   0.01550576  0.00343986 -0.01860382]
 [ 0.04564271  0.0446427  -0.00267918  0.01647737  0.00351647 -0.02091759]
 [ 0.04515398  0.04415399  0.00444435  0.01747718 -0.0011948  -0.02142401]
 [ 0.04452353  0.04352353  0.00438648  0.01075241  0.00706392 -0.00635228]] 
Episode: 351: [[ 0.05205153  0.05105153 -0.01700617  0.01574222  0.00214433 -0.01862646]
 [ 0.04781839  0.04681839 -0.00943624  0.0170736   0.00251764 -0.01989466]
 [ 0.04544587  0.04444587 -0.0010369   0.01806387  0.00284816 -0.02206408]
 [ 0.045394    0.04439401  0.00612503  0.01888898 -0.00154395 -0.02227883]
 [ 0.04557009  0.04457009  0.00658744  0.01125978  0.00652096 -0.00653276]] 
Episode: 361: [[ 0.05178147  0.05078147 -0.0166696   0.01712935 -0.0001865  -0.02145615]
 [ 0.04774958  0.04674958 -0.0087391   0.01860852  0.00014395 -0.02265974]
 [ 0.04575385  0.04475384 -0.00024551  0.01953937  0.00049732 -0.02476385]
 [ 0.04596137  0.04496137  0.00688604  0.02017122 -0.00370687 -0.02464414]
 [ 0.0463319   0.0453319   0.00733571  0.01228814  0.007171   -0.00656294]] 
Episode: 371: [[ 0.05185671  0.05085671 -0.01674868  0.01804352 -0.00085592 -0.02265634]
 [ 0.04790439  0.04690439 -0.00869069  0.0195573  -0.00041671 -0.02382688]
 [ 0.04603828  0.04503827 -0.00015419  0.02050431  0.00022357 -0.02585271]
 [ 0.04634153  0.04534154  0.00697958  0.02103775 -0.0035847  -0.02546215]
 [ 0.04668357  0.04568357  0.00748355  0.012947    0.00884793 -0.00636363]] 
Episode: 381: [[ 0.05256839  0.05156839 -0.0174618   0.01668435 -0.00035029 -0.02262711]
 [ 0.04848019  0.04748019 -0.00931646  0.01847268 -0.00089135 -0.02396003]
 [ 0.04645286  0.04545286 -0.00067034  0.01942816 -0.00084469 -0.02613942]
 [ 0.04650403  0.04550404  0.00682267  0.01990654 -0.00397823 -0.02571519]
 [ 0.04686008  0.04586008  0.00765276  0.01149854  0.00988507 -0.00530933]] 
Episode: 391: [[ 0.05355065  0.05255065 -0.01871917  0.01547575  0.001401   -0.0224038 ]
 [ 0.04923857  0.04823857 -0.0104137   0.01753967 -0.00031128 -0.02394   ]
 [ 0.04698624  0.04598624 -0.00159096  0.01859305 -0.00118497 -0.02630986]
 [ 0.04668515  0.04568516  0.0063973   0.01911899 -0.00406184 -0.02591463]
 [ 0.04693158  0.04593158  0.00759408  0.01057877  0.01064591 -0.00451747]] 
Episode: 401: [[ 0.05385973  0.05285973 -0.01971966  0.01450288  0.00198895 -0.02239649]
 [ 0.04943024  0.04843024 -0.01131283  0.01680291 -0.00018418 -0.02397712]
 [ 0.04706078  0.04606077 -0.00232671  0.01804239 -0.00134463 -0.02639364]
 [ 0.04659891  0.04559892  0.00599023  0.01854744 -0.00361915 -0.0258364 ]
 [ 0.04693271  0.04593271  0.00729902  0.00972642  0.01218852 -0.00395894]] 
Episode: 411: [[ 5.3762928e-02  5.2762929e-02 -2.0302530e-02  1.3031367e-02
   2.3545106e-03 -2.2970194e-02]
 [ 4.9264468e-02  4.8264466e-02 -1.1874523e-02  1.5570291e-02
   5.9918930e-05 -2.4559729e-02]
 [ 4.6831220e-02  4.5831215e-02 -2.8313724e-03  1.7009566e-02
  -1.1863246e-03 -2.7004791e-02]
 [ 4.6357501e-02  4.5357510e-02  5.6871232e-03  1.7552307e-02
  -3.2050193e-03 -2.6287870e-02]
 [ 4.6944734e-02  4.5944732e-02  7.0572845e-03  8.6974949e-03
   1.3487230e-02 -3.8243865e-03]] 
Episode: 421: [[ 5.3516101e-02  5.2516103e-02 -2.0145496e-02  4.6860343e-03
   3.3804323e-03 -2.0927681e-02]
 [ 4.9046461e-02  4.8046459e-02 -1.1660834e-02  7.4784909e-03
   1.0996154e-03 -2.2506151e-02]
 [ 4.6651926e-02  4.5651920e-02 -2.6274386e-03  8.9684930e-03
  -9.0560949e-05 -2.4990940e-02]
 [ 4.6336118e-02  4.5336127e-02  6.0048336e-03  9.6491827e-03
  -1.8231635e-03 -2.4292387e-02]
 [ 4.7174759e-02  4.6174757e-02  7.3724096e-03  9.6491922e-04
   1.5529837e-02 -8.0164138e-04]] 
Episode: 431: [[ 0.05289117  0.05189117 -0.01920905 -0.00077493  0.00440227 -0.01727659]
 [ 0.04861977  0.04761976 -0.01045898  0.00252253  0.0021711  -0.01869273]
 [ 0.04642775  0.04542774 -0.00133145  0.00423233  0.00099562 -0.02105563]
 [ 0.0463166   0.04531661  0.00733318  0.00452851 -0.00057126 -0.02027917]
 [ 0.04764466  0.04664466  0.00870181 -0.00557805  0.01631845  0.00077567]] 
Episode: 441: [[ 0.05189478  0.05089479 -0.0169225   0.00030466  0.00448606 -0.01738155]
 [ 0.04773626  0.04673626 -0.0076041   0.00448856  0.0024167  -0.01832937]
 [ 0.04584368  0.04484368  0.00178985  0.00658907  0.00134292 -0.02038416]
 [ 0.04617905  0.04517906  0.0101878   0.00615996 -0.00023062 -0.0196566 ]
 [ 0.04835717  0.04735717  0.01175213 -0.00451591  0.01391578 -0.00444675]] 
Episode: 451: [[ 0.05155845  0.05055845 -0.01531373  0.00248578  0.00331397 -0.02013329]
 [ 0.04755415  0.04655415 -0.00537325  0.00721386  0.00147446 -0.02058594]
 [ 0.04608916  0.04508915  0.00433345  0.00956064  0.00056229 -0.02233523]
 [ 0.04731437  0.04631438  0.01261627  0.00848236 -0.00091742 -0.02138998]
 [ 0.05017764  0.04917764  0.01416755 -0.00298028  0.0102806  -0.00895811]] 
Episode: 461: [[ 0.05095518  0.04995518 -0.0145182   0.00358864  0.00319836 -0.02128655]
 [ 0.04722051  0.0462205  -0.00438772  0.00833607  0.00151139 -0.02151505]
 [ 0.0461044   0.04510439  0.00530153  0.01061232  0.00074709 -0.02309695]
 [ 0.04777151  0.04677152  0.01344712  0.00931527 -0.00061465 -0.02202584]
 [ 0.05104733  0.05004733  0.01529838 -0.00193773  0.00934842 -0.01036545]] 
Episode: 471: [[ 0.05073632  0.04973632 -0.01396644  0.00431544  0.00343054 -0.02098855]
 [ 0.04736089  0.04636089 -0.00364598  0.00909738  0.00198528 -0.02106117]
 [ 0.04660762  0.04560762  0.00607152  0.01144386  0.00149034 -0.02246414]
 [ 0.04847537  0.04747538  0.01404938  0.01010977  0.00058655 -0.02116973]
 [ 0.05195685  0.05095685  0.01581447 -0.00111063  0.00928207 -0.01042904]] 
Episode: 481: [[ 5.0217323e-02  4.9217325e-02 -1.3514817e-02  5.4820753e-03
   3.7672364e-03 -2.0205811e-02]
 [ 4.7436956e-02  4.6436954e-02 -3.0094022e-03  1.0315891e-02
   2.5227685e-03 -2.0195784e-02]
 [ 4.7314603e-02  4.6314597e-02  6.7166816e-03  1.2781021e-02
   2.1813668e-03 -2.1508683e-02]
 [ 4.9551081e-02  4.8551090e-02  1.4358280e-02  1.1550103e-02
   1.7267929e-03 -1.9953275e-02]
 [ 5.2861519e-02  5.1861517e-02  1.6098451e-02  2.4113026e-05
   9.5480988e-03 -1.0067752e-02]] 
Episode: 491: [[ 0.04843326  0.04743326 -0.01036877  0.00440636  0.00348205 -0.01981981]
 [ 0.04588635  0.04488635  0.00071374  0.00931669  0.00268341 -0.01959084]
 [ 0.04642323  0.04542323  0.01038184  0.0116425   0.00250552 -0.02090676]
 [ 0.04941995  0.04841996  0.01768878  0.01029746  0.00188316 -0.01963253]
 [ 0.05410612  0.05310612  0.01999352 -0.00119398  0.00767598 -0.00982399]] 
Episode: 501: [[ 0.04548267  0.04448267 -0.0053431   0.00395997  0.00203231 -0.02050717]
 [ 0.04304181  0.04204181  0.00647612  0.00910974  0.00186048 -0.01995276]
 [ 0.04445034  0.04345034  0.01615273  0.01149767  0.00184878 -0.02130221]
 [ 0.04858527  0.04758528  0.02270774  0.01016493  0.00072178 -0.02051962]
 [ 0.05539348  0.05439348  0.02531991 -0.0013896   0.00597552 -0.00976608]] 
Episode: 511: [[ 0.043765    0.042765   -0.00271221  0.00456287 -0.00029127 -0.02230676]
 [ 0.04138519  0.04038519  0.009576    0.00984756 -0.00016231 -0.02152534]
 [ 0.04332095  0.04232094  0.01931725  0.01237761 -0.00019524 -0.02289346]
 [ 0.04820962  0.04720963  0.02556099  0.01111764 -0.00179405 -0.02229627]
 [ 0.05636936  0.05536936  0.02810059 -0.0008419   0.00525832 -0.00970681]] 
Episode: 521: [[ 0.04346159  0.04246159 -0.00219965  0.00462164 -0.00028223 -0.02245163]
 [ 0.04104608  0.04004608  0.01030766  0.00990627 -0.00031263 -0.02162606]
 [ 0.04309781  0.0420978   0.0201354   0.01247667 -0.00053962 -0.02304125]
 [ 0.04817755  0.04717756  0.02639889  0.01128346 -0.0025751  -0.02265243]
 [ 0.05678833  0.05578832  0.02895963 -0.00087372  0.00527573 -0.00927838]] 
Episode: 531: [[ 0.04359142  0.04259142 -0.00241394  0.00448143 -0.00053369 -0.02264753]
 [ 0.04110359  0.04010359  0.01023106  0.00980042 -0.00075066 -0.02180485]
 [ 0.04312161  0.0421216   0.02017579  0.01241398 -0.00073057 -0.02318419]
 [ 0.04818865  0.04718866  0.02658899  0.01122134 -0.00193091 -0.02272963]
 [ 0.05690882  0.05590881  0.02927445 -0.00111536  0.00695608 -0.00907593]] 
Episode: 541: [[ 0.04434665  0.04334665 -0.00326894  0.00444983 -0.0008804  -0.02281428]
 [ 0.04158302  0.04058302  0.00963164  0.00986194 -0.00158469 -0.02203508]
 [ 0.04339225  0.04239224  0.01977061  0.01258066 -0.00140247 -0.02339973]
 [ 0.04829446  0.04729447  0.02641532  0.01140574 -0.00115166 -0.02276732]
 [ 0.05695473  0.05595473  0.02933807 -0.00101104  0.00891655 -0.00890504]] 
Episode: 551: [[ 0.04554977  0.04454977 -0.00455895  0.00317652  0.00089514 -0.02268723]
 [ 0.04251148  0.04151148  0.00867844  0.00868594 -0.00067596 -0.02210063]
 [ 0.04409496  0.04309496  0.01903572  0.0116036  -0.00116937 -0.02362489]
 [ 0.0487119   0.04771191  0.02590275  0.01064888 -0.0007646  -0.02304318]
 [ 0.05709625  0.05609625  0.02927962 -0.00139122  0.01069626 -0.00793287]] 
Episode: 561: [[ 0.0461078   0.0451078  -0.00520747  0.00139319  0.00107666 -0.02317677]
 [ 0.04307126  0.04207125  0.00814752  0.00695996 -0.00090839 -0.0226817 ]
 [ 0.04463009  0.04363008  0.01853255  0.00999301 -0.00147273 -0.02420899]
 [ 0.0491576   0.04815761  0.0254694   0.0093566  -0.00048633 -0.0233914 ]
 [ 0.05732641  0.0563264   0.0292123  -0.00175644  0.01252882 -0.00675153]] 
Episode: 571: [[ 0.04625878  0.04525878 -0.00581108 -0.00054145  0.00155023 -0.0226024 ]
 [ 0.04325914  0.04225914  0.00756558  0.00508691 -0.00066377 -0.02217444]
 [ 0.04485006  0.04385005  0.01793113  0.00818026 -0.00146381 -0.02378051]
 [ 0.04943049  0.0484305   0.0248058   0.00792139 -0.0005657  -0.02300492]
 [ 0.0576169   0.05661689  0.02892329 -0.00215783  0.01394761 -0.00513973]] 
Episode: 581: [[ 0.0461424   0.0451424  -0.00586572 -0.00409039  0.00231627 -0.02105425]
 [ 0.04317615  0.04217615  0.0075517   0.00173271 -0.00010627 -0.02067278]
 [ 0.04477519  0.04377519  0.01792516  0.00497668 -0.00128377 -0.02236104]
 [ 0.04935266  0.04835267  0.02466786  0.00540698 -0.00055752 -0.02156005]
 [ 0.0580709   0.0570709   0.02850917 -0.0039508   0.01472804 -0.00340917]] 
Episode: 591: [[ 4.5845792e-02  4.4845793e-02 -5.9511974e-03 -6.5442072e-03
   2.5452389e-03 -1.9698657e-02]
 [ 4.2980827e-02  4.1980825e-02  7.4828202e-03 -4.7520973e-04
   7.5894539e-05 -1.9234162e-02]
 [ 4.4742174e-02  4.3742169e-02  1.7692817e-02  3.1041875e-03
  -1.2604826e-03 -2.0881446e-02]
 [ 4.9537543e-02  4.8537552e-02  2.4027726e-02  3.8572249e-03
  -5.5974384e-04 -1.9744828e-02]
 [ 5.8721449e-02  5.7721447e-02  2.7932972e-02 -6.1425874e-03
   1.5105907e-02 -1.7509134e-03]] 
Episode: 601: [[ 0.04542661  0.04442661 -0.00404363 -0.00705513  0.0026907  -0.01852797]
 [ 0.04284089  0.04184089  0.00964812 -0.00044344  0.00042627 -0.01767674]
 [ 0.0451526   0.04415259  0.0198671   0.00356857 -0.00072687 -0.01893638]
 [ 0.05048523  0.04948524  0.02580644  0.00472536  0.00044165 -0.01694316]
 [ 0.05978881  0.05878881  0.0295328  -0.00638494  0.01311331 -0.00401603]] 
Episode: 611: [[ 0.04300229  0.04200229  0.00114189 -0.00614376  0.00259731 -0.01808733]
 [ 0.04067458  0.03967458  0.01536545  0.00083261  0.0008024  -0.01662901]
 [ 0.04358814  0.04258813  0.02547397  0.00524938 -0.00010975 -0.01759089]
 [ 0.04947633  0.04847634  0.03082477  0.00678937  0.00088804 -0.01597141]
 [ 0.06060135  0.05960135  0.03502974 -0.00492393  0.00819287 -0.00845774]] 
Episode: 621: [[ 4.1362643e-02  4.0362645e-02  7.3026973e-03 -6.7932936e-03
   1.5741328e-03 -1.8234853e-02]
 [ 3.9049104e-02  3.8049102e-02  2.1591712e-02  2.3663355e-04
   6.0993200e-04 -1.6122421e-02]
 [ 4.2437419e-02  4.1437414e-02  3.0920001e-02  4.7643906e-03
   2.1966822e-05 -1.6854497e-02]
 [ 4.8283182e-02  4.7283191e-02  3.5445318e-02  6.4987112e-03
  -1.4216905e-04 -1.6289223e-02]
 [ 6.1554704e-02  6.0554702e-02  4.0149905e-02 -4.9510384e-03
   3.0286945e-03 -1.0609701e-02]] 
