264.645813 43.867592 10.060829 6.541644 6.862767 
172.699509 55.396587 7.042481 1.433739 2708.145508 
149.844421 89.768639 36.028568 8.466799 4435.479492 
170.620209 81.885345 39.299374 6.100035 9476.624023 
161.747879 108.310226 55.095623 22.918526 10501.103516 
164.957214 102.660210 48.864815 25.843061 23137.656250 
160.775833 87.564018 79.951477 47.136040 23508.236328 
183.955719 85.998428 57.032444 20.326822 32278.945312 
197.700317 116.743912 61.503067 16.937944 34494.765625 
203.011139 110.851814 67.228394 33.410553 42842.210938 
199.850327 119.501892 73.228828 32.652393 37925.042969 
226.031204 119.754463 61.180500 53.855019 54051.050781 
199.253464 106.439964 56.852676 32.253422 37256.609375 
302.795441 150.726257 63.277950 39.161224 71018.117188 
230.578354 122.610802 56.660027 38.097935 59648.394531 
222.633774 137.501221 68.727104 46.840805 60867.656250 
246.282181 141.907761 73.612602 71.192696 113480.835938 
248.385635 115.549339 59.325241 35.612873 63142.242188 
300.022217 128.803604 68.885742 38.626732 71916.484375 
295.629395 168.400177 79.383354 52.013466 103136.335938 
408.350159 163.784424 75.848503 68.208260 93182.335938 
311.064880 163.105865 79.498856 57.689056 139756.828125 
372.627136 213.314651 96.869133 72.309563 92313.328125 
312.454895 126.859093 98.778130 67.467461 72501.593750 
438.359344 160.275238 101.573776 69.025047 101846.046875 
310.233856 211.081406 124.517883 62.517288 128317.265625 
804.169312 266.613159 164.711884 69.461449 112709.500000 
335.685852 110.746147 65.144630 50.142624 108093.500000 
290.633087 111.860054 68.656235 49.501789 97793.132812 
332.932617 150.790634 105.670609 48.252010 79148.398438 
245.856308 123.487198 72.387138 39.151421 94725.500000 
330.660339 126.126320 80.380157 55.196033 72910.000000 
659.355713 201.589371 98.171394 48.904232 143122.281250 
754.424500 189.714050 127.978310 100.005684 133116.500000 
320.588562 126.722839 74.183929 45.644611 109322.375000 
312.951019 150.318268 74.103180 56.548923 75775.765625 
224.192261 130.199020 94.204643 62.422153 116522.953125 
295.564240 140.942810 66.615326 45.272648 86774.851562 
239.133316 120.569290 68.873650 53.094418 64521.324219 
300.458405 171.373642 104.331383 54.324455 91402.367188 
215.819427 112.411087 83.502670 65.991219 62958.128906 
323.639404 115.747559 80.001877 69.341431 78557.304688 
240.662689 131.779221 105.235085 56.209530 92688.156250 
344.383118 126.953072 125.624184 81.527138 120431.789062 
278.953491 140.726807 87.532631 57.639202 118342.531250 
347.513794 163.884537 68.592323 100.545578 88867.125000 
333.984467 111.259201 63.258152 48.511063 83159.000000 
352.067352 145.822784 74.732353 44.367748 91385.062500 
472.635223 144.112717 82.320641 62.071274 86230.859375 
286.917145 122.185074 62.384727 62.948227 82079.085938 
327.392334 161.821960 72.353600 38.644432 93979.296875 
402.178711 134.068146 73.218727 44.781830 135281.703125 
259.160217 112.004700 67.691002 31.430197 54173.230469 
262.034607 209.218246 132.290268 51.294220 92052.093750 
168.987625 93.653580 48.021824 45.282085 55853.839844 
451.904083 141.769867 62.602470 44.089680 142157.343750 
197.692139 116.767838 58.586853 52.828041 89894.710938 
370.602814 189.094254 117.705414 56.790760 98170.554688 
266.949036 116.961990 67.534607 47.627678 66522.335938 
231.443466 101.655258 53.902298 50.965424 84681.835938 
195.055908 107.876930 79.751122 52.691154 54487.625000 
310.451721 122.906700 60.064518 46.314362 121430.257812 
737.983704 229.890656 107.501968 86.758682 121963.218750 
236.689423 133.989700 67.071747 39.938293 80912.781250 
288.473206 192.689484 127.749519 52.599491 124956.382812 
447.439087 233.122009 192.944168 101.476570 115798.226562 
435.819946 149.305023 81.444572 32.979656 120052.773438 
381.976227 139.278000 70.991302 53.302063 103449.062500 
276.085663 128.744125 93.050705 64.770386 95876.539062 
479.098755 197.857666 126.124283 67.487289 153441.828125 
372.074188 140.415146 76.446953 74.913231 101601.617188 
350.165131 134.260818 75.933228 45.753819 124236.734375 
325.877930 112.897453 79.142174 30.736277 102006.765625 
221.482498 128.595886 110.816376 115.635651 86116.507812 
237.675613 145.518661 71.134705 56.898342 95393.640625 
386.889618 179.891357 108.217644 68.115479 105752.804688 
319.054443 141.105225 87.229187 75.087494 78140.398438 
269.172791 137.087021 62.028774 40.759899 79779.406250 
317.424408 147.429855 71.107460 35.212666 94522.054688 
273.829742 130.451218 91.881371 61.501953 139650.906250 
217.784241 119.410645 78.729317 29.167990 64974.085938 
264.847504 144.946793 57.006073 43.419079 77915.023438 
210.031601 122.898689 61.821564 32.179382 60151.984375 
414.314911 133.788086 57.969791 32.866821 51652.417969 
243.871292 98.268196 77.980637 69.998718 66947.835938 
297.828278 129.999084 88.212158 49.686340 55966.054688 
209.935196 115.412132 75.815880 31.995306 55603.640625 
200.648849 94.249474 52.893452 25.559952 66492.335938 
287.908325 131.575134 69.425682 68.343292 91383.304688 
281.411102 138.992874 50.153221 39.910000 58697.460938 
178.470459 106.900124 54.462791 36.194828 53644.140625 
299.454529 131.015701 87.671700 65.605988 88708.406250 
214.621002 147.200699 86.253113 42.376141 85420.804688 
290.290466 152.346512 115.080338 60.508942 78278.195312 
207.190964 114.989594 56.852432 32.429806 79814.007812 
224.084457 122.532417 61.850712 30.621910 74031.734375 
373.656189 185.385590 81.386131 51.366474 89028.007812 
297.195831 133.566086 102.124489 49.183388 86146.031250 
181.138947 122.437126 58.479435 34.678280 67685.882812 
544.001770 223.496902 98.605019 57.057835 115375.593750 
479.677246 161.192322 79.082779 53.800465 122052.953125 
269.849396 194.183060 94.804276 81.160995 80011.187500 
390.184784 175.577484 91.986908 45.471527 100847.781250 
325.916992 128.312851 78.793846 67.913879 96478.281250 
438.973969 160.993851 122.189140 71.057091 81779.484375 
228.667404 156.264542 74.569176 53.469959 89129.398438 
804.336182 352.026428 140.174973 87.929970 124959.312500 
482.698730 221.417496 115.716309 89.774567 114666.625000 
517.462769 306.082123 132.759399 67.571243 109670.304688 
378.565155 135.964188 92.445541 48.216763 118770.890625 
215.996857 142.506485 80.049469 52.669537 78732.664062 
384.582855 146.096008 98.304649 81.328568 104558.523438 
237.899567 126.141891 75.954536 58.594460 96133.210938 
655.553894 321.155334 114.915894 110.018906 124327.515625 
268.535126 116.177681 123.451973 63.040222 98009.507812 
331.468262 140.353378 89.546532 61.579632 99344.640625 
382.364166 157.470459 73.579308 81.686752 86817.359375 
292.919952 147.199661 75.410065 55.434277 99764.984375 
295.601562 135.011169 82.613937 63.198380 105315.937500 
329.565399 138.400803 73.389198 56.409515 108774.632812 
527.066467 190.214203 91.882156 82.411942 177992.453125 
640.259766 337.773529 364.184692 133.148575 131897.984375 
423.374542 180.295914 134.053970 55.989983 95766.882812 
303.658722 154.017639 64.868774 44.837204 106642.890625 
233.329605 103.952698 84.134819 55.914013 109239.046875 
366.935028 156.871582 86.536766 69.828438 142440.265625 
542.085815 380.123322 131.086380 64.957947 94419.476562 
351.491486 218.401489 161.449402 57.803501 126918.390625 
719.987671 167.154037 97.785812 75.144958 86955.695312 
267.681946 153.437531 75.987534 47.447315 86518.203125 
279.729095 128.420990 104.587303 57.208549 74903.593750 
282.118988 166.544235 112.817474 61.487465 70429.492188 
213.110703 145.982651 83.768906 53.493244 58677.757812 
308.462372 171.828339 99.960602 51.628735 94595.273438 
197.215790 102.672379 53.842121 41.445972 45252.707031 
293.657318 124.045731 55.644577 29.564430 78321.492188 
265.114746 130.141251 68.948860 52.251026 82344.546875 
268.438477 120.597755 74.631531 36.086746 78870.312500 
209.264069 108.175446 70.962227 30.001642 69427.953125 
198.825424 92.483727 62.937077 40.716328 57379.863281 
205.117218 83.633507 47.206188 41.065166 56094.476562 
215.577713 123.480667 63.524128 42.697762 62685.308594 
222.823395 143.435486 51.558643 47.848015 78968.578125 
248.007019 120.290169 73.407288 48.675949 80952.664062 
259.999756 138.004211 70.331657 86.070045 119987.968750 
206.449707 165.043518 68.924835 35.122395 53893.250000 
242.268524 134.233887 66.413559 30.340347 64407.964844 
202.792755 118.612862 77.140305 53.840420 71704.757812 
461.928802 181.824997 79.293449 79.752022 92372.718750 
332.329346 126.279099 74.191208 68.770027 114631.156250 
327.814697 215.738632 84.042191 76.856346 124583.062500 
420.587128 157.741486 82.793762 75.378700 105700.335938 
319.604889 145.192032 95.086716 46.505989 91803.843750 
301.008026 126.526001 68.820061 44.255966 90265.937500 
320.222839 133.430466 94.338486 78.481628 155600.062500 
356.029205 238.902039 109.122444 93.282272 106150.546875 
447.688202 125.050095 88.509331 79.227036 98161.742188 
326.383179 135.752884 107.923492 54.093155 67294.960938 
337.724823 118.930519 77.874947 59.735149 120107.382812 
237.805313 117.435898 69.361275 50.735012 63304.105469 
363.517731 153.605682 77.292587 48.718029 109514.296875 
187.844559 121.067192 74.838844 76.921638 69181.070312 
217.990875 143.478592 61.002296 39.524742 110845.406250 
260.293243 109.487724 72.972183 45.625603 76430.140625 
248.105789 127.390572 60.999435 36.778301 69995.671875 
208.619614 95.621384 49.965782 39.144062 68840.609375 
205.894928 111.743484 74.858841 44.717216 63948.210938 
203.626511 118.918434 69.561012 31.686684 74797.421875 
182.183838 88.284309 63.723095 37.421005 43448.964844 
255.706940 109.137428 60.999546 30.987772 56941.656250 
211.512589 93.242447 54.882915 39.294720 73080.031250 
285.920868 142.556946 74.382614 42.549488 91420.640625 
290.772736 121.016830 130.927429 69.634125 54237.417969 
247.331451 117.461792 64.668808 60.209248 70585.078125 
217.732574 124.397705 73.427177 49.783512 81237.960938 
285.441620 149.980850 87.648842 54.189194 98785.828125 
241.900711 170.835388 83.513947 48.882030 96788.187500 
707.033569 251.029343 102.606201 64.630882 105613.929688 
246.779984 118.370461 58.769009 32.493900 53477.605469 
1168.278442 260.213745 116.447975 51.572689 159173.671875 
622.900085 223.327255 96.529213 67.755295 82380.562500 
281.004517 136.256760 94.453194 66.726074 69253.523438 
367.996368 162.611725 91.270187 39.736549 101736.390625 
216.352142 140.637741 80.355942 56.622406 128236.273438 
249.533188 123.638107 56.403900 51.009823 94827.796875 
203.668701 111.959686 67.981110 33.873535 64828.878906 
212.482773 121.561447 60.947800 31.783012 83385.234375 
191.127792 124.520012 73.908951 45.430271 74494.812500 
209.460373 118.910721 72.916649 34.893101 74148.742188 
240.180176 106.945801 66.057678 34.740753 80424.656250 
175.480225 91.840858 46.470299 26.199600 46615.093750 
218.592072 124.277687 84.439827 43.586834 60231.484375 
232.532394 112.322670 72.205696 54.094284 48112.117188 
275.522583 128.936554 68.733727 37.235069 76161.500000 
151.745331 100.925423 51.688702 32.479786 47761.675781 
219.777145 117.399582 60.412498 39.703083 79174.398438 
147.871414 90.606949 43.120811 27.816074 39588.332031 
207.612396 128.828781 70.605484 36.260548 60497.316406 
229.524918 111.777519 62.138546 25.340944 81905.906250 
200.071594 110.018349 58.584515 28.111103 49871.199219 
285.798462 121.693108 69.669464 50.793251 66237.101562 
232.983780 106.042641 61.493313 34.918835 56064.753906 
211.340256 131.567322 57.261646 52.782906 117340.156250 
223.076797 114.615173 82.200760 38.408169 72158.671875 
219.992920 138.202713 73.563644 27.142069 73356.406250 
310.280426 126.920906 85.656776 59.793327 104917.296875 
290.727905 142.930878 73.831970 55.909176 95948.976562 
208.746307 118.456825 88.701210 35.755611 88191.398438 
276.564117 151.542328 58.548588 35.125187 104606.187500 
238.504303 114.358421 49.128056 39.567268 81071.992188 
292.429443 126.269173 61.721485 49.824291 76806.234375 
241.580643 152.180618 75.372360 47.733643 105756.875000 
324.874634 141.325867 71.443199 52.564816 76691.640625 
586.379150 184.452972 124.199745 75.990730 88253.367188 
307.476746 142.373474 90.406693 62.127163 73434.101562 
276.123871 132.755310 87.918823 97.579033 117173.585938 
293.561035 132.349213 72.972115 38.627277 80560.101562 
327.852905 130.314758 78.518623 37.842056 83745.312500 
415.215088 231.145340 115.686195 49.969559 154809.421875 
418.900787 194.947189 112.938904 61.461235 119932.664062 
828.942993 292.378326 215.775162 115.473961 121298.937500 
375.565521 145.518188 143.906418 107.115753 137101.203125 
325.803101 126.622139 80.829544 63.781101 173827.484375 
260.912384 106.045395 57.348228 53.730484 106123.820312 
260.462585 145.333557 57.295113 62.794777 83462.062500 
261.950012 123.748184 89.433601 60.240658 84007.664062 
254.734787 136.941589 74.563705 44.093227 119297.828125 
332.743805 125.267365 102.757843 138.882507 138972.828125 
361.339142 173.033890 69.922829 36.336437 137732.359375 
438.035919 157.420380 77.392693 70.403290 90172.070312 
211.928238 123.147774 69.733864 64.939903 81249.218750 
414.532104 137.565186 85.568855 45.973057 94430.601562 
301.936707 132.906738 73.072464 49.261013 55123.996094 
203.704361 116.449745 86.019707 49.138218 76346.890625 
223.135910 115.686440 69.492432 53.535709 59000.511719 
452.087128 156.038544 64.149544 61.164074 84376.687500 
232.186707 112.761513 55.586742 49.703613 74457.867188 
234.400314 125.810608 94.365868 47.908867 70000.664062 
212.318680 130.503220 67.796860 53.332790 78256.734375 
278.881226 111.076645 68.035454 36.114727 73908.132812 
223.417419 138.515488 91.773766 55.370914 88596.734375 
420.004791 160.559235 120.938515 47.722073 121253.023438 
249.177505 143.225266 78.677628 64.127655 125458.406250 
326.066376 187.367035 87.346519 34.240395 79573.062500 
513.930298 174.081543 100.996162 53.661987 119348.593750 
281.412842 133.609818 82.319969 57.616760 89663.765625 
293.017242 121.639374 100.744904 75.498589 128130.375000 
1992.345093 401.676483 171.915756 96.447998 105075.195312 
455.129272 162.175705 99.234795 67.860901 123430.359375 
424.341156 140.448212 84.747543 60.775810 113744.187500 
304.126740 128.911697 66.032936 43.806446 93375.804688 
855.883423 257.416931 92.543625 56.209423 161978.609375 
609.129517 243.772888 103.727295 58.145142 100239.234375 
605.576355 184.596115 93.449654 54.996284 107284.593750 
364.319244 148.158295 90.644066 56.259621 93235.812500 
262.788757 121.441544 65.700989 39.548626 100875.226562 
401.610260 172.873566 110.886116 61.005486 142637.375000 
1036.459839 206.946869 150.524597 92.053436 131734.593750 
1091.594727 243.729889 111.056297 62.469460 148470.828125 
946.832397 408.798615 543.645752 289.129181 108764.007812 
351.328644 126.511261 81.795967 51.711353 93126.539062 
367.851257 209.949890 120.043869 80.158379 92466.046875 
215.772079 96.111008 54.804733 44.499779 64892.199219 
210.210785 131.052307 91.297592 48.551170 55239.144531 
189.498657 96.512596 78.371750 60.265968 56090.285156 
212.160248 108.426086 82.067108 57.620888 95266.101562 
183.696777 102.982071 62.933876 33.720165 56739.093750 
193.554382 128.802032 97.292084 58.690166 39695.808594 
170.359940 76.309685 68.444557 79.998993 64683.937500 
193.003830 138.338730 53.927059 36.036182 50425.746094 
260.911957 113.976395 51.815163 36.784290 72752.500000 
174.781754 102.845818 47.417538 29.664246 37919.558594 
239.898788 106.142723 81.848969 48.960987 72612.992188 
222.743423 121.240768 82.674469 43.489483 70714.007812 
266.660309 127.448723 61.146019 50.489124 82489.265625 
279.572418 139.831207 63.165859 43.382977 116330.765625 
212.768295 116.754196 80.173508 45.352097 85454.343750 
248.383408 149.928528 72.503609 53.113972 87068.273438 
315.341064 132.212799 70.034546 42.219292 74862.359375 
439.122253 175.278534 101.001511 49.089142 132127.500000 
377.883575 145.154999 57.741104 48.818684 125783.414062 
335.382385 178.021210 103.955482 76.671455 123522.710938 
326.847351 148.589584 81.356758 49.763645 112642.398438 
564.769287 211.296661 122.428665 70.286736 112003.937500 
1551.606567 341.159607 143.887314 100.475227 131760.640625 
463.287994 149.502991 67.282150 49.695309 97460.234375 
297.107971 154.634262 69.902100 51.102894 94568.093750 
346.440826 118.156273 86.472107 59.520035 85518.851562 
277.468475 117.969070 69.300903 30.416107 50641.109375 
1234.872925 289.928345 85.122574 46.178383 128983.304688 
170.281281 86.907570 44.912407 25.821135 43029.406250 
219.778137 103.202728 93.350700 41.886959 65278.308594 
260.660309 108.465347 65.360809 31.526188 50655.785156 
239.297958 127.286072 57.651028 28.717426 65669.851562 
323.373871 122.122551 55.363728 28.984051 78615.585938 
281.706757 119.453667 71.103210 46.584839 53711.589844 
179.839020 112.586380 43.991753 19.661316 64247.125000 
283.942383 127.081558 57.645023 28.089592 67418.328125 
186.786407 108.514519 58.857086 31.769062 54117.527344 
261.890808 129.719055 76.326515 49.534412 90763.015625 
274.670471 193.355515 73.493500 45.872200 78971.156250 
240.045013 149.194061 67.517693 28.453785 66262.375000 
238.888947 131.240845 68.233704 32.624863 69938.875000 
372.217529 144.802734 65.423187 39.982826 75597.125000 
230.233566 137.670425 69.322929 42.401939 114452.476562 
230.349228 129.429977 93.860039 73.281181 100219.023438 
267.578033 125.588402 55.836357 56.936245 91535.937500 
247.890793 121.025642 63.114216 41.063831 63565.031250 
254.982697 139.281693 57.561794 37.942501 79718.460938 
227.632584 147.237915 65.853668 39.920223 119596.945312 
514.447632 129.766754 103.792229 104.934914 118173.757812 
304.450867 135.775208 105.958046 59.981602 83047.195312 
243.996704 154.819839 99.276199 66.945190 102111.882812 
452.364227 116.717323 52.059353 29.306078 81863.234375 
310.057983 142.577133 90.667145 73.023575 111100.109375 
537.588623 163.858017 69.758125 49.505997 130453.210938 
567.646729 194.952728 129.587402 59.082027 90784.421875 
312.013367 121.429039 104.499969 39.320362 105026.429688 
433.568726 157.210754 93.703033 73.073006 117031.640625 
1139.850098 289.595703 134.089722 86.939972 122085.109375 
305.954590 148.119934 63.602608 55.210232 116269.968750 
1329.121216 228.894302 93.481422 89.561440 168583.640625 
430.384979 112.187576 67.841362 54.078934 130536.578125 
322.347717 120.192879 87.445549 56.755558 100611.101562 
407.554718 193.374313 80.611412 102.836296 109079.171875 
376.398621 128.662537 62.911694 46.280304 77697.906250 
316.371979 158.513947 114.952843 54.278683 79000.570312 
207.326019 120.987328 66.268639 46.389629 76786.851562 
310.955841 136.573166 67.214806 41.411404 100022.015625 
236.712906 119.264839 65.012207 59.145435 70861.210938 
171.426315 115.010048 44.233124 37.629284 47867.050781 
519.083130 153.039688 80.924965 60.601681 91636.609375 
185.258911 96.734787 64.666733 61.670010 95282.507812 
161.957474 83.760826 58.136631 41.943737 38546.468750 
240.549103 139.694962 74.686638 31.535763 71240.734375 
303.048981 119.960129 89.707985 69.436241 96496.671875 
276.725647 138.349945 95.730263 124.132500 52719.191406 
246.197662 143.548981 72.313683 32.038799 73151.906250 
270.132599 147.101761 97.298973 82.542824 106595.929688 
188.160751 127.260513 77.795052 41.058182 78933.031250 
231.054901 104.933960 70.211197 42.514988 65388.597656 
219.982391 131.186386 66.575478 41.715706 53033.320312 
297.183655 128.104507 92.187454 60.672523 81549.429688 
260.813812 111.290070 78.418602 58.902603 101820.531250 
547.655518 156.320145 93.233017 42.801529 81107.312500 
241.000565 109.855156 62.768742 52.100109 113398.054688 
249.454941 124.770264 74.026337 61.389961 72649.648438 
259.626709 106.011772 50.718079 51.441788 87997.671875 
365.574066 144.030243 77.560966 45.543190 82942.468750 
273.278503 128.527832 51.074951 36.262470 74027.140625 
242.423111 110.545616 57.390404 63.011719 62851.652344 
270.329132 115.214912 79.319572 37.782429 76907.757812 
315.356171 127.676964 60.996704 39.345425 85393.726562 
328.586853 123.055801 76.704758 75.434517 87581.351562 
282.083557 146.143295 71.343681 53.971550 108279.539062 
1150.333130 337.057770 160.932083 121.477386 101585.687500 
394.677643 160.624908 88.361244 49.706448 127281.648438 
235.787231 147.977264 94.955002 61.332230 91526.507812 
306.480621 180.771729 97.511803 65.837776 120802.445312 
421.000519 213.340027 101.783875 76.937866 85076.148438 
557.759033 175.588181 79.447235 62.529819 115451.960938 
259.090271 107.122093 93.242241 89.012268 128946.000000 
3195.289307 327.732574 290.087006 521.511230 169571.859375 
600.890015 157.482620 88.443687 56.618530 124584.609375 
543.078918 151.788330 70.971581 50.003109 115933.140625 
287.722565 153.354141 82.467445 126.382896 99926.835938 
304.247772 152.107956 67.812485 56.713924 96015.007812 
424.655945 158.073135 88.956940 51.164761 90391.156250 
262.368835 144.666077 90.500443 78.396950 119791.953125 
308.578033 117.539162 80.163246 65.872353 87118.492188 
295.052673 126.266342 73.911301 32.166740 74233.617188 
246.226395 121.915016 124.397446 84.469131 65132.589844 
364.703430 158.214508 83.641357 57.584457 115740.390625 
419.243774 132.526428 74.633720 81.431633 71511.390625 
190.801178 94.233955 65.502892 44.654907 56231.718750 
182.574783 110.132454 66.668427 57.906696 73299.484375 
191.640015 99.884163 57.829773 42.939373 52446.324219 
270.949097 148.794815 72.385681 37.895996 116165.453125 
534.191528 186.524841 98.308868 43.682854 94604.132812 
258.295044 140.805405 57.530354 39.751316 104848.882812 
342.506073 143.906326 76.643364 38.273373 117579.882812 
295.364777 117.382263 62.598858 55.521568 69937.101562 
320.221619 147.514374 106.075783 48.730721 75228.500000 
319.770416 166.645569 80.358315 39.150776 155213.703125 
396.241333 176.949799 88.904655 61.509613 93306.515625 
203.684952 95.886436 55.577705 42.157700 78029.484375 
324.767029 141.160751 59.245628 56.344563 118777.937500 
213.420624 103.261780 59.555557 26.642780 57629.386719 
263.084900 158.916962 124.117691 89.274559 81938.382812 
327.121765 146.050400 68.387970 49.039516 100222.500000 
439.763184 171.842667 105.102600 75.804024 139410.593750 
183.114349 85.340981 59.338436 38.707726 69382.484375 
166.942093 94.826416 46.671303 33.930389 57986.734375 
276.831512 117.641273 59.861221 38.131462 98631.015625 
248.035706 108.965157 69.402611 57.008423 64068.535156 
203.975815 92.445564 48.976265 44.089096 66167.203125 
277.532654 126.255051 65.655930 62.092628 59063.074219 
131.713135 82.784248 55.935886 33.329876 57801.121094 
295.059479 125.991211 63.816589 28.111841 66929.187500 
492.073761 242.504333 86.960548 75.081154 116980.679688 
209.633469 119.810806 77.443710 40.673534 68590.375000 
316.326233 119.180054 60.202965 48.579208 83794.351562 
254.024857 104.752327 78.494019 32.230759 74139.656250 
234.483368 119.196228 64.181343 43.521027 75167.054688 
966.863281 254.778137 157.787170 56.816494 123977.828125 
297.453735 129.039337 61.774700 35.577579 61760.523438 
193.961517 93.054733 49.372570 21.430786 62109.117188 
268.559753 158.607132 82.226219 45.320549 88286.312500 
201.451859 117.864929 68.586365 39.861294 69761.546875 
287.424286 112.637405 73.585632 55.042519 86400.367188 
179.551025 94.172028 54.733753 25.262478 57342.554688 
239.283234 152.548065 84.623169 38.121719 56744.929688 
246.407089 137.303757 82.744896 65.652252 63377.593750 
248.006744 103.732193 64.347504 40.340965 66805.570312 
205.999786 128.076248 76.370293 42.267639 53956.308594 
145.340408 94.396553 68.680069 36.469387 52754.078125 
353.949127 111.137459 69.575073 49.337879 53944.933594 
171.727219 93.710495 62.873901 56.934029 86113.500000 
271.751709 108.424217 80.542145 52.847511 87579.562500 
193.627960 103.656113 81.217453 38.605610 62179.863281 
264.121948 137.364548 80.664047 26.513676 75053.976562 
379.850433 106.863777 62.414032 32.964420 95837.140625 
296.467682 156.851639 73.963219 43.941948 98092.070312 
351.194519 140.379547 76.646538 42.739223 69499.187500 
176.571930 144.602020 54.523117 39.250122 77547.460938 
262.325531 146.492157 79.258568 36.659676 95707.625000 
472.308685 199.757812 131.549072 67.070831 104127.398438 
420.541901 147.090637 105.147934 44.313396 84339.601562 
239.737671 125.478752 73.638512 36.397652 57680.820312 
172.778305 110.728409 63.751408 51.919334 87611.281250 
380.151825 158.189072 104.945854 70.844940 92870.960938 
258.915741 114.700447 53.939777 41.773819 71991.875000 
358.999664 151.417099 87.102577 43.533524 99529.695312 
296.859863 151.201462 55.032791 60.154118 89328.273438 
420.080933 146.073135 81.167061 73.390442 79597.335938 
278.414856 186.581741 95.100311 60.052959 82517.875000 
289.014465 147.058090 71.491699 55.813072 128631.390625 
270.646393 151.250259 104.983627 47.252586 91780.523438 
223.436310 126.519951 77.589523 51.178936 98968.421875 
204.836685 131.951187 71.633560 51.937195 97991.296875 
291.578369 150.950317 80.782341 51.788170 86580.437500 
214.324219 90.504997 66.886101 51.906300 74441.976562 
213.641098 108.384300 56.733402 40.899807 50253.062500 
294.821075 128.191620 68.155464 67.698631 74516.320312 
287.602112 186.562790 84.630699 47.726730 83858.054688 
278.934692 135.015198 84.565857 37.910530 105299.476562 
224.012741 138.196121 65.709167 33.838963 85149.867188 
217.864731 123.685516 115.673904 66.447647 67095.148438 
195.185471 103.404716 47.395298 37.765800 62068.335938 
209.987015 106.878273 58.340633 32.760441 58199.367188 
232.634445 129.863495 59.226063 57.964512 90196.289062 
129.983871 90.715683 29.585756 18.235352 37594.167969 
254.617783 138.466202 72.618782 35.143631 83887.500000 
233.546860 130.934525 82.624931 34.406849 53324.484375 
297.841431 121.967506 89.267426 42.654217 67203.648438 
203.512115 109.554771 68.624046 52.925896 111749.562500 
262.403259 100.264343 58.400284 32.616352 81400.015625 
247.250107 142.315765 76.171753 61.055408 80761.562500 
235.000473 115.463875 60.298882 35.745937 61055.855469 
224.980118 114.932838 57.453835 35.647610 53643.453125 
269.767517 141.502243 83.368973 37.837589 62960.058594 
173.899368 87.807961 34.845722 29.637850 54754.156250 
266.759369 131.667603 63.182709 39.410667 71728.078125 
242.744537 98.511459 61.556488 58.731113 75285.140625 
201.852005 115.520615 67.595108 36.383324 99384.929688 
172.407318 96.333244 56.932724 30.453224 47989.808594 
294.971039 139.630249 61.702660 43.666653 103318.968750 
333.310181 163.245605 98.069427 50.621323 103496.218750 
285.641571 132.732269 77.462967 48.852276 79809.195312 
256.651428 163.582855 76.732841 51.248501 80815.328125 
262.709412 120.844917 83.654114 51.760090 76282.992188 
398.580292 135.031342 92.863022 64.344765 131828.046875 
206.500595 126.214523 72.288490 62.642235 75471.820312 
320.100403 118.635605 81.284538 35.072021 60674.464844 
173.661453 87.924194 67.067627 37.127502 58704.324219 
257.498169 132.016022 59.876900 32.985378 88087.156250 
283.133911 123.115959 82.849655 32.490372 89006.531250 
547.394348 244.808472 119.914215 125.349930 119183.359375 
283.092590 142.557693 68.342033 36.936600 88355.875000 
368.519409 157.295258 87.681503 58.626839 93655.031250 
330.834137 153.699539 71.025177 50.140175 95806.437500 
210.641464 111.299469 68.120262 54.611858 72432.765625 
412.985565 195.512314 83.561523 58.428001 117579.968750 
395.117523 115.999298 67.333260 56.384392 83757.265625 
307.695068 142.151825 77.407463 54.153824 105002.281250 
223.916809 102.692406 68.700668 32.508907 95881.929688 
561.948608 179.440247 92.931519 53.123932 115316.828125 
323.031738 212.589294 113.734818 69.035919 111466.726562 
404.868774 150.608047 87.090385 52.184452 134964.843750 
551.725891 223.608444 118.034920 59.462170 98039.562500 
349.379303 146.923706 110.954834 81.955574 106834.898438 
186.294846 136.992050 78.603355 51.010960 112929.367188 
563.356567 180.385040 101.980804 88.360100 155409.625000 
678.617676 224.432266 162.000717 94.485191 127669.281250 
547.140076 180.425629 89.920792 73.545181 84901.953125 
256.454071 120.932220 63.256603 44.271584 86963.882812 
222.420471 119.695465 64.638023 37.892914 108067.031250 
276.657440 123.873825 83.986908 46.901199 119816.523438 
337.050964 133.318314 66.734222 44.482254 107062.882812 
305.138641 146.697067 62.979836 54.314754 92606.039062 
274.245636 137.990250 60.738522 65.164291 121632.242188 
242.395935 99.915810 69.194260 62.180531 120550.835938 
296.713196 136.901047 88.239265 40.727978 77032.304688 
380.088959 143.111740 84.349655 52.926579 93889.687500 
211.354507 130.318115 71.811295 29.743458 80012.914062 
255.024887 168.481262 61.959335 79.377937 60542.046875 
296.841064 132.662872 67.826385 56.005993 103292.109375 
410.986755 152.172882 67.992035 47.468433 76770.796875 
236.574127 135.373383 60.336197 41.147354 84064.781250 
381.199615 122.270157 88.790398 71.738937 113457.335938 
300.535858 130.949661 67.198792 55.562515 94397.195312 
325.033936 135.180359 61.686127 43.286480 63166.890625 
268.086792 130.114044 78.296448 38.985619 68915.351562 
236.188934 111.999695 69.554794 38.032932 99335.406250 
240.738052 123.254471 62.590744 29.450539 88507.593750 
282.566467 102.483994 87.236885 41.612797 68015.945312 
295.956116 174.679688 130.133698 82.977669 122175.078125 
312.836121 151.218231 76.661133 55.206493 138174.890625 
442.504211 168.134094 72.542816 54.385830 121905.523438 
431.336517 195.813583 97.735588 57.673931 154084.468750 
369.039307 137.031601 101.928360 51.629337 130362.734375 
324.293884 138.505127 116.105156 50.519466 117323.203125 
295.836945 119.067764 83.570099 29.141434 81021.257812 
247.862381 143.102509 70.586594 44.525948 78986.468750 
572.153564 221.923325 176.470551 132.972214 114421.281250 
298.512726 126.959862 88.434074 50.285374 118837.265625 
336.643280 141.110458 69.168770 66.196915 139304.531250 
282.823395 128.137238 59.840908 32.001354 59085.179688 
267.766907 122.845093 82.046387 61.195194 64392.640625 
191.723114 122.716888 69.957062 51.417953 64634.968750 
180.070831 124.554260 49.086590 50.696354 62576.937500 
247.548203 122.060921 105.878647 70.775505 58901.816406 
326.970490 143.449219 65.779816 58.123100 81724.984375 
225.698120 143.708237 76.370895 42.551517 87119.281250 
238.765656 118.083992 118.868774 61.068787 76685.437500 
203.626251 109.434563 54.640045 34.696602 56423.175781 
258.903564 143.092773 72.422913 36.494141 61908.183594 
387.634003 141.981750 79.496902 43.070786 101169.789062 
330.169495 124.088600 52.835930 29.947252 45021.578125 
208.120285 119.699471 67.499092 33.220188 67060.625000 
271.789764 125.182457 74.743439 90.380600 89667.656250 
338.065887 107.937920 57.796635 31.466061 67006.500000 
180.189926 104.319984 57.780064 26.602766 66745.375000 
172.132645 99.751740 64.157402 35.071449 47475.933594 
214.472076 134.520569 65.263435 42.592224 75531.507812 
346.547546 186.615662 120.360054 54.667294 176796.796875 
341.130585 139.192841 98.590096 73.391434 157346.125000 
341.349884 142.933350 103.360710 89.463890 120329.359375 
247.315445 160.167358 62.447262 31.979372 81790.242188 
260.820343 114.744225 79.633705 35.773186 69379.023438 
260.674225 127.980103 75.322571 45.472263 85512.390625 
297.245026 130.996597 75.178215 61.273682 132043.781250 
270.542419 121.024841 59.091969 48.982109 103038.414062 
267.362915 127.555206 90.180183 42.869953 67972.195312 
219.065353 111.179169 68.635094 26.193041 58797.703125 
159.645599 102.407295 50.942486 69.882500 47808.148438 
377.547974 166.759293 76.964554 53.320564 67783.289062 
327.774994 125.980339 84.046425 48.086597 129945.664062 
241.193741 110.801834 73.203415 42.770813 82556.132812 
212.684235 107.290276 60.730831 29.907211 77051.039062 
324.190857 157.528503 69.701073 53.312263 124308.882812 
213.814896 135.843399 78.613014 27.800447 87028.960938 
193.583969 87.146393 46.325230 37.215321 48757.585938 
388.012329 258.201111 205.052200 120.599640 135384.937500 
202.283539 118.098083 70.333290 57.923946 108785.609375 
214.572998 125.773659 55.890751 61.162121 81074.929688 
289.013763 129.498886 68.462646 47.869534 63003.941406 
371.778290 131.146072 92.475403 56.132629 117778.812500 
237.248138 124.732430 69.613182 51.966732 91731.820312 
208.962357 128.911896 100.887444 52.978172 73116.351562 
272.060394 136.536545 66.136757 41.036179 62462.132812 
235.249863 118.856194 66.721512 60.839825 69500.570312 
198.907272 105.115524 64.263992 48.287136 57642.687500 
264.911865 132.924713 64.832802 40.352074 65130.714844 
251.822998 111.413651 63.847946 53.686844 96081.421875 
230.573090 124.934586 57.434521 38.948448 62242.628906 
217.814026 113.216080 57.611561 44.800152 69699.531250 
211.403198 133.595428 95.908440 38.956059 69021.593750 
265.126556 119.798508 91.332314 37.540817 70502.875000 
226.443954 125.857979 81.935356 44.341499 77976.968750 
375.954681 178.565186 71.930984 44.050262 94909.632812 
220.567856 159.105377 91.509247 43.801838 83117.656250 
382.848663 139.506500 65.264915 45.518559 73039.171875 
342.161865 163.426666 87.789070 65.741173 123641.710938 
331.500031 158.981644 119.495888 349.236633 112886.421875 
574.894287 263.285370 129.717377 94.535606 71118.898438 
474.119537 180.053818 86.924484 68.930664 138423.640625 
310.314636 114.867416 66.617912 44.269474 87613.703125 
279.136169 157.630600 78.644234 68.211189 59339.945312 
198.475708 128.626495 97.969681 53.020844 80834.726562 
358.295868 164.125458 86.245354 59.597595 129046.507812 
398.236664 129.846100 59.661133 34.799637 110349.773438 
318.937714 165.456833 89.487976 58.322094 95456.843750 
406.175934 148.875839 91.783730 46.001812 90425.804688 
363.592438 133.767242 67.375961 47.002792 95471.265625 
312.845703 147.234421 85.237930 59.872475 82089.351562 
272.044922 150.206482 64.199280 36.601685 77699.554688 
330.348541 168.908417 78.525299 47.444275 115566.656250 
285.084351 151.586777 83.484665 91.520432 131559.312500 
383.211273 213.896378 185.885788 93.986084 141634.593750 
