6302.174805 5150.637695 3782.704102 7111.650879 7663.434570 
6311.770996 3710.455078 3862.321533 5415.455078 5404.525879 
5045.632324 4994.658203 3059.386230 4576.101562 10471.176758 
6062.599121 3478.036377 3763.112793 3734.420410 9664.381836 
5792.502441 4927.342285 4467.395508 3631.531250 5090.476074 
5944.400391 5946.729004 5024.960449 5837.758789 6683.581543 
5807.078125 4413.361328 4830.173828 4556.193359 11049.545898 
6165.817383 5156.607910 4121.597656 7101.590332 4744.781738 
6734.295410 2784.155518 2754.360840 3013.621094 8896.407227 
5835.948242 5055.170898 6155.688965 5613.647461 7302.140137 
11486.301758 3690.581543 4640.787109 5564.606445 8726.554688 
6209.391113 4065.473145 5562.424805 5889.617676 8122.030273 
6651.728516 6962.292480 6953.455566 4874.981445 4953.555664 
5896.486328 4571.750977 5665.421875 4463.752930 5596.372559 
6612.803223 3974.164795 3173.489502 3950.029297 7811.274902 
5971.053223 5065.240234 4220.854004 4086.865479 6531.086914 
6796.507324 4919.183105 3861.801025 3723.313477 6361.637207 
6720.011719 3518.211182 2533.974609 4713.890137 9314.038086 
5007.131348 3680.210449 2915.202393 4031.561523 5411.913086 
4806.320312 2627.399658 1965.928345 2884.767578 6637.967773 
