89.571716 64.616447 62.769531 63.599445 50.535057 0.000000 
81.680359 52.621319 63.149307 77.206871 53.395844 0.019782 
89.676094 65.973289 66.163971 74.926353 64.799889 0.027976 
82.931282 68.915878 55.824669 57.750149 57.905907 0.000000 
76.209091 62.345673 72.455559 73.273575 58.084343 0.000000 
92.835312 65.389297 56.237198 59.249554 53.551476 0.000000 
83.144196 31.421801 64.119804 69.640442 62.051823 0.019782 
90.158691 68.302765 74.896362 75.528450 49.721443 0.019782 
82.937355 40.281101 56.287395 70.302834 51.027695 0.039565 
68.779129 56.996891 61.080166 70.764206 66.180954 0.000000 
91.048637 65.703583 64.115845 72.221657 64.160828 0.019782 
84.260803 37.721657 56.464424 84.954124 70.949699 0.034264 
89.615974 22.747339 74.527901 64.733032 64.856552 0.027976 
82.584541 76.247772 62.168133 64.920052 51.128654 0.000000 
86.693626 60.321087 56.546318 83.605347 48.504108 0.000000 
85.790901 57.573017 56.474998 70.976402 61.130051 0.019782 
75.546501 32.766579 71.666214 52.921677 66.145447 0.000000 
85.550781 57.893574 67.936623 77.541443 49.179840 0.019782 
85.644058 68.879890 71.055397 75.892990 37.917442 0.019782 
88.090042 44.035725 49.182289 74.708557 60.230011 0.000000 
