32014.724609 113173.890625 6906.139648 51589.812500 113624.523438 
24291.283203 234632.625000 7230.938965 27859.091797 155693.203125 
39905.414062 591431.812500 6974.705566 190679.843750 139106.093750 
17941.146484 74495.281250 12373.007812 15897.251953 91088.648438 
71791.828125 514762.718750 6531.258301 46021.187500 167583.671875 
25183.150391 95711.968750 8759.001953 19558.126953 127172.007812 
26252.468750 150765.390625 9015.000977 67370.804688 147197.218750 
42898.117188 190522.359375 14843.248047 35415.781250 113462.437500 
53942.144531 146348.187500 13378.440430 47839.039062 161267.875000 
56016.386719 144092.843750 6384.515137 30618.148438 196131.343750 
42876.628906 53468.382812 9024.469727 24513.005859 116620.375000 
45761.515625 103893.843750 10608.489258 52946.664062 110837.750000 
41319.835938 77921.023438 9075.113281 23691.337891 94043.835938 
22097.769531 235168.015625 13145.000977 166808.078125 112974.351562 
29009.185547 143872.062500 6531.919434 47338.687500 110829.820312 
35974.136719 122421.375000 5251.435547 38372.843750 108196.445312 
57680.644531 220082.625000 9442.662109 44474.609375 140125.015625 
31387.466797 126004.742188 12097.717773 29132.894531 160632.843750 
38501.132812 146358.765625 15008.947266 23351.455078 111341.585938 
36443.566406 150599.421875 7861.164551 22358.431641 89721.531250 
