40141.324219 4527.785156 10650.501953 3799.216797 153869.062500 
49022.726562 7145.003418 11499.844727 7200.063477 175591.812500 
38860.925781 6013.156738 9173.936523 8024.025879 114846.484375 
46211.656250 6674.626465 6130.093750 4446.023926 146075.093750 
54617.562500 7893.995605 7435.676758 4493.726562 123307.539062 
41949.980469 4326.725098 3493.619141 4228.172363 178239.984375 
43173.632812 8112.753418 6160.004395 6772.017090 186215.750000 
43188.476562 6165.593750 6959.740234 4514.466797 159380.968750 
43750.109375 5064.896973 5702.111816 6551.681641 337400.656250 
52477.718750 7695.234863 5519.779785 5446.979980 217137.625000 
43479.667969 7155.831543 4565.948242 7277.231934 170318.421875 
41508.738281 5623.010254 4328.611328 4696.539551 225532.906250 
42670.304688 6079.000977 3743.424316 4070.953857 202525.046875 
60544.597656 9226.161133 7079.425293 5802.227539 238575.546875 
40565.613281 5492.251465 3783.774170 2769.320312 90123.601562 
36231.578125 4537.189941 3088.807861 1971.717529 43404.128906 
39490.203125 5358.958008 4525.812012 6012.212891 200362.515625 
49666.183594 9797.966797 7308.302246 4668.541016 138926.640625 
55121.664062 8478.951172 5669.726074 6090.043945 209755.562500 
56279.097656 8961.505859 5222.622559 4915.676270 127629.265625 
