445989.750000 2230784.250000 12738977.000000 61911240.000000 42020548.000000 58613088.000000 28879324.000000 32572128.000000 8843282.000000 1358264.250000 
488251.468750 1756760.625000 2375908.750000 21661816.000000 4755993.000000 7857345.500000 1508778.250000 970169.312500 957683.625000 929149.750000 
450614.656250 1622114.750000 2771100.750000 97925848.000000 4956229.500000 24410392.000000 17783636.000000 2212309.500000 650602.812500 1011967.875000 
375688.625000 1131722.250000 2862740.500000 21066110.000000 13415053.000000 9751525.000000 3556270.250000 5052350.500000 3799600.750000 1185722.125000 
352543.625000 929099.375000 2289895.000000 2695288.250000 4395914.000000 8719338.000000 2037233.500000 1609364.750000 633109.437500 114146.171875 
428898.531250 1459199.125000 3337996.000000 8134743.500000 19883866.000000 7511005.500000 4006323.750000 323164.343750 184885.359375 1868.894165 
511399.312500 1859605.000000 4494379.500000 8367255.500000 13385615.000000 6752566.500000 16965574.000000 8605762.000000 2459467.500000 124747.382812 
596179.625000 3393622.000000 2743261.500000 12886926.000000 2305260.500000 14217723.000000 1543580.250000 588190.812500 456282.187500 3723.293457 
475435.750000 1363318.250000 17542698.000000 309065248.000000 3680961.250000 12443465.000000 382738.125000 277131.812500 222021.000000 11496.308594 
453388.437500 1569165.375000 4555022.000000 106405776.000000 70881104.000000 48112412.000000 18258630.000000 2905920.750000 1524579.500000 22351.654297 
397359.625000 1897555.375000 3843795.250000 10096564.000000 9441890.000000 6432456.500000 5129098.000000 2515351.500000 2498069.500000 487554.250000 
324683.437500 1050997.125000 1518330.000000 2699088.500000 4929004.000000 4797771.500000 4575248.000000 869110.062500 730492.375000 133234.296875 
474501.937500 2139385.500000 4707276.000000 12147058.000000 27532710.000000 65102584.000000 78951136.000000 214928800.000000 38184300.000000 2267046.000000 
336663.781250 964319.187500 5331897.000000 86000232.000000 71997264.000000 5316344.500000 92245.078125 1504965.875000 420305.218750 1434.829712 
411845.187500 970354.250000 4858767.500000 65222968.000000 24999678.000000 39878288.000000 10873424.000000 2381514.000000 458440.406250 7313.226074 
387263.968750 1501216.625000 1081755.625000 3552099.500000 1051799.500000 503584.093750 376803.843750 81603.296875 29843.052734 681.278137 
330163.812500 1702939.625000 5757963.500000 24898696.000000 19747444.000000 58373352.000000 117835160.000000 25413050.000000 3726144.000000 784697.062500 
494889.656250 1151672.750000 2747869.250000 4564647.000000 5067949.500000 2723098.750000 1523637.375000 1884149.625000 416892.093750 128261.343750 
353730.531250 653740.937500 1266088.125000 6643238.000000 4461106.000000 3902719.750000 615784.687500 637221.562500 545127.875000 26588.607422 
443202.500000 2467512.000000 4205423.500000 8166859.500000 2551560.500000 1633948.000000 1385337.375000 667471.562500 640889.687500 298791.687500 
