84.139694 86.697372 87.449600 86.606796 78.999664 
86.439789 89.435333 90.004326 88.016884 76.943626 
82.381699 82.071266 82.633369 82.935593 75.465904 
84.387596 86.790863 87.374115 86.697922 75.889603 
85.255928 87.488075 87.931664 88.549316 75.193138 
84.158386 88.157600 89.815544 90.247032 77.313629 
86.996475 88.721542 90.749542 90.623894 72.849678 
83.453552 86.244392 86.572693 86.908379 80.119705 
83.673866 85.099915 86.457581 84.388542 76.247040 
85.601631 86.183655 86.819725 85.409958 75.149155 
84.617210 85.178436 85.977684 86.689949 75.312965 
84.086334 85.017647 84.965057 82.839500 78.961601 
82.317589 82.518303 83.202499 81.192253 75.569427 
82.285538 84.921600 86.426247 86.250862 72.846916 
84.545486 86.243172 86.445999 84.270546 74.797852 
82.923691 88.356491 89.488129 87.727707 70.372200 
84.770271 85.235428 86.881912 86.629402 74.611351 
84.268997 85.718933 86.289299 84.068405 72.272072 
83.455704 84.349121 84.048454 84.671730 75.459549 
85.524681 87.876266 88.655540 85.444618 72.282791 
