Episode: 1: [[ 0.00366955 -0.00363338  0.00174817  0.0116284   0.04339791]
 [ 0.0252564  -0.0072814  -0.04188917 -0.01460386  0.02562282]
 [ 0.03163423  0.02421283  0.1563313   0.23793241 -0.04995823]
 [ 0.15078181  0.14647092  0.29051182  0.32454613  0.01240751]
 [ 0.05226078  0.11711468 -0.00296493  0.01623573 -0.26032805]] 
Episode: 11: [[ 0.00958234  0.0028605   0.00166095  0.01022595  0.04702025]
 [ 0.02084468 -0.01293697 -0.04304691 -0.01274109  0.03029176]
 [ 0.03163137  0.02401176  0.15331955  0.23786066 -0.04588694]
 [ 0.158966    0.15396471  0.28828698  0.3233596   0.01618672]
 [ 0.04748726  0.11280613 -0.00426791  0.01603608 -0.25776476]] 
Episode: 21: [[ 0.01465723  0.00790867  0.00474801  0.01176875  0.04722044]
 [ 0.01675128 -0.01754992 -0.04426295 -0.01244748  0.03099562]
 [ 0.02978693  0.02188303  0.15283892  0.23831171 -0.04537243]
 [ 0.16297844  0.15700361  0.28966463  0.32464746  0.01660356]
 [ 0.04341708  0.10934554 -0.0054887   0.01561612 -0.25702924]] 
Episode: 31: [[ 0.01471572  0.00800188  0.00422847  0.01155754  0.04735646]
 [ 0.01584361 -0.01797196 -0.04613227 -0.01400478  0.03078901]
 [ 0.02940835  0.0210335   0.15417816  0.24000873 -0.04519287]
 [ 0.1623804   0.15582463  0.2908592   0.32649657  0.01687517]
 [ 0.04354427  0.11072382 -0.00785941  0.0131812  -0.2579657 ]] 
Episode: 41: [[ 0.01417416  0.00691863  0.00641618  0.01433444  0.046567  ]
 [ 0.01658645 -0.01734777 -0.04530114 -0.01369176  0.02967616]
 [ 0.03182082  0.02339983  0.15620849  0.24072187 -0.04596866]
 [ 0.1634488   0.15555799  0.29354876  0.32893738  0.01629966]
 [ 0.04137799  0.10851118 -0.00800306  0.01342527 -0.25858796]] 
Episode: 51: [[ 0.01327202  0.00639151  0.00478124  0.01172006  0.04478093]
 [ 0.01595466 -0.01835101 -0.04405483 -0.01279778  0.0282078 ]
 [ 0.03156627  0.024763    0.15304434  0.23639643 -0.04764114]
 [ 0.16158122  0.15575829  0.2915501   0.32579315  0.01484437]
 [ 0.04186524  0.10482134 -0.00242176  0.01941184 -0.25379017]] 
Episode: 61: [[ 0.01285719  0.00665743  0.00204401  0.00759334  0.04332161]
 [ 0.01560998 -0.01896757 -0.0431177  -0.0118864   0.02771057]
 [ 0.03061023  0.02487977  0.15054919  0.23346215 -0.04863952]
 [ 0.15790156  0.15440358  0.28899908  0.32265815  0.01385229]
 [ 0.04389565  0.10416122  0.00077987  0.02280578 -0.24964161]] 
Episode: 71: [[ 0.00661574  0.00137777 -0.00568007  0.00242586  0.04579481]
 [ 0.01646432 -0.01700876 -0.04388006 -0.01474388  0.02275889]
 [ 0.02989313  0.02870564  0.14001274  0.22287427 -0.05098782]
 [ 0.16338958  0.16326612  0.27865776  0.31144258  0.01343074]
 [ 0.043161    0.09708402  0.01202278  0.03440395 -0.2381444 ]] 
Episode: 81: [[ 0.00139799 -0.00329672 -0.01065548 -0.00063704  0.04647103]
 [ 0.01614113 -0.01566018 -0.04653345 -0.01920851  0.0176684 ]
 [ 0.02884261  0.03147366  0.1319365   0.21450086 -0.0537613 ]
 [ 0.167989    0.17023912  0.2713985   0.30319357  0.01212168]
 [ 0.0421086   0.09160957  0.01998604  0.04261827 -0.22976843]] 
Episode: 91: [[-0.00056546 -0.00480691 -0.01346225 -0.00355773  0.04571411]
 [ 0.01568824 -0.01510269 -0.04848787 -0.0218237   0.01555191]
 [ 0.02823658  0.03234246  0.12880386  0.21128188 -0.05480694]
 [ 0.16898234  0.17235278  0.2686422   0.30005586  0.0114697 ]
 [ 0.04151348  0.08968841  0.02246165  0.04521446 -0.226623  ]] 
Episode: 101: [[-0.00146062 -0.00525934 -0.01553276 -0.00642793  0.04446147]
 [ 0.01526763 -0.0147558  -0.05001796 -0.02365943  0.01437676]
 [ 0.02791282  0.03261718  0.12752558  0.20998663 -0.05521253]
 [ 0.16886388  0.17282075  0.2675926   0.29884484  0.01108839]
 [ 0.04132529  0.08907288  0.02325777  0.04606745 -0.22541812]] 
Episode: 111: [[-0.00209536 -0.00543339 -0.01728651 -0.00927702  0.04284519]
 [ 0.01483132 -0.01456187 -0.05126265 -0.0250866   0.01358949]
 [ 0.02748259  0.03256047  0.12684542  0.20927481 -0.05555381]
 [ 0.16796227  0.17255746  0.2670402   0.29813778  0.01059323]
 [ 0.0412555   0.08887151  0.02345563  0.04630681 -0.22478242]] 
Episode: 121: [[-0.00242245 -0.00542383 -0.01834735 -0.01131788  0.04139341]
 [ 0.01456441 -0.01431802 -0.05230881 -0.02624576  0.01314721]
 [ 0.02728216  0.03253117  0.1264389   0.20890082 -0.0556042 ]
 [ 0.16722593  0.17219113  0.26679793  0.29784313  0.01032628]
 [ 0.04114596  0.08885542  0.02331134  0.04618295 -0.22449538]] 
Episode: 131: [[-0.0028018  -0.00547457 -0.01923336 -0.0132209   0.03976922]
 [ 0.01433847 -0.01406496 -0.05323006 -0.0272852   0.01272943]
 [ 0.02724063  0.03259463  0.1261687   0.20866229 -0.05557587]
 [ 0.16657978  0.17184633  0.2666719   0.2976584   0.01007214]
 [ 0.04088438  0.08879744  0.02305753  0.04594211 -0.22444992]] 
Episode: 141: [[-0.00325629 -0.00558719 -0.01993869 -0.01505051  0.03777302]
 [ 0.01405167 -0.01387188 -0.05442583 -0.02846041  0.01274234]
 [ 0.0273417   0.03282634  0.12575716  0.20832206 -0.0553624 ]
 [ 0.16596049  0.17158669  0.266431    0.29734543  0.00981769]
 [ 0.04046661  0.08874395  0.02253527  0.04544869 -0.22423942]] 
Episode: 151: [[-0.00350703 -0.00565415 -0.02007227 -0.01610322  0.03602676]
 [ 0.01411622 -0.01350755 -0.05521579 -0.02911172  0.01325566]
 [ 0.02748973  0.03305938  0.12540585  0.20811819 -0.05492882]
 [ 0.16558543  0.1714206   0.2662969   0.2971948   0.00971934]
 [ 0.04039577  0.08880287  0.02230328  0.0452621  -0.22374375]] 
Episode: 161: [[-0.00313073 -0.00551547 -0.01904576 -0.01602634  0.03496383]
 [ 0.01324251 -0.01364423 -0.05631906 -0.0299378   0.01302618]
 [ 0.02655833  0.03270272  0.12468804  0.20759732 -0.05518055]
 [ 0.16481146  0.1710526   0.2661463   0.2969668   0.00933581]
 [ 0.04026777  0.08895276  0.02207566  0.04512183 -0.22335675]] 
Episode: 171: [[-0.00286104 -0.00551094 -0.01802739 -0.01556304  0.03431046]
 [ 0.01229022 -0.0139747  -0.05709561 -0.03050817  0.01261705]
 [ 0.02559062  0.03226461  0.12412792  0.20712116 -0.05566446]
 [ 0.16393963  0.17058142  0.26605254  0.296757    0.00886088]
 [ 0.04029163  0.08919711  0.02199543  0.04514626 -0.2228368 ]] 
Episode: 181: [[-0.00308704 -0.00579445 -0.01740706 -0.01567907  0.03295356]
 [ 0.01149839 -0.01430794 -0.05732673 -0.03075708  0.01186126]
 [ 0.02477522  0.03186809  0.1239944   0.20684189 -0.05653483]
 [ 0.1627616   0.16995002  0.26613897  0.29653192  0.0079421 ]
 [ 0.04051672  0.08946442  0.02202916  0.04527684 -0.22223304]] 
Episode: 191: [[-0.00360541 -0.00635636 -0.01734738 -0.01670517  0.03121617]
 [ 0.01147124 -0.01406907 -0.05680217 -0.03025122  0.01139487]
 [ 0.02436924  0.03176717  0.12423611  0.20696402 -0.05722633]
 [ 0.16162355  0.16932955  0.26633313  0.29642838  0.00706464]
 [ 0.0414056   0.08994148  0.02244852  0.04578978 -0.22144079]] 
Episode: 201: [[-0.00359721 -0.00642052 -0.0169297  -0.01682026  0.03042894]
 [ 0.01093707 -0.01419089 -0.0571136  -0.03053673  0.01085278]
 [ 0.02379537  0.03151684  0.12408082  0.20673683 -0.05779503]
 [ 0.16084859  0.16892706  0.26632434  0.29623023  0.00651457]
 [ 0.0417052   0.09025612  0.02249325  0.0459242  -0.22083631]] 
Episode: 211: [[-0.00328822 -0.00630398 -0.0163468  -0.01678989  0.02977921]
 [ 0.01022816 -0.01427065 -0.05791147 -0.03123859  0.01030123]
 [ 0.02301022  0.03119222  0.12375452  0.20634265 -0.05845719]
 [ 0.15992428  0.1684348   0.2662399   0.29593363  0.00589893]
 [ 0.04163563  0.09055793  0.02222949  0.04574967 -0.22038406]] 
Episode: 221: [[-0.00297747 -0.0060389  -0.01562408 -0.01665011  0.02892019]
 [ 0.01030911 -0.0139724  -0.05787874 -0.03135684  0.00957656]
 [ 0.02189921  0.03044283  0.12372503  0.20599931 -0.0598073 ]
 [ 0.15809436  0.16736734  0.2663978   0.2956461   0.0045863 ]
 [ 0.04242372  0.09109947  0.02244665  0.04598844 -0.21991093]] 
Episode: 231: [[-0.00407038 -0.00665429 -0.0169415  -0.01951373  0.0265756 ]
 [ 0.01132621 -0.01291603 -0.05828316 -0.03151038  0.01062749]
 [ 0.02158962  0.03015678  0.12404153  0.20610732 -0.06057681]
 [ 0.15578794  0.16599452  0.2663894   0.295201    0.00326844]
 [ 0.04387517  0.09241883  0.02208797  0.04560044 -0.21889095]] 
Episode: 241: [[-0.00415917 -0.00679737 -0.01655757 -0.01984446  0.02564211]
 [ 0.0110802  -0.01285204 -0.05880319 -0.03174457  0.010858  ]
 [ 0.02101421  0.02980144  0.12391792  0.20599374 -0.06101222]
 [ 0.15467471  0.16532019  0.26641762  0.2950597   0.00267961]
 [ 0.04435661  0.0929698   0.02192979  0.04550374 -0.2182531 ]] 
Episode: 251: [[-0.00403565 -0.00671756 -0.01622761 -0.01923044  0.02632676]
 [ 0.00979826 -0.01386359 -0.05960467 -0.03240488  0.01037193]
 [ 0.02033168  0.02926062  0.12358636  0.20566523 -0.0614007 ]
 [ 0.15408988  0.16495956  0.26629984  0.29493505  0.00255006]
 [ 0.04410319  0.09305254  0.02163712  0.04527172 -0.21807347]] 
Episode: 261: [[-0.00461824 -0.00725512 -0.01683217 -0.0200021   0.02606126]
 [ 0.00936687 -0.01417416 -0.05983739 -0.03242962  0.01063226]
 [ 0.02049884  0.02939946  0.12366828  0.20583774 -0.06120664]
 [ 0.15395282  0.16484064  0.26629496  0.2949993   0.00266035]
 [ 0.04415527  0.09329804  0.02144673  0.04512606 -0.21786754]] 
Episode: 271: [[-0.00454993 -0.00764726 -0.01596571 -0.0193043   0.0260281 ]
 [ 0.00785627 -0.01498036 -0.06082342 -0.03295372  0.01065775]
 [ 0.01989906  0.02921538  0.12326092  0.20564707 -0.06119044]
 [ 0.15362051  0.16460322  0.2661938   0.29495496  0.00267001]
 [ 0.04407509  0.09359701  0.02124996  0.04500276 -0.21757089]] 
Episode: 281: [[-0.00426663 -0.00776056 -0.01489147 -0.01793185  0.02636134]
 [ 0.00675051 -0.01580434 -0.06122306 -0.03307689  0.01046697]
 [ 0.01899798  0.02866396  0.12268167  0.20519497 -0.06145553]
 [ 0.1532099   0.16440348  0.26592615  0.2946689   0.0024888 ]
 [ 0.0444878   0.09377534  0.02173296  0.0455219  -0.21706837]] 
Episode: 291: [[-0.00445197 -0.00809058 -0.01472807 -0.01764334  0.02609535]
 [ 0.00690584 -0.0158703  -0.06066408 -0.03243822  0.01081879]
 [ 0.01893774  0.02858112  0.12274282  0.20525186 -0.06152187]
 [ 0.15287893  0.164173    0.26595506  0.29469073  0.00234713]
 [ 0.04537309  0.09417848  0.02218975  0.04597314 -0.2165241 ]] 
Episode: 301: [[-0.00507249 -0.00873056 -0.01481115 -0.01749355  0.02587503]
 [ 0.00690014 -0.01609596 -0.06027938 -0.03192776  0.0112449 ]
 [ 0.01917443  0.02870938  0.12290446  0.20542294 -0.0614146 ]
 [ 0.15281302  0.1640692   0.2660667   0.29483524  0.00236117]
 [ 0.04602002  0.09451462  0.02243097  0.04621445 -0.21608424]] 
Episode: 311: [[-0.00510807 -0.00900664 -0.0142457  -0.01679428  0.0260306 ]
 [ 0.00605425 -0.0166696  -0.06049003 -0.03198894  0.01105381]
 [ 0.01879172  0.0285221   0.12279362  0.20531328 -0.0616672 ]
 [ 0.15244395  0.16382876  0.2660855   0.2948107   0.00217531]
 [ 0.04618922  0.09472052  0.02248893  0.04631205 -0.21581633]] 
Episode: 321: [[-0.00527994 -0.00932171 -0.01418885 -0.01671935  0.02606526]
 [ 0.00552483 -0.0169874  -0.06050542 -0.03192794  0.01088342]
 [ 0.01852612  0.02839242  0.1228507   0.20531082 -0.0619874 ]
 [ 0.15196477  0.16349992  0.26615423  0.29481006  0.00191637]
 [ 0.04647051  0.0949965   0.02252699  0.04637379 -0.21554147]] 
Episode: 331: [[-0.00584932 -0.00975587 -0.01439279 -0.0170431   0.02534407]
 [ 0.00516076 -0.01735963 -0.06065666 -0.0320425   0.01090115]
 [ 0.01842582  0.02825324  0.12302808  0.20533131 -0.06240473]
 [ 0.15149063  0.16318712  0.26635027  0.29483688  0.00143552]
 [ 0.04658686  0.09510783  0.02244843  0.04631284 -0.2152274 ]] 
Episode: 341: [[-0.00689616 -0.01056399 -0.01515466 -0.01767961  0.02452819]
 [ 0.00479741 -0.01786282 -0.06088964 -0.03230149  0.01086293]
 [ 0.01866709  0.02833876  0.12335455  0.20539895 -0.06288511]
 [ 0.15137747  0.16313386  0.2667109   0.2949956   0.00092098]
 [ 0.04649223  0.09494151  0.02244378  0.04632656 -0.21499945]] 
Episode: 351: [[-0.00866852 -0.01241401 -0.01588236 -0.01819986  0.02364909]
 [ 0.00305929 -0.01948875 -0.06131322 -0.03223817  0.0111791 ]
 [ 0.0184345   0.02815658  0.12343445  0.20551635 -0.06297132]
 [ 0.15076897  0.16259915  0.26681557  0.29504368  0.000624  ]
 [ 0.04691962  0.09536785  0.02249604  0.04637505 -0.21477975]] 
Episode: 361: [[-0.00937369 -0.01328771 -0.01523452 -0.01709454  0.02377272]
 [ 0.00082495 -0.0214091  -0.06228552 -0.03275713  0.01094293]
 [ 0.01766972  0.02756234  0.12317071  0.20529406 -0.06333434]
 [ 0.15013593  0.16206655  0.26687586  0.2950165   0.00030813]
 [ 0.04706633  0.09568785  0.02242035  0.04636056 -0.21436806]] 
Episode: 371: [[-1.0436620e-02 -1.4237482e-02 -1.5277749e-02 -1.7063795e-02
   2.2995086e-02]
 [-9.1091031e-05 -2.2359451e-02 -6.2505357e-02 -3.2771498e-02
   1.1026450e-02]
 [ 1.7317571e-02  2.7128268e-02  1.2328959e-01  2.0533875e-01
  -6.3688308e-02]
 [ 1.4936812e-01  1.6142927e-01  2.6708588e-01  2.9508528e-01
  -1.7930818e-04]
 [ 4.7660775e-02  9.6165426e-02  2.2521529e-02  4.6449672e-02
  -2.1404900e-01]] 
Episode: 381: [[-0.01049422 -0.01390295 -0.01795854 -0.01959549  0.02469189]
 [-0.00087295 -0.02314804 -0.06322029 -0.032735    0.01247646]
 [ 0.01746435  0.02787985  0.12165673  0.20440066 -0.06198556]
 [ 0.14942233  0.16216776  0.2649183   0.29377204  0.0016439 ]
 [ 0.04835512  0.09640551  0.02287444  0.04700258 -0.21184494]] 
Episode: 391: [[-0.01164961 -0.01467289 -0.01935071 -0.02048634  0.02514901]
 [-0.00228759 -0.02490772 -0.06377546 -0.03289404  0.01275173]
 [ 0.01726922  0.027718    0.12107234  0.20400721 -0.06163368]
 [ 0.14887306  0.16194464  0.26424998  0.29338175  0.00208114]
 [ 0.04871862  0.09648245  0.02309851  0.04732136 -0.21098465]] 
Episode: 401: [[-0.01404582 -0.01621448 -0.02034535 -0.02008847  0.02557092]
 [-0.00504685 -0.02908687 -0.06420534 -0.03274648  0.0131432 ]
 [ 0.01688799  0.02664194  0.12081534  0.20401993 -0.06109288]
 [ 0.14837533  0.16149898  0.26427957  0.2937321   0.00258799]
 [ 0.04989497  0.09662234  0.02399405  0.04823526 -0.2106701 ]] 
Episode: 411: [[-0.01839635 -0.020045   -0.02397221 -0.02322149  0.02431956]
 [-0.00878549 -0.03311729 -0.06480283 -0.03264675  0.01315723]
 [ 0.01688372  0.02644531  0.1211132   0.20433031 -0.06102474]
 [ 0.14780831  0.1611313   0.2644212   0.29386598  0.00249616]
 [ 0.05070904  0.09687624  0.02444003  0.04868558 -0.21050201]] 
Episode: 421: [[-0.02094154 -0.02261544 -0.02522624 -0.02442816  0.0233194 ]
 [-0.01258743 -0.03650649 -0.0660463  -0.03313964  0.01266531]
 [ 0.01623658  0.02599694  0.12108418  0.20433131 -0.06141974]
 [ 0.14711227  0.16065812  0.26465032  0.29395214  0.0020603 ]
 [ 0.05081605  0.09696241  0.02450106  0.04883103 -0.21037786]] 
Episode: 431: [[-0.02261353 -0.02439286 -0.02549994 -0.02477845  0.0224968 ]
 [-0.01609162 -0.03950702 -0.06746974 -0.03391502  0.01195814]
 [ 0.01531573  0.02535176  0.12078735  0.2040547  -0.06198847]
 [ 0.14631051  0.16011925  0.26469284  0.29380834  0.0015026 ]
 [ 0.05068604  0.09699636  0.02445408  0.04885432 -0.21031508]] 
Episode: 441: [[-0.02365453 -0.02552869 -0.02526053 -0.02443536  0.02228971]
 [-0.01888347 -0.04190479 -0.0686559  -0.03459701  0.01127453]
 [ 0.01465992  0.02486739  0.12053188  0.20387836 -0.06229986]
 [ 0.14590648  0.15980786  0.26477364  0.29382542  0.00126915]
 [ 0.05053056  0.09697499  0.02446293  0.04892486 -0.21034852]] 
Episode: 451: [[-0.02501153 -0.02672192 -0.0255773  -0.02427233  0.02232657]
 [-0.02079961 -0.04383452 -0.06934679 -0.0350192   0.01065485]
 [ 0.01454716  0.024669    0.12053009  0.20389955 -0.06243045]
 [ 0.14585847  0.1597028   0.2649761   0.2940367   0.00125002]
 [ 0.05053585  0.0969324   0.02453133  0.04902273 -0.21044226]] 
Episode: 461: [[-0.02692633 -0.02844071 -0.02622992 -0.02477093  0.02126437]
 [-0.02275567 -0.04568939 -0.06993085 -0.03544944  0.00986474]
 [ 0.01424777  0.02430956  0.12077138  0.2039395  -0.06311681]
 [ 0.14527375  0.15921807  0.265346    0.29417124  0.00059789]
 [ 0.05066445  0.09705397  0.02451337  0.04901316 -0.21041079]] 
Episode: 471: [[-2.9767688e-02 -3.0943802e-02 -2.7980998e-02 -2.6154125e-02
   2.0143390e-02]
 [-2.4943540e-02 -4.7786530e-02 -7.0523784e-02 -3.5850037e-02
   9.2136636e-03]
 [ 1.4087911e-02  2.4084777e-02  1.2104788e-01  2.0398833e-01
  -6.3763253e-02]
 [ 1.4456153e-01  1.5866022e-01  2.6562586e-01  2.9424861e-01
  -2.4760709e-05]
 [ 5.1108584e-02  9.7389996e-02  2.4513504e-02  4.9006999e-02
  -2.1012194e-01]] 
Episode: 481: [[-0.03201926 -0.03292288 -0.02975714 -0.02708694  0.02059734]
 [-0.02741831 -0.04996551 -0.07200765 -0.0368705   0.00886696]
 [ 0.01427779  0.0243862   0.12069171  0.20374025 -0.06353158]
 [ 0.14496572  0.1590887   0.26531726  0.2940498   0.00032902]
 [ 0.0515512   0.09774679  0.02458518  0.04912378 -0.20942515]] 
Episode: 491: [[-0.03349662 -0.03432104 -0.03073826 -0.02732357  0.02143577]
 [-0.03096639 -0.05299065 -0.07391346 -0.03807258  0.00831514]
 [ 0.0140866   0.02439509  0.12023555  0.20347765 -0.06330521]
 [ 0.14538705  0.15945354  0.265113    0.29395807  0.00073336]
 [ 0.05161923  0.09786088  0.02464205  0.04926358 -0.20897003]] 
Episode: 501: [[-0.03467129 -0.03524338 -0.03238579 -0.02915677  0.02088241]
 [-0.03121961 -0.05343642 -0.073065   -0.03707702  0.00836667]
 [ 0.01434327  0.02462394  0.1205845   0.20374994 -0.06342016]
 [ 0.1452761   0.15936296  0.26534414  0.29410702  0.00058995]
 [ 0.0525142   0.09802987  0.02544431  0.05018626 -0.20759657]] 
Episode: 511: [[-0.03806519 -0.03832315 -0.03567164 -0.0313802   0.02060279]
 [-0.03509858 -0.05698088 -0.07453186 -0.03800547  0.00746616]
 [ 0.01443896  0.02480214  0.12061714  0.20365834 -0.06364478]
 [ 0.14577961  0.1597306   0.2654824   0.29413122  0.00052515]
 [ 0.05203397  0.09765694  0.02554827  0.05040197 -0.20701398]] 
Episode: 521: [[-0.04156098 -0.04155141 -0.03865092 -0.03370466  0.01901055]
 [-0.03961714 -0.06096133 -0.07768896 -0.03983852  0.00806163]
 [ 0.01411779  0.02458672  0.12031502  0.20342197 -0.06368631]
 [ 0.14551699  0.15948874  0.26561034  0.29423606  0.00033226]
 [ 0.0520732   0.09796102  0.02523421  0.05019254 -0.20582475]] 
Episode: 531: [[-4.31364812e-02 -4.31487598e-02 -3.84731889e-02 -3.27262804e-02
   1.81866102e-02]
 [-4.49048616e-02 -6.53568953e-02 -8.22764859e-02 -4.33728658e-02
   7.22600473e-03]
 [ 1.30063575e-02  2.38090269e-02  1.19332694e-01  2.02501938e-01
  -6.41988516e-02]
 [ 1.45290852e-01  1.59294203e-01  2.65775621e-01  2.94194758e-01
  -1.51373664e-04]
 [ 5.15896790e-02  9.79738832e-02  2.46188603e-02  4.97033186e-02
  -2.05350906e-01]] 
Episode: 541: [[-0.04456819 -0.04430249 -0.04002032 -0.03432596  0.01713955]
 [-0.04708132 -0.06738676 -0.08375411 -0.0442482   0.00720735]
 [ 0.0126292   0.02357357  0.11895847  0.2021634  -0.0644027 ]
 [ 0.14461143  0.15894984  0.26555917  0.29390094 -0.000379  ]
 [ 0.05225078  0.09830855  0.02464577  0.04982223 -0.20465598]] 
Episode: 551: [[-4.60479148e-02 -4.53469418e-02 -4.25708815e-02 -3.71452346e-02
   1.62443444e-02]
 [-4.80568446e-02 -6.85760528e-02 -8.40436891e-02 -4.40072902e-02
   7.83912744e-03]
 [ 1.25372531e-02  2.36513335e-02  1.18470594e-01  2.01839626e-01
  -6.41503632e-02]
 [ 1.43787071e-01  1.58712387e-01  2.64790505e-01  2.93250978e-01
  -1.85298006e-04]
 [ 5.35185076e-02  9.87154767e-02  2.51001865e-02  5.03826551e-02
  -2.03242600e-01]] 
Episode: 561: [[-4.7597960e-02 -4.6405386e-02 -4.5231123e-02 -4.0459894e-02
   1.4729233e-02]
 [-4.8141126e-02 -6.8812340e-02 -8.4527373e-02 -4.3867931e-02
   9.0085389e-03]
 [ 1.2648816e-02  2.3828125e-02  1.1821830e-01  2.0168652e-01
  -6.4050227e-02]
 [ 1.4285697e-01  1.5833406e-01  2.6423556e-01  2.9274726e-01
  -1.6023320e-04]
 [ 5.4825772e-02  9.9412374e-02  2.5126513e-02  5.0535675e-02
  -2.0184113e-01]] 
Episode: 571: [[-4.9620267e-02 -4.8013415e-02 -4.7979556e-02 -4.3991283e-02
   1.1900237e-02]
 [-4.9564119e-02 -7.0248663e-02 -8.6676560e-02 -4.4571467e-02
   1.1015194e-02]
 [ 1.2739006e-02  2.3943087e-02  1.1776090e-01  2.0153771e-01
  -6.3562967e-02]
 [ 1.4214045e-01  1.5793106e-01  2.6389566e-01  2.9243016e-01
  -9.8205899e-05]
 [ 5.5762224e-02  9.9945173e-02  2.5170702e-02  5.0775051e-02
  -2.0044637e-01]] 
Episode: 581: [[-4.79751527e-02 -4.63498496e-02 -4.55048904e-02 -4.21870053e-02
   1.11417631e-02]
 [-4.89024706e-02 -6.91946521e-02 -8.94601494e-02 -4.68775369e-02
   1.16886813e-02]
 [ 1.22093586e-02  2.35150624e-02  1.16701424e-01  2.00841129e-01
  -6.32881448e-02]
 [ 1.41047612e-01  1.57157987e-01  2.63565958e-01  2.92253375e-01
   6.20089486e-05]
 [ 5.66880442e-02  1.00854963e-01  2.46285554e-02  5.03059663e-02
  -1.99967280e-01]] 
Episode: 591: [[-4.8064906e-02 -4.6333890e-02 -4.5519143e-02 -4.2690814e-02
   1.0167175e-02]
 [-4.8547104e-02 -6.8903647e-02 -9.0174474e-02 -4.7133006e-02
   1.2482248e-02]
 [ 1.1995798e-02  2.3251567e-02  1.1644405e-01  2.0071225e-01
  -6.3287780e-02]
 [ 1.4001268e-01  1.5639754e-01  2.6348364e-01  2.9220408e-01
   2.8715609e-05]
 [ 5.8100719e-02  1.0173396e-01  2.4630835e-02  5.0398249e-02
  -1.9925687e-01]] 
Episode: 601: [[-4.86828648e-02 -4.68051322e-02 -4.65543382e-02 -4.41838168e-02
   9.31570865e-03]
 [-4.82025780e-02 -6.86293319e-02 -9.02772248e-02 -4.66812253e-02
   1.37733473e-02]
 [ 1.19844908e-02  2.32752338e-02  1.16295166e-01  2.00690299e-01
  -6.31257370e-02]
 [ 1.39197677e-01  1.55936271e-01  2.63223201e-01  2.92039752e-01
   2.06784578e-04]
 [ 5.97767234e-02  1.02838695e-01  2.47538760e-02  5.06675690e-02
  -1.97734892e-01]] 
Episode: 611: [[-0.04936594 -0.04731676 -0.04826951 -0.04660468  0.00819273]
 [-0.04780053 -0.06804067 -0.09029384 -0.04602919  0.01567654]
 [ 0.0127213   0.02413235  0.11648136  0.20110138 -0.06223825]
 [ 0.13943201  0.15630755  0.26321447  0.29232448  0.00115286]
 [ 0.06116374  0.10397141  0.02476047  0.0508334  -0.19625534]] 
Episode: 621: [[-0.05001555 -0.04785555 -0.04957441 -0.0482741   0.00715417]
 [-0.04874036 -0.06875058 -0.09140971 -0.04650304  0.01646807]
 [ 0.01317444  0.02459631  0.11662297  0.20138526 -0.06168072]
 [ 0.13956484  0.15641907  0.2634242   0.29273072  0.00174848]
 [ 0.06163825  0.1044777   0.02454423  0.05072278 -0.19574122]] 
Episode: 631: [[-0.05120953 -0.04899565 -0.05087442 -0.04944439  0.00631568]
 [-0.05108723 -0.07087442 -0.09308901 -0.04757832  0.0160602 ]
 [ 0.01320635  0.02457561  0.11667042  0.20144945 -0.06165304]
 [ 0.13953486  0.15628822  0.26364174  0.29294574  0.00177357]
 [ 0.06158957  0.10456605  0.02436338  0.05060972 -0.19551316]] 
Episode: 641: [[-0.05247055 -0.05023164 -0.05227027 -0.05061833  0.00550442]
 [-0.0534809  -0.07304718 -0.09447315 -0.04842641  0.01550115]
 [ 0.01322687  0.02445546  0.11691034  0.20158526 -0.06189522]
 [ 0.1396348   0.15613723  0.26402837  0.29320255  0.00151969]
 [ 0.06153607  0.10470852  0.02424747  0.0505458  -0.19504115]] 
Episode: 651: [[-0.05478268 -0.05236469 -0.0552952  -0.05368726  0.00357177]
 [-0.05555613 -0.07505872 -0.09548242 -0.04919246  0.0146517 ]
 [ 0.01324303  0.02416103  0.11718107  0.20153107 -0.06267385]
 [ 0.1393591   0.15561931  0.26417705  0.29303122  0.00075828]
 [ 0.06133457  0.10488177  0.02362978  0.04986177 -0.19566056]] 
Episode: 661: [[-5.6595702e-02 -5.4192692e-02 -5.6910783e-02 -5.5456713e-02
   5.7388842e-04]
 [-5.7952661e-02 -7.7010907e-02 -9.7811051e-02 -5.0865095e-02
   1.5740903e-02]
 [ 1.2988781e-02  2.3822680e-02  1.1686461e-01  2.0108958e-01
  -6.2959425e-02]
 [ 1.3876413e-01  1.5499361e-01  2.6400447e-01  2.9266906e-01
   1.7515582e-04]
 [ 6.1198976e-02  1.0525203e-01  2.2753965e-02  4.8894182e-02
  -1.9618040e-01]] 
Episode: 671: [[-5.74343055e-02 -5.50649650e-02 -5.81626073e-02 -5.72539195e-02
  -1.51097239e-03]
 [-5.86813986e-02 -7.75443166e-02 -9.80013832e-02 -5.03775068e-02
   1.77549962e-02]
 [ 1.30477464e-02  2.39361655e-02  1.16878673e-01  2.01175377e-01
  -6.27048314e-02]
 [ 1.38496488e-01  1.54803917e-01  2.63838053e-01  2.92492151e-01
   1.21643709e-04]
 [ 6.13933653e-02  1.05475195e-01  2.27933824e-02  4.89385277e-02
  -1.95954606e-01]] 
Episode: 681: [[-5.73071986e-02 -5.49187176e-02 -5.78307621e-02 -5.70495874e-02
  -1.42200710e-03]
 [-5.99367842e-02 -7.86093175e-02 -9.94690955e-02 -5.12922928e-02
   1.76121294e-02]
 [ 1.28661674e-02  2.38604676e-02  1.16629064e-01  2.01074347e-01
  -6.25843778e-02]
 [ 1.38373852e-01  1.54824495e-01  2.63692230e-01  2.92419016e-01
   2.67627649e-04]
 [ 6.12467229e-02  1.05510108e-01  2.26370357e-02  4.88555059e-02
  -1.95720419e-01]] 
Episode: 691: [[-0.05705987 -0.05465818 -0.05737741 -0.05634547 -0.00054011]
 [-0.06192201 -0.08011594 -0.1016799  -0.05294628  0.01670375]
 [ 0.01271006  0.02392193  0.11635629  0.20097359 -0.06235969]
 [ 0.13855511  0.15519145  0.2635656   0.2924404   0.00066815]
 [ 0.06100497  0.10576966  0.02225756  0.04861127 -0.19477019]] 
Episode: 701: [[-0.05726094 -0.05491648 -0.05855444 -0.05793672 -0.0017077 ]
 [-0.06208232 -0.07990584 -0.10132378 -0.05214837  0.01839811]
 [ 0.01278833  0.0241367   0.11649075  0.20122047 -0.06198018]
 [ 0.13837907  0.15518478  0.2634675   0.29255065  0.0010562 ]
 [ 0.06137322  0.10628448  0.02224667  0.04860388 -0.19420446]] 
Episode: 711: [[-0.05867724 -0.05637149 -0.05899754 -0.05783798 -0.00396488]
 [-0.063095   -0.0801495  -0.10330126 -0.0536175   0.02089155]
 [ 0.01306501  0.02456771  0.11637893  0.20121123 -0.06118644]
 [ 0.13808268  0.15502697  0.26363495  0.29304367  0.00159021]
 [ 0.06230527  0.10742295  0.0216251   0.04782302 -0.1942001 ]] 
Episode: 721: [[-0.05919522 -0.05698724 -0.05998393 -0.05930408 -0.00606891]
 [-0.06219086 -0.07867251 -0.10290419 -0.05277915  0.02398868]
 [ 0.01328819  0.02503104  0.11628669  0.20124876 -0.06064843]
 [ 0.13765392  0.15489718  0.26345462  0.29307076  0.0019659 ]
 [ 0.06340852  0.10859319  0.02166895  0.0478855  -0.1931404 ]] 
Episode: 731: [[-0.0593571  -0.05719077 -0.06095046 -0.06068727 -0.00713954]
 [-0.06160678 -0.07780253 -0.10266092 -0.0522991   0.02545787]
 [ 0.01364186  0.02544163  0.11641612  0.20138511 -0.06042821]
 [ 0.13761547  0.1549236   0.26346245  0.29312992  0.00217884]
 [ 0.06398029  0.10926247  0.0215294   0.047808   -0.1927328 ]] 
Episode: 741: [[-0.05915948 -0.05704192 -0.06063575 -0.06036327 -0.00728031]
 [-0.06274466 -0.07888742 -0.10412597 -0.05347301  0.02493157]
 [ 0.01372082  0.02537212  0.11652374  0.20144391 -0.06052183]
 [ 0.13784908  0.15493402  0.2637109   0.29329878  0.00211461]
 [ 0.06375077  0.10925443  0.0212379   0.04758694 -0.1926363 ]] 
Episode: 751: [[-0.05928919 -0.0572024  -0.06091499 -0.06060223 -0.00767233]
 [-0.06445365 -0.08051932 -0.10525898 -0.05428821  0.02434966]
 [ 0.01376447  0.0250634   0.11684769  0.20162265 -0.06087798]
 [ 0.13809377  0.1547153   0.26404914  0.29345196  0.00176394]
 [ 0.06345629  0.10934839  0.02105519  0.04749078 -0.1919968 ]] 
Episode: 761: [[-0.05931994 -0.05725057 -0.060637   -0.06008096 -0.00755116]
 [-0.06581236 -0.08207686 -0.10665315 -0.05549845  0.02308525]
 [ 0.01371081  0.02465154  0.11703413  0.20169747 -0.06125209]
 [ 0.13825274  0.15446334  0.26439518  0.29363546  0.00143902]
 [ 0.06301489  0.10915299  0.02079758  0.04729712 -0.1919683 ]] 
Episode: 771: [[-0.05990013 -0.05790541 -0.06134867 -0.06082753 -0.00839964]
 [-0.06700981 -0.08304466 -0.10778025 -0.0561847   0.0231117 ]
 [ 0.01359404  0.02435333  0.11708067  0.20171306 -0.06149216]
 [ 0.13810414  0.15413342  0.26440984  0.29358083  0.00120712]
 [ 0.06296154  0.10950317  0.02046884  0.04702243 -0.19152284]] 
Episode: 781: [[-0.06025924 -0.05818627 -0.06131338 -0.06068313 -0.00885473]
 [-0.06728191 -0.08321731 -0.10897552 -0.05694407  0.02399676]
 [ 0.0135019   0.02451608  0.116536    0.20136027 -0.06122729]
 [ 0.13812642  0.15442957  0.26390135  0.2931611   0.00139368]
 [ 0.06283864  0.10956334  0.02049304  0.0471087  -0.19078715]] 
Episode: 791: [[-6.0533006e-02 -5.8658332e-02 -6.1532885e-02 -6.1265539e-02
  -1.0561504e-02]
 [-6.7490436e-02 -8.3124079e-02 -1.1068973e-01 -5.8360312e-02
   2.4248837e-02]
 [ 1.3291733e-02  2.3348913e-02  1.1661721e-01  2.0111236e-01
  -6.2578097e-02]
 [ 1.3729833e-01  1.5265119e-01  2.6395324e-01  2.9277745e-01
  -2.1194166e-05]
 [ 6.3450977e-02  1.1095154e-01  1.9583147e-02  4.6275180e-02
  -1.8980350e-01]] 
Episode: 801: [[-5.9813160e-02 -5.8065142e-02 -6.0922664e-02 -6.1465636e-02
  -1.2282078e-02]
 [-6.5140806e-02 -7.8679256e-02 -1.1364911e-01 -6.0552638e-02
   2.8649690e-02]
 [ 1.3201692e-02  2.4258625e-02  1.1564405e-01  2.0044555e-01
  -6.2028244e-02]
 [ 1.3555843e-01  1.5224473e-01  2.6263475e-01  2.9182902e-01
   2.7401184e-04]
 [ 6.5054998e-02  1.1379397e-01  1.7648300e-02  4.4429198e-02
  -1.8836050e-01]] 
Episode: 811: [[-0.05950173 -0.05764462 -0.06118659 -0.06217252 -0.01303432]
 [-0.0632083  -0.07535333 -0.11475437 -0.06106426  0.0322735 ]
 [ 0.01328152  0.02583892  0.11465186  0.19990553 -0.06085608]
 [ 0.13466279  0.15321285  0.26131836  0.2910651   0.00141416]
 [ 0.06609391  0.11550696  0.01694427  0.04383321 -0.1869791 ]] 
Episode: 821: [[-0.05926097 -0.05702155 -0.06109764 -0.06194316 -0.01279621]
 [-0.06270918 -0.07498619 -0.11581337 -0.06207119  0.03271301]
 [ 0.01333678  0.0264956   0.11433804  0.19978128 -0.06028402]
 [ 0.13429816  0.15375301  0.26090938  0.29092005  0.00197876]
 [ 0.06639298  0.11594541  0.01647857  0.04340744 -0.18662465]] 
Episode: 831: [[-0.0589015  -0.05617569 -0.06073346 -0.0613662  -0.012168  ]
 [-0.06143395 -0.07479186 -0.11429501 -0.06069065  0.03338218]
 [ 0.0124569   0.02665229  0.11371149  0.19966993 -0.05933367]
 [ 0.13354965  0.15444863  0.26022908  0.2908275   0.00295197]
 [ 0.06522296  0.11411955  0.01753702  0.04456158 -0.18583597]] 
Episode: 841: [[-0.05915895 -0.0561996  -0.06104262 -0.06130869 -0.01187407]
 [-0.06144783 -0.0756593  -0.11406749 -0.06050769  0.03276017]
 [ 0.0120036   0.02654556  0.11348715  0.19966894 -0.05895703]
 [ 0.1332422   0.15466996  0.2600352   0.29091066  0.00336757]
 [ 0.06442431  0.11298437  0.01802757  0.04509154 -0.18570875]] 
Episode: 851: [[-0.05929868 -0.05635386 -0.06128006 -0.06134682 -0.0121765 ]
 [-0.06171942 -0.07651623 -0.11475375 -0.0611631   0.03188796]
 [ 0.01193911  0.02628108  0.11354799  0.19969822 -0.05909654]
 [ 0.13321963  0.15443377  0.2602071   0.29104784  0.00319781]
 [ 0.06415373  0.11261502  0.01802489  0.04510599 -0.18573928]] 
Episode: 861: [[-0.05927337 -0.0563956  -0.06165661 -0.06191765 -0.01300903]
 [-0.06137364 -0.07629035 -0.11490705 -0.06125714  0.03224633]
 [ 0.0119656   0.02632038  0.11354279  0.1996892  -0.05911347]
 [ 0.13314249  0.15438461  0.26017544  0.2910101   0.00315012]
 [ 0.06409123  0.11265413  0.01791285  0.0450386  -0.18541469]] 
Episode: 871: [[-0.05942889 -0.05654583 -0.06198304 -0.0622368  -0.01366509]
 [-0.06125671 -0.0766697  -0.11510308 -0.06155756  0.03189932]
 [ 0.01203448  0.02620167  0.11370908  0.19980061 -0.05921341]
 [ 0.13307208  0.15415059  0.26037702  0.2911697   0.00300844]
 [ 0.06408288  0.11251344  0.01780942  0.04493466 -0.1855889 ]] 
Episode: 881: [[-0.05975732 -0.05662987 -0.06225989 -0.06221355 -0.01381482]
 [-0.06150881 -0.0777552  -0.11581072 -0.06240103  0.03091451]
 [ 0.01212322  0.02614648  0.11384964  0.1999128  -0.05920992]
 [ 0.13296233  0.15407172  0.26056919  0.2913796   0.00299941]
 [ 0.06416677  0.11242802  0.01755521  0.04466729 -0.18577975]] 
Episode: 891: [[-0.05996065 -0.05686337 -0.06256026 -0.06259603 -0.01478497]
 [-0.06141879 -0.07804389 -0.11604325 -0.0625781   0.03115411]
 [ 0.01218729  0.02600873  0.11399939  0.20000233 -0.05937271]
 [ 0.13288204  0.15381312  0.2607235   0.2914687   0.0028032 ]
 [ 0.06420255  0.11249609  0.01745246  0.0446067  -0.18527485]] 
Episode: 901: [[-0.06000856 -0.0567795  -0.06276409 -0.0627322  -0.01520488]
 [-0.06131591 -0.07855511 -0.11646559 -0.06306698  0.03077374]
 [ 0.01224827  0.02595451  0.11408708  0.2000571  -0.05942428]
 [ 0.13281068  0.15374002  0.2608201   0.29155117  0.00273849]
 [ 0.06421807  0.11244419  0.01729291  0.04447032 -0.18507718]] 
Episode: 911: [[-0.06019717 -0.05678743 -0.06313755 -0.06294596 -0.01557047]
 [-0.06172042 -0.07979048 -0.11737565 -0.06405562  0.02960177]
 [ 0.01231993  0.02566929  0.11414872  0.19999741 -0.05974308]
 [ 0.13258356  0.15334661  0.26091242  0.2915385   0.00238906]
 [ 0.06450795  0.11267969  0.01694397  0.04413718 -0.18479353]] 
Episode: 921: [[-0.05931544 -0.05571051 -0.06286611 -0.06283915 -0.01575722]
 [-0.06006682 -0.07871289 -0.11666285 -0.06370585  0.03024459]
 [ 0.01226986  0.02531923  0.11415417  0.19989166 -0.06008637]
 [ 0.13213003  0.15279682  0.26078668  0.29130226  0.00185366]
 [ 0.06504368  0.11310945  0.01717317  0.04438633 -0.18284112]] 
Episode: 931: [[-0.05885534 -0.05481242 -0.06314543 -0.06306131 -0.01546935]
 [-0.05933087 -0.07855081 -0.11614941 -0.06331095  0.03082601]
 [ 0.01231771  0.02567867  0.114155    0.19998658 -0.05973424]
 [ 0.13198987  0.15324427  0.26058808  0.291237    0.00219494]
 [ 0.06508503  0.11304764  0.01744121  0.0447112  -0.18200195]] 
Episode: 941: [[-0.05793577 -0.05346978 -0.06181832 -0.0615736  -0.01513189]
 [-0.05858613 -0.07841096 -0.11726633 -0.06444128  0.03130303]
 [ 0.01230687  0.02623054  0.11384518  0.1998981  -0.05906374]
 [ 0.13175765  0.15386638  0.2604096   0.2912852   0.00277585]
 [ 0.06502762  0.11282299  0.01747124  0.04481531 -0.1817048 ]] 
Episode: 951: [[-0.05790636 -0.05371235 -0.06134894 -0.06106704 -0.01630193]
 [-0.05849146 -0.07872505 -0.1184639  -0.06553505  0.03115512]
 [ 0.01241964  0.02601381  0.1139304   0.19991174 -0.05924725]
 [ 0.1316546   0.15336858  0.2607196   0.29147574  0.00241689]
 [ 0.065086    0.11278773  0.01724396  0.04460879 -0.18182065]] 
Episode: 961: [[-0.05795697 -0.05399699 -0.06154834 -0.06133493 -0.01722923]
 [-0.05818218 -0.07847683 -0.11886339 -0.06586192  0.0313039 ]
 [ 0.01250137  0.02566965  0.11407153  0.1999157  -0.05965903]
 [ 0.13157916  0.15281525  0.26088282  0.29149327  0.00199403]
 [ 0.06521979  0.11327355  0.01719983  0.04461204 -0.18092033]] 
Episode: 971: [[-0.05742231 -0.05358725 -0.06161477 -0.06184069 -0.01832491]
 [-0.05645749 -0.07663596 -0.11830249 -0.06535441  0.03285624]
 [ 0.01253895  0.02550677  0.11412608  0.19986862 -0.05994768]
 [ 0.1311213   0.15227637  0.26076746  0.29130027  0.00160079]
 [ 0.06563953  0.11420657  0.01720851  0.04470735 -0.17875755]] 
Episode: 981: [[-0.05698424 -0.05277042 -0.06114662 -0.06123698 -0.01815585]
 [-0.05556181 -0.07651372 -0.11885874 -0.06619136  0.03251891]
 [ 0.01253355  0.0254451   0.11411154  0.19984482 -0.05992251]
 [ 0.13082047  0.15222637  0.26076373  0.29132906  0.00155459]
 [ 0.06560046  0.11436198  0.0168804   0.04443417 -0.17795251]] 
Episode: 991: [[-0.05667281 -0.05245283 -0.06134467 -0.06165638 -0.01889839]
 [-0.0546548  -0.07602535 -0.11846709 -0.06598439  0.03287303]
 [ 0.01240535  0.02495814  0.11409091  0.19975369 -0.06031633]
 [ 0.13045496  0.15160058  0.2606627   0.2911229   0.00110117]
 [ 0.0653585   0.11435282  0.01678497  0.04441929 -0.17727454]] 
Episode: 1001: [[-5.73599301e-02 -5.28053716e-02 -6.22160248e-02 -6.24258742e-02
  -1.96651034e-02]
 [-5.73158748e-02 -7.97631070e-02 -1.19631648e-01 -6.66397288e-02
   3.17791402e-02]
 [ 1.13564795e-02  2.32718848e-02  1.13532111e-01  1.99242026e-01
  -6.11981936e-02]
 [ 1.28375396e-01  1.49711996e-01  2.60191560e-01  2.90697426e-01
   2.41492118e-04]
 [ 6.52847216e-02  1.14314966e-01  1.66623909e-02  4.44396771e-02
  -1.76009238e-01]] 
Episode: 1011: [[-0.06544459 -0.06305347 -0.06358474 -0.06681769 -0.03234847]
 [-0.06623068 -0.08922488 -0.11914179 -0.06323694  0.0332756 ]
 [ 0.00756175  0.01058391  0.1137326   0.19594547 -0.07183054]
 [ 0.12633759  0.13556701  0.26311874  0.2879029  -0.01075214]
 [ 0.0638219   0.10967401  0.0224944   0.05047411 -0.16983868]] 
Episode: 1021: [[-0.07137061 -0.06889132 -0.06255658 -0.06677512 -0.04130899]
 [-0.06773042 -0.09155459 -0.12183424 -0.06422376  0.03793285]
 [ 0.00995803  0.00296339  0.11660355  0.19611298 -0.08010859]
 [ 0.13168304  0.12801272  0.2678388   0.2883968  -0.01698107]
 [ 0.06305057  0.10706352  0.0285439   0.05664813 -0.16822875]] 
Episode: 1031: [[-0.05865284 -0.05617356 -0.04983882 -0.05405736 -0.05402675]
 [-0.0804482  -0.10427237 -0.134552   -0.07694153  0.05065062]
 [ 0.02267579 -0.00975438  0.12932132  0.20883073 -0.09282637]
 [ 0.14440079  0.11529495  0.28055653  0.30111453 -0.01698107]
 [ 0.07576834  0.11978129  0.04126166  0.0693659  -0.1809465 ]] 
Episode: 1041: [[-0.05419518 -0.05171589 -0.04538116 -0.0495997  -0.05848442]
 [-0.08490587 -0.10873004 -0.13900965 -0.08139921  0.05510828]
 [ 0.02713346 -0.01421204  0.13377897  0.21328838 -0.09728404]
 [ 0.14885844  0.11083727  0.28501418  0.30557218 -0.01698107]
 [ 0.08022602  0.12423897  0.04571932  0.07382358 -0.18540415]] 
Episode: 1051: [[-0.05263273 -0.05015345 -0.04381871 -0.04803725 -0.06004686]
 [-0.08646831 -0.11029248 -0.1405721  -0.08296165  0.05667073]
 [ 0.0286959  -0.01577448  0.13534142  0.21485083 -0.09884648]
 [ 0.15042089  0.10927483  0.2865766   0.3071346  -0.01698107]
 [ 0.08178846  0.1258014   0.04728177  0.07538602 -0.1869666 ]] 
Episode: 1061: [[-0.05208509 -0.04960581 -0.04327107 -0.04748961 -0.0605945 ]
 [-0.08701596 -0.11084013 -0.14111973 -0.0835093   0.05721837]
 [ 0.02924354 -0.01632213  0.13588905  0.21539846 -0.09939413]
 [ 0.15096852  0.10872719  0.28712422  0.30768222 -0.01698107]
 [ 0.08233611  0.12634903  0.04782941  0.07593367 -0.18751423]] 
Episode: 1071: [[-0.05189315 -0.04941386 -0.04307913 -0.04729767 -0.06078644]
 [-0.08720791 -0.11103208 -0.14131169 -0.08370125  0.05741031]
 [ 0.02943549 -0.01651408  0.13608101  0.21559042 -0.09958608]
 [ 0.15116048  0.10853523  0.28731617  0.30787417 -0.01698107]
 [ 0.08252806  0.12654099  0.04802135  0.07612562 -0.18770619]] 
Episode: 1081: [[-0.05182587 -0.04934658 -0.04301185 -0.04723039 -0.06085373]
 [-0.08727519 -0.11109936 -0.14137897 -0.08376853  0.05747759]
 [ 0.02950277 -0.01658136  0.13614829  0.2156577  -0.09965336]
 [ 0.15122776  0.10846795  0.2873835   0.3079415  -0.01698107]
 [ 0.08259534  0.12660827  0.04808863  0.0761929  -0.18777347]] 
Episode: 1091: [[-0.05180229 -0.049323   -0.04298827 -0.0472068  -0.06087731]
 [-0.08729878 -0.11112295 -0.14140254 -0.08379212  0.05750117]
 [ 0.02952635 -0.01660494  0.13617186  0.21568127 -0.09967695]
 [ 0.15125133  0.10844436  0.28740707  0.30796507 -0.01698107]
 [ 0.08261893  0.12663184  0.04811221  0.07621649 -0.18779704]] 
Episode: 1101: [[-0.05179402 -0.04931474 -0.04298    -0.04719854 -0.06088557]
 [-0.08730705 -0.11113122 -0.14141081 -0.08380039  0.05750943]
 [ 0.02953462 -0.01661321  0.13618013  0.21568954 -0.09968522]
 [ 0.1512596   0.10843609  0.28741533  0.30797333 -0.01698107]
 [ 0.0826272   0.12664011  0.04812048  0.07622476 -0.18780531]] 
Episode: 1111: [[-0.05179112 -0.04931184 -0.04297711 -0.04719564 -0.06088847]
 [-0.08730996 -0.11113413 -0.14141373 -0.0838033   0.05751233]
 [ 0.02953751 -0.0166161   0.13618305  0.21569246 -0.09968813]
 [ 0.15126252  0.10843319  0.28741822  0.30797622 -0.01698107]
 [ 0.08263011  0.12664303  0.04812337  0.07622766 -0.18780823]] 
Episode: 1121: [[-0.05179011 -0.04931083 -0.04297609 -0.04719463 -0.06088948]
 [-0.08731097 -0.11113514 -0.14141475 -0.08380431  0.05751335]
 [ 0.02953853 -0.01661712  0.13618407  0.21569347 -0.09968914]
 [ 0.15126354  0.10843217  0.28741923  0.30797723 -0.01698107]
 [ 0.08263112  0.12664405  0.04812439  0.07622868 -0.18780924]] 
Episode: 1131: [[-0.05178975 -0.04931046 -0.04297573 -0.04719427 -0.06088984]
 [-0.08731133 -0.1111355  -0.1414151  -0.08380467  0.05751371]
 [ 0.02953888 -0.01661747  0.13618442  0.21569383 -0.0996895 ]
 [ 0.1512639   0.10843182  0.2874196   0.3079776  -0.01698107]
 [ 0.08263148  0.1266444   0.04812475  0.07622904 -0.1878096 ]] 
Episode: 1141: [[-0.05178963 -0.04931034 -0.04297561 -0.04719415 -0.06088997]
 [-0.08731145 -0.11113562 -0.14141524 -0.08380479  0.05751383]
 [ 0.02953901 -0.01661759  0.13618456  0.21569397 -0.09968963]
 [ 0.15126403  0.10843169  0.28741968  0.30797768 -0.01698107]
 [ 0.0826316   0.12664454  0.04812487  0.07622916 -0.18780974]] 
Episode: 1151: [[-0.05178958 -0.0493103  -0.04297556 -0.0471941  -0.06089001]
 [-0.0873115  -0.11113567 -0.14141524 -0.08380484  0.05751387]
 [ 0.02953905 -0.01661764  0.13618456  0.21569397 -0.09968967]
 [ 0.15126403  0.10843164  0.28741968  0.30797768 -0.01698107]
 [ 0.08263165  0.12664454  0.04812492  0.07622921 -0.18780974]] 
Episode: 1161: [[-0.05178957 -0.04931029 -0.04297555 -0.04719409 -0.06089002]
 [-0.0873115  -0.11113567 -0.14141524 -0.08380484  0.05751389]
 [ 0.02953907 -0.01661766  0.13618456  0.21569397 -0.09968967]
 [ 0.15126403  0.10843164  0.28741968  0.30797768 -0.01698107]
 [ 0.08263165  0.12664454  0.04812493  0.07622921 -0.18780974]] 
Episode: 1171: [[-0.05178957 -0.04931029 -0.04297555 -0.04719409 -0.06089002]
 [-0.0873115  -0.11113567 -0.14141524 -0.08380484  0.05751389]
 [ 0.02953907 -0.01661766  0.13618456  0.21569397 -0.09968967]
 [ 0.15126403  0.10843164  0.28741968  0.30797768 -0.01698107]
 [ 0.08263165  0.12664454  0.04812493  0.07622921 -0.18780974]] 
Episode: 1181: [[-0.05178957 -0.04931029 -0.04297555 -0.04719409 -0.06089002]
 [-0.0873115  -0.11113567 -0.14141524 -0.08380484  0.05751389]
 [ 0.02953907 -0.01661766  0.13618456  0.21569397 -0.09968967]
 [ 0.15126403  0.10843164  0.28741968  0.30797768 -0.01698107]
 [ 0.08263165  0.12664454  0.04812493  0.07622921 -0.18780974]] 
Episode: 1191: [[-0.05178957 -0.04931029 -0.04297555 -0.04719409 -0.06089002]
 [-0.0873115  -0.11113567 -0.14141524 -0.08380484  0.05751389]
 [ 0.02953907 -0.01661766  0.13618456  0.21569397 -0.09968967]
 [ 0.15126403  0.10843164  0.28741968  0.30797768 -0.01698107]
 [ 0.08263165  0.12664454  0.04812493  0.07622921 -0.18780974]] 
Episode: 1201: [[-0.05178957 -0.04931029 -0.04297555 -0.04719409 -0.06089002]
 [-0.0873115  -0.11113567 -0.14141524 -0.08380484  0.05751389]
 [ 0.02953907 -0.01661766  0.13618456  0.21569397 -0.09968967]
 [ 0.15126403  0.10843164  0.28741968  0.30797768 -0.01698107]
 [ 0.08263165  0.12664454  0.04812493  0.07622921 -0.18780974]] 
Episode: 1211: [[-0.05178957 -0.04931029 -0.04297555 -0.04719409 -0.06089002]
 [-0.0873115  -0.11113567 -0.14141524 -0.08380484  0.05751389]
 [ 0.02953907 -0.01661766  0.13618456  0.21569397 -0.09968967]
 [ 0.15126403  0.10843164  0.28741968  0.30797768 -0.01698107]
 [ 0.08263165  0.12664454  0.04812493  0.07622921 -0.18780974]] 
Episode: 1221: [[-0.05178957 -0.04931029 -0.04297555 -0.04719409 -0.06089002]
 [-0.0873115  -0.11113567 -0.14141524 -0.08380484  0.05751389]
 [ 0.02953907 -0.01661766  0.13618456  0.21569397 -0.09968967]
 [ 0.15126403  0.10843164  0.28741968  0.30797768 -0.01698107]
 [ 0.08263165  0.12664454  0.04812493  0.07622921 -0.18780974]] 
Episode: 1231: [[-0.05178957 -0.04931029 -0.04297555 -0.04719409 -0.06089002]
 [-0.0873115  -0.11113567 -0.14141524 -0.08380484  0.05751389]
 [ 0.02953907 -0.01661766  0.13618456  0.21569397 -0.09968967]
 [ 0.15126403  0.10843164  0.28741968  0.30797768 -0.01698107]
 [ 0.08263165  0.12664454  0.04812493  0.07622921 -0.18780974]] 
Episode: 1241: [[-0.05178957 -0.04931029 -0.04297555 -0.04719409 -0.06089002]
 [-0.0873115  -0.11113567 -0.14141524 -0.08380484  0.05751389]
 [ 0.02953907 -0.01661766  0.13618456  0.21569397 -0.09968967]
 [ 0.15126403  0.10843164  0.28741968  0.30797768 -0.01698107]
 [ 0.08263165  0.12664454  0.04812493  0.07622921 -0.18780974]] 
Episode: 1251: [[-0.05178957 -0.04931029 -0.04297555 -0.04719409 -0.06089002]
 [-0.0873115  -0.11113567 -0.14141524 -0.08380484  0.05751389]
 [ 0.02953907 -0.01661766  0.13618456  0.21569397 -0.09968967]
 [ 0.15126403  0.10843164  0.28741968  0.30797768 -0.01698107]
 [ 0.08263165  0.12664454  0.04812493  0.07622921 -0.18780974]] 
Episode: 1261: [[-0.05178957 -0.04931029 -0.04297555 -0.04719409 -0.06089002]
 [-0.0873115  -0.11113567 -0.14141524 -0.08380484  0.05751389]
 [ 0.02953907 -0.01661766  0.13618456  0.21569397 -0.09968967]
 [ 0.15126403  0.10843164  0.28741968  0.30797768 -0.01698107]
 [ 0.08263165  0.12664454  0.04812493  0.07622921 -0.18780974]] 
Episode: 1271: [[-0.05178957 -0.04931029 -0.04297555 -0.04719409 -0.06089002]
 [-0.0873115  -0.11113567 -0.14141524 -0.08380484  0.05751389]
 [ 0.02953907 -0.01661766  0.13618456  0.21569397 -0.09968967]
 [ 0.15126403  0.10843164  0.28741968  0.30797768 -0.01698107]
 [ 0.08263165  0.12664454  0.04812493  0.07622921 -0.18780974]] 
Episode: 1281: [[-0.05178957 -0.04931029 -0.04297555 -0.04719409 -0.06089002]
 [-0.0873115  -0.11113567 -0.14141524 -0.08380484  0.05751389]
 [ 0.02953907 -0.01661766  0.13618456  0.21569397 -0.09968967]
 [ 0.15126403  0.10843164  0.28741968  0.30797768 -0.01698107]
 [ 0.08263165  0.12664454  0.04812493  0.07622921 -0.18780974]] 
Episode: 1291: [[-0.05178957 -0.04931029 -0.04297555 -0.04719409 -0.06089002]
 [-0.0873115  -0.11113567 -0.14141524 -0.08380484  0.05751389]
 [ 0.02953907 -0.01661766  0.13618456  0.21569397 -0.09968967]
 [ 0.15126403  0.10843164  0.28741968  0.30797768 -0.01698107]
 [ 0.08263165  0.12664454  0.04812493  0.07622921 -0.18780974]] 
Episode: 1301: [[-0.05178957 -0.04931029 -0.04297555 -0.04719409 -0.06089002]
 [-0.0873115  -0.11113567 -0.14141524 -0.08380484  0.05751389]
 [ 0.02953907 -0.01661766  0.13618456  0.21569397 -0.09968967]
 [ 0.15126403  0.10843164  0.28741968  0.30797768 -0.01698107]
 [ 0.08263165  0.12664454  0.04812493  0.07622921 -0.18780974]] 
Episode: 1311: [[-0.05178957 -0.04931029 -0.04297555 -0.04719409 -0.06089002]
 [-0.0873115  -0.11113567 -0.14141524 -0.08380484  0.05751389]
 [ 0.02953907 -0.01661766  0.13618456  0.21569397 -0.09968967]
 [ 0.15126403  0.10843164  0.28741968  0.30797768 -0.01698107]
 [ 0.08263165  0.12664454  0.04812493  0.07622921 -0.18780974]] 
Episode: 1321: [[-0.05178957 -0.04931029 -0.04297555 -0.04719409 -0.06089002]
 [-0.0873115  -0.11113567 -0.14141524 -0.08380484  0.05751389]
 [ 0.02953907 -0.01661766  0.13618456  0.21569397 -0.09968967]
 [ 0.15126403  0.10843164  0.28741968  0.30797768 -0.01698107]
 [ 0.08263165  0.12664454  0.04812493  0.07622921 -0.18780974]] 
Episode: 1331: [[-0.05178957 -0.04931029 -0.04297555 -0.04719409 -0.06089002]
 [-0.0873115  -0.11113567 -0.14141524 -0.08380484  0.05751389]
 [ 0.02953907 -0.01661766  0.13618456  0.21569397 -0.09968967]
 [ 0.15126403  0.10843164  0.28741968  0.30797768 -0.01698107]
 [ 0.08263165  0.12664454  0.04812493  0.07622921 -0.18780974]] 
Episode: 1341: [[-0.05178957 -0.04931029 -0.04297555 -0.04719409 -0.06089002]
 [-0.0873115  -0.11113567 -0.14141524 -0.08380484  0.05751389]
 [ 0.02953907 -0.01661766  0.13618456  0.21569397 -0.09968967]
 [ 0.15126403  0.10843164  0.28741968  0.30797768 -0.01698107]
 [ 0.08263165  0.12664454  0.04812493  0.07622921 -0.18780974]] 
Episode: 1351: [[-0.05178957 -0.04931029 -0.04297555 -0.04719409 -0.06089002]
 [-0.0873115  -0.11113567 -0.14141524 -0.08380484  0.05751389]
 [ 0.02953907 -0.01661766  0.13618456  0.21569397 -0.09968967]
 [ 0.15126403  0.10843164  0.28741968  0.30797768 -0.01698107]
 [ 0.08263165  0.12664454  0.04812493  0.07622921 -0.18780974]] 
Episode: 1361: [[-0.05178957 -0.04931029 -0.04297555 -0.04719409 -0.06089002]
 [-0.0873115  -0.11113567 -0.14141524 -0.08380484  0.05751389]
 [ 0.02953907 -0.01661766  0.13618456  0.21569397 -0.09968967]
 [ 0.15126403  0.10843164  0.28741968  0.30797768 -0.01698107]
 [ 0.08263165  0.12664454  0.04812493  0.07622921 -0.18780974]] 
Episode: 1371: [[-0.05178957 -0.04931029 -0.04297555 -0.04719409 -0.06089002]
 [-0.0873115  -0.11113567 -0.14141524 -0.08380484  0.05751389]
 [ 0.02953907 -0.01661766  0.13618456  0.21569397 -0.09968967]
 [ 0.15126403  0.10843164  0.28741968  0.30797768 -0.01698107]
 [ 0.08263165  0.12664454  0.04812493  0.07622921 -0.18780974]] 
Episode: 1381: [[-0.05178957 -0.04931029 -0.04297555 -0.04719409 -0.06089002]
 [-0.0873115  -0.11113567 -0.14141524 -0.08380484  0.05751389]
 [ 0.02953907 -0.01661766  0.13618456  0.21569397 -0.09968967]
 [ 0.15126403  0.10843164  0.28741968  0.30797768 -0.01698107]
 [ 0.08263165  0.12664454  0.04812493  0.07622921 -0.18780974]] 
Episode: 1391: [[-0.05178957 -0.04931029 -0.04297555 -0.04719409 -0.06089002]
 [-0.0873115  -0.11113567 -0.14141524 -0.08380484  0.05751389]
 [ 0.02953907 -0.01661766  0.13618456  0.21569397 -0.09968967]
 [ 0.15126403  0.10843164  0.28741968  0.30797768 -0.01698107]
 [ 0.08263165  0.12664454  0.04812493  0.07622921 -0.18780974]] 
Episode: 1401: [[-0.05178957 -0.04931029 -0.04297555 -0.04719409 -0.06089002]
 [-0.0873115  -0.11113567 -0.14141524 -0.08380484  0.05751389]
 [ 0.02953907 -0.01661766  0.13618456  0.21569397 -0.09968967]
 [ 0.15126403  0.10843164  0.28741968  0.30797768 -0.01698107]
 [ 0.08263165  0.12664454  0.04812493  0.07622921 -0.18780974]] 
Episode: 1411: [[-0.05178957 -0.04931029 -0.04297555 -0.04719409 -0.06089002]
 [-0.0873115  -0.11113567 -0.14141524 -0.08380484  0.05751389]
 [ 0.02953907 -0.01661766  0.13618456  0.21569397 -0.09968967]
 [ 0.15126403  0.10843164  0.28741968  0.30797768 -0.01698107]
 [ 0.08263165  0.12664454  0.04812493  0.07622921 -0.18780974]] 
Episode: 1421: [[-0.05178957 -0.04931029 -0.04297555 -0.04719409 -0.06089002]
 [-0.0873115  -0.11113567 -0.14141524 -0.08380484  0.05751389]
 [ 0.02953907 -0.01661766  0.13618456  0.21569397 -0.09968967]
 [ 0.15126403  0.10843164  0.28741968  0.30797768 -0.01698107]
 [ 0.08263165  0.12664454  0.04812493  0.07622921 -0.18780974]] 
Episode: 1431: [[-0.05178957 -0.04931029 -0.04297555 -0.04719409 -0.06089002]
 [-0.0873115  -0.11113567 -0.14141524 -0.08380484  0.05751389]
 [ 0.02953907 -0.01661766  0.13618456  0.21569397 -0.09968967]
 [ 0.15126403  0.10843164  0.28741968  0.30797768 -0.01698107]
 [ 0.08263165  0.12664454  0.04812493  0.07622921 -0.18780974]] 
Episode: 1441: [[-0.05178957 -0.04931029 -0.04297555 -0.04719409 -0.06089002]
 [-0.0873115  -0.11113567 -0.14141524 -0.08380484  0.05751389]
 [ 0.02953907 -0.01661766  0.13618456  0.21569397 -0.09968967]
 [ 0.15126403  0.10843164  0.28741968  0.30797768 -0.01698107]
 [ 0.08263165  0.12664454  0.04812493  0.07622921 -0.18780974]] 
Episode: 1451: [[-0.05178957 -0.04931029 -0.04297555 -0.04719409 -0.06089002]
 [-0.0873115  -0.11113567 -0.14141524 -0.08380484  0.05751389]
 [ 0.02953907 -0.01661766  0.13618456  0.21569397 -0.09968967]
 [ 0.15126403  0.10843164  0.28741968  0.30797768 -0.01698107]
 [ 0.08263165  0.12664454  0.04812493  0.07622921 -0.18780974]] 
Episode: 1461: [[-0.05178957 -0.04931029 -0.04297555 -0.04719409 -0.06089002]
 [-0.0873115  -0.11113567 -0.14141524 -0.08380484  0.05751389]
 [ 0.02953907 -0.01661766  0.13618456  0.21569397 -0.09968967]
 [ 0.15126403  0.10843164  0.28741968  0.30797768 -0.01698107]
 [ 0.08263165  0.12664454  0.04812493  0.07622921 -0.18780974]] 
Episode: 1471: [[-0.05178957 -0.04931029 -0.04297555 -0.04719409 -0.06089002]
 [-0.0873115  -0.11113567 -0.14141524 -0.08380484  0.05751389]
 [ 0.02953907 -0.01661766  0.13618456  0.21569397 -0.09968967]
 [ 0.15126403  0.10843164  0.28741968  0.30797768 -0.01698107]
 [ 0.08263165  0.12664454  0.04812493  0.07622921 -0.18780974]] 
Episode: 1481: [[-0.05178957 -0.04931029 -0.04297555 -0.04719409 -0.06089002]
 [-0.0873115  -0.11113567 -0.14141524 -0.08380484  0.05751389]
 [ 0.02953907 -0.01661766  0.13618456  0.21569397 -0.09968967]
 [ 0.15126403  0.10843164  0.28741968  0.30797768 -0.01698107]
 [ 0.08263165  0.12664454  0.04812493  0.07622921 -0.18780974]] 
Episode: 1491: [[-0.05178957 -0.04931029 -0.04297555 -0.04719409 -0.06089002]
 [-0.0873115  -0.11113567 -0.14141524 -0.08380484  0.05751389]
 [ 0.02953907 -0.01661766  0.13618456  0.21569397 -0.09968967]
 [ 0.15126403  0.10843164  0.28741968  0.30797768 -0.01698107]
 [ 0.08263165  0.12664454  0.04812493  0.07622921 -0.18780974]] 
Episode: 1501: [[-0.05178957 -0.04931029 -0.04297555 -0.04719409 -0.06089002]
 [-0.0873115  -0.11113567 -0.14141524 -0.08380484  0.05751389]
 [ 0.02953907 -0.01661766  0.13618456  0.21569397 -0.09968967]
 [ 0.15126403  0.10843164  0.28741968  0.30797768 -0.01698107]
 [ 0.08263165  0.12664454  0.04812493  0.07622921 -0.18780974]] 
Episode: 1511: [[-0.05178957 -0.04931029 -0.04297555 -0.04719409 -0.06089002]
 [-0.0873115  -0.11113567 -0.14141524 -0.08380484  0.05751389]
 [ 0.02953907 -0.01661766  0.13618456  0.21569397 -0.09968967]
 [ 0.15126403  0.10843164  0.28741968  0.30797768 -0.01698107]
 [ 0.08263165  0.12664454  0.04812493  0.07622921 -0.18780974]] 
Episode: 1521: [[-0.05178957 -0.04931029 -0.04297555 -0.04719409 -0.06089002]
 [-0.0873115  -0.11113567 -0.14141524 -0.08380484  0.05751389]
 [ 0.02953907 -0.01661766  0.13618456  0.21569397 -0.09968967]
 [ 0.15126403  0.10843164  0.28741968  0.30797768 -0.01698107]
 [ 0.08263165  0.12664454  0.04812493  0.07622921 -0.18780974]] 
Episode: 1531: [[-0.05178957 -0.04931029 -0.04297555 -0.04719409 -0.06089002]
 [-0.0873115  -0.11113567 -0.14141524 -0.08380484  0.05751389]
 [ 0.02953907 -0.01661766  0.13618456  0.21569397 -0.09968967]
 [ 0.15126403  0.10843164  0.28741968  0.30797768 -0.01698107]
 [ 0.08263165  0.12664454  0.04812493  0.07622921 -0.18780974]] 
Episode: 1541: [[-0.05178957 -0.04931029 -0.04297555 -0.04719409 -0.06089002]
 [-0.0873115  -0.11113567 -0.14141524 -0.08380484  0.05751389]
 [ 0.02953907 -0.01661766  0.13618456  0.21569397 -0.09968967]
 [ 0.15126403  0.10843164  0.28741968  0.30797768 -0.01698107]
 [ 0.08263165  0.12664454  0.04812493  0.07622921 -0.18780974]] 
Episode: 1551: [[-0.05178957 -0.04931029 -0.04297555 -0.04719409 -0.06089002]
 [-0.0873115  -0.11113567 -0.14141524 -0.08380484  0.05751389]
 [ 0.02953907 -0.01661766  0.13618456  0.21569397 -0.09968967]
 [ 0.15126403  0.10843164  0.28741968  0.30797768 -0.01698107]
 [ 0.08263165  0.12664454  0.04812493  0.07622921 -0.18780974]] 
Episode: 1561: [[-0.05178957 -0.04931029 -0.04297555 -0.04719409 -0.06089002]
 [-0.0873115  -0.11113567 -0.14141524 -0.08380484  0.05751389]
 [ 0.02953907 -0.01661766  0.13618456  0.21569397 -0.09968967]
 [ 0.15126403  0.10843164  0.28741968  0.30797768 -0.01698107]
 [ 0.08263165  0.12664454  0.04812493  0.07622921 -0.18780974]] 
Episode: 1571: [[-0.05178957 -0.04931029 -0.04297555 -0.04719409 -0.06089002]
 [-0.0873115  -0.11113567 -0.14141524 -0.08380484  0.05751389]
 [ 0.02953907 -0.01661766  0.13618456  0.21569397 -0.09968967]
 [ 0.15126403  0.10843164  0.28741968  0.30797768 -0.01698107]
 [ 0.08263165  0.12664454  0.04812493  0.07622921 -0.18780974]] 
Episode: 1581: [[-0.05178957 -0.04931029 -0.04297555 -0.04719409 -0.06089002]
 [-0.0873115  -0.11113567 -0.14141524 -0.08380484  0.05751389]
 [ 0.02953907 -0.01661766  0.13618456  0.21569397 -0.09968967]
 [ 0.15126403  0.10843164  0.28741968  0.30797768 -0.01698107]
 [ 0.08263165  0.12664454  0.04812493  0.07622921 -0.18780974]] 
Episode: 1591: [[-0.05178957 -0.04931029 -0.04297555 -0.04719409 -0.06089002]
 [-0.0873115  -0.11113567 -0.14141524 -0.08380484  0.05751389]
 [ 0.02953907 -0.01661766  0.13618456  0.21569397 -0.09968967]
 [ 0.15126403  0.10843164  0.28741968  0.30797768 -0.01698107]
 [ 0.08263165  0.12664454  0.04812493  0.07622921 -0.18780974]] 
Episode: 1601: [[-0.05178957 -0.04931029 -0.04297555 -0.04719409 -0.06089002]
 [-0.0873115  -0.11113567 -0.14141524 -0.08380484  0.05751389]
 [ 0.02953907 -0.01661766  0.13618456  0.21569397 -0.09968967]
 [ 0.15126403  0.10843164  0.28741968  0.30797768 -0.01698107]
 [ 0.08263165  0.12664454  0.04812493  0.07622921 -0.18780974]] 
Episode: 1611: [[-0.05178957 -0.04931029 -0.04297555 -0.04719409 -0.06089002]
 [-0.0873115  -0.11113567 -0.14141524 -0.08380484  0.05751389]
 [ 0.02953907 -0.01661766  0.13618456  0.21569397 -0.09968967]
 [ 0.15126403  0.10843164  0.28741968  0.30797768 -0.01698107]
 [ 0.08263165  0.12664454  0.04812493  0.07622921 -0.18780974]] 
Episode: 1621: [[-0.05178957 -0.04931029 -0.04297555 -0.04719409 -0.06089002]
 [-0.0873115  -0.11113567 -0.14141524 -0.08380484  0.05751389]
 [ 0.02953907 -0.01661766  0.13618456  0.21569397 -0.09968967]
 [ 0.15126403  0.10843164  0.28741968  0.30797768 -0.01698107]
 [ 0.08263165  0.12664454  0.04812493  0.07622921 -0.18780974]] 
Episode: 1631: [[-0.05178957 -0.04931029 -0.04297555 -0.04719409 -0.06089002]
 [-0.0873115  -0.11113567 -0.14141524 -0.08380484  0.05751389]
 [ 0.02953907 -0.01661766  0.13618456  0.21569397 -0.09968967]
 [ 0.15126403  0.10843164  0.28741968  0.30797768 -0.01698107]
 [ 0.08263165  0.12664454  0.04812493  0.07622921 -0.18780974]] 
Episode: 1641: [[-0.05178957 -0.04931029 -0.04297555 -0.04719409 -0.06089002]
 [-0.0873115  -0.11113567 -0.14141524 -0.08380484  0.05751389]
 [ 0.02953907 -0.01661766  0.13618456  0.21569397 -0.09968967]
 [ 0.15126403  0.10843164  0.28741968  0.30797768 -0.01698107]
 [ 0.08263165  0.12664454  0.04812493  0.07622921 -0.18780974]] 
Episode: 1651: [[-0.05178957 -0.04931029 -0.04297555 -0.04719409 -0.06089002]
 [-0.0873115  -0.11113567 -0.14141524 -0.08380484  0.05751389]
 [ 0.02953907 -0.01661766  0.13618456  0.21569397 -0.09968967]
 [ 0.15126403  0.10843164  0.28741968  0.30797768 -0.01698107]
 [ 0.08263165  0.12664454  0.04812493  0.07622921 -0.18780974]] 
Episode: 1661: [[-0.05178957 -0.04931029 -0.04297555 -0.04719409 -0.06089002]
 [-0.0873115  -0.11113567 -0.14141524 -0.08380484  0.05751389]
 [ 0.02953907 -0.01661766  0.13618456  0.21569397 -0.09968967]
 [ 0.15126403  0.10843164  0.28741968  0.30797768 -0.01698107]
 [ 0.08263165  0.12664454  0.04812493  0.07622921 -0.18780974]] 
Episode: 1671: [[-0.05178957 -0.04931029 -0.04297555 -0.04719409 -0.06089002]
 [-0.0873115  -0.11113567 -0.14141524 -0.08380484  0.05751389]
 [ 0.02953907 -0.01661766  0.13618456  0.21569397 -0.09968967]
 [ 0.15126403  0.10843164  0.28741968  0.30797768 -0.01698107]
 [ 0.08263165  0.12664454  0.04812493  0.07622921 -0.18780974]] 
Episode: 1681: [[-0.05178957 -0.04931029 -0.04297555 -0.04719409 -0.06089002]
 [-0.0873115  -0.11113567 -0.14141524 -0.08380484  0.05751389]
 [ 0.02953907 -0.01661766  0.13618456  0.21569397 -0.09968967]
 [ 0.15126403  0.10843164  0.28741968  0.30797768 -0.01698107]
 [ 0.08263165  0.12664454  0.04812493  0.07622921 -0.18780974]] 
Episode: 1691: [[-0.05178957 -0.04931029 -0.04297555 -0.04719409 -0.06089002]
 [-0.0873115  -0.11113567 -0.14141524 -0.08380484  0.05751389]
 [ 0.02953907 -0.01661766  0.13618456  0.21569397 -0.09968967]
 [ 0.15126403  0.10843164  0.28741968  0.30797768 -0.01698107]
 [ 0.08263165  0.12664454  0.04812493  0.07622921 -0.18780974]] 
Episode: 1701: [[-0.05178957 -0.04931029 -0.04297555 -0.04719409 -0.06089002]
 [-0.0873115  -0.11113567 -0.14141524 -0.08380484  0.05751389]
 [ 0.02953907 -0.01661766  0.13618456  0.21569397 -0.09968967]
 [ 0.15126403  0.10843164  0.28741968  0.30797768 -0.01698107]
 [ 0.08263165  0.12664454  0.04812493  0.07622921 -0.18780974]] 
Episode: 1711: [[-0.05178957 -0.04931029 -0.04297555 -0.04719409 -0.06089002]
 [-0.0873115  -0.11113567 -0.14141524 -0.08380484  0.05751389]
 [ 0.02953907 -0.01661766  0.13618456  0.21569397 -0.09968967]
 [ 0.15126403  0.10843164  0.28741968  0.30797768 -0.01698107]
 [ 0.08263165  0.12664454  0.04812493  0.07622921 -0.18780974]] 
Episode: 1721: [[-0.05178957 -0.04931029 -0.04297555 -0.04719409 -0.06089002]
 [-0.0873115  -0.11113567 -0.14141524 -0.08380484  0.05751389]
 [ 0.02953907 -0.01661766  0.13618456  0.21569397 -0.09968967]
 [ 0.15126403  0.10843164  0.28741968  0.30797768 -0.01698107]
 [ 0.08263165  0.12664454  0.04812493  0.07622921 -0.18780974]] 
Episode: 1731: [[-0.05178957 -0.04931029 -0.04297555 -0.04719409 -0.06089002]
 [-0.0873115  -0.11113567 -0.14141524 -0.08380484  0.05751389]
 [ 0.02953907 -0.01661766  0.13618456  0.21569397 -0.09968967]
 [ 0.15126403  0.10843164  0.28741968  0.30797768 -0.01698107]
 [ 0.08263165  0.12664454  0.04812493  0.07622921 -0.18780974]] 
Episode: 1741: [[-0.05178957 -0.04931029 -0.04297555 -0.04719409 -0.06089002]
 [-0.0873115  -0.11113567 -0.14141524 -0.08380484  0.05751389]
 [ 0.02953907 -0.01661766  0.13618456  0.21569397 -0.09968967]
 [ 0.15126403  0.10843164  0.28741968  0.30797768 -0.01698107]
 [ 0.08263165  0.12664454  0.04812493  0.07622921 -0.18780974]] 
Episode: 1751: [[-0.05178957 -0.04931029 -0.04297555 -0.04719409 -0.06089002]
 [-0.0873115  -0.11113567 -0.14141524 -0.08380484  0.05751389]
 [ 0.02953907 -0.01661766  0.13618456  0.21569397 -0.09968967]
 [ 0.15126403  0.10843164  0.28741968  0.30797768 -0.01698107]
 [ 0.08263165  0.12664454  0.04812493  0.07622921 -0.18780974]] 
Episode: 1761: [[-0.05178957 -0.04931029 -0.04297555 -0.04719409 -0.06089002]
 [-0.0873115  -0.11113567 -0.14141524 -0.08380484  0.05751389]
 [ 0.02953907 -0.01661766  0.13618456  0.21569397 -0.09968967]
 [ 0.15126403  0.10843164  0.28741968  0.30797768 -0.01698107]
 [ 0.08263165  0.12664454  0.04812493  0.07622921 -0.18780974]] 
Episode: 1771: [[-0.05178957 -0.04931029 -0.04297555 -0.04719409 -0.06089002]
 [-0.0873115  -0.11113567 -0.14141524 -0.08380484  0.05751389]
 [ 0.02953907 -0.01661766  0.13618456  0.21569397 -0.09968967]
 [ 0.15126403  0.10843164  0.28741968  0.30797768 -0.01698107]
 [ 0.08263165  0.12664454  0.04812493  0.07622921 -0.18780974]] 
Episode: 1781: [[-0.05178957 -0.04931029 -0.04297555 -0.04719409 -0.06089002]
 [-0.0873115  -0.11113567 -0.14141524 -0.08380484  0.05751389]
 [ 0.02953907 -0.01661766  0.13618456  0.21569397 -0.09968967]
 [ 0.15126403  0.10843164  0.28741968  0.30797768 -0.01698107]
 [ 0.08263165  0.12664454  0.04812493  0.07622921 -0.18780974]] 
Episode: 1791: [[-0.05178957 -0.04931029 -0.04297555 -0.04719409 -0.06089002]
 [-0.0873115  -0.11113567 -0.14141524 -0.08380484  0.05751389]
 [ 0.02953907 -0.01661766  0.13618456  0.21569397 -0.09968967]
 [ 0.15126403  0.10843164  0.28741968  0.30797768 -0.01698107]
 [ 0.08263165  0.12664454  0.04812493  0.07622921 -0.18780974]] 
Episode: 1801: [[-0.05178957 -0.04931029 -0.04297555 -0.04719409 -0.06089002]
 [-0.0873115  -0.11113567 -0.14141524 -0.08380484  0.05751389]
 [ 0.02953907 -0.01661766  0.13618456  0.21569397 -0.09968967]
 [ 0.15126403  0.10843164  0.28741968  0.30797768 -0.01698107]
 [ 0.08263165  0.12664454  0.04812493  0.07622921 -0.18780974]] 
Episode: 1811: [[-0.05178957 -0.04931029 -0.04297555 -0.04719409 -0.06089002]
 [-0.0873115  -0.11113567 -0.14141524 -0.08380484  0.05751389]
 [ 0.02953907 -0.01661766  0.13618456  0.21569397 -0.09968967]
 [ 0.15126403  0.10843164  0.28741968  0.30797768 -0.01698107]
 [ 0.08263165  0.12664454  0.04812493  0.07622921 -0.18780974]] 
Episode: 1821: [[-0.05178957 -0.04931029 -0.04297555 -0.04719409 -0.06089002]
 [-0.0873115  -0.11113567 -0.14141524 -0.08380484  0.05751389]
 [ 0.02953907 -0.01661766  0.13618456  0.21569397 -0.09968967]
 [ 0.15126403  0.10843164  0.28741968  0.30797768 -0.01698107]
 [ 0.08263165  0.12664454  0.04812493  0.07622921 -0.18780974]] 
Episode: 1831: [[-0.05178957 -0.04931029 -0.04297555 -0.04719409 -0.06089002]
 [-0.0873115  -0.11113567 -0.14141524 -0.08380484  0.05751389]
 [ 0.02953907 -0.01661766  0.13618456  0.21569397 -0.09968967]
 [ 0.15126403  0.10843164  0.28741968  0.30797768 -0.01698107]
 [ 0.08263165  0.12664454  0.04812493  0.07622921 -0.18780974]] 
Episode: 1841: [[-0.05178957 -0.04931029 -0.04297555 -0.04719409 -0.06089002]
 [-0.0873115  -0.11113567 -0.14141524 -0.08380484  0.05751389]
 [ 0.02953907 -0.01661766  0.13618456  0.21569397 -0.09968967]
 [ 0.15126403  0.10843164  0.28741968  0.30797768 -0.01698107]
 [ 0.08263165  0.12664454  0.04812493  0.07622921 -0.18780974]] 
Episode: 1851: [[-0.05178957 -0.04931029 -0.04297555 -0.04719409 -0.06089002]
 [-0.0873115  -0.11113567 -0.14141524 -0.08380484  0.05751389]
 [ 0.02953907 -0.01661766  0.13618456  0.21569397 -0.09968967]
 [ 0.15126403  0.10843164  0.28741968  0.30797768 -0.01698107]
 [ 0.08263165  0.12664454  0.04812493  0.07622921 -0.18780974]] 
Episode: 1861: [[-0.05178957 -0.04931029 -0.04297555 -0.04719409 -0.06089002]
 [-0.0873115  -0.11113567 -0.14141524 -0.08380484  0.05751389]
 [ 0.02953907 -0.01661766  0.13618456  0.21569397 -0.09968967]
 [ 0.15126403  0.10843164  0.28741968  0.30797768 -0.01698107]
 [ 0.08263165  0.12664454  0.04812493  0.07622921 -0.18780974]] 
Episode: 1871: [[-0.05178957 -0.04931029 -0.04297555 -0.04719409 -0.06089002]
 [-0.0873115  -0.11113567 -0.14141524 -0.08380484  0.05751389]
 [ 0.02953907 -0.01661766  0.13618456  0.21569397 -0.09968967]
 [ 0.15126403  0.10843164  0.28741968  0.30797768 -0.01698107]
 [ 0.08263165  0.12664454  0.04812493  0.07622921 -0.18780974]] 
Episode: 1881: [[-0.05178957 -0.04931029 -0.04297555 -0.04719409 -0.06089002]
 [-0.0873115  -0.11113567 -0.14141524 -0.08380484  0.05751389]
 [ 0.02953907 -0.01661766  0.13618456  0.21569397 -0.09968967]
 [ 0.15126403  0.10843164  0.28741968  0.30797768 -0.01698107]
 [ 0.08263165  0.12664454  0.04812493  0.07622921 -0.18780974]] 
Episode: 1891: [[-0.05178957 -0.04931029 -0.04297555 -0.04719409 -0.06089002]
 [-0.0873115  -0.11113567 -0.14141524 -0.08380484  0.05751389]
 [ 0.02953907 -0.01661766  0.13618456  0.21569397 -0.09968967]
 [ 0.15126403  0.10843164  0.28741968  0.30797768 -0.01698107]
 [ 0.08263165  0.12664454  0.04812493  0.07622921 -0.18780974]] 
Episode: 1901: [[-0.05178957 -0.04931029 -0.04297555 -0.04719409 -0.06089002]
 [-0.0873115  -0.11113567 -0.14141524 -0.08380484  0.05751389]
 [ 0.02953907 -0.01661766  0.13618456  0.21569397 -0.09968967]
 [ 0.15126403  0.10843164  0.28741968  0.30797768 -0.01698107]
 [ 0.08263165  0.12664454  0.04812493  0.07622921 -0.18780974]] 
Episode: 1911: [[-0.05178957 -0.04931029 -0.04297555 -0.04719409 -0.06089002]
 [-0.0873115  -0.11113567 -0.14141524 -0.08380484  0.05751389]
 [ 0.02953907 -0.01661766  0.13618456  0.21569397 -0.09968967]
 [ 0.15126403  0.10843164  0.28741968  0.30797768 -0.01698107]
 [ 0.08263165  0.12664454  0.04812493  0.07622921 -0.18780974]] 
Episode: 1921: [[-0.05178957 -0.04931029 -0.04297555 -0.04719409 -0.06089002]
 [-0.0873115  -0.11113567 -0.14141524 -0.08380484  0.05751389]
 [ 0.02953907 -0.01661766  0.13618456  0.21569397 -0.09968967]
 [ 0.15126403  0.10843164  0.28741968  0.30797768 -0.01698107]
 [ 0.08263165  0.12664454  0.04812493  0.07622921 -0.18780974]] 
Episode: 1931: [[-0.05178957 -0.04931029 -0.04297555 -0.04719409 -0.06089002]
 [-0.0873115  -0.11113567 -0.14141524 -0.08380484  0.05751389]
 [ 0.02953907 -0.01661766  0.13618456  0.21569397 -0.09968967]
 [ 0.15126403  0.10843164  0.28741968  0.30797768 -0.01698107]
 [ 0.08263165  0.12664454  0.04812493  0.07622921 -0.18780974]] 
Episode: 1941: [[-0.05178957 -0.04931029 -0.04297555 -0.04719409 -0.06089002]
 [-0.0873115  -0.11113567 -0.14141524 -0.08380484  0.05751389]
 [ 0.02953907 -0.01661766  0.13618456  0.21569397 -0.09968967]
 [ 0.15126403  0.10843164  0.28741968  0.30797768 -0.01698107]
 [ 0.08263165  0.12664454  0.04812493  0.07622921 -0.18780974]] 
Episode: 1951: [[-0.05178957 -0.04931029 -0.04297555 -0.04719409 -0.06089002]
 [-0.0873115  -0.11113567 -0.14141524 -0.08380484  0.05751389]
 [ 0.02953907 -0.01661766  0.13618456  0.21569397 -0.09968967]
 [ 0.15126403  0.10843164  0.28741968  0.30797768 -0.01698107]
 [ 0.08263165  0.12664454  0.04812493  0.07622921 -0.18780974]] 
Episode: 1961: [[-0.05178957 -0.04931029 -0.04297555 -0.04719409 -0.06089002]
 [-0.0873115  -0.11113567 -0.14141524 -0.08380484  0.05751389]
 [ 0.02953907 -0.01661766  0.13618456  0.21569397 -0.09968967]
 [ 0.15126403  0.10843164  0.28741968  0.30797768 -0.01698107]
 [ 0.08263165  0.12664454  0.04812493  0.07622921 -0.18780974]] 
Episode: 1971: [[-0.05178957 -0.04931029 -0.04297555 -0.04719409 -0.06089002]
 [-0.0873115  -0.11113567 -0.14141524 -0.08380484  0.05751389]
 [ 0.02953907 -0.01661766  0.13618456  0.21569397 -0.09968967]
 [ 0.15126403  0.10843164  0.28741968  0.30797768 -0.01698107]
 [ 0.08263165  0.12664454  0.04812493  0.07622921 -0.18780974]] 
Episode: 1981: [[-0.05178957 -0.04931029 -0.04297555 -0.04719409 -0.06089002]
 [-0.0873115  -0.11113567 -0.14141524 -0.08380484  0.05751389]
 [ 0.02953907 -0.01661766  0.13618456  0.21569397 -0.09968967]
 [ 0.15126403  0.10843164  0.28741968  0.30797768 -0.01698107]
 [ 0.08263165  0.12664454  0.04812493  0.07622921 -0.18780974]] 
Episode: 1991: [[-0.05178957 -0.04931029 -0.04297555 -0.04719409 -0.06089002]
 [-0.0873115  -0.11113567 -0.14141524 -0.08380484  0.05751389]
 [ 0.02953907 -0.01661766  0.13618456  0.21569397 -0.09968967]
 [ 0.15126403  0.10843164  0.28741968  0.30797768 -0.01698107]
 [ 0.08263165  0.12664454  0.04812493  0.07622921 -0.18780974]] 
