55875.109375 12346.914062 9428.407227 8897.353516 130587.281250 
74911.445312 16266.821289 12856.530273 8593.496094 162816.062500 
64198.851562 12792.490234 8745.277344 10193.210938 143050.421875 
56024.808594 9199.270508 5691.981445 4280.256348 89592.648438 
58427.671875 10659.774414 6933.001465 7084.033691 120860.750000 
62910.820312 12495.879883 10442.159180 8399.738281 199898.421875 
74097.601562 18916.939453 14859.308594 12865.866211 238395.953125 
53410.824219 9419.757812 8947.470703 6838.095703 89804.039062 
54211.125000 13022.333984 9796.287109 6329.297852 94905.289062 
63945.031250 10299.537109 8347.798828 7979.280762 139872.390625 
65626.906250 11191.321289 8537.425781 8560.235352 140928.015625 
55777.105469 10187.917969 7695.652832 6660.218262 93887.109375 
48061.582031 6740.648926 5199.649902 4080.342041 62926.589844 
61953.074219 12367.024414 8456.622070 7606.760254 151094.953125 
66499.781250 16496.421875 12183.256836 12160.784180 148950.140625 
68023.703125 16052.156250 11025.722656 8710.476562 178433.406250 
59808.765625 10312.831055 7098.500977 6105.203613 119702.148438 
56627.949219 9030.236328 6163.968750 6099.360840 82017.734375 
70261.250000 11302.545898 8438.011719 6913.846680 126387.125000 
64204.812500 13181.804688 11445.198242 10367.304688 171051.187500 
