22910.658203 24030.724609 1905.862183 513.052490 35976.734375 
61245.738281 42992.324219 953.552795 2384.807861 38085.722656 
30268.480469 10849.826172 2892.856934 4399.747070 37927.605469 
20337.003906 10234.851562 10566.758789 8217.893555 29417.478516 
30333.726562 29777.289062 2857.301514 2004.880981 58006.695312 
123549.828125 22425.451172 1314.920776 2290.319336 36650.765625 
83095.945312 28830.755859 3136.747314 2967.284424 46839.921875 
220016.687500 67300.453125 17800.314453 27621.718750 27608.955078 
366689.156250 1075427.500000 72512.640625 414919.812500 108367.906250 
70422.578125 44226.785156 26111.662109 13912.354492 57674.226562 
89573.812500 19707.355469 11646.353516 7217.097168 45410.539062 
341385.500000 15210.930664 1760.729858 2138.750488 59086.054688 
39015.117188 19995.533203 3838.217041 7024.816406 46080.921875 
17839.226562 8091.896973 2911.250977 6159.703613 108981.406250 
57446.953125 27774.662109 5668.818359 30081.371094 42749.671875 
81757.968750 16070.065430 1054.195923 2113.385742 39499.250000 
176185.984375 15611.550781 2596.240723 204.532608 40230.214844 
99020.445312 3898.187500 1152.206055 284.139954 35159.242188 
50101.535156 25183.601562 7716.938477 2430.494141 35743.343750 
171644.421875 78192.328125 7111.841309 9333.359375 34108.898438 
157672.687500 28804.568359 6852.995605 5004.992676 32419.773438 
65571.492188 18250.947266 4483.566895 5560.173828 87937.078125 
229729.765625 17791.826172 1585.739624 1128.927856 23327.277344 
21445.134766 8890.752930 5020.569824 3572.086426 45128.425781 
100091.921875 27558.669922 5563.769043 2551.207031 37073.335938 
33579.484375 22630.462891 2877.785645 46475.328125 92073.445312 
93788.617188 19975.251953 21027.009766 23602.126953 74127.125000 
254956.984375 54024.523438 31996.806641 15357.185547 46066.601562 
45956.226562 31664.371094 2201.962402 725.669617 28897.509766 
120010.757812 15475.263672 4864.874023 13923.955078 73092.296875 
47677.058594 23704.730469 11066.402344 41624.648438 37735.109375 
324668.406250 26130.212891 3891.135498 1609.489990 38506.808594 
82885.421875 27583.023438 52187.015625 74308.515625 80530.703125 
30316.173828 4520.111328 1664.001831 4448.248535 32316.558594 
261292.468750 27638.951172 4533.061035 12306.748047 48785.503906 
178096.078125 38455.285156 9229.414062 47434.500000 57977.035156 
37524.773438 5648.523926 1111.667847 7399.245605 76543.914062 
41876.175781 47267.785156 8687.052734 17416.390625 74546.296875 
89974.203125 28139.335938 2932.966797 1132.602417 50662.695312 
354056.156250 128754.445312 28007.572266 28656.875000 68548.742188 
384591.125000 9131.835938 4889.683105 383.154449 34304.246094 
35836.375000 18234.703125 8650.924805 5595.946777 76224.453125 
56997.859375 3557.301270 7838.267090 2356.956787 42277.644531 
177631.093750 83482.375000 4818.017578 8129.088867 19695.773438 
21237.707031 6763.911621 2481.018311 2761.949951 27922.402344 
257130.609375 65634.289062 8785.090820 36689.507812 75739.179688 
69219.750000 55209.789062 15972.322266 19114.396484 80628.406250 
45873.769531 4666.326660 4572.072754 15265.479492 40207.886719 
22271.431641 26054.060547 3197.462891 3836.950439 44866.550781 
112953.718750 7583.389160 1376.495605 1037.102173 50453.019531 
174133.828125 59526.058594 4307.750977 13251.005859 21372.341797 
231640.687500 35816.515625 8172.597656 18010.835938 49942.578125 
219404.921875 29678.667969 4690.554688 3617.572998 41027.976562 
171745.875000 7499.229492 3658.980713 5209.664062 53754.785156 
307424.093750 39579.457031 12091.097656 55073.117188 16773.335938 
301606.437500 96546.101562 2061.632324 3958.515625 44449.207031 
717616.125000 47405.867188 17170.492188 8702.917969 45864.109375 
644431.687500 268319.687500 39334.703125 18459.076172 98797.585938 
77896.320312 6560.745605 2016.507568 6798.477539 45507.484375 
154982.406250 6128.722168 4460.962402 5447.351562 34537.968750 
52807.992188 16995.826172 10214.944336 23894.476562 33553.328125 
38571.988281 21227.248047 11073.438477 16674.128906 59640.503906 
68203.414062 6137.676270 968.089905 137.701660 38041.972656 
80445.476562 54731.203125 6418.013184 43565.472656 38643.683594 
56133.464844 12667.671875 3665.132324 6061.053711 46675.238281 
301683.406250 4141.979980 545.170471 6732.669922 66277.101562 
37274.437500 16017.471680 2525.031738 5193.488770 30591.699219 
118426.656250 21759.648438 6813.801270 10687.183594 13779.400391 
106607.570312 325399.906250 16351.413086 27074.142578 76990.093750 
35176.816406 10267.404297 8367.924805 4186.117188 52550.335938 
22628.871094 12922.512695 5449.430664 12295.192383 31794.287109 
782382.875000 136723.343750 33289.144531 131829.625000 42386.078125 
10991.835938 7501.267090 1137.892456 730.646729 63390.687500 
51924.742188 32857.410156 11091.725586 15225.290039 71980.382812 
96596.460938 37353.316406 3869.509766 7069.246582 45812.277344 
116650.789062 9196.312500 2774.243164 2776.510010 34694.054688 
185796.781250 34384.734375 11387.245117 16414.763672 57852.148438 
16235.368164 11445.375977 2706.403809 8083.017090 57733.035156 
57450.367188 26360.988281 3207.891113 1455.574585 31489.552734 
71850.421875 23722.613281 8785.814453 5513.391113 30748.968750 
341446.000000 4896.029785 22034.007812 6365.622559 29671.986328 
15238.078125 16622.128906 4025.563232 11841.736328 49125.613281 
151710.062500 74713.906250 36046.953125 33546.894531 41994.496094 
144077.375000 174170.078125 3575.727783 8095.291504 28115.300781 
30252.550781 7050.589355 2986.978760 9015.864258 43165.843750 
41857.304688 40255.988281 1547.965454 1830.888184 50003.125000 
108522.835938 13020.112305 1561.228027 2395.646484 21944.162109 
336292.593750 47301.496094 55655.746094 12403.171875 57952.089844 
64855.503906 34366.214844 4211.197266 1535.218872 55987.886719 
3568868.000000 571180.375000 70585.546875 350953.406250 116270.281250 
104565.882812 25565.281250 11551.321289 1087.781494 33654.199219 
49403.101562 5780.219727 3886.831543 1241.212280 45239.917969 
258347.312500 107588.023438 13615.269531 5425.419434 26228.404297 
18298.820312 3460.723633 4604.048828 6334.080566 43201.257812 
28268.103516 10029.283203 5797.096191 3250.573242 31253.482422 
114556.117188 116426.781250 11539.734375 54914.574219 70413.203125 
295696.125000 38075.300781 7193.553711 834.093323 65521.171875 
343536.437500 24691.314453 12068.002930 12762.119141 71563.773438 
205691.140625 56554.667969 5041.117188 8467.861328 44810.355469 
36170.738281 12057.134766 1726.102905 2594.226807 59444.558594 
72587.554688 19449.880859 9841.380859 6394.844727 37535.035156 
711581.750000 73837.351562 5264.128418 4842.701660 62561.972656 
175051.171875 151282.203125 60894.230469 43576.429688 65195.414062 
136908.687500 82421.679688 6304.487305 11152.321289 35515.214844 
86252.171875 75972.992188 10413.609375 23065.945312 63743.152344 
215028.968750 171180.328125 9808.903320 28775.560547 114268.695312 
49757.816406 14557.876953 3761.054199 715.327087 38380.886719 
129285.367188 206502.625000 4435.554688 96717.625000 94102.187500 
77029.679688 6330.573730 1864.310791 942.009460 51781.832031 
47977.414062 51028.203125 7141.572754 23568.798828 68316.351562 
56471.660156 18408.771484 3230.496338 3488.694824 87743.484375 
426101.687500 295664.937500 56818.187500 94783.820312 57196.566406 
155874.796875 62328.464844 26510.404297 28477.484375 57454.589844 
281228.250000 15814.874023 860.000732 1117.933716 48974.433594 
44885.152344 26682.791016 5581.424316 2145.095703 30304.580078 
31973.587891 67774.390625 9225.024414 3858.694824 42087.066406 
99678.390625 51690.906250 18184.333984 18067.916016 67921.765625 
189795.546875 21465.142578 11318.552734 3981.698975 42657.289062 
329326.062500 29880.980469 1197.359741 281.948517 43363.601562 
61266.476562 16553.707031 3482.163574 1382.781616 38831.128906 
117758.390625 24878.203125 7586.062988 5498.497559 66301.187500 
26473.349609 8169.979492 4805.755371 3106.588135 37226.546875 
40486.097656 99310.539062 2995.695557 10767.186523 42632.371094 
103186.132812 31487.169922 7821.753906 2945.720215 38300.945312 
106954.570312 105300.429688 41068.097656 55145.679688 63149.644531 
183436.328125 3453.429199 2943.827881 940.576843 57310.019531 
137174.515625 10680.818359 4975.266602 1685.918701 44117.210938 
292423.500000 73344.914062 4434.479492 44762.093750 68350.765625 
591042.062500 1030865.562500 3614.006104 385983.125000 73460.234375 
93001.375000 116567.312500 10709.452148 9596.243164 73389.664062 
385131.687500 81751.632812 12477.153320 10409.424805 7817.827637 
321319.031250 116357.273438 18499.349609 73659.664062 38253.757812 
67998.921875 26239.095703 6483.792969 6335.927734 40556.707031 
121742.046875 9555.130859 5709.611816 2639.240234 64668.132812 
106119.164062 150703.156250 6916.729492 74424.828125 27670.156250 
254514.406250 14002.944336 9353.905273 3612.362793 18256.353516 
288073.562500 25623.560547 7723.516113 1041.780396 61397.816406 
212542.109375 40339.675781 10362.937500 5325.550781 84876.929688 
82924.351562 45775.980469 11665.677734 9171.507812 44133.332031 
176319.062500 18226.738281 9850.683594 6183.785156 25081.712891 
148330.343750 30147.341797 977.995789 2733.563965 36099.082031 
170395.437500 63694.656250 10056.326172 988.035583 35993.359375 
133288.593750 113745.835938 44057.398438 27487.445312 84916.679688 
919221.437500 130435.843750 210234.390625 92638.453125 35931.234375 
30973.695312 22632.056641 9747.601562 10484.324219 59840.488281 
44129.265625 35643.828125 2372.054932 24854.087891 50732.828125 
72807.101562 17098.871094 23378.707031 5038.947266 42650.039062 
150530.578125 7494.366211 637.657654 1133.796143 29974.812500 
268218.531250 11186.943359 1960.783203 904.817322 48830.019531 
222666.078125 199463.890625 7931.831055 8385.022461 56480.988281 
29281.937500 20379.728516 2671.771240 1149.631226 42113.308594 
119613.429688 109214.960938 12894.355469 33611.933594 49776.234375 
981214.937500 1165687.625000 209209.140625 98740.726562 133701.609375 
23457.902344 4984.386719 1544.897705 20333.869141 52339.890625 
423293.437500 108093.742188 6526.355957 6858.928711 30310.562500 
47763.703125 11086.973633 5005.825684 1927.003784 41934.460938 
216095.031250 49714.320312 8385.339844 34099.968750 107994.453125 
164421.828125 18422.917969 3397.244873 5028.312012 62398.457031 
65988.828125 88096.773438 9157.080078 9893.244141 60460.171875 
135080.859375 130473.585938 4735.947754 18185.779297 40020.808594 
437809.187500 22651.343750 10923.666016 28653.806641 27657.056641 
22270.767578 7233.640625 2212.570801 2681.836670 34082.660156 
352998.281250 12038.237305 30678.904297 3273.460693 45724.523438 
260219.140625 48223.312500 15027.096680 19583.566406 35222.804688 
156138.906250 29725.929688 499.389435 3142.942383 40628.359375 
179266.625000 65251.878906 3685.186523 10667.067383 68123.039062 
215180.890625 15571.826172 4984.494629 456.588165 37155.007812 
149988.828125 101018.671875 94318.789062 50278.753906 70252.382812 
35281.148438 16505.046875 3737.080811 27161.078125 62863.585938 
60018.808594 56230.746094 15550.359375 76926.429688 87737.140625 
164434.500000 8584.112305 2609.736816 1546.350708 33855.523438 
47458.992188 18714.214844 3332.025391 5321.993652 30670.298828 
42064.679688 19925.746094 1546.975098 2281.796875 60267.042969 
96537.265625 9038.134766 11764.659180 9374.987305 69733.968750 
71115.828125 27513.087891 36398.203125 962.943909 32771.187500 
78520.851562 5595.830078 346.832367 894.739441 39100.390625 
16310.923828 10919.097656 6662.076660 4534.612305 57727.066406 
31731.994141 15363.950195 4172.068848 16423.968750 64817.777344 
33496.632812 41655.250000 6480.014160 3768.603760 46760.589844 
12905.921875 15520.580078 2659.635742 2190.523193 46137.257812 
22943.730469 7727.394531 4610.221680 4596.203125 81680.390625 
122276.609375 28441.126953 15779.062500 16427.322266 42113.644531 
241247.828125 50801.953125 8421.582031 6210.295410 63597.304688 
25223.697266 21634.214844 2579.874023 1542.621338 36610.550781 
39501.726562 53201.335938 11968.363281 111822.070312 103552.914062 
313582.281250 241328.265625 61882.003906 259400.468750 119232.187500 
165621.234375 6856.295410 24381.576172 2330.953613 47346.003906 
142368.937500 20048.388672 3810.779297 975.521118 34824.609375 
113702.015625 91023.984375 7236.959473 11878.884766 91550.382812 
17467.314453 16472.345703 2380.969971 4700.458496 38323.421875 
40575.085938 66445.054688 6401.320801 3577.279053 39542.054688 
76682.460938 60255.363281 2787.962402 1990.712158 41686.578125 
683366.687500 170684.906250 39439.585938 7263.226074 57333.714844 
205361.671875 170916.765625 31118.044922 22385.050781 44687.718750 
64516.234375 31882.511719 2823.472412 1129.659302 40600.171875 
39663.769531 9455.011719 2771.755859 8851.710938 31126.072266 
747033.875000 527426.125000 53905.304688 31305.134766 41394.917969 
63130.972656 49735.261719 1542.193481 5646.012695 39956.140625 
174093.078125 21971.958984 786.174927 2980.174805 44367.171875 
12624.712891 4072.479248 2569.770996 7538.695312 50365.335938 
24258.509766 15822.350586 16535.744141 14262.644531 22288.404297 
21294.644531 4697.359375 1521.719238 3737.046875 83693.867188 
152941.937500 38162.890625 29968.203125 5055.243652 35131.476562 
33200.562500 11321.469727 3584.306641 4972.709473 60887.250000 
59215.429688 108471.445312 12071.694336 80902.328125 135062.593750 
17342.236328 25183.791016 13456.838867 4420.120605 55146.843750 
76136.585938 17057.023438 3260.507324 4122.256836 37294.019531 
141183.703125 16969.498047 9780.714844 2938.703613 26092.546875 
178874.015625 12721.833984 1956.238159 320.900787 41639.898438 
27998.052734 18919.822266 10361.668945 2093.286133 56151.160156 
77098.601562 17426.771484 790.257263 22480.998047 42676.140625 
105236.226562 11990.652344 15343.174805 16519.187500 15586.775391 
77024.242188 6462.809570 6106.131348 797.263489 46348.433594 
31317.501953 12568.604492 5830.726074 21263.070312 36246.441406 
106151.218750 23020.425781 1519.704468 24459.693359 27582.060547 
118123.906250 13101.619141 551.689026 465.433838 30531.222656 
37587.886719 38594.203125 6582.455078 29884.826172 71374.351562 
797205.375000 81224.757812 2051.053467 15155.187500 44787.226562 
36610.554688 16629.785156 5345.891113 13666.266602 33359.519531 
67970.148438 6765.601074 6646.529785 936.564087 28032.818359 
137898.718750 103967.007812 14473.284180 21096.968750 73142.664062 
262938.906250 28338.863281 7730.803711 4815.874023 21072.476562 
2272583.500000 101466.765625 61076.589844 32883.125000 55685.226562 
57842.464844 73209.734375 6479.348633 8775.203125 22673.835938 
68825.476562 11102.300781 19934.591797 2482.142334 63905.921875 
20531.960938 14636.928711 5221.300781 29432.837891 53387.882812 
611082.687500 37889.019531 4103.232910 16270.457031 32225.931641 
28176.273438 7065.595703 2372.766113 574.551331 17072.822266 
255528.281250 90819.554688 10899.370117 18294.535156 37294.621094 
114223.101562 20782.402344 3141.357422 319.151337 82625.195312 
197684.531250 317374.625000 29918.468750 113664.109375 47720.546875 
78147.875000 19400.738281 13333.354492 11589.352539 37831.230469 
39220.214844 11390.411133 12194.911133 11996.317383 74641.867188 
43946.972656 56490.589844 12892.889648 6778.805664 85512.054688 
274694.468750 32657.121094 44970.886719 2597.467773 25162.767578 
121046.765625 11200.789062 2010.734741 2790.125732 38581.796875 
56488.480469 19965.126953 14520.695312 7731.710449 55185.929688 
79297.140625 23399.900391 7731.997559 2752.832764 50439.109375 
27343.910156 3928.153564 10032.151367 839.521118 44854.832031 
203160.234375 383630.156250 59803.777344 54613.457031 51236.320312 
173311.734375 6827.561523 2693.131348 826.411255 56033.671875 
56886.980469 19084.552734 7802.886230 643.115051 51930.562500 
104622.835938 53418.273438 39737.457031 18117.326172 75048.445312 
89960.656250 71748.281250 10051.188477 9776.104492 55891.109375 
52842.937500 15215.071289 17100.218750 15636.180664 56303.074219 
348534.000000 29872.941406 6361.060547 20746.490234 69934.484375 
98365.562500 87443.531250 6972.494629 9126.020508 44904.445312 
32473.490234 38585.125000 1958.164795 2918.210205 35020.375000 
207479.671875 17926.900391 869.577637 7166.905273 60430.476562 
29848.271484 16049.722656 3864.382568 6586.184570 101664.585938 
28836.269531 6955.700195 4536.799316 5005.917480 37510.945312 
200747.093750 158160.062500 34764.687500 140903.593750 38929.109375 
61305.046875 25316.544922 29852.548828 1208.437500 34760.308594 
249870.656250 57576.234375 13921.494141 710.530518 32428.894531 
169769.984375 169505.953125 22657.902344 30133.173828 56000.386719 
154636.343750 48915.933594 6333.644531 15321.023438 52330.570312 
576330.000000 15197.754883 30244.207031 5249.303711 46354.500000 
183189.531250 23454.369141 7428.929688 1724.422119 69297.828125 
51703.992188 59018.085938 5177.041504 13716.562500 70882.468750 
476032.125000 114988.671875 16058.459961 2972.802002 48779.894531 
66804.296875 10246.313477 4040.781494 3994.326904 62113.695312 
51643.054688 14272.001953 34875.703125 30095.187500 59918.636719 
61874.460938 13807.971680 2289.750244 2787.113770 38947.296875 
52353.296875 19017.990234 1999.762817 2566.774658 29375.746094 
115159.273438 32977.984375 359656.718750 2563.219238 26966.695312 
21617.021484 8824.318359 2127.117676 13897.622070 39320.191406 
62992.859375 15146.047852 4584.750488 4868.762695 42880.324219 
97222.414062 28301.783203 30403.289062 15845.954102 57567.332031 
56346.816406 52070.156250 24198.689453 7279.205566 85809.460938 
19423.722656 26237.529297 2663.314453 22701.595703 53516.859375 
85522.101562 17004.158203 9518.821289 2587.975342 29040.115234 
39011.308594 29799.015625 13280.243164 30374.320312 72484.320312 
365601.218750 20027.125000 1345.371826 4291.232422 36385.207031 
45688.535156 8668.798828 8497.885742 1671.436523 60994.625000 
209925.156250 193247.468750 14994.302734 117138.757812 71913.976562 
224335.265625 66139.929688 3201.135254 4653.876953 39776.144531 
82569.187500 16978.500000 8096.377441 2593.805420 82825.703125 
33973.753906 13116.949219 5198.449219 2617.189453 45916.820312 
76504.359375 11335.139648 2870.043701 5214.356445 35091.261719 
632867.125000 291026.343750 90604.507812 46110.492188 54094.335938 
117697.367188 38030.652344 72233.273438 3247.428955 40821.187500 
79232.437500 37888.632812 7996.561035 4660.428711 40110.281250 
78297.304688 29791.367188 14174.185547 7715.797852 44013.722656 
245827.187500 17837.265625 4305.757324 25066.031250 59844.964844 
37297.820312 21062.970703 13075.666016 12847.819336 45001.140625 
140746.703125 15537.420898 13497.302734 895.818848 49039.109375 
73844.710938 13123.745117 1093.145752 2264.708008 35174.734375 
66130.359375 6968.323730 2132.534912 783.498474 26933.689453 
30452.662109 4202.503906 1682.244873 858.589783 80051.265625 
35136.867188 14069.920898 4351.631348 8616.804688 43290.996094 
35709.828125 9994.331055 22247.250000 4302.634277 28665.576172 
28485.416016 45168.761719 4089.473877 8203.895508 28502.214844 
73626.437500 19999.343750 3891.213623 2514.762207 42591.855469 
52734.472656 24564.082031 21456.707031 26614.699219 35480.195312 
167921.093750 22970.191406 13298.644531 3210.416992 14520.635742 
212706.218750 13732.482422 4789.264648 4265.059082 25979.054688 
87650.296875 10455.840820 1481.682251 418.705078 40483.699219 
38220.472656 30866.681641 7544.345703 18649.308594 58043.671875 
205671.281250 9970.942383 4181.720215 842.138062 56210.046875 
256251.421875 10122.094727 860.740112 23007.292969 63512.351562 
103789.171875 10135.710938 6504.555664 2196.779297 58474.449219 
137518.968750 3808.148926 7722.421875 261.377075 42922.773438 
264773.687500 23488.486328 12160.974609 714.190491 48964.167969 
36778.574219 36400.945312 4618.981445 24106.363281 42238.226562 
317007.281250 70038.906250 23331.117188 11960.331055 47017.312500 
293432.437500 66718.328125 1728.778564 1642.486328 53048.183594 
200322.656250 32235.376953 37670.601562 11292.955078 20124.458984 
95811.242188 31578.027344 9847.083984 9795.657227 46739.187500 
218351.203125 217282.750000 4240.562012 28707.039062 100879.531250 
124648.023438 36548.546875 10296.480469 4451.208496 41606.187500 
168710.843750 67174.570312 17492.814453 18542.734375 49307.429688 
52213.175781 58142.589844 13338.186523 11017.515625 50522.890625 
63304.445312 16218.541016 33422.199219 27258.486328 48864.582031 
133452.359375 143893.921875 7135.072754 9320.153320 49821.312500 
216010.171875 146064.046875 6743.922852 24754.765625 18015.812500 
31820.689453 25505.550781 4025.294678 9777.448242 50603.683594 
51562.152344 11352.895508 3636.431641 1733.315552 34241.988281 
1378920.375000 2000198.750000 798501.187500 234336.265625 99117.539062 
208247.718750 19900.591797 2868.959473 5569.710449 39599.773438 
92891.835938 29368.449219 29050.246094 5167.166016 45880.449219 
168996.546875 6140.672363 1314.720215 2639.710449 47069.140625 
72438.875000 62870.718750 13766.506836 4009.842773 55718.054688 
73288.562500 37996.843750 3639.335449 8123.770020 37078.519531 
69212.367188 19174.972656 1358.120361 990.890686 35914.019531 
89860.382812 18352.699219 1249.198242 1964.815308 38520.824219 
25016.695312 11166.762695 1576.547485 6201.648926 63352.636719 
27291.023438 53144.226562 28826.091797 27370.101562 35307.925781 
404241.156250 115372.257812 16134.238281 26949.583984 75129.492188 
60128.734375 3391.569824 13167.010742 934.312866 40911.496094 
44091.097656 24523.222656 1615.275269 4294.481934 34317.363281 
487401.531250 429236.343750 216556.812500 72459.640625 77427.851562 
102837.304688 26327.281250 2749.386475 20470.017578 34518.152344 
193853.218750 49819.390625 2606.296875 30459.638672 48702.906250 
151356.875000 38060.480469 30388.539062 20600.417969 71994.804688 
66086.679688 30765.388672 1715.322998 3685.858643 41442.312500 
43772.152344 15423.717773 6161.763672 9341.476562 66080.343750 
179667.296875 4080.717285 691.982422 200.951096 39057.867188 
49162.511719 9443.396484 10344.318359 5174.022461 66567.718750 
54313.121094 9777.142578 3310.005859 22445.896484 21037.091797 
119305.835938 25052.785156 4693.094727 12654.324219 47512.226562 
115624.257812 21843.781250 1837.618286 730.470581 70521.984375 
16318.068359 3084.901367 3582.384766 2673.736572 46427.828125 
84886.781250 59289.011719 9332.351562 31510.746094 86322.882812 
40852.867188 38847.863281 7830.125977 26320.037109 40672.777344 
506883.781250 37081.851562 19241.554688 11669.857422 38865.531250 
328649.500000 143506.718750 7865.253418 29632.447266 76334.007812 
57541.539062 30860.699219 10291.355469 7078.301758 71931.757812 
57829.542969 13555.553711 6505.441895 3841.266357 41974.828125 
150514.843750 7371.405273 2665.860352 4387.323730 43080.304688 
21764.447266 26815.296875 7266.897949 9886.815430 38270.453125 
152295.843750 126234.570312 11739.029297 21632.544922 63977.695312 
19911.257812 11181.166992 28946.041016 8363.695312 38832.394531 
96217.726562 34859.214844 2495.343262 937.282898 53123.539062 
141826.187500 14747.400391 21601.894531 24530.755859 80748.898438 
40528.683594 9696.713867 7472.447754 6778.251953 30806.751953 
125872.898438 10637.277344 5613.017578 836.476501 20912.673828 
181828.296875 66843.187500 15649.433594 43171.121094 71851.632812 
105142.078125 24781.021484 4784.163574 10947.819336 68537.703125 
128931.382812 33627.164062 19822.968750 12816.604492 47860.363281 
175009.531250 23458.291016 21267.369141 26693.435547 14551.840820 
22219.296875 23830.273438 1297.491577 946.864868 41701.042969 
138685.703125 6337.654785 12104.805664 2123.392578 51620.156250 
99888.343750 14817.210938 2959.757812 4946.960449 59349.875000 
124038.250000 36850.335938 2410.135498 8077.145508 28129.697266 
11756.507812 4812.710449 1836.969849 2991.152100 63002.609375 
413279.718750 49388.410156 19863.628906 150672.531250 75866.976562 
20646.548828 10013.488281 2033.336182 5572.515625 57770.441406 
113049.390625 214244.937500 31448.062500 68697.179688 33419.957031 
70593.265625 31120.656250 10872.546875 38158.902344 49191.675781 
1403483.875000 232348.890625 14810.502930 59874.070312 17949.429688 
30883.326172 92937.414062 4368.921387 53540.406250 91360.132812 
29406.556641 8868.636719 5759.991211 13054.722656 37241.410156 
34848.171875 29722.578125 13300.652344 12912.159180 44490.128906 
60824.093750 76154.789062 2460.259277 11902.290039 72004.125000 
69835.015625 24893.574219 3421.274902 1954.488647 51419.015625 
162904.437500 29710.052734 3177.553223 4236.348145 39548.414062 
186422.843750 11052.693359 3026.677002 960.778076 47409.269531 
16582.492188 30543.322266 2259.339844 439.618713 28748.849609 
118505.101562 28830.185547 12799.862305 4246.729004 33094.062500 
93876.320312 7271.877930 4288.244141 4834.967285 29749.865234 
94650.117188 11990.074219 7122.931641 2985.547852 65647.437500 
114625.726562 92323.359375 15307.409180 5185.389648 80307.875000 
29549.603516 48923.000000 2627.898682 5509.468262 21482.132812 
16090.426758 13001.145508 1529.841553 7479.625000 30669.251953 
154560.359375 67840.882812 63682.429688 255905.093750 75628.171875 
179711.359375 91777.726562 27868.791016 1328.963257 38449.132812 
38748.695312 8586.879883 2524.148682 1499.419556 46269.589844 
253925.906250 183602.500000 49783.582031 31208.513672 52503.804688 
73417.265625 7038.609863 3552.037842 239.113998 49819.070312 
156366.234375 70950.750000 35044.804688 51081.718750 22151.363281 
412144.406250 224369.843750 119610.414062 13985.938477 37920.039062 
52624.148438 8765.575195 16151.999023 6638.767090 27098.914062 
14369.801758 37038.539062 2663.643066 12485.420898 53132.101562 
157395.453125 20923.029297 10920.474609 4070.384033 41068.140625 
388464.531250 225429.468750 15868.096680 23319.125000 63744.421875 
63698.476562 14746.054688 2268.762695 1261.263428 26474.447266 
304337.343750 14639.412109 16586.630859 2872.030762 18337.347656 
261107.906250 75823.828125 36893.312500 12477.852539 71962.992188 
102041.000000 29863.580078 9449.469727 11948.747070 43423.574219 
35857.968750 37734.371094 1146.371216 5785.281250 48951.550781 
21463.009766 13283.248047 2402.506104 1412.143921 50660.136719 
74984.968750 73540.835938 16080.502930 1473.481934 42846.070312 
250052.312500 73224.382812 22914.654297 106503.429688 42288.792969 
222763.109375 28076.097656 15533.020508 17474.603516 37096.750000 
66509.148438 24715.677734 15335.548828 12067.878906 68887.390625 
25947.976562 34209.250000 3011.423096 1539.691162 72292.406250 
143732.406250 19705.251953 24992.582031 7833.043945 50414.578125 
270137.343750 42177.171875 26213.425781 6757.726074 39111.277344 
157284.625000 139706.234375 913.632263 1630.627075 51681.296875 
94321.023438 7307.979980 6438.173340 2273.711182 38061.429688 
34444.781250 21843.988281 11538.204102 19788.580078 75327.382812 
44908.835938 8307.336914 4819.350098 3237.421387 19288.677734 
61376.925781 30589.613281 45230.726562 15555.961914 79780.195312 
33525.406250 15522.011719 8349.793945 16223.525391 47450.765625 
60312.128906 7451.271484 2534.039307 15752.055664 59099.941406 
75359.109375 36934.640625 10340.178711 1380.271118 24244.039062 
233117.921875 36414.402344 736.592224 1460.946045 41492.437500 
309747.281250 268945.562500 17599.425781 180557.718750 105801.695312 
496423.968750 58822.390625 35599.769531 142907.421875 62122.132812 
36766.750000 33970.992188 12955.054688 3901.534668 40964.597656 
889070.000000 27021.814453 6835.187500 42122.468750 46414.218750 
19580.697266 25001.271484 2623.423584 9273.042969 65883.710938 
151497.062500 14237.043945 2233.359863 368.998566 39369.617188 
129192.023438 24546.535156 35943.492188 8751.892578 24522.591797 
401879.468750 8062.512695 3473.386475 16414.568359 45851.039062 
13789.767578 11211.748047 1402.549683 1744.985352 32777.898438 
81090.242188 73047.187500 24796.166016 39021.902344 64240.027344 
54048.582031 11581.179688 2930.600586 13948.643555 36714.714844 
183835.593750 19798.576172 23516.425781 31704.498047 34834.234375 
229154.515625 73881.437500 7892.158691 4159.314941 58056.636719 
93831.687500 6715.950684 23264.390625 598.005249 42027.257812 
31609.412109 16326.774414 3804.409668 13492.903320 62658.449219 
113838.656250 4405.063477 3024.448242 1063.807739 40500.082031 
618578.500000 115592.445312 33396.300781 32616.279297 98680.898438 
114075.250000 7652.379883 1003.230042 2216.454834 25647.111328 
52788.933594 15383.830078 4543.199219 20095.896484 51969.285156 
15772.390625 19289.232422 6632.417969 2914.698730 64351.898438 
348126.218750 162592.578125 39252.148438 129838.867188 83203.429688 
129780.679688 34019.472656 2695.970947 8573.260742 38867.667969 
40209.714844 12031.176758 3106.043213 4673.618652 19436.804688 
15604.144531 28792.894531 4814.084961 1778.453857 77931.078125 
100530.773438 19652.373047 4204.132324 5795.282715 76204.406250 
43060.328125 36659.816406 3189.403564 1393.303467 32941.066406 
225505.968750 106056.109375 9153.829102 141338.484375 56200.691406 
57108.578125 9790.750000 6332.424316 3686.822998 53157.433594 
56841.199219 72508.234375 8493.912109 8515.211914 57683.058594 
38700.621094 9865.548828 10329.901367 5960.055176 17102.310547 
175828.968750 352036.593750 36064.406250 95021.562500 69455.054688 
84500.445312 14515.167969 4834.240234 1794.405151 49208.554688 
222554.562500 34605.953125 17836.841797 1766.359497 37839.500000 
45426.421875 5841.992676 2905.759277 1599.177612 34441.007812 
41762.113281 6571.941406 1325.361938 9829.633789 33534.730469 
265015.625000 4397.447754 2045.292847 3190.329102 39156.261719 
343555.187500 289089.593750 30929.691406 8072.606934 54252.136719 
77727.578125 15256.068359 9382.333008 4931.958496 29631.648438 
45965.609375 18451.107422 1918.452271 2041.983643 34055.054688 
36986.234375 18644.427734 5958.003418 1497.728149 53760.968750 
10587.196289 10843.482422 2988.409180 1481.989502 23022.333984 
45072.359375 19820.537109 8029.986328 19287.457031 65857.015625 
98379.437500 24830.750000 1485.704590 1647.563965 41606.921875 
52443.179688 10127.705078 12497.809570 3810.549561 34362.050781 
19805.111328 6648.956055 2349.003418 4160.262695 96767.773438 
79502.953125 21234.582031 3000.114502 31526.013672 56487.347656 
124337.500000 18010.593750 6825.139648 38510.183594 28006.847656 
92930.453125 3863.543457 5325.776855 480.692963 37587.203125 
30744.878906 12106.269531 11758.867188 16081.678711 71754.609375 
77415.281250 13800.473633 13552.694336 3107.542725 17598.353516 
61075.148438 45430.566406 5500.362305 14102.270508 47057.828125 
59611.066406 22124.509766 2234.273438 2138.797607 55692.570312 
92139.242188 15124.869141 2415.481445 12176.650391 50920.453125 
36377.156250 5534.229492 6398.645020 11340.116211 39267.687500 
27736.947266 8206.949219 6290.379395 2556.214111 37947.492188 
67808.984375 47206.074219 1655.533447 4840.537109 32224.396484 
33666.156250 24921.085938 2912.277344 7877.562012 33184.859375 
181016.718750 43158.488281 6770.977539 20685.173828 26941.203125 
37522.531250 27494.275391 2381.667725 4539.675293 50174.203125 
114053.460938 115847.578125 7859.964355 636.091675 23655.783203 
196852.312500 113744.085938 7163.671387 11684.615234 52568.351562 
87793.210938 32495.107422 17435.107422 18558.117188 46832.378906 
34015.062500 21752.910156 6181.927734 11494.869141 63851.488281 
44467.816406 11590.128906 3040.833496 2718.765381 53097.441406 
83852.750000 13046.687500 2974.934570 1374.911011 55488.535156 
200606.265625 40064.468750 14896.670898 18849.087891 24128.414062 
281945.843750 46517.746094 11038.701172 10324.656250 60731.593750 
98203.148438 25403.429688 17873.835938 7118.920410 43034.281250 
146432.015625 13258.086914 759.198242 696.295166 42212.449219 
21490.671875 17069.736328 7145.467773 2042.654907 30550.628906 
1328462.250000 60255.066406 19638.089844 44099.832031 67781.742188 
248162.812500 51447.261719 14422.109375 2727.684814 84037.585938 
214408.421875 23956.744141 971.531677 10845.420898 57736.957031 
30941.511719 34478.703125 4229.510254 6026.519531 58027.234375 
72613.703125 60785.179688 20556.658203 5432.411621 26530.492188 
433375.187500 309689.468750 43958.425781 14419.287109 74014.000000 
113425.289062 66997.921875 12518.491211 3399.757324 88437.062500 
118987.054688 41868.843750 7955.083984 9546.319336 18305.847656 
95102.648438 101843.375000 3575.820068 49549.843750 34752.113281 
218301.921875 11124.466797 2173.681152 646.866699 44351.828125 
91148.804688 45758.757812 13399.423828 619.836060 52271.496094 
72765.476562 63268.589844 10805.303711 7758.735840 38365.921875 
50073.964844 44753.550781 7285.910156 5464.270996 34686.937500 
146840.828125 145318.031250 6433.547363 64951.707031 83783.343750 
135706.281250 3886.644287 1208.934326 782.892212 34739.757812 
79741.226562 82171.507812 27550.914062 27560.980469 38276.007812 
400413.437500 20258.060547 22506.519531 1724.232910 47228.050781 
30712.171875 25160.753906 15883.493164 10781.078125 99281.343750 
17988.544922 6939.475098 1541.831543 2115.501221 72625.054688 
106201.117188 44724.550781 9517.939453 23894.070312 25194.863281 
92906.398438 16715.906250 4021.532471 17330.572266 38602.250000 
52840.265625 17906.972656 5440.819336 4382.480957 53023.761719 
15802.924805 4915.680664 4261.000000 3479.169434 38567.312500 
291922.968750 45402.988281 11193.140625 12730.191406 34691.859375 
49666.519531 10016.361328 2580.695801 18031.556641 51383.070312 
139255.078125 17603.271484 17229.726562 1169.227051 47731.250000 
482223.687500 361690.437500 14945.131836 215497.546875 83775.671875 
244571.171875 70275.328125 24224.578125 52604.722656 32048.970703 
35919.675781 14143.228516 3760.739258 4230.619629 38808.921875 
201842.062500 33918.757812 11250.200195 8150.285156 30291.671875 
42291.625000 5794.215332 3540.250977 27083.865234 89388.593750 
52692.488281 19103.777344 2622.325195 781.454956 44023.609375 
24995.673828 10737.748047 2027.413940 6562.525391 41631.277344 
43055.156250 17225.208984 13678.244141 4791.919922 60089.214844 
70354.328125 35830.437500 44166.843750 18709.472656 31702.500000 
62828.808594 33301.863281 4944.943359 25715.662109 44507.535156 
34575.746094 9359.223633 6284.291016 36816.652344 52157.125000 
66200.359375 101465.679688 18754.177734 2922.296875 63982.511719 
87389.179688 22834.130859 7117.298340 11711.589844 47510.617188 
71395.859375 15415.602539 3218.924805 2529.774414 38660.515625 
140986.734375 20856.130859 2958.511963 455.013153 39603.460938 
21331.169922 15137.256836 9188.739258 31808.626953 39425.804688 
47335.140625 30135.314453 4446.317871 6927.072266 75913.281250 
140323.421875 96437.671875 4810.265625 15757.125977 79253.765625 
161629.906250 8937.173828 8126.929199 1156.320923 38133.164062 
151559.515625 74080.632812 21275.300781 18025.410156 58672.687500 
15948.929688 5646.755371 5153.212891 3794.079102 64118.589844 
129067.992188 8075.895996 950.741272 924.448547 30550.810547 
34336.292969 12231.524414 5518.955566 9075.268555 42509.679688 
90752.609375 34437.144531 8624.782227 14429.024414 41586.246094 
384620.718750 56996.636719 8217.248047 14363.392578 65944.007812 
229132.671875 6915.368164 2328.287354 458.792633 26504.193359 
263989.625000 26066.505859 14017.304688 33355.625000 51308.664062 
12648.591797 43410.699219 5007.180664 20329.861328 48144.058594 
147837.265625 132170.078125 23330.027344 10121.021484 48547.019531 
48358.570312 16879.281250 22274.861328 28174.537109 42552.910156 
39520.621094 21424.099609 3536.383301 12641.538086 38579.460938 
285179.281250 42743.195312 9803.709961 10357.644531 73494.734375 
43936.960938 40348.179688 44127.273438 69895.898438 89109.500000 
52593.117188 13237.730469 5979.815918 3509.436035 36250.421875 
80875.320312 30394.689453 22396.414062 20258.894531 70651.398438 
17994.281250 4872.560059 7260.893555 23921.869141 48931.476562 
33148.546875 18539.753906 1358.511963 2748.996094 44230.058594 
81043.304688 10220.251953 1160.615479 2103.999023 19720.613281 
110153.835938 97613.851562 3069.734619 4855.586426 38449.253906 
186210.687500 140106.609375 7114.331543 4003.413574 81679.257812 
190630.671875 17952.990234 2553.798096 10887.667969 27177.517578 
190740.000000 73685.851562 30158.576172 35597.382812 58426.199219 
130426.257812 12291.107422 1742.308350 1935.455200 39934.878906 
100233.304688 34716.515625 7528.578125 12932.923828 38857.238281 
71858.453125 11505.337891 12795.030273 829.282776 30825.126953 
45764.875000 10361.871094 3558.687500 3471.462402 41298.320312 
163170.875000 27451.498047 7309.182617 2182.554688 33445.183594 
80010.843750 11390.329102 10571.659180 649.676819 53328.730469 
47960.433594 11482.051758 2856.599609 6649.154785 61497.921875 
143753.437500 154429.781250 26164.687500 29037.087891 36581.566406 
74294.992188 27116.423828 32302.234375 8549.347656 47197.656250 
24614.744141 7229.187500 1369.798706 12978.230469 56323.617188 
39059.789062 16434.027344 1019.135925 9997.951172 29489.142578 
34195.937500 16244.129883 3355.732910 20996.658203 41213.375000 
136482.265625 21179.384766 5612.052734 5790.000977 21556.312500 
907998.437500 1056069.375000 63302.003906 32627.601562 60623.546875 
86246.578125 24410.072266 5432.094238 13137.615234 43176.484375 
149050.468750 11470.713867 3630.365967 1114.574463 27278.291016 
211726.500000 25200.501953 6336.327148 15785.760742 47357.214844 
524910.437500 143927.062500 9372.804688 18471.773438 54459.199219 
53272.332031 8677.497070 4037.562988 5512.917480 57700.832031 
38317.292969 5733.129395 7462.858887 2181.589600 39134.082031 
49592.277344 10839.121094 8763.738281 7834.817383 26511.015625 
179123.234375 42712.386719 2598.177002 10619.487305 52226.589844 
153274.921875 195101.468750 6227.733887 47907.890625 28842.099609 
142118.468750 49191.160156 10800.320312 1232.333374 31986.494141 
102888.492188 89046.960938 4726.115723 4694.494141 29630.650391 
181587.218750 239277.296875 55053.285156 26111.095703 74150.140625 
450027.656250 27265.544922 4201.283203 8253.875977 44820.675781 
174492.218750 54098.058594 7873.009277 27159.775391 78013.734375 
22337.490234 15136.692383 1164.231323 2209.281738 22854.863281 
59952.816406 38916.953125 17077.755859 6253.345215 37773.515625 
274785.906250 27390.123047 6256.030273 8681.329102 16518.023438 
145444.562500 16998.166016 2898.725586 8174.737305 75017.945312 
53255.222656 25673.593750 21124.521484 5431.158691 36797.632812 
29857.199219 10650.858398 8966.931641 2332.439941 32403.576172 
12021.322266 9509.736328 2284.743652 4924.340332 59591.554688 
54423.218750 14673.289062 10716.759766 1225.419800 25733.111328 
39061.441406 32537.259766 3315.662598 23345.542969 60572.812500 
472498.656250 16530.365234 14904.289062 810.736145 53492.328125 
249738.015625 22684.052734 20471.000000 22069.728516 41957.390625 
247948.437500 151765.406250 38046.515625 33097.554688 56735.664062 
36960.726562 4017.596191 3261.162109 4352.411621 46056.042969 
35902.753906 8311.395508 653.886841 1190.279541 45742.371094 
94719.226562 187817.937500 13060.336914 53951.503906 75127.179688 
254914.828125 58142.507812 37031.488281 80719.820312 51819.109375 
117240.078125 31766.617188 2525.361572 4474.451660 19732.189453 
98196.429688 14891.439453 2442.784912 892.490112 50277.128906 
25775.896484 2939.166504 672.207336 3154.296875 53042.722656 
86422.953125 24691.373047 5829.473633 10787.386719 27418.824219 
40355.726562 47066.707031 2410.558105 8171.745117 27563.214844 
26413.177734 4321.289062 6739.774414 7317.026367 29110.062500 
45304.554688 32116.007812 2936.128906 3472.312500 37865.402344 
285568.562500 19046.210938 17205.507812 8830.580078 18044.935547 
33501.453125 12602.073242 6524.435547 6729.047363 16577.128906 
27123.943359 32594.916016 1758.903687 6050.369141 56245.105469 
146246.046875 47809.109375 17290.308594 18544.787109 57521.773438 
592342.625000 103665.195312 9782.873047 58118.351562 60901.476562 
60745.703125 14061.815430 8813.599609 4566.712402 43938.156250 
25833.964844 67125.820312 3925.784180 6438.970215 47232.726562 
119712.976562 17362.087891 2224.492676 709.933899 71558.453125 
95731.625000 15213.678711 6715.622070 16722.953125 38792.679688 
69599.078125 13181.768555 11764.464844 5956.121094 37129.656250 
153378.031250 23443.630859 2273.063477 5171.477539 87800.570312 
93646.070312 114615.367188 9340.013672 5988.706543 58561.761719 
36508.558594 8580.474609 8186.132812 16795.646484 37982.113281 
23596.351562 22235.681641 4542.327148 3139.088867 56585.402344 
64859.972656 14265.312500 2443.053711 17058.673828 73000.312500 
533149.625000 334395.593750 487327.562500 63270.632812 99005.906250 
33093.632812 4725.763184 3740.438232 2955.980957 40906.656250 
71051.398438 106627.039062 7520.853516 19620.039062 35772.910156 
232739.343750 6125.498535 380.095154 347.640808 69237.015625 
25058.939453 10049.654297 1607.795410 2562.728516 44265.179688 
106263.007812 162940.046875 9698.134766 32727.054688 24365.806641 
32894.000000 9210.239258 846.938049 3105.710938 52482.898438 
281856.062500 61892.246094 125949.328125 24181.720703 54458.320312 
38212.507812 7289.206055 5254.391602 2054.086426 46252.214844 
45703.187500 35345.453125 2786.319336 6217.143066 40791.386719 
40104.261719 6080.383789 4448.146484 5501.426270 35917.312500 
160786.359375 6497.521973 677.345093 10653.847656 44472.050781 
223163.171875 189855.031250 60205.859375 4277.119141 60222.925781 
156307.031250 28995.298828 4502.221191 10477.913086 24721.703125 
225364.406250 74102.632812 1359.325684 1910.933594 29506.658203 
189381.437500 20729.087891 1329.457520 3600.908203 43518.589844 
132231.750000 27334.468750 7108.045898 636.281860 66914.125000 
22581.339844 12877.087891 25065.123047 4394.068848 38245.343750 
156144.921875 156072.906250 19719.353516 74677.140625 43397.484375 
122298.914062 64476.968750 18766.353516 33822.226562 54815.136719 
21901.994141 13533.269531 1088.993408 4579.234863 34208.878906 
71682.023438 58934.074219 2841.429199 7189.606934 32008.384766 
318275.156250 46757.000000 2488.862549 31062.669922 66433.031250 
124974.203125 6786.920410 3385.286621 1046.694946 60871.601562 
30155.183594 21190.128906 6839.541992 2838.772461 44871.050781 
186940.296875 14004.938477 9856.414062 1815.635254 25614.734375 
171184.437500 32741.576172 11031.945312 23972.134766 34068.550781 
119560.453125 13651.291992 2517.671875 878.561462 74257.812500 
373305.500000 374716.000000 40790.093750 50125.980469 53811.164062 
55757.308594 19130.521484 9783.558594 10807.260742 44801.269531 
343963.937500 95677.734375 16791.984375 26803.574219 43050.976562 
138534.984375 3977.139648 438.651947 4492.421387 39625.550781 
45216.023438 36992.246094 11052.064453 30828.861328 47754.011719 
63818.890625 79093.289062 13166.374023 18240.064453 42718.941406 
116303.210938 69257.945312 2949.961914 470.736237 28664.412109 
123214.132812 25657.478516 23384.726562 434.851929 31497.519531 
75201.398438 66089.117188 2378.407959 505.404144 65596.312500 
176944.078125 42864.832031 3082.546631 2051.040527 30768.835938 
49831.523438 29737.486328 9551.477539 5977.202637 33156.996094 
20283.628906 12105.055664 3421.982666 9865.628906 44715.488281 
32091.089844 34511.492188 6325.634766 13935.477539 37143.332031 
134994.625000 13322.059570 1926.609619 1851.354004 28598.378906 
55544.390625 25171.820312 11671.537109 16545.906250 64287.597656 
574804.812500 19844.003906 2322.231445 5824.590820 50292.195312 
46449.871094 30970.472656 22114.330078 16631.871094 85473.632812 
34435.515625 13109.966797 6353.719238 9266.626953 39220.582031 
28286.398438 16100.754883 3935.004395 4890.597656 26925.982422 
62351.238281 24511.119141 26349.826172 39087.968750 61158.839844 
120556.921875 111090.203125 24176.824219 28100.074219 41458.046875 
58505.273438 26729.660156 925.995361 619.185669 34978.578125 
320855.531250 28333.824219 6750.648438 5158.504883 58826.039062 
140148.375000 19303.875000 1172.092529 1711.658325 58160.273438 
27969.781250 23216.048828 7746.629395 3059.468750 56922.785156 
37488.996094 8199.909180 1917.394775 1519.839478 36595.289062 
54458.136719 9584.333984 5581.911133 47105.820312 24529.259766 
149829.812500 28911.451172 2718.993164 2275.858643 40362.191406 
116446.585938 128997.484375 21906.353516 4188.190918 33404.703125 
91519.343750 30556.960938 9475.240234 3150.079102 31631.546875 
170758.812500 66236.062500 9615.132812 5160.395508 62791.773438 
62955.816406 6302.837402 1948.140869 3675.594482 37785.183594 
50170.304688 68941.804688 8679.125000 36199.070312 73161.398438 
116824.539062 21203.623047 18031.123047 21306.480469 61991.449219 
289377.687500 17620.132812 4390.484863 60115.960938 28741.693359 
56641.835938 20494.197266 4366.859863 11617.128906 70174.531250 
17949.164062 4840.119629 7172.176758 2118.693604 74870.273438 
116225.625000 19324.007812 15104.562500 3253.851074 50500.445312 
98147.226562 44965.468750 4172.961914 8343.462891 56888.093750 
23067.072266 13670.951172 9089.394531 4071.034668 47445.683594 
264100.312500 299791.000000 107491.468750 17543.849609 55564.265625 
41936.640625 30859.916016 1238.625122 1820.396729 7284.568848 
98964.101562 31701.628906 1930.628662 3145.261475 33300.492188 
13378.327148 8573.835938 1311.166504 6534.564941 54245.074219 
13839.436523 9555.478516 2912.436279 4163.420898 58019.558594 
43968.433594 34768.046875 3234.296631 18057.009766 32450.029297 
207258.890625 24166.068359 14369.634766 6088.658203 24837.892578 
293010.906250 47458.632812 6795.566406 9946.965820 84917.671875 
49619.894531 21592.570312 1936.605591 9546.079102 21730.464844 
105058.617188 12550.399414 3501.390625 8252.784180 27114.896484 
20691.744141 18955.162109 3368.827148 6458.651855 26969.662109 
71898.906250 23089.455078 4525.392090 1973.780884 65094.941406 
44463.593750 22688.230469 2353.254395 3113.818604 86958.593750 
37056.964844 25593.140625 2135.322021 2986.876953 36296.992188 
58087.730469 26976.462891 7921.773926 9830.866211 38440.792969 
112874.304688 74887.343750 3482.136230 8450.939453 37044.582031 
208527.265625 14018.314453 12390.814453 918.125916 48106.527344 
217525.046875 23260.005859 1971.996338 1348.843750 35677.367188 
44318.324219 39809.960938 1173.988525 18033.539062 26011.115234 
330815.093750 17081.304688 10018.564453 1041.397949 34629.871094 
22066.839844 7833.681641 2186.760742 11007.657227 31251.664062 
47415.222656 15043.087891 1830.548706 3580.767578 23643.792969 
232544.843750 99363.054688 6866.548340 41703.863281 59370.710938 
324415.968750 44267.359375 8530.724609 5660.253418 107440.984375 
35239.023438 22974.562500 2980.372559 2661.552979 24275.689453 
30887.650391 5116.047363 3624.564209 69736.679688 30402.607422 
95323.562500 12363.628906 3309.760498 24964.728516 42171.351562 
96382.695312 31130.681641 17130.914062 2495.023193 71172.906250 
43026.144531 8339.471680 1008.878601 1281.501709 76826.992188 
114468.789062 28893.068359 8263.155273 12054.711914 55014.390625 
235208.031250 116003.000000 61712.222656 70734.210938 36374.347656 
37723.875000 33832.234375 4647.466797 9019.384766 68929.289062 
55609.457031 29245.076172 16387.847656 4798.369629 31450.978516 
36865.101562 17170.968750 3018.401855 7966.537598 38398.851562 
168218.937500 67839.296875 18234.501953 13753.767578 48436.839844 
86699.351562 82550.960938 4854.142578 33534.859375 139149.312500 
219774.609375 1191496.750000 25022.695312 354681.687500 95842.414062 
173747.718750 59132.257812 6343.044922 3318.346191 44290.523438 
29244.324219 9251.535156 1946.382812 1296.268311 44714.914062 
152703.062500 12299.833984 21385.710938 4072.267334 28972.023438 
128904.445312 17072.482422 2797.020752 1051.998657 28741.517578 
65384.359375 16017.751953 2152.936035 3553.769775 26219.568359 
53502.339844 9038.441406 1914.419312 3802.265137 59195.589844 
30110.320312 24703.175781 2975.583496 3740.931396 63599.742188 
179221.718750 21900.824219 37608.804688 4272.631836 9459.150391 
81358.109375 34926.117188 3023.062988 7170.039551 52823.878906 
59853.968750 24177.193359 12143.412109 5925.542480 30071.580078 
24316.142578 3508.542725 2185.182373 5156.613281 35429.753906 
134258.812500 114343.804688 19403.691406 19744.966797 51854.371094 
67080.617188 24215.027344 3161.703857 2295.234375 25260.289062 
44792.246094 13938.148438 3846.253418 17013.158203 43271.800781 
137472.421875 16237.422852 5899.375000 1131.567993 41242.812500 
31350.431641 12446.205078 3833.194824 827.820496 33354.148438 
184835.015625 41071.437500 14784.709961 47213.460938 18938.250000 
54974.843750 22303.205078 3752.096191 19118.302734 49335.968750 
176933.453125 173022.812500 2295.479492 27262.289062 40107.605469 
36142.503906 13486.277344 1366.824707 2112.770264 17875.310547 
94396.242188 58345.621094 10129.378906 7292.718750 12791.699219 
81771.390625 9935.124023 7487.111816 1990.123657 24419.523438 
35743.156250 16674.384766 8750.481445 2848.413818 38872.832031 
48310.382812 16451.746094 15934.200195 14724.334961 29242.888672 
638051.375000 46574.371094 93146.992188 13989.903320 47808.667969 
307293.062500 50715.250000 5292.687988 2248.140625 46758.097656 
29896.396484 14719.405273 4946.168457 63547.843750 19795.785156 
262273.218750 83493.976562 50273.453125 11096.556641 28027.902344 
92269.421875 26679.919922 4099.245605 46798.667969 21612.615234 
65670.773438 45931.691406 4998.137695 3146.638916 27751.927734 
309724.312500 73138.273438 6516.606445 46655.609375 10541.695312 
44996.503906 14120.097656 17763.851562 19848.314453 41488.070312 
133834.734375 16478.244141 11537.087891 6876.704102 39128.609375 
30578.458984 48833.191406 1828.866333 17138.160156 36801.015625 
21551.548828 10990.922852 3073.712646 1156.340088 68380.398438 
49700.312500 26064.810547 4548.668457 12510.567383 71831.250000 
38046.382812 9632.358398 1357.894531 11533.330078 41148.398438 
93707.546875 17112.404297 1010.223877 523.805115 18636.970703 
64650.914062 26244.984375 1592.871704 30188.320312 71140.390625 
31648.972656 13481.119141 11272.014648 7552.952148 51895.148438 
35690.640625 19954.402344 4365.322266 6460.079102 33726.660156 
18043.626953 15797.639648 5032.044434 3829.669434 32786.734375 
60772.042969 51054.117188 57736.914062 7217.331543 54167.460938 
100729.234375 16999.412109 5066.275391 10696.888672 21738.886719 
355960.156250 29773.451172 20657.830078 8720.501953 15241.288086 
55204.726562 23842.613281 10142.602539 61776.671875 44199.761719 
45916.367188 25111.658203 19747.171875 5292.287109 67947.820312 
112123.054688 47011.000000 53919.949219 72651.648438 84684.000000 
1785859.375000 407934.031250 288120.406250 37725.304688 77491.539062 
123662.265625 41037.171875 7125.638672 3650.050293 43800.398438 
93362.750000 9363.796875 2258.039551 7377.704102 39055.507812 
124625.421875 20193.236328 25485.810547 5172.666016 48284.511719 
47876.324219 49184.906250 4920.714355 13238.030273 38136.023438 
84290.507812 11364.720703 5061.419434 4661.969727 46556.121094 
46468.199219 11507.308594 8576.986328 4718.212891 37766.511719 
111323.679688 20946.546875 5974.270020 937.081543 54223.738281 
252963.234375 45031.765625 4887.942871 7146.746094 47548.347656 
123071.828125 33710.953125 7492.614746 4385.142090 22080.951172 
116751.617188 15326.708984 14797.644531 4664.953125 45582.511719 
198402.875000 82470.632812 7597.201172 29886.673828 54797.148438 
240128.984375 20552.531250 5734.557129 1548.824341 46205.050781 
236910.468750 99691.531250 73988.000000 24426.371094 42211.671875 
80813.125000 12389.994141 7735.361816 5097.324219 41107.718750 
35770.296875 11608.893555 3734.373779 5239.309082 57236.183594 
231279.656250 61182.789062 7810.234863 12495.849609 38911.964844 
105719.742188 40998.511719 6716.360840 17563.740234 35931.007812 
226778.828125 18678.638672 112431.953125 44608.437500 67007.812500 
83313.007812 41260.312500 59303.027344 14609.879883 37380.113281 
159834.562500 19424.773438 878.596191 2751.092529 24972.771484 
60193.285156 25527.064453 3199.564209 8934.133789 27802.539062 
89593.945312 24539.310547 823.428650 1185.425659 65674.460938 
352926.781250 36858.957031 8272.254883 4468.546875 26045.761719 
104941.992188 39576.808594 12166.255859 37028.562500 28139.412109 
49193.726562 28166.699219 7953.582520 6861.078613 30652.521484 
99491.460938 21154.005859 20923.082031 5505.071289 22823.548828 
130449.335938 104910.375000 1465.081177 139.222473 28410.177734 
69206.757812 29397.753906 1582.934570 7648.270508 17298.052734 
20573.632812 9198.883789 2472.088379 3410.443359 41968.964844 
314048.937500 248425.453125 91182.585938 133998.843750 78592.632812 
266956.500000 31592.437500 34140.914062 16276.487305 13591.515625 
38272.460938 17488.851562 3002.972656 4607.709473 21923.199219 
148935.218750 97376.414062 5188.493164 57276.753906 63648.816406 
117558.578125 15211.139648 7871.716309 3016.054932 29224.839844 
202129.000000 50692.339844 847.057800 5102.803223 46082.207031 
392914.343750 13988.579102 6232.980469 8329.940430 37783.433594 
34894.917969 26582.412109 1748.442139 1625.245850 44226.488281 
297887.968750 41213.660156 27614.066406 4848.022949 15850.149414 
20726.457031 41023.359375 10464.246094 17910.775391 42024.812500 
52098.535156 8990.434570 4778.752930 7295.803223 43127.875000 
77772.351562 20964.839844 8351.231445 33472.796875 60651.945312 
89182.945312 33547.281250 6596.870605 17832.343750 47709.800781 
30439.201172 16517.767578 6793.082520 16448.798828 60777.023438 
19272.744141 6848.359375 2585.857422 14283.342773 64403.769531 
113773.179688 26078.730469 3199.231445 2446.934570 39595.921875 
183487.625000 34315.339844 1319.484375 6880.412109 91873.257812 
23639.042969 20904.312500 27632.746094 2166.275635 19834.353516 
28296.525391 7877.716309 5180.911133 21621.087891 40527.636719 
444048.312500 90618.453125 88867.765625 85955.187500 85387.710938 
152557.500000 21545.537109 50586.535156 159.049423 27785.500000 
15022.630859 4765.597656 2637.124023 2728.750244 54393.085938 
52515.550781 14422.433594 4616.280273 2413.750000 30622.634766 
42803.953125 21830.744141 4800.160156 5229.897461 57654.554688 
24499.185547 34230.003906 1678.166870 5325.942871 44017.906250 
38671.382812 5767.872559 1914.303833 1159.333862 22689.228516 
62739.242188 18642.398438 4931.482910 3860.747559 62573.355469 
167328.156250 17140.568359 6554.484375 4833.000000 51979.023438 
23533.027344 10265.742188 3416.804443 1090.183105 50543.574219 
591271.937500 106123.539062 6530.605957 1865.477417 31629.154297 
138685.781250 35600.484375 9860.763672 11224.250977 45015.960938 
102398.242188 41621.062500 8942.319336 4836.373047 24741.716797 
29198.103516 9068.052734 5231.355469 16046.201172 77954.367188 
49104.917969 15576.760742 5137.109375 2403.912842 32268.566406 
45831.121094 10752.594727 12728.158203 3001.417480 30179.541016 
68072.726562 9694.126953 2867.977051 2205.512451 24813.417969 
120460.195312 67093.078125 1303.068604 686.897888 46416.820312 
196288.593750 269238.875000 53556.972656 118303.523438 95976.578125 
114941.609375 27036.068359 6992.166992 514.067383 24713.177734 
69145.789062 25211.882812 11454.019531 11974.025391 41730.050781 
50260.117188 11774.716797 8884.982422 8043.992676 55582.781250 
342088.250000 82565.117188 28279.332031 21140.576172 96207.007812 
92666.898438 8469.432617 1360.265015 1631.876587 20842.046875 
87071.390625 20189.736328 4969.613281 25746.478516 27976.580078 
228550.703125 86093.281250 2970.123291 4179.685059 66045.453125 
498053.343750 298653.375000 23250.642578 1758.352051 24843.841797 
45344.179688 37279.750000 2107.338867 2426.554199 19925.220703 
48036.542969 31913.558594 2850.623291 3292.606445 33354.792969 
116390.125000 9879.007812 6386.014648 12749.539062 40296.894531 
22696.923828 20452.417969 3826.884277 6595.247559 42789.070312 
43676.757812 12588.151367 8208.889648 24387.023438 50878.648438 
74962.289062 68179.304688 1775.440430 4310.679199 32608.845703 
1419932.625000 325779.656250 139007.953125 408780.250000 189353.093750 
244032.656250 36038.976562 10050.616211 33775.265625 30724.302734 
99783.570312 50233.718750 7554.226562 15622.778320 18505.093750 
250815.734375 38323.539062 3683.698730 3041.194580 24461.822266 
62393.164062 13049.358398 1928.218384 13255.624023 49469.996094 
61520.687500 39140.019531 3814.588135 15130.170898 72146.617188 
22430.505859 21323.451172 2843.232178 3369.898438 37394.953125 
59641.492188 25169.191406 23264.408203 4228.835449 25732.941406 
298474.281250 18353.501953 12795.556641 3651.229980 16015.517578 
255045.281250 12685.992188 2958.674072 6981.007324 30185.382812 
33362.691406 12071.317383 3359.830566 2404.446289 35348.898438 
119979.000000 16434.484375 7696.004883 39208.695312 41722.031250 
145178.625000 30434.025391 6743.845215 2819.513916 48391.601562 
27387.326172 26625.619141 1240.883301 17979.708984 59935.769531 
54314.574219 92187.507812 5782.043457 34560.628906 45266.089844 
24667.478516 6742.257812 1796.954712 10358.496094 28317.875000 
170113.875000 289292.718750 27467.539062 18939.876953 45237.171875 
199661.046875 35256.914062 2011.920288 5794.408203 11181.534180 
80933.359375 91370.835938 5772.986328 11670.810547 31072.443359 
311715.843750 65126.835938 11986.636719 9701.896484 25914.931641 
27011.527344 71367.812500 5476.858398 9170.065430 20829.867188 
63881.335938 32941.789062 8365.900391 5022.957520 29562.824219 
61258.191406 15062.670898 996.065369 2392.073975 32279.103516 
38933.601562 8412.800781 9140.166016 1320.565918 37166.238281 
141133.281250 5732.157715 1460.125000 3117.422363 35615.093750 
194330.812500 23939.671875 4794.306152 1428.593628 45329.109375 
262829.312500 140854.234375 81999.156250 54940.875000 87019.867188 
118698.984375 52933.906250 6207.874023 6668.612793 27212.484375 
314016.500000 15832.024414 5078.189941 7679.568848 45960.492188 
70103.453125 40395.343750 4683.630859 4562.744141 45696.878906 
58894.601562 45109.789062 1265.348633 6115.692871 42517.593750 
38120.796875 31285.187500 2912.303955 6494.266602 50112.890625 
86822.414062 18237.843750 7994.259277 6165.467773 27290.519531 
75796.484375 21503.728516 8509.300781 9528.834961 21560.031250 
63944.800781 17191.011719 6819.931641 1807.571899 24540.152344 
23247.031250 14808.529297 4651.125977 6614.590332 42789.828125 
912994.812500 619601.437500 189886.593750 42806.156250 92141.945312 
440885.375000 547615.562500 186272.250000 71680.046875 69774.460938 
23111.292969 13104.217773 4845.801758 8187.598633 39528.812500 
25756.253906 9101.362305 5268.292969 6721.935547 31197.781250 
17511.681641 13431.990234 18859.605469 2191.236328 30576.093750 
30917.906250 51905.730469 1325.927856 3277.460693 69239.664062 
108472.609375 12783.154297 6179.918457 5865.280762 28727.001953 
141047.234375 87350.335938 27637.033203 22223.695312 45584.882812 
59893.339844 15128.219727 14569.966797 13525.979492 102023.414062 
83324.773438 64653.132812 84400.867188 6504.364746 59315.601562 
97435.429688 146770.953125 5349.140137 22350.294922 53074.769531 
49545.785156 54007.191406 8835.728516 14631.199219 25182.351562 
79564.742188 8712.642578 3723.591309 1260.043579 44906.851562 
50020.738281 36871.382812 17888.246094 2122.800537 24826.431641 
84886.671875 91771.203125 43108.519531 42707.757812 49097.453125 
174916.718750 76951.382812 34628.351562 9939.920898 69096.171875 
226765.437500 17418.376953 4804.876465 7388.259766 52048.632812 
5759883.000000 465426.656250 42647.039062 3982.467285 30813.634766 
370899.062500 59889.707031 3492.125488 31861.248047 42194.277344 
56975.378906 124750.812500 40510.863281 4353.771484 27522.093750 
87182.742188 57025.667969 17576.068359 11291.739258 34506.757812 
17023.898438 15002.223633 4737.722656 14599.262695 39974.710938 
25556.732422 6412.760254 3121.626465 4523.555664 27558.675781 
52453.824219 22053.818359 22435.666016 6986.954590 32165.724609 
68076.453125 40154.500000 6007.099121 32117.113281 77552.507812 
140237.000000 40601.796875 14023.425781 8097.948242 72186.265625 
100682.382812 30104.357422 8572.431641 21546.589844 16036.630859 
53353.656250 14256.593750 1352.195312 8877.122070 24192.082031 
84695.531250 16598.136719 24221.705078 14441.794922 58533.902344 
132159.421875 11862.211914 2183.786621 11736.786133 59709.683594 
376220.500000 40715.968750 3680.996826 24411.716797 28674.123047 
37291.054688 48675.531250 1413.331299 35889.027344 34134.453125 
247028.046875 75567.640625 26832.300781 39086.859375 54112.460938 
30530.677734 8175.364746 1774.896118 33245.199219 32682.179688 
82332.359375 15785.006836 18411.312500 25542.824219 31528.869141 
45924.230469 8510.162109 3031.008545 1898.467163 34071.164062 
96366.343750 3975.066650 4954.216309 301.685913 48459.175781 
154698.375000 290298.125000 22709.417969 139554.203125 116591.320312 
109923.351562 52468.089844 12499.054688 9422.100586 47851.187500 
196138.046875 44417.042969 40371.285156 14880.840820 54316.437500 
214917.375000 91540.960938 10540.740234 30804.664062 35712.960938 
325529.031250 12675.044922 19891.556641 2713.784180 47496.207031 
101116.468750 16481.904297 14974.008789 4593.393066 27550.408203 
231767.171875 119858.570312 28995.564453 69572.000000 41996.394531 
47041.855469 61101.820312 3897.835938 24142.423828 42241.339844 
86290.570312 11687.332031 41319.902344 5416.278320 55908.917969 
75484.578125 11652.788086 14685.584961 71705.882812 58142.398438 
100484.648438 24706.332031 3156.293945 2096.681641 30477.654297 
507311.437500 50278.605469 8694.923828 17628.607422 52677.464844 
40574.335938 24688.552734 27367.662109 4312.248047 52073.777344 
257805.406250 23640.671875 16760.722656 7256.979004 34220.890625 
265069.687500 9473.867188 18103.837891 5001.143555 51826.605469 
290531.718750 38732.722656 3175.840332 2880.879395 36506.417969 
17338.306641 12187.439453 4973.658691 20737.005859 51638.628906 
61843.171875 18240.865234 23415.695312 11022.636719 31215.388672 
55838.109375 64539.085938 4399.993164 1834.289185 15138.092773 
565347.750000 652956.437500 18335.320312 33075.769531 78508.726562 
43016.800781 13925.017578 14253.944336 5943.429688 44844.687500 
65273.312500 18092.765625 27891.878906 23397.244141 53507.554688 
31877.171875 8579.968750 13600.315430 28136.576172 41414.062500 
133980.703125 174345.312500 9273.826172 34057.835938 68652.703125 
31282.595703 16378.955078 15557.059570 8531.576172 34079.707031 
58445.761719 9528.034180 7684.444824 2972.639648 83239.734375 
76305.820312 24562.048828 4447.951172 4987.365723 55982.257812 
79544.859375 57543.593750 5097.575684 22784.662109 73577.867188 
182884.390625 35121.226562 3106.307861 926.498901 68441.398438 
272005.218750 19134.927734 1902.850464 32052.265625 44951.917969 
24639.777344 8456.368164 5304.902832 3357.387695 20279.591797 
14034.438477 11894.772461 1185.377075 1923.327881 42628.089844 
200660.718750 55689.812500 41616.671875 66218.250000 63487.257812 
78449.500000 22922.017578 23081.251953 2452.837891 24838.679688 
78165.992188 11188.000977 3244.939453 3437.914551 28259.166016 
386195.718750 66923.609375 15132.643555 745.795776 42791.156250 
246782.937500 44929.921875 2486.075928 4065.388428 62099.269531 
769018.125000 75919.585938 40874.875000 27909.466797 119650.585938 
43219.988281 10633.302734 2527.683838 5587.777832 33444.531250 
218748.218750 157846.875000 18978.265625 18672.570312 59526.765625 
187608.656250 17363.322266 4129.926270 2854.479248 61819.382812 
35085.554688 12094.961914 6332.886719 4242.241699 36310.886719 
77223.859375 16231.667969 2831.907715 1448.947876 38318.503906 
116524.578125 52929.765625 5882.105469 63575.925781 31359.099609 
44817.089844 29701.216797 18614.171875 16778.316406 64322.894531 
120152.062500 42832.847656 48519.164062 48743.921875 54139.660156 
24670.392578 8459.139648 1437.205933 4681.778320 22239.925781 
34603.035156 7920.337402 4144.211426 10013.768555 34586.789062 
27014.691406 9789.770508 3797.868164 6307.936035 40076.140625 
33096.269531 9058.596680 8287.635742 10615.556641 49974.390625 
30732.968750 15053.123047 4430.875000 28962.294922 48402.613281 
202623.718750 33364.113281 22272.566406 32300.496094 5559.190918 
26552.730469 9615.062500 1295.638062 2686.250977 47790.632812 
375643.156250 99499.390625 7594.145508 29508.955078 26598.775391 
29787.880859 22693.406250 8745.997070 4272.936035 23735.734375 
38245.355469 7856.455566 5380.160645 11873.118164 31372.519531 
25347.427734 5952.201660 7445.860352 3916.612305 36559.523438 
51547.859375 19631.291016 7944.268066 12332.308594 27885.437500 
79710.445312 6672.570801 3268.102539 813.433411 24763.806641 
187551.484375 169987.109375 51833.773438 3991.594727 54279.289062 
55381.996094 9258.397461 6875.500977 2398.450684 42678.078125 
80519.515625 33500.589844 29498.025391 39781.085938 47552.472656 
286101.187500 23362.158203 2709.903076 1214.950806 21151.333984 
36077.058594 17862.466797 3591.112549 6315.319824 30950.814453 
21626.943359 21946.070312 13833.849609 3842.027344 30159.986328 
51772.546875 30563.277344 1781.161133 1184.705811 44007.507812 
483785.968750 247035.812500 92835.609375 131442.078125 70527.351562 
129781.164062 51295.601562 22116.644531 32645.955078 74288.039062 
228886.609375 6948.102539 1413.878906 384.737579 50459.886719 
117655.953125 33922.730469 29325.464844 7267.178711 59803.921875 
55240.304688 38190.664062 5295.376953 11080.624023 51166.519531 
85129.242188 14753.670898 7659.322266 4340.225098 41011.984375 
69219.796875 8339.127930 4625.437988 4292.179199 32131.027344 
46882.304688 27146.066406 2236.062012 669.028687 20972.609375 
43246.750000 74027.421875 11824.179688 11932.537109 26374.234375 
153223.406250 150886.062500 10999.299805 45538.046875 59251.796875 
19349.613281 20706.460938 5939.220215 11551.787109 41165.726562 
97522.250000 42943.246094 9291.465820 7837.489258 38026.417969 
23557.476562 7443.710449 2465.438232 3760.113281 39190.437500 
188138.234375 93255.382812 16990.113281 2016.542847 50879.238281 
30075.195312 20001.212891 10204.096680 10351.682617 26537.322266 
282442.437500 137310.218750 18059.966797 27979.646484 56524.375000 
21478.947266 9735.792969 2078.337891 54501.238281 30636.109375 
42339.453125 9253.143555 1727.045654 4138.191895 23938.888672 
53711.246094 36698.132812 28332.277344 21227.035156 34464.628906 
92269.546875 22151.414062 13697.326172 23819.095703 27139.646484 
132614.578125 78071.890625 9651.890625 7825.646484 33912.210938 
71892.851562 6146.495605 3462.832031 1846.680298 45308.621094 
39764.617188 10557.365234 2431.191406 9085.243164 59094.113281 
795769.500000 244644.343750 31103.113281 20010.181641 53147.156250 
90700.359375 14121.337891 4698.029785 1432.140747 46473.250000 
219252.890625 93755.382812 21009.347656 25299.019531 49980.402344 
58732.402344 45317.128906 10494.605469 7996.083496 50537.578125 
23291.753906 12195.928711 1641.914062 5813.037598 37521.296875 
189722.875000 16320.598633 20503.150391 16179.247070 40055.945312 
13941.672852 3518.701660 4529.624023 1178.690186 48260.660156 
122326.835938 16007.987305 12103.340820 11790.299805 43532.281250 
81736.851562 17327.980469 1710.197144 4883.234375 24232.707031 
130217.023438 29093.169922 7903.791992 1430.151855 35860.621094 
25071.626953 19238.824219 4509.416992 5055.957520 56581.570312 
82813.093750 19783.304688 4012.431152 1865.686035 48143.148438 
75749.945312 8480.952148 3773.139648 5601.634766 39392.117188 
105190.554688 6203.842285 3381.497314 2678.284668 25666.914062 
94478.437500 35652.812500 11006.228516 35314.523438 35273.031250 
185588.968750 26386.333984 25840.224609 26046.544922 81831.125000 
51638.312500 21381.029297 6566.358887 30558.279297 54315.796875 
357127.343750 101293.031250 20419.029297 30391.742188 33171.562500 
68574.570312 5425.873535 23581.123047 2147.171387 49667.914062 
206689.937500 56775.523438 8971.476562 8411.200195 59612.863281 
63797.613281 28455.390625 8287.411133 2729.008545 33401.039062 
126588.765625 102599.976562 7584.387207 17111.251953 30093.578125 
57669.167969 14913.639648 5138.410645 6080.933105 48412.191406 
48075.164062 32411.042969 74999.742188 25864.115234 57003.480469 
61430.261719 22158.000000 9647.203125 5672.499023 46405.566406 
86243.117188 11823.973633 2282.829102 1444.343872 25169.800781 
58438.855469 23828.960938 20061.250000 23093.203125 91072.000000 
106771.648438 15774.297852 3495.512939 7883.692871 34989.449219 
145187.140625 27452.980469 4012.981689 10032.326172 31183.871094 
28470.728516 8226.474609 2012.960083 5969.762207 28748.037109 
19724.589844 12055.734375 4530.416992 4517.212891 86573.992188 
43666.714844 23213.207031 9759.282227 1694.293457 33532.082031 
113623.554688 85720.328125 6328.131348 2951.029541 38248.769531 
143428.671875 71834.484375 10260.481445 8349.355469 24853.472656 
95503.179688 27406.248047 1719.418701 2193.574951 40376.429688 
26536.035156 15534.610352 2296.817627 9999.910156 53436.484375 
22841.947266 8565.521484 9692.307617 8924.887695 22891.417969 
45575.351562 8066.041016 3983.635742 846.376953 19119.615234 
179426.796875 60214.792969 19164.585938 17165.142578 57722.605469 
548178.000000 128401.382812 10887.368164 92325.546875 68770.054688 
94317.609375 34886.613281 29122.029297 5575.727051 73858.296875 
30599.808594 11755.006836 3160.916260 9382.666992 48964.863281 
609471.562500 10229.004883 6553.078613 2478.965820 87034.671875 
594417.687500 37750.167969 2974.199707 8529.573242 16723.416016 
70803.773438 13473.865234 6875.762695 19489.039062 48667.101562 
63411.980469 30520.830078 2168.374512 2149.006592 49009.101562 
161116.906250 280329.656250 17802.222656 9165.761719 67667.679688 
196941.250000 145966.375000 5121.630371 27839.265625 36007.390625 
66654.968750 14955.084961 14049.879883 4283.687988 45454.660156 
33449.308594 13117.683594 4260.536133 3130.571289 19044.703125 
165791.843750 6796.298828 3995.749023 2783.992676 57273.027344 
301082.031250 55819.953125 4431.479492 49855.019531 46180.277344 
597594.375000 580608.812500 70159.734375 49921.781250 79165.914062 
66821.054688 83415.921875 17927.439453 43210.031250 37516.449219 
297704.906250 35459.300781 15813.245117 162121.312500 78643.257812 
58849.003906 9038.526367 3792.644043 5175.733887 60918.691406 
55201.437500 16564.867188 5742.279785 14939.888672 56667.367188 
34002.468750 8862.964844 3218.351318 5418.334473 38485.738281 
26884.554688 50769.601562 4660.412109 102221.835938 101093.062500 
199347.125000 17423.130859 3207.338867 9105.037109 51519.441406 
73016.031250 76729.757812 2704.774902 7028.685547 107013.078125 
190031.546875 15563.510742 3034.587891 1915.015259 32950.078125 
17687.908203 12860.304688 3411.535156 8027.144043 38578.281250 
717199.750000 117534.992188 19117.447266 110416.687500 67723.976562 
93182.406250 16346.250000 2413.532227 4264.165039 25801.488281 
58508.003906 29558.767578 4485.573730 2099.695068 42684.804688 
120081.515625 37254.093750 14879.839844 14267.559570 25484.636719 
335227.500000 96499.757812 36749.375000 29474.753906 51114.589844 
127383.140625 23224.609375 4320.104492 4468.023438 38683.441406 
117659.445312 50955.781250 10029.295898 14678.482422 40553.015625 
115920.859375 2848.399658 1533.769409 4015.261719 47073.976562 
126869.664062 16091.465820 5180.545410 8081.627441 55048.183594 
236976.250000 70995.398438 6462.996094 9041.755859 24284.810547 
376286.625000 183483.625000 39023.621094 177658.078125 77600.500000 
156469.734375 89326.085938 3633.424316 2919.028564 64344.929688 
84413.335938 94887.968750 18646.316406 21111.673828 42047.804688 
312243.375000 79306.656250 16017.500977 22120.416016 49232.718750 
492318.250000 210217.796875 19180.863281 66550.250000 46437.902344 
350877.343750 282287.187500 181618.437500 74918.328125 48479.960938 
551826.187500 289860.718750 13693.379883 123665.445312 72761.226562 
24208.703125 11341.904297 2259.972900 11136.654297 31733.472656 
192680.031250 52478.179688 11896.459961 2476.278320 26097.427734 
350459.093750 104181.828125 10752.132812 74793.539062 71487.039062 
174563.406250 55655.683594 2322.180664 33163.433594 51095.984375 
31169.882812 5375.970215 1626.444458 7391.609863 28158.250000 
41483.468750 17218.544922 1980.061279 1031.459595 34771.816406 
88822.171875 12837.345703 4271.728027 12800.553711 74187.804688 
18117.050781 3160.227783 1824.720825 5711.583496 37998.179688 
63950.835938 18356.599609 7881.737793 8224.843750 63763.253906 
31757.681641 15481.737305 8681.023438 16771.826172 27799.121094 
49452.039062 17160.804688 32857.492188 2673.748779 26542.214844 
180561.812500 6332.175293 11723.910156 4219.555664 34177.964844 
58493.144531 9823.761719 2485.581543 1127.967529 37203.148438 
257966.187500 42623.062500 13271.192383 15404.818359 47146.128906 
38289.632812 34658.773438 14665.346680 13284.233398 65891.562500 
146461.656250 38884.960938 8513.869141 16076.776367 54820.531250 
42538.578125 15129.885742 15715.429688 10487.506836 54846.828125 
23316.203125 5216.563965 6509.597168 8494.699219 43154.015625 
106772.242188 19370.560547 9686.569336 21113.931641 44617.519531 
64025.324219 18504.978516 28924.974609 6075.013672 41078.042969 
99539.945312 17077.009766 18323.486328 38254.015625 44302.585938 
88081.718750 21456.072266 10305.375977 4768.109375 55695.417969 
71075.125000 53450.707031 11101.237305 10773.357422 77936.101562 
126274.578125 43844.324219 62572.949219 6301.368164 62734.945312 
98471.046875 26707.453125 2480.662598 6854.733887 54504.808594 
14096.882812 4824.299316 3081.751709 3813.299072 50691.250000 
62764.269531 9914.342773 19751.150391 939.091614 36320.667969 
28224.548828 24903.277344 17073.863281 7430.277832 32801.753906 
17541.263672 18550.716797 4711.578125 2452.142334 27839.164062 
47202.867188 11690.635742 6923.651367 1097.137451 49955.113281 
19019.320312 43065.585938 1152.366089 9021.866211 22222.859375 
74741.781250 20576.228516 607.959656 6328.564941 84596.851562 
58493.550781 26541.990234 1087.170166 442.755890 27315.187500 
146164.593750 26106.494141 6984.341309 2423.704346 44939.023438 
100477.484375 102550.351562 48505.597656 15886.978516 37810.835938 
389714.812500 54997.011719 64732.960938 20282.347656 57006.890625 
19077.085938 9667.119141 3360.744385 804.559998 36463.566406 
56603.289062 41683.289062 5122.177734 18906.195312 29576.693359 
50823.421875 15550.281250 2745.412842 3716.196289 28067.568359 
84868.359375 34028.746094 23329.140625 11468.592773 32094.851562 
151372.546875 226210.515625 26023.597656 18466.511719 78656.554688 
941942.062500 717545.500000 37481.929688 38379.281250 111777.398438 
544055.375000 248884.328125 72679.476562 30146.318359 122680.000000 
111238.187500 84741.523438 8681.039062 5607.912109 41098.398438 
26558.619141 6424.568359 2744.359619 3993.402588 49862.515625 
120897.953125 8172.004395 4868.929688 25356.164062 36274.304688 
39593.925781 7626.326660 4996.691406 4615.698730 37923.378906 
249097.250000 69105.593750 10081.054688 28744.771484 63368.183594 
31507.603516 59383.406250 6381.964844 4622.946777 34371.269531 
60733.808594 5416.822754 7422.213379 2210.132080 35733.449219 
499048.500000 115733.679688 17621.261719 149025.953125 72389.835938 
84623.289062 254216.890625 20792.230469 12262.328125 60059.136719 
86181.023438 6699.108887 1091.511353 962.940979 27824.093750 
151402.453125 37274.648438 28109.197266 7797.653320 34127.234375 
303011.062500 25217.939453 55771.078125 6222.200684 31063.197266 
141298.078125 78887.375000 14387.104492 152703.562500 27493.339844 
89974.109375 22869.486328 2821.320801 3115.901855 49628.699219 
127870.867188 23078.527344 3309.815674 3122.141846 35640.312500 
258313.968750 74342.781250 12601.530273 282801.375000 29013.707031 
285601.968750 134914.703125 20003.820312 9249.019531 38501.539062 
72588.132812 31539.019531 2583.624756 2865.042236 27709.421875 
361409.093750 25892.486328 15735.465820 1250.232300 40702.722656 
37939.070312 8410.910156 3252.511230 4114.060059 64211.882812 
188849.156250 19135.705078 6787.008301 3736.157959 69017.617188 
18956.052734 15898.833008 2359.467773 20414.347656 44816.628906 
54939.207031 9860.654297 3403.692383 3198.851562 19929.701172 
220522.125000 359597.656250 14828.221680 269641.281250 114649.382812 
447509.812500 14144.484375 19585.181641 5025.767578 41376.082031 
82140.546875 9864.445312 1877.612061 2219.694092 36063.015625 
115260.812500 73727.625000 11403.702148 28006.953125 42524.164062 
106659.648438 25436.648438 5188.400879 10876.894531 95493.257812 
68762.835938 15339.628906 6312.121582 10071.755859 45409.062500 
28584.884766 23677.144531 8471.344727 27465.248047 43990.535156 
664375.062500 796662.500000 42301.253906 69493.750000 50260.179688 
35412.105469 7982.283691 3118.110352 13931.550781 51571.226562 
14676.317383 2962.623779 3468.671875 8631.926758 22550.134766 
143511.375000 12965.236328 4153.302734 560.400391 33311.792969 
623381.687500 179394.984375 74195.703125 49451.195312 59729.402344 
21475.355469 5504.975098 2597.367188 11178.825195 36459.667969 
308633.468750 42549.359375 6864.368652 3169.969238 54048.933594 
90925.234375 17744.357422 7681.087891 12914.786133 11205.084961 
13088.121094 3773.323975 3788.902588 9525.306641 33839.781250 
32592.992188 22050.673828 33201.363281 23594.865234 42741.656250 
90662.757812 30461.125000 27979.984375 27733.642578 43855.968750 
26211.439453 11714.304688 7131.178223 936.289185 43632.882812 
38680.359375 8098.883789 5346.926270 764.848633 28031.693359 
66003.187500 11258.302734 12113.357422 8159.204590 58863.253906 
26893.947266 10556.337891 1815.092407 2285.628906 32638.076172 
375624.593750 63777.503906 10474.393555 20838.408203 62166.429688 
87072.523438 45123.667969 4119.461426 1694.852905 29009.222656 
25986.683594 17266.179688 3406.666260 10978.804688 29792.400391 
21354.263672 8407.208984 3477.422363 2942.920654 27532.888672 
16186.881836 3295.987305 1479.497559 5332.231934 18034.339844 
80037.203125 8370.212891 2915.481689 2286.805176 40795.257812 
101624.679688 37295.179688 2639.686279 2375.487061 19146.652344 
173910.437500 14186.789062 35746.539062 3635.428467 24185.119141 
108922.281250 154812.609375 12355.871094 12828.640625 39095.351562 
47744.257812 39956.781250 9027.669922 17111.251953 30232.435547 
37827.882812 19512.111328 6148.681641 4109.741211 65271.144531 
112022.585938 78511.828125 2787.171143 17843.291016 82293.117188 
54969.750000 20313.929688 9982.062500 28458.623047 54011.742188 
29590.556641 3591.273926 3622.625977 11076.390625 31406.636719 
31387.488281 10137.109375 1674.316406 7124.566895 45146.355469 
45678.996094 18341.613281 7595.274414 10804.169922 62469.644531 
75842.734375 18502.451172 2218.682861 5390.065918 24068.324219 
21430.425781 8265.558594 2050.677246 3006.125000 26111.021484 
54877.488281 26795.851562 1853.898560 10699.333984 60732.292969 
254102.484375 4820.853516 4545.480957 1026.420166 35775.878906 
270573.187500 189892.343750 91642.468750 34857.601562 80629.273438 
50172.843750 25829.011719 12360.057617 3778.167236 46529.800781 
21952.507812 10321.896484 3851.825439 3911.301270 49659.113281 
297980.250000 22060.023438 48195.843750 11793.497070 33036.480469 
68061.960938 31684.744141 9014.605469 5547.650391 33755.515625 
60031.085938 60530.289062 8040.687988 6731.180176 15484.541016 
116720.109375 21487.285156 21672.000000 11696.635742 41596.546875 
956799.937500 251088.859375 53177.304688 77435.242188 54260.484375 
42429.601562 7610.319336 1634.111450 7614.060547 45341.015625 
297909.937500 60609.937500 1766.630493 572.377502 39030.730469 
181417.921875 51771.109375 9195.566406 8901.735352 36103.613281 
136778.875000 17979.501953 2723.619141 10598.125000 21628.744141 
40729.500000 4683.561035 8494.533203 4049.329102 35946.054688 
141874.796875 219135.265625 16251.153320 28134.779297 37828.972656 
207071.828125 47868.152344 3291.955811 2669.831787 45039.386719 
175159.281250 40948.656250 60298.843750 12110.761719 37305.027344 
111051.171875 24725.781250 11587.655273 16033.005859 70324.898438 
84322.210938 21819.806641 4067.229004 692.121155 37383.949219 
79414.671875 8634.295898 35941.125000 50323.773438 62317.585938 
23428.595703 25182.835938 11774.173828 14053.615234 39096.437500 
21133.619141 13425.312500 4035.620605 17662.234375 52484.437500 
39784.417969 4282.269043 1725.955811 1408.675781 23726.162109 
46282.601562 19033.443359 8688.499023 1018.540771 25134.333984 
167064.406250 7927.984375 932.555603 898.718628 44534.164062 
67616.570312 24324.033203 1031.434570 3468.471924 52224.726562 
182331.000000 68995.234375 6614.434082 51985.726562 47572.312500 
144867.609375 130677.351562 2815.867432 104047.218750 45980.535156 
27308.308594 3848.348877 3935.331787 3720.070312 21952.042969 
53359.652344 45824.843750 11876.815430 19473.500000 52285.894531 
190325.828125 124704.531250 31098.328125 14973.136719 35257.796875 
43346.976562 15381.824219 4641.510254 5794.460449 68179.554688 
38071.359375 9428.625977 7326.512207 3013.805420 29172.078125 
46437.480469 6118.723145 2290.460693 2800.587891 36225.621094 
275644.281250 104865.742188 31904.246094 108793.156250 53210.527344 
21693.263672 6934.432129 1735.833984 3318.416504 48817.816406 
54235.953125 20043.173828 18144.298828 953.015137 50250.800781 
42921.378906 20242.103516 6213.447266 16472.748047 23231.441406 
271069.718750 9783.738281 10748.510742 3343.666260 45123.992188 
192649.468750 46716.613281 4361.904297 7121.546875 44181.683594 
310038.125000 33393.179688 5613.979004 793.974915 58808.152344 
219416.484375 33341.875000 7231.021973 5717.663574 16056.199219 
802167.187500 122085.242188 32463.025391 93882.937500 61001.128906 
18083.679688 7489.578613 1133.546509 6694.356445 51728.593750 
25528.166016 5495.499512 2199.867676 2205.401367 22025.048828 
331055.062500 56020.613281 22094.960938 28108.285156 45093.601562 
26232.857422 14959.722656 4457.518066 15576.785156 27061.615234 
168859.093750 4862.131836 1457.989746 5430.370605 40277.781250 
28668.066406 16270.449219 11153.186523 9664.790039 48286.929688 
90375.406250 80053.320312 11691.384766 25579.798828 48141.492188 
56313.898438 74610.085938 19399.716797 43030.062500 66767.546875 
226128.984375 21908.968750 5096.026367 3357.001953 19557.375000 
40764.382812 38139.816406 15590.513672 5021.047852 58895.734375 
54680.574219 11321.023438 15118.793945 1307.605957 37068.078125 
20367.726562 3796.915771 2306.010498 8881.194336 32222.535156 
77014.671875 91157.835938 4918.551270 7524.976074 37360.335938 
44150.667969 40229.191406 2320.000244 5394.375488 34248.968750 
35054.738281 5519.703613 1361.535278 1997.094360 23100.812500 
75074.398438 13193.308594 8670.139648 7874.070801 44066.304688 
163893.390625 53430.757812 4407.886230 43471.277344 75939.585938 
58247.300781 17379.326172 7933.133301 4713.695312 39737.695312 
156416.890625 22331.539062 11631.949219 3518.861816 37674.960938 
22794.572266 16888.107422 3782.672363 8960.237305 52922.191406 
65544.812500 14284.665039 9867.226562 2318.718994 32073.642578 
20058.175781 11410.546875 632.696167 1151.274414 45223.847656 
35027.003906 8652.133789 3245.718018 2782.793457 16229.310547 
68368.734375 15869.360352 16176.107422 3244.971191 30279.994141 
21833.562500 6062.546875 5389.627930 9578.301758 21755.017578 
205200.843750 58961.164062 84354.171875 19096.435547 69313.546875 
90617.757812 27141.808594 16107.089844 4285.989258 27684.779297 
194161.875000 18409.755859 1033.303711 2532.858643 35645.757812 
119275.289062 15238.765625 6213.192383 56455.156250 12870.501953 
35354.128906 10306.559570 2791.153809 8250.799805 40720.500000 
77919.867188 23405.853516 16720.400391 14297.385742 43369.250000 
50115.785156 10999.332031 14930.431641 7895.591309 39657.914062 
23042.503906 9019.042969 4240.933594 2412.382324 44117.832031 
476570.187500 467754.812500 93211.789062 168120.578125 102306.328125 
202842.484375 22893.962891 1453.618286 1283.609741 33101.421875 
249471.593750 45841.976562 58240.988281 10543.944336 49454.664062 
41682.832031 27149.582031 3550.203125 15371.129883 44994.968750 
42092.406250 20852.023438 3652.856445 11691.379883 50658.437500 
91586.101562 34408.875000 12091.659180 3798.675049 54971.824219 
218476.312500 187112.406250 26359.744141 24549.978516 63802.816406 
169887.937500 12520.339844 5735.011230 7207.004883 26079.810547 
53962.609375 11820.891602 5497.340332 5554.030273 61545.738281 
128853.718750 57248.777344 30184.427734 7000.768066 37146.609375 
99269.570312 19921.197266 24171.837891 26688.578125 51415.031250 
898405.000000 21684.921875 26025.857422 3362.412109 40972.070312 
249184.328125 5295.709961 2516.931152 832.456543 38660.710938 
71281.750000 15146.409180 3296.975586 3038.053955 40728.500000 
213650.687500 423591.156250 33060.882812 54617.550781 67658.710938 
200229.640625 11342.331055 3702.540771 2691.761230 54264.578125 
112999.320312 73006.796875 3085.699463 26900.429688 48479.328125 
314692.156250 179086.578125 12264.587891 16973.005859 65028.160156 
275380.312500 23019.658203 3040.408691 3398.162598 32201.095703 
229886.031250 9937.166016 26506.056641 23103.912109 48481.972656 
130525.820312 28482.902344 6876.485352 5900.496582 82700.390625 
434051.125000 42408.335938 36814.570312 19960.878906 39930.851562 
41403.511719 11748.152344 6938.576660 11498.507812 33380.773438 
156479.187500 46883.742188 17793.767578 1531.215210 37909.417969 
254204.359375 46438.343750 10444.610352 9064.849609 62884.617188 
93522.812500 26860.972656 19056.291016 2524.047119 27711.656250 
24480.373047 11947.554688 2595.279053 14550.808594 46088.332031 
1438553.375000 147142.968750 3607.766602 34692.695312 60360.464844 
946416.312500 76536.117188 5773.630859 7634.282715 39055.187500 
113416.453125 8105.217773 7687.414551 4241.432617 29525.380859 
176861.062500 43811.390625 7121.770996 20183.171875 46421.851562 
27828.736328 9725.820312 8225.837891 7600.686523 22287.648438 
111895.617188 25133.966797 8001.918945 9828.789062 68199.640625 
71680.226562 8501.684570 4940.475098 2323.655518 35528.972656 
52882.269531 9534.007812 2679.459229 23419.343750 41419.796875 
158379.109375 13211.596680 4798.677246 456.810883 38581.296875 
45381.195312 5045.716797 1323.027344 2997.884033 38954.058594 
22864.433594 13680.183594 2013.233276 2634.327637 43056.910156 
53204.859375 22350.765625 12803.746094 3347.719238 28420.435547 
175827.343750 20698.404297 6662.362793 18384.167969 25102.929688 
70920.414062 12838.667969 3310.375732 1538.351807 58118.523438 
62636.753906 38399.398438 10579.241211 14781.635742 39848.953125 
156005.828125 24500.226562 8466.495117 5443.183105 63472.820312 
45241.750000 13381.007812 7283.274414 10953.405273 62798.695312 
79158.000000 37243.371094 2112.808594 9480.209961 19632.466797 
181481.171875 26501.580078 2903.022949 1087.068970 31503.482422 
15292.317383 13049.947266 910.137634 9041.554688 25233.896484 
223174.906250 112142.351562 16617.439453 310327.812500 65612.507812 
83340.703125 62678.097656 2769.902588 1960.755493 62081.375000 
77101.773438 18026.720703 2712.989014 876.642456 31503.033203 
125196.437500 15613.352539 3527.949707 855.199707 33333.128906 
47281.601562 11052.619141 12226.299805 5209.833496 55916.980469 
38606.000000 17711.667969 8574.509766 16225.331055 58744.066406 
43388.664062 6838.529785 16226.869141 14602.491211 62580.132812 
54611.781250 12731.322266 4535.692383 4463.860352 33379.968750 
82411.710938 20721.443359 1258.852539 3323.589600 58401.105469 
72560.968750 72036.554688 20365.884766 22817.669922 87760.664062 
127241.625000 35200.769531 15853.932617 10834.801758 31611.212891 
30692.275391 8881.976562 4427.051758 2044.860962 32446.185547 
20993.023438 10043.545898 8132.527344 4802.213379 34138.414062 
543681.187500 41491.144531 3316.489990 18118.224609 56689.621094 
50649.054688 30772.609375 3239.385986 117379.718750 57423.671875 
88512.656250 13074.446289 13902.986328 12722.750977 35062.640625 
21962.103516 5245.429688 2327.446777 7835.265625 53624.542969 
14435.208984 8953.349609 2493.731689 2413.508789 32219.718750 
43747.953125 29992.017578 1731.872803 5201.602051 42474.859375 
180438.015625 28325.003906 12120.703125 5130.299316 20071.318359 
210332.109375 4500.296875 660.533691 1867.814819 27799.955078 
1143036.375000 261628.125000 76850.187500 75980.851562 101039.765625 
95821.781250 8473.303711 9270.845703 4383.080078 39435.296875 
43558.898438 17160.369141 9349.159180 3127.579590 36644.062500 
110135.320312 60813.875000 12823.018555 5804.795410 52366.558594 
212192.796875 34752.109375 1049.121460 8658.164062 29400.882812 
70016.039062 14878.521484 7356.197754 5154.508789 22498.259766 
30798.193359 9514.969727 1611.470703 2990.144043 20507.533203 
18865.289062 32621.621094 5107.759277 3448.950195 32886.425781 
153478.875000 53624.859375 29511.603516 96837.125000 22428.453125 
26753.000000 6352.019043 11399.097656 5388.325195 30696.722656 
45242.890625 11370.166016 6807.349121 4890.487793 37913.015625 
80487.445312 4079.566895 10734.419922 13642.773438 65279.167969 
265774.750000 565500.062500 16684.052734 216565.453125 76071.828125 
56633.011719 17586.687500 1466.343262 2422.906006 31933.957031 
44167.917969 17787.902344 3980.503174 13374.636719 57022.605469 
167432.656250 31373.341797 31023.675781 30107.535156 57265.121094 
54508.261719 4704.845215 1232.701172 1200.226074 55024.105469 
29235.583984 11042.041016 2829.320312 5251.365723 37327.664062 
449051.000000 196618.875000 12660.217773 215832.968750 97497.718750 
168676.750000 24739.949219 29718.812500 4918.937988 16226.718750 
495221.187500 235357.156250 13499.063477 6029.289551 65809.234375 
90211.648438 34440.718750 6209.012207 13986.723633 25573.478516 
35783.476562 10951.641602 8199.852539 6382.653320 21461.257812 
18829.126953 5156.132324 3104.755615 4202.177246 33874.972656 
173123.906250 23279.828125 8327.623047 2702.070557 32330.664062 
56740.910156 12662.296875 6998.796875 15924.059570 45981.937500 
64654.250000 40706.542969 15570.492188 24208.656250 29046.773438 
65965.359375 6180.569824 1890.143799 1556.813965 47091.164062 
102405.609375 3049.267822 8681.901367 430.347137 43699.328125 
165130.671875 29698.349609 7511.318359 6719.447754 25228.626953 
38552.691406 14851.578125 11768.711914 2845.003418 41155.441406 
33094.308594 7880.584961 4556.890625 4092.275146 70799.828125 
117260.578125 24378.308594 48007.742188 5607.398926 27981.337891 
26264.189453 16994.839844 4050.847412 2099.092773 30986.136719 
59774.058594 28808.908203 19495.216797 40610.257812 69760.820312 
22660.708984 11870.015625 4110.635254 14588.914062 39043.574219 
403770.343750 14883.843750 1786.722900 759.830811 39948.898438 
29187.753906 36459.449219 7422.375000 2681.701660 39375.308594 
39429.558594 19115.640625 2039.039062 1784.943848 31718.900391 
67360.906250 20852.416016 8585.353516 1649.510132 33031.539062 
467899.656250 307945.812500 29418.291016 111385.046875 83532.625000 
118252.093750 36666.015625 4784.809570 16704.738281 39983.582031 
17665.011719 22836.312500 1359.520020 6166.937988 20431.726562 
32935.269531 14292.812500 7166.712891 5574.461426 57970.480469 
46864.085938 9874.655273 11173.494141 8125.238770 55239.679688 
204453.390625 55152.710938 10782.489258 33819.875000 71587.125000 
79456.390625 14712.871094 7400.088379 2279.190186 26931.345703 
30613.316406 7627.723145 1844.775635 4818.090820 24435.062500 
159859.593750 8177.019043 13055.705078 6851.820801 67749.726562 
54891.707031 22006.539062 7105.821777 3617.456055 21860.638672 
116383.210938 22474.888672 10916.215820 8702.574219 31973.359375 
233433.093750 96155.070312 4000.910889 17524.978516 56642.023438 
89893.156250 10080.979492 985.209229 1122.144165 71968.101562 
124692.843750 63015.593750 9457.408203 26734.201172 44279.601562 
28030.001953 7811.147949 3274.677246 6204.303711 32669.531250 
71061.390625 12520.792969 3458.947021 15008.156250 46481.093750 
64386.800781 47738.535156 83052.492188 26772.960938 74870.156250 
49224.925781 13585.012695 9676.117188 12191.893555 24947.960938 
166387.562500 146091.890625 21502.085938 35522.851562 56526.273438 
72436.070312 34011.906250 2881.333252 14132.685547 66288.382812 
131493.000000 37734.582031 4013.616211 34405.929688 62430.242188 
39801.292969 19626.921875 1994.934082 2019.690186 27756.542969 
58502.402344 23954.000000 5941.531250 4597.807617 51993.902344 
240326.546875 69012.500000 7241.199707 2800.991699 58766.664062 
48226.957031 65854.039062 6982.165039 77931.570312 64714.218750 
125681.023438 64022.070312 4713.959473 32317.017578 23765.072266 
107990.679688 40789.414062 9925.058594 20522.242188 26097.220703 
58453.183594 7003.283691 5059.676270 14147.862305 34423.394531 
28513.421875 20804.048828 3699.984131 6838.322754 33621.085938 
22546.935547 18048.976562 2725.153809 1011.530640 18921.691406 
145080.875000 23300.427734 18532.330078 14799.593750 20062.041016 
169623.375000 15693.393555 6805.303223 4922.116699 41088.140625 
29678.126953 10039.996094 2239.043457 5380.913086 29085.466797 
193867.515625 60513.839844 5794.559082 28863.435547 48888.531250 
168688.390625 31762.884766 9821.296875 35504.367188 48674.617188 
144458.296875 363233.843750 21923.900391 213834.296875 56354.027344 
40303.246094 56121.468750 2552.524414 9857.349609 32030.535156 
84731.820312 10146.232422 2030.044800 20701.271484 25733.611328 
50147.253906 49526.121094 7009.996582 6635.745117 53910.183594 
49975.437500 11291.377930 7257.567871 3025.858154 47468.484375 
175636.046875 91580.875000 32406.273438 14493.858398 59955.441406 
77721.382812 31592.736328 824.020630 2663.573730 23451.419922 
73922.187500 78566.906250 7018.869629 7961.428711 64190.031250 
73193.843750 40781.605469 7527.487305 5069.050781 64061.035156 
31555.525391 7557.540039 3903.831299 7311.873047 35971.343750 
61008.855469 9137.890625 10442.734375 954.238281 14190.876953 
653906.687500 47135.640625 29580.609375 11530.817383 51987.847656 
59576.195312 13704.888672 2789.886963 7157.776855 70804.796875 
197526.921875 40687.437500 26793.693359 18066.388672 71069.687500 
125717.468750 26133.798828 4013.352295 13059.356445 45180.812500 
20594.107422 23593.468750 7458.289551 10813.865234 50399.433594 
120244.539062 28533.533203 15087.785156 9249.302734 53699.582031 
182597.375000 6144.695312 1337.128540 686.067383 33755.148438 
256891.921875 281269.531250 29461.457031 162765.734375 31814.886719 
129673.351562 34399.570312 650.895752 5871.256348 31002.935547 
179803.718750 130113.500000 9821.344727 113969.187500 44480.531250 
124218.648438 67830.343750 7090.710938 11356.449219 44822.179688 
55127.960938 19403.279297 5137.916504 7298.493652 21363.044922 
58484.578125 16871.181641 9967.186523 7592.746582 68056.242188 
128577.945312 20732.216797 10407.604492 10217.001953 27554.343750 
112929.351562 33177.593750 13950.604492 10249.662109 99393.242188 
466936.312500 186440.390625 52444.550781 59612.847656 80788.851562 
222784.109375 132822.328125 47286.000000 80273.515625 103141.960938 
18949.507812 5537.082520 2650.846191 5205.553223 28363.398438 
54559.503906 52398.023438 8317.847656 10159.361328 73195.195312 
115755.609375 17988.832031 3290.108398 3451.528809 38025.492188 
43503.453125 26775.802734 5185.573242 23461.988281 47779.679688 
502056.937500 913845.437500 154438.906250 294848.750000 77268.289062 
38794.742188 34972.996094 17542.302734 8230.845703 44786.097656 
25419.898438 14198.201172 6747.198730 7712.818848 28049.128906 
51385.578125 6721.532715 3761.745850 2659.357422 27914.396484 
928323.812500 189656.390625 63940.632812 27655.208984 147549.812500 
559569.500000 59314.046875 184796.656250 12670.162109 99381.484375 
42358.679688 9006.117188 2524.697998 1684.522095 46212.515625 
41438.226562 18185.611328 14834.512695 9938.298828 22126.031250 
28038.423828 12074.916992 12744.918945 3881.657715 52740.929688 
136852.437500 132220.515625 7868.955078 132567.234375 36730.242188 
34242.062500 14806.785156 5112.704102 2708.424072 31269.988281 
32293.601562 22938.816406 4666.483887 7194.973145 38280.406250 
142191.875000 10280.969727 11822.081055 2157.902344 54335.433594 
2273523.500000 491334.781250 704227.875000 20935.890625 164777.765625 
53871.851562 48563.796875 17296.439453 25105.544922 61883.082031 
45200.074219 11805.341797 7739.560059 7090.769043 38925.808594 
55929.117188 7673.279785 4178.191406 6274.234863 34454.613281 
187189.921875 24095.404297 6187.609863 2881.273682 37420.492188 
73700.835938 37405.070312 15874.711914 7115.245117 74020.000000 
490339.031250 33612.199219 11899.144531 9012.872070 38893.582031 
480444.250000 542050.062500 116261.039062 139890.000000 92182.359375 
64128.992188 37974.304688 12778.407227 3996.621826 35613.367188 
53297.820312 17910.714844 18941.166016 53425.429688 42475.464844 
19942.833984 6597.170898 2254.980957 6344.044922 28146.119141 
193071.328125 12231.539062 3306.393555 684.674622 34558.750000 
109474.570312 54223.210938 4293.354980 117095.937500 38913.957031 
64087.988281 23920.509766 5494.247559 100873.406250 32399.451172 
244744.625000 23406.451172 19248.056641 14571.810547 51598.785156 
81204.265625 8108.673340 1478.128296 971.462952 36332.050781 
50215.730469 52781.796875 22758.666016 5380.441406 66057.578125 
39349.835938 30958.519531 5948.658691 3210.139893 29666.466797 
183176.234375 18771.546875 5624.420898 10120.764648 43860.347656 
40891.460938 9095.709961 3982.239502 4336.274414 54775.710938 
40236.125000 16985.921875 12795.189453 6503.007812 55431.464844 
139046.484375 159770.937500 83178.039062 189801.640625 59880.277344 
34047.632812 6750.188477 6507.187012 4464.004883 20722.339844 
59111.003906 38314.097656 16048.388672 11420.035156 87325.296875 
116269.968750 8113.426758 11063.012695 7660.159668 35029.382812 
81848.484375 32383.736328 2009.347412 3144.380859 31113.468750 
180893.078125 62106.410156 10127.270508 9512.787109 35927.398438 
187729.843750 93020.812500 50449.335938 20368.349609 32823.828125 
16978.126953 2982.648438 1402.370605 1892.251343 23713.640625 
75033.460938 36589.906250 2137.123291 996.778442 26850.294922 
22953.244141 14000.539062 3041.934082 9671.461914 34457.933594 
