83.995361 54.322735 60.785164 45.238655 55.818867 0.000000 
86.922699 67.399742 55.477806 43.383644 54.850513 0.000000 
84.621490 62.289536 66.032097 43.632729 45.206501 0.000000 
89.245926 54.854977 62.865170 45.255409 51.058968 0.000000 
77.848061 62.443729 57.658981 60.387310 55.834450 0.000000 
83.823021 48.998783 44.110382 45.244774 39.011871 0.000000 
79.986237 62.640816 55.265545 51.218105 48.568165 0.000000 
82.285576 55.743401 60.527195 39.079346 44.223969 0.000000 
83.595085 56.235237 53.127441 47.077843 45.074043 0.000000 
86.720612 55.996494 61.635555 44.712883 50.162273 0.019782 
76.898430 54.285034 49.657356 40.126522 46.776367 0.000000 
92.924683 47.411366 60.039707 39.564972 37.079170 0.000000 
89.806236 67.483528 61.058842 50.772400 47.978886 0.019782 
84.607002 72.405319 69.486588 65.563225 68.030899 0.019782 
88.022041 55.631367 60.163361 46.244854 51.272297 0.019782 
86.604095 45.533237 61.679272 46.851196 63.229546 0.000000 
88.584511 69.200279 63.120617 53.177422 56.263390 0.000000 
86.878296 63.205200 60.566051 56.275467 61.250977 0.000000 
86.478699 52.728409 53.391479 44.464478 56.291336 0.000000 
92.134911 50.682789 53.505142 41.773460 47.090393 0.027976 
87.477997 52.246082 61.498951 56.820507 77.127068 0.019782 
80.086006 57.235760 59.958389 37.864170 62.450916 0.000000 
83.638405 55.473370 64.858315 49.124447 47.936745 0.000000 
91.889137 56.931278 56.978191 41.078423 48.846107 0.000000 
79.565681 68.399643 63.442101 62.660179 67.949860 0.000000 
89.968140 65.901924 58.195736 54.695183 49.793243 0.000000 
83.791832 61.411541 65.000870 47.434780 51.708515 0.000000 
83.715843 49.970604 44.796028 43.900063 48.431423 0.000000 
85.342308 62.041992 62.592808 49.976234 53.918068 0.019782 
83.387611 50.821823 55.541004 46.069870 57.045689 0.027976 
70.050331 49.523239 44.715698 39.473110 46.399445 0.027976 
89.235603 61.543190 65.776535 47.385258 45.074551 0.000000 
86.212959 45.693390 53.536476 36.292057 45.670773 0.000000 
90.875954 60.902622 54.955368 40.403111 60.420547 0.000000 
90.304436 58.219383 60.941841 45.747562 46.762012 0.027976 
84.507858 65.100555 50.969849 47.742039 50.223503 0.000000 
83.469162 49.983620 48.424461 40.149151 46.995800 0.000000 
83.629204 46.207588 45.218033 41.667217 41.025406 0.000000 
87.258293 59.463200 55.500854 42.181274 53.524689 0.000000 
86.606400 66.856850 60.036800 41.322441 37.914551 0.000000 
85.990173 61.992077 56.147358 54.599438 57.852139 0.000000 
85.430969 57.854343 65.875984 50.776016 55.135937 0.000000 
82.666504 51.504379 68.670509 48.474884 60.600395 0.000000 
85.108322 55.934071 48.786259 40.392593 54.209347 0.000000 
86.701042 62.150043 61.441208 60.262745 57.185616 0.034264 
91.606857 58.559418 64.799507 53.347485 52.519138 0.000000 
81.573326 39.125118 53.095978 32.742161 55.036106 0.000000 
80.293640 49.818970 51.977531 40.521095 60.409325 0.027976 
79.894493 54.300549 45.652607 47.949707 42.511864 0.019782 
90.333641 75.988907 77.985222 67.460571 59.744034 0.039565 
