48552.839844 4893.339355 5258.656250 5454.967285 67739.781250 
68046.359375 5909.200195 5518.195801 6317.942871 81104.789062 
58787.660156 5340.499512 4650.604980 3954.432861 76371.218750 
61228.667969 4547.910156 4659.477051 4226.093262 68303.203125 
55268.468750 4956.350586 3950.682861 4590.205078 74189.203125 
59151.863281 5407.657227 4484.937988 5779.661621 53421.332031 
60899.171875 4992.870605 4782.410645 4128.687012 84537.781250 
60657.484375 4945.919434 4169.864258 3941.306152 46941.816406 
57019.546875 5632.341309 4512.322266 4188.221191 85189.625000 
61899.808594 5226.287598 4992.840332 3693.441406 41774.773438 
67109.523438 5383.450684 5046.922363 5389.486816 65912.148438 
59612.175781 5291.034180 5012.009766 4891.615723 67492.656250 
53185.378906 4515.246094 3856.998779 3820.743164 34999.257812 
55027.812500 4237.090820 4390.962402 3978.010986 62542.417969 
75812.335938 7834.679688 5056.605957 5543.457520 58372.281250 
45673.742188 3861.230713 3594.386230 3647.544678 37886.207031 
59559.906250 5423.979980 5057.383301 4917.407715 53196.503906 
56865.300781 4656.684570 3989.553223 3155.111572 53732.281250 
55986.531250 4471.429688 3728.954590 3758.138916 49978.828125 
51751.710938 4893.011719 3541.712891 3352.243164 82736.968750 
