86.267105 55.282787 82.022385 88.513138 76.059845 0.000000 
88.621788 92.650543 80.673935 91.540596 82.330688 0.019782 
89.447105 77.664894 85.061905 89.897186 89.052025 0.000000 
89.994911 94.258835 81.455177 86.141144 95.337837 0.000000 
77.083443 72.024185 78.262283 91.162498 81.751167 0.000000 
89.407402 66.608017 80.202225 80.639503 89.972664 0.019782 
90.398216 67.345840 80.700706 90.556427 91.765404 0.019782 
89.592453 81.229233 87.559921 96.752022 96.089188 0.000000 
104.033302 96.422340 70.624275 114.558098 78.547981 0.034264 
93.393623 74.489006 68.992050 92.803986 76.827065 0.019782 
88.598518 86.787552 88.314095 82.029762 87.960533 0.027976 
82.208588 85.280495 84.635254 86.158913 91.679390 0.027976 
89.012138 103.208900 102.390594 99.913239 106.168060 0.034264 
86.253891 79.753197 65.412270 79.842735 79.061989 0.019782 
90.180214 76.624123 86.895874 87.505798 82.873199 0.000000 
91.531654 66.407524 72.392326 93.955490 80.168983 0.027976 
86.785057 79.972382 78.055397 78.491768 95.056549 0.000000 
91.448677 92.334625 92.309128 88.284012 97.307060 0.000000 
86.031479 90.295654 102.833069 87.724525 109.016273 0.019782 
93.175743 87.786987 89.196106 99.439972 98.497810 0.019782 
