17241.673828 1340.972656 1282.025635 1105.728394 230713.734375 
59460.296875 1725.123291 1822.493286 751.509277 269709.000000 
43145.882812 1895.295532 1293.625854 849.009399 188205.234375 
58016.898438 2273.588623 1340.151611 1484.570190 272136.562500 
15687.755859 1510.718750 1090.832153 1381.936279 170057.218750 
24437.123047 1434.826294 1002.933960 863.267090 176370.437500 
46184.628906 1519.182251 1623.573486 1202.226440 234586.093750 
63582.953125 1462.890015 470.140686 1585.234741 198386.125000 
103230.523438 4393.061523 2610.018066 3462.838379 435383.781250 
31601.355469 1341.526978 905.240784 1385.792480 224308.734375 
150344.718750 5280.782227 799.889221 2794.662354 291351.812500 
37577.382812 957.585938 899.440125 1016.360840 257578.250000 
19125.337891 1590.274536 1148.413696 792.792114 122230.726562 
19596.937500 1723.181885 1493.358521 871.364868 183205.531250 
112844.718750 1061.248291 1210.162354 2174.173828 279052.187500 
17905.751953 1196.753662 1668.168335 925.334534 195415.671875 
100072.593750 2057.191650 2007.652100 1005.988342 194096.156250 
22080.578125 1278.981567 994.359741 438.288025 218144.750000 
20260.757812 1808.326782 1220.294434 1286.856934 237036.531250 
33749.972656 2456.068115 1409.012817 857.130676 284872.781250 
