5963.126465 2379.149658 1970.915405 2774.214600 207511.921875 
9273.628906 4357.083496 2613.859131 1668.460571 410883.031250 
11301.408203 15551.588867 3631.112061 2181.165039 328370.625000 
10282.939453 3738.804443 2084.928711 1760.397949 249332.875000 
7063.947754 3350.468506 3333.779541 1798.097900 452495.343750 
7965.124023 6885.824219 2563.299561 2700.281982 249222.656250 
7028.782715 2946.084229 2221.710938 1590.776855 413105.125000 
8404.584961 4935.090332 2637.971191 1708.437134 404121.718750 
5420.257324 3745.643555 2625.707520 2878.025146 309199.406250 
6189.524414 3643.957275 1621.552246 1360.201172 231290.484375 
3809.801758 2932.208740 2390.267578 2525.700195 285265.250000 
5577.631348 2973.257812 1816.368652 1757.869019 300610.531250 
6570.481934 3124.025879 2106.909668 2223.665039 313536.437500 
5168.264160 2536.785889 1759.373047 1621.288330 310328.343750 
7484.450195 3108.911865 1681.364136 1421.620239 255419.406250 
9197.246094 3213.132812 2415.626221 3016.026123 291055.062500 
5077.546387 2506.497314 2473.961426 1710.768555 224512.578125 
5709.813477 2326.459229 2069.566650 1909.951782 264354.312500 
7178.382324 3052.661621 3133.727539 2452.779541 381470.906250 
7559.460938 3591.805664 2251.930176 1922.646362 364385.406250 
