3.659811 
3.828809 
3.740143 
3.837233 
3.794277 
3.838575 
3.776967 
3.725544 
3.822870 
3.320972 
3.689393 
3.876956 
3.370356 
3.302436 
3.146847 
2.941936 
2.701150 
2.895083 
2.871164 
2.689838 
2.933827 
2.263589 
2.723846 
1.978265 
2.789895 
3.176945 
1.821915 
3.341236 
2.948122 
3.616693 
2.119132 
1.828371 
1.958267 
2.409722 
2.185294 
2.367327 
1.473789 
1.975202 
2.208092 
1.874474 
1.989691 
2.125949 
1.817079 
2.278001 
1.889006 
2.775402 
1.879164 
2.212155 
2.093363 
1.892635 
1.584682 
1.974022 
2.095537 
1.860963 
1.828261 
1.143732 
1.484642 
2.198552 
2.212224 
1.846744 
1.448624 
1.773889 
1.786587 
1.714427 
1.697928 
1.991042 
1.544464 
1.805699 
2.025913 
1.708889 
1.932607 
1.781585 
1.635805 
2.083834 
1.860368 
2.410648 
1.907853 
1.521563 
0.949755 
2.254830 
2.142753 
2.084283 
2.054696 
2.106906 
1.793815 
2.037214 
2.562992 
2.118239 
1.991735 
2.076864 
1.780807 
1.557871 
2.159911 
1.955567 
1.634180 
2.354824 
2.265028 
2.111774 
2.221929 
1.546972 
1.857970 
1.843469 
1.437391 
1.877172 
2.265554 
1.951845 
1.873549 
2.022381 
1.988744 
1.862756 
1.648453 
1.912162 
1.726295 
1.779935 
2.765535 
1.904142 
2.201972 
1.941956 
1.839475 
2.074661 
1.984395 
1.420602 
1.473428 
1.920587 
2.652487 
1.959127 
2.489610 
1.923262 
2.267177 
1.744992 
2.146593 
1.917055 
2.064519 
1.799070 
2.034963 
1.764848 
1.706875 
1.768216 
1.817489 
1.603191 
1.816758 
1.919482 
1.782130 
1.731914 
1.860476 
1.644507 
1.977207 
2.493830 
1.797693 
1.801171 
1.890540 
2.020362 
2.117376 
1.751907 
1.995570 
1.853260 
1.812454 
1.974954 
1.766333 
2.149633 
1.791886 
1.532418 
1.583738 
1.892662 
1.777237 
2.104980 
1.929106 
2.254044 
2.070570 
1.880139 
1.900843 
1.872591 
1.762907 
2.224986 
1.981879 
1.832287 
1.564163 
1.984836 
1.828405 
1.787839 
1.723054 
1.884392 
1.933966 
2.072393 
1.502348 
1.675251 
1.790112 
1.829202 
2.038221 
1.595873 
1.641826 
1.476105 
1.855118 
1.764342 
2.008735 
1.709571 
1.853189 
1.758531 
1.503509 
1.719642 
1.408810 
1.812945 
1.905221 
1.402245 
1.703526 
1.398185 
1.900013 
2.114182 
1.754067 
1.690000 
1.800071 
1.907272 
1.940825 
1.837470 
1.842771 
1.701064 
2.031653 
1.688334 
1.888792 
1.824542 
1.768336 
1.707777 
1.672424 
1.849019 
1.918100 
1.626738 
1.716336 
1.422899 
1.589698 
1.833026 
1.738052 
1.431528 
1.775024 
2.022565 
1.725863 
1.650586 
1.487684 
1.737002 
1.868309 
1.357576 
1.384655 
1.654656 
1.787252 
1.689746 
1.692671 
1.605602 
1.701262 
1.714589 
1.731668 
1.569806 
1.700571 
1.610571 
1.779454 
1.674072 
1.697752 
1.408612 
1.769806 
1.553979 
1.305389 
1.629279 
1.585063 
1.371379 
1.913081 
1.702125 
1.663162 
1.620652 
1.830641 
1.585486 
1.830873 
1.624757 
1.608099 
2.069215 
1.687016 
1.508026 
1.852445 
1.637811 
1.806738 
1.640101 
1.641592 
1.544278 
1.778543 
1.780419 
1.641933 
1.409803 
1.770812 
1.659197 
1.667673 
1.806036 
1.985232 
1.680989 
1.918186 
1.725096 
1.707596 
1.664295 
1.785348 
1.731499 
1.830111 
1.389155 
1.717049 
1.935557 
1.748854 
1.351979 
1.991330 
1.648058 
1.501372 
1.749081 
1.288005 
1.909649 
1.432871 
1.685145 
1.365444 
1.629690 
1.400601 
1.710638 
1.621090 
1.708193 
1.685323 
1.681016 
1.631289 
1.657513 
1.978197 
1.589473 
1.686495 
1.151255 
1.614681 
1.581081 
1.416444 
2.279614 
1.750145 
1.787294 
1.682696 
1.734059 
1.641190 
1.350148 
1.558301 
1.651697 
1.610185 
1.679362 
1.698734 
1.292916 
1.728793 
1.572353 
1.301350 
1.696535 
1.639387 
1.586399 
1.695989 
1.640336 
1.751374 
1.950436 
1.318054 
1.797191 
1.738908 
3.012786 
2.477648 
1.855137 
1.730583 
1.733854 
2.109888 
1.374101 
1.719766 
1.735841 
1.432169 
1.790760 
1.755558 
1.681818 
1.745746 
1.612835 
1.796560 
1.851459 
1.923667 
1.562575 
1.950013 
1.491836 
1.397127 
1.896298 
1.864747 
1.934013 
1.735390 
1.738566 
1.663995 
1.573550 
1.634006 
1.798617 
1.681143 
1.705846 
1.712777 
1.767114 
1.477966 
1.348040 
1.757738 
1.830798 
1.744588 
1.672214 
1.680309 
1.909373 
1.828530 
1.663353 
1.776566 
1.621102 
1.441266 
1.657049 
1.712499 
1.646308 
1.577633 
1.744633 
1.638575 
1.821515 
1.686286 
1.087541 
1.687894 
1.374894 
1.770632 
1.820568 
1.609007 
1.666360 
1.643039 
1.695104 
1.619931 
1.705292 
1.599209 
1.613884 
1.648801 
1.633092 
1.725378 
1.635803 
1.661653 
1.681596 
1.581872 
1.385232 
1.620734 
1.692023 
1.623916 
1.754026 
1.513107 
1.740742 
1.733324 
1.605724 
1.644761 
1.645565 
1.368362 
1.614054 
1.549943 
1.800229 
1.795945 
1.671157 
1.656216 
1.800217 
1.817439 
1.828631 
1.825283 
1.869398 
1.793483 
1.776215 
1.910185 
1.317640 
1.695956 
1.631729 
1.742514 
2.257925 
1.037956 
1.380408 
1.477193 
1.756401 
1.565316 
1.749679 
1.776295 
1.732195 
1.777051 
1.688092 
1.598974 
1.674524 
1.686931 
2.003522 
1.521850 
1.666519 
1.661180 
1.739667 
1.645195 
1.622501 
1.647015 
1.690580 
1.626856 
1.588177 
1.972292 
1.665217 
1.861331 
2.168398 
1.647373 
1.832354 
1.578670 
1.819760 
1.738383 
1.364015 
1.362863 
1.688341 
1.357393 
1.669494 
1.574020 
1.649570 
1.572078 
1.711743 
1.853218 
1.777756 
1.844020 
2.183031 
1.515662 
1.899934 
2.849149 
2.979709 
1.746955 
1.436318 
1.516374 
1.880280 
1.836615 
1.732681 
1.772759 
1.893348 
1.944611 
1.929255 
1.682154 
1.748113 
1.731465 
1.511135 
1.714532 
1.780531 
1.498350 
1.485476 
1.819643 
1.513504 
1.459968 
1.840292 
1.785695 
1.462918 
1.787743 
2.010641 
1.720726 
1.907898 
1.976627 
1.698454 
0.936908 
1.825718 
1.875788 
1.778189 
1.942423 
1.594974 
1.499819 
1.705574 
1.975380 
1.392462 
1.386036 
1.898617 
1.630092 
1.444988 
2.010769 
1.521652 
1.818193 
1.789228 
1.788186 
1.904696 
1.973498 
1.820564 
1.821129 
1.556962 
1.835354 
1.781012 
1.779036 
1.749146 
1.919385 
1.767618 
1.699754 
1.913563 
1.919372 
1.841335 
1.499141 
1.500009 
1.862776 
1.895992 
1.889920 
2.144973 
1.937820 
2.203062 
1.817655 
1.499714 
1.556792 
1.812162 
1.912097 
1.831049 
1.812246 
1.925424 
1.753219 
1.896826 
1.676794 
1.699775 
1.870374 
1.761460 
1.780394 
1.403929 
1.693149 
1.846573 
1.877400 
1.751839 
1.761658 
1.575387 
1.754354 
1.456187 
1.789587 
1.481758 
1.810710 
1.686055 
1.747315 
1.696374 
1.806541 
1.694484 
1.863436 
1.887300 
1.749771 
1.781261 
1.762920 
1.867193 
1.775942 
1.444422 
1.771344 
1.755618 
1.759629 
2.014420 
1.431443 
1.793641 
1.784047 
1.405074 
1.763171 
1.748660 
1.445839 
1.780199 
2.055019 
1.698720 
1.808905 
1.792431 
1.978740 
1.640479 
1.732705 
1.799654 
1.773883 
1.437360 
1.747900 
1.434602 
1.449069 
1.515363 
1.482664 
1.496018 
1.600902 
1.753355 
1.920245 
1.656102 
1.932231 
1.848150 
1.761369 
1.684600 
1.544268 
1.658112 
1.708920 
1.817576 
1.911754 
1.696326 
1.336323 
1.759560 
1.481972 
1.347755 
1.716530 
1.780680 
1.838207 
1.727578 
1.702321 
1.734372 
1.753259 
1.616482 
1.689148 
1.534343 
1.982394 
1.593564 
1.692035 
1.776968 
1.550946 
1.690657 
1.844342 
1.797630 
1.804142 
1.603016 
1.766914 
1.660497 
1.776724 
1.821527 
1.803342 
1.608577 
1.733948 
1.796137 
1.788579 
1.732960 
1.795780 
1.681920 
1.413046 
1.727656 
1.378757 
1.730174 
1.736939 
1.807190 
1.861619 
1.662881 
1.589928 
1.605888 
1.803597 
1.689874 
1.951039 
1.738563 
1.850544 
1.897348 
1.686723 
1.733992 
1.622281 
1.535798 
1.627123 
1.672718 
1.903105 
1.589752 
1.557785 
1.316201 
1.637602 
1.831150 
1.789269 
1.754943 
1.895976 
1.758306 
1.717767 
1.747248 
1.665015 
1.723964 
1.436507 
2.086014 
1.710248 
1.373390 
1.744999 
1.638656 
1.697993 
1.651302 
1.785316 
1.624258 
1.192250 
1.680577 
1.803715 
1.785151 
1.683863 
1.651812 
1.804146 
1.582178 
2.005339 
1.690001 
1.159116 
1.709148 
1.639815 
1.734668 
2.062462 
1.593947 
1.927822 
1.656645 
1.661031 
1.493490 
1.681842 
1.586047 
1.642138 
1.782517 
1.929913 
1.541612 
1.675016 
1.614173 
1.616007 
1.673044 
1.666611 
1.606580 
1.601222 
1.751345 
1.818388 
1.700363 
1.690888 
1.714542 
1.387281 
1.811161 
1.786344 
1.549426 
1.577466 
1.708914 
1.201667 
1.803777 
1.697096 
1.581042 
1.769753 
1.785843 
1.677584 
1.756035 
1.926566 
1.700656 
1.427873 
1.726719 
1.611192 
2.156867 
1.727383 
1.742569 
1.803610 
1.797286 
1.777637 
1.714763 
1.805708 
1.666873 
1.794404 
1.650903 
1.920776 
1.760008 
1.582686 
1.663443 
1.329597 
1.685716 
1.819715 
1.729831 
1.740193 
1.712488 
2.021203 
1.695220 
1.699380 
1.680865 
1.666021 
1.733397 
2.032368 
1.338522 
1.666149 
1.574241 
1.412566 
1.150768 
1.491146 
1.583431 
1.656263 
1.645839 
1.464542 
1.505059 
1.569074 
1.698510 
1.569947 
1.650870 
1.626747 
1.691043 
1.622262 
1.810482 
1.786787 
1.533369 
1.726060 
1.639474 
1.394278 
1.745175 
1.674005 
1.774053 
1.632692 
1.581711 
1.651516 
1.666931 
1.539364 
1.902590 
1.421219 
1.630076 
1.546576 
1.398991 
1.255446 
1.722341 
1.880193 
1.328373 
1.784126 
1.599622 
1.560605 
1.615902 
1.939417 
1.645993 
1.551563 
1.754630 
1.603831 
1.655620 
1.599807 
1.680749 
1.617774 
1.343226 
1.561144 
1.701978 
1.791803 
1.341102 
1.627708 
1.517292 
1.434877 
1.398440 
1.610881 
1.504171 
1.692275 
1.774669 
1.598059 
1.673730 
1.112241 
1.717045 
1.140148 
1.675062 
1.682833 
2.292599 
1.736575 
1.470522 
1.345551 
1.695984 
1.599312 
1.550607 
1.573159 
1.681960 
1.624366 
1.594737 
1.849984 
1.577854 
1.509044 
1.638647 
1.365019 
1.613741 
1.506044 
1.670164 
1.511003 
1.556108 
1.846022 
1.312111 
1.609206 
1.446894 
1.631622 
1.596720 
1.627336 
1.879850 
1.390640 
1.595684 
1.644436 
1.362302 
1.662040 
1.724294 
1.637419 
1.481945 
1.660061 
1.726551 
1.585515 
1.543970 
1.615184 
1.661603 
1.860307 
1.281348 
1.868852 
1.636637 
1.634418 
1.654572 
1.775847 
1.521343 
1.659085 
1.641172 
1.735331 
1.690741 
1.674878 
1.770708 
1.662344 
1.381888 
1.608640 
1.572073 
1.532001 
1.653630 
1.429108 
1.755124 
1.273587 
1.774322 
1.713599 
1.650094 
1.952357 
1.692830 
1.756643 
1.740983 
1.558952 
1.703950 
1.569333 
1.316023 
1.611927 
1.378340 
1.586212 
1.754283 
1.553608 
1.756220 
1.461174 
1.396618 
1.336584 
1.794828 
1.317283 
2.174572 
1.442165 
1.633556 
1.696484 
1.705764 
1.494208 
1.526542 
1.353154 
1.691070 
1.561252 
1.743786 
1.698686 
1.648230 
1.610464 
1.692818 
1.287493 
1.681002 
1.821651 
1.777152 
1.653558 
1.800216 
1.684249 
1.369840 
1.485274 
1.781490 
1.606954 
1.568757 
1.653900 
1.515264 
1.517529 
1.653421 
1.604648 
1.432244 
1.726382 
1.710187 
1.611685 
1.517147 
1.811254 
1.600478 
1.735852 
1.625724 
1.565026 
1.609576 
1.612959 
1.419187 
1.632948 
1.357155 
1.671435 
1.626070 
1.593112 
1.317751 
1.554225 
1.300631 
1.645913 
1.780789 
1.503768 
1.816483 
1.684948 
1.602359 
1.721817 
1.667085 
1.800038 
1.560935 
1.742152 
1.641184 
1.740778 
1.686721 
1.548008 
1.619968 
1.671112 
1.749574 
1.518958 
1.663189 
1.638999 
1.458291 
1.709052 
1.842931 
1.149386 
1.550406 
nan 
