Episode: 1: [[-0.00207494 -0.02294849 -0.20199393 -0.24610561 -0.03398871  0.01158918
  -0.01423545]
 [-0.00217831  0.10189622 -0.23366624 -0.23762497  0.04932126  0.02629882
  -0.02491874]
 [ 0.1366886   0.26887077 -0.25589183 -0.1803069   0.10546624  0.00897336
  -0.00933494]
 [ 0.35096595  0.3605052  -0.25672004 -0.02315263  0.10444792 -0.01124624
   0.02604556]
 [ 0.2248835   0.08695371 -0.11192833 -0.03499751  0.0332895   0.01469763
   0.0154032 ]] 
Episode: 11: [[-0.00575709 -0.01963083 -0.19839852 -0.2421094  -0.03591078  0.01350968
  -0.01064711]
 [-0.00586441  0.10528844 -0.2300793  -0.23363788  0.04729741  0.02739176
  -0.02133248]
 [ 0.13300711  0.27241793 -0.25229228 -0.1763653   0.10318266  0.00820287
  -0.00575728]
 [ 0.3490358   0.3642126  -0.2531359  -0.01927409  0.10160043 -0.01170043
   0.0296359 ]
 [ 0.22110505  0.09047586 -0.10827477 -0.0309383   0.03101003  0.01374736
   0.01897445]] 
Episode: 21: [[-0.00751815 -0.0181543  -0.19650505 -0.2400414  -0.03905315  0.01123154
  -0.01038479]
 [-0.00757214  0.10690118 -0.22820047 -0.2316727   0.04425451  0.02473133
  -0.02102621]
 [ 0.13164952  0.2743424  -0.2504326  -0.17462602  0.10033761  0.0050726
  -0.00539162]
 [ 0.3503002   0.36669853 -0.25134036 -0.01785775  0.09884994 -0.01490022
   0.03000347]
 [ 0.21967201  0.09244329 -0.10632731 -0.02929976  0.02835448  0.01061994
   0.01910518]] 
Episode: 31: [[-0.00889836 -0.01695522 -0.19520956 -0.23735735 -0.03912039  0.00690984
  -0.011231  ]
 [-0.00894621  0.10818674 -0.22690827 -0.22903518  0.04423085  0.02027903
  -0.02183437]
 [ 0.13029034  0.27578986 -0.24912246 -0.17204744  0.10039281  0.00056107
  -0.00613184]
 [ 0.34985238  0.3683904  -0.250063   -0.01545416  0.09900157 -0.01941862
   0.02925861]
 [ 0.2180201   0.09393718 -0.10481346 -0.02687794  0.02837672  0.00715379
   0.01825483]] 
Episode: 41: [[-0.00692223 -0.01892276 -0.19322641 -0.23536982 -0.0371389   0.00491973
  -0.01322529]
 [-0.00696866  0.1062189  -0.2249272  -0.22704858  0.04621284  0.0182853
  -0.02383194]
 [ 0.132475    0.27382147 -0.24714574 -0.17006207  0.10237627 -0.00142939
  -0.00813768]
 [ 0.3478937   0.36642048 -0.24808964 -0.01346985  0.10098965 -0.02141373
   0.02721644]
 [ 0.2160194   0.09196424 -0.10282008 -0.02490231  0.03035888  0.00525653
   0.01627422]] 
Episode: 51: [[-0.0061389  -0.01969302 -0.1924364  -0.23458451 -0.03636955  0.00417911
  -0.01392796]
 [-0.00618186  0.10544857 -0.22414    -0.22626628  0.0469822   0.0175356
  -0.0245352 ]
 [ 0.13383196  0.2730515  -0.24636242 -0.16928571  0.10314548 -0.00217737
  -0.008846  ]
 [ 0.34713006  0.36565113 -0.24731001 -0.01270526  0.1017593  -0.02217282
   0.02651192]
 [ 0.21524951  0.09119049 -0.1020313  -0.02412611  0.03112717  0.00459731
   0.01557149]] 
Episode: 61: [[-0.00583996 -0.01997342 -0.19212607 -0.23447421 -0.03605177  0.00345969
  -0.0146252 ]
 [-0.00588396  0.10516733 -0.22383001 -0.22611955  0.04730313  0.01719807
  -0.02523166]
 [ 0.13309297  0.27276543 -0.24605092 -0.1691566   0.10347528 -0.00271031
  -0.00954699]
 [ 0.34680307  0.36536014 -0.24699818 -0.01256569  0.10210308 -0.02249761
   0.02571093]
 [ 0.21457662  0.09085143 -0.10171392 -0.02339498  0.0314619   0.00266753
   0.0148928 ]] 
Episode: 71: [[-0.00571336 -0.02003509 -0.19204657 -0.23445638 -0.03592025  0.0031461
  -0.01492582]
 [-0.00576331  0.1051012  -0.2237482  -0.2260828   0.04743669  0.01708813
  -0.02553296]
 [ 0.1317147   0.27269113 -0.24596265 -0.16913432  0.10361551 -0.00292752
  -0.00985215]
 [ 0.34663734  0.36527562 -0.24690266 -0.01254071  0.10225498 -0.02260869
   0.02536094]
 [ 0.21414071  0.09076245 -0.10161366 -0.02306411  0.03160885  0.00160174
   0.01459491]] 
Episode: 81: [[-0.00565992 -0.02004743 -0.19201362 -0.23446797 -0.03587027  0.00303132
  -0.01502947]
 [-0.00571171  0.10508582 -0.2237153  -0.22608794  0.04748704  0.01704988
  -0.02563723]
 [ 0.13117786  0.27267072 -0.2459279  -0.16915004  0.10366732 -0.00300674
  -0.00995791]
 [ 0.34656954  0.36524883 -0.24686489 -0.01257056  0.10230767 -0.02264792
   0.02524443]
 [ 0.21396889  0.09074216 -0.10157554 -0.02291019  0.03166834  0.00118122
   0.01448515]] 
Episode: 91: [[-0.00563929 -0.02005193 -0.191996   -0.23447978 -0.03585225  0.0029884
  -0.01506714]
 [-0.00569093  0.10508005 -0.22369835 -0.22609764  0.047505    0.01703436
  -0.02567517]
 [ 0.13105176  0.27266285 -0.245911   -0.1691651   0.10368518 -0.00303688
  -0.00999622]
 [ 0.34654582  0.36523828 -0.24684745 -0.01259657  0.10232398 -0.02266324
   0.02520374]
 [ 0.2139253   0.09073524 -0.10155884 -0.02284003  0.03169071  0.00102283
   0.01444298]] 
Episode: 101: [[-0.00563191 -0.0200536  -0.19198947 -0.23448403 -0.0358456   0.00297377
  -0.01508107]
 [-0.0056833   0.10507792 -0.2236921  -0.22610116  0.04751163  0.01702882
  -0.02568917]
 [ 0.13099551  0.27265993 -0.24590476 -0.16917057  0.10369177 -0.00304717
  -0.01001036]
 [ 0.34653705  0.36523435 -0.24684103 -0.0126061   0.10233001 -0.02266883
   0.02518873]
 [ 0.21392408  0.09073264 -0.10155266 -0.02281428  0.03169896  0.0009592
   0.01442702]] 
Episode: 111: [[-0.00562931 -0.02005422 -0.19198707 -0.2344855  -0.03584316  0.00297027
  -0.0150862 ]
 [-0.00568051  0.10507713 -0.22368981 -0.22610244  0.04751407  0.01702692
  -0.02569431]
 [ 0.13097163  0.27265888 -0.24590246 -0.16917254  0.10369419 -0.0030497
  -0.01001556]
 [ 0.34653383  0.3652329  -0.24683864 -0.01260958  0.10233222 -0.02267084
   0.02518323]
 [ 0.21394321  0.09073166 -0.1015504  -0.02280493  0.031702    0.00093119
   0.01442081]] 
Episode: 121: [[-0.00562863 -0.02005446 -0.1919862  -0.234486   -0.03584226  0.00297064
  -0.01508806]
 [-0.00567951  0.10507683 -0.22368896 -0.2261029   0.04751497  0.01702644
  -0.02569618]
 [ 0.1309518   0.2726585  -0.24590163 -0.16917326  0.10369508 -0.00304979
  -0.01001743]
 [ 0.34653267  0.3652324  -0.24683778 -0.0126109   0.10233302 -0.02267151
   0.02518124]
 [ 0.21396507  0.09073123 -0.10154955 -0.02280158  0.03170311  0.0009179
   0.01441845]] 
Episode: 131: [[-0.00562873 -0.02005455 -0.19198589 -0.2344861  -0.03584193  0.00297213
  -0.01508871]
 [-0.00567917  0.10507673 -0.22368865 -0.22610305  0.04751529  0.01702656
  -0.02569684]
 [ 0.13093022  0.27265835 -0.24590132 -0.16917348  0.10369541 -0.00304921
  -0.01001809]
 [ 0.34653226  0.3652322  -0.24683747 -0.01261137  0.10233331 -0.02267168
   0.02518053]
 [ 0.2139865   0.09073104 -0.1015492  -0.02280047  0.03170351  0.00091011
   0.01441753]] 
Episode: 141: [[-0.00562905 -0.0200546  -0.19198577 -0.23448606 -0.03584182  0.00297438
  -0.01508893]
 [-0.00567906  0.10507668 -0.22368851 -0.22610301  0.04751541  0.01702684
  -0.02569705]
 [ 0.13091011  0.27265835 -0.2459012  -0.16917346  0.10369552 -0.00304817
  -0.01001829]
 [ 0.34653214  0.3652322  -0.24683733 -0.0126115   0.10233342 -0.02267166
   0.02518032]
 [ 0.21400984  0.0907309  -0.10154904 -0.0228002   0.03170365  0.0009027
   0.01441699]] 
Episode: 151: [[-0.00562935 -0.02005438 -0.19198613 -0.23448667 -0.03584169  0.00297672
  -0.01508972]
 [-0.00567902  0.10507689 -0.22368884 -0.2261037   0.04751555  0.01702721
  -0.02569785]
 [ 0.13089861  0.27265853 -0.24590154 -0.16917408  0.10369571 -0.00304681
  -0.01001924]
 [ 0.34653232  0.36523238 -0.24683776 -0.0126122   0.10233373 -0.02267166
   0.02517845]
 [ 0.21403618  0.09073092 -0.10154893 -0.02280046  0.03170388  0.00089221
   0.0144165 ]] 
Episode: 161: [[-0.00562973 -0.02005292 -0.19198821 -0.2344911  -0.03584119  0.00297862
  -0.01509395]
 [-0.005679    0.10507813 -0.2236908  -0.22610809  0.04751615  0.01702737
  -0.02570236]
 [ 0.13089405  0.27265966 -0.24590363 -0.16917837  0.10369662 -0.00304589
  -0.01002461]
 [ 0.34653336  0.3652335  -0.2468403  -0.0126165   0.10233541 -0.02267216
   0.02516746]
 [ 0.21405555  0.09073156 -0.10154857 -0.02280146  0.03170491  0.00088147
   0.01441584]] 
Episode: 171: [[-0.0056303  -0.02005243 -0.19198895 -0.23449153 -0.035841    0.00298042
  -0.01509562]
 [-0.00567912  0.10507854 -0.22369143 -0.22610858  0.04751639  0.0170277
  -0.02570411]
 [ 0.13087232  0.27266008 -0.24590428 -0.1691787   0.10369699 -0.00304506
  -0.01002673]
 [ 0.34653363  0.36523393 -0.2468411  -0.0126164   0.10233609 -0.02267224
   0.02516311]
 [ 0.21406937  0.0907317  -0.1015483  -0.02280302  0.03170524  0.00087467
   0.01441558]] 
Episode: 181: [[-0.00563103 -0.02005229 -0.19198921 -0.23449071 -0.03584091  0.00298215
  -0.01509633]
 [-0.0056792   0.10507865 -0.22369163 -0.22610779  0.0475165   0.01702826
  -0.02570484]
 [ 0.13084011  0.27266008 -0.24590446 -0.16917774  0.10369714 -0.00304454
  -0.01002763]
 [ 0.3465337   0.36523396 -0.24684133 -0.01261496  0.1023364  -0.02267214
   0.02516124]
 [ 0.21408027  0.0907317  -0.10154813 -0.02280463  0.03170532  0.00086833
   0.01441553]] 
Episode: 191: [[-0.00563145 -0.02005226 -0.19198936 -0.23449019 -0.03584088  0.00298426
  -0.01509644]
 [-0.00567908  0.10507866 -0.22369172 -0.22610736  0.04751653  0.01702894
  -0.02570486]
 [ 0.13082103  0.27266008 -0.24590455 -0.16917722  0.1036972  -0.00304354
  -0.01002775]
 [ 0.34653375  0.36523396 -0.24684145 -0.01261429  0.1023365  -0.02267192
   0.02516095]
 [ 0.21409816  0.09073163 -0.10154817 -0.02280541  0.03170534  0.00085771
   0.01441519]] 
Episode: 201: [[-0.00563182 -0.02005227 -0.19198939 -0.23448989 -0.03584088  0.00298643
  -0.01509657]
 [-0.00567902  0.10507866 -0.22369172 -0.22610712  0.04751653  0.01702948
  -0.0257049 ]
 [ 0.13080817  0.27266008 -0.24590455 -0.16917692  0.1036972  -0.00304236
  -0.01002785]
 [ 0.34653375  0.36523396 -0.24684145 -0.01261395  0.10233653 -0.02267175
   0.02516085]
 [ 0.21412143  0.09073155 -0.10154819 -0.02280591  0.03170534  0.00084714
   0.01441475]] 
Episode: 211: [[-0.00563212 -0.0200523  -0.19198938 -0.23448962 -0.03584088  0.00298867
  -0.01509653]
 [-0.00567891  0.10507866 -0.22369172 -0.22610694  0.04751653  0.01702995
  -0.02570479]
 [ 0.1307971   0.27266008 -0.24590455 -0.1691767   0.1036972  -0.00304118
  -0.01002779]
 [ 0.34653375  0.36523396 -0.24684145 -0.01261375  0.10233653 -0.02267161
   0.02516096]
 [ 0.21414319  0.09073145 -0.10154812 -0.02280624  0.03170534  0.00083811
   0.01441437]] 
Episode: 221: [[-0.00563241 -0.02005234 -0.19198938 -0.2344893  -0.03584088  0.00299134
  -0.01509644]
 [-0.0056788   0.10507866 -0.22369172 -0.22610673  0.04751653  0.0170304
  -0.02570464]
 [ 0.13078772  0.27266008 -0.24590455 -0.1691764   0.1036972  -0.00303946
  -0.01002767]
 [ 0.34653375  0.36523396 -0.24684145 -0.01261349  0.10233653 -0.02267146
   0.02516115]
 [ 0.2141734   0.0907313  -0.10154805 -0.02280663  0.03170534  0.00082645
   0.01441372]] 
Episode: 231: [[-0.00563274 -0.02005236 -0.19198938 -0.23448896 -0.03584088  0.00299515
  -0.0150964 ]
 [-0.00567878  0.10507866 -0.22369172 -0.22610651  0.04751653  0.01703083
  -0.02570456]
 [ 0.13077463  0.27266008 -0.24590455 -0.16917609  0.1036972  -0.00303722
  -0.0100276 ]
 [ 0.34653375  0.36523396 -0.24684145 -0.0126132   0.10233653 -0.02267131
   0.02516126]
 [ 0.21421091  0.09073119 -0.10154799 -0.02280705  0.03170534  0.00081432
   0.01441301]] 
Episode: 241: [[-0.00563317 -0.02005238 -0.19198938 -0.2344886  -0.03584088  0.00299963
  -0.01509635]
 [-0.00567879  0.10507866 -0.22369172 -0.2261063   0.04751653  0.01703123
  -0.02570453]
 [ 0.13075563  0.27266008 -0.24590455 -0.16917586  0.1036972  -0.00303489
  -0.01002754]
 [ 0.34653375  0.36523396 -0.24684145 -0.01261298  0.10233653 -0.02267117
   0.02516131]
 [ 0.21424873  0.09073106 -0.10154799 -0.02280739  0.03170534  0.00080566
   0.0144125 ]] 
Episode: 251: [[-0.00563361 -0.02005239 -0.19198938 -0.2344881  -0.03584088  0.00300419
  -0.0150963 ]
 [-0.0056788   0.10507866 -0.22369172 -0.22610591  0.04751653  0.01703157
  -0.02570446]
 [ 0.13073629  0.27266008 -0.24590455 -0.16917536  0.1036972  -0.00303258
  -0.01002747]
 [ 0.34653375  0.36523396 -0.24684145 -0.01261242  0.10233653 -0.02267103
   0.02516144]
 [ 0.21428551  0.09073099 -0.10154803 -0.0228079   0.03170533  0.00079754
   0.01441202]] 
Episode: 261: [[-0.00563415 -0.02005241 -0.19198938 -0.23448724 -0.03584088  0.00300735
  -0.01509635]
 [-0.0056788   0.10507866 -0.22369172 -0.22610514  0.04751653  0.01703194
  -0.02570444]
 [ 0.13071145  0.27266008 -0.24590455 -0.16917443  0.1036972  -0.00303115
  -0.01002749]
 [ 0.34653375  0.36523396 -0.24684145 -0.01261127  0.10233653 -0.0226709
   0.02516145]
 [ 0.21431012  0.09073091 -0.10154799 -0.02280879  0.03170533  0.00079053
   0.01441156]] 
Episode: 271: [[-0.00563483 -0.02005249 -0.19198951 -0.23448695 -0.03584088  0.00300993
  -0.01509677]
 [-0.00567882  0.10507862 -0.22369184 -0.22610492  0.04751654  0.01703221
  -0.02570481]
 [ 0.13067955  0.27266002 -0.24590464 -0.16917413  0.10369721 -0.00303023
  -0.01002788]
 [ 0.3465338   0.36523396 -0.2468415  -0.01261078  0.10233655 -0.02267083
   0.02516099]
 [ 0.21432672  0.09073079 -0.10154796 -0.02280931  0.03170533  0.00078583
   0.01441077]] 
Episode: 281: [[-0.00563555 -0.02005268 -0.19198991 -0.23448707 -0.03584088  0.00301162
  -0.01509791]
 [-0.00567885  0.10507849 -0.22369215 -0.22610505  0.04751655  0.01703243
  -0.02570594]
 [ 0.13065222  0.27266    -0.24590486 -0.16917408  0.10369723 -0.0030297
  -0.010029  ]
 [ 0.34653404  0.36523396 -0.24684165 -0.01261047  0.10233661 -0.02267084
   0.02515954]
 [ 0.21434203  0.09073054 -0.10154805 -0.02280991  0.03170533  0.00078033
   0.01440948]] 
Episode: 291: [[-0.00563627 -0.02005274 -0.19198993 -0.2344873  -0.03584088  0.00301441
  -0.01509805]
 [-0.00567884  0.10507845 -0.22369215 -0.22610535  0.04751655  0.01703306
  -0.02570606]
 [ 0.13062233  0.27266    -0.24590486 -0.16917445  0.10369723 -0.0030285
  -0.01002925]
 [ 0.3465342   0.36523396 -0.2468416  -0.01261103  0.10233662 -0.02267063
   0.02515901]
 [ 0.21435954  0.0907303  -0.10154784 -0.02280995  0.03170533  0.00077516
   0.01440912]] 
Episode: 301: [[-0.005637   -0.02005276 -0.19198968 -0.23448741 -0.03584088  0.00301701
  -0.01509801]
 [-0.00567898  0.10507845 -0.2236919  -0.22610559  0.04751655  0.01703366
  -0.0257059 ]
 [ 0.13058954  0.27266    -0.24590461 -0.16917476  0.10369723 -0.0030271
  -0.01002926]
 [ 0.3465342   0.36523396 -0.24684146 -0.01261164  0.10233662 -0.0226704
   0.02515887]
 [ 0.21437569  0.09073008 -0.10154748 -0.02280993  0.03170533  0.00076634
   0.01440855]] 
Episode: 311: [[-0.0056377  -0.02005279 -0.19198965 -0.2344873  -0.03584088  0.00302
  -0.01509807]
 [-0.00567899  0.10507845 -0.22369182 -0.2261056   0.04751655  0.01703421
  -0.02570581]
 [ 0.13055524  0.27266    -0.24590458 -0.16917478  0.10369723 -0.00302584
  -0.01002928]
 [ 0.3465342   0.36523396 -0.24684146 -0.01261177  0.10233662 -0.02267021
   0.02515892]
 [ 0.21439582  0.09072993 -0.10154726 -0.02281014  0.03170533  0.00075298
   0.01440793]] 
Episode: 321: [[-0.00563823 -0.02005294 -0.19199137 -0.23448393 -0.03584016  0.00302351
  -0.01509297]
 [-0.0056785   0.10507853 -0.22369345 -0.22610217  0.04751739  0.01703528
  -0.02570039]
 [ 0.1304906   0.2726604  -0.245906   -0.16917077  0.10369843 -0.0030247
  -0.01002329]
 [ 0.3465325   0.36523467 -0.24684273 -0.01260643  0.1023387  -0.02266973
   0.02516907]
 [ 0.21441074  0.09073066 -0.10154694 -0.022811    0.03170672  0.00074253
   0.01441093]] 
Episode: 331: [[-0.00563866 -0.02005379 -0.19200301 -0.23449299 -0.03583962  0.0030273
  -0.01508564]
 [-0.00567851  0.10507765 -0.22370404 -0.22611195  0.0475178   0.01703626
  -0.02569231]
 [ 0.13037075  0.27265936 -0.24591532 -0.169183    0.10369841 -0.00302351
  -0.01001341]
 [ 0.34652796  0.3652332  -0.24685155 -0.01262939  0.10233654 -0.0226691
   0.02518935]
 [ 0.21442363  0.09073362 -0.10155997 -0.02278283  0.03171117  0.00073967
   0.0144103 ]] 
Episode: 341: [[-0.00563946 -0.02005429 -0.19200967 -0.23449826 -0.03583945  0.00303095
  -0.01508218]
 [-0.00567865  0.10507712 -0.22371008 -0.22611767  0.04751787  0.01703707
  -0.02568844]
 [ 0.1302789   0.27265865 -0.24592064 -0.16919026  0.10369816 -0.0030226
  -0.01000857]
 [ 0.34652558  0.36523223 -0.24685661 -0.01264309  0.10233483 -0.02266866
   0.02519963]
 [ 0.21443671  0.09073523 -0.10156784 -0.02276661  0.03171359  0.00073722
   0.01440929]] 
Episode: 351: [[-0.00564055 -0.02005448 -0.19201197 -0.23449993 -0.03583939  0.00303373
  -0.01508092]
 [-0.00567867  0.1050769  -0.22371212 -0.22611956  0.0475179   0.01703755
  -0.02568699]
 [ 0.13019837  0.27265838 -0.2459225  -0.16919269  0.10369806 -0.00302236
  -0.01000678]
 [ 0.3465247   0.36523184 -0.24685839 -0.01264782  0.10233424 -0.02266843
   0.02520343]
 [ 0.21444486  0.09073581 -0.10157057 -0.022761    0.03171445  0.00073337
   0.0144088 ]] 
Episode: 361: [[-0.00564129 -0.02005455 -0.1920128  -0.23450042 -0.03583937  0.00303682
  -0.01508047]
 [-0.00567869  0.10507682 -0.22371283 -0.22612022  0.0475179   0.01703802
  -0.02568642]
 [ 0.13015461  0.27265838 -0.24592319 -0.1691935   0.10369804 -0.00302099
  -0.01000612]
 [ 0.34652436  0.36523175 -0.246859   -0.0126495   0.10233402 -0.02266826
   0.02520484]
 [ 0.21446668  0.09073598 -0.10157155 -0.02275918  0.03171474  0.00072497
   0.01440803]] 
Episode: 371: [[-0.00564156 -0.02005458 -0.19201307 -0.23450048 -0.03583937  0.00304072
  -0.01508034]
 [-0.00567865  0.1050768  -0.22371309 -0.22612043  0.0475179   0.01703846
  -0.02568622]
 [ 0.13014503  0.27265838 -0.24592341 -0.16919371  0.10369804 -0.00301826
  -0.01000589]
 [ 0.34652433  0.36523175 -0.24685921 -0.01265011  0.10233394 -0.02266811
   0.02520534]
 [ 0.21450907  0.09073599 -0.10157187 -0.02275878  0.03171485  0.00070951
   0.0144072 ]] 
Episode: 381: [[-0.005642   -0.02005478 -0.19201255 -0.23451187 -0.03583949  0.00304474
  -0.01507969]
 [-0.00567863  0.10507662 -0.22371256 -0.22613214  0.04751777  0.01703871
  -0.02568542]
 [ 0.13014203  0.2726582  -0.24592313 -0.16920695  0.10369789 -0.00301581
  -0.01000478]
 [ 0.34652483  0.36523157 -0.24685885 -0.01266901  0.10233366 -0.02266791
   0.02520815]
 [ 0.21454915  0.09073583 -0.10157137 -0.02274638  0.031715    0.00069396
   0.01440611]] 
Episode: 391: [[-0.00564215 -0.02005557 -0.19200861 -0.23458003 -0.03584037  0.00304851
  -0.01507133]
 [-0.00567803  0.10507578 -0.22370876 -0.22620171  0.04751686  0.01703901
  -0.02567633]
 [ 0.13020553  0.27265713 -0.24592058 -0.16928637  0.10369667 -0.0030138
  -0.00999399]
 [ 0.34652779  0.36523026 -0.24685614 -0.01278182  0.10233147 -0.022667
   0.02522927]
 [ 0.21457359  0.09073484 -0.10156766 -0.02267064  0.0317153   0.00068487
   0.01440632]] 
Episode: 401: [[-0.00564284 -0.02005591 -0.19200721 -0.23460552 -0.03584071  0.00305205
  -0.01506821]
 [-0.00567774  0.10507543 -0.2237074  -0.22622779  0.04751649  0.01703945
  -0.02567291]
 [ 0.13019444  0.2726567  -0.24591972 -0.16931613  0.10369617 -0.00301263
  -0.0099899 ]
 [ 0.34652883  0.3652298  -0.24685518 -0.01282404  0.10233056 -0.0226666
   0.02523744]
 [ 0.21459457  0.09073441 -0.10156643 -0.02264251  0.03171547  0.00067657
   0.01440597]] 
Episode: 411: [[-0.00564369 -0.02005604 -0.19200674 -0.23461442 -0.03584084  0.00305611
  -0.0150671 ]
 [-0.00567764  0.10507531 -0.22370692 -0.22623698  0.04751636  0.01703991
  -0.02567165]
 [ 0.1301549   0.27265656 -0.24591944 -0.1693266   0.10369599 -0.00301132
  -0.00998843]
 [ 0.34652916  0.3652296  -0.24685489 -0.01283903  0.10233024 -0.02266636
   0.02524036]
 [ 0.2146161   0.09073423 -0.10156605 -0.02263268  0.03171553  0.00066993
   0.01440554]] 
Episode: 421: [[-0.00564438 -0.02005609 -0.1920066  -0.2346175  -0.03584088  0.00306035
  -0.01506694]
 [-0.00567753  0.10507525 -0.22370674 -0.22624028  0.04751632  0.01704043
  -0.02567132]
 [ 0.13011768  0.27265656 -0.24591936 -0.16933034  0.10369594 -0.00300948
  -0.00998812]
 [ 0.3465292   0.3652296  -0.24685474 -0.01284453  0.10233015 -0.02266613
   0.0252411 ]
 [ 0.21464758  0.09073409 -0.1015658  -0.02262939  0.03171553  0.00065356
   0.01440473]] 
Episode: 431: [[-0.00564515 -0.02005613 -0.1920066  -0.23461843 -0.03584088  0.00306488
  -0.01506682]
 [-0.0056775   0.10507525 -0.2237067  -0.22624135  0.04751631  0.01704106
  -0.02567114]
 [ 0.13007733  0.27265656 -0.24591936 -0.16933157  0.10369594 -0.00300748
  -0.00998794]
 [ 0.3465292   0.3652296  -0.24685474 -0.01284643  0.10233013 -0.02266591
   0.02524143]
 [ 0.21467964  0.09073397 -0.10156567 -0.02262843  0.03171553  0.00064111
   0.0144044 ]] 
Episode: 441: [[-0.00564592 -0.02005617 -0.1920066  -0.23461865 -0.03584088  0.00306947
  -0.0150667 ]
 [-0.00567746  0.10507525 -0.2237067  -0.2262417   0.04751631  0.0170418
  -0.02567102]
 [ 0.13004123  0.27265656 -0.24591936 -0.16933195  0.10369594 -0.00300553
  -0.0099878 ]
 [ 0.3465292   0.3652296  -0.24685474 -0.01284712  0.10233013 -0.02266569
   0.02524161]
 [ 0.2147118   0.09073384 -0.1015657  -0.0226283   0.03171552  0.00063013
   0.01440426]] 
Episode: 451: [[-0.00564686 -0.02005621 -0.1920066  -0.23461859 -0.03584088  0.00307372
  -0.01506649]
 [-0.00567741  0.10507525 -0.2237067  -0.22624174  0.04751631  0.01704271
  -0.0256708 ]
 [ 0.12999643  0.27265656 -0.24591936 -0.16933203  0.10369594 -0.00300402
  -0.00998758]
 [ 0.3465292   0.3652296  -0.24685474 -0.01284737  0.10233013 -0.02266542
   0.02524184]
 [ 0.21473901  0.09073365 -0.10156563 -0.02262846  0.03171552  0.00062079
   0.01440429]] 
Episode: 461: [[-0.00564753 -0.02005623 -0.1920066  -0.2346184  -0.03584088  0.00307885
  -0.01506635]
 [-0.00567742  0.10507525 -0.2237067  -0.22624171  0.04751631  0.01704348
  -0.02567071]
 [ 0.1299658   0.27265656 -0.24591936 -0.16933194  0.10369594 -0.00300142
  -0.00998746]
 [ 0.3465292   0.3652296  -0.24685474 -0.01284742  0.10233013 -0.0226652
   0.02524189]
 [ 0.21477975  0.09073353 -0.10156547 -0.02262879  0.03171552  0.00060852
   0.0144043 ]] 
Episode: 471: [[-0.00564796 -0.02005625 -0.1920066  -0.23461814 -0.03584088  0.00308544
  -0.01506616]
 [-0.00567748  0.10507525 -0.2237067  -0.22624166  0.04751631  0.0170442
  -0.02567064]
 [ 0.12995052  0.27265656 -0.24591936 -0.16933182  0.10369594 -0.00299714
  -0.00998729]
 [ 0.3465292   0.3652296  -0.24685474 -0.01284746  0.10233013 -0.02266495
   0.02524197]
 [ 0.21484442  0.09073342 -0.10156548 -0.02262922  0.03171552  0.00058964
   0.01440428]] 
