1.282431 
1.601770 
1.127666 
1.203302 
0.924287 
1.135891 
1.042558 
1.388088 
1.214173 
0.955545 
0.796207 
1.412507 
0.929407 
0.978275 
0.982700 
0.717502 
1.066319 
0.707312 
0.978757 
0.828024 
1.585766 
1.451016 
0.960359 
1.805216 
0.928227 
0.568058 
0.944489 
0.714203 
0.515582 
0.803969 
1.177026 
1.119185 
1.096031 
0.897965 
1.414903 
1.852168 
1.231317 
1.465282 
1.169375 
0.893157 
1.766871 
1.458277 
1.002240 
0.780074 
1.389170 
0.645118 
0.910858 
0.643450 
1.572079 
1.305025 
0.841248 
1.672285 
0.958500 
0.689090 
0.826007 
0.715764 
1.180084 
1.740802 
0.825836 
1.889801 
1.210474 
2.058556 
1.101205 
1.685232 
0.899142 
1.239612 
1.300404 
1.134872 
0.988831 
0.892301 
1.843622 
1.667120 
1.041296 
0.587526 
1.350842 
0.814139 
1.611355 
0.821136 
1.903565 
1.356007 
1.069428 
0.747999 
0.678934 
0.805871 
1.744015 
1.170710 
1.207855 
1.099703 
0.831920 
0.940639 
0.350026 
0.927132 
1.614361 
1.283716 
0.930674 
0.791721 
2.172965 
1.176911 
0.677001 
1.411914 
1.144582 
0.866246 
0.708910 
0.810138 
0.792978 
0.689115 
0.849991 
1.210725 
0.818637 
0.907223 
0.875337 
1.014722 
1.262672 
0.637174 
0.939022 
1.186722 
2.433189 
2.068238 
2.218549 
0.873239 
0.810160 
1.123035 
0.926735 
0.440393 
1.049759 
0.593601 
0.812913 
1.016972 
1.014328 
1.908567 
0.856140 
0.840795 
0.875182 
1.095426 
1.567872 
1.277237 
0.737172 
0.444410 
1.054255 
0.538268 
0.990264 
0.935780 
2.830310 
1.311314 
0.347754 
1.253252 
1.143671 
1.530650 
1.058602 
1.206461 
0.899449 
1.189837 
0.917712 
0.779786 
0.869804 
0.726340 
0.970563 
2.104646 
1.498717 
1.207879 
0.642650 
1.039413 
0.784332 
1.011177 
1.230351 
0.965787 
1.597733 
0.710649 
0.767608 
0.607657 
0.501269 
1.312752 
0.671918 
0.781861 
0.913482 
0.498737 
1.476196 
0.970866 
1.269876 
1.814183 
1.790007 
1.171441 
0.699695 
0.888845 
1.215399 
0.667562 
2.319429 
1.258311 
1.467405 
1.304393 
0.474698 
0.576329 
0.658819 
1.047180 
1.959605 
0.585429 
0.605824 
1.201439 
5.836748 
2.466104 
0.988216 
0.941713 
1.542388 
0.899743 
1.090289 
2.516886 
1.008788 
0.867669 
1.052121 
0.788859 
0.856314 
1.960654 
1.931424 
0.883885 
3.659038 
1.066513 
0.589757 
1.133946 
0.397767 
1.659321 
0.959677 
1.242805 
0.714520 
2.377473 
1.222700 
2.102550 
0.586339 
0.954444 
0.996316 
1.197835 
0.926463 
0.868553 
1.822027 
1.398638 
1.620689 
0.997850 
1.865638 
2.424898 
0.965002 
1.532583 
1.747650 
0.709119 
0.705892 
0.710399 
1.686952 
0.549301 
0.818721 
1.157176 
1.489352 
1.055188 
0.816822 
1.082394 
1.023064 
2.348317 
0.511816 
0.920977 
1.107774 
0.774393 
1.331425 
1.042474 
0.854334 
0.834819 
1.264915 
1.758806 
0.965632 
1.281949 
1.023573 
0.874329 
0.932348 
0.940341 
1.185507 
0.687786 
0.562422 
0.567764 
1.017921 
0.723807 
1.246217 
0.866261 
0.303409 
1.430252 
1.849889 
1.961145 
2.425446 
0.854225 
0.970833 
2.272019 
0.767957 
1.238381 
0.737602 
1.152916 
1.178007 
0.921383 
1.031958 
0.742082 
2.303778 
1.063988 
1.684247 
0.857732 
0.740943 
0.947521 
0.598873 
0.534972 
0.913047 
1.004136 
0.588423 
2.759016 
0.765201 
0.886727 
1.557064 
1.040140 
0.835633 
1.174365 
1.878972 
0.897567 
0.821074 
2.203507 
0.708576 
1.432610 
1.033168 
0.865582 
1.166160 
1.331375 
2.414942 
1.147658 
0.913706 
1.315038 
0.947223 
0.492892 
1.159032 
1.120258 
0.751682 
1.336573 
0.878097 
0.551745 
0.949623 
1.026396 
0.713855 
1.284326 
1.001124 
1.039778 
1.026332 
2.021207 
0.687460 
1.721476 
2.021484 
2.235005 
0.462483 
0.842859 
1.073644 
0.518946 
1.559978 
0.625665 
1.343682 
1.036764 
0.780562 
0.356876 
1.573023 
1.176641 
0.563318 
1.299935 
0.772274 
1.001914 
0.933276 
2.192586 
0.819136 
0.934814 
1.268221 
1.411618 
0.940897 
1.379455 
0.387359 
2.394831 
3.494856 
1.315493 
0.993620 
1.341744 
2.659016 
4.803524 
6.062413 
3.947750 
0.748651 
1.389617 
1.058320 
1.665629 
1.323556 
1.645764 
1.951896 
0.912667 
1.993789 
0.791583 
0.497865 
0.907188 
2.212844 
1.916540 
0.979447 
1.709986 
1.557378 
0.640319 
1.134771 
0.937486 
2.109572 
0.948909 
0.906587 
0.334443 
1.408961 
1.102017 
0.973817 
1.113312 
0.587693 
1.264617 
2.709257 
1.002555 
0.812822 
1.928229 
1.634997 
0.801284 
2.143577 
2.967862 
1.928358 
1.723631 
1.555322 
2.316299 
0.898912 
1.371496 
2.704006 
0.346926 
0.758740 
1.614159 
1.180032 
1.207015 
0.584033 
0.693993 
1.797087 
0.944226 
1.410049 
2.026448 
0.568149 
0.591284 
0.825349 
2.196137 
1.859926 
2.549892 
0.761240 
1.305911 
2.114342 
1.216111 
2.724450 
1.759650 
1.082785 
1.887906 
0.714552 
1.118258 
1.604366 
0.633458 
0.724382 
1.039025 
1.041017 
1.458971 
0.935251 
2.209177 
1.067634 
1.596017 
1.720880 
1.199559 
1.201432 
1.829925 
0.905454 
1.167647 
1.288404 
2.301845 
1.061267 
1.426464 
0.776457 
1.055091 
1.043227 
0.458819 
1.994827 
0.992152 
0.473929 
1.845377 
0.629988 
1.311195 
0.803689 
0.795308 
0.527826 
1.403006 
0.759790 
1.950484 
1.553834 
2.126781 
0.608925 
1.004098 
0.700048 
1.509969 
0.711671 
1.124104 
1.099157 
0.735206 
0.584258 
0.967388 
0.866101 
0.543687 
0.724964 
0.597847 
0.901083 
0.521902 
1.045532 
0.751452 
0.760676 
0.996997 
0.882953 
0.650716 
1.867657 
1.984917 
1.285366 
0.975299 
1.643979 
0.811640 
1.272527 
1.060614 
0.430865 
0.640268 
0.886324 
0.891392 
0.528338 
0.832056 
1.248657 
0.983636 
0.857982 
1.112779 
1.516098 
0.759514 
2.140989 
2.000910 
1.361986 
1.186222 
2.283431 
2.184812 
1.101130 
0.719131 
0.642856 
1.269419 
0.434852 
0.419986 
0.615583 
1.421314 
0.534308 
0.827838 
0.754589 
0.510777 
0.809095 
0.769881 
0.882340 
1.456686 
0.397785 
0.635581 
2.460700 
0.624545 
0.818584 
0.667451 
0.929263 
1.502731 
1.444079 
1.160614 
2.760168 
0.774424 
0.908591 
0.724006 
1.695042 
1.669079 
0.678792 
1.886155 
0.903298 
0.840138 
1.551463 
2.431830 
1.258935 
0.892170 
2.133718 
4.768862 
0.859168 
2.139750 
0.992759 
0.914222 
1.321618 
2.571547 
1.145822 
0.480202 
1.144241 
0.829536 
1.502215 
0.563918 
0.736282 
0.666092 
1.040726 
1.069451 
0.739586 
1.802350 
0.969135 
0.559751 
1.413931 
0.806364 
0.625088 
1.135264 
1.767819 
1.021807 
0.915062 
0.635186 
0.919444 
0.879084 
0.984207 
0.550716 
1.019398 
0.482388 
1.825328 
0.731517 
1.717163 
0.817582 
0.676237 
1.308143 
0.707104 
0.759344 
0.824917 
0.908726 
0.544751 
0.975258 
0.829165 
1.695820 
1.012082 
0.733406 
0.750791 
1.189796 
0.915514 
0.441789 
0.537246 
0.586146 
0.749756 
0.920777 
0.545406 
0.460176 
0.761200 
0.902224 
1.473077 
0.702874 
1.964491 
1.451674 
0.682290 
1.407229 
0.657909 
0.946107 
0.512633 
1.675453 
0.715485 
0.591935 
1.122421 
0.564764 
1.309405 
1.002942 
0.726756 
0.770425 
0.492351 
0.971567 
0.981843 
1.358182 
1.368439 
0.389135 
0.731434 
0.993577 
0.852766 
0.984698 
1.128202 
0.737604 
0.780806 
1.024550 
0.817559 
0.655733 
0.815835 
0.770960 
0.668752 
1.874488 
0.911214 
1.234409 
1.091217 
1.074661 
1.343885 
1.457451 
1.120771 
0.813230 
1.215195 
1.263847 
2.211008 
1.143339 
1.278613 
0.834635 
2.093205 
0.678516 
0.899989 
0.847932 
1.238525 
0.751751 
0.791952 
0.876281 
1.467016 
1.611725 
1.304592 
1.036186 
0.619606 
1.071578 
0.889882 
0.818957 
0.806247 
0.814245 
1.169983 
0.676583 
0.669176 
0.857947 
1.707032 
0.579654 
0.889325 
0.569895 
0.729847 
0.652618 
1.027395 
0.556488 
1.476125 
0.590663 
0.757253 
1.898428 
0.926615 
1.037193 
1.293627 
0.727480 
1.168745 
0.644118 
1.267054 
1.711788 
0.851172 
0.929504 
0.836025 
1.323518 
0.828238 
0.548484 
2.381914 
0.872057 
0.909947 
0.650232 
1.023126 
1.302283 
1.205788 
1.096761 
0.626679 
0.911609 
0.758397 
0.808963 
0.569756 
0.914425 
1.284456 
0.680301 
0.899178 
0.593452 
1.297684 
1.050786 
1.791510 
0.820516 
1.561773 
0.654320 
0.935981 
1.774723 
1.170772 
0.828116 
0.626402 
0.661066 
0.873653 
1.026840 
0.902576 
0.851232 
1.008350 
0.680324 
0.916620 
1.870560 
0.378692 
1.148301 
0.645159 
0.821415 
0.920905 
1.432646 
0.824457 
1.246417 
0.961546 
0.789417 
1.050687 
0.893807 
0.661500 
2.402672 
1.121970 
1.187114 
0.541839 
0.696140 
1.923411 
1.169320 
1.321277 
1.147760 
0.945656 
0.982040 
1.336114 
1.409900 
0.775094 
0.696427 
0.703666 
1.418025 
1.154869 
0.515735 
0.896111 
2.612444 
0.896546 
0.572699 
1.301963 
0.831078 
1.380530 
0.762669 
1.105152 
0.728346 
0.702417 
0.698366 
0.843020 
0.792300 
0.813853 
0.601227 
1.668633 
0.877117 
0.879946 
1.071643 
1.042060 
0.655380 
1.256701 
0.298537 
1.414287 
0.860675 
0.876000 
0.778872 
0.879562 
1.092517 
1.296259 
1.476643 
1.321041 
0.633900 
1.169960 
0.842084 
1.364433 
1.067791 
1.346899 
0.527840 
0.915956 
1.259518 
1.085974 
1.192518 
0.808601 
1.064140 
1.266264 
0.888120 
1.541610 
1.754942 
1.088147 
0.683034 
0.715775 
0.707199 
0.916863 
0.653883 
0.708575 
0.660869 
0.890043 
1.537502 
0.961860 
1.044503 
0.635545 
1.538013 
1.052352 
0.620789 
0.779637 
0.602657 
1.464718 
0.426483 
1.172855 
1.068998 
0.643241 
0.853807 
0.710492 
1.311113 
0.993390 
0.788810 
1.480800 
1.402884 
1.055160 
1.926360 
1.477142 
2.166380 
1.392472 
0.811991 
0.792802 
0.916816 
0.861632 
0.806963 
0.687248 
0.692815 
0.855882 
1.862525 
0.462297 
1.193739 
0.599093 
1.095836 
0.798277 
0.838452 
1.021846 
1.238960 
1.026375 
1.072460 
0.595317 
1.015479 
0.779571 
0.582326 
0.667762 
0.555854 
0.841450 
0.472139 
1.087641 
0.859025 
0.963003 
0.487212 
0.838921 
0.778636 
0.755636 
1.346918 
1.925838 
0.765887 
0.645149 
0.689510 
0.843544 
0.658646 
1.688583 
0.847538 
1.693458 
0.879131 
0.769531 
0.688961 
0.821162 
0.756353 
0.543235 
1.335370 
1.167469 
0.775559 
0.910827 
1.098935 
0.970622 
0.821645 
0.620171 
0.791473 
0.789176 
0.462086 
0.840512 
1.385151 
0.456563 
0.891975 
0.940991 
1.742127 
0.683007 
0.625153 
1.206831 
0.937478 
1.285304 
0.704974 
1.522291 
0.517887 
0.734042 
0.762581 
0.633108 
0.727689 
0.970029 
0.875188 
0.958742 
0.867145 
0.863668 
0.452894 
1.049477 
2.156366 
0.735303 
1.116692 
0.874702 
1.134438 
1.025474 
1.316702 
0.825544 
0.592493 
0.792466 
1.456091 
1.208178 
0.986809 
3.069854 
0.639875 
1.054505 
1.291944 
1.231247 
1.184304 
1.019498 
0.781018 
1.076669 
0.752563 
0.893129 
1.111823 
0.757513 
0.722244 
0.415707 
1.020672 
0.954222 
0.365315 
1.081188 
1.584707 
2.419771 
1.008833 
0.766600 
1.066812 
0.986767 
1.303762 
1.662142 
0.846794 
0.852528 
0.380752 
0.999207 
1.159543 
0.946172 
0.600900 
0.716231 
0.830345 
0.753715 
1.766549 
0.468826 
0.575046 
1.761450 
0.731072 
0.619542 
0.980975 
0.643427 
0.458965 
1.764785 
0.983691 
0.556199 
2.772026 
1.357554 
0.496831 
1.183808 
0.647458 
2.393852 
1.391999 
1.126812 
0.752429 
1.042181 
0.821120 
0.405593 
1.360075 
0.867568 
0.737996 
0.675480 
1.428091 
0.849556 
0.466787 
0.706858 
0.949301 
0.753811 
0.364660 
0.786452 
0.808887 
0.678809 
2.536683 
0.903507 
1.259092 
0.653151 
1.242320 
1.499530 
1.753088 
0.699537 
1.164607 
1.115546 
0.630856 
0.862266 
1.846945 
0.771738 
1.058842 
0.790587 
0.607791 
0.951245 
0.885520 
1.609238 
0.965259 
0.402590 
1.165707 
0.729967 
1.224380 
1.220311 
1.907030 
0.770975 
0.733281 
1.342158 
0.603025 
0.771681 
1.336260 
0.949198 
0.748016 
1.061898 
0.762067 
1.300703 
1.022425 
0.951271 
0.860137 
0.933448 
1.735622 
0.448775 
0.925120 
0.521700 
0.917620 
0.502041 
1.136744 
1.205229 
1.059631 
0.630101 
2.360973 
1.255446 
0.353062 
0.821180 
0.937336 
0.931120 
0.925264 
0.846204 
0.499760 
0.808272 
1.309451 
0.758826 
1.163959 
0.662399 
2.112049 
0.639022 
0.846168 
1.353750 
0.890746 
1.860904 
1.977711 
0.614781 
1.129334 
1.054292 
1.362284 
0.989813 
0.934120 
0.968846 
1.035909 
1.209035 
0.380677 
0.525530 
0.755181 
0.580555 
1.304765 
0.879782 
2.234351 
1.167153 
1.030033 
0.698859 
0.584418 
1.743684 
2.495989 
2.207361 
1.401317 
0.975397 
1.583194 
0.860602 
0.886147 
1.177087 
1.179529 
0.728092 
1.683200 
0.934326 
0.650196 
1.071796 
0.737816 
1.026030 
0.820545 
0.912219 
0.571243 
0.890499 
0.553320 
0.902263 
1.317285 
0.669236 
0.376204 
0.687876 
0.590275 
1.024553 
1.279098 
0.504457 
0.551216 
0.678439 
0.631139 
0.798132 
1.063872 
