1.681151 
3.881342 
3.807630 
3.183939 
2.625844 
1.951324 
2.685477 
2.353036 
2.027234 
1.777945 
2.024040 
2.002032 
1.750611 
1.926381 
2.165183 
2.090262 
1.553343 
1.939886 
1.442165 
1.944407 
1.748011 
1.988815 
1.651721 
1.044668 
1.968825 
1.481426 
1.705312 
1.504617 
0.802308 
2.008790 
1.955562 
2.881799 
1.201156 
2.093156 
1.887507 
1.857881 
1.832654 
2.046107 
2.276377 
1.481797 
1.917880 
1.680869 
1.877438 
2.500259 
1.916473 
1.793423 
1.921875 
1.049187 
1.708615 
1.858415 
1.322636 
1.366225 
1.816665 
1.550163 
1.555716 
1.268439 
1.493778 
2.813912 
1.227217 
1.852120 
1.356673 
2.884691 
1.653156 
1.687897 
2.268518 
1.818136 
1.788175 
1.450005 
1.830781 
1.375658 
1.868050 
1.649965 
1.957439 
1.916176 
1.420809 
1.413550 
1.681157 
1.382987 
1.073974 
1.233009 
2.534893 
1.506174 
1.926685 
1.293056 
1.388222 
1.559232 
1.834911 
1.418008 
1.306342 
1.265115 
1.397460 
1.110868 
1.423986 
1.105207 
1.277779 
1.018721 
1.251641 
1.281479 
1.329601 
1.928081 
1.678058 
1.615983 
0.756969 
2.617277 
1.615013 
1.397908 
1.322409 
1.736476 
1.379482 
1.469711 
1.829607 
1.793140 
2.222962 
1.550285 
1.645840 
1.466349 
1.903248 
1.745568 
1.410059 
1.374190 
1.328682 
1.582052 
1.249420 
1.764276 
1.679204 
1.521793 
2.357601 
2.002224 
0.895934 
2.490294 
1.809815 
1.695217 
1.272928 
1.675768 
0.921211 
1.924851 
2.586053 
1.274282 
1.487285 
1.511696 
1.463552 
1.628423 
1.690884 
1.598963 
1.306775 
1.192196 
1.859217 
1.310655 
1.584171 
1.923488 
1.523725 
1.828091 
1.889461 
1.159223 
1.450807 
1.637555 
1.826375 
1.943073 
1.486965 
1.191213 
1.763042 
1.670314 
1.015424 
1.272266 
0.880383 
1.956031 
1.015143 
1.344864 
1.188309 
1.564375 
1.855165 
1.409192 
1.038109 
1.272855 
1.133940 
0.744832 
1.185880 
0.977817 
2.299299 
0.920997 
1.635184 
2.128979 
2.310285 
1.914682 
1.665451 
1.244570 
1.698870 
1.654922 
1.565382 
1.539652 
1.741362 
1.224106 
1.708001 
1.098531 
1.484289 
1.467977 
1.676161 
2.309462 
1.082520 
1.461272 
1.357400 
1.930882 
1.488432 
2.325148 
1.494637 
0.953068 
1.991296 
1.824794 
1.419216 
1.175673 
1.406475 
2.163775 
1.099941 
1.468887 
1.065241 
1.809973 
1.946775 
1.859583 
1.904842 
1.180195 
1.283180 
2.078551 
1.323535 
1.230709 
1.255551 
1.361480 
1.660547 
1.405833 
1.626421 
0.946172 
1.579318 
1.313355 
1.715038 
1.303514 
1.345327 
1.256875 
1.352153 
1.241585 
1.577915 
2.371916 
1.654347 
1.528251 
1.964401 
2.230613 
1.233114 
1.269690 
1.305362 
1.358252 
1.514662 
1.467884 
1.459053 
1.933362 
1.820758 
1.281168 
2.126836 
1.435949 
2.022056 
1.335161 
0.989552 
1.332043 
1.205430 
0.727062 
1.278392 
1.101224 
1.435459 
1.607961 
1.713433 
1.144873 
1.399323 
1.172331 
1.442921 
1.999249 
2.449521 
2.560747 
1.268128 
1.442950 
1.077682 
1.433699 
1.394249 
0.803511 
1.524866 
1.651655 
1.311200 
1.050461 
1.663597 
1.365860 
1.080315 
1.663708 
1.395490 
1.538305 
1.639725 
1.554875 
0.491453 
1.166527 
1.258106 
0.759654 
1.482969 
2.306336 
1.508629 
1.445426 
1.543540 
1.562767 
1.919969 
1.801661 
1.314487 
1.607858 
1.310375 
1.014608 
1.320267 
1.386094 
2.463655 
1.381636 
1.285984 
1.745059 
1.642162 
1.389986 
1.013341 
0.973629 
2.121140 
1.181013 
1.085322 
1.122333 
1.477971 
1.245184 
1.496871 
1.547919 
1.003589 
1.104178 
1.125133 
1.438923 
2.167284 
1.204762 
1.289108 
1.247803 
0.709335 
0.912648 
1.133798 
1.129836 
1.236561 
1.468280 
1.645594 
1.353877 
1.080068 
0.945460 
1.836174 
1.522034 
1.263486 
1.382431 
1.281538 
1.675237 
0.867858 
1.367100 
1.276640 
1.103254 
1.235424 
1.091811 
2.163352 
0.889912 
1.383051 
1.424749 
1.432067 
1.171754 
1.392091 
5.608908 
1.124338 
1.221454 
1.249773 
1.494486 
1.331834 
1.217039 
2.188545 
1.323329 
1.513829 
1.500335 
1.868882 
1.786557 
1.218686 
1.593492 
1.691419 
1.566115 
1.645699 
1.230594 
1.434353 
2.385192 
1.679203 
1.468265 
1.368440 
1.080244 
1.364590 
1.085666 
1.042569 
1.500629 
1.773086 
1.441578 
1.780209 
1.833686 
1.918628 
1.331829 
1.816994 
1.288061 
1.448405 
1.760727 
1.301371 
1.209370 
1.395584 
1.484560 
2.152912 
1.321098 
1.474657 
0.883556 
1.879282 
1.826570 
1.799301 
0.632051 
1.152421 
1.623437 
1.718677 
1.851665 
1.257967 
1.755773 
1.729810 
1.725320 
1.738485 
1.303698 
1.503302 
1.084703 
1.049771 
1.179770 
1.347786 
1.406883 
1.459895 
1.426330 
1.043469 
1.666628 
1.741485 
1.555409 
1.377707 
2.365611 
1.228237 
1.565913 
1.357390 
0.987404 
1.510188 
1.245468 
1.425441 
1.129069 
1.358324 
0.971739 
1.591115 
1.837115 
1.726252 
1.085041 
0.983164 
1.166195 
2.076186 
1.648131 
1.422288 
1.857915 
1.572059 
1.375055 
1.035086 
0.683275 
1.886520 
1.317704 
1.747219 
0.873657 
1.096154 
1.220609 
0.734498 
1.546586 
0.976769 
1.641445 
0.920498 
1.116467 
1.812212 
1.323464 
1.576308 
1.529792 
1.308932 
1.730404 
0.890833 
1.655116 
1.269506 
1.608972 
2.046170 
1.211503 
1.509329 
1.246687 
1.517040 
2.219868 
1.383338 
0.755798 
1.632439 
1.419269 
0.718675 
1.829586 
1.424452 
0.841794 
1.874194 
1.930051 
2.043061 
1.262943 
1.155734 
1.889717 
1.868753 
1.389103 
1.153311 
2.002470 
1.898697 
1.489233 
1.550078 
1.938987 
1.362519 
1.388089 
1.596212 
0.912729 
0.960831 
0.742000 
1.767475 
1.542309 
1.329463 
1.339403 
1.622719 
1.752453 
1.681186 
1.451692 
1.257828 
1.338003 
1.230723 
0.930835 
0.963162 
1.223753 
1.702747 
2.071025 
1.056757 
1.475155 
1.308601 
0.957052 
1.944574 
1.478897 
1.881226 
1.252092 
1.733065 
1.743425 
1.942009 
1.208948 
1.813988 
1.379850 
0.995245 
1.085980 
1.388286 
1.210573 
1.266321 
1.471196 
1.638127 
1.041956 
1.326404 
1.838936 
1.310474 
1.820874 
1.360243 
1.258034 
1.640177 
1.610770 
1.398000 
1.271883 
2.059694 
2.001106 
1.066972 
1.320753 
1.076296 
0.791790 
1.439374 
1.067060 
0.881372 
1.528687 
1.661664 
1.416078 
1.322422 
1.142019 
1.052148 
0.842963 
1.708947 
2.095424 
2.475125 
1.401225 
0.963216 
2.170040 
1.396478 
1.467521 
1.093967 
0.991607 
1.626320 
0.894924 
1.265356 
1.037730 
1.418809 
1.194037 
2.173856 
1.019511 
1.823424 
0.870984 
1.287572 
1.289108 
1.642462 
0.886857 
1.339689 
1.837792 
1.365010 
1.939353 
1.218310 
1.536711 
1.772181 
1.313240 
1.025149 
1.572513 
2.002096 
1.823753 
1.434265 
1.971759 
1.580007 
1.125337 
1.388105 
1.911558 
2.092167 
1.674584 
1.282903 
1.388010 
1.419607 
1.762415 
1.390038 
1.381125 
1.222817 
1.576549 
0.931808 
1.416129 
1.978988 
1.295610 
1.740345 
1.771689 
1.445206 
1.456660 
1.328485 
1.599285 
1.006938 
1.951993 
1.586408 
1.265645 
0.953892 
2.022380 
1.773640 
1.177187 
1.798967 
1.761983 
1.478177 
1.312250 
1.139295 
1.409620 
1.674743 
1.698189 
1.193001 
2.196568 
1.680800 
1.496092 
1.290361 
2.332489 
1.488134 
1.340393 
1.025859 
1.220136 
1.290620 
1.453491 
1.743198 
1.608974 
0.879312 
2.763137 
1.832831 
1.745301 
1.153123 
1.461561 
1.986030 
1.675031 
1.351237 
1.042082 
1.727508 
1.114121 
1.921906 
1.371655 
1.841268 
1.580236 
1.678293 
1.951118 
1.456749 
1.345536 
1.518745 
0.698758 
1.971858 
0.671444 
1.418708 
0.776443 
1.371154 
0.928748 
1.271119 
1.157094 
1.376587 
0.953054 
1.356764 
1.244774 
1.716739 
1.693280 
1.609376 
1.702789 
0.816288 
0.989771 
1.838938 
0.926433 
1.807702 
1.237624 
1.155849 
1.265635 
0.981451 
2.045361 
1.507577 
1.204424 
1.349891 
1.257579 
1.391690 
1.421464 
1.172681 
2.513306 
1.801583 
1.399080 
0.947634 
1.611753 
1.309338 
1.110380 
1.829180 
1.545228 
1.013145 
1.875152 
1.613262 
1.628674 
1.691291 
1.040715 
1.737466 
0.990983 
1.865404 
1.858272 
1.830605 
1.156117 
1.169534 
0.696740 
1.719378 
1.481263 
1.511728 
1.155492 
1.890485 
2.233707 
0.926858 
1.330722 
0.942505 
1.632106 
1.200978 
1.464034 
2.069758 
1.537816 
1.428205 
2.126067 
1.461310 
1.749660 
0.910730 
0.953224 
1.607233 
0.868127 
1.637728 
1.199316 
1.483494 
1.357281 
1.164843 
1.475510 
1.075784 
1.720400 
1.893909 
1.137062 
1.557310 
0.949607 
1.447241 
2.443472 
1.066144 
1.547939 
1.462204 
1.618822 
2.213996 
1.126808 
1.461211 
1.547537 
2.026398 
1.202561 
1.101565 
2.371639 
1.684802 
2.096368 
0.942713 
1.665491 
1.606624 
1.027142 
0.937552 
1.246225 
1.026311 
1.001016 
1.372630 
1.584486 
2.270078 
0.695163 
1.340145 
1.087110 
1.934657 
1.527859 
1.435061 
2.139336 
1.359927 
2.388875 
1.391131 
1.298253 
1.911914 
2.023458 
1.999675 
1.861765 
1.805030 
1.863193 
0.996516 
1.312013 
1.287385 
1.503603 
1.033275 
1.512341 
1.636722 
1.270917 
1.783579 
1.930706 
1.884217 
1.506991 
1.318302 
1.617906 
1.573340 
2.463919 
1.321590 
1.424392 
1.607212 
1.536126 
1.291909 
0.795479 
0.891831 
0.597590 
1.886298 
1.261367 
1.236921 
1.486623 
1.238857 
2.074262 
1.106847 
1.291117 
1.591564 
1.051680 
1.175215 
0.755557 
0.842934 
1.082309 
0.850490 
1.850294 
1.800753 
1.410567 
1.608796 
1.348986 
1.152308 
1.337521 
1.707619 
1.590872 
1.303447 
1.001508 
1.228359 
0.848467 
1.522887 
1.622542 
1.233542 
1.194018 
1.100997 
2.231538 
2.091571 
1.809140 
1.297089 
1.298759 
1.080508 
1.282523 
0.715635 
1.436525 
0.976677 
1.295454 
1.521684 
1.750730 
1.355795 
1.596962 
1.939199 
1.613147 
0.917928 
1.429506 
0.950600 
1.166685 
1.274221 
1.748060 
1.439002 
1.548611 
1.132689 
1.642582 
1.776230 
1.429755 
2.074085 
1.422719 
1.105047 
1.266590 
0.602476 
1.090083 
1.006085 
1.811821 
1.232358 
1.331242 
1.749898 
1.175563 
1.641284 
1.397197 
1.590906 
0.952301 
1.826571 
1.301256 
0.967489 
0.691046 
1.507981 
1.106933 
1.092003 
2.027397 
2.000014 
1.399326 
1.625869 
1.334093 
1.009085 
1.440454 
1.881910 
1.696643 
1.278046 
1.595376 
1.407152 
1.494257 
1.597475 
0.990280 
1.713827 
1.187793 
1.069522 
1.303794 
1.056953 
0.618296 
1.450711 
1.195120 
1.205164 
1.492567 
0.817389 
0.894391 
1.336534 
1.489974 
1.310546 
1.044885 
1.623167 
1.826653 
0.940454 
2.011693 
1.358396 
1.907595 
1.628816 
1.089072 
1.089189 
0.824236 
1.091075 
1.254038 
1.213322 
0.868461 
1.421078 
0.890677 
1.377864 
0.995207 
1.425206 
1.165368 
2.435920 
1.551643 
1.354281 
1.352293 
1.918958 
1.588595 
1.495062 
0.611308 
1.314906 
1.560657 
1.164896 
1.044011 
1.487461 
1.334749 
1.422103 
1.236468 
1.247772 
1.201272 
1.366798 
1.462901 
1.256969 
1.404092 
1.378283 
1.372595 
1.443626 
0.887277 
1.983822 
0.806901 
0.846413 
1.019402 
1.529626 
1.369800 
1.311586 
1.048423 
2.014465 
0.978346 
1.205270 
0.620984 
1.262778 
1.220397 
0.962991 
1.626824 
2.163568 
1.514533 
1.429181 
0.749196 
1.509511 
1.596633 
1.263765 
1.186294 
1.310317 
1.197010 
1.903225 
1.393634 
1.476959 
1.115434 
1.347014 
1.443175 
1.435491 
1.634634 
1.432889 
1.330110 
0.645863 
2.004102 
1.715773 
1.313110 
1.631882 
0.963108 
1.784948 
1.118685 
1.518323 
1.170614 
0.729661 
1.201248 
1.582759 
1.700027 
1.577904 
1.730196 
1.454163 
0.927157 
1.389487 
1.969033 
1.310486 
1.214507 
1.444858 
1.284310 
0.288775 
1.168746 
1.126131 
1.028843 
1.889173 
1.445655 
1.908219 
1.230090 
1.389458 
1.546281 
1.086392 
1.507284 
1.637750 
1.520490 
1.918761 
1.721944 
2.397383 
2.183968 
2.362027 
1.463897 
1.554290 
1.919670 
1.871642 
1.252071 
1.517229 
1.245821 
1.855178 
1.535830 
1.832357 
1.383442 
1.396806 
1.678250 
1.347395 
1.639919 
1.992768 
1.150790 
1.827880 
1.337376 
1.536872 
1.087246 
1.012564 
1.266907 
1.476236 
1.906759 
1.431489 
1.490892 
1.709319 
1.560462 
2.039259 
1.430179 
1.123189 
1.915572 
1.825343 
1.539970 
1.577112 
3.786562 
1.520418 
1.935501 
1.754800 
1.326248 
1.356989 
0.888316 
1.391762 
1.240538 
1.575035 
1.810044 
1.296887 
0.650614 
1.789157 
1.659221 
1.177127 
1.902122 
0.884120 
1.328753 
1.606225 
0.882088 
1.410788 
1.128873 
1.684865 
2.916840 
1.632468 
1.330844 
0.987959 
1.976857 
3.763433 
2.102237 
5.640598 
1.731728 
2.448594 
3.511174 
3.062149 
2.593438 
2.256272 
2.551167 
2.401596 
2.211978 
2.445932 
4.362567 
2.120153 
2.361125 
2.678366 
2.602885 
2.519714 
2.611568 
2.554044 
2.548256 
2.345012 
2.457694 
2.512691 
2.451954 
2.012479 
2.278174 
2.417750 
3.276471 
2.565926 
2.064377 
2.369929 
1.584505 
2.728326 
2.327342 
2.103741 
3.290329 
2.392410 
2.158762 
