41899.457031 2678.027832 1476.652344 915.815369 12807.187500 
41878.652344 2650.218750 1677.912109 992.948242 13076.626953 
35114.175781 2387.200928 1330.035889 1100.257935 11140.352539 
41297.941406 3617.309570 2543.810303 1779.925171 13242.000000 
43020.281250 2720.865479 1470.667969 1036.854736 11099.092773 
42662.097656 3266.401611 1880.223633 1149.708252 10904.770508 
52941.070312 3473.940430 1969.825928 1665.058350 16341.124023 
57761.457031 3275.371582 1938.598145 1270.526611 25931.171875 
51988.175781 2969.487549 2104.373779 924.464172 14380.223633 
55506.105469 3802.919189 2813.157471 2140.503418 9782.828125 
50202.675781 3001.264893 1640.687866 1187.019165 13996.860352 
39600.804688 2400.503906 1469.471802 724.964905 11499.798828 
48871.359375 3924.530273 2283.492188 1340.604492 14517.933594 
45710.128906 3075.080078 1731.269897 1509.144287 15629.884766 
50249.484375 3833.022461 2428.296387 1477.073364 12531.230469 
46209.339844 3086.128662 1956.989136 1262.694458 16597.958984 
46688.515625 3331.692871 1770.294434 921.799805 14533.598633 
42146.562500 2809.420654 1926.173950 1226.571167 16556.730469 
55210.132812 3666.773193 2164.862305 1602.585938 17641.798828 
48442.808594 3542.092773 1723.961426 1516.395996 18379.193359 
