99.428719 29.323496 27.728279 34.966885 39.062073 0.019782 
105.178093 130.257797 124.705994 118.741982 106.520844 0.019782 
100.419334 23.902409 26.765022 35.453827 53.575039 0.019782 
107.648407 128.137955 122.750198 112.981079 103.070786 0.034264 
96.216911 68.903992 75.978683 82.337067 86.218414 0.000000 
103.212975 27.797861 28.407408 36.127800 49.429531 0.000000 
95.820908 34.452065 38.108707 41.081470 50.113247 0.000000 
97.165863 71.086739 80.798256 88.663101 89.139023 0.000000 
94.480659 89.285172 89.481346 93.107948 90.992920 0.000000 
96.491333 60.751392 63.582092 65.523346 63.733368 0.000000 
105.320953 49.461288 55.199894 63.808102 71.876198 0.000000 
106.389244 66.677490 69.010109 67.939209 65.690819 0.000000 
99.314117 31.694807 38.388954 59.016109 72.363029 0.019782 
104.888100 89.715530 92.923935 95.051857 95.086731 0.000000 
95.181702 50.313908 65.418785 72.520523 77.689049 0.000000 
97.610695 29.218222 34.501827 38.573536 46.178528 0.000000 
98.662842 72.955040 76.207130 79.096970 86.428391 0.000000 
94.527817 28.991587 32.012764 38.791336 44.419765 0.000000 
100.334427 93.235321 96.821541 95.818146 92.803452 0.034264 
111.267311 36.993698 29.859415 38.606743 43.882130 0.000000 
