Episode: 1: [[0.001 0.    0.    0.    0.    0.    0.    0.    0.    0.   ]
 [0.001 0.    0.    0.    0.    0.    0.    0.    0.    0.   ]
 [0.001 0.    0.    0.    0.    0.    0.    0.    0.    0.   ]
 [0.001 0.    0.    0.    0.    0.    0.    0.    0.    0.   ]
 [0.001 0.    0.    0.    0.    0.    0.    0.    0.    0.   ]
 [0.001 0.    0.    0.    0.    0.    0.    0.    0.    0.   ]
 [0.001 0.    0.    0.    0.    0.    0.    0.    0.    0.   ]] 
Episode: 2: [[ 0.0017     -0.0007      0.0007     -0.00069996 -0.0007      0.
   0.0007      0.         -0.0007     -0.0007    ]
 [ 0.0017     -0.0007      0.0007     -0.00069996 -0.0007      0.
   0.0007      0.         -0.0007     -0.0007    ]
 [ 0.0017     -0.0007      0.0007     -0.00069996 -0.0007      0.
   0.0007      0.         -0.0007     -0.0007    ]
 [ 0.0017     -0.0007      0.0007     -0.00069997 -0.0007      0.
   0.0007      0.         -0.0007     -0.0007    ]
 [ 0.0017     -0.0007      0.0007     -0.00069997 -0.0007      0.
   0.0007      0.         -0.0007     -0.0007    ]
 [ 0.0017     -0.0007      0.0007     -0.00069998 -0.0007      0.
   0.0007      0.         -0.0007     -0.0007    ]
 [ 0.0017     -0.0007      0.0007     -0.00069999 -0.0007      0.
   0.0007      0.         -0.0007     -0.0007    ]] 
Episode: 3: [[ 0.00235787 -0.00139834  0.00122226 -0.00123878 -0.00139321  0.
   0.00137604  0.         -0.00128445 -0.00138938]
 [ 0.00236428 -0.0013855   0.00121887 -0.00123845 -0.00138523  0.
   0.00137106  0.         -0.00124056 -0.00139691]
 [ 0.00236506 -0.00137351  0.00121534 -0.00123825 -0.00137843  0.
   0.00136984  0.         -0.00121535 -0.00139758]
 [ 0.00235783 -0.00137996  0.00121172 -0.00123855 -0.00137247  0.
   0.00136927  0.         -0.00119941 -0.00139909]
 [ 0.00233946 -0.00139348  0.00120885 -0.00123929 -0.00137039  0.
   0.0013698   0.         -0.00118835 -0.00139999]
 [ 0.00232297 -0.00139973  0.00120775 -0.00123992 -0.00137195  0.
   0.0013709   0.         -0.00118771 -0.00140042]
 [ 0.00231774 -0.00140064  0.0012068  -0.00124132 -0.00137356  0.
   0.00136983  0.         -0.00119442 -0.00140094]] 
