Episode: 1: [0.5        0.199211   0.07937005 0.03162278 0.01259921 0.0050198
 0.002     ] 
Episode: 2: [0.5        0.199211   0.07937005 0.03162278 0.01259921 0.0050198
 0.002     ] 
Episode: 3: [0.5        0.199211   0.07937005 0.03162278 0.01259921 0.0050198
 0.002     ] 
Episode: 4: [0.5        0.199211   0.07937005 0.03162278 0.01259921 0.0050198
 0.002     ] 
Episode: 5: [0.5        0.199211   0.07937005 0.03162278 0.01259921 0.0050198
 0.002     ] 
Episode: 6: [0.5        0.199211   0.07937005 0.03162278 0.01259921 0.0050198
 0.002     ] 
Episode: 7: [0.5        0.199211   0.07937005 0.03162278 0.01259921 0.0050198
 0.002     ] 
Episode: 8: [0.5        0.199211   0.07937005 0.03162278 0.01259921 0.0050198
 0.002     ] 
Episode: 9: [0.5        0.199211   0.07937005 0.03162278 0.01259921 0.0050198
 0.002     ] 
Episode: 10: [0.5        0.199211   0.07937005 0.03162278 0.01259921 0.0050198
 0.002     ] 
Episode: 11: [0.5        0.199211   0.07937005 0.03162278 0.01259921 0.0050198
 0.002     ] 
Episode: 12: [0.5        0.199211   0.07937005 0.03162278 0.01259921 0.0050198
 0.002     ] 
Episode: 13: [0.5        0.199211   0.07937005 0.03162278 0.01259921 0.0050198
 0.002     ] 
Episode: 14: [0.5        0.199211   0.07937005 0.03162278 0.01259921 0.0050198
 0.002     ] 
Episode: 15: [0.5        0.199211   0.07937005 0.03162278 0.01259921 0.0050198
 0.002     ] 
Episode: 16: [0.5        0.199211   0.07937005 0.03162278 0.01259921 0.0050198
 0.002     ] 
Episode: 17: [0.5        0.199211   0.07937005 0.03162278 0.01259921 0.0050198
 0.002     ] 
Episode: 18: [0.5        0.199211   0.07937005 0.03162278 0.01259921 0.0050198
 0.002     ] 
Episode: 19: [0.5        0.199211   0.07937005 0.03162278 0.01259921 0.0050198
 0.002     ] 
Episode: 20: [0.5        0.199211   0.07937005 0.03162278 0.01259921 0.0050198
 0.002     ] 
Episode: 21: [0.5        0.199211   0.07937005 0.03162278 0.01259921 0.0050198
 0.002     ] 
Episode: 22: [0.5        0.199211   0.07937005 0.03162278 0.01259921 0.0050198
 0.002     ] 
Episode: 23: [0.5        0.199211   0.07937005 0.03162278 0.01259921 0.0050198
 0.002     ] 
Episode: 24: [0.5        0.199211   0.07937005 0.03162278 0.01259921 0.0050198
 0.002     ] 
Episode: 25: [0.5        0.199211   0.07937005 0.03162278 0.01259921 0.0050198
 0.002     ] 
Episode: 26: [0.5        0.199211   0.07937005 0.03162278 0.01259921 0.0050198
 0.002     ] 
Episode: 27: [0.5        0.199211   0.07937005 0.03162278 0.01259921 0.0050198
 0.002     ] 
Episode: 28: [0.5        0.199211   0.07937005 0.03162278 0.01259921 0.0050198
 0.002     ] 
Episode: 29: [0.5        0.199211   0.07937005 0.03162278 0.01259921 0.0050198
 0.002     ] 
Episode: 30: [0.5        0.199211   0.07937005 0.03162278 0.01259921 0.0050198
 0.002     ] 
Episode: 31: [0.5        0.199211   0.07937005 0.03162278 0.01259921 0.0050198
 0.002     ] 
Episode: 32: [0.5        0.199211   0.07937005 0.03162278 0.01259921 0.0050198
 0.002     ] 
Episode: 33: [0.5        0.199211   0.07937005 0.03162278 0.01259921 0.0050198
 0.002     ] 
Episode: 34: [0.5        0.199211   0.07937005 0.03162278 0.01259921 0.0050198
 0.002     ] 
Episode: 35: [0.5        0.199211   0.07937005 0.03162278 0.01259921 0.0050198
 0.002     ] 
Episode: 36: [0.5        0.199211   0.07937005 0.03162278 0.01259921 0.0050198
 0.002     ] 
Episode: 37: [0.5        0.199211   0.07937005 0.03162278 0.01259921 0.0050198
 0.002     ] 
Episode: 38: [0.5        0.199211   0.07937005 0.03162278 0.01259921 0.0050198
 0.002     ] 
Episode: 39: [0.5        0.199211   0.07937005 0.03162278 0.01259921 0.0050198
 0.002     ] 
Episode: 40: [0.5        0.199211   0.07937005 0.03162278 0.01259921 0.0050198
 0.002     ] 
Episode: 41: [0.5        0.199211   0.07937005 0.03162278 0.01259921 0.0050198
 0.002     ] 
Episode: 42: [0.5        0.199211   0.07937005 0.03162278 0.01259921 0.0050198
 0.002     ] 
Episode: 43: [0.5        0.199211   0.07937005 0.03162278 0.01259921 0.0050198
 0.002     ] 
Episode: 44: [0.5        0.199211   0.07937005 0.03162278 0.01259921 0.0050198
 0.002     ] 
Episode: 45: [0.5        0.199211   0.07937005 0.03162278 0.01259921 0.0050198
 0.002     ] 
Episode: 46: [0.5        0.199211   0.07937005 0.03162278 0.01259921 0.0050198
 0.002     ] 
Episode: 47: [0.5        0.199211   0.07937005 0.03162278 0.01259921 0.0050198
 0.002     ] 
