Episode: 1: [[ 2.1634536e-05 -1.7807072e-04  2.0140246e-04 -7.4237629e-05
  -1.3169962e-04]
 [ 1.8087409e-04 -1.4747029e-04  9.5025549e-05  1.8861765e-04
  -1.9460652e-04]
 [ 9.6696938e-05  8.3346560e-05 -1.4158577e-04 -2.2469567e-04
   9.1399656e-05]
 [ 5.7836794e-05  2.7582186e-05  1.4454317e-04  4.4327171e-04
   1.6669735e-04]
 [ 1.2213558e-04  3.4623701e-04  1.1495770e-04 -2.6354726e-04
   2.0305364e-04]] 
Episode: 11: [[ 4.6743269e-04 -2.0652339e-03  2.9969879e-03 -1.5127774e-03
   7.3525967e-04]
 [-1.4550006e-04  2.8130232e-04  9.1340754e-04  1.2659916e-03
   1.7762255e-04]
 [ 1.8961252e-04 -3.1751860e-03  6.7414549e-05 -2.9135072e-03
   2.2057900e-03]
 [ 1.2532810e-03 -2.2773570e-04  1.5332793e-03  1.2303487e-03
  -3.0623551e-04]
 [ 1.8085432e-03  2.1156310e-03  3.8949537e-04 -6.2673091e-04
  -2.0634630e-03]] 
Episode: 21: [[ 1.3197954e-03 -4.6773758e-03  5.8026644e-03 -2.8007200e-03
   1.2516157e-03]
 [-1.6387027e-04 -8.0466171e-04  1.2024101e-03  3.2442319e-03
   5.8942074e-05]
 [ 1.3126318e-03 -7.5478018e-03  1.5969558e-04 -5.0598243e-03
   3.9119283e-03]
 [ 2.4601470e-03 -2.1783905e-03  4.1093375e-03  2.4299161e-03
  -7.6880626e-04]
 [ 2.8164615e-03  3.9627473e-03  6.7926128e-04 -1.5849310e-03
  -4.1528819e-03]] 
Episode: 31: [[ 0.00309787 -0.00762893  0.00741481 -0.00374673  0.0013493 ]
 [-0.00030577 -0.00139129  0.00063477  0.0047728  -0.00034324]
 [ 0.00140149 -0.0092814   0.00040939 -0.00706612  0.0044335 ]
 [ 0.00285746 -0.00373903  0.00694815  0.00476899  0.00052704]
 [ 0.00520708  0.0056721   0.00193539 -0.00269976 -0.00485825]] 
Episode: 41: [[ 4.43358673e-03 -9.68290120e-03  1.08603034e-02 -4.35196375e-03
   1.96315232e-03]
 [ 2.25804579e-05 -8.64797796e-04  1.11095223e-03  5.91670442e-03
   1.86420875e-04]
 [ 2.16952269e-03 -1.22359693e-02  5.74983424e-04 -1.00070415e-02
   5.68778440e-03]
 [ 3.79356975e-03 -4.92302421e-03  8.66010133e-03  6.83664577e-03
   5.41061338e-04]
 [ 5.69614256e-03  7.85579439e-03  1.98473223e-03 -2.31440063e-03
  -6.74611004e-03]] 
Episode: 51: [[ 3.9155744e-03 -1.2327087e-02  1.3361298e-02 -2.8127655e-03
   1.2344284e-03]
 [-1.1871901e-03 -1.3847941e-03  1.1254434e-03  8.3075166e-03
   7.0931841e-05]
 [ 2.8016740e-03 -1.4527567e-02  1.4726215e-03 -1.0762940e-02
   7.2955233e-03]
 [ 5.1646205e-03 -6.8388963e-03  1.1226749e-02  9.8945554e-03
   9.5132116e-04]
 [ 6.6554826e-03  9.8652206e-03  1.8492161e-03 -4.4943430e-03
  -8.3761783e-03]] 
Episode: 61: [[ 0.00371833 -0.01338866  0.01630234 -0.00212889  0.001498  ]
 [-0.00112136 -0.00051449  0.00146761  0.00923577  0.00018561]
 [ 0.00346287 -0.01610127  0.00149882 -0.01360153  0.00870117]
 [ 0.00656422 -0.00775727  0.01342202  0.01279433  0.00160734]
 [ 0.00687014  0.01171902  0.00219551 -0.00445294 -0.00977762]] 
Episode: 71: [[ 4.92072525e-03 -1.51721118e-02  1.76847372e-02 -2.53628194e-03
   9.47221706e-04]
 [-5.08196244e-05 -2.04209378e-03  2.30383174e-03  1.11768879e-02
   1.18596145e-04]
 [ 3.91524704e-03 -1.85461286e-02  1.93425315e-03 -1.52052352e-02
   9.37079918e-03]
 [ 7.45122507e-03 -9.06901713e-03  1.59136653e-02  1.59130022e-02
   1.91683008e-03]
 [ 7.29310513e-03  1.34136369e-02  2.21968140e-03 -5.65838534e-03
  -9.83337313e-03]] 
Episode: 81: [[ 0.00382809 -0.01651916  0.02101008 -0.0026244   0.00091221]
 [-0.00109124 -0.00103228  0.00272488  0.01228076  0.00157659]
 [ 0.00376554 -0.0210305   0.00234192 -0.01834415  0.01163111]
 [ 0.00907495 -0.01104949  0.01877531  0.01985282  0.00126029]
 [ 0.00760143  0.01491521  0.00112135 -0.00540615 -0.01302754]] 
Episode: 91: [[ 0.00312712 -0.01807027  0.02212398 -0.00277215 -0.00075254]
 [-0.00070675 -0.00266963  0.00392002  0.01406166  0.00123859]
 [ 0.00437254 -0.02142725  0.00126469 -0.02080233  0.01327989]
 [ 0.0102662  -0.01265212  0.02034392  0.02450833  0.00156309]
 [ 0.00721959  0.01703812  0.00035222 -0.00642884 -0.01296761]] 
Episode: 101: [[ 0.00153601 -0.01897868  0.02593756 -0.00142564 -0.00071301]
 [-0.0025701  -0.00110937  0.00601104  0.01440088  0.00207013]
 [ 0.00524408 -0.02390867  0.00280934 -0.02390469  0.01589997]
 [ 0.01281542 -0.01425758  0.02217699  0.02774632  0.00094971]
 [ 0.0076922   0.01833418 -0.00266319 -0.00607715 -0.015762  ]] 
Episode: 111: [[-0.00229581 -0.01782128  0.02770886  0.00298542 -0.00184519]
 [-0.00297212 -0.00081541  0.00968812  0.01589802  0.00258856]
 [ 0.00770263 -0.02371721  0.00317122 -0.02686623  0.01965066]
 [ 0.01641658 -0.01532517  0.02506354  0.03263829  0.00197532]
 [ 0.00862438  0.01898154 -0.00395962 -0.00705715 -0.01814717]] 
Episode: 121: [[-6.46456005e-03 -1.78091619e-02  3.01481485e-02  4.75466251e-03
  -3.49836610e-03]
 [-3.49173881e-03 -3.09637471e-06  1.18738655e-02  1.75529663e-02
   3.60224955e-03]
 [ 8.72666202e-03 -2.34671626e-02  2.55859923e-03 -3.07786055e-02
   2.33325232e-02]
 [ 1.89733393e-02 -1.69166792e-02  2.79092062e-02  3.95979024e-02
   2.21812865e-03]
 [ 9.63670760e-03  2.04689018e-02 -5.98863140e-03 -7.68820057e-03
  -2.04360578e-02]] 
Episode: 131: [[-0.01129565 -0.01648338  0.03311217  0.00813414 -0.00352858]
 [-0.00291153  0.00229777  0.01452101  0.01911004  0.00515339]
 [ 0.01047501 -0.02539735  0.00327144 -0.03520946  0.02744504]
 [ 0.0224875  -0.01708212  0.03119177  0.04455024  0.00169619]
 [ 0.00813108  0.02081433 -0.00647036 -0.007629   -0.02289527]] 
Episode: 141: [[-0.01900966 -0.01474165  0.0358574   0.01352979 -0.0037419 ]
 [-0.00265509  0.00499455  0.01926647  0.01900563  0.00753015]
 [ 0.01423405 -0.0249251   0.00248394 -0.04458107  0.03410854]
 [ 0.02810813 -0.01714251  0.03478804  0.05334153  0.00192916]
 [ 0.00829461  0.02107978 -0.00625214 -0.00697402 -0.02569897]] 
Episode: 151: [[-0.02098648 -0.01364055  0.03756439  0.01501189 -0.00486183]
 [-0.00166357  0.00490168  0.021861    0.01917787  0.00798655]
 [ 0.01559647 -0.02504497  0.00115152 -0.04734419  0.03658575]
 [ 0.02975247 -0.01736314  0.03519515  0.05707972  0.00206261]
 [ 0.00677881  0.02284021 -0.00615282 -0.00526756 -0.02771914]] 
Episode: 161: [[-0.02258173 -0.01431092  0.03884017  0.01581787 -0.00453407]
 [-0.00134179  0.00535636  0.02346792  0.01843942  0.0080296 ]
 [ 0.01808406 -0.02560682 -0.00023464 -0.0527211   0.03903507]
 [ 0.0323116  -0.01793337  0.03610861  0.06045895  0.00229579]
 [ 0.00698412  0.02430958 -0.0057841  -0.0038908  -0.0281954 ]] 
Episode: 171: [[-0.0246908  -0.01382909  0.0395545   0.0155056  -0.00226278]
 [-0.00025634  0.00836133  0.02656375  0.0173663   0.01117775]
 [ 0.01777701 -0.02734591  0.00225973 -0.06110219  0.04274923]
 [ 0.0355532  -0.01625195  0.03876929  0.06418911  0.00076428]
 [ 0.00744069  0.02226617 -0.00516574 -0.0017153  -0.02949602]] 
Episode: 181: [[-2.54148003e-02 -1.44047346e-02  4.30595838e-02  1.79027393e-02
  -3.44054936e-03]
 [ 5.09352249e-05  8.93731602e-03  2.81906109e-02  1.81292295e-02
   1.06554795e-02]
 [ 1.91355422e-02 -2.72336137e-02  2.21467461e-03 -6.27072081e-02
   4.40948047e-02]
 [ 3.70370559e-02 -1.67203024e-02  3.88401188e-02  6.85201883e-02
   1.26133522e-03]
 [ 5.47348987e-03  2.56701168e-02 -6.21644827e-03 -1.06873084e-03
  -3.02876495e-02]] 
Episode: 191: [[-0.02776638 -0.01557355  0.04457148  0.01741091 -0.00192369]
 [ 0.00151153  0.01081137  0.0299413   0.0176587   0.01243047]
 [ 0.01917343 -0.02776808  0.00483294 -0.07037551  0.04714851]
 [ 0.03999468 -0.01494199  0.04223222  0.07391494  0.0007837 ]
 [ 0.00747139  0.02489328 -0.00427651 -0.00102646 -0.03043615]] 
Episode: 201: [[-0.02901858 -0.01586747  0.04737284  0.01715131 -0.00116059]
 [ 0.00212695  0.01209051  0.02999798  0.01663839  0.01332635]
 [ 0.01956841 -0.02899586  0.00536109 -0.0735754   0.04787791]
 [ 0.04134529 -0.01437934  0.0436871   0.07650858  0.00066835]
 [ 0.00850556  0.02564776 -0.00401103 -0.00081146 -0.03114012]] 
Episode: 211: [[-0.00828461 -0.02434292  0.00385082  0.00844501 -0.03381919]
 [ 0.00055347 -0.06592677  0.08874951 -0.0078478   0.04102871]
 [-0.04005931  0.02552487 -0.00390691 -0.08977035  0.05995732]
 [ 0.03879777  0.00307935 -0.03180911  0.15881148 -0.0415487 ]
 [-0.04011494  0.04904569 -0.04017441  0.00846769 -0.00516335]] 
Episode: 221: [[-0.03596051 -0.02283318 -0.00678971  0.03389176 -0.01750632]
 [-0.01188146 -0.03925699  0.08197895 -0.0670669   0.07090493]
 [-0.06061321  0.00671077  0.00816597 -0.19604003  0.08890993]
 [ 0.05985488 -0.01367559 -0.0003921   0.25653884 -0.03939573]
 [-0.04929151  0.03622415  0.01008301  0.10282982 -0.03962575]] 
Episode: 231: [[-0.03429804 -0.02067769  0.00305725  0.03229704 -0.00568271]
 [-0.01154211 -0.03954579  0.08818939 -0.09086177  0.08126062]
 [-0.07462927 -0.02439075  0.01992355 -0.23806757  0.09934565]
 [ 0.07681721 -0.01468814  0.01783818  0.28617686 -0.04474346]
 [-0.05638574  0.040263    0.0271104   0.13304251 -0.05625917]] 
Episode: 241: [[-0.04990083 -0.02434998  0.01042026  0.04690284  0.00315778]
 [-0.03009084 -0.02146185  0.07664001 -0.1138066   0.09701725]
 [-0.09671677 -0.0395945   0.02161987 -0.2881423   0.12015588]
 [ 0.08988529 -0.02481903  0.03519697  0.33372894 -0.04581712]
 [-0.06834648  0.04651934  0.05551932  0.17548056 -0.08718064]] 
Episode: 251: [[-0.04815999 -0.03583714  0.01206288  0.04782337  0.01064706]
 [-0.04072754 -0.01630861  0.07172441 -0.13578063  0.11499492]
 [-0.11884449 -0.05279631  0.02413636 -0.32635507  0.13204247]
 [ 0.09467209 -0.02837609  0.03725119  0.3668998  -0.05258432]
 [-0.08015103  0.05231344  0.07871015  0.21196687 -0.1091704 ]] 
Episode: 261: [[-0.043903   -0.04345492  0.01884772  0.04718921  0.01359255]
 [-0.0487624  -0.01669254  0.07226764 -0.14620657  0.12575892]
 [-0.1350754  -0.06779168  0.03110328 -0.33950245  0.13848983]
 [ 0.09583215 -0.02846633  0.03458954  0.38028792 -0.05919056]
 [-0.08412484  0.05768293  0.0868156   0.22784552 -0.12597431]] 
Episode: 271: [[-0.03912897 -0.06228041  0.02799465  0.04876577  0.01656179]
 [-0.06259774 -0.01406288  0.06771245 -0.15574208  0.13534395]
 [-0.15107779 -0.08415955  0.04061623 -0.35404238  0.14650673]
 [ 0.09864581 -0.0291687   0.02944664  0.3964762  -0.06555264]
 [-0.08464935  0.06927533  0.09682021  0.24397157 -0.1443639 ]] 
Episode: 281: [[-0.03669301 -0.07084187  0.03580627  0.04561215  0.01321446]
 [-0.07058265 -0.01939055  0.06804857 -0.1668282   0.1410231 ]
 [-0.16478045 -0.09662315  0.04440084 -0.36126783  0.15088038]
 [ 0.09590082 -0.03181493  0.01939247  0.40982917 -0.07196821]
 [-0.09199238  0.07719339  0.10000306  0.2622334  -0.15984648]] 
Episode: 291: [[-0.03365312 -0.07816535  0.03788573  0.04542614  0.01320608]
 [-0.07542174 -0.0210248   0.06765513 -0.17130792  0.1430695 ]
 [-0.17125748 -0.10211882  0.04862039 -0.36529976  0.15322039]
 [ 0.09687908 -0.03142365  0.01531757  0.41471523 -0.07452445]
 [-0.09460232  0.08191472  0.10389553  0.26962194 -0.16595604]] 
Episode: 301: [[-0.0286321  -0.08439106  0.04066906  0.04280285  0.01236234]
 [-0.08271527 -0.02514789  0.07047011 -0.17891458  0.1472085 ]
 [-0.1861834  -0.11257866  0.05710118 -0.37096372  0.1581038 ]
 [ 0.0980586  -0.03093105  0.01041805  0.42207327 -0.0797094 ]
 [-0.10117924  0.08699423  0.10875688  0.2845459  -0.17966814]] 
Episode: 311: [[-0.02550277 -0.08743025  0.04193231  0.04052553  0.01094134]
 [-0.08252236 -0.02826058  0.07170009 -0.18150404  0.14567277]
 [-0.1878376  -0.11425611  0.05879436 -0.37163028  0.15730451]
 [ 0.09656096 -0.03049071  0.0070685   0.42416283 -0.07984817]
 [-0.10208457  0.08944751  0.10962524  0.28776965 -0.17948858]] 
Episode: 321: [[-0.02415637 -0.09394843  0.04444912  0.03768244  0.00810945]
 [-0.08658142 -0.03175918  0.07273188 -0.18550742  0.14672793]
 [-0.19186057 -0.11810836  0.06002822 -0.3749708   0.15965989]
 [ 0.09516665 -0.03216259  0.00138991  0.4294809  -0.0819549 ]
 [-0.10280188  0.09322305  0.10984189  0.29437897 -0.18498181]] 
Episode: 331: [[-0.01813611 -0.09326041  0.04519768  0.03316823  0.00360424]
 [-0.08721262 -0.03833624  0.07841883 -0.19032323  0.14610273]
 [-0.20241421 -0.11977501  0.06360766 -0.37319326  0.15954734]
 [ 0.09097678 -0.03072188 -0.00661757  0.43268684 -0.08354499]
 [-0.11040345  0.09602965  0.10964251  0.3050898  -0.19015609]] 
Episode: 341: [[-0.0143292  -0.0985146   0.04683862  0.03046612  0.00301783]
 [-0.08774579 -0.03919833  0.07928523 -0.19135837  0.14591013]
 [-0.20480776 -0.12133199  0.06625059 -0.37488765  0.16001992]
 [ 0.090798   -0.0294915  -0.00926389  0.4346104  -0.08394666]
 [-0.11038334  0.09959962  0.11102769  0.30869856 -0.19209556]] 
Episode: 351: [[-0.00746436 -0.09792142  0.04913794  0.02321157 -0.00376272]
 [-0.08759448 -0.04802614  0.08309514 -0.1950475   0.1457146 ]
 [-0.21652886 -0.11543354  0.06649073 -0.367172    0.15630864]
 [ 0.08143173 -0.02795372 -0.02065972  0.43733934 -0.08458906]
 [-0.11556558  0.1023555   0.10806138  0.31445247 -0.19569942]] 
Episode: 361: [[-0.00241135 -0.10155796  0.05349952  0.02099804 -0.00677471]
 [-0.09111619 -0.0528744   0.08317731 -0.20199676  0.1486983 ]
 [-0.22562705 -0.11995672  0.06606945 -0.3675747   0.1560982 ]
 [ 0.07736493 -0.0287044  -0.03216815  0.44146726 -0.08797617]
 [-0.12375179  0.10841684  0.10865311  0.3271718  -0.20428963]] 
Episode: 371: [[-0.0013336  -0.10417115  0.05493524  0.01959299 -0.00803733]
 [-0.09190829 -0.05420016  0.08387526 -0.20297936  0.14743504]
 [-0.22622865 -0.1202763   0.06727178 -0.36819234  0.15631334]
 [ 0.07709829 -0.02867871 -0.03338765  0.44308594 -0.08742194]
 [-0.12251509  0.11031464  0.10882825  0.32816318 -0.20494059]] 
