Episode: 1: [[0.2 0.2 0.2 0.2 0.2]] 
Episode: 2: [[0.1993 0.1993 0.1993 0.1993 0.2007]] 
Episode: 3: [[0.19871257 0.19871059 0.1987092  0.19870733 0.20128998]] 
Episode: 4: [[0.19855037 0.19851741 0.1985145  0.19851325 0.20147541]] 
Episode: 5: [[0.19812961 0.1980834  0.1980797  0.19807865 0.20190635]] 
Episode: 6: [[0.19766825 0.19761282 0.19760941 0.19760978 0.20237412]] 
Episode: 7: [[0.19714789 0.19708616 0.19708297 0.19708428 0.20289886]] 
Episode: 8: [[0.19671628 0.19664691 0.1966433  0.19664411 0.20333646]] 
Episode: 9: [[0.19646053 0.1963822  0.19637439 0.1963722  0.20360151]] 
Episode: 10: [[0.19622807 0.1961404  0.19612703 0.19612022 0.20384456]] 
Episode: 11: [[0.19617452 0.1960733  0.19605272 0.19603932 0.20391297]] 
Episode: 12: [[0.19622356 0.19610786 0.19608042 0.19606188 0.20387895]] 
Episode: 13: [[0.19628005 0.19615068 0.1961158  0.19609182 0.20383723]] 
Episode: 14: [[0.19644289 0.19630148 0.19626029 0.19623189 0.20368719]] 
Episode: 15: [[0.19648041 0.19632934 0.19628365 0.1962514  0.20365974]] 
Episode: 16: [[0.19637279 0.19621578 0.19616772 0.196132   0.20377362]] 
Episode: 17: [[0.19620457 0.19603953 0.19598734 0.19594945 0.2039502 ]] 
Episode: 18: [[0.1960339  0.19586366 0.19580607 0.19576472 0.20412804]] 
Episode: 19: [[0.19582169 0.195645   0.19558208 0.19553863 0.20434801]] 
Episode: 20: [[0.19551773 0.1953338  0.19526625 0.19522116 0.2046599 ]] 
Episode: 21: [[0.19511452 0.194924   0.19485192 0.1948054  0.20507047]] 
Episode: 22: [[0.19486693 0.19466734 0.19458924 0.19453889 0.20532845]] 
Episode: 23: [[0.19462658 0.19441855 0.19433615 0.19428341 0.2055776 ]] 
Episode: 24: [[0.19437338 0.19415753 0.19407102 0.19401611 0.20583901]] 
Episode: 25: [[0.1941496  0.19392549 0.1938357  0.19377762 0.20607115]] 
Episode: 26: [[0.19395998 0.1937256  0.19362912 0.1935663  0.20627257]] 
Episode: 27: [[0.19368275 0.19343944 0.19333676 0.19327079 0.20656005]] 
Episode: 28: [[0.19344474 0.19319242 0.19308236 0.19301103 0.20680939]] 
Episode: 29: [[0.19336139 0.1930984  0.19298175 0.19290632 0.20690462]] 
Episode: 30: [[0.19316524 0.19289128 0.19276784 0.19268987 0.20711263]] 
Episode: 31: [[0.19294983 0.19266666 0.19253932 0.19246083 0.2073368 ]] 
Episode: 32: [[0.19266199 0.19236867 0.19223855 0.19216187 0.20763305]] 
Episode: 33: [[0.19232903 0.19202681 0.19189285 0.19181588 0.20797448]] 
Episode: 34: [[0.19192746 0.19161665 0.1914791  0.19140267 0.20838399]] 
Episode: 35: [[0.19154093 0.19122058 0.19107835 0.19100085 0.20878005]] 
Episode: 36: [[0.19123442 0.19090408 0.19075689 0.19067699 0.20909683]] 
Episode: 37: [[0.19099301 0.19065228 0.1904987  0.19041346 0.20935012]] 
Episode: 38: [[0.19074935 0.19039685 0.19023702 0.19014706 0.20960648]] 
Episode: 39: [[0.19052863 0.19016461 0.19000284 0.18991295 0.20983662]] 
Episode: 40: [[0.19043033 0.19005619 0.18989165 0.18980247 0.20994353]] 
Episode: 41: [[0.19032386 0.18993971 0.18977241 0.18968661 0.21005794]] 
Episode: 42: [[0.19010803 0.18971391 0.18954343 0.1894602  0.21028207]] 
Episode: 43: [[0.1899958  0.18959019 0.1894183  0.1893383  0.21040273]] 
Episode: 44: [[0.1899141  0.18949617 0.18932423 0.1892484  0.2104926 ]] 
Episode: 45: [[0.18974563 0.18931766 0.1891461  0.18907623 0.21066698]] 
Episode: 46: [[0.18955824 0.18911783 0.1889457  0.18888336 0.21086216]] 
Episode: 47: [[0.1893257  0.18887138 0.18869968 0.18864557 0.21110295]] 
Episode: 48: [[0.18903434 0.18856195 0.188386   0.18834002 0.21140788]] 
Episode: 49: [[0.18872708 0.18823567 0.18805578 0.18801981 0.21172887]] 
Episode: 50: [[0.18835418 0.18784487 0.18766467 0.18763763 0.2121132 ]] 
Episode: 51: [[0.18799104 0.18745963 0.18727963 0.1872727  0.21248816]] 
Episode: 52: [[0.18756603 0.1870116  0.18683207 0.18685514 0.21292342]] 
Episode: 53: [[0.18706597 0.18648799 0.18630907 0.18636927 0.21343258]] 
Episode: 54: [[0.18641898 0.18581936 0.18564083 0.18573202 0.21408877]] 
Episode: 55: [[0.18568082 0.18505852 0.18488184 0.1850064  0.21483582]] 
Episode: 56: [[0.18483913 0.18420021 0.18402293 0.18417165 0.21568596]] 
Episode: 57: [[0.18397197 0.18332623 0.18315177 0.18330823 0.21655561]] 
Episode: 58: [[0.1830417  0.18239088 0.1822159  0.18236943 0.21749109]] 
Episode: 59: [[0.18205337 0.18139942 0.18122353 0.18137503 0.21848296]] 
Episode: 60: [[0.18101476 0.18036795 0.18019854 0.18035974 0.21951401]] 
Episode: 61: [[0.17995313 0.1793362  0.17919602 0.17938116 0.2205423 ]] 
Episode: 62: [[0.17886138 0.17830989 0.17821844 0.17843878 0.22157097]] 
Episode: 63: [[0.17779067 0.17731422 0.1772768  0.17754912 0.22256728]] 
Episode: 64: [[0.17675994 0.17632894 0.17636204 0.17671105 0.22353333]] 
Episode: 65: [[0.17573838 0.17598778 0.17629193 0.1767944  0.22408865]] 
Episode: 66: [[0.17470971 0.17556766 0.17616245 0.17683327 0.2247068 ]] 
Episode: 67: [[0.17373803 0.17516609 0.1760497  0.17688671 0.22528468]] 
Episode: 68: [[0.17281178 0.17473394 0.17592305 0.17692953 0.22586083]] 
Episode: 69: [[0.17193641 0.17434141 0.17582752 0.17699477 0.22638485]] 
Episode: 70: [[0.17109276 0.17395982 0.1757485  0.17708549 0.22687928]] 
Episode: 71: [[0.17025742 0.17356431 0.17564474 0.17715098 0.2273915 ]] 
Episode: 72: [[0.1693833  0.17306079 0.175407   0.17707881 0.2280258 ]] 
Episode: 73: [[0.1685356  0.17253236 0.17512353 0.17695127 0.22868474]] 
Episode: 74: [[0.16770124 0.17198251 0.17480405 0.1767834  0.22936551]] 
Episode: 75: [[0.1668649  0.17139448 0.174432   0.17655697 0.23008761]] 
Episode: 76: [[0.16606688 0.17081173 0.17403789 0.17629793 0.23080643]] 
Episode: 77: [[0.16523896 0.17019913 0.17359947 0.17600347 0.23156664]] 
Episode: 78: [[0.16436692 0.1695005  0.17308047 0.17564397 0.23240256]] 
Episode: 79: [[0.16353308 0.1688439  0.17259349 0.1753037  0.23319425]] 
Episode: 80: [[0.16266157 0.16810529 0.1720083  0.1748744  0.23406497]] 
Episode: 81: [[0.16179416 0.16737339 0.17140755 0.1744268  0.23493819]] 
Episode: 82: [[0.16091779 0.16661413 0.17078559 0.17396876 0.23582816]] 
Episode: 83: [[0.16007988 0.16591474 0.17020231 0.17354828 0.23666313]] 
Episode: 84: [[0.1592232  0.16516872 0.1695772  0.17307496 0.23753855]] 
Episode: 85: [[0.15828976 0.16431038 0.16883194 0.17250308 0.23851387]] 
Episode: 86: [[0.15733646 0.16342708 0.16803783 0.17188556 0.23952103]] 
Episode: 87: [[0.15635434 0.16250339 0.16717765 0.17120305 0.24057351]] 
Episode: 88: [[0.15546231 0.16160052 0.16640225 0.17060536 0.24154237]] 
Episode: 89: [[0.15464514 0.16070214 0.16566762 0.17008235 0.24245384]] 
Episode: 90: [[0.15388505 0.15985234 0.16500945 0.16962665 0.24329148]] 
Episode: 91: [[0.15320505 0.15904596 0.16443947 0.16925238 0.24404155]] 
Episode: 92: [[0.1526372  0.1585939  0.16397451 0.16895713 0.24459721]] 
Episode: 93: [[0.15211952 0.15830176 0.16352259 0.16871233 0.24507055]] 
Episode: 94: [[0.15155779 0.1581439  0.16301593 0.1683687  0.24556102]] 
Episode: 95: [[0.15099247 0.15794706 0.16251583 0.16802756 0.24606201]] 
Episode: 96: [[0.15052617 0.15767118 0.1621414  0.16779862 0.24648957]] 
Episode: 97: [[0.15012558 0.15731011 0.16180296 0.16760373 0.24690267]] 
Episode: 98: [[0.14970288 0.15692006 0.16143578 0.1673865  0.24734654]] 
Episode: 99: [[0.14924434 0.15650783 0.16103613 0.16714944 0.24782439]] 
Episode: 100: [[0.14871347 0.15602924 0.16055933 0.16685893 0.24838288]] 
Episode: 101: [[0.14820649 0.15557362 0.16009021 0.16656375 0.24892375]] 
Episode: 102: [[0.14771621 0.15511525 0.15962486 0.16627066 0.24945743]] 
Episode: 103: [[0.14719875 0.15464388 0.15913196 0.16594984 0.25001872]] 
Episode: 104: [[0.14665036 0.15416896 0.15859145 0.16557126 0.25061828]] 
Episode: 105: [[0.14614233 0.15369506 0.15807717 0.16521053 0.25119075]] 
Episode: 106: [[0.1456657  0.15327625 0.15759264 0.16484693 0.25172606]] 
Episode: 107: [[0.14538473 0.15267307 0.15718664 0.16455784 0.25222343]] 
Episode: 108: [[0.14511304 0.15217122 0.15680116 0.16428192 0.2526742 ]] 
Episode: 109: [[0.14484277 0.15174638 0.15643348 0.16398601 0.25309768]] 
Episode: 110: [[0.14462332 0.15137179 0.15609756 0.16369338 0.25347492]] 
Episode: 111: [[0.14449216 0.15091218 0.15577081 0.16338143 0.2538522 ]] 
Episode: 112: [[0.14435132 0.15050934 0.15546049 0.16307281 0.25420782]] 
Episode: 113: [[0.14421752 0.15014237 0.15515675 0.16274135 0.25455174]] 
Episode: 114: [[0.1440848  0.14980271 0.15486686 0.16242135 0.25487903]] 
Episode: 115: [[0.14394449 0.14944027 0.15456738 0.16209368 0.25522155]] 
Episode: 116: [[0.14378789 0.1490871  0.15425809 0.16175394 0.2555725 ]] 
Episode: 117: [[0.14362724 0.14873548 0.15394711 0.16143826 0.2559194 ]] 
Episode: 118: [[0.14348362 0.1483905  0.15364724 0.16112798 0.2562531 ]] 
Episode: 119: [[0.14334153 0.14805989 0.15333138 0.16079076 0.25659224]] 
Episode: 120: [[0.14317012 0.14772609 0.15300818 0.16045707 0.25694457]] 
Episode: 121: [[0.14297259 0.14739344 0.15267739 0.16012093 0.25730878]] 
Episode: 122: [[0.14274374 0.14710878 0.15234837 0.15978128 0.2576685 ]] 
Episode: 123: [[0.14248921 0.14680459 0.1520076  0.15944782 0.2580463 ]] 
Episode: 124: [[0.14224863 0.14650512 0.15166743 0.15912396 0.25841486]] 
Episode: 125: [[0.14204697 0.14618517 0.15133391 0.15878914 0.25877663]] 
Episode: 126: [[0.14183374 0.14588432 0.1510124  0.15846795 0.25912935]] 
Episode: 127: [[0.14158748 0.14557822 0.15066586 0.15812352 0.25950858]] 
Episode: 128: [[0.1413225  0.14531757 0.15033294 0.15779032 0.25987265]] 
Episode: 129: [[0.14100723 0.14502893 0.14996886 0.15745151 0.26027504]] 
Episode: 130: [[0.14068167 0.14475557 0.14961115 0.15712175 0.260672  ]] 
Episode: 131: [[0.14042167 0.14443795 0.14927635 0.15676549 0.2610593 ]] 
Episode: 132: [[0.14019516 0.14414738 0.14896674 0.15642065 0.26141477]] 
Episode: 133: [[0.14003298 0.14385289 0.14870031 0.15608013 0.2617339 ]] 
Episode: 134: [[0.13983716 0.14353812 0.14841422 0.15575522 0.26207462]] 
Episode: 135: [[0.13980448 0.143263   0.1481575  0.1553294  0.26235655]] 
Episode: 136: [[0.13970482 0.14307262 0.14790705 0.15493307 0.26262644]] 
Episode: 137: [[0.1396498  0.14290215 0.14769192 0.15454379 0.26286036]] 
Episode: 138: [[0.13956408 0.14266817 0.1474433  0.15415388 0.26313773]] 
Episode: 139: [[0.13949688 0.14249496 0.14723477 0.15377176 0.26337343]] 
Episode: 140: [[0.13942842 0.14231975 0.14701691 0.15337384 0.26361683]] 
Episode: 141: [[0.13931923 0.14212054 0.14677145 0.15297809 0.26389146]] 
Episode: 142: [[0.13922422 0.14192139 0.14654545 0.152594   0.26415223]] 
Episode: 143: [[0.13912086 0.14173293 0.1463265  0.15223199 0.26440525]] 
Episode: 144: [[0.13900854 0.14154986 0.14612624 0.15190977 0.26464507]] 
Episode: 145: [[0.13887772 0.14135821 0.14592008 0.1516057  0.26489237]] 
Episode: 146: [[0.13878651 0.14119323 0.14575456 0.15130706 0.2651021 ]] 
Episode: 147: [[0.13873579 0.14105855 0.14558953 0.15099871 0.2652882 ]] 
Episode: 148: [[0.13858846 0.14089105 0.14537005 0.15070812 0.26553416]] 
Episode: 149: [[0.1384352  0.14073819 0.1451543  0.150436   0.265772  ]] 
Episode: 150: [[0.13827583 0.14061697 0.14493291 0.15014936 0.2660064 ]] 
Episode: 151: [[0.13810585 0.14052396 0.14475687 0.14990953 0.26621094]] 
Episode: 152: [[0.13792908 0.14043686 0.14459108 0.14966744 0.26641348]] 
Episode: 153: [[0.13776904 0.14037406 0.14441498 0.14943092 0.26660314]] 
Episode: 154: [[0.13765542 0.14029188 0.14425685 0.1491877  0.266778  ]] 
Episode: 155: [[0.13802508 0.13961127 0.14417185 0.14865705 0.2671161 ]] 
Episode: 156: [[0.13833387 0.13896081 0.14404248 0.14812727 0.26747832]] 
Episode: 157: [[0.1385868  0.13837565 0.14391842 0.14764686 0.26781824]] 
Episode: 158: [[0.13886608 0.13780807 0.1438869  0.14721599 0.26809835]] 
Episode: 159: [[0.13908623 0.13729092 0.1438353  0.14680557 0.2683797 ]] 
Episode: 160: [[0.13926266 0.13682398 0.14378938 0.1464149  0.2686483 ]] 
Episode: 161: [[0.13936743 0.1363871  0.14372337 0.14606597 0.26892877]] 
Episode: 162: [[0.13944165 0.1359955  0.14364608 0.14572273 0.2692016 ]] 
Episode: 163: [[0.13947368 0.13563587 0.14354523 0.14539412 0.2694801 ]] 
Episode: 164: [[0.13946383 0.13529629 0.14341432 0.14508276 0.2697714 ]] 
Episode: 165: [[0.13941011 0.13497463 0.14328235 0.14479579 0.27006727]] 
Episode: 166: [[0.13933997 0.13466448 0.14313376 0.14452268 0.270366  ]] 
Episode: 167: [[0.13925636 0.13437583 0.14298078 0.1442655  0.27065718]] 
Episode: 168: [[0.13913141 0.13412172 0.14282762 0.14401881 0.27094662]] 
Episode: 169: [[0.13903852 0.13387333 0.14267153 0.1437474  0.27122587]] 
Episode: 170: [[0.1389733  0.13366936 0.14253311 0.14346345 0.2714682 ]] 
Episode: 171: [[0.13891634 0.13347758 0.14241089 0.14318565 0.27169442]] 
Episode: 172: [[0.1388536  0.13330932 0.14230865 0.14291693 0.27190322]] 
Episode: 173: [[0.13876359 0.13313986 0.14218906 0.14266592 0.27212542]] 
Episode: 174: [[0.13875595 0.1330257  0.1421496  0.14240237 0.27226225]] 
Episode: 175: [[0.13872524 0.13291012 0.14208338 0.14215356 0.2724143 ]] 
Episode: 176: [[0.13866505 0.13278696 0.14198954 0.14189874 0.27259278]] 
Episode: 177: [[0.13859607 0.13267535 0.141893   0.14164154 0.2727707 ]] 
Episode: 178: [[0.13851453 0.13256608 0.14180174 0.14140002 0.27294767]] 
Episode: 179: [[0.1384157  0.13245904 0.14169307 0.14115773 0.27313644]] 
Episode: 180: [[0.13830963 0.13237323 0.14158551 0.14090374 0.27332026]] 
Episode: 181: [[0.13818543 0.13229474 0.14147693 0.14066568 0.27350485]] 
Episode: 182: [[0.13804771 0.1322308  0.14136097 0.14041872 0.27369246]] 
Episode: 183: [[0.13791777 0.13219266 0.14124714 0.14014962 0.2738684 ]] 
Episode: 184: [[0.13768521 0.13209295 0.14102097 0.13989821 0.27414882]] 
Episode: 185: [[0.13741842 0.13198298 0.14076519 0.13965674 0.27445573]] 
Episode: 186: [[0.13711838 0.13188834 0.14054461 0.13945553 0.27475   ]] 
Episode: 187: [[0.13683398 0.13181025 0.14034782 0.13925253 0.27502248]] 
Episode: 188: [[0.13654114 0.13173331 0.14016801 0.1390637  0.27528977]] 
Episode: 189: [[0.13627812 0.13167    0.13999388 0.13884938 0.27554145]] 
Episode: 190: [[0.13601625 0.13162936 0.13983136 0.13860326 0.2757856 ]] 
Episode: 191: [[0.13577569 0.1315973  0.13969167 0.13837345 0.27600533]] 
Episode: 192: [[0.13553432 0.13155344 0.139515   0.13812178 0.27624735]] 
Episode: 193: [[0.13527471 0.13150483 0.13931784 0.13787611 0.2765044 ]] 
Episode: 194: [[0.13500555 0.13146669 0.1391151  0.13763393 0.2767613 ]] 
Episode: 195: [[0.13470733 0.13143702 0.138907   0.13738257 0.27703077]] 
Episode: 196: [[0.13443668 0.13140962 0.1387062  0.1371165  0.27728826]] 
Episode: 197: [[0.1341493  0.1313868  0.1384963  0.13685022 0.27755365]] 
Episode: 198: [[0.13387649 0.13142936 0.13865817 0.13684921 0.27760258]] 
Episode: 199: [[0.13359849 0.13145861 0.13877383 0.1368156  0.2776825 ]] 
Episode: 200: [[0.13332681 0.1314788  0.13885169 0.13675612 0.27778205]] 
