Episode: 1: [[-0.19392002 -0.06487721  0.48502     0.4547958  -0.03815357]] 
Episode: 2: [[-0.19362001 -0.06457721  0.48532     0.45449582 -0.03845358]] 
Episode: 3: [[-0.1936579  -0.06431775  0.48558214  0.45419553 -0.03875151]] 
Episode: 4: [[-0.19365695 -0.06419143  0.48568135  0.454054   -0.03887294]] 
Episode: 5: [[-0.19366574 -0.06399634  0.4858486   0.4538597  -0.03906953]] 
Episode: 6: [[-0.19360615 -0.06384685  0.48596734  0.45371205 -0.03925476]] 
Episode: 7: [[-0.19350787 -0.06367342  0.4860801   0.45355546 -0.03946016]] 
Episode: 8: [[-0.1933996  -0.06346384  0.4862567   0.45335418 -0.03969228]] 
Episode: 9: [[-0.19344172 -0.06322997  0.4864671   0.45313668 -0.03993245]] 
Episode: 10: [[-0.19353054 -0.06303746  0.48668817  0.45294747 -0.04015696]] 
Episode: 11: [[-0.193544   -0.06283554  0.4868953   0.4527493  -0.04039621]] 
Episode: 12: [[-0.19356593 -0.06263521  0.48710987  0.45254573 -0.04063449]] 
Episode: 13: [[-0.19356753 -0.06248549  0.48724207  0.4524023  -0.04079565]] 
Episode: 14: [[-0.19355598 -0.06231351  0.48739043  0.45223853 -0.04098053]] 
Episode: 15: [[-0.19355603 -0.06212076  0.48756096  0.45205557 -0.04118495]] 
Episode: 16: [[-0.19355021 -0.06192927  0.48772612  0.45187384 -0.04138562]] 
Episode: 17: [[-0.19353618 -0.0617393   0.48789892  0.45168817 -0.04159403]] 
Episode: 18: [[-0.1934695  -0.06154312  0.4880765   0.4514941  -0.04182407]] 
Episode: 19: [[-0.19341749 -0.06134829  0.48824     0.45130756 -0.04203486]] 
Episode: 20: [[-0.19333266 -0.06115899  0.48839745  0.45111844 -0.04224969]] 
Episode: 21: [[-0.19323999 -0.06098275  0.48853815  0.45094565 -0.04245355]] 
Episode: 22: [[-0.19310755 -0.06084642  0.4886544   0.45079464 -0.04264863]] 
Episode: 23: [[-0.19295132 -0.06067832  0.48879245  0.45061308 -0.04287103]] 
Episode: 24: [[-0.19282982 -0.0605797   0.48890913  0.4504991  -0.04305144]] 
Episode: 25: [[-0.19269371 -0.0605109   0.48901463  0.45039338 -0.04321594]] 
Episode: 26: [[-0.19254105 -0.06044695  0.48912984  0.45028105 -0.04339204]] 
Episode: 27: [[-0.19241129 -0.06037038  0.489237    0.45017478 -0.043559  ]] 
Episode: 28: [[-0.19230388 -0.06028958  0.48936304  0.45005608 -0.04372677]] 
Episode: 29: [[-0.19220015 -0.0601307   0.48954177  0.44987157 -0.04394184]] 
Episode: 30: [[-0.19212674 -0.05997344  0.48972645  0.44969034 -0.04414994]] 
Episode: 31: [[-0.19200286 -0.0598428   0.48987225  0.4495164  -0.04433563]] 
Episode: 32: [[-0.19189164 -0.059688    0.49001986  0.4493315  -0.04452548]] 
Episode: 33: [[-0.19174264 -0.05955178  0.4901244   0.44915903 -0.04469223]] 
Episode: 34: [[-0.19162717 -0.05940812  0.49023297  0.44900802 -0.04486619]] 
Episode: 35: [[-0.19148745 -0.05925361  0.49033603  0.44884154 -0.04504433]] 
Episode: 36: [[-0.19135275 -0.05911231  0.49042037  0.44869414 -0.04520491]] 
Episode: 37: [[-0.19117516 -0.05897316  0.49049568  0.44853517 -0.04537489]] 
Episode: 38: [[-0.1909648  -0.058834    0.49057505  0.44836426 -0.04556229]] 
Episode: 39: [[-0.19078156 -0.05874164  0.49058455  0.4482715  -0.04568134]] 
Episode: 40: [[-0.19062947 -0.05860922  0.49064833  0.44813615 -0.04583095]] 
Episode: 41: [[-0.19051217 -0.05846054  0.49073562  0.44799098 -0.04598927]] 
Episode: 42: [[-0.19043452 -0.0583247   0.49085796  0.4478542  -0.04616067]] 
Episode: 43: [[-0.19032232 -0.05817492  0.4909821   0.44769374 -0.04634473]] 
Episode: 44: [[-0.19027187 -0.05807259  0.4910865   0.44757783 -0.04646879]] 
Episode: 45: [[-0.1902061  -0.05796604  0.49117687  0.44746813 -0.04659572]] 
Episode: 46: [[-0.19011675 -0.05784925  0.49126902  0.44734174 -0.04673282]] 
Episode: 47: [[-0.1900165  -0.0577332   0.49134314  0.4472176  -0.04685939]] 
Episode: 48: [[-0.18990466 -0.05759198  0.49143124  0.4470749  -0.04701015]] 
Episode: 49: [[-0.18982908 -0.05749344  0.49150795  0.44696555 -0.04712176]] 
Episode: 50: [[-0.1897728  -0.05743784  0.4915827   0.44688842 -0.04721389]] 
Episode: 51: [[-0.18972228 -0.05737425  0.4916639   0.44680604 -0.04731071]] 
Episode: 52: [[-0.18972299 -0.05732146  0.49174535  0.4467528  -0.04739082]] 
Episode: 53: [[-0.18971224 -0.05726523  0.49182737  0.4466951  -0.04747769]] 
Episode: 54: [[-0.1896841  -0.05725634  0.4918565   0.44668454 -0.04752437]] 
Episode: 55: [[-0.18966685 -0.05720523  0.4919384   0.44662926 -0.0476147 ]] 
Episode: 56: [[-0.18962656 -0.05716134  0.4920191   0.44657677 -0.04771494]] 
Episode: 57: [[-0.18959597 -0.05710033  0.49209616  0.44652417 -0.04781787]] 
Episode: 58: [[-0.18954276 -0.05705378  0.49216074  0.44647384 -0.04791319]] 
Episode: 59: [[-0.18948214 -0.05701793  0.4922353   0.44642174 -0.04801442]] 
Episode: 60: [[-0.18948041 -0.0570367   0.492255    0.44644725 -0.04804331]] 
Episode: 61: [[-0.18942466 -0.05704885  0.49228078  0.44644907 -0.04809826]] 
Episode: 62: [[-0.18935671 -0.05706106  0.49229768  0.44644943 -0.04815068]] 
Episode: 63: [[-0.18929958 -0.05709095  0.4923129   0.44645697 -0.04818744]] 
Episode: 64: [[-0.18924059 -0.05713396  0.492288    0.44648847 -0.0481937 ]] 
Episode: 65: [[-0.18919347 -0.05715188  0.49229476  0.44649574 -0.04822357]] 
Episode: 66: [[-0.18905884 -0.05716981  0.4922808   0.44648677 -0.04828114]] 
Episode: 67: [[-0.18895346 -0.05717016  0.49229848  0.44645604 -0.04834651]] 
Episode: 68: [[-0.18885769 -0.05713785  0.49235895  0.44639724 -0.04844963]] 
Episode: 69: [[-0.18874611 -0.05711206  0.49241158  0.4463346  -0.04854779]] 
Episode: 70: [[-0.18866505 -0.0571613   0.49240416  0.44634542 -0.04856662]] 
Episode: 71: [[-0.18857446 -0.05719909  0.49239522  0.44634357 -0.04858819]] 
Episode: 72: [[-0.18854634 -0.05723794  0.49240208  0.44634894 -0.04859063]] 
Episode: 73: [[-0.18856762 -0.05731713  0.49239022  0.44640604 -0.04855398]] 
Episode: 74: [[-0.18859431 -0.05738658  0.49238583  0.44645506 -0.04852173]] 
Episode: 75: [[-0.18858884 -0.05744439  0.49237317  0.44649863 -0.04850661]] 
Episode: 76: [[-0.18858059 -0.05751848  0.49237248  0.44652906 -0.04848302]] 
Episode: 77: [[-0.18858808 -0.05758498  0.49237642  0.4465626  -0.0484615 ]] 
Episode: 78: [[-0.18855858 -0.05761005  0.49239638  0.44655907 -0.04848075]] 
Episode: 79: [[-0.18852815 -0.05762397  0.49242172  0.4465455  -0.04850588]] 
Episode: 80: [[-0.18851511 -0.05759141  0.4925375   0.4464665  -0.04859439]] 
Episode: 81: [[-0.1884736  -0.05748222  0.49269405  0.44631806 -0.04873848]] 
Episode: 82: [[-0.18843037 -0.05740324  0.49285194  0.4462099  -0.04889588]] 
Episode: 83: [[-0.18840684 -0.05727652  0.49308416  0.44604006 -0.04910685]] 
Episode: 84: [[-0.18838714 -0.05710515  0.4933374   0.44583508 -0.04934037]] 
Episode: 85: [[-0.1883359  -0.05698508  0.49349073  0.44570464 -0.04951458]] 
Episode: 86: [[-0.18827112 -0.05685146  0.49364725  0.4455639  -0.04970074]] 
Episode: 87: [[-0.18824227 -0.05677392  0.49374744  0.44549495 -0.04982354]] 
Episode: 88: [[-0.18823077 -0.05670051  0.4938611   0.44542825 -0.04994997]] 
Episode: 89: [[-0.18817794 -0.05661037  0.4939665   0.44534087 -0.05008606]] 
Episode: 90: [[-0.18810451 -0.05652701  0.49404714  0.4452516  -0.05020143]] 
Episode: 91: [[-0.18797258 -0.05650194  0.49406144  0.44519693 -0.05027013]] 
Episode: 92: [[-0.18780681 -0.05647596  0.4940469   0.4451509  -0.05033717]] 
Episode: 93: [[-0.18763494 -0.05644107  0.49403474  0.445097   -0.05041061]] 
Episode: 94: [[-0.18747391 -0.05645199  0.49397427  0.44508535 -0.05042532]] 
Episode: 95: [[-0.18724944 -0.05649506  0.4939036   0.44506365 -0.05044297]] 
Episode: 96: [[-0.18701947 -0.05651674  0.49387068  0.44501308 -0.05049681]] 
Episode: 97: [[-0.18681566 -0.05649593  0.49388033  0.4449299  -0.05058269]] 
Episode: 98: [[-0.18661247 -0.05646646  0.49389407  0.44483823 -0.05067188]] 
Episode: 99: [[-0.1863517  -0.0564767   0.49387598  0.44475886 -0.0507522 ]] 
Episode: 100: [[-0.18610658 -0.05645712  0.4938874   0.44465882 -0.050858  ]] 
Episode: 101: [[-0.18590711 -0.05643707  0.49390832  0.44458017 -0.05096254]] 
Episode: 102: [[-0.18583943 -0.05644697  0.49392176  0.44456002 -0.0510006 ]] 
Episode: 103: [[-0.1857786  -0.05644333  0.4939682   0.44452733 -0.05106882]] 
Episode: 104: [[-0.18578386 -0.05643603  0.4939949   0.44452164 -0.05109446]] 
Episode: 105: [[-0.18580988 -0.05642992  0.49401     0.44452864 -0.05110257]] 
Episode: 106: [[-0.18582828 -0.05641734  0.49402905  0.44452542 -0.05111634]] 
Episode: 107: [[-0.18583263 -0.05641142  0.4940302   0.44453126 -0.05112346]] 
Episode: 108: [[-0.1858112  -0.05639317  0.494055    0.44450644 -0.05115748]] 
Episode: 109: [[-0.18575425 -0.05635577  0.4941062   0.44444412 -0.05122695]] 
Episode: 110: [[-0.18568373 -0.05631675  0.4941488   0.44437486 -0.0512921 ]] 
Episode: 111: [[-0.1857214  -0.05627866  0.49421623  0.4443335  -0.05132915]] 
Episode: 112: [[-0.18573394 -0.05625454  0.49428228  0.44428986 -0.05137177]] 
Episode: 113: [[-0.18576483 -0.05622321  0.49436358  0.44424596 -0.05142215]] 
Episode: 114: [[-0.18578778 -0.05621941  0.49442434  0.44423845 -0.0514674 ]] 
Episode: 115: [[-0.18580768 -0.05622503  0.49448016  0.4442384  -0.05150922]] 
Episode: 116: [[-0.1858321  -0.05622982  0.494552    0.44423062 -0.05155934]] 
Episode: 117: [[-0.18584362 -0.05622198  0.49463806  0.4442039  -0.05162747]] 
Episode: 118: [[-0.1859309  -0.0562018   0.49476796  0.44417727 -0.05169564]] 
Episode: 119: [[-0.18601102 -0.05618094  0.4948978   0.44413966 -0.0517607 ]] 
Episode: 120: [[-0.1861143  -0.05616797  0.49500886  0.44410536 -0.05178417]] 
Episode: 121: [[-0.18623896 -0.05613274  0.4951164   0.44408154 -0.05181097]] 
Episode: 122: [[-0.18632609 -0.05613142  0.4951865   0.44407326 -0.05181514]] 
Episode: 123: [[-0.18641013 -0.05610973  0.49527937  0.4440544  -0.05185217]] 
Episode: 124: [[-0.18645842 -0.05610801  0.49534294  0.4440495  -0.05188215]] 
Episode: 125: [[-0.18647595 -0.05609787  0.4954018   0.44402492 -0.05192005]] 
Episode: 126: [[-0.18651095 -0.05612042  0.49543595  0.44403687 -0.05192499]] 
Episode: 127: [[-0.18653327 -0.05611243  0.4954723   0.44403177 -0.05194896]] 
Episode: 128: [[-0.18654649 -0.0560652   0.49553695  0.44398555 -0.05200393]] 
Episode: 129: [[-0.1865125  -0.05605159  0.49557912  0.4439436  -0.05205098]] 
Episode: 130: [[-0.18647346 -0.05603383  0.49562913  0.4438952  -0.05210801]] 
Episode: 131: [[-0.18643753 -0.05598529  0.49571913  0.4438106  -0.05219776]] 
Episode: 132: [[-0.18641043 -0.05594501  0.4958048   0.44372937 -0.05227309]] 
Episode: 133: [[-0.18637006 -0.05595836  0.49580324  0.4437273  -0.05229096]] 
Episode: 134: [[-0.18632098 -0.05601016  0.49576703  0.44376317 -0.05228167]] 
Episode: 135: [[-0.18628041 -0.0559917   0.4958093   0.44372472 -0.05233959]] 
Episode: 136: [[-0.1862482  -0.05594602  0.4958922   0.44365448 -0.05242916]] 
Episode: 137: [[-0.18618496 -0.0558957   0.49597192  0.44357416 -0.05253265]] 
Episode: 138: [[-0.186111   -0.05582008  0.49605292  0.44347695 -0.05264855]] 
Episode: 139: [[-0.18603942 -0.05569905  0.49616995  0.44333702 -0.05279797]] 
Episode: 140: [[-0.18597741 -0.05556186  0.49629927  0.4431872  -0.052957  ]] 
Episode: 141: [[-0.18596339 -0.05550554  0.49636638  0.44312662 -0.05302941]] 
Episode: 142: [[-0.1859548  -0.05541831  0.49643043  0.44305575 -0.05310746]] 
Episode: 143: [[-0.1859506  -0.05530851  0.4965005   0.4429725  -0.05319439]] 
Episode: 144: [[-0.18593001 -0.0552086   0.4965728   0.4428924  -0.05329118]] 
Episode: 145: [[-0.18595295 -0.05513016  0.49660313  0.44285634 -0.05333205]] 
Episode: 146: [[-0.18603131 -0.05503967  0.49669456  0.442796   -0.05338941]] 
Episode: 147: [[-0.18612295 -0.05492523  0.49682495  0.44270283 -0.0534706 ]] 
Episode: 148: [[-0.18622673 -0.05486755  0.49691573  0.44267347 -0.05351301]] 
Episode: 149: [[-0.18633513 -0.05477918  0.4970385   0.44261438 -0.05358481]] 
Episode: 150: [[-0.18639536 -0.05472459  0.4970947   0.44257876 -0.05361297]] 
Episode: 151: [[-0.18643424 -0.05467066  0.49714884  0.44253787 -0.0536492 ]] 
Episode: 152: [[-0.18646814 -0.05458894  0.49723583  0.44247943 -0.05373063]] 
Episode: 153: [[-0.18648922 -0.05450275  0.4973382   0.44240597 -0.05382901]] 
Episode: 154: [[-0.18651982 -0.05438012  0.4974828   0.44230172 -0.05396819]] 
Episode: 155: [[-0.18651868 -0.05429535  0.49760652  0.44223952 -0.0541149 ]] 
Episode: 156: [[-0.18648331 -0.05421692  0.49770683  0.44218042 -0.05425765]] 
Episode: 157: [[-0.18642442 -0.05413872  0.49780622  0.4421116  -0.05440759]] 
Episode: 158: [[-0.18638535 -0.05407802  0.49789274  0.44206733 -0.05453745]] 
Episode: 159: [[-0.18635033 -0.0540108   0.49797413  0.44202095 -0.05466138]] 
Episode: 160: [[-0.18634357 -0.05404499  0.49798033  0.44205964 -0.05468161]] 
Episode: 161: [[-0.18633612 -0.05403975  0.49801153  0.4420628  -0.05472766]] 
Episode: 162: [[-0.18637162 -0.05402404  0.49806026  0.44206363 -0.05476889]] 
Episode: 163: [[-0.18635254 -0.05403144  0.49806166  0.4420842  -0.05479581]] 
Episode: 164: [[-0.18633868 -0.05403882  0.49806604  0.4421053  -0.05482289]] 
Episode: 165: [[-0.1863392  -0.05401808  0.49809515  0.442104   -0.05486845]] 
Episode: 166: [[-0.18639638 -0.05398897  0.49814653  0.44210315 -0.05490524]] 
Episode: 167: [[-0.18640937 -0.05394302  0.4982005   0.44207683 -0.05496636]] 
Episode: 168: [[-0.18644713 -0.05392363  0.4982118   0.44210804 -0.05499187]] 
Episode: 169: [[-0.1865062  -0.0538809   0.49823225  0.44212306 -0.05501508]] 
Episode: 170: [[-0.18654199 -0.05384766  0.4982344   0.44214103 -0.05503011]] 
Episode: 171: [[-0.18655677 -0.05380446  0.49824092  0.44215435 -0.0550679 ]] 
Episode: 172: [[-0.18652222 -0.05375816  0.49824142  0.44215155 -0.05512267]] 
Episode: 173: [[-0.18647915 -0.05369237  0.49826032  0.44212297 -0.05519591]] 
Episode: 174: [[-0.18642429 -0.05367243  0.49823058  0.44213414 -0.05522451]] 
Episode: 175: [[-0.18634263 -0.05365359  0.4982005   0.44213158 -0.05525974]] 
Episode: 176: [[-0.18625955 -0.05367746  0.4981275   0.44217786 -0.05525885]] 
Episode: 177: [[-0.1862012  -0.05369149  0.49805015  0.4422239  -0.05524217]] 
Episode: 178: [[-0.18614528 -0.05370761  0.49798074  0.4422725  -0.05523339]] 
Episode: 179: [[-0.18607116 -0.05374441  0.49787688  0.4423337  -0.05519459]] 
Episode: 180: [[-0.1860158  -0.05379015  0.49780843  0.4423936  -0.05517509]] 
Episode: 181: [[-0.18598008 -0.05383771  0.49774066  0.44245765 -0.05514473]] 
Episode: 182: [[-0.18597479 -0.05388623  0.49769363  0.44252262 -0.05511634]] 
Episode: 183: [[-0.18600868 -0.05390982  0.49766377  0.44258246 -0.05509226]] 
Episode: 184: [[-0.18600565 -0.05394298  0.497631    0.4426273  -0.0550721 ]] 
Episode: 185: [[-0.18603525 -0.05399831  0.4975927   0.44268137 -0.05501483]] 
Episode: 186: [[-0.18606171 -0.05406167  0.49755067  0.44273603 -0.0549506 ]] 
Episode: 187: [[-0.18606922 -0.05411814  0.49752194  0.4427678  -0.05490058]] 
Episode: 188: [[-0.18606621 -0.05414348  0.4975192   0.4427696  -0.0548837 ]] 
Episode: 189: [[-0.18607403 -0.05415078  0.49755046  0.44275114 -0.05489297]] 
Episode: 190: [[-0.18612576 -0.05416106  0.4975917   0.4427338  -0.05488087]] 
Episode: 191: [[-0.18615913 -0.05418533  0.49761355  0.44273388 -0.05486501]] 
Episode: 192: [[-0.1862098  -0.05415836  0.49768877  0.44268507 -0.05489178]] 
Episode: 193: [[-0.18625528 -0.05412577  0.4977411   0.4426604  -0.05492038]] 
Episode: 194: [[-0.18630649 -0.05412425  0.49777457  0.4426518  -0.05491565]] 
Episode: 195: [[-0.18632045 -0.0541099   0.49778762  0.44264105 -0.05492133]] 
Episode: 196: [[-0.18633    -0.05409792  0.4977995   0.44263476 -0.05493093]] 
Episode: 197: [[-0.18639095 -0.05404241  0.49789348  0.44257084 -0.05497997]] 
Episode: 198: [[-0.18643485 -0.05395821  0.49800465  0.44248194 -0.05505971]] 
Episode: 199: [[-0.18646464 -0.0539438   0.49803245  0.44248328 -0.05508188]] 
Episode: 200: [[-0.18648098 -0.0538969   0.4980899   0.44244918 -0.05514023]] 
Episode: 201: [[-0.1864561  -0.05383032  0.4981371   0.44239676 -0.05521383]] 
Episode: 202: [[-0.18644612 -0.05376834  0.49821424  0.4423378  -0.05530297]] 
Episode: 203: [[-0.18646255 -0.05373663  0.4983191   0.44226724 -0.05537518]] 
Episode: 204: [[-0.18643259 -0.05370553  0.49841574  0.4421827  -0.05545844]] 
Episode: 205: [[-0.1864178  -0.05366122  0.4985207   0.44209617 -0.05554806]] 
Episode: 206: [[-0.18642429 -0.05358583  0.49865863  0.44197956 -0.0556571 ]] 
Episode: 207: [[-0.18643011 -0.05349745  0.49880332  0.44185218 -0.05577431]] 
Episode: 208: [[-0.18642643 -0.0533921   0.4989465   0.44171226 -0.05589742]] 
Episode: 209: [[-0.18640144 -0.05330432  0.4990889   0.44157085 -0.05602138]] 
Episode: 210: [[-0.1863925  -0.05321148  0.4992412   0.44142663 -0.0561467 ]] 
Episode: 211: [[-0.18637888 -0.05313582  0.4993651   0.4413278  -0.0562688 ]] 
Episode: 212: [[-0.18635495 -0.05303722  0.49950427  0.4412058  -0.05641191]] 
Episode: 213: [[-0.18624122 -0.05295754  0.4996173   0.44107607 -0.05657018]] 
Episode: 214: [[-0.18616089 -0.05285776  0.49974272  0.4409434  -0.05673018]] 
Episode: 215: [[-0.1860792  -0.05276042  0.49986514  0.4408082  -0.05688386]] 
Episode: 216: [[-0.18599933 -0.05273657  0.4999376   0.44077572 -0.05701478]] 
Episode: 217: [[-0.18590559 -0.05270933  0.49998263  0.4407543  -0.05713591]] 
Episode: 218: [[-0.18585162 -0.05275137  0.49996164  0.4408195  -0.05717822]] 
Episode: 219: [[-0.18578458 -0.05277651  0.49995682  0.44086215 -0.05724069]] 
Episode: 220: [[-0.18573561 -0.05277919  0.49998268  0.4408775  -0.05731768]] 
Episode: 221: [[-0.18572004 -0.0528202   0.49996817  0.44095314 -0.05735019]] 
Episode: 222: [[-0.18568547 -0.05281042  0.49997136  0.44098336 -0.05741226]] 
Episode: 223: [[-0.18563217 -0.05279189  0.49997714  0.44099617 -0.05748148]] 
Episode: 224: [[-0.18553706 -0.05277323  0.49997595  0.44099858 -0.05756376]] 
Episode: 225: [[-0.18544511 -0.05272426  0.50000256  0.44096676 -0.05766685]] 
Episode: 226: [[-0.1853406  -0.05266412  0.5000356   0.44091853 -0.05777971]] 
Episode: 227: [[-0.18524328 -0.05260482  0.5000769   0.44086707 -0.05789352]] 
Episode: 228: [[-0.18512577 -0.05250091  0.5001647   0.44075555 -0.05805273]] 
Episode: 229: [[-0.185013   -0.0523928   0.5002665   0.44063672 -0.05822105]] 
Episode: 230: [[-0.18489523 -0.05226557  0.50037426  0.44049907 -0.05839631]] 
Episode: 231: [[-0.18478319 -0.05211632  0.5004971   0.44034162 -0.05858244]] 
Episode: 232: [[-0.1846071  -0.05198199  0.50060546  0.44018078 -0.0587851 ]] 
Episode: 233: [[-0.1844519  -0.0518292   0.5007413   0.43999818 -0.0589978 ]] 
Episode: 234: [[-0.18425584 -0.05171183  0.50084525  0.43983266 -0.05919489]] 
Episode: 235: [[-0.184082   -0.05165549  0.500936    0.4396951  -0.05934276]] 
Episode: 236: [[-0.1838979  -0.05158809  0.50101554  0.43955383 -0.05948975]] 
Episode: 237: [[-0.18376443 -0.05151552  0.5010773   0.4394438  -0.05961102]] 
Episode: 238: [[-0.18361051 -0.05148939  0.5011005   0.4393533  -0.0596877 ]] 
Episode: 239: [[-0.18345788 -0.05143691  0.5011482   0.4392411  -0.05979076]] 
Episode: 240: [[-0.18330717 -0.05142662  0.5011447   0.43916327 -0.05983387]] 
Episode: 241: [[-0.18318756 -0.05147921  0.50110096  0.43915442 -0.0598245 ]] 
Episode: 242: [[-0.18307634 -0.05151279  0.5010871   0.43913135 -0.05984423]] 
Episode: 243: [[-0.1830007  -0.05150482  0.5011238   0.4390736  -0.05989509]] 
Episode: 244: [[-0.18286826 -0.05154239  0.50110143  0.4390678  -0.05993299]] 
Episode: 245: [[-0.1827369  -0.05161637  0.5010622   0.43908376 -0.05994396]] 
Episode: 246: [[-0.18263078 -0.05175494  0.50094074  0.43918565 -0.05987083]] 
Episode: 247: [[-0.18250653 -0.05184762  0.500861    0.4392326  -0.05984264]] 
Episode: 248: [[-0.18232529 -0.0519185   0.5007912   0.4392442  -0.05985183]] 
Episode: 249: [[-0.1821133  -0.05196894  0.5007286   0.4392273  -0.05988108]] 
Episode: 250: [[-0.1819237  -0.0520068   0.5006782   0.43922052 -0.05992612]] 
Episode: 251: [[-0.1817023  -0.05198861  0.5006645   0.4391548  -0.06002302]] 
Episode: 252: [[-0.18151242 -0.05195124  0.5006719   0.43907985 -0.0601268 ]] 
Episode: 253: [[-0.18134895 -0.05192683  0.50066257  0.4390264  -0.06020235]] 
Episode: 254: [[-0.18122168 -0.0519291   0.5006459   0.43900824 -0.0602564 ]] 
Episode: 255: [[-0.181206   -0.05192936  0.5006621   0.43900323 -0.06028187]] 
Episode: 256: [[-0.18121307 -0.05190535  0.5006997   0.4389784  -0.06031466]] 
Episode: 257: [[-0.18123384 -0.05181215  0.50079453  0.43888938 -0.06039498]] 
Episode: 258: [[-0.18122008 -0.05171537  0.5008871   0.43879044 -0.06049133]] 
Episode: 259: [[-0.18121742 -0.05159499  0.50099885  0.43867648 -0.06060504]] 
Episode: 260: [[-0.18119366 -0.05146028  0.50109977  0.43855545 -0.06072527]] 
Episode: 261: [[-0.181199   -0.05135155  0.5011912   0.43846732 -0.06082449]] 
Episode: 262: [[-0.18121627 -0.05120249  0.5013427   0.43833587 -0.06097454]] 
Episode: 263: [[-0.18120596 -0.05103411  0.5015117   0.43817624 -0.06115252]] 
Episode: 264: [[-0.1811698  -0.05091118  0.5016819   0.43802387 -0.06132547]] 
Episode: 265: [[-0.18110338 -0.05080942  0.50179905  0.43789798 -0.06146818]] 
Episode: 266: [[-0.18100342 -0.0506876   0.50193346  0.4377418  -0.06164147]] 
Episode: 267: [[-0.18089852 -0.0506731   0.50203955  0.43765867 -0.06177533]] 
Episode: 268: [[-0.18082118 -0.05068175  0.50215244  0.43759167 -0.06189515]] 
Episode: 269: [[-0.18076497 -0.05068902  0.50223476  0.4375453  -0.06198399]] 
Episode: 270: [[-0.18071322 -0.05069121  0.5023285   0.4374889  -0.06207746]] 
Episode: 271: [[-0.18063103 -0.05068189  0.5024059   0.43742454 -0.06217516]] 
Episode: 272: [[-0.18052867 -0.05064046  0.502491    0.4373321  -0.06229386]] 
Episode: 273: [[-0.18042977 -0.05061487  0.5025354   0.43727732 -0.06238564]] 
Episode: 274: [[-0.18036671 -0.0505844   0.5025846   0.4372175  -0.062456  ]] 
Episode: 275: [[-0.18033254 -0.05055657  0.50265193  0.43719816 -0.06256068]] 
Episode: 276: [[-0.18029472 -0.05050553  0.50273496  0.4371544  -0.06268052]] 
Episode: 277: [[-0.1802708  -0.0505178   0.5027279   0.4371818  -0.06270523]] 
Episode: 278: [[-0.18023953 -0.05049274  0.502744    0.43716952 -0.06275266]] 
Episode: 279: [[-0.18022363 -0.05043253  0.5027953   0.4371218  -0.06282282]] 
Episode: 280: [[-0.18022649 -0.05034552  0.5028944   0.4370348  -0.06291882]] 
Episode: 281: [[-0.18024985 -0.05022407  0.5030202   0.4369233  -0.06303398]] 
Episode: 282: [[-0.18031834 -0.05013803  0.5031168   0.43685555 -0.06309713]] 
Episode: 283: [[-0.1804478  -0.05005128  0.5031909   0.43683743 -0.06313526]] 
Episode: 284: [[-0.18059994 -0.04998877  0.50323594  0.43685094 -0.06313479]] 
Episode: 285: [[-0.18081908 -0.04986285  0.5033809   0.43678996 -0.06318119]] 
Episode: 286: [[-0.18102737 -0.04976861  0.5034648   0.43675348 -0.06316389]] 
Episode: 287: [[-0.1811246  -0.04974684  0.5034901   0.43672863 -0.06311598]] 
Episode: 288: [[-0.18119693 -0.04964964  0.50355715  0.4366375  -0.06312962]] 
Episode: 289: [[-0.18127918 -0.04958687  0.50358653  0.43658596 -0.06310315]] 
Episode: 290: [[-0.18132359 -0.04956719  0.5035802   0.43656343 -0.06305746]] 
Episode: 291: [[-0.18139975 -0.04948881  0.5036636   0.43647218 -0.06307515]] 
Episode: 292: [[-0.18147121 -0.04940505  0.5037611   0.43636996 -0.06310692]] 
Episode: 293: [[-0.18147233 -0.04936485  0.50381994  0.43631086 -0.06315125]] 
Episode: 294: [[-0.18147337 -0.0493239   0.50384974  0.43626672 -0.06317527]] 
Episode: 295: [[-0.18152352 -0.04936139  0.50381374  0.43633473 -0.06313211]] 
Episode: 296: [[-0.18158689 -0.04939699  0.50377536  0.43640327 -0.0630784 ]] 
Episode: 297: [[-0.1816061  -0.04946161  0.50371134  0.43647972 -0.06301229]] 
Episode: 298: [[-0.18160349 -0.04951243  0.50365067  0.43653846 -0.06295957]] 
Episode: 299: [[-0.18157342 -0.04950825  0.5036343   0.43653944 -0.06296571]] 
Episode: 300: [[-0.18150581 -0.04946679  0.5036466   0.43650147 -0.06302369]] 
