Episode: 1: [[-0.23145498 -0.39692298 -1.0562081   0.12767342  0.02425611  0.
  -0.00549673  0.          0.00515193 -0.00182541]
 [ 0.09061728 -0.11789586 -1.4391838  -0.00859245  0.08965109  0.
  -0.03458909  0.          0.05514228  0.01871942]
 [ 0.3201999   0.24534765 -1.4975288  -0.0140848   0.02313234  0.
   0.00207792  0.          0.03758475  0.03557753]
 [ 0.3860409   0.40072352 -1.5964056  -0.04349864  0.00362352  0.
   0.01915036  0.         -0.06908239  0.07642334]
 [-0.20029868 -0.3589809   0.83699083  0.11360025  0.12021276  0.
   0.00469794  0.          0.09441394  0.01127312]] 
Episode: 2: [[-0.23074442 -0.39545867 -1.0572664   0.12726496  0.02663582  0.
  -0.00701319  0.          0.00452372 -0.00337143]
 [ 0.09159604 -0.11605612 -1.4398819  -0.00775065  0.09158925  0.
  -0.03874102  0.          0.05463066  0.01764076]
 [ 0.32094935  0.24795982 -1.4981319  -0.01296301  0.02433033  0.
  -0.00264158  0.          0.03852004  0.03597051]
 [ 0.38689777  0.40373266 -1.5972342  -0.04239916  0.00541978  0.
   0.01379013  0.         -0.06826287  0.07687609]
 [-0.2003342  -0.36033657  0.8377015   0.11222333  0.12128688  0.
   0.01046527  0.          0.09105991  0.00973239]] 
Episode: 3: [[-0.22975107 -0.39300522 -1.0581843   0.12828206  0.02857221  0.
  -0.01194086  0.          0.00310319 -0.00590154]
 [ 0.09312393 -0.11400407 -1.4409262  -0.00578118  0.09235135  0.
  -0.04316928  0.          0.05376628  0.01540903]
 [ 0.3221394   0.24896534 -1.4995347  -0.01111255  0.02362452  0.
  -0.00639503  0.          0.03936708  0.03605652]
 [ 0.3882177   0.4040036  -1.5989951  -0.04054445  0.00447321  0.
   0.00962046  0.         -0.06718079  0.07804248]
 [-0.20051645 -0.3581072   0.8404944   0.11109301  0.12457008  0.
   0.01402365  0.          0.08697582  0.00736314]] 
Episode: 4: [[-2.2843812e-01 -3.9020202e-01 -1.0582736e+00  1.2862462e-01
   3.0262802e-02  0.0000000e+00 -1.6266689e-02  0.0000000e+00
  -6.7982491e-04 -9.8489532e-03]
 [ 9.4577059e-02 -1.1171716e-01 -1.4415416e+00 -1.0738906e-03
   9.2583507e-02  0.0000000e+00 -4.7204889e-02  0.0000000e+00
   5.1770162e-02  1.2470013e-02]
 [ 3.2275456e-01  2.4962212e-01 -1.5006871e+00 -5.8799251e-03
   2.2184780e-02  0.0000000e+00 -9.8776519e-03  0.0000000e+00
   4.1547436e-02  3.7427124e-02]
 [ 3.8895261e-01  4.0386564e-01 -1.6004690e+00 -3.5150893e-02
   2.6912997e-03  0.0000000e+00  5.7552508e-03  0.0000000e+00
  -6.4301819e-02  8.0750890e-02]
 [-1.9997914e-01 -3.5453516e-01  8.4337449e-01  1.0372961e-01
   1.2913160e-01  0.0000000e+00  1.7361194e-02  0.0000000e+00
   7.7774867e-02  2.8730021e-03]] 
Episode: 5: [[-2.23554716e-01 -3.89392495e-01 -1.06091595e+00  1.30907297e-01
   3.22714821e-02  0.00000000e+00 -1.78212728e-02  0.00000000e+00
  -7.33792037e-03 -9.95610654e-03]
 [ 9.92182270e-02 -1.12733386e-01 -1.44205272e+00  2.70507182e-03
   9.32470709e-02  0.00000000e+00 -5.11719994e-02  0.00000000e+00
   4.77607399e-02  1.31471865e-02]
 [ 3.25615525e-01  2.45623499e-01 -1.50065947e+00 -2.16121669e-03
   2.16578152e-02  0.00000000e+00 -1.43185770e-02  0.00000000e+00
   4.36057635e-02  4.03213948e-02]
 [ 3.91998053e-01  3.99049222e-01 -1.60043752e+00 -3.13491784e-02
   2.37236242e-03  0.00000000e+00  6.79982768e-04  0.00000000e+00
  -6.07413799e-02  8.42629820e-02]
 [-1.97883055e-01 -3.50280523e-01  8.41961801e-01  9.93342325e-02
   1.30591825e-01  0.00000000e+00  2.33495422e-02  0.00000000e+00
   6.52463138e-02  6.11257972e-04]] 
Episode: 6: [[-2.19130591e-01 -3.87534261e-01 -1.06355166e+00  1.33761421e-01
   3.45721915e-02  0.00000000e+00 -1.89817641e-02  0.00000000e+00
  -1.35728875e-02 -9.07069165e-03]
 [ 1.03641070e-01 -1.12401597e-01 -1.44258964e+00  6.62743067e-03
   9.42930132e-02  0.00000000e+00 -5.45074791e-02  0.00000000e+00
   4.38914411e-02  1.49170989e-02]
 [ 3.28232825e-01  2.42936775e-01 -1.50073409e+00  1.55866914e-03
   2.13589799e-02  0.00000000e+00 -1.81411896e-02  0.00000000e+00
   4.54033576e-02  4.34876978e-02]
 [ 3.94735485e-01  3.95529896e-01 -1.60054636e+00 -2.75306590e-02
   2.18958245e-03  0.00000000e+00 -3.71504575e-03  0.00000000e+00
  -5.77303953e-02  8.77806991e-02]
 [-1.95957437e-01 -3.46116424e-01  8.40873122e-01  9.48700830e-02
   1.32310763e-01  0.00000000e+00  2.85698734e-02  0.00000000e+00
   5.38152494e-02 -9.40377242e-04]] 
Episode: 7: [[-0.21742696 -0.38620168 -1.065206    0.13662252  0.03722776  0.
  -0.02074189  0.         -0.017263   -0.00451761]
 [ 0.10572883 -0.11314934 -1.4429029   0.00965994  0.09528297  0.
  -0.05783557  0.          0.04235169  0.02106476]
 [ 0.32917944  0.23951116 -1.5009127   0.00431063  0.02092279  0.
  -0.02154149  0.          0.04847984  0.05099209]
 [ 0.39620984  0.39163798 -1.6008174  -0.02469596  0.00187901  0.
  -0.00753191  0.         -0.05391218  0.09510095]
 [-0.19477892 -0.34130085  0.84078765  0.09253494  0.13564695  0.
   0.03229531  0.          0.04461456 -0.00414732]] 
Episode: 8: [[-2.16074839e-01 -3.84256452e-01 -1.06623518e+00  1.39398873e-01
   3.99360918e-02  0.00000000e+00 -2.28693187e-02  0.00000000e+00
  -2.08204631e-02 -2.09801341e-03]
 [ 1.07401147e-01 -1.13260396e-01 -1.44343698e+00  1.26871951e-02
   9.63278189e-02  0.00000000e+00 -6.08158186e-02  0.00000000e+00
   4.04439270e-02  2.52983663e-02]
 [ 3.29778641e-01  2.36782983e-01 -1.50138974e+00  7.05416407e-03
   2.04562675e-02  0.00000000e+00 -2.43934449e-02  0.00000000e+00
   5.15163988e-02  5.78475073e-02]
 [ 3.97290796e-01  3.88316512e-01 -1.60140419e+00 -2.18674280e-02
   1.45421363e-03  0.00000000e+00 -1.07383160e-02  0.00000000e+00
  -5.09152301e-02  1.02087907e-01]
 [-1.93572372e-01 -3.36622745e-01  8.41644764e-01  8.98905471e-02
   1.39282659e-01  0.00000000e+00  3.50327231e-02  0.00000000e+00
   3.56080793e-02 -8.77075177e-03]] 
Episode: 9: [[-2.15939060e-01 -3.83770615e-01 -1.06512582e+00  1.42625526e-01
   4.08722199e-02  0.00000000e+00 -2.52015162e-02  0.00000000e+00
  -2.14151610e-02  2.10624785e-04]
 [ 1.08121157e-01 -1.14759557e-01 -1.44328403e+00  1.57928392e-02
   9.58093554e-02  0.00000000e+00 -6.34749085e-02  0.00000000e+00
   4.15335409e-02  2.94428784e-02]
 [ 3.29927117e-01  2.33373880e-01 -1.50156069e+00  9.77453403e-03
   1.90460235e-02  0.00000000e+00 -2.67519616e-02  0.00000000e+00
   5.63935563e-02  6.46650568e-02]
 [ 3.97906989e-01  3.84304851e-01 -1.60170913e+00 -1.90229211e-02
   1.04702514e-04  0.00000000e+00 -1.33545194e-02  0.00000000e+00
  -4.65029404e-02  1.09176412e-01]
 [-1.92601636e-01 -3.34084511e-01  8.42774630e-01  8.70266780e-02
   1.42411202e-01  0.00000000e+00  3.67081203e-02  0.00000000e+00
   2.76153181e-02 -1.45294620e-02]] 
Episode: 10: [[-0.22353558 -0.3949228  -1.0565563   0.13124423  0.03030002  0.
  -0.01252676  0.         -0.00991131 -0.01294162]
 [ 0.10064697 -0.12718748 -1.4386685   0.00792398  0.08448406  0.
  -0.05160761  0.          0.05415233  0.01632071]
 [ 0.32245073  0.22091348 -1.4991809   0.00708801  0.00925021  0.
  -0.0179775   0.          0.07020619  0.05168727]
 [ 0.39085236  0.3721059  -1.5998037  -0.02085087 -0.00893934  0.
  -0.00554677  0.         -0.03290699  0.09627324]
 [-0.19396782 -0.3389534   0.8438881   0.08210061  0.14111707  0.
   0.0452153   0.          0.03062658 -0.02844736]] 
Episode: 11: [[-2.31042892e-01 -4.05277729e-01 -1.04632235e+00  1.21307306e-01
   2.09690668e-02  0.00000000e+00 -1.02646300e-03  0.00000000e+00
   4.19756805e-04 -2.47420464e-02]
 [ 9.32752192e-02 -1.38766110e-01 -1.43312860e+00  1.08107016e-03
   7.45435432e-02  0.00000000e+00 -4.08493802e-02  0.00000000e+00
   6.55846298e-02  4.54358105e-03]
 [ 3.15012425e-01  2.09294751e-01 -1.49626505e+00  4.86136880e-03
   7.84705451e-04  0.00000000e+00 -1.00067463e-02  0.00000000e+00
   8.31369311e-02  4.00283001e-02]
 [ 3.83807033e-01  3.60774279e-01 -1.59734619e+00 -2.23005414e-02
  -1.66455619e-02  0.00000000e+00  1.56753836e-03  0.00000000e+00
  -2.03569420e-02  8.46801922e-02]
 [-1.95233747e-01 -3.42939585e-01  8.44832361e-01  7.73424208e-02
   1.40009418e-01  0.00000000e+00  5.28312102e-02  0.00000000e+00
   3.21693607e-02 -4.09162864e-02]] 
Episode: 12: [[-0.23801611 -0.41485426 -1.0369853   0.11248714  0.01258408  0.
   0.00942493  0.          0.00928295 -0.03533075]
 [ 0.08643193 -0.14938976 -1.4280515  -0.00507361  0.06562757  0.
  -0.03105967  0.          0.07554477 -0.00602893]
 [ 0.3082083   0.19873416 -1.4935583   0.00277548 -0.00675167  0.
  -0.00271498  0.          0.09455542  0.02956073]
 [ 0.37738088  0.35050157 -1.5950487  -0.02370465 -0.02348144  0.
   0.00809558  0.         -0.0094041   0.07427154]
 [-0.19644411 -0.3469272   0.84556055  0.07364013  0.13876832  0.
   0.05952131  0.          0.03286223 -0.05210469]] 
Episode: 13: [[-0.24471197 -0.42991722 -1.0217247   0.09862811 -0.00170253  0.
   0.02461944  0.          0.02454555 -0.0502752 ]
 [ 0.07882693 -0.164547   -1.4142752  -0.01845456  0.05116557  0.
  -0.01590762  0.          0.09108568 -0.02232522]
 [ 0.29854184  0.18358934 -1.4850415  -0.00870316 -0.02103741  0.
   0.01190588  0.          0.11067359  0.01329738]
 [ 0.36864153  0.3355246  -1.5883347  -0.03453403 -0.03764733  0.
   0.02252853  0.          0.00661949  0.05828533]
 [-0.19237863 -0.34750697  0.8539754   0.08466052  0.14701742  0.
   0.07036979  0.          0.04481188 -0.06681459]] 
Episode: 14: [[-2.5069949e-01 -4.4348246e-01 -1.0080019e+00  8.6105146e-02
  -1.4560965e-02  0.0000000e+00  3.8303059e-02  0.0000000e+00
   3.8291287e-02 -6.3733883e-02]
 [ 7.2030231e-02 -1.7819703e-01 -1.4018877e+00 -3.0536968e-02
   3.8152345e-02  0.0000000e+00 -2.2613483e-03  0.0000000e+00
   1.0508214e-01 -3.7001532e-02]
 [ 2.8991914e-01  1.6995132e-01 -1.4774026e+00 -1.9062936e-02
  -3.3884048e-02  0.0000000e+00  2.5074949e-02  0.0000000e+00
   1.2518980e-01 -1.3490638e-03]
 [ 3.6087596e-01  3.2203817e-01 -1.5823269e+00 -4.4307865e-02
  -5.0381131e-02  0.0000000e+00  3.5528578e-02  0.0000000e+00
   2.1050345e-02  4.3889113e-02]
 [-1.8878730e-01 -3.4804744e-01  8.6168391e-01  9.4587445e-02
   1.5417132e-01  0.0000000e+00  8.0133028e-02  0.0000000e+00
   5.5574965e-02 -8.0066316e-02]] 
Episode: 15: [[-0.25607336 -0.45569786 -0.99565834  0.07462702 -0.02612759  0.
   0.05063602  0.          0.05067121 -0.07585496]
 [ 0.06593242 -0.19048882 -1.3907467  -0.04162488  0.02644878  0.
   0.01004407  0.          0.1176879  -0.05021941]
 [ 0.28219494  0.15767178 -1.4705466  -0.02859635 -0.04542826  0.
   0.03696533  0.          0.13826367 -0.01453988]
 [ 0.3539398   0.30989626 -1.5769484  -0.05335586 -0.06181522  0.
   0.04727579  0.          0.03404736  0.03092403]
 [-0.1855971  -0.34857062  0.8687089   0.1039232   0.16025847  0.
   0.08862609  0.          0.06526847 -0.0920038 ]] 
Episode: 16: [[-0.2609018  -0.46669954 -0.9845403   0.06428371 -0.03654576  0.
   0.06174344  0.          0.06182107 -0.08677167]
 [ 0.06045209 -0.20155932 -1.3807125  -0.05161547  0.01590668  0.
   0.02112665  0.          0.12904115 -0.06212394]
 [ 0.27525643  0.14661223 -1.4643726  -0.03718594 -0.0558283   0.
   0.04767399  0.          0.15003854 -0.02642003]
 [ 0.3477196   0.2989606  -1.5721056  -0.06150802 -0.0721176   0.
   0.05785538  0.          0.045753    0.01924719]
 [-0.182742   -0.34903952  0.87505084  0.11233364  0.16579379  0.
   0.09627798  0.          0.07399883 -0.10275528]] 
Episode: 17: [[-0.2652359  -0.47660822 -0.97454226  0.05492371 -0.04593207  0.
   0.07174764  0.          0.07186307 -0.09660368]
 [ 0.05553014 -0.21152994 -1.3716875  -0.06063917  0.00640936  0.
   0.03110845  0.          0.13926634 -0.07284563]
 [ 0.26902935  0.13665144 -1.4588302  -0.04494082 -0.06519816  0.
   0.05731921  0.          0.16064346 -0.03711976]
 [ 0.34215203  0.28911135 -1.5677723  -0.0688726  -0.08140087  0.
   0.06738464  0.          0.05629557  0.00873058]
 [-0.18019457 -0.34946135  0.8808394   0.11993086  0.1707993   0.
   0.10316443  0.          0.08186173 -0.11243851]] 
Episode: 18: [[-2.6911128e-01 -4.8553246e-01 -9.6555710e-01  4.6468608e-02
  -5.4388117e-02  0.0000000e+00  8.0757909e-02  0.0000000e+00
   8.0907300e-02 -1.0545877e-01]
 [ 5.1119767e-02 -2.2050995e-01 -1.3635688e+00 -6.8776742e-02
  -2.1457700e-03  0.0000000e+00  4.0098514e-02  0.0000000e+00
   1.4847556e-01 -8.2502007e-02]
 [ 2.6345268e-01  1.2768032e-01 -1.4538428e+00 -5.1930211e-02
  -7.3637933e-02  0.0000000e+00  6.6006139e-02  0.0000000e+00
   1.7019467e-01 -4.6756364e-02]
 [ 3.3719110e-01  2.8024065e-01 -1.5638803e+00 -7.5510539e-02
  -8.9762792e-02  0.0000000e+00  7.5967163e-02  0.0000000e+00
   6.5790623e-02 -7.4107503e-04]
 [-1.7793369e-01 -3.4984180e-01  8.8606524e-01  1.2677081e-01
   1.7528224e-01  0.0000000e+00  1.0936628e-01  0.0000000e+00
   8.8943377e-02 -1.2115968e-01]] 
Episode: 19: [[-0.27257493 -0.49357006 -0.95746404  0.03882345 -0.06200521  0.
   0.08887313  0.          0.08905289 -0.11343402]
 [ 0.04716845 -0.2285977  -1.3562558  -0.07612009 -0.0098508   0.
   0.04819549  0.          0.15676974 -0.09119893]
 [ 0.25846085  0.11960059 -1.4493469  -0.05823414 -0.08123704  0.
   0.07383013  0.          0.17879687 -0.05543547]
 [ 0.33277717  0.27225143 -1.5603687  -0.08150014 -0.09729021  0.
   0.08369725  0.          0.07434224 -0.00927162]
 [-0.17593288 -0.3501859   0.8907593   0.13294087  0.17923936  0.
   0.11495025  0.          0.09532139 -0.12901431]] 
Episode: 20: [[-0.2756627  -0.500809   -0.95017666  0.03192947 -0.06886677  0.
   0.09618199  0.          0.09638914 -0.12061684]
 [ 0.0436327  -0.23588185 -1.3496687  -0.08273709 -0.01679059  0.
   0.0554879   0.          0.16423981 -0.09903171]
 [ 0.25399762  0.11232371 -1.4452924  -0.06391279 -0.08808029  0.
   0.08087666  0.          0.18654434 -0.0632522 ]
 [ 0.32886273  0.26505607 -1.5571977  -0.08689462 -0.10406827  0.
   0.09065917  0.          0.08204417 -0.01695456]
 [-0.17417012 -0.3504967   0.89496785  0.13849463  0.18275857  0.
   0.11998019  0.          0.10106567 -0.13608855]] 
Episode: 21: [[-0.27842036 -0.5073287  -0.94360715  0.02570152 -0.07504697  0.
   0.10276466  0.          0.10299645 -0.12708595]
 [ 0.04046397 -0.24244222 -1.3437325  -0.08870587 -0.02304078  0.
   0.06205576  0.          0.17096765 -0.10608622]
 [ 0.2499986   0.10576989 -1.4416362  -0.06903347 -0.09424275  0.
   0.08722305  0.          0.19352202 -0.07029226]
 [ 0.32537693  0.2585757  -1.5543339  -0.09176219 -0.11017098  0.
   0.09692939  0.          0.08898083 -0.0238741 ]
 [-0.17260426 -0.3507773   0.8987582   0.14350764  0.18588856  0.
   0.1245099   0.          0.10623919 -0.14245988]] 
Episode: 22: [[-0.28086704 -0.51320046 -0.93769926  0.02008455 -0.08061083  0.
   0.10869329  0.          0.10894723 -0.13291231]
 [ 0.03763296 -0.24835068 -1.3383896  -0.09408712 -0.02866831  0.
   0.06797104  0.          0.177027   -0.11243978]
 [ 0.24642499  0.09986735 -1.4383428  -0.07364963 -0.09979024  0.
   0.09293886  0.          0.19980639 -0.07663281]
 [ 0.32229432  0.2527394  -1.5517519  -0.09615082 -0.11566191  0.
   0.10257658  0.          0.09522825 -0.03010612]
 [-0.17122427 -0.35103124  0.90215176  0.14802568  0.18863729  0.
   0.12858988  0.          0.11089864 -0.14819816]] 
Episode: 23: [[-0.28302547 -0.5184885  -0.932417    0.01499539 -0.08560961  0.
   0.1140327   0.          0.11430674 -0.13815972]
 [ 0.03511085 -0.2536719  -1.333598   -0.09894583 -0.03372859  0.
   0.07329848  0.          0.18248428 -0.11816204]
 [ 0.2432423   0.09455157 -1.4353979  -0.07781391 -0.10477448  0.
   0.09808664  0.          0.20546634 -0.08234334]
 [ 0.31959468  0.24748355 -1.5494746  -0.10011514 -0.12058197  0.
   0.10766245  0.          0.10085493 -0.03571889]
 [-0.1700269  -0.3512648   0.9053204   0.1521093   0.19083369  0.
   0.1322654   0.          0.11509512 -0.15336631]] 
Episode: 24: [[-0.2849284  -0.523251   -0.92767054  0.01044736 -0.09010155  0.
   0.11884136  0.          0.11913373 -0.14288573]
 [ 0.03286259 -0.2584643  -1.3292874  -0.10331156 -0.03827949  0.
   0.07809648  0.          0.18739933 -0.12331571]
 [ 0.24040343  0.08976416 -1.4327466  -0.08155972 -0.10925447  0.
   0.10272282  0.          0.21056391 -0.08748646]
 [ 0.3172268   0.24275033 -1.547429   -0.10367516 -0.12499328  0.
   0.11224274  0.          0.10592254 -0.04077394]
 [-0.16898414 -0.35147876  0.9081852   0.15578258  0.19260894  0.
   0.13557677  0.          0.1188746  -0.15802099]] 
Episode: 25: [[-0.2865959  -0.52753985 -0.9234443   0.00642426 -0.09412954  0.
   0.12317169  0.          0.12348109 -0.14714211]
 [ 0.03086299 -0.26278034 -1.3254266  -0.10721806 -0.04236882  0.
   0.08241745  0.          0.191826   -0.1279573 ]
 [ 0.2378763   0.08545265 -1.4303747  -0.08491714 -0.11327849  0.
   0.10689803  0.          0.21515498 -0.09211853]
 [ 0.31516558  0.23848797 -1.545634   -0.10685159 -0.12893978  0.
   0.11636722  0.          0.11048662 -0.04532667]
 [-0.16808577 -0.35167605  0.91086125  0.1590655   0.1939448   0.
   0.13856241  0.          0.12227856 -0.16221328]] 
Episode: 26: [[-0.28805587 -0.5314022  -0.91960806  0.00305803 -0.0977369   0.
   0.12707135  0.          0.1273965  -0.15097554]
 [ 0.02908412 -0.26666734 -1.3219335  -0.11064442 -0.04604011  0.
   0.0863089   0.          0.19581284 -0.13213767]
 [ 0.23562469  0.08156986 -1.4282163  -0.08788328 -0.11688762  0.
   0.11065824  0.          0.21928987 -0.09629034]
 [ 0.31336975  0.23464988 -1.5439706  -0.1096033  -0.13245773  0.
   0.1200815   0.          0.11459724 -0.049427  ]
 [-0.16730812 -0.35186002  0.91319025  0.16191912  0.19479217  0.
   0.14125252  0.          0.1253442  -0.16598906]] 
Episode: 27: [[-2.89327741e-01 -5.34880221e-01 -9.16178763e-01  2.15896998e-05
  -1.00960381e-01  0.00000000e+00  1.30583540e-01  0.00000000e+00
   1.30922869e-01 -1.54428065e-01]
 [ 2.75036823e-02 -2.70167857e-01 -1.31880057e+00 -1.13733225e-01
  -4.93333787e-02  0.00000000e+00  8.98136869e-02  0.00000000e+00
   1.99403524e-01 -1.35902673e-01]
 [ 2.33619824e-01  7.80731812e-02 -1.42628741e+00 -9.05565917e-02
  -1.20123401e-01  0.00000000e+00  1.14044845e-01  0.00000000e+00
   2.23013923e-01 -1.00047626e-01]
 [ 3.11812729e-01  2.31193990e-01 -1.54251432e+00 -1.12086803e-01
  -1.35587260e-01  0.00000000e+00  1.23426743e-01  0.00000000e+00
   1.18299417e-01 -5.31198978e-02]
 [-1.66638941e-01 -3.52032095e-01  9.15403545e-01  1.64502621e-01
   1.95191771e-01  0.00000000e+00  1.43675029e-01  0.00000000e+00
   1.28105208e-01 -1.69389665e-01]] 
Episode: 28: [[-0.29042858 -0.53801227 -0.91311526 -0.00262873 -0.10384285  0.
   0.13374658  0.          0.13409884 -0.15753752]
 [ 0.02610254 -0.27332038 -1.3159913  -0.11649453 -0.05228911  0.
   0.09297016  0.          0.20263743 -0.13929357]
 [ 0.23183717  0.07492416 -1.4245621  -0.09295667 -0.12302747  0.
   0.11709491  0.          0.22636794 -0.10343158]
 [ 0.31047282  0.22808206 -1.5412334  -0.1143011  -0.13837798  0.
   0.12643945  0.          0.12163374 -0.05644586]
 [-0.16606598 -0.35219076  0.9174657   0.16681497  0.19534263  0.
   0.1458571   0.          0.13059188 -0.17245239]] 
Episode: 29: [[-0.2913636  -0.54083264 -0.91033727 -0.00487721 -0.10641798  0.
   0.13659509  0.          0.13695925 -0.160338  ]
 [ 0.0248675  -0.27615947 -1.3134547  -0.11894044 -0.05494187  0.
   0.0958129   0.          0.20555001 -0.14234753]
 [ 0.23025785  0.07208818 -1.4230032  -0.095098   -0.1256354   0.
   0.11984185  0.          0.22938868 -0.10647928]
 [ 0.30934134  0.22527988 -1.5400594  -0.11625095 -0.1408659   0.
   0.1291526   0.          0.12463677 -0.05944132]
 [-0.16558568 -0.35233754  0.9193215   0.16887394  0.19525938  0.
   0.14782257  0.          0.13283144 -0.1752108 ]] 
Episode: 30: [[-0.2921585  -0.5433723  -0.90787727 -0.00686487 -0.10871173  0.
   0.13916054  0.          0.13953546 -0.1628602 ]
 [ 0.0237771  -0.27871624 -1.3111875  -0.12113268 -0.05731858  0.
   0.09837317  0.          0.2081732  -0.14509805]
 [ 0.22885688  0.06953429 -1.4216129  -0.09702006 -0.1279705   0.
   0.12231585  0.          0.23210928 -0.10922416]
 [ 0.30838528  0.22275695 -1.539045   -0.11799562 -0.14306757  0.
   0.13159618  0.          0.1273414  -0.06213914]
 [-0.1651845  -0.35247615  0.9210863   0.17072777  0.1948189   0.
   0.14959203  0.          0.13484849 -0.17769513]] 
Episode: 31: [[-0.29282606 -0.5456589  -0.9057386  -0.00864387 -0.11074237  0.
   0.14147103  0.          0.14185567 -0.16513178]
 [ 0.02281682 -0.28101867 -1.3091778  -0.12310521 -0.0594423   0.
   0.10067903  0.          0.21053573 -0.14757526]
 [ 0.22761549  0.06723453 -1.4203886  -0.09874859 -0.13005549  0.
   0.12454405  0.          0.23455955 -0.11169629]
 [ 0.3075873   0.22048579 -1.5382192  -0.11956479 -0.14499894  0.
   0.13379696  0.          0.12977728 -0.06456888]
 [-0.16485454 -0.35260895  0.92285115  0.17240444  0.19397129  0.
   0.15118521  0.          0.13666514 -0.17993261]] 
Episode: 32: [[-0.2933783  -0.54771763 -0.9038231  -0.01004734 -0.11253963  0.
   0.14355199  0.          0.14394535 -0.16717763]
 [ 0.02197401 -0.28309205 -1.3073722  -0.1248213  -0.06134018  0.
   0.10275581  0.          0.21266352 -0.14980632]
 [ 0.22651824  0.06516361 -1.419286   -0.10026973 -0.13191783  0.
   0.12655091  0.          0.23676635 -0.11392277]
 [ 0.30693316  0.2184413  -1.5374805  -0.12089902 -0.14669149  0.
   0.13577925  0.          0.13197115 -0.06675719]
 [-0.1645882  -0.3527358   0.92445827  0.1738487   0.1927987   0.
   0.15261842  0.          0.13830122 -0.18194774]] 
Episode: 33: [[-0.29382542 -0.5495713  -0.9021229  -0.01133438 -0.11413047  0.
   0.14542635  0.          0.1458274  -0.1690202 ]
 [ 0.02123682 -0.2849592  -1.3057588  -0.12637633 -0.06303643  0.
   0.1046263   0.          0.21457988 -0.1518157 ]
 [ 0.22554992  0.06329875 -1.4183049  -0.10164463 -0.13358152  0.
   0.12835845  0.          0.23875389 -0.11592803]
 [ 0.30640894  0.21660079 -1.5368471  -0.12211566 -0.14817478  0.
   0.13756481  0.          0.13394704 -0.06872807]
 [-0.16438037 -0.35285652  0.9259722   0.17517692  0.1913764   0.
   0.15390743  0.          0.1397747  -0.18376261]] 
Episode: 34: [[-0.29417887 -0.55123997 -0.9006337  -0.01232631 -0.1155246   0.
   0.14711437  0.          0.14752245 -0.17067967]
 [ 0.02059411 -0.28664047 -1.3043252  -0.12773134 -0.06454597  0.
   0.10631091  0.          0.21630584 -0.1536254 ]
 [ 0.22469667  0.06161959 -1.4174389  -0.10285842 -0.13506061  0.
   0.12998642  0.          0.24054393 -0.11773404]
 [ 0.30599952  0.2149444  -1.536331   -0.12315238 -0.14945221  0.
   0.13917297  0.          0.13572663 -0.07050309]
 [-0.16422302 -0.35297394  0.9274437   0.17632285  0.18960357  0.
   0.15506788  0.          0.14110172 -0.18539715]] 
Episode: 35: [[-0.2944448  -0.55274194 -0.8993029  -0.01311265 -0.11673656  0.
   0.14863504  0.          0.1490491  -0.17217426]
 [ 0.0200372  -0.2881543  -1.3030374  -0.12891987 -0.06588523  0.
   0.10782833  0.          0.2178603  -0.15525529]
 [ 0.22394702  0.06010776 -1.4166576  -0.10393032 -0.13636988  0.
   0.13145286  0.          0.24215613 -0.1193606 ]
 [ 0.30569652  0.21345401 -1.5358701  -0.12404268 -0.15053624  0.
   0.14062195  0.          0.13732944 -0.07210176]
 [-0.16411366 -0.35309032  0.9287904   0.1773236   0.18740745  0.
   0.1561095   0.          0.14229675 -0.1868692 ]] 
Episode: 36: [[-0.29462704 -0.554094   -0.8981566  -0.01358632 -0.11779537  0.
   0.15000454  0.          0.15042406 -0.17352033]
 [ 0.019559   -0.2895175  -1.3018936  -0.12992693 -0.06707852  0.
   0.10919495  0.          0.2192603  -0.15672322]
 [ 0.2232902   0.05874635 -1.4159548  -0.10486307 -0.13753977  0.
   0.13277362  0.          0.24360813 -0.12082553]
 [ 0.30549118  0.21211249 -1.5354829  -0.12476096 -0.15147547  0.
   0.14192696  0.          0.138773   -0.07354158]
 [-0.16404447 -0.35320002  0.93005025  0.17815626  0.18515326  0.
   0.157047    0.          0.14337303 -0.18819498]] 
Episode: 37: [[-0.29474255 -0.55531114 -0.8971418  -0.01393795 -0.11871918  0.
   0.15123817  0.          0.15166241 -0.17473264]
 [ 0.01914864 -0.290745   -1.3008698  -0.13081609 -0.06814003  0.
   0.11042589  0.          0.2205212  -0.15804529]
 [ 0.22271612  0.05752049 -1.4153234  -0.10569303 -0.13857985  0.
   0.13396327  0.          0.24491586 -0.1221449 ]
 [ 0.30536744  0.21090515 -1.5351459  -0.12538429 -0.15227929  0.
   0.14310265  0.          0.14007312 -0.07483834]
 [-0.16401067 -0.35330528  0.9312192   0.1788924   0.18275781  0.
   0.15788922  0.          0.14434233 -0.18938896]] 
Episode: 38: [[-0.29479808 -0.5564066  -0.89624166 -0.01407938 -0.11951666  0.
   0.15234913  0.          0.15277773 -0.17582448]
 [ 0.0187987  -0.29185024 -1.2999545  -0.13157234 -0.06908113  0.
   0.1115345   0.          0.22165681 -0.159236  ]
 [ 0.22221516  0.05641676 -1.414762   -0.10641856 -0.13950194  0.
   0.13503474  0.          0.24609366 -0.12333317]
 [ 0.30531564  0.2098188  -1.534865   -0.12588929 -0.15295507  0.
   0.14416151  0.          0.1412441  -0.07600623]
 [-0.16400898 -0.35340756  0.93234086  0.17951107  0.18017887  0.
   0.15864718  0.          0.14521526 -0.19046432]] 
Episode: 39: [[-0.29479945 -0.55739236 -0.8954384  -0.01401515 -0.1201911   0.
   0.15334992  0.          0.15378225 -0.17680782]
 [ 0.0185034  -0.29284534 -1.2991326  -0.13220024 -0.06991018  0.
   0.11253306  0.          0.2226796  -0.16030839]
 [ 0.2217805   0.05542305 -1.4142544  -0.1070416  -0.14031528  0.
   0.13599987  0.          0.24715443 -0.12440337]
 [ 0.30532938  0.20884162 -1.5346112  -0.12627174 -0.1535046   0.
   0.14511554  0.          0.14229876 -0.07705809]
 [-0.16403562 -0.35350847  0.9333587   0.1800098   0.1773618   0.
   0.1593271   0.          0.14600138 -0.19143276]] 
Episode: 40: [[-0.29475197 -0.5582794  -0.8947321  -0.01382136 -0.12076285  0.
   0.15425132  0.          0.15468699 -0.17769344]
 [ 0.01825689 -0.29374126 -1.2984009  -0.13272852 -0.07064132  0.
   0.11343242  0.          0.22360076 -0.16127422]
 [ 0.22140467  0.05452842 -1.413804   -0.10758076 -0.1410321   0.
   0.13686918  0.          0.24810982 -0.12536722]
 [ 0.3054014   0.20796262 -1.5344057  -0.12656662 -0.15394919  0.
   0.14597495  0.          0.14324866 -0.07800543]
 [-0.16408817 -0.3536069   0.9343306   0.18042101  0.17439997  0.
   0.15993813  0.          0.14670928 -0.19230495]] 
Episode: 41: [[-0.29464716 -0.5590776  -0.89415497 -0.01349327 -0.12124632  0.
   0.15506303  0.          0.15550184 -0.17849106]
 [ 0.01805945 -0.29454795 -1.2977617  -0.13316682 -0.07128775  0.
   0.1142424   0.          0.2244304  -0.16214408]
 [ 0.22108504  0.05372288 -1.4134042  -0.10804886 -0.14166859  0.
   0.13765214  0.          0.24897027 -0.1262353 ]
 [ 0.30553958  0.20717172 -1.5342665  -0.12678343 -0.15431371  0.
   0.14674895  0.          0.1441042  -0.07885862]
 [-0.16416831 -0.35370055  0.93529     0.18075626  0.17145002  0.
   0.16048805  0.          0.1473468  -0.19309048]] 
