90.641174 89.340843 77.778595 95.917580 85.097504 0.000000 
85.172859 78.592865 92.221764 86.545555 106.250412 0.027976 
90.189316 90.735229 94.505440 90.088196 81.992134 0.000000 
91.725304 105.192398 91.654251 89.747353 92.912369 0.000000 
91.646378 106.054688 84.621979 86.079987 93.787247 0.034264 
87.562889 98.005882 84.188911 102.157578 104.649818 0.000000 
88.926788 97.254753 88.312866 87.446953 99.934883 0.000000 
90.013908 67.437744 86.935585 91.198029 90.830093 0.000000 
88.280815 84.976517 92.684242 94.712517 92.799316 0.019782 
98.350700 110.089386 91.515709 95.118881 99.052811 0.034264 
83.975845 96.620819 95.883514 86.723221 97.057762 0.000000 
89.046028 96.139618 81.280899 95.231461 85.733345 0.000000 
90.385384 48.667801 92.680038 89.787590 83.601501 0.000000 
87.608597 84.407585 94.525833 87.289886 97.409241 0.000000 
91.777702 73.123825 88.978745 84.762970 72.948860 0.019782 
91.164879 93.038513 91.391815 92.721352 102.659653 0.027976 
91.297874 59.458603 86.961845 91.099815 99.913445 0.000000 
91.455788 112.452019 83.926750 94.168129 84.456375 0.027976 
89.264061 93.543045 94.894653 82.996414 88.849274 0.019782 
83.604172 88.510040 93.388863 111.556068 73.233711 0.000000 
90.836609 101.546516 79.694244 85.654854 80.112259 0.000000 
86.279556 143.191879 78.820221 82.770699 92.735039 0.000000 
85.018890 100.084145 90.171181 87.779175 86.887314 0.000000 
86.679916 77.708069 91.972832 73.301262 97.941902 0.019782 
85.934525 67.652069 87.880074 90.335121 93.512939 0.000000 
91.352585 23.208044 90.494492 100.289757 73.123512 0.000000 
87.162445 98.808746 93.476791 89.414177 86.366295 0.000000 
90.206032 78.716812 90.098114 103.578926 102.528137 0.019782 
89.314827 98.904999 98.990974 98.791069 88.299911 0.034264 
92.049301 85.954002 89.789719 86.915855 79.735466 0.027976 
87.734337 73.260101 87.899033 80.159782 101.563499 0.034264 
83.672508 84.317352 94.112022 80.412865 92.606537 0.000000 
86.993256 89.139412 79.865891 94.675400 82.764153 0.000000 
92.215767 82.021225 96.947250 74.047638 84.528358 0.000000 
91.674675 73.843651 85.313583 93.177376 87.194038 0.027976 
88.713409 82.406700 79.347542 75.903313 82.858269 0.027976 
90.133461 91.495789 101.802025 86.407532 97.304512 0.019782 
85.340233 92.559486 91.628189 90.822426 91.099831 0.000000 
88.269928 91.325211 84.551834 106.288864 86.561592 0.000000 
90.683113 92.012566 88.772049 91.620369 93.071754 0.027976 
86.486557 85.205200 98.566231 101.524559 179.625168 0.019782 
91.610558 91.527420 84.790054 90.662125 106.855247 0.000000 
86.412018 96.695244 73.372330 73.235237 48.940536 0.039565 
94.886086 92.224663 96.838783 99.821136 81.207932 0.000000 
92.413200 97.179100 79.914635 72.414124 80.341377 0.027976 
90.377251 87.610794 85.961662 111.499222 91.158836 0.000000 
0.000000 0.000000 0.000000 0.000000 0.000000 0.000000 
