65.103813 28.707277 33.276302 41.710007 35.222340 0.000000 
47.831364 39.123627 48.386509 52.136219 34.402809 0.000000 
59.654022 35.714928 41.251514 45.571293 35.210411 0.000000 
52.634766 32.054291 35.382217 39.263226 35.373428 0.000000 
66.914200 35.029552 40.144505 40.035904 34.750637 0.000000 
69.437065 50.457161 51.099037 48.279327 39.903473 0.000000 
70.226212 39.144814 35.013451 32.854271 31.470701 0.000000 
60.643440 35.440403 36.658379 44.340370 43.539635 0.000000 
70.754890 43.115833 41.717831 46.996265 35.793846 0.000000 
69.340622 38.538639 35.209728 36.142719 29.502607 0.000000 
68.592148 38.348633 36.107479 45.120186 36.369343 0.019782 
71.246361 37.441788 32.234936 36.859894 41.729912 0.000000 
69.179886 37.599388 38.095596 43.107891 50.711185 0.000000 
65.532806 42.014694 43.909679 44.541134 39.238701 0.000000 
70.031151 32.933186 33.188667 36.733082 37.679405 0.000000 
53.694305 31.122427 38.503902 38.329632 36.073483 0.019782 
68.543671 45.250988 46.680695 49.650803 38.801640 0.000000 
52.375111 29.597633 29.881073 43.638542 43.927929 0.000000 
48.854408 35.970184 39.627182 45.526730 40.606163 0.000000 
59.909019 38.448044 48.402840 46.645641 39.792614 0.000000 
