Episode: 1: [[ 0.00069998  0.00069998  0.00069998  0.00069998  0.00069999]
 [ 0.00069998  0.00069998  0.00069998  0.00069998  0.00069999]
 [ 0.00069998  0.00069998  0.00069998  0.00069999  0.00069999]
 [ 0.00069999  0.00069999  0.00069999  0.00069999  0.00069999]
 [ 0.00069999  0.00069999  0.00069999  0.00069999 -0.00069999]] 
Episode: 11: [[ 0.00670033  0.00700807  0.00721845  0.00730617  0.00737473]
 [ 0.00653355  0.00675156  0.0068375   0.00683073  0.00699981]
 [ 0.00606851  0.0061449   0.00609489  0.00607647  0.00629771]
 [ 0.00705254  0.00706095  0.00705599  0.0070442   0.00724092]
 [ 0.00559478  0.00559385  0.00557686  0.00552147 -0.00681211]] 
Episode: 21: [[ 0.01298674  0.01335438  0.01366149  0.01383774  0.01420615]
 [ 0.01246669  0.0127654   0.01293567  0.01301821  0.0136422 ]
 [ 0.01164939  0.01178206  0.01177014  0.01182848  0.01255248]
 [ 0.01353991  0.01355674  0.01355777  0.01354582  0.01389033]
 [ 0.01114109  0.01114078  0.01112164  0.01105811 -0.0131851 ]] 
Episode: 31: [[ 0.01751265  0.01845315  0.01976746  0.02077573  0.02103631]
 [ 0.01732521  0.01825205  0.0191125   0.01971398  0.01997712]
 [ 0.01755184  0.01805428  0.01839379  0.01874661  0.0190008 ]
 [ 0.02026809  0.02039681  0.02050868  0.02060043  0.02015702]
 [ 0.01742666  0.01743624  0.01740677  0.01725703 -0.02003773]] 
Episode: 41: [[ 0.01482721  0.01740783  0.02164333  0.0257696   0.02656774]
 [ 0.01613137  0.01885179  0.02188268  0.02451822  0.02416505]
 [ 0.01902921  0.0208271   0.02252998  0.02420624  0.02353282]
 [ 0.02461042  0.02521346  0.02583763  0.02643971  0.02413231]
 [ 0.02254342  0.02262352  0.02263735  0.02241888 -0.02520518]] 
Episode: 51: [[ 0.01387827  0.01827214  0.02511451  0.03126118  0.0304011 ]
 [ 0.0172674   0.02169909  0.02644681  0.03026662  0.02748738]
 [ 0.02290203  0.02572689  0.02835529  0.03068625  0.02751422]
 [ 0.03061335  0.03154857  0.03249536  0.03326474  0.02803141]
 [ 0.02803105  0.02816338  0.02819145  0.02776081 -0.03161069]] 
Episode: 61: [[ 0.01396609  0.01996781  0.0287838   0.03616519  0.03295197]
 [ 0.01948824  0.0252486   0.03122453  0.03578882  0.02987649]
 [ 0.02709704  0.03070974  0.03402365  0.03684623  0.03069196]
 [ 0.03619806  0.03743278  0.03868722  0.03968841  0.03154452]
 [ 0.03311193  0.03331944  0.03340961  0.03290221 -0.03774818]] 
Episode: 71: [[ 0.01189319  0.01839351  0.02775281  0.03545885  0.03295902]
 [ 0.01794085  0.02392572  0.03010235  0.03477964  0.02955563]
 [ 0.02579396  0.02951773  0.03295165  0.03588929  0.03156408]
 [ 0.03510954  0.03639622  0.0377361   0.03883121  0.03562523]
 [ 0.03821041  0.03848673  0.03870068  0.03812883 -0.03684397]] 
Episode: 81: [[ 0.01116219  0.01791588  0.02744196  0.03519601  0.03246117]
 [ 0.01677662  0.02276404  0.02896434  0.03364987  0.02917249]
 [ 0.02449613  0.02822408  0.0316859   0.03466264  0.03220081]
 [ 0.03382555  0.03511838  0.0364961   0.03765775  0.0384171 ]
 [ 0.0415423   0.04186799  0.04218978  0.04166117 -0.03567978]] 
Episode: 91: [[ 0.01174747  0.01876407  0.02838889  0.03603546  0.03255562]
 [ 0.01681398  0.02277992  0.02897955  0.03364018  0.02972037]
 [ 0.02438671  0.02810064  0.03157963  0.03457574  0.03379926]
 [ 0.03374438  0.03503073  0.03644045  0.03764952  0.04118105]
 [ 0.0448951   0.04525485  0.04565878  0.04518367 -0.03569219]] 
Episode: 101: [[ 0.01297792  0.02022523  0.02991364  0.03734375  0.032544  ]
 [ 0.01732455  0.02326236  0.02945736  0.03406292  0.03031456]
 [ 0.0247752   0.02846432  0.03194634  0.03493164  0.03540482]
 [ 0.0341803   0.0354461   0.0368718   0.03810574  0.04367142]
 [ 0.04806882  0.04842454  0.04885459  0.0483386  -0.03618361]] 
Episode: 111: [[ 0.01381387  0.02137416  0.031192    0.03852275  0.0327804 ]
 [ 0.01781412  0.02373809  0.0299453   0.03452571  0.03096637]
 [ 0.02517948  0.02884387  0.03233248  0.03532558  0.03678785]
 [ 0.03459626  0.03584003  0.03728518  0.03856183  0.04565746]
 [ 0.05071623  0.05105456  0.05152947  0.0510825  -0.03667448]] 
Episode: 121: [[ 0.01489584  0.02256781  0.03235213  0.03942201  0.03243756]
 [ 0.01814955  0.02407102  0.03028918  0.03482738  0.03043715]
 [ 0.02534586  0.02902183  0.03254773  0.0355629   0.0364141 ]
 [ 0.03475479  0.03601778  0.03752057  0.03884725  0.0459583 ]
 [ 0.05223968  0.05260934  0.05318318  0.05279227 -0.036984  ]] 
Episode: 131: [[ 0.01534258  0.0232718   0.03317152  0.04020799  0.03225971]
 [ 0.01835658  0.02428743  0.03053714  0.03509564  0.03026287]
 [ 0.02544047  0.0291186   0.03267941  0.03574954  0.03647549]
 [ 0.03478408  0.03605333  0.03760567  0.03902455  0.04664206]
 [ 0.05360335  0.05398665  0.0546821   0.05456335 -0.03719699]] 
Episode: 141: [[ 0.01554053  0.02388286  0.03400068  0.04109957  0.03217167]
 [ 0.01859364  0.02454152  0.03082138  0.03540459  0.0300555 ]
 [ 0.02562099  0.02928118  0.03285566  0.03596839  0.03639853]
 [ 0.0348906   0.03614113  0.037721    0.03921856  0.04716403]
 [ 0.05515821  0.0555121   0.05630123  0.05646074 -0.03743475]] 
