89.161179 88.683380 89.624969 89.072746 47.676605 
88.779816 89.357948 89.688507 90.058746 40.544930 
88.999313 89.508575 90.100578 89.980934 39.804054 
89.229980 89.304245 90.257477 90.599411 38.505310 
89.219971 89.266670 89.368614 88.957581 42.340553 
89.253616 89.247810 89.740227 90.351974 41.209072 
89.220779 89.162697 89.753319 89.264359 39.514271 
89.473000 90.016800 91.307892 91.709023 39.874031 
89.858887 89.709930 90.132423 90.111748 37.592560 
88.943924 89.143806 90.768684 90.250656 41.107788 
90.241737 89.784904 91.155510 90.508507 39.169884 
88.851639 89.324677 90.353004 90.600830 42.654682 
88.629707 88.529808 88.578369 89.276367 41.770172 
89.237396 89.889198 90.631393 91.385292 42.804089 
90.006065 90.276505 90.758476 90.266983 41.605156 
89.148163 88.459679 89.193817 89.707169 41.874458 
88.385536 88.417259 89.716232 90.580788 40.935112 
89.222260 88.926895 89.603645 89.938240 41.782135 
89.600266 89.973816 90.309181 90.345680 41.954594 
88.995819 88.490814 89.945709 90.240273 39.223446 
