84.222084 86.960266 88.367836 86.391617 75.170639 
85.304420 86.817398 87.071548 86.941582 73.186913 
87.689796 89.198334 89.451271 88.634323 74.009300 
85.750893 87.017159 88.808304 86.629402 68.359764 
81.212654 81.669853 83.106377 83.147491 73.002800 
83.526169 86.900246 87.030685 86.070885 75.419037 
85.624496 87.927788 89.677727 88.787704 74.561295 
82.328033 84.788017 85.933952 86.304153 74.569923 
83.144890 85.473412 86.073738 83.604172 73.578880 
86.030647 88.826218 89.086365 88.295006 73.460503 
85.017807 86.790642 87.701553 86.826073 74.263062 
82.904762 84.756332 84.562866 84.790634 74.161201 
80.696625 83.339172 84.906708 82.955788 75.577515 
83.598198 85.014595 85.752167 83.360863 72.006454 
82.349113 85.052269 85.314819 83.540771 72.714722 
84.328545 86.222122 87.389900 86.422714 71.712601 
81.775238 84.821671 86.135208 85.758141 73.700821 
86.195023 86.901222 88.579422 85.068604 70.517891 
83.044357 84.346039 85.406952 85.778816 73.926224 
85.456886 87.142120 88.748695 87.506218 71.601387 
