3.635415 
3.406765 
3.335521 
3.441662 
3.557076 
3.139762 
3.804038 
3.355973 
3.070328 
2.703624 
3.025545 
2.705018 
2.456550 
2.787101 
2.745369 
2.548241 
2.264282 
2.663124 
2.202798 
2.384736 
2.339846 
2.990180 
2.230078 
1.796095 
2.818478 
1.853766 
2.055345 
2.045698 
1.703397 
2.143329 
1.957553 
3.054828 
1.372486 
1.958960 
1.835086 
2.042005 
1.877258 
2.490644 
1.883947 
2.165201 
2.125934 
2.081280 
2.269355 
2.356514 
2.114337 
1.783202 
1.939123 
1.786815 
1.977173 
1.958003 
2.089900 
1.791467 
1.917483 
1.792437 
2.062431 
1.710941 
1.600842 
2.626725 
1.408865 
1.967391 
1.628682 
2.315775 
1.722081 
2.039860 
2.285199 
2.464928 
2.457137 
1.852522 
2.106624 
1.863053 
1.883867 
1.667163 
1.983669 
1.905617 
1.584149 
1.611694 
1.826220 
1.636347 
1.129749 
1.375198 
2.535274 
1.490983 
1.758767 
1.787777 
1.414866 
1.507960 
1.909206 
1.321359 
1.368172 
1.357958 
1.545608 
1.092595 
1.626279 
1.264459 
1.625798 
1.293451 
1.522231 
1.315316 
1.559953 
1.849019 
1.728385 
1.812832 
0.935924 
1.701548 
1.733578 
1.692361 
1.508478 
1.749135 
1.407388 
1.471409 
1.735014 
1.773304 
1.871133 
1.459861 
1.593232 
1.410682 
1.684951 
1.675171 
1.213493 
1.298013 
1.362689 
1.388530 
1.262651 
1.599749 
1.593461 
1.282896 
2.258100 
1.201738 
0.720715 
2.304438 
1.541762 
1.619662 
1.283239 
1.573215 
0.671625 
1.538672 
2.362462 
1.140115 
1.352833 
1.118668 
1.056075 
1.473709 
1.385564 
1.554160 
1.240055 
1.494290 
1.597914 
1.476612 
1.517367 
1.693141 
1.431167 
1.434281 
1.729787 
1.318646 
1.266020 
1.401701 
1.388737 
1.702863 
1.485805 
1.277140 
1.552562 
1.647513 
1.269878 
1.550174 
0.694001 
1.688160 
1.512335 
1.792053 
1.782044 
1.354944 
2.075324 
1.845465 
1.653196 
1.846840 
1.782834 
0.624095 
1.594916 
1.417346 
1.840479 
1.056554 
1.554294 
1.943524 
1.863634 
1.649407 
1.572106 
1.630389 
1.613423 
1.227750 
1.635823 
1.427020 
1.669761 
1.469095 
1.770293 
1.328111 
1.407386 
1.544246 
1.646079 
2.079552 
1.110156 
1.305270 
1.491488 
1.767768 
1.469112 
2.199441 
1.555803 
0.986982 
1.375915 
1.733363 
1.422742 
1.341273 
1.652574 
1.858150 
1.844023 
1.527128 
1.061063 
1.872522 
1.808204 
1.425530 
1.903022 
1.394726 
1.858777 
1.994844 
1.307241 
1.416704 
1.504562 
1.553492 
1.664517 
1.446936 
1.612719 
1.080430 
1.437840 
1.282347 
1.563707 
1.418095 
1.273818 
1.351808 
1.338322 
1.375121 
1.562581 
2.064828 
1.466355 
1.503574 
1.869313 
1.422138 
1.079990 
1.241150 
1.379103 
1.484383 
1.327399 
1.389685 
1.501194 
1.671771 
1.759230 
1.082989 
1.642651 
1.350308 
2.130095 
1.125408 
0.734188 
1.030171 
1.334923 
0.999061 
1.347826 
1.031505 
1.232674 
1.598337 
1.616887 
1.055151 
1.454828 
1.163429 
1.477559 
1.804279 
2.082487 
2.031487 
0.840512 
1.333772 
1.157412 
1.273898 
1.302110 
0.961275 
1.833969 
1.314746 
1.435651 
1.044324 
1.534667 
1.337619 
1.105970 
1.657779 
1.395864 
1.373616 
1.557582 
1.232403 
0.673409 
1.490327 
1.231947 
0.629982 
1.058401 
1.738253 
1.459173 
1.830125 
1.552908 
1.267913 
1.943757 
1.459522 
0.982723 
1.574310 
1.013944 
1.449383 
1.250479 
1.258129 
1.907277 
1.361851 
1.309515 
1.438692 
1.635184 
1.206851 
0.982986 
1.381338 
1.601385 
1.368842 
1.125053 
1.249743 
1.599541 
1.423467 
1.510824 
1.542541 
1.225599 
1.254639 
1.285390 
1.448726 
2.052651 
0.878641 
1.389369 
1.030609 
0.648292 
0.875385 
1.425111 
1.065299 
0.937646 
1.666813 
1.686455 
1.274673 
1.295781 
1.670187 
1.512708 
1.314050 
1.288014 
1.543758 
1.475758 
1.587327 
1.709738 
1.337851 
1.033813 
1.130958 
1.191890 
1.153321 
1.751103 
1.105970 
1.537984 
1.456691 
1.282756 
1.170724 
0.963324 
1.989792 
1.271070 
1.022375 
1.494059 
1.367181 
1.074136 
1.350232 
2.029768 
1.016031 
1.232357 
1.033378 
1.657584 
1.546494 
0.986638 
1.433556 
1.410463 
1.235933 
1.382681 
1.122004 
1.280528 
1.811255 
1.259029 
1.223944 
1.140664 
1.052907 
1.320039 
0.988100 
0.917808 
1.135728 
1.230088 
0.953856 
1.622175 
1.713713 
1.695659 
1.251814 
1.609140 
1.091548 
1.421923 
1.502995 
1.446165 
1.345744 
1.181000 
1.331617 
1.716588 
1.051780 
1.407561 
0.983925 
1.811537 
1.436334 
1.816472 
0.416060 
0.984629 
1.283889 
1.558362 
1.660561 
1.187312 
1.424172 
1.356641 
1.711957 
1.691408 
1.620602 
1.498609 
1.002100 
0.992976 
1.164805 
1.294653 
1.173762 
1.641036 
1.214071 
1.233387 
1.392933 
1.557022 
1.416841 
1.512321 
1.736237 
1.533421 
1.284141 
1.442171 
0.971324 
1.618668 
1.326229 
1.241080 
0.968433 
1.451113 
1.151998 
1.841992 
1.386818 
1.670111 
1.022191 
0.761886 
1.209978 
1.881902 
1.511586 
1.305842 
1.743176 
1.683223 
1.372478 
0.888296 
0.821443 
1.778358 
1.256329 
1.584543 
0.834217 
1.135126 
1.897308 
1.015721 
1.538547 
0.959342 
0.985220 
1.247560 
1.137536 
1.693566 
1.030265 
1.496335 
1.218046 
1.309417 
1.295353 
0.836011 
1.443780 
0.949959 
1.252832 
1.842673 
1.024303 
1.457307 
1.138018 
1.529775 
1.791131 
1.120536 
1.125643 
1.738587 
0.772029 
0.612902 
1.763731 
1.651740 
1.167909 
1.440708 
1.709484 
1.578290 
1.420005 
0.992113 
1.673391 
1.746522 
1.506621 
1.095122 
1.759378 
1.725518 
1.255943 
1.347746 
1.791516 
1.520740 
1.645166 
1.581558 
1.017821 
1.102505 
0.883489 
1.670280 
1.448375 
1.278026 
1.261011 
1.401517 
1.545453 
1.404553 
1.098323 
0.989132 
1.369143 
1.004700 
0.442421 
1.011799 
1.117175 
1.734466 
1.767565 
1.109706 
1.143874 
1.340113 
1.028426 
1.794429 
1.349537 
1.893637 
0.828227 
1.641277 
1.656721 
1.735216 
1.366736 
1.665581 
1.573042 
0.836094 
0.987070 
1.230077 
1.379023 
1.261658 
1.233273 
1.604566 
1.246586 
1.374292 
1.661300 
1.296421 
1.750406 
1.562466 
1.453858 
2.032059 
1.595489 
1.438019 
1.131634 
1.225657 
1.924338 
1.144482 
1.355260 
1.098331 
0.974864 
1.292698 
0.822890 
0.857856 
1.550651 
1.628142 
1.347242 
1.466890 
1.271517 
1.068065 
0.775797 
1.647448 
1.747537 
1.457850 
1.526106 
0.936783 
1.762520 
1.436756 
1.278364 
1.334316 
0.921298 
1.718402 
1.163316 
1.274193 
0.795378 
1.639225 
0.949606 
1.672861 
0.888417 
1.590180 
0.697862 
1.252520 
1.623347 
1.646388 
0.949175 
1.081246 
1.673873 
1.353069 
1.372513 
1.397650 
1.467739 
1.429927 
1.202656 
1.051531 
0.828179 
1.570545 
2.082842 
1.415105 
2.158583 
1.398182 
0.874482 
1.122595 
1.738210 
1.578847 
1.314150 
1.279390 
1.106339 
1.477932 
1.228823 
1.161982 
1.474097 
1.467114 
1.667330 
1.116709 
1.525545 
1.840014 
1.452740 
1.703828 
1.336583 
1.146168 
1.153613 
1.469147 
1.503014 
1.065712 
1.640306 
1.231792 
1.017555 
0.909325 
1.909068 
1.670608 
1.439179 
1.816552 
1.620464 
1.659790 
1.423444 
1.191547 
1.272358 
1.704293 
1.592038 
1.184403 
1.918412 
1.319276 
1.382991 
1.360914 
2.160492 
1.467238 
1.373568 
1.035107 
1.245024 
0.960407 
1.109239 
1.779514 
1.528833 
0.827335 
1.586435 
1.700811 
1.613758 
0.842278 
1.502409 
1.652756 
1.484062 
1.229544 
1.207754 
1.172107 
1.139198 
1.225421 
1.450257 
1.764112 
1.269972 
1.405160 
1.850041 
1.457857 
1.237623 
1.476422 
0.870244 
1.905659 
0.348946 
1.454539 
1.036377 
1.027116 
0.555190 
1.295768 
1.031912 
1.075723 
0.858401 
1.089577 
0.975477 
1.406009 
1.137040 
1.231321 
1.540544 
1.391798 
1.122249 
1.721619 
0.974917 
1.772024 
0.704916 
1.086803 
1.154839 
0.957486 
1.161708 
1.382997 
1.021044 
1.096952 
1.102021 
1.128340 
1.068228 
0.867894 
1.875087 
1.708438 
1.083564 
0.695951 
1.275621 
1.096671 
1.254662 
1.750115 
1.576692 
0.861421 
1.867737 
1.493152 
1.285700 
1.370979 
1.127545 
1.616216 
0.997543 
1.109943 
1.567953 
1.815478 
1.106079 
1.253862 
0.882096 
1.831670 
1.324677 
1.346412 
1.097485 
1.255388 
1.809028 
1.123307 
1.265023 
0.943462 
1.235120 
1.110354 
1.331694 
1.810664 
1.371189 
1.535047 
1.616597 
1.448618 
1.541062 
0.932981 
0.982087 
1.586280 
0.941892 
1.738393 
1.493203 
1.432743 
0.892390 
1.099775 
1.472494 
1.136566 
1.759063 
1.756323 
1.144661 
1.382480 
1.086574 
1.333506 
1.682394 
0.747247 
1.460135 
1.573606 
1.244434 
1.614499 
1.266201 
1.298101 
1.428363 
1.270183 
1.129418 
1.167425 
1.905721 
1.531196 
1.535297 
0.900628 
1.550114 
0.901012 
1.115989 
0.660864 
0.978921 
0.857907 
1.071985 
1.519227 
1.364741 
1.732684 
0.938581 
1.233968 
0.870375 
1.513559 
1.282968 
1.230247 
1.979287 
1.059343 
1.786015 
1.267929 
1.077314 
1.556795 
1.302164 
1.415695 
1.280990 
1.507123 
1.702299 
0.654763 
1.073915 
0.978819 
1.062680 
0.634545 
1.228699 
1.037443 
1.145542 
1.252915 
2.342107 
1.623254 
1.307820 
1.147656 
1.632107 
1.466433 
1.949585 
1.503971 
1.399799 
1.713786 
1.498627 
1.240742 
1.075573 
1.110242 
0.700192 
1.807335 
0.949313 
1.470571 
1.384233 
1.045398 
1.624857 
1.139415 
0.700095 
1.443206 
0.753218 
1.106744 
0.738230 
1.082021 
1.039808 
0.828722 
1.811140 
1.679780 
1.258044 
1.617267 
1.434805 
1.458902 
1.356348 
1.628274 
1.226270 
0.940064 
1.014143 
1.265058 
0.931790 
1.081626 
1.275783 
1.389519 
1.152736 
1.085809 
1.936791 
1.698619 
1.669096 
1.007110 
0.912788 
0.651768 
1.315655 
0.599826 
1.288046 
1.039682 
1.188695 
1.307369 
0.965048 
1.538343 
1.505621 
1.899881 
1.597183 
0.589714 
1.300727 
1.151989 
1.284553 
1.025103 
1.835487 
1.357365 
1.389850 
1.459637 
1.599550 
1.255885 
1.435929 
1.612398 
1.304697 
1.657836 
1.804088 
0.664281 
0.780491 
1.070034 
1.933485 
1.558016 
1.270858 
1.794422 
1.384315 
1.784864 
1.625254 
1.661688 
1.422511 
1.871419 
1.361575 
1.219539 
0.734425 
1.599184 
1.018374 
1.145668 
1.755569 
1.817308 
1.639651 
1.200586 
1.155855 
0.940596 
1.556758 
1.800533 
1.502404 
1.430545 
1.368871 
1.155840 
1.486050 
1.324668 
1.230179 
1.737988 
1.756909 
1.178254 
1.059220 
1.149216 
0.777793 
1.171735 
0.976915 
1.296493 
1.302056 
0.637261 
1.096638 
1.276797 
1.617990 
1.107228 
0.814591 
1.417706 
1.549110 
1.000657 
1.796822 
1.373183 
1.562711 
1.159033 
1.440797 
1.128094 
0.863784 
1.087050 
1.420292 
1.166562 
0.747192 
1.533542 
0.801564 
1.541438 
0.987243 
1.210995 
1.459022 
1.854105 
1.419191 
1.153334 
1.097019 
1.838928 
1.533523 
1.280468 
0.865629 
1.258300 
1.518728 
1.064251 
0.923322 
1.562187 
1.174556 
1.187809 
0.920040 
1.194759 
1.004084 
1.227901 
1.405860 
1.177083 
0.855516 
1.263440 
1.013352 
1.501250 
0.802745 
1.955436 
1.189473 
0.767811 
1.065478 
1.212184 
1.139298 
1.321120 
1.120177 
2.078618 
0.827399 
1.177022 
0.542198 
1.009437 
0.978336 
0.924143 
1.016933 
2.178656 
1.005956 
1.574041 
0.478050 
1.194140 
1.567121 
0.820055 
0.983521 
1.097190 
0.968287 
1.884537 
0.973520 
1.292972 
0.810588 
1.138026 
1.255169 
1.381618 
1.245745 
1.412879 
0.909943 
0.859374 
1.661427 
1.326530 
1.090440 
1.474097 
0.899961 
1.609393 
0.948034 
1.329562 
1.233767 
0.772262 
1.107713 
1.455874 
1.407600 
1.521103 
1.763238 
1.118801 
0.871075 
1.041447 
1.952983 
1.441595 
1.324496 
1.341758 
1.225769 
0.476491 
1.263159 
1.236708 
1.357280 
1.847717 
1.527315 
0.979213 
0.767967 
1.438387 
1.339908 
0.867117 
1.326636 
0.985190 
1.375565 
1.888395 
0.956506 
1.506095 
1.759080 
1.863191 
1.245005 
1.419173 
1.654203 
1.486194 
0.928860 
1.384299 
1.082302 
1.806225 
0.992313 
1.257497 
1.173534 
1.058574 
1.148437 
1.051425 
1.429617 
1.675390 
1.753820 
1.409595 
1.159060 
1.095835 
1.111207 
1.330646 
1.390463 
1.150915 
1.648550 
1.247596 
1.346889 
1.481049 
1.587910 
1.995413 
1.023368 
0.973400 
1.766252 
1.832804 
1.391014 
1.040564 
2.072369 
1.290911 
1.786332 
1.353898 
1.149530 
1.070142 
1.185257 
1.256586 
1.314632 
1.545987 
1.665974 
1.300320 
0.678253 
1.476669 
1.520912 
1.093691 
1.737498 
1.171774 
1.273631 
1.667449 
0.674033 
1.858313 
0.915745 
1.544642 
2.289111 
1.438793 
1.240393 
1.154422 
1.860291 
1.554694 
1.233939 
0.636730 
1.299373 
1.611542 
1.905656 
1.503387 
1.548921 
1.954561 
1.725127 
1.488843 
1.086420 
1.011655 
1.343394 
1.123565 
1.189826 
1.854362 
1.877697 
1.735487 
1.479652 
1.292593 
1.329657 
1.251958 
1.794477 
1.231388 
1.503569 
1.155345 
1.767707 
1.232343 
1.800254 
1.080583 
1.315265 
1.698860 
0.539462 
0.905253 
1.189564 
1.581955 
1.796349 
1.086815 
1.215916 
