Episode: 1: [[0.001 0.    0.    0.    0.    0.   ]
 [0.001 0.    0.    0.    0.    0.   ]
 [0.001 0.    0.    0.    0.    0.   ]
 [0.001 0.    0.    0.    0.    0.   ]
 [0.001 0.    0.    0.    0.    0.   ]] 
Episode: 2: [[ 0.002  0.001 -0.001  0.001  0.001 -0.001]
 [ 0.002  0.001 -0.001  0.001  0.001 -0.001]
 [ 0.002  0.001 -0.001  0.001  0.001 -0.001]
 [ 0.002  0.001 -0.001  0.001  0.001 -0.001]
 [ 0.002  0.001 -0.001  0.001  0.001 -0.001]] 
Episode: 3: [[ 0.00261232  0.00174187 -0.00172939  0.00157026  0.00163275 -0.00167856]
 [ 0.0028753   0.00168269 -0.00184445  0.00103808  0.00032402 -0.00125842]
 [ 0.00275463  0.00166585 -0.00170442  0.0016071   0.001793   -0.00165231]
 [ 0.00242321  0.0016691  -0.001688    0.00164793  0.00200135 -0.0016902 ]
 [ 0.00235122  0.00166988 -0.00168439  0.00165573  0.00199839 -0.00169793]] 
Episode: 4: [[ 0.00340299  0.0022884  -0.00236195  0.00209429  0.00136136 -0.00222206]
 [ 0.00364202  0.00223625 -0.00252971  0.00115458 -0.00028319 -0.00147957]
 [ 0.00358616  0.00220974 -0.00227634  0.00216651  0.00161788 -0.00217787]
 [ 0.0030246   0.00221667 -0.00224557  0.00223461  0.00210805 -0.0022442 ]
 [ 0.00289782  0.00221854 -0.00223874  0.00224733  0.00214442 -0.00225768]] 
Episode: 5: [[ 0.00409945  0.0027383  -0.00290112  0.00241165  0.00094111 -0.0026585 ]
 [ 0.00427355  0.0026884  -0.00310482  0.00121423 -0.00085096 -0.00166673]
 [ 0.00437462  0.00258789 -0.00278983  0.00238834  0.00101975 -0.00240848]
 [ 0.00344627  0.00266535 -0.0027239   0.00264364  0.00231729 -0.00270967]
 [ 0.0031521   0.00267074 -0.00271012  0.00267294  0.00268826 -0.00272782]] 
Episode: 6: [[ 0.00467392  0.00309721 -0.00334554  0.00275928  0.00029889 -0.00302556]
 [ 0.00477096  0.00302503 -0.00358914  0.00127769 -0.0015775  -0.00187531]
 [ 0.00511364  0.00320239 -0.00317478  0.00272024  0.00155276 -0.00196892]
 [ 0.0036811   0.00261718 -0.00313237  0.00303851  0.00177333 -0.00337663]
 [ 0.00333953  0.00260795 -0.00311011  0.00306027  0.00215029 -0.00339935]] 
Episode: 7: [[ 0.00518633  0.0035114  -0.00371785  0.00320076  0.0001012  -0.00333496]
 [ 0.00521058  0.00353717 -0.00399631  0.0015694  -0.00216681 -0.00204367]
 [ 0.00593703  0.00385656 -0.00338757  0.00331527  0.00190677 -0.00159603]
 [ 0.00423541  0.00261597 -0.00338059  0.00363816  0.00148738 -0.00371011]
 [ 0.00384318  0.0025925  -0.00337712  0.00362884  0.00180791 -0.00381463]] 
Episode: 8: [[ 0.00547166  0.00412718 -0.00404728  0.00383566 -0.00042707 -0.00362861]
 [ 0.00557288  0.00419578 -0.00435302  0.00211238 -0.00288276 -0.00214556]
 [ 0.00677565  0.00460529 -0.00357267  0.00391624  0.00216644 -0.00124759]
 [ 0.00490364  0.00216971 -0.0035961   0.00331448  0.00130469 -0.00385828]
 [ 0.00446059  0.0021922  -0.00361113  0.00332036  0.00155816 -0.00404635]] 
Episode: 9: [[ 5.4742810e-03  4.6325321e-03 -4.3804720e-03  4.3652519e-03
   6.1032337e-05 -4.0463959e-03]
 [ 5.8319275e-03  4.7071893e-03 -4.7244355e-03  2.6571122e-03
  -2.8155197e-03 -2.2725910e-03]
 [ 7.5818910e-03  5.1110610e-03 -3.7605460e-03  4.4263159e-03
   2.6510335e-03 -8.0800831e-04]
 [ 5.6733070e-03  2.6601595e-03 -3.8001842e-03  3.8013111e-03
   1.6159188e-03 -3.5346409e-03]
 [ 5.1924395e-03  2.6842433e-03 -3.8301239e-03  3.8090183e-03
   1.9377999e-03 -3.7201240e-03]] 
Episode: 10: [[ 0.00546924  0.00507923 -0.00468696  0.00482927  0.00047507 -0.00441488]
 [ 0.00606974  0.005164   -0.00505915  0.00314146 -0.0029565  -0.00233015]
 [ 0.00843194  0.00555965 -0.00379921  0.00488843  0.00301297 -0.00040526]
 [ 0.00648025  0.00310647 -0.00363025  0.00426954  0.0020127  -0.00300558]
 [ 0.00598358  0.00312714 -0.00369194  0.00427091  0.00231444 -0.00322361]] 
Episode: 11: [[ 5.4179262e-03  5.4787798e-03 -4.9607544e-03  5.2543874e-03
   8.4541278e-04 -4.7440981e-03]
 [ 6.2950971e-03  5.5860132e-03 -5.3718621e-03  3.6417251e-03
  -3.1443553e-03 -2.3834242e-03]
 [ 9.3187764e-03  5.9680152e-03 -3.8915481e-03  5.3081717e-03
   3.3303038e-03 -2.3112911e-05]
 [ 7.2810641e-03  3.5043198e-03 -3.4788875e-03  4.6834471e-03
   2.3394141e-03 -2.5880984e-03]
 [ 6.7921206e-03  3.5270944e-03 -3.5702176e-03  4.6892534e-03
   2.6231385e-03 -2.8551815e-03]] 
Episode: 12: [[ 0.00535113  0.00583732 -0.00521083  0.00563622  0.00117857 -0.00504134]
 [ 0.00651659  0.00596613 -0.00565059  0.00408818 -0.00328291 -0.00241011]
 [ 0.0102181   0.00633179 -0.00392574  0.00568443  0.00360029  0.00035209]
 [ 0.00810988  0.00386468 -0.00328264  0.00506517  0.00264738 -0.00214411]
 [ 0.00764659  0.00388996 -0.00338623  0.00507744  0.00291564 -0.0024385 ]] 
Episode: 13: [[ 0.00525349  0.00615879 -0.00543208  0.00598751  0.0014752  -0.00532011]
 [ 0.00673934  0.00632189 -0.00593684  0.00454936 -0.00347456 -0.00234538]
 [ 0.01112627  0.00667498 -0.00407286  0.00603422  0.00382552  0.00073658]
 [ 0.00894498  0.00419193 -0.00318155  0.00540173  0.00293787 -0.00165915]
 [ 0.00852557  0.00421953 -0.00330952  0.00541777  0.00319282 -0.0019581 ]] 
Episode: 14: [[ 0.00511431  0.00645716 -0.00564532  0.00631901  0.00174486 -0.00557464]
 [ 0.00698658  0.00664558 -0.00631289  0.00473954 -0.00359435 -0.00229666]
 [ 0.01204957  0.0069788  -0.0044648   0.0062729   0.00402276  0.00105706]
 [ 0.00979448  0.00448054 -0.00335974  0.00565395  0.00318211 -0.00127314]
 [ 0.00943132  0.00450619 -0.0035433   0.00566101  0.00341921 -0.00160612]] 
Episode: 15: [[ 0.00497631  0.00673156 -0.0058549   0.00662687  0.00199282 -0.00578981]
 [ 0.00722233  0.00694482 -0.00674747  0.00464307 -0.00357798 -0.00236805]
 [ 0.0129476   0.00725823 -0.00501181  0.0063859   0.00419321  0.00123074]
 [ 0.01060659  0.00474908 -0.00370902  0.00582818  0.0033986  -0.00104134]
 [ 0.01030876  0.00476862 -0.00395609  0.00580474  0.00360952 -0.00147411]] 
Episode: 16: [[ 0.00483064  0.00698047 -0.00605354  0.00689986  0.00221632 -0.00599205]
 [ 0.00747172  0.00721456 -0.00716385  0.00451459 -0.00359752 -0.00240194]
 [ 0.01382431  0.00750901 -0.00553823  0.00647403  0.00433743  0.00139756]
 [ 0.01141034  0.00499118 -0.00405672  0.00597799  0.00358938 -0.00081783]
 [ 0.01118544  0.00500517 -0.00436205  0.00592629  0.00377705 -0.00133983]] 
Episode: 17: [[ 0.00467315  0.00720987 -0.00623492  0.00714828  0.00242027 -0.00617096]
 [ 0.00771235  0.00746257 -0.0075736   0.00426621 -0.00359354 -0.00246294]
 [ 0.01466504  0.0077382  -0.00608107  0.00650303  0.0044596   0.00150672]
 [ 0.01217866  0.00521154 -0.00443669  0.00608068  0.00375561 -0.00065782]
 [ 0.0120352   0.00521739 -0.00480133  0.00599176  0.0039163  -0.00128984]] 
Episode: 18: [[ 0.00451109  0.00741958 -0.00640122  0.00737617  0.00260267 -0.00634172]
 [ 0.00798615  0.00768345 -0.0079834   0.0039899  -0.00364762 -0.00249048]
 [ 0.01550703  0.00794035 -0.00662772  0.00650559  0.00455884  0.00161657]
 [ 0.01296279  0.00540667 -0.00484029  0.00615736  0.00390644 -0.0004864 ]
 [ 0.01290779  0.00540411 -0.00526407  0.00603179  0.00404414 -0.00121184]] 
Episode: 19: [[ 0.00436044  0.00761329 -0.00655774  0.00759733  0.00276949 -0.00648666]
 [ 0.00823057  0.00788011 -0.00846133  0.00354795 -0.00360635 -0.00260079]
 [ 0.01629194  0.00812401 -0.00729649  0.00639964  0.00464377  0.00163436]
 [ 0.01369218  0.00558443 -0.00538217  0.00615929  0.00404289 -0.0003867 ]
 [ 0.01372871  0.00556324 -0.00588103  0.00595727  0.00415187 -0.00125269]] 
Episode: 20: [[ 0.00421181  0.00779292 -0.00670429  0.00780948  0.00292158 -0.00661567]
 [ 0.00845985  0.00806452 -0.00898703  0.00298509 -0.00354886 -0.00273722]
 [ 0.01704107  0.00829507 -0.00803812  0.00620422  0.00471249  0.00161068]
 [ 0.01438613  0.00574824 -0.00600914  0.0060914   0.0041602  -0.00032727]
 [ 0.01452906  0.00569801 -0.00659428  0.00577539  0.00423697 -0.00135673]] 
Episode: 21: [[ 0.00406524  0.00795606 -0.00683345  0.00800545  0.00305989 -0.00673243]
 [ 0.00866814  0.00823489 -0.00948682  0.00242012 -0.00351161 -0.00283755]
 [ 0.01774005  0.00845735 -0.00875419  0.00599523  0.00476805  0.00156576]
 [ 0.01502976  0.00590134 -0.00661433  0.00601124  0.00426273 -0.00028526]
 [ 0.01529628  0.00582081 -0.00730135  0.00557172  0.00430566 -0.00149349]] 
Episode: 22: [[ 0.00392124  0.00810378 -0.00694623  0.00818213  0.00318562 -0.00683965]
 [ 0.00886263  0.00839193 -0.00998704  0.0018365  -0.00349133 -0.0029067 ]
 [ 0.01839406  0.00861127 -0.00947045  0.00575472  0.00481209  0.00151978]
 [ 0.01562802  0.00604523 -0.00722142  0.00590866  0.00434972 -0.00024708]
 [ 0.01603793  0.00592651 -0.00805061  0.00530097  0.00436061 -0.00164279]] 
Episode: 23: [[ 0.00379954  0.00823823 -0.00704636  0.008343    0.00329682 -0.00693723]
 [ 0.00907511  0.00853772 -0.01045036  0.0013119  -0.00350383 -0.00292902]
 [ 0.01903661  0.00875343 -0.01013062  0.00553799  0.00484766  0.00149718]
 [ 0.01622635  0.00617702 -0.00778411  0.00581492  0.00444213 -0.00017686]
 [ 0.0167811   0.00602326 -0.00874378  0.00505314  0.00442798 -0.00172942]] 
Episode: 24: [[ 3.6789479e-03  8.3603319e-03 -7.1369023e-03  8.4904637e-03
   3.3981022e-03 -7.0273057e-03]
 [ 9.2859436e-03  8.6707184e-03 -1.0902449e-02  8.2826649e-04
  -3.5486561e-03 -2.8810771e-03]
 [ 1.9653836e-02  8.8835973e-03 -1.0762665e-02  5.3336751e-03
   4.8710327e-03  1.5258569e-03]
 [ 1.6794600e-02  6.2973709e-03 -8.3228210e-03  5.7252054e-03
   4.5160204e-03 -8.4827087e-05]
 [ 1.7540803e-02  6.1110277e-03 -9.4380407e-03  4.8158360e-03
   4.4843471e-03 -1.6992528e-03]] 
Episode: 25: [[ 3.55998054e-03  8.47280957e-03 -7.21766986e-03  8.62846430e-03
   3.48985055e-03 -7.11280573e-03]
 [ 9.49200988e-03  8.79534800e-03 -1.13842878e-02  3.28229275e-04
  -3.63452104e-03 -2.78814975e-03]
 [ 2.02430617e-02  9.00522899e-03 -1.14210797e-02  5.11164218e-03
   4.88348631e-03  1.57473504e-03]
 [ 1.73355341e-02  6.40839105e-03 -8.89542978e-03  5.61823789e-03
   4.57377080e-03  1.22944775e-05]
 [ 1.82885081e-02  6.18320890e-03 -1.01858471e-02  4.54493379e-03
   4.52750502e-03 -1.64667121e-03]] 
