3.987373 
3.791520 
3.857769 
3.963118 
4.039442 
3.861379 
3.714430 
4.015849 
3.942475 
3.667966 
3.855321 
3.804075 
3.796629 
3.920701 
3.779814 
3.875464 
3.691646 
3.818447 
3.895033 
3.697827 
3.896039 
3.563651 
3.379575 
3.330386 
3.763218 
3.422693 
3.635103 
3.533910 
3.200580 
3.407935 
3.189603 
2.744845 
3.111709 
2.742486 
2.839767 
3.692973 
2.585203 
2.969086 
3.316727 
3.277653 
2.877476 
3.010236 
3.094556 
2.926711 
3.074981 
2.957124 
2.893389 
2.879185 
2.518227 
3.129456 
3.271462 
2.921918 
3.451836 
2.667348 
2.737530 
2.879716 
2.996200 
2.735368 
2.957685 
2.884717 
2.852300 
1.144056 
3.631327 
2.652981 
2.871148 
2.973019 
3.183694 
2.625555 
2.757754 
2.490318 
2.413792 
2.568241 
3.231885 
3.542618 
3.215823 
2.852979 
3.290958 
3.221562 
2.394725 
2.365919 
3.153823 
3.140629 
3.150224 
3.093688 
3.138414 
2.940402 
3.140661 
2.909557 
2.774808 
2.784194 
2.735444 
2.652223 
2.934825 
2.556296 
2.924401 
2.612985 
2.607173 
2.632944 
2.592290 
2.787070 
2.521648 
2.611307 
2.580928 
2.740063 
2.512686 
2.528417 
2.365768 
1.717816 
2.531645 
3.011110 
2.498648 
2.495308 
2.931070 
2.467390 
2.194262 
2.478940 
2.357999 
2.348797 
2.553613 
2.387296 
2.834487 
2.812643 
2.165789 
2.524225 
2.274527 
2.182767 
2.456784 
2.739563 
2.242015 
2.559824 
2.458604 
2.360806 
2.038137 
2.352438 
2.738987 
2.505480 
2.333840 
2.769552 
2.295998 
2.486278 
1.657415 
2.380246 
2.764323 
2.369591 
2.362390 
2.452337 
1.621113 
2.351815 
2.411587 
2.384123 
2.202698 
2.085198 
2.605346 
2.342458 
2.402534 
2.236976 
2.245782 
1.896384 
1.813787 
1.994247 
2.611679 
2.201537 
2.154973 
2.130243 
2.069669 
2.152576 
2.386205 
1.896580 
2.400089 
2.077987 
2.463223 
1.665256 
2.114782 
2.147060 
1.978091 
2.136470 
2.506556 
2.241210 
1.918370 
2.047189 
2.116921 
2.086775 
3.029552 
3.175298 
2.125684 
2.351888 
2.044116 
1.968060 
2.139125 
2.098615 
1.655181 
2.041810 
1.916917 
1.849173 
1.830275 
1.974726 
2.550807 
1.979337 
1.926682 
1.914787 
2.304227 
2.103439 
2.073943 
2.818171 
2.008892 
1.837773 
1.906065 
1.761906 
2.032369 
2.236688 
1.808807 
2.231857 
2.092785 
2.475934 
2.098435 
2.577269 
2.617862 
2.738761 
2.702185 
2.832152 
2.395257 
3.014582 
3.260882 
2.872278 
3.048485 
2.504333 
3.023840 
2.084764 
2.440786 
2.408042 
2.623915 
2.169440 
3.065182 
2.017324 
2.360017 
2.497624 
2.337996 
1.603488 
3.032767 
1.751028 
3.154244 
3.286609 
3.288451 
3.161375 
3.240079 
3.139028 
3.303148 
2.994678 
3.216053 
3.227655 
2.629125 
3.314980 
3.261501 
3.215899 
3.265512 
3.299297 
3.236858 
3.203984 
3.211268 
2.824348 
2.696729 
3.122509 
3.023288 
3.037755 
2.795659 
3.070932 
3.031191 
2.981504 
2.633304 
2.900679 
2.954641 
2.347780 
2.971287 
2.797468 
2.822023 
2.864511 
2.777018 
2.781645 
2.644949 
2.654794 
2.457633 
2.683188 
2.678596 
2.644386 
2.648877 
2.302444 
2.529449 
2.648448 
2.603556 
2.398670 
2.518525 
2.623921 
2.540831 
2.521414 
2.940296 
2.571187 
2.514644 
2.624734 
2.461334 
2.175561 
2.516758 
2.497798 
2.251985 
2.454979 
2.500421 
2.537963 
2.347072 
2.385940 
2.616150 
2.626425 
2.378971 
2.482212 
2.130719 
2.448102 
2.423589 
2.036570 
2.411375 
2.427940 
2.496201 
2.361532 
2.640348 
2.089104 
2.392271 
2.208776 
2.048756 
2.621407 
2.625668 
2.437896 
2.285359 
2.320621 
2.260488 
2.290764 
2.285176 
2.243415 
1.943784 
2.470301 
2.404068 
2.348578 
2.203543 
2.207024 
2.483226 
2.376569 
1.874537 
2.443397 
2.184711 
2.246481 
2.306380 
2.400972 
2.107325 
2.102223 
1.733567 
2.139009 
2.131519 
2.249051 
2.189049 
1.939235 
1.809149 
2.161037 
1.711598 
1.705500 
2.114193 
2.214549 
1.954457 
2.003519 
1.506763 
2.289890 
2.424899 
2.048241 
1.796998 
1.602252 
2.018438 
2.214150 
1.952220 
2.093002 
1.870556 
1.506348 
1.964060 
1.949291 
1.818496 
1.864871 
2.191472 
1.806845 
1.666830 
1.684994 
2.451234 
1.838239 
1.837794 
1.824395 
1.809037 
1.455232 
2.040565 
1.548989 
1.472039 
1.993872 
1.928671 
1.830861 
1.888956 
1.877547 
2.008791 
1.812414 
2.089352 
2.766742 
1.893595 
1.895586 
1.887081 
1.790360 
1.483297 
2.011386 
1.433828 
1.555020 
1.893918 
1.812552 
1.792455 
1.924503 
1.684060 
1.793217 
1.718711 
2.343844 
1.486684 
1.706959 
1.861309 
1.923886 
1.933547 
1.708258 
1.698479 
1.860579 
1.668942 
1.838859 
1.996897 
1.753942 
1.775759 
1.823781 
2.178461 
2.231054 
1.701709 
1.714460 
1.913789 
1.760080 
1.594572 
1.646661 
1.083604 
1.740645 
1.887199 
1.551878 
1.754705 
1.682492 
1.890633 
1.752020 
1.832644 
1.691784 
2.247597 
1.502223 
2.015571 
2.088519 
2.130303 
1.712631 
2.434164 
1.855785 
1.441022 
2.113857 
1.916883 
1.599026 
1.816744 
1.765758 
1.456795 
1.802453 
1.884457 
1.904921 
1.849986 
1.671735 
1.863231 
1.688698 
1.754524 
1.957349 
1.990000 
1.862318 
1.885943 
1.667831 
2.174016 
1.747448 
1.740677 
1.729471 
1.790482 
1.649436 
1.929343 
1.946090 
1.928457 
1.933792 
1.760099 
1.810895 
1.936944 
1.746288 
1.684535 
1.818302 
1.774318 
1.410464 
1.753623 
1.541536 
1.746635 
1.804021 
1.845546 
1.767047 
1.725903 
1.463544 
1.711927 
1.701419 
1.700715 
1.728867 
1.683347 
1.425684 
1.452577 
1.805271 
1.407565 
1.674428 
2.198941 
1.844855 
1.716601 
1.804197 
1.959636 
1.677962 
1.502894 
1.748618 
1.804420 
1.426306 
2.463550 
1.640004 
1.671944 
1.416736 
1.712721 
1.754166 
1.724948 
2.325304 
1.932027 
2.177025 
1.775027 
1.685405 
1.376681 
1.948179 
1.687268 
1.806301 
1.933280 
1.749575 
1.815847 
1.943365 
1.645401 
1.749483 
1.658784 
1.616468 
1.723908 
1.733418 
1.405016 
1.451456 
1.744853 
2.006764 
1.744974 
1.755746 
1.727684 
1.709331 
1.633065 
2.306563 
2.041651 
1.728481 
1.796150 
1.726436 
1.806830 
1.742306 
1.761481 
1.941377 
1.452345 
1.754894 
1.540748 
1.395236 
1.782520 
1.834475 
1.991614 
1.406422 
1.674578 
1.642992 
1.823182 
1.690586 
1.764877 
1.703875 
1.803463 
1.734999 
1.395636 
1.101627 
1.696135 
1.759320 
1.397466 
1.765981 
1.813248 
1.773739 
1.686456 
1.718139 
2.345913 
1.666209 
1.774338 
1.732045 
1.716030 
1.797204 
1.701774 
1.521547 
1.817632 
1.831198 
1.676063 
2.590708 
1.985191 
2.294002 
1.721918 
1.683576 
1.373936 
1.976408 
1.740530 
1.793641 
1.661455 
1.503358 
2.127585 
1.743342 
1.732538 
1.835092 
1.660372 
1.363396 
1.964429 
1.728909 
2.081149 
1.426085 
1.562274 
1.612346 
1.729147 
1.800714 
1.828401 
1.832088 
1.461300 
1.700553 
1.676149 
1.768679 
1.710171 
1.746207 
1.681273 
1.681883 
1.674500 
1.752693 
1.709840 
1.439188 
1.840783 
1.775414 
1.421603 
1.650788 
1.763565 
2.771934 
0.749225 
2.083453 
1.407683 
1.652158 
1.410990 
1.556331 
1.867357 
1.767529 
1.695712 
1.768510 
1.570468 
1.865275 
1.511482 
1.711125 
1.487853 
2.295948 
1.394919 
1.829995 
1.484898 
1.680219 
1.788212 
1.764505 
1.786246 
1.493353 
2.062426 
1.799649 
1.703350 
1.662012 
1.770722 
1.851997 
1.540473 
1.688964 
1.817101 
1.530959 
1.708885 
1.767758 
1.732983 
2.029126 
1.754922 
1.761241 
1.677342 
1.746180 
1.862253 
1.728918 
1.733814 
1.695555 
1.735501 
2.248252 
1.478568 
1.919895 
1.704985 
1.737008 
1.521850 
1.419110 
1.691753 
2.551504 
1.695189 
1.962310 
1.657643 
1.678859 
1.707443 
1.987535 
1.771935 
1.730852 
1.964645 
1.679558 
1.456665 
1.681343 
2.179142 
2.009398 
1.863854 
1.896732 
1.744610 
1.723877 
1.718980 
1.884039 
1.363969 
1.727993 
1.742744 
1.825298 
1.746040 
1.734558 
1.816767 
1.838928 
1.700641 
1.898348 
1.872342 
1.849764 
1.654475 
2.703029 
1.869663 
1.722249 
1.759702 
1.666405 
1.799283 
1.910574 
1.967096 
1.366554 
2.251044 
1.703132 
1.397835 
1.384154 
1.732772 
1.669507 
1.472184 
1.701930 
1.702085 
1.814404 
1.648721 
1.654511 
1.712897 
1.678175 
1.424643 
1.723644 
1.767935 
1.402589 
1.688875 
1.742964 
1.709070 
1.668216 
1.122691 
1.795055 
1.694665 
1.708997 
1.771389 
2.664695 
1.648391 
1.515142 
1.763221 
1.500555 
1.684024 
1.861277 
1.378044 
1.816539 
1.599730 
1.692635 
1.797732 
1.672397 
1.751229 
1.682598 
1.745420 
1.723602 
2.261625 
1.677162 
1.723108 
1.649199 
1.803659 
1.363237 
1.735959 
2.315882 
1.704909 
1.632296 
1.668841 
1.657373 
1.718525 
1.689795 
1.814789 
1.728414 
1.776124 
2.072649 
1.795866 
2.111466 
1.928080 
1.679835 
1.777981 
1.734735 
1.716159 
1.796353 
1.423255 
1.400253 
1.795214 
1.670312 
1.749295 
1.425636 
1.910673 
1.672581 
1.720962 
1.508879 
1.495666 
1.687663 
1.710457 
1.393933 
2.481086 
1.725847 
1.380629 
1.383222 
1.778586 
1.685338 
1.676467 
1.686155 
1.704507 
1.640827 
1.357208 
1.906816 
1.737598 
1.727079 
1.652078 
1.683853 
1.756287 
1.517978 
1.833555 
1.842648 
1.443372 
1.787089 
1.757751 
1.411399 
1.662759 
1.907516 
1.680048 
1.814132 
1.983214 
1.675378 
1.667010 
1.825536 
1.903560 
1.859883 
1.661882 
1.667351 
1.983312 
1.682057 
1.436041 
1.407799 
1.751912 
1.364308 
1.889369 
1.738452 
1.692320 
1.409577 
1.664582 
1.740572 
1.683946 
2.115991 
2.130515 
1.373596 
1.951474 
1.682798 
2.072486 
1.089999 
2.014987 
1.683983 
1.629629 
1.665623 
1.658818 
1.437178 
2.245835 
1.696713 
1.814466 
1.806748 
1.671120 
1.746268 
1.682736 
1.402316 
1.886400 
2.610219 
1.780455 
1.827563 
1.769569 
1.817151 
1.825368 
1.775577 
1.866443 
1.780438 
2.082791 
1.496683 
1.830363 
1.887827 
1.747641 
1.812213 
1.786305 
2.120378 
1.792804 
1.846467 
1.903944 
1.436074 
1.492147 
1.779337 
1.896974 
1.826750 
1.747524 
1.948957 
1.787245 
2.246328 
1.491298 
1.424883 
1.789625 
1.767703 
1.806506 
1.676158 
1.671670 
2.389580 
1.449913 
1.799907 
1.774053 
1.996339 
1.691760 
1.825699 
1.532018 
2.220948 
2.491259 
1.647210 
1.410507 
1.830886 
1.666280 
1.680708 
1.695434 
1.980174 
1.792724 
1.428878 
1.756498 
1.821905 
1.803224 
1.655504 
1.727041 
1.688943 
2.095228 
1.928594 
1.667807 
1.975238 
1.822039 
2.225953 
1.674608 
4.273551 
1.675812 
3.686744 
3.730552 
3.752485 
3.780779 
3.787735 
3.788144 
3.817074 
3.829331 
3.840047 
3.851895 
3.856677 
3.863139 
3.868356 
3.872716 
3.871300 
3.879152 
3.882368 
3.880065 
3.874295 
nan 
