79.877182 74.320297 76.612549 65.386818 75.624260 0.027976 
81.977936 70.003983 68.159904 66.609665 71.110275 0.000000 
76.852882 61.377281 67.168335 57.798222 72.522163 0.000000 
100.790604 97.397652 98.142845 98.905678 81.182861 0.027976 
70.363609 67.512932 59.616608 59.705181 66.936028 0.000000 
78.324738 74.177101 70.521973 61.432102 85.097389 0.000000 
90.347847 79.783180 73.619034 70.482452 76.332542 0.000000 
71.004173 56.716938 64.016769 65.029709 69.126343 0.000000 
80.390976 69.040657 73.077957 72.107864 68.301514 0.019782 
80.671089 81.761246 80.508804 71.696068 76.308853 0.000000 
75.942513 66.805550 70.651688 69.014580 65.381088 0.019782 
73.381081 58.679928 65.279953 68.937340 78.382004 0.000000 
77.611946 69.872833 72.011055 77.038345 73.759789 0.000000 
91.163162 85.042442 88.712006 77.099243 102.677589 0.000000 
88.928650 86.433449 78.521713 72.136795 74.517731 0.000000 
92.997490 85.782791 83.510635 80.167503 75.524704 0.000000 
72.840195 66.136856 71.641159 73.629150 69.499298 0.027976 
92.950531 88.392975 80.542152 75.113632 91.992775 0.000000 
75.640923 65.596680 63.316151 62.866535 59.340137 0.027976 
71.416550 58.881435 59.388210 67.238525 69.107437 0.019782 
