96.207382 87.577080 89.924202 90.048912 92.385300 0.000000 
89.743134 100.397926 103.135086 104.334259 96.941513 0.000000 
88.244217 92.781891 95.092606 98.874985 95.298286 0.044235 
88.052307 94.319069 94.362366 93.374550 89.990273 0.027976 
83.208755 97.567131 95.508621 96.383118 97.951935 0.000000 
96.010857 82.132767 84.783646 83.148903 83.712906 0.000000 
94.443962 86.245026 87.456184 85.806213 86.052086 0.000000 
95.368279 94.491592 95.023163 92.159653 91.187538 0.000000 
91.071655 92.093163 93.629761 93.004715 91.314560 0.000000 
89.537292 77.979439 81.430367 82.003098 81.155823 0.000000 
84.221680 99.877167 98.694450 96.906036 96.604523 0.000000 
96.426926 92.482735 95.172760 92.906662 95.703873 0.000000 
91.180054 85.573120 85.192276 87.920044 87.681351 0.000000 
78.222809 73.047791 74.559303 80.179962 80.080284 0.000000 
94.470940 99.154160 98.245544 98.863396 99.229530 0.000000 
87.446594 82.230164 77.198875 89.276718 86.720589 0.000000 
91.915337 87.795807 92.644066 94.220406 95.021812 0.000000 
77.749031 84.775383 82.043182 84.264305 85.704224 0.000000 
85.185982 92.294823 88.332817 92.416245 89.651001 0.000000 
97.594467 93.734009 95.813126 93.173035 89.956017 0.000000 
