123415.625000 24229.039062 27169.076172 30154.882812 235751.171875 
130447.171875 26042.816406 29397.984375 25711.121094 363797.968750 
112406.437500 21034.480469 22127.488281 29298.974609 190838.359375 
129848.585938 22456.941406 27694.976562 28348.558594 184757.171875 
118424.937500 24217.919922 31127.230469 28343.199219 222529.406250 
145396.687500 25275.697266 32101.199219 38869.117188 208269.234375 
134842.656250 24658.396484 21365.664062 38160.640625 265280.843750 
115906.937500 21269.861328 14522.722656 21852.220703 181049.828125 
111085.242188 22668.478516 35500.734375 31422.490234 310676.406250 
135349.937500 36496.070312 27724.775391 35284.699219 253593.687500 
122115.523438 19375.921875 23976.988281 38495.457031 192257.921875 
114382.265625 22211.509766 23796.810547 33155.148438 125857.828125 
123584.476562 27167.365234 23780.626953 21022.039062 187951.140625 
114305.218750 25790.656250 24022.791016 26871.072266 235489.093750 
119255.773438 23099.277344 23098.136719 26260.851562 231854.218750 
139382.281250 31810.951172 26510.259766 40378.593750 247808.625000 
133308.671875 24162.201172 21112.783203 27981.525391 242535.781250 
142058.984375 29297.339844 32934.230469 37422.722656 312040.406250 
123213.617188 31181.326172 37088.132812 29529.755859 400660.406250 
112731.851562 21974.244141 22872.458984 25528.746094 204347.484375 
