78.164841 100.865967 101.697472 102.480324 93.189117 0.000000 
81.818947 86.187187 89.348068 89.822662 91.030792 0.027976 
85.517265 82.152893 87.866112 91.899628 93.082733 0.000000 
86.805153 91.344772 90.148964 82.442528 87.337303 0.000000 
88.243256 84.906876 89.771454 95.344635 100.508781 0.027976 
86.868889 94.764854 94.016624 97.129730 96.932892 0.019782 
95.754082 96.822090 94.482681 95.820236 89.618256 0.000000 
85.097504 83.573273 93.992828 84.824959 89.334503 0.027976 
83.386841 88.338509 89.505051 87.952415 93.184273 0.019782 
78.657784 81.322906 95.406937 88.792068 95.601448 0.000000 
89.684547 74.535439 85.864677 87.331833 94.786049 0.000000 
87.510826 90.344559 93.944252 94.494835 93.081993 0.000000 
74.157616 76.296547 93.547310 97.055672 95.085022 0.019782 
77.124207 71.702492 81.645683 86.077332 92.262924 0.019782 
88.970291 80.627075 86.337288 86.343445 86.683586 0.000000 
91.073776 71.023544 84.759872 89.846977 95.902489 0.000000 
90.027313 73.846649 81.382523 87.857536 88.851006 0.019782 
90.208771 92.486443 85.884865 94.567268 89.909340 0.000000 
86.392708 85.159119 89.490044 89.496452 99.845490 0.000000 
83.106850 89.166611 93.487572 98.241577 95.813660 0.000000 
