83.728714 85.639870 86.165558 85.234512 77.147194 
83.731544 84.857971 86.221123 83.838287 72.228699 
80.473778 79.003876 79.991325 81.377869 75.335258 
82.198242 82.713402 83.830902 82.312813 73.569229 
82.697609 84.110428 85.503349 85.637344 76.363243 
83.682556 83.706955 83.654289 83.220398 76.522484 
84.739532 84.577454 85.149651 84.497589 76.269821 
81.611137 83.286270 84.187286 85.243652 78.540428 
85.167450 85.265129 85.882927 86.245125 75.506195 
86.581566 87.561241 88.150681 88.241570 73.665291 
81.857063 81.483826 82.876823 82.384521 76.247368 
85.389450 86.836006 87.725677 86.763420 74.836868 
78.700264 80.001495 82.448601 82.757126 75.958252 
82.229134 83.052765 81.876038 81.249207 75.128960 
80.200714 79.552658 81.537804 82.572159 74.558060 
82.905235 84.093857 83.380653 82.190948 75.685074 
82.333321 83.237999 83.889465 81.591461 75.419388 
86.034363 86.394783 86.814964 85.122742 69.947075 
82.594597 82.928703 82.788727 81.907677 73.983940 
84.649597 86.485626 87.299118 85.333084 72.818138 
