88.946266 89.346672 90.302597 90.475868 45.037544 
88.203888 89.401588 90.233864 90.995819 38.212330 
89.337044 89.387321 90.170868 89.989227 38.913300 
88.479118 88.817116 89.697380 90.610931 40.084728 
88.732620 88.905800 89.930931 90.364059 46.815380 
89.387390 90.168243 90.325256 90.538422 38.149139 
89.212471 89.057838 90.417694 90.327980 38.808022 
89.585846 89.582771 90.741722 91.220482 36.837536 
90.128067 89.481239 89.927765 89.586853 37.626984 
88.964706 89.415329 90.302292 90.340065 37.731369 
89.907967 90.005684 90.084122 90.143219 37.224396 
89.796410 90.057060 90.965179 89.794876 38.543491 
88.545876 89.188606 89.857323 90.581886 40.313648 
88.837952 88.825554 89.672813 89.809578 42.076359 
89.068565 89.231422 91.036690 89.877342 38.919312 
89.312454 89.153633 89.106247 89.560013 41.197666 
88.380402 88.963181 90.409691 91.332657 39.795799 
89.268982 89.823235 89.751266 90.060570 44.139366 
88.807800 88.816200 89.949089 89.675888 39.759647 
88.745949 89.269287 90.657990 90.867767 40.866871 
