0.781727 
0.527798 
0.235607 
0.507376 
0.630058 
0.397908 
0.607285 
0.265244 
0.655566 
0.483186 
0.447156 
0.306582 
0.247898 
0.423735 
0.417269 
0.218201 
0.349760 
0.428738 
0.501355 
0.315885 
0.607459 
0.546519 
0.374711 
0.458169 
0.781115 
0.422703 
0.382061 
0.389677 
0.552355 
0.314131 
0.267574 
0.349398 
0.535149 
0.713299 
0.214727 
0.645152 
0.430427 
0.544905 
0.393781 
0.628576 
0.644864 
0.479995 
0.626365 
0.620011 
0.490184 
0.343486 
0.764427 
0.450504 
0.248252 
0.815861 
