89.580292 89.241516 79.681381 84.784897 70.965958 0.000000 
94.007309 93.833237 90.514359 87.538681 80.830246 0.000000 
93.742897 88.512733 85.194046 86.340622 78.927322 0.027976 
88.049545 84.646202 65.141388 83.457314 91.007347 0.000000 
86.055801 84.705963 79.847641 86.648148 85.841919 0.034264 
87.001633 94.981499 92.694878 82.924141 82.510361 0.000000 
89.338737 81.649307 93.605453 80.528160 94.746368 0.000000 
88.143936 91.948303 92.876778 86.541702 66.106110 0.000000 
102.678871 84.232651 90.840118 85.864883 89.469353 0.000000 
88.857368 87.401260 87.853508 100.334946 82.902321 0.000000 
86.099327 98.731461 91.613213 79.552673 94.032608 0.000000 
89.562424 93.173866 87.358299 93.478996 92.757301 0.034264 
89.460579 94.659515 91.886833 79.591057 79.237221 0.000000 
88.710648 85.253075 92.831543 92.014122 87.281029 0.000000 
91.451721 92.497734 85.340210 89.866165 74.127579 0.019782 
92.914177 97.126923 85.250481 86.319695 84.926666 0.000000 
91.757011 86.021271 78.166649 86.954109 80.606026 0.000000 
92.519775 90.246742 88.169861 94.243355 100.375328 0.000000 
90.917900 84.281563 83.544121 92.269524 79.854599 0.000000 
90.568390 86.364723 92.509781 90.989784 92.416855 0.000000 
