48976.093750 8555.274414 8307.258789 3990.170654 24154.029297 
44265.414062 5943.017090 3697.960205 2421.423096 10540.634766 
57364.101562 13109.601562 7377.895508 4715.461914 27264.693359 
53336.238281 10906.654297 8230.226562 11186.832031 37891.050781 
54940.718750 9878.320312 7902.926758 5366.638672 27137.500000 
70375.226562 20742.162109 11364.578125 5243.910156 30595.201172 
45932.488281 7412.581543 4605.060547 4012.448975 19658.845703 
49440.453125 9524.943359 5207.607910 3115.843506 21352.978516 
52537.039062 8033.984863 6557.972168 3559.114014 19724.482422 
58666.343750 12117.496094 8159.462402 4983.654297 31538.824219 
52908.277344 8781.942383 6011.593750 5547.423340 32214.843750 
41958.222656 6068.582520 6878.808594 3133.117920 15992.136719 
46083.019531 7521.311523 3639.802979 3183.468506 18954.519531 
47228.574219 12999.256836 5812.334961 4134.880859 25254.337891 
54335.421875 9795.723633 7303.849609 4874.693848 34518.546875 
67344.953125 16058.158203 9465.366211 5861.666992 34590.738281 
53228.437500 9562.566406 6434.318359 4551.799805 19867.771484 
53185.351562 10682.802734 7212.431152 4766.326660 38399.593750 
57447.382812 9608.217773 8476.588867 5443.390137 44172.453125 
46133.625000 10234.086914 10544.191406 5644.469727 22177.324219 
