7648.777832 6193.092773 5059.575195 3951.148926 1377809.750000 
5874.945312 4589.300781 2792.236084 2357.232910 830185.125000 
6533.063477 5791.337402 4376.016602 2849.489258 909621.937500 
5273.157227 3445.782715 2629.402344 1990.320312 812143.437500 
5962.304199 4042.599121 3076.884521 2237.293457 742945.500000 
5397.529297 3720.648682 2961.813965 2102.414307 688434.812500 
3961.227783 2666.388184 1886.874756 1396.903687 577267.000000 
4759.613281 3109.048584 2356.945312 1866.905273 633678.500000 
5596.493652 3998.245605 2968.629395 2829.238525 1008955.125000 
5492.286621 3822.678711 2763.212158 1551.322021 793738.312500 
6711.897461 4568.606445 3769.626709 3107.442383 954491.812500 
5942.278320 3393.716309 3006.637451 2510.715576 924942.500000 
6039.746582 4041.547852 3391.524902 2403.815186 815300.187500 
5324.157715 2895.600098 1933.585083 1398.134399 546987.875000 
5509.973145 3752.590576 3202.107666 3333.035156 851877.187500 
4597.821289 2841.473389 2363.913574 1593.081787 570892.312500 
4669.235352 3662.473877 2772.627686 1949.836060 673358.375000 
5337.013184 3403.685059 3465.817871 2967.890869 877236.750000 
4532.162109 3029.908447 2339.090088 1671.402466 634939.812500 
6216.611328 3984.010010 3570.407959 2960.384277 916122.062500 
