87.425613 61.584946 64.674652 78.368538 87.026009 0.000000 
88.725906 87.105545 89.007843 86.102913 86.665070 0.000000 
91.685921 84.519547 87.218636 86.786720 88.316223 0.000000 
90.599525 83.041992 82.724663 86.073456 87.281799 0.000000 
90.042992 84.947159 89.234322 91.918716 92.174355 0.019782 
89.505692 69.016098 69.492928 75.938896 80.315468 0.000000 
92.074501 95.232780 94.467735 94.239532 95.205460 0.019782 
91.145332 69.880402 70.773811 77.761475 83.782158 0.034264 
92.259789 86.921997 89.220810 89.071922 88.844765 0.000000 
84.720718 99.444687 93.647896 94.012337 91.441002 0.000000 
91.898170 87.957848 90.016357 89.223602 91.455292 0.000000 
91.671425 82.868484 85.131371 87.362976 87.760513 0.027976 
95.175537 90.095657 93.713379 90.612610 95.198891 0.039565 
89.464371 77.926445 84.070572 85.790070 89.167717 0.000000 
91.344658 85.857117 89.766235 93.569870 95.209480 0.039565 
94.077072 76.161003 80.612946 82.995033 83.750214 0.000000 
85.475136 71.473503 75.039474 84.354927 88.367432 0.039565 
94.046112 79.789558 79.967560 80.045586 78.169968 0.000000 
88.889259 82.168869 89.060364 89.424744 89.895050 0.019782 
84.476524 92.628822 96.075729 96.918198 102.273338 0.027976 
