91.061417 96.547791 94.733757 90.901894 90.108406 93.775658 90.831703 88.480934 79.378479 70.725075 0.019782 
87.277145 87.071465 86.067276 89.502853 82.101837 92.784241 87.057625 80.460564 76.333809 72.469215 0.027976 
82.607300 73.104034 66.116737 69.248985 70.776672 71.650574 73.496681 73.115051 75.709747 76.162575 0.000000 
71.037903 58.261600 59.155006 60.676888 68.919205 66.750694 66.720085 65.709091 69.127853 70.374344 0.019782 
76.375404 79.020119 77.011055 77.025108 75.888901 75.403587 71.394615 71.266754 75.809937 72.014503 0.000000 
96.385414 92.167923 95.102592 96.850929 91.620193 103.648979 94.193954 83.591286 66.288094 65.092041 0.019782 
78.645660 78.634819 78.660896 79.480164 81.733887 83.696838 79.958275 88.510567 76.450035 71.430595 0.019782 
82.501869 83.942673 80.855690 82.995735 84.006851 79.402824 78.798515 84.847359 78.772346 69.146843 0.000000 
75.267937 66.658943 71.053413 67.993576 67.659035 66.248680 67.391434 69.616631 75.792374 70.512993 0.000000 
77.674187 77.576775 82.840424 85.938568 85.122574 80.662331 89.169342 78.001343 81.151237 77.836952 0.000000 
97.105507 102.745888 96.618141 95.809532 93.725708 93.724541 85.739769 84.653442 77.294220 63.891239 0.000000 
70.174309 67.014549 74.561707 76.522491 83.475998 80.079231 87.104729 83.289276 76.532448 71.143356 0.000000 
98.999023 103.127174 101.475349 92.695625 87.868973 81.451187 75.033745 77.493553 74.555008 71.923866 0.000000 
87.163208 82.367729 79.989243 83.241562 81.504700 82.476158 76.934372 78.295052 71.787979 72.062103 0.027976 
80.996140 79.760910 77.731506 74.692238 79.771362 79.575684 78.437248 79.585457 76.929031 73.743561 0.000000 
81.722137 77.540070 75.057190 77.050049 79.216339 71.545532 72.543724 74.471268 69.496162 66.726570 0.019782 
80.913551 74.301994 74.887077 78.262535 76.756439 83.063179 84.587524 83.157494 79.771019 65.620728 0.019782 
76.506050 59.271751 57.930824 56.619179 56.833748 60.186516 69.162094 67.957024 73.334084 75.911278 0.000000 
86.818291 83.160576 81.871033 85.041550 86.871628 79.720970 73.063606 78.182823 78.315102 68.680428 0.000000 
83.914597 87.903145 86.822426 84.392509 80.486725 84.511230 81.588226 76.292633 69.251556 65.496620 0.000000 
