78.378555 47.005913 72.235703 67.274239 62.106701 0.000000 
79.865700 47.790401 63.001991 70.046448 86.087006 0.000000 
77.814201 76.365967 80.953766 75.901917 83.213142 0.000000 
90.305107 53.810158 66.074593 59.840473 88.229202 0.027976 
86.804184 64.650673 65.986237 86.097984 80.123123 0.000000 
75.719551 76.938515 59.991737 91.661819 77.050819 0.048457 
81.608101 67.503792 69.280998 75.417862 72.314751 0.000000 
72.915451 67.672295 59.833149 64.287773 75.417557 0.000000 
74.549530 83.463341 68.929192 65.403687 83.447243 0.000000 
76.424385 64.459526 59.136909 64.911865 80.220718 0.000000 
83.775879 60.844822 77.396721 68.155457 80.373062 0.019782 
72.808800 54.638088 75.925354 71.143974 64.943314 0.000000 
87.494263 86.792564 79.483177 87.839516 76.840553 0.034264 
90.742241 76.772171 83.828873 71.978638 69.996597 0.000000 
83.280014 59.829136 59.427113 65.512344 81.854897 0.027976 
70.723190 51.715336 62.344486 58.171684 89.937889 0.019782 
85.533501 64.072197 73.426628 83.200722 72.239502 0.000000 
78.932030 59.453224 63.847004 68.438583 74.234352 0.000000 
87.158592 69.995453 75.280540 79.249825 70.818977 0.000000 
95.389168 76.071274 82.282967 79.473030 70.815765 0.000000 
