86.272179 88.089455 88.824036 88.775764 76.801697 
84.957512 86.510674 87.312393 86.104446 74.893372 
85.726524 85.362175 85.362938 84.155800 78.865219 
86.507072 86.291328 87.292755 85.303894 72.796455 
84.324486 85.488258 86.870758 83.502899 80.008537 
86.209778 85.923096 86.377815 87.273987 74.738708 
85.281990 86.439949 87.039169 85.930969 76.329529 
84.628532 85.497620 86.220169 85.696854 76.226517 
87.545097 88.184120 89.628212 88.326447 77.433372 
86.720184 87.781052 87.323929 87.736526 75.390594 
85.936951 86.641624 88.614929 88.193085 78.293503 
86.098747 86.887833 87.640755 86.939842 75.460136 
87.666084 89.218300 88.942238 89.087601 78.937584 
84.960770 86.216820 86.825134 85.477959 76.220978 
86.115280 87.584755 87.827454 87.452118 77.284714 
87.189865 88.149567 88.443291 88.736916 76.551689 
86.180969 86.732689 87.889992 86.231819 76.065765 
87.237724 86.623222 86.244026 84.526512 71.868103 
86.810410 86.821960 86.855049 86.332146 74.569954 
85.290596 86.216980 87.385284 86.668663 76.596001 
