82.247566 57.730236 48.444340 42.529198 39.523567 0.000000 
83.644646 35.637749 34.531673 26.919910 30.652710 0.034264 
86.262901 44.703346 45.084690 42.068840 41.034100 0.000000 
87.173836 42.021172 37.611317 39.956062 37.536472 0.000000 
80.820847 39.100037 30.358875 32.475063 31.878017 0.027976 
85.719193 49.433880 41.045204 37.027977 36.781765 0.034264 
87.726463 60.899864 55.821655 44.652367 43.321625 0.000000 
83.518761 39.369015 38.576523 40.267002 38.534763 0.000000 
85.393356 41.730026 38.178688 26.645418 30.238613 0.000000 
86.168892 43.180115 33.184010 35.702484 36.240025 0.000000 
88.851280 42.922787 41.011047 34.913651 28.478825 0.019782 
82.568398 51.754185 48.048496 48.812408 35.465317 0.000000 
88.106041 51.342964 50.008232 36.819984 34.289188 0.000000 
92.442612 42.680771 39.306263 38.294418 30.470720 0.019782 
82.759918 52.829750 46.976089 39.512272 40.837765 0.000000 
84.734886 58.068306 52.386196 43.143253 26.970110 0.039565 
82.914650 48.876450 42.300247 35.184032 31.855639 0.000000 
89.691887 57.890247 62.104790 50.853374 47.493423 0.000000 
86.941765 47.425503 39.206543 40.212139 32.798775 0.000000 
90.104988 57.408005 60.776237 39.176449 36.328358 0.000000 
