81.440765 67.592270 72.747871 82.145424 63.130001 0.027976 
81.152390 56.170109 57.614159 67.609566 62.469769 0.019782 
74.488754 59.539406 73.898056 59.495327 64.121994 0.000000 
85.029526 62.877270 63.772564 74.871803 60.707657 0.000000 
84.885658 75.619362 78.665901 86.386032 68.560852 0.000000 
83.955276 59.774956 61.580196 64.952560 63.804394 0.019782 
85.271141 58.180218 64.741158 61.492596 63.173485 0.034264 
86.994499 65.991020 62.113445 63.845848 65.720169 0.000000 
74.869850 58.973591 72.055840 65.408882 71.233521 0.000000 
76.277458 66.649551 65.752571 71.204308 73.800789 0.027976 
70.542747 62.304508 64.660461 75.929459 67.496880 0.000000 
80.910034 88.404915 74.151672 63.058964 65.506432 0.000000 
79.395454 52.551922 69.194771 67.387718 64.530312 0.019782 
79.492744 69.785568 72.997131 77.705597 78.772141 0.027976 
77.002953 73.862930 71.303047 76.407616 79.058693 0.000000 
82.274254 50.093594 56.822323 58.160610 61.653240 0.000000 
85.302460 57.081074 55.699486 73.520226 61.040604 0.000000 
77.138870 69.309494 77.656784 84.184441 76.125153 0.019782 
76.706810 70.053230 71.873726 77.413589 74.325539 0.000000 
81.579773 58.066334 65.436417 67.895432 60.222187 0.000000 
