78.453720 72.468445 73.213356 72.380280 64.356003 0.000000 
80.904694 71.966820 69.934158 71.646637 62.482494 0.000000 
72.249176 59.942509 59.839523 62.555019 68.301186 0.000000 
77.437363 76.702324 73.049316 69.985725 66.550735 0.019782 
77.860283 73.933502 72.625290 73.130348 62.939445 0.000000 
78.043495 65.533684 68.031441 64.848267 58.257652 0.000000 
82.595604 77.154404 75.807098 67.438919 65.747986 0.000000 
78.700523 70.542374 70.362785 63.716343 70.806381 0.019782 
81.628761 76.320724 73.780296 69.604187 67.882088 0.027976 
74.271805 62.773022 62.134109 65.483513 60.852829 0.019782 
78.858093 70.134064 67.461723 64.938866 58.358330 0.000000 
81.895782 72.483109 73.319382 69.557167 62.192982 0.000000 
73.960365 72.340775 72.394455 69.056213 59.915615 0.000000 
76.738533 71.549019 68.323174 67.987953 61.694843 0.000000 
77.978668 72.045258 71.958427 73.411774 70.495018 0.000000 
80.025169 72.756393 72.713875 69.521744 60.927029 0.000000 
77.762016 66.465416 68.510063 68.575531 61.549309 0.000000 
83.009209 74.547256 72.427979 70.643982 67.731499 0.000000 
74.341377 67.660812 70.163177 66.245705 62.945232 0.000000 
72.465515 66.886475 65.282043 68.233299 64.627121 0.027976 
