87.970398 89.240623 87.491287 81.971535 73.615608 
87.820892 88.883728 88.549835 86.996681 71.955681 
88.047539 89.970467 90.722900 84.841904 78.026192 
87.040070 89.612038 87.861481 84.374374 70.608299 
87.758453 88.589043 87.918381 83.210358 77.396500 
87.437805 90.813896 90.919701 87.224045 75.734154 
87.425980 87.558571 87.806007 83.618782 69.229546 
87.230225 90.307724 89.589813 84.490898 74.808960 
87.745163 88.021492 88.077644 84.832588 72.580627 
87.299324 88.803177 88.546654 82.634499 68.980232 
87.146530 88.546234 88.571396 84.482208 69.098824 
87.329346 86.944237 86.802795 83.416405 66.295486 
86.622322 88.493202 89.427200 85.698685 75.685608 
87.538727 90.563309 91.055046 86.941711 67.453018 
86.637718 88.606033 87.164246 79.828278 73.951721 
87.843239 89.251228 89.512833 83.570030 68.670296 
86.606224 89.044441 89.437508 82.712555 71.659569 
87.608910 87.609520 87.807541 85.660622 61.035946 
87.751289 90.392136 90.648010 85.342773 71.652473 
86.913460 89.955360 90.866455 86.657600 71.048256 
