64951.277344 36483.546875 43541.105469 30089.087891 45418.136719 43997.636719 48313.710938 42733.992188 75033.226562 297785.562500 
46191.070312 17611.748047 15900.613281 14183.711914 13998.116211 14420.129883 12556.587891 15187.036133 21840.921875 743987.625000 
104585.937500 67980.539062 61827.175781 77241.226562 115867.734375 120761.593750 95427.406250 214301.406250 122759.773438 668629.625000 
46108.164062 15717.107422 12708.986328 10236.662109 10227.245117 10583.116211 10025.673828 13882.489258 15191.038086 581966.187500 
49675.789062 16492.111328 15918.417969 15543.386719 15810.299805 18475.892578 23201.007812 19542.898438 31008.035156 568635.500000 
47729.234375 18109.271484 16233.166992 14647.276367 16910.304688 21073.783203 12577.578125 18963.617188 17592.835938 861446.062500 
45791.925781 16855.048828 16754.339844 23165.568359 25048.332031 21559.398438 30360.494141 28975.488281 26058.632812 601404.250000 
85749.757812 46745.507812 65378.390625 51677.062500 88576.515625 54323.199219 80431.648438 49131.890625 60811.390625 371215.375000 
42087.175781 16032.826172 11623.706055 9320.959961 12706.183594 10881.097656 7998.044434 8656.306641 10069.415039 600118.875000 
48975.046875 20077.128906 21470.423828 24156.296875 21999.916016 20082.689453 21363.544922 36780.816406 31752.384766 848074.250000 
86862.429688 63394.289062 78740.320312 88022.476562 80800.679688 85202.148438 84021.250000 58338.222656 143565.578125 780683.687500 
62260.605469 37335.429688 43501.484375 48249.652344 70398.007812 64554.933594 66835.109375 124870.351562 71432.203125 1264210.375000 
47954.148438 16013.296875 14798.305664 17465.371094 15902.707031 24006.490234 19579.570312 21491.542969 46569.675781 342270.218750 
36865.378906 12942.723633 9734.578125 10866.734375 12404.838867 13084.103516 12614.583008 13445.000000 25048.289062 844137.000000 
61813.777344 39144.710938 56199.828125 53879.882812 35229.855469 61823.062500 40471.460938 53176.847656 50787.062500 1007224.187500 
58624.273438 60522.382812 47151.640625 38160.718750 43541.628906 34388.980469 33836.253906 25523.289062 52995.515625 655970.687500 
52705.484375 30184.513672 28080.525391 27348.664062 26841.304688 29032.746094 42184.363281 65531.859375 48631.449219 473863.750000 
50304.332031 22835.072266 28732.117188 25850.183594 22469.666016 29251.234375 19613.537109 14029.832031 20392.617188 849928.125000 
54434.531250 21464.646484 36480.347656 37871.109375 45948.023438 26520.015625 41986.164062 48813.000000 51340.414062 1321063.500000 
50026.773438 13298.313477 12989.989258 13337.558594 13327.769531 12056.860352 8771.870117 14817.274414 17341.830078 222665.187500 
