92.813301 96.088936 105.669998 92.820801 94.481148 0.000000 
85.782730 82.519661 92.649307 90.363586 98.701698 0.000000 
90.124123 93.192970 94.371948 75.303383 95.732986 0.000000 
94.470985 77.133331 84.661781 90.558372 97.597130 0.027976 
90.849976 92.780701 93.968750 90.592598 95.911728 0.027976 
89.258514 89.738785 84.434631 90.825012 82.477516 0.000000 
86.347572 84.267303 93.674232 78.552338 91.435204 0.019782 
91.630669 94.456589 84.770721 92.508644 110.450020 0.000000 
91.603111 89.347282 80.346230 80.209480 90.377335 0.034264 
94.070236 93.603355 85.589851 88.255753 87.743958 0.019782 
86.119011 83.838066 96.726601 101.581192 82.485001 0.027976 
94.903618 102.439606 99.259933 92.903214 89.741798 0.019782 
86.316315 87.769272 96.339417 82.860703 89.349365 0.000000 
88.416557 81.066162 91.957222 92.147118 100.965858 0.000000 
88.897835 104.507210 89.764809 92.418777 88.476852 0.000000 
88.888237 95.813606 92.976212 84.599686 81.794838 0.000000 
92.565010 86.940056 83.883560 96.898010 98.867363 0.000000 
93.042313 80.821938 91.514519 82.340157 72.983070 0.027976 
91.962303 85.613136 77.399940 98.676994 102.875465 0.000000 
93.471054 90.567230 107.715950 103.905861 85.331017 0.000000 
94.337227 110.232330 89.519173 92.353958 74.734955 0.000000 
88.649582 86.391029 83.096573 84.540115 96.120850 0.000000 
89.806664 108.401657 99.147873 97.929031 96.242805 0.000000 
87.013802 89.732399 81.235367 97.037025 107.360367 0.000000 
91.009026 96.141197 83.864731 102.042068 87.093437 0.027976 
89.545578 79.534996 94.921165 87.893753 89.634666 0.027976 
92.068382 84.961456 95.665771 78.965141 87.754570 0.000000 
89.512390 90.025597 98.159523 93.653763 89.300346 0.000000 
87.827560 107.581200 87.439018 88.319511 77.181381 0.019782 
92.001518 84.956932 89.025757 92.129166 70.054703 0.000000 
92.388344 95.813515 95.547302 86.385345 83.285019 0.034264 
96.082603 89.664726 86.555031 93.753616 81.677055 0.000000 
92.328339 91.441803 99.619431 97.242714 87.246017 0.000000 
89.579033 94.804375 89.990440 85.111710 80.941307 0.019782 
88.827850 93.158310 89.220055 95.182182 90.533241 0.019782 
91.608658 81.756630 102.262283 101.919037 81.132553 0.019782 
87.934952 87.292183 87.180389 91.081726 85.946220 0.000000 
93.380882 90.514977 103.095268 97.753540 100.929649 0.000000 
88.278755 99.744141 83.320938 99.572388 90.313820 0.000000 
86.477280 103.905685 83.055962 95.446358 98.323616 0.000000 
88.281441 82.415718 103.545670 95.248138 93.628189 0.000000 
89.373268 94.227310 91.654060 82.505486 90.175339 0.019782 
87.222610 83.907982 92.827126 98.643402 87.875809 0.027976 
89.893303 96.631721 89.184288 100.507584 93.786766 0.000000 
86.386856 83.894699 96.388435 101.158173 97.829346 0.027976 
83.961182 102.314537 99.086273 91.974037 93.679169 0.027976 
91.208443 101.867264 91.145889 95.679184 90.374863 0.000000 
86.605629 91.518311 86.033600 87.265839 107.367950 0.000000 
87.444954 87.554039 87.352837 89.561996 93.584656 0.000000 
85.976120 100.712067 93.370667 86.098808 98.359413 0.000000 
88.233841 84.278694 95.270775 96.725128 94.126884 0.000000 
89.033974 77.045441 88.916122 89.466187 84.380280 0.000000 
89.036568 86.593643 88.862778 93.506584 90.349274 0.000000 
86.124969 95.115326 91.029320 103.778084 76.873528 0.000000 
82.440147 76.097603 93.810760 92.175529 94.068817 0.019782 
92.407364 91.156517 91.880699 81.344429 93.961464 0.027976 
89.823799 96.608543 80.446564 82.453331 75.148415 0.000000 
88.132637 84.399994 88.256523 86.921173 99.579124 0.000000 
90.155266 75.452057 90.191872 84.210243 88.212944 0.000000 
91.606842 124.445305 87.508430 79.459648 86.097275 0.000000 
84.531525 99.447182 96.309883 96.045845 81.497345 0.019782 
95.231499 94.935707 93.426506 86.819153 75.622604 0.000000 
89.730194 90.266205 95.284866 95.302704 90.880470 0.019782 
90.153687 93.813599 88.060379 91.599136 106.843750 0.000000 
84.735474 73.475243 80.129944 82.670799 83.820457 0.027976 
92.600510 86.323708 87.493774 100.854599 82.565002 0.027976 
91.645355 53.679428 93.432373 89.806915 90.891243 0.000000 
94.487228 99.586716 84.943275 70.924629 87.926003 0.019782 
90.983177 87.272705 84.602806 82.877312 86.545319 0.000000 
89.271919 93.553795 93.874191 90.210388 74.495155 0.019782 
89.790131 93.604057 86.843811 89.813667 85.551201 0.000000 
90.987022 80.033409 90.449089 77.986328 80.563110 0.000000 
88.580444 80.069153 89.607239 101.159416 90.248444 0.000000 
89.211586 96.840065 93.312141 80.778816 110.631363 0.019782 
93.513748 95.407722 89.260574 86.303467 92.001907 0.000000 
89.984039 81.942352 91.295326 92.879982 78.311035 0.000000 
93.885880 79.215660 95.207008 97.135208 79.411278 0.027976 
89.736504 95.978714 89.642212 87.644394 87.170303 0.019782 
87.076363 94.439026 95.981461 88.794556 97.161324 0.000000 
92.292442 83.250641 94.936272 94.830544 94.993118 0.000000 
92.260895 119.008553 95.854637 101.671356 78.025002 0.000000 
90.298065 94.352165 92.498344 87.262947 69.547630 0.019782 
93.225876 94.750946 93.166031 84.748810 73.203026 0.027976 
86.997902 99.697914 84.332146 97.310570 101.521431 0.000000 
91.113449 120.073753 96.685234 90.848045 104.284058 0.027976 
94.229790 60.976460 88.791290 90.913750 93.561897 0.019782 
92.036713 93.678322 90.112915 97.313667 82.001389 0.000000 
93.718193 84.598465 88.152115 101.172707 106.493713 0.000000 
87.732262 66.358154 83.344040 93.887405 94.518990 0.000000 
87.681007 75.066689 80.316147 102.136871 77.778938 0.000000 
92.226982 96.395416 89.212997 88.975418 83.125244 0.019782 
92.433708 93.028984 91.637367 81.617752 87.957085 0.000000 
86.038261 73.358971 86.692101 79.675941 81.970657 0.000000 
89.748726 76.260353 94.972160 93.294876 91.803024 0.019782 
87.434944 101.547844 90.529587 89.163788 86.824333 0.027976 
88.715630 107.740189 93.135437 86.872925 82.562805 0.019782 
89.142303 78.323364 95.222427 98.602020 90.239769 0.000000 
87.400925 93.693756 83.112801 85.302429 95.434471 0.000000 
98.220100 81.261597 74.871414 95.439163 81.557426 0.019782 
92.119568 107.067947 85.661339 83.092331 88.752716 0.000000 
86.859543 90.168869 87.687637 96.174255 96.328629 0.027976 
90.379044 108.680962 96.920982 81.794174 101.818031 0.000000 
89.904144 102.223900 88.581276 82.485252 83.577950 0.000000 
85.876244 88.285049 92.001663 87.648033 85.709518 0.000000 
90.806526 101.225975 84.116280 78.771851 96.610527 0.000000 
90.996712 84.765602 81.939087 87.842422 86.450401 0.027976 
88.640671 98.267273 91.401573 81.063637 90.129044 0.000000 
87.988045 98.859848 91.350677 95.462868 93.626137 0.000000 
94.965691 109.272980 93.841682 88.949150 84.589088 0.019782 
89.792610 64.348465 90.582481 89.012344 88.146706 0.000000 
88.183609 111.603065 91.141640 84.500084 104.428940 0.000000 
90.453613 84.729431 101.522102 85.172127 92.494789 0.000000 
92.065422 94.642128 95.752151 94.023911 94.777130 0.000000 
89.015633 107.041115 89.708908 94.007225 76.028687 0.000000 
88.807076 117.001541 99.455902 95.789429 84.416397 0.000000 
85.275108 73.378723 96.282677 97.262115 90.855545 0.000000 
89.905685 93.121284 84.841118 82.987823 69.435776 0.000000 
91.046486 85.720322 89.914154 103.005699 81.504631 0.000000 
91.200691 82.205139 93.364227 84.178352 78.580711 0.000000 
91.201965 82.088791 93.057861 101.012321 98.146614 0.000000 
91.842270 82.379669 84.850105 101.901947 95.512146 0.000000 
91.731674 82.767120 86.881462 83.330139 79.465660 0.019782 
95.669357 87.464790 91.481224 98.904488 78.647049 0.034264 
88.434601 90.559074 79.181335 81.155640 83.232124 0.000000 
93.015907 83.887360 86.484657 86.446190 93.108772 0.000000 
96.246269 94.158783 89.624718 94.485069 86.890144 0.027976 
89.517487 130.726425 98.234276 93.557335 90.466515 0.019782 
88.912270 88.779488 92.091270 85.130745 92.471970 0.027976 
89.606728 100.516068 86.047264 98.047798 101.401474 0.019782 
82.743027 58.291100 91.769218 92.301704 79.716721 0.019782 
87.385368 96.344513 93.592224 95.208099 95.267075 0.000000 
97.132973 103.647896 94.911034 96.967911 90.039749 0.000000 
94.815300 122.978539 87.348572 91.919739 90.306953 0.019782 
90.007462 96.313339 93.160088 86.877274 79.040459 0.000000 
91.393417 74.148148 94.075058 87.439484 93.717911 0.019782 
87.540474 83.461136 89.703796 86.411575 74.829483 0.000000 
89.060303 75.648994 87.289139 91.012932 92.401680 0.000000 
93.503189 95.754097 94.845612 88.694763 85.357841 0.000000 
86.868240 85.460007 83.038315 89.029343 76.223289 0.000000 
84.228516 62.638760 80.551910 78.165802 86.679214 0.000000 
123.022247 138.125305 132.974777 130.751328 80.254410 0.000000 
125.539169 157.168304 137.347198 119.400772 96.820763 0.000000 
100.251663 142.414948 147.386765 132.940109 82.534897 0.027976 
0.000000 0.000000 0.000000 0.000000 0.000000 0.019782 
123.939774 161.260651 128.066528 121.728172 94.885902 0.000000 
106.504562 149.469254 133.597214 137.474609 130.091049 0.000000 
109.515343 106.399460 135.091812 47.463409 58.324909 0.000000 
0.000000 0.000000 0.000000 0.000000 0.000000 0.000000 
