72962.273438 6757.149414 5037.319336 3655.057129 9140.941406 
76254.625000 8601.199219 5449.545410 4030.591797 16009.244141 
76096.757812 7087.899902 7808.193359 5202.361328 15989.352539 
66617.515625 6487.840820 3713.588623 3718.873047 10796.093750 
69945.546875 6446.408203 5586.437012 5519.435059 11955.947266 
75481.976562 10576.750977 13960.392578 7680.524902 27858.277344 
69183.671875 5777.835938 4599.721191 3553.107910 29839.410156 
76538.984375 7735.156250 5400.294434 5461.484375 20538.849609 
77043.671875 7977.631836 5132.590332 5200.018555 32587.857422 
75015.406250 7866.946289 4807.198242 4602.955566 10794.144531 
64308.273438 5634.980469 3533.365479 2765.942871 9566.853516 
72901.546875 10093.302734 8754.940430 5190.988770 16014.600586 
81745.945312 5986.172852 4301.370117 3552.179443 13565.624023 
77158.929688 8286.646484 6413.579102 5189.367188 22651.820312 
71100.414062 8407.251953 3461.497803 3170.946777 23580.011719 
67148.265625 5972.579102 4649.263672 4341.515137 25451.695312 
76030.875000 9820.437500 8488.622070 4768.653320 22724.007812 
69509.421875 6415.024902 4784.538086 2576.428223 10030.552734 
71096.085938 6225.861816 5369.051270 3599.591797 12577.203125 
67182.445312 7509.996094 5721.721191 4170.373535 32263.199219 
