88.159050 35.247814 37.890038 35.760548 47.952030 0.000000 
73.226082 41.542416 40.604183 41.385899 36.415760 0.034264 
78.417763 42.256210 47.137741 35.746719 42.913689 0.027976 
61.589710 28.603765 27.241650 33.186211 35.736485 0.000000 
83.133904 24.641932 31.523249 24.638393 37.698929 0.027976 
84.994873 28.139336 30.504841 29.786299 28.573057 0.000000 
73.677818 30.096804 27.941620 28.314631 31.515720 0.027976 
84.439346 29.569895 34.012810 33.431057 26.009758 0.027976 
80.394791 22.916986 26.373585 33.023071 33.419350 0.000000 
74.607216 27.452873 28.906862 33.758835 43.026939 0.027976 
78.819542 25.369633 22.224424 29.302723 29.450453 0.039565 
78.982834 24.554447 29.714754 32.693806 37.049820 0.019782 
83.450661 24.453419 34.971970 28.798029 35.722206 0.000000 
68.920616 24.137526 23.602085 31.975204 36.013260 0.000000 
79.048027 36.868397 39.332748 33.261608 37.667976 0.000000 
67.178696 30.436832 30.363001 32.365150 38.856895 0.000000 
77.093475 30.332670 30.438993 33.507618 42.556942 0.000000 
66.891655 47.482178 48.446014 49.310928 39.955902 0.027976 
85.591194 35.598598 37.033302 31.647192 41.869980 0.027976 
68.824867 32.467731 33.988331 41.398376 34.599773 0.000000 
