Episode: 1: [[0.20434637 0.20669517 0.20227586 0.20069873 0.18824951]] 
Episode: 2: [[0.20504637 0.20599517 0.20157586 0.20139873 0.18754952]] 
Episode: 3: [[0.2056941  0.20558839 0.20093066 0.20203075 0.18685912]] 
Episode: 4: [[0.20633125 0.2051019  0.20039085 0.20250657 0.18621823]] 
Episode: 5: [[0.20693433 0.20471446 0.19979365 0.20306979 0.18588965]] 
Episode: 6: [[0.20748866 0.20423332 0.19932352 0.20349698 0.18564415]] 
Episode: 7: [[0.20796669 0.20380118 0.19887663 0.20391773 0.18546009]] 
Episode: 8: [[0.2084054  0.20336626 0.19849527 0.20427062 0.1853008 ]] 
Episode: 9: [[0.2087491  0.20298308 0.19811666 0.2046147  0.18531407]] 
Episode: 10: [[0.20908539 0.20259015 0.19779779 0.20487206 0.18534678]] 
Episode: 11: [[0.20938092 0.2022037  0.19749117 0.2051157  0.18544541]] 
Episode: 12: [[0.2096597  0.2018707  0.19716835 0.20537679 0.18556032]] 
Episode: 13: [[0.20992371 0.20152816 0.19690922 0.2055707  0.18565947]] 
Episode: 14: [[0.21018201 0.20120193 0.19670218 0.2057246  0.18568589]] 
Episode: 15: [[0.2103926  0.20085083 0.19649078 0.20587191 0.18583418]] 
Episode: 16: [[0.21059616 0.20051287 0.19629735 0.20600057 0.18597314]] 
Episode: 17: [[0.21080396 0.20014478 0.19608542 0.20615084 0.18613604]] 
Episode: 18: [[0.2110177  0.19973205 0.19591336 0.20626737 0.18627709]] 
Episode: 19: [[0.21123676 0.19927494 0.19573766 0.20638883 0.18644589]] 
Episode: 20: [[0.2114352  0.19887479 0.19556001 0.20650789 0.18662466]] 
Episode: 21: [[0.21157287 0.19856375 0.19536623 0.20666483 0.18681996]] 
Episode: 22: [[0.21169038 0.1982474  0.19518091 0.2068141  0.18704297]] 
Episode: 23: [[0.21179858 0.19795796 0.19503132 0.20694025 0.18721043]] 
Episode: 24: [[0.21190831 0.19772224 0.19490108 0.20704955 0.18732108]] 
Episode: 25: [[0.21199536 0.19745591 0.19475792 0.20716967 0.18750039]] 
Episode: 26: [[0.21208955 0.19719128 0.19463657 0.20726384 0.1876576 ]] 
Episode: 27: [[0.21217693 0.19691958 0.19452526 0.20735149 0.1878158 ]] 
Episode: 28: [[0.21225008 0.19666329 0.19441877 0.20743833 0.187976  ]] 
Episode: 29: [[0.21230906 0.19640468 0.19431075 0.2075265  0.18816143]] 
Episode: 30: [[0.21237056 0.19617152 0.19421679 0.20760156 0.18831435]] 
Episode: 31: [[0.21242905 0.1959494  0.19413298 0.2076662  0.1884578 ]] 
Episode: 32: [[0.2124817  0.19572379 0.1940441  0.20772609 0.18863435]] 
Episode: 33: [[0.21253622 0.19552277 0.19394109 0.20782065 0.18876518]] 
Episode: 34: [[0.21260709 0.19537032 0.19387007 0.2078541  0.18887007]] 
Episode: 35: [[0.21268144 0.19523342 0.19380547 0.20788014 0.18895693]] 
Episode: 36: [[0.2127589  0.19512199 0.19375421 0.20790151 0.18899676]] 
Episode: 37: [[0.21282794 0.19500138 0.19370517 0.20793176 0.18903294]] 
Episode: 38: [[0.21287727 0.19487299 0.19365014 0.20797136 0.18910299]] 
Episode: 39: [[0.21293332 0.19475558 0.19361046 0.20798327 0.18916723]] 
Episode: 40: [[0.21297516 0.19460712 0.19356315 0.2079987  0.1892853 ]] 
Episode: 41: [[0.21302007 0.19445507 0.19353555 0.20798384 0.18940544]] 
Episode: 42: [[0.2130596  0.19430807 0.19351013 0.20797306 0.18951775]] 
Episode: 43: [[0.213096   0.19420777 0.1934944  0.20796031 0.18958549]] 
Episode: 44: [[0.21313071 0.19411449 0.19348139 0.20794736 0.1896449 ]] 
Episode: 45: [[0.2131738  0.19398464 0.19348395 0.20791939 0.18970071]] 
Episode: 46: [[0.21320198 0.1938404  0.19347262 0.20792663 0.18975939]] 
Episode: 47: [[0.21322016 0.19368339 0.19345525 0.20794438 0.18983759]] 
Episode: 48: [[0.21325392 0.19355959 0.19344603 0.20795313 0.18986699]] 
Episode: 49: [[0.21327817 0.19342251 0.19343269 0.20796005 0.18993299]] 
Episode: 50: [[0.21328874 0.19327725 0.1934114  0.2079901  0.19000305]] 
Episode: 51: [[0.21330643 0.19312558 0.1933929  0.20801474 0.19006869]] 
Episode: 52: [[0.21332219 0.19298361 0.19337684 0.20803681 0.19013   ]] 
Episode: 53: [[0.21332386 0.19280432 0.19335188 0.2080634  0.19024962]] 
Episode: 54: [[0.21333334 0.19263628 0.19333531 0.20808521 0.19033769]] 
Episode: 55: [[0.21335278 0.19248672 0.1933201  0.20809309 0.19042148]] 
Episode: 56: [[0.21337742 0.19235387 0.1933145  0.20809473 0.19047411]] 
Episode: 57: [[0.21340102 0.19222468 0.19330578 0.20810127 0.19052516]] 
Episode: 58: [[0.21341537 0.1920952  0.19329877 0.2081186  0.19056645]] 
Episode: 59: [[0.2134156  0.19194953 0.19327557 0.20814942 0.19065556]] 
Episode: 60: [[0.21340598 0.19179906 0.19324076 0.208185   0.19078304]] 
Episode: 61: [[0.21340379 0.19165884 0.19321561 0.20821294 0.19088244]] 
Episode: 62: [[0.21339181 0.19150257 0.19317894 0.20826107 0.1909988 ]] 
Episode: 63: [[0.21336769 0.19134188 0.19312741 0.20834324 0.19111201]] 
Episode: 64: [[0.21334404 0.19120385 0.1930707  0.20843384 0.1912089 ]] 
Episode: 65: [[0.21330331 0.19107418 0.19301473 0.20855333 0.1912719 ]] 
Episode: 66: [[0.21326184 0.19094151 0.19295703 0.2086632  0.1913596 ]] 
Episode: 67: [[0.21322216 0.19081607 0.19289744 0.20878279 0.1914273 ]] 
Episode: 68: [[0.21317773 0.19067797 0.19283761 0.20888868 0.1915349 ]] 
Episode: 69: [[0.21313255 0.19052647 0.19277984 0.20898716 0.19165973]] 
Episode: 70: [[0.2130735  0.19036995 0.19271179 0.20913236 0.19174857]] 
Episode: 71: [[0.21301453 0.19023521 0.1926504  0.2092629  0.19183439]] 
Episode: 72: [[0.2129589  0.19009931 0.19259214 0.20938084 0.19193077]] 
Episode: 73: [[0.212913   0.18996069 0.19254369 0.20948285 0.19201836]] 
Episode: 74: [[0.2128727  0.18982713 0.19249982 0.20957342 0.19210376]] 
Episode: 75: [[0.21283522 0.18969364 0.19245796 0.20965427 0.19219741]] 
Episode: 76: [[0.21279748 0.18955527 0.1924163  0.20972943 0.1923041 ]] 
Episode: 77: [[0.21276979 0.18942659 0.1923801  0.20979506 0.19239351]] 
Episode: 78: [[0.21274523 0.18930039 0.19234723 0.20985425 0.19248007]] 
Episode: 79: [[0.2127219  0.18916647 0.19231558 0.20990805 0.19257596]] 
Episode: 80: [[0.21269903 0.18903372 0.1922847  0.2099571  0.19267718]] 
Episode: 81: [[0.2126699  0.18888456 0.19225015 0.21000455 0.19280943]] 
Episode: 82: [[0.2126447  0.18873495 0.19221856 0.21004556 0.19294022]] 
Episode: 83: [[0.21261482 0.18857607 0.19218612 0.21008313 0.19309168]] 
Episode: 84: [[0.21258114 0.18840581 0.19215222 0.21011972 0.19326082]] 
Episode: 85: [[0.21254835 0.18823805 0.1921191  0.21015139 0.19343401]] 
Episode: 86: [[0.21251278 0.18806507 0.19208206 0.21018617 0.1936185 ]] 
Episode: 87: [[0.21248625 0.18791524 0.1920508  0.21021698 0.19376855]] 
Episode: 88: [[0.212458   0.18779764 0.192018   0.2102543  0.19389445]] 
Episode: 89: [[0.21243137 0.18767412 0.19198593 0.21028647 0.19402878]] 
Episode: 90: [[0.2124089  0.18755475 0.19195662 0.21031448 0.19415505]] 
Episode: 91: [[0.2123915  0.18744369 0.19193022 0.21033853 0.19426876]] 
Episode: 92: [[0.21236932 0.18732253 0.19190218 0.21037018 0.19438596]] 
Episode: 93: [[0.212363   0.18720277 0.19188574 0.21037269 0.19450212]] 
Episode: 94: [[0.2123373  0.18703488 0.19185933 0.21038988 0.19467339]] 
Episode: 95: [[0.21231873 0.1868842  0.1918375  0.21040355 0.19481891]] 
Episode: 96: [[0.21230406 0.18673989 0.19181769 0.21041411 0.19495553]] 
Episode: 97: [[0.21228987 0.18659519 0.19179793 0.21042174 0.19509669]] 
Episode: 98: [[0.21226875 0.18643771 0.19177389 0.21043962 0.19524787]] 
Episode: 99: [[0.21225113 0.18628636 0.19175012 0.21045865 0.1953876 ]] 
Episode: 100: [[0.2122403  0.18614557 0.19172992 0.21047074 0.19551462]] 
Episode: 101: [[0.21222922 0.18600227 0.19170924 0.21048003 0.19564962]] 
Episode: 102: [[0.21222058 0.18585902 0.1916914  0.21048862 0.19577523]] 
Episode: 103: [[0.21221033 0.18570729 0.19167154 0.21050534 0.1958987 ]] 
Episode: 104: [[0.21219757 0.18554984 0.19164947 0.21052253 0.1960338 ]] 
Episode: 105: [[0.21216795 0.18535374 0.19161703 0.21053912 0.19624205]] 
Episode: 106: [[0.21214326 0.18517351 0.19158822 0.21055253 0.19643047]] 
Episode: 107: [[0.21212696 0.18501444 0.191564   0.21056452 0.19658548]] 
Episode: 108: [[0.2121031  0.18484178 0.19153698 0.21058579 0.19674991]] 
Episode: 109: [[0.21207875 0.18467128 0.1915098  0.21060704 0.19691421]] 
Episode: 110: [[0.21206656 0.18451604 0.1914873  0.21062097 0.19705321]] 
Episode: 111: [[0.21204749 0.18434718 0.1914618  0.21063101 0.19722429]] 
Episode: 112: [[0.21203035 0.18417759 0.19143651 0.21063845 0.19739696]] 
Episode: 113: [[0.21201536 0.1840125  0.19141228 0.21064474 0.19756334]] 
Episode: 114: [[0.2119963  0.18384191 0.19138633 0.21065077 0.19774342]] 
Episode: 115: [[0.21197392 0.18366341 0.19135845 0.2106541  0.19794229]] 
Episode: 116: [[0.21195038 0.18348101 0.19133015 0.21065624 0.19814815]] 
Episode: 117: [[0.21193385 0.18331051 0.19130625 0.21065463 0.19833271]] 
Episode: 118: [[0.21191417 0.18313639 0.19128048 0.21065606 0.19852313]] 
Episode: 119: [[0.21190178 0.18297742 0.19125864 0.21065553 0.19868791]] 
Episode: 120: [[0.21189076 0.18281394 0.19123736 0.21065536 0.19885135]] 
Episode: 121: [[0.2118849  0.18266672 0.19121955 0.2106532  0.1989928 ]] 
Episode: 122: [[0.21187657 0.18251514 0.19120035 0.21065041 0.19914483]] 
Episode: 123: [[0.21186134 0.18234411 0.19117694 0.21065122 0.19932209]] 
Episode: 124: [[0.21184768 0.18217397 0.1911546  0.210655   0.1994887 ]] 
Episode: 125: [[0.21182534 0.18198566 0.19112755 0.21066262 0.19968303]] 
Episode: 126: [[0.21181503 0.18182054 0.1911067  0.21066384 0.19984251]] 
Episode: 127: [[0.21180475 0.18168369 0.19108044 0.21067846 0.19997519]] 
Episode: 128: [[0.211799   0.18155119 0.19105661 0.21068978 0.2000986 ]] 
Episode: 129: [[0.21178836 0.1814092  0.19103122 0.2106988  0.2002424 ]] 
Episode: 130: [[0.21177456 0.18125299 0.19100463 0.21071897 0.20038244]] 
Episode: 131: [[0.21176364 0.18110633 0.19098073 0.2107359  0.20051192]] 
Episode: 132: [[0.2117516  0.18095641 0.19095743 0.21075363 0.2006421 ]] 
Episode: 133: [[0.21174821 0.18082185 0.19093755 0.21076146 0.20075978]] 
Episode: 134: [[0.21175823 0.18072146 0.19092628 0.21076621 0.20082252]] 
Episode: 135: [[0.21176311 0.18061486 0.19091283 0.21077172 0.20090026]] 
Episode: 136: [[0.21175282 0.18047422 0.19089185 0.21078004 0.20103283]] 
Episode: 137: [[0.21173939 0.1803333  0.19087045 0.21078672 0.20117392]] 
Episode: 138: [[0.21173012 0.18020546 0.19085121 0.21079239 0.20129794]] 
Episode: 139: [[0.21171556 0.18007073 0.19082858 0.21081474 0.2014128 ]] 
Episode: 140: [[0.21169443 0.17993069 0.19080485 0.21085219 0.20151655]] 
Episode: 141: [[0.2116769  0.1797967  0.19078371 0.21088499 0.20161349]] 
Episode: 142: [[0.21165921 0.17965852 0.19076195 0.21091282 0.20172317]] 
Episode: 143: [[0.2116391  0.17950869 0.19073866 0.21093602 0.20185484]] 
Episode: 144: [[0.21162769 0.17937392 0.19071993 0.21095257 0.2019658 ]] 
Episode: 145: [[0.21161817 0.17924304 0.19070238 0.21096602 0.20207429]] 
Episode: 146: [[0.21160719 0.1791084  0.1906841  0.21097663 0.20219377]] 
Episode: 147: [[0.2116117  0.17899053 0.19067241 0.21097788 0.20228146]] 
Episode: 148: [[0.21161002 0.17886098 0.19065757 0.21097694 0.20239623]] 
Episode: 149: [[0.21160787 0.17873397 0.19064191 0.21098253 0.20250085]] 
Episode: 150: [[0.2116086  0.17860483 0.19062646 0.21098712 0.20260382]] 
Episode: 151: [[0.2116055  0.17846976 0.19060948 0.21098894 0.20272413]] 
Episode: 152: [[0.2115846  0.17828868 0.19058147 0.21098535 0.20293152]] 
Episode: 153: [[0.21156435 0.17811517 0.1905535  0.21098894 0.20312113]] 
Episode: 154: [[0.21155818 0.17797251 0.1905346  0.21097454 0.2032821 ]] 
Episode: 155: [[0.21154675 0.17781584 0.19051287 0.21096158 0.2034629 ]] 
Episode: 156: [[0.21153858 0.17766526 0.19049253 0.21094882 0.20363183]] 
Episode: 157: [[0.21152535 0.17751232 0.1904701  0.21094353 0.2038015 ]] 
Episode: 158: [[0.21151781 0.17737785 0.19044997 0.21093348 0.2039551 ]] 
Episode: 159: [[0.21150021 0.17721798 0.19042473 0.21092036 0.20415479]] 
Episode: 160: [[0.21148336 0.17705537 0.19040161 0.21091518 0.20433629]] 
Episode: 161: [[0.21146142 0.17688677 0.19037694 0.21091522 0.20452319]] 
Episode: 162: [[0.21144177 0.17672053 0.1903533  0.21091464 0.20470406]] 
Episode: 163: [[0.21142632 0.17656513 0.19033203 0.21091302 0.20486893]] 
Episode: 164: [[0.2114059  0.1763973  0.19030823 0.21090996 0.20505631]] 
Episode: 165: [[0.21138136 0.17622061 0.19028287 0.21090558 0.20526052]] 
Episode: 166: [[0.21136218 0.17605738 0.19026026 0.2109     0.2054449 ]] 
Episode: 167: [[0.21134098 0.17589065 0.19023664 0.21089686 0.2056323 ]] 
Episode: 168: [[0.2113101  0.1757018  0.19020846 0.21089213 0.20585938]] 
Episode: 169: [[0.21128742 0.17552356 0.19018483 0.21088272 0.20606594]] 
Episode: 170: [[0.21127054 0.17535712 0.19016382 0.21087238 0.20625289]] 
Episode: 171: [[0.21124844 0.17517184 0.19014163 0.21087416 0.20644021]] 
Episode: 172: [[0.21123262 0.1750016  0.19012247 0.21087345 0.20660703]] 
Episode: 173: [[0.2112165  0.17482667 0.19010267 0.21086931 0.20678431]] 
Episode: 174: [[0.21120228 0.17465843 0.19008392 0.21086398 0.20695457]] 
Episode: 175: [[0.21118389 0.17447636 0.19006251 0.21085864 0.20714492]] 
Episode: 176: [[0.21117337 0.17430857 0.19004533 0.21084672 0.20731711]] 
Episode: 177: [[0.21116033 0.17413795 0.19002713 0.2108439  0.20748141]] 
Episode: 178: [[0.21115103 0.17397922 0.19001079 0.21083993 0.2076312 ]] 
Episode: 179: [[0.21113785 0.17380697 0.1899914  0.21084684 0.20778286]] 
Episode: 180: [[0.21112679 0.17363773 0.1899734  0.21085271 0.20792827]] 
Episode: 181: [[0.21111742 0.1734611  0.18996115 0.2108566  0.20806538]] 
Episode: 182: [[0.21111566 0.17330238 0.18995234 0.21085554 0.20818168]] 
Episode: 183: [[0.21112126 0.17315997 0.18994643 0.21084873 0.20828116]] 
Episode: 184: [[0.21111262 0.17301646 0.1899424  0.21086487 0.2083578 ]] 
Episode: 185: [[0.21111342 0.17288138 0.18993986 0.2108767  0.20842008]] 
Episode: 186: [[0.21111271 0.17274033 0.1899352  0.21088624 0.20849682]] 
Episode: 187: [[0.21110132 0.172583   0.189926   0.21091175 0.20858157]] 
Episode: 188: [[0.21107578 0.1724036  0.18990856 0.21096818 0.20866574]] 
Episode: 189: [[0.2110515  0.1722383  0.18988998 0.21102539 0.20874146]] 
Episode: 190: [[0.21101479 0.17205505 0.1898648  0.21111034 0.20881328]] 
Episode: 191: [[0.21098235 0.1718777  0.18984187 0.21118477 0.2088883 ]] 
Episode: 192: [[0.21096091 0.17172302 0.18982343 0.21124376 0.20895045]] 
Episode: 193: [[0.21093231 0.17154488 0.18980043 0.21131165 0.20903188]] 
Episode: 194: [[0.21091081 0.17135645 0.18977827 0.21137099 0.20912184]] 
Episode: 195: [[0.21089679 0.17118625 0.1897596  0.2114192  0.2092015 ]] 
Episode: 196: [[0.2108845  0.17101815 0.18974124 0.211461   0.2092877 ]] 
Episode: 197: [[0.21085563 0.17081572 0.18971528 0.21151398 0.20941596]] 
Episode: 198: [[0.21082895 0.1706178  0.18969022 0.2115662  0.20953777]] 
Episode: 199: [[0.21080367 0.17042051 0.18966559 0.21161038 0.20966989]] 
Episode: 200: [[0.21077897 0.17022605 0.1896405  0.21165179 0.20980534]] 
Episode: 201: [[0.2107501  0.17002432 0.18961383 0.2116885  0.20996256]] 
Episode: 202: [[0.2107247  0.16983463 0.18958229 0.21173182 0.21010819]] 
Episode: 203: [[0.21072163 0.16966498 0.1895605  0.211731   0.21026292]] 
Episode: 204: [[0.21071465 0.16949114 0.18953821 0.21173456 0.21041931]] 
Episode: 205: [[0.21071132 0.16930355 0.18952431 0.21174052 0.21055467]] 
Episode: 206: [[0.21070148 0.16911061 0.18950713 0.21175236 0.21069998]] 
Episode: 207: [[0.21068944 0.16890843 0.18948705 0.21175988 0.2108678 ]] 
Episode: 208: [[0.2106677  0.16871667 0.1894646  0.21179725 0.21099804]] 
Episode: 209: [[0.21065776 0.16854838 0.18944733 0.21182708 0.21109873]] 
Episode: 210: [[0.21064293 0.16837631 0.18942884 0.2118562  0.21121259]] 
Episode: 211: [[0.21062715 0.16818921 0.18940794 0.2118828  0.21134637]] 
Episode: 212: [[0.2106142  0.16800636 0.1893882  0.21190643 0.21147606]] 
Episode: 213: [[0.21061577 0.1678504  0.18937501 0.211919   0.2115732 ]] 
Episode: 214: [[0.2106057  0.16766982 0.18935569 0.21192634 0.211724  ]] 
Episode: 215: [[0.21060437 0.16750188 0.18934005 0.21192597 0.2118597 ]] 
Episode: 216: [[0.21060184 0.16733396 0.1893242  0.21193074 0.21198884]] 
Episode: 217: [[0.21059601 0.16715993 0.18930636 0.21193492 0.21213178]] 
Episode: 218: [[0.21061186 0.16702269 0.18929954 0.21191709 0.21223466]] 
Episode: 219: [[0.2106455  0.16690549 0.18930124 0.21187118 0.2123287 ]] 
Episode: 220: [[0.21067052 0.1667654  0.18929824 0.2118273  0.21245551]] 
Episode: 221: [[0.2106967  0.1666321  0.18929623 0.21178463 0.21257241]] 
Episode: 222: [[0.21071967 0.16649592 0.18929261 0.21174324 0.21269704]] 
Episode: 223: [[0.21074025 0.16634196 0.18928541 0.21170224 0.21284293]] 
Episode: 224: [[0.21076043 0.16619062 0.18927793 0.21166277 0.21298595]] 
Episode: 225: [[0.21076761 0.1660182  0.18926536 0.21163176 0.21315682]] 
Episode: 226: [[0.2107863  0.16586699 0.18925652 0.2115927  0.21330427]] 
Episode: 227: [[0.21081814 0.16571112 0.18925929 0.21152467 0.21345796]] 
Episode: 228: [[0.21087128 0.16559118 0.18927374 0.21144082 0.21356055]] 
Episode: 229: [[0.2109205  0.16545941 0.18928708 0.21136437 0.21366554]] 
Episode: 230: [[0.21098757 0.16527702 0.18930596 0.21128203 0.21377179]] 
Episode: 231: [[0.21104077 0.16507989 0.18931846 0.21120515 0.21391153]] 
Episode: 232: [[0.21109362 0.16489018 0.1893313  0.2111298  0.21404414]] 
Episode: 233: [[0.21113196 0.16468564 0.18933722 0.21105832 0.214215  ]] 
Episode: 234: [[0.2111563  0.16445625 0.18933618 0.21099707 0.21441856]] 
Episode: 235: [[0.21117508 0.16423279 0.18933281 0.2109395  0.2146257 ]] 
Episode: 236: [[0.21119401 0.16401893 0.18933028 0.21088682 0.21481691]] 
Episode: 237: [[0.21120225 0.16379629 0.18932259 0.21083605 0.21503669]] 
Episode: 238: [[0.21121052 0.16358125 0.18931396 0.21078739 0.21525069]] 
Episode: 239: [[0.21118827 0.16331008 0.1892846  0.21081461 0.21546015]] 
Episode: 240: [[0.21116866 0.16304415 0.18925688 0.21083376 0.2156727 ]] 
Episode: 241: [[0.21114723 0.1627765  0.18922868 0.21084619 0.21590112]] 
Episode: 242: [[0.21111889 0.16249304 0.18919379 0.21086247 0.21615717]] 
Episode: 243: [[0.21109648 0.16219716 0.1891668  0.21087658 0.21639755]] 
Episode: 244: [[0.21105677 0.16188413 0.18912491 0.21091764 0.21666098]] 
Episode: 245: [[0.21100812 0.16155507 0.18908024 0.2109485  0.21696918]] 
Episode: 246: [[0.21094945 0.16120252 0.18902898 0.21096957 0.2173354 ]] 
Episode: 247: [[0.21089181 0.16085906 0.1889789  0.21098727 0.2176978 ]] 
Episode: 248: [[0.2108339  0.16051224 0.18892689 0.21100874 0.21806052]] 
Episode: 249: [[0.2107802  0.16017747 0.1888776  0.21102646 0.2184105 ]] 
Episode: 250: [[0.2107392  0.15980801 0.18883282 0.21102227 0.21878886]] 
Episode: 251: [[0.21070641 0.15946239 0.18879417 0.21101283 0.2191369 ]] 
Episode: 252: [[0.21068168 0.15913485 0.18876188 0.21099848 0.21945707]] 
Episode: 253: [[0.21070012 0.15880424 0.1887552  0.2109181  0.2197711 ]] 
Episode: 254: [[0.21075314 0.15853085 0.18877402 0.210799   0.22001082]] 
Episode: 255: [[0.21079305 0.15825391 0.18878277 0.21069199 0.22027336]] 
Episode: 256: [[0.21081384 0.15799484 0.1887735  0.21060847 0.22055379]] 
Episode: 257: [[0.21085802 0.15778713 0.18878165 0.21051513 0.22074886]] 
Episode: 258: [[0.21089064 0.15756755 0.18878618 0.21043502 0.22095284]] 
Episode: 259: [[0.21091723 0.15732488 0.1887938  0.21034974 0.22117981]] 
Episode: 260: [[0.2109329  0.15696421 0.18881524 0.2102949  0.22140893]] 
Episode: 261: [[0.21097496 0.15666966 0.18885346 0.21022652 0.22154759]] 
Episode: 262: [[0.21106501 0.1563719  0.18892077 0.21008588 0.22167659]] 
Episode: 263: [[0.21113648 0.15606245 0.1889764  0.2099606  0.2218389 ]] 
Episode: 264: [[0.21119541 0.15571098 0.18903105 0.20984797 0.22202416]] 
Episode: 265: [[0.21126606 0.15534219 0.18910241 0.20971662 0.22219674]] 
Episode: 266: [[0.21135895 0.15501311 0.18919939 0.20955655 0.22230524]] 
Episode: 267: [[0.21149433 0.15465532 0.1893427  0.20933326 0.22237255]] 
Episode: 268: [[0.21167164 0.15436955 0.18953943 0.20910808 0.22222398]] 
Episode: 269: [[0.21162124 0.15433548 0.1894671  0.20918728 0.2223419 ]] 
Episode: 270: [[0.21172471 0.153853   0.18957171 0.20906824 0.22246496]] 
Episode: 271: [[0.21258754 0.1527109  0.190236   0.20810214 0.22351438]] 
Episode: 272: [[0.21379597 0.15122126 0.19138077 0.20672922 0.22494926]] 
Episode: 273: [[0.21495555 0.1497914  0.19246458 0.20551828 0.22623706]] 
Episode: 274: [[0.2147165  0.14868863 0.19352539 0.20469719 0.22762445]] 
Episode: 275: [[0.21398473 0.14753637 0.19450872 0.20383511 0.22927748]] 
Episode: 276: [[0.21271513 0.14739707 0.1957865  0.20402135 0.23055227]] 
Episode: 277: [[0.21113932 0.14810915 0.19736764 0.20462342 0.23203474]] 
Episode: 278: [[0.2093847  0.14902376 0.19898655 0.2055792  0.2330139 ]] 
Episode: 279: [[0.20757139 0.14991683 0.20051976 0.20658584 0.23407082]] 
Episode: 280: [[0.20561115 0.15112907 0.20228197 0.20739289 0.23548555]] 
Episode: 281: [[0.20371972 0.15215388 0.2039312  0.20819235 0.23693818]] 
Episode: 282: [[0.20190918 0.15297513 0.20521687 0.20910273 0.23849371]] 
Episode: 283: [[0.20029224 0.15354556 0.2063937  0.20998947 0.23999542]] 
Episode: 284: [[0.1986948  0.15398791 0.2074749  0.21086664 0.24156387]] 
Episode: 285: [[0.19721514 0.15421721 0.2083984  0.21173342 0.24318531]] 
Episode: 286: [[0.19583228 0.15427423 0.20938186 0.21240523 0.24483304]] 
Episode: 287: [[0.19441639 0.15427056 0.21026787 0.21312805 0.246532  ]] 
Episode: 288: [[0.19321786 0.15412784 0.21117549 0.21384412 0.24796501]] 
Episode: 289: [[0.19180618 0.15440701 0.21207447 0.21459939 0.24925546]] 
Episode: 290: [[0.19043042 0.15465978 0.21290958 0.21519    0.2506206 ]] 
Episode: 291: [[0.18900302 0.15495585 0.21372934 0.21589768 0.25190467]] 
Episode: 292: [[0.18738246 0.15573314 0.2135472  0.21710658 0.25349116]] 
Episode: 293: [[0.1864294  0.15587272 0.2129712  0.21741158 0.2552865 ]] 
Episode: 294: [[0.18600544 0.15553857 0.21194538 0.21711802 0.2562388 ]] 
Episode: 295: [[0.18528076 0.1556767  0.21164316 0.2173626  0.2574781 ]] 
Episode: 296: [[0.18431327 0.15540142 0.21092534 0.21712062 0.25893524]] 
Episode: 297: [[0.183811   0.15479656 0.21076326 0.21650404 0.25976884]] 
Episode: 298: [[0.18305843 0.15445398 0.2108622  0.2163714  0.2608192 ]] 
Episode: 299: [[0.18209882 0.15450864 0.21134402 0.21662657 0.26207614]] 
Episode: 300: [[0.18156055 0.15422232 0.2121297  0.21649468 0.26281255]] 
Episode: 301: [[0.18096219 0.15402225 0.21288508 0.21642101 0.2634638 ]] 
Episode: 302: [[0.18036297 0.15388742 0.2135578  0.216362   0.26407486]] 
Episode: 303: [[0.18012682 0.15345001 0.21377456 0.21664752 0.26493183]] 
Episode: 304: [[0.17964214 0.15337981 0.21430326 0.21721725 0.26535627]] 
Episode: 305: [[0.17948848 0.15301989 0.21443123 0.2174001  0.2660309 ]] 
Episode: 306: [[0.17908989 0.1529956  0.21485801 0.21785972 0.26632208]] 
Episode: 307: [[0.17899728 0.15325546 0.21492378 0.21796918 0.2662891 ]] 
Episode: 308: [[0.1791674  0.15320955 0.21468598 0.21778223 0.2659814 ]] 
Episode: 309: [[0.17921233 0.15312484 0.21452987 0.21771702 0.26571158]] 
Episode: 310: [[0.17914361 0.15303966 0.21443337 0.21773228 0.26548404]] 
Episode: 311: [[0.1788382  0.1532321  0.21463582 0.21801981 0.26501247]] 
Episode: 312: [[0.17832902 0.15366162 0.21509147 0.21853903 0.2643335 ]] 
Episode: 313: [[0.17764445 0.1539367  0.21576184 0.21925554 0.26398984]] 
Episode: 314: [[0.17697406 0.15414535 0.21639965 0.21996248 0.26368478]] 
Episode: 315: [[0.17632142 0.15430436 0.21697198 0.22062252 0.26347283]] 
Episode: 316: [[0.1756001  0.15446247 0.21747446 0.2212636  0.26338628]] 
Episode: 317: [[0.1747327  0.15434647 0.21764961 0.22208264 0.26356357]] 
Episode: 318: [[0.17393678 0.15421736 0.2178249  0.22285041 0.2637172 ]] 
Episode: 319: [[0.17300661 0.15435359 0.21823874 0.22377641 0.26410088]] 
Episode: 320: [[0.17240621 0.15422897 0.21834882 0.22434749 0.26468238]] 
Episode: 321: [[0.17176871 0.15414728 0.21846616 0.22489485 0.26523387]] 
Episode: 322: [[0.17110944 0.15404214 0.21858658 0.22545108 0.26577947]] 
Episode: 323: [[0.17074408 0.15370888 0.21844327 0.22570124 0.26649997]] 
Episode: 324: [[0.17038848 0.15339284 0.21834172 0.22595516 0.26713905]] 
Episode: 325: [[0.1700586  0.15308739 0.21827252 0.22621374 0.26769477]] 
Episode: 326: [[0.16982971 0.15280253 0.2181692  0.22638437 0.26823163]] 
Episode: 327: [[0.16941108 0.15256354 0.2181972  0.22668074 0.2687357 ]] 
Episode: 328: [[0.16887538 0.1523889  0.21825746 0.22700578 0.26923934]] 
Episode: 329: [[0.1686113  0.15199691 0.21855539 0.2270573  0.2694477 ]] 
Episode: 330: [[0.1683319  0.15163071 0.21884184 0.22713995 0.26964116]] 
Episode: 331: [[0.16815497 0.1512233  0.21898788 0.22711308 0.27001363]] 
Episode: 332: [[0.16790634 0.15086119 0.219132   0.22712436 0.27039626]] 
Episode: 333: [[0.16757628 0.15053433 0.21931313 0.22719213 0.27075428]] 
Episode: 334: [[0.16727006 0.1502015  0.21947844 0.22728465 0.27109104]] 
Episode: 335: [[0.16689876 0.14993319 0.2196555  0.22739129 0.271421  ]] 
Episode: 336: [[0.16639712 0.14970021 0.21984088 0.22755635 0.2718074 ]] 
Episode: 337: [[0.16574593 0.14968315 0.22024606 0.22793463 0.2723798 ]] 
Episode: 338: [[0.16506267 0.14969908 0.22066236 0.2283171  0.27288538]] 
Episode: 339: [[0.16465855 0.14968342 0.2209403  0.22842678 0.2731834 ]] 
Episode: 340: [[0.16428435 0.14966826 0.22119652 0.2285343  0.2734503 ]] 
Episode: 341: [[0.16375123 0.14970803 0.22145824 0.22867931 0.27383742]] 
Episode: 342: [[0.16323864 0.14975432 0.22169746 0.22881433 0.27420565]] 
Episode: 343: [[0.16298139 0.14956053 0.2216707  0.22870797 0.27475682]] 
Episode: 344: [[0.16266343 0.14939667 0.22174893 0.22872335 0.27513197]] 
Episode: 345: [[0.1623286  0.1492351  0.22184527 0.22877662 0.27547458]] 
Episode: 346: [[0.16200379 0.1490739  0.2219482  0.22885077 0.27578312]] 
Episode: 347: [[0.16166249 0.14892933 0.22204928 0.22893855 0.27608702]] 
Episode: 348: [[0.1615555  0.14856927 0.22237319 0.229239   0.27613425]] 
Episode: 349: [[0.16126604 0.14802225 0.2224292  0.22972462 0.27639478]] 
Episode: 350: [[0.16085456 0.14759754 0.22251986 0.23019841 0.27666363]] 
Episode: 351: [[0.16054209 0.14717498 0.22258547 0.23060049 0.27691847]] 
Episode: 352: [[0.1602806  0.14679208 0.222645   0.23097275 0.27711698]] 
Episode: 353: [[0.15990159 0.14642498 0.22271094 0.23142569 0.27735177]] 
Episode: 354: [[0.15950093 0.14611602 0.2227772  0.23184203 0.27759576]] 
Episode: 355: [[0.15908726 0.1458479  0.22286901 0.23224105 0.27781203]] 
Episode: 356: [[0.15869725 0.14560382 0.2229559  0.23260385 0.27802184]] 
Episode: 357: [[0.15837817 0.14537287 0.22307763 0.23292719 0.27814674]] 
Episode: 358: [[0.15802932 0.14516863 0.22318676 0.23323971 0.27830544]] 
Episode: 359: [[0.15770248 0.14498805 0.22328402 0.23352025 0.27846152]] 
Episode: 360: [[0.15734528 0.14483513 0.22337656 0.2337929  0.27864045]] 
Episode: 361: [[0.15693116 0.14474168 0.22350107 0.23404408 0.27882195]] 
Episode: 362: [[0.15652752 0.14467378 0.22362538 0.23427893 0.27898505]] 
Episode: 363: [[0.15613462 0.14461397 0.22374175 0.23448701 0.27916372]] 
Episode: 364: [[0.1557128  0.14458115 0.22387002 0.23468539 0.2793501 ]] 
Episode: 365: [[0.1553233  0.14455926 0.223998   0.23486067 0.27951327]] 
Episode: 366: [[0.15498224 0.14452285 0.22414137 0.23502566 0.27963123]] 
Episode: 367: [[0.15465552 0.14447454 0.22427092 0.23519725 0.27975145]] 
Episode: 368: [[0.15434492 0.14442171 0.22438753 0.23534906 0.27989018]] 
Episode: 369: [[0.15403864 0.1443811  0.2245148  0.23550196 0.28000188]] 
Episode: 370: [[0.15375432 0.14436164 0.22464587 0.23563711 0.28008285]] 
Episode: 371: [[0.15347497 0.14434063 0.22476386 0.23576678 0.28017804]] 
Episode: 372: [[0.15320006 0.14432524 0.2248632  0.23588316 0.28029418]] 
Episode: 373: [[0.15292603 0.14430974 0.22494975 0.23598628 0.28043517]] 
Episode: 374: [[0.15265036 0.14429449 0.2250383  0.23608634 0.28057945]] 
Episode: 375: [[0.15238267 0.14426842 0.22513968 0.23621038 0.28068924]] 
Episode: 376: [[0.15211804 0.14427173 0.22524531 0.23632109 0.28077713]] 
Episode: 377: [[0.15182644 0.1442857  0.22535259 0.23643373 0.28088295]] 
Episode: 378: [[0.15151033 0.14430687 0.22546293 0.23656158 0.28099263]] 
Episode: 379: [[0.15116702 0.14435849 0.22558762 0.2366966  0.2810845 ]] 
Episode: 380: [[0.15080066 0.14442281 0.22570209 0.23684394 0.28118882]] 
Episode: 381: [[0.1504475  0.14446442 0.22579785 0.23699792 0.28131086]] 
Episode: 382: [[0.15009819 0.14449824 0.2258839  0.23715077 0.28144643]] 
Episode: 383: [[0.14974715 0.1445287  0.22596249 0.23731025 0.28158796]] 
Episode: 384: [[0.14933772 0.14457586 0.22604857 0.2374893  0.2817557 ]] 
Episode: 385: [[0.14895843 0.14461619 0.22611794 0.23764999 0.28192925]] 
Episode: 386: [[0.14861482 0.14464389 0.22617094 0.23780543 0.28209436]] 
Episode: 387: [[0.14830057 0.14465822 0.22620672 0.23796149 0.28225395]] 
Episode: 388: [[0.14800514 0.1446739  0.22624229 0.23810121 0.28240708]] 
Episode: 389: [[0.14772074 0.14469576 0.2262729  0.2382264  0.28256083]] 
Episode: 390: [[0.14743048 0.14470781 0.22632535 0.23836224 0.28269964]] 
Episode: 391: [[0.14707519 0.14472818 0.22637099 0.23852566 0.28288567]] 
Episode: 392: [[0.14672899 0.14473584 0.22644794 0.23867446 0.28305843]] 
Episode: 393: [[0.14640908 0.1447477  0.22651948 0.23879972 0.28322533]] 
Episode: 394: [[0.14611277 0.14476204 0.22658284 0.23891933 0.2833759 ]] 
Episode: 395: [[0.14584203 0.14478122 0.22664687 0.2390211  0.28350937]] 
Episode: 396: [[0.14557074 0.14479272 0.22669594 0.23912394 0.28366387]] 
Episode: 397: [[0.145325   0.14477767 0.22672832 0.23922032 0.28383616]] 
Episode: 398: [[0.1450859  0.1447662  0.22675882 0.23930089 0.2840149 ]] 
Episode: 399: [[0.1448676  0.14474703 0.2267775  0.23937808 0.28419137]] 
Episode: 400: [[0.14466733 0.1447312  0.22678538 0.23944059 0.28436854]] 
Episode: 401: [[0.14446104 0.1447406  0.2268029  0.23949762 0.28452516]] 
Episode: 402: [[0.14421125 0.14472103 0.2268234  0.23958871 0.2847232 ]] 
Episode: 403: [[0.1438819  0.14471862 0.22684845 0.23969874 0.2849749 ]] 
Episode: 404: [[0.14353205 0.14471962 0.22686934 0.23981479 0.2852453 ]] 
Episode: 405: [[0.14319986 0.1447479  0.22690567 0.23991953 0.28546605]] 
Episode: 406: [[0.14290491 0.14475566 0.22693622 0.24003734 0.28565547]] 
Episode: 407: [[0.14260823 0.14474621 0.22694494 0.24018277 0.28585628]] 
Episode: 408: [[0.14237674 0.14472498 0.22699271 0.24032459 0.28595945]] 
Episode: 409: [[0.14216514 0.14469662 0.22702791 0.24045785 0.28606656]] 
Episode: 410: [[0.14194754 0.14469254 0.22706641 0.2405728  0.28617275]] 
Episode: 411: [[0.14171505 0.14463545 0.22715491 0.24073613 0.28625154]] 
Episode: 412: [[0.14148493 0.14460199 0.22724795 0.24089028 0.2863101 ]] 
Episode: 413: [[0.14131162 0.14454725 0.22738133 0.2410323  0.28629714]] 
Episode: 414: [[0.14112912 0.14451988 0.22750762 0.2411673  0.28628254]] 
Episode: 415: [[0.1409701  0.14449437 0.2276352  0.24129198 0.28624797]] 
Episode: 416: [[0.14085163 0.14446905 0.22770523 0.24145755 0.28617957]] 
Episode: 417: [[0.14072645 0.14447305 0.22778872 0.24161495 0.2860867 ]] 
Episode: 418: [[0.14060025 0.14448376 0.22787118 0.24175908 0.28600278]] 
Episode: 419: [[0.14045733 0.14451137 0.22795019 0.24189056 0.28593805]] 
Episode: 420: [[0.14033675 0.14447287 0.22791511 0.24205068 0.28598845]] 
Episode: 421: [[0.14021987 0.14444456 0.2278633  0.24219902 0.28605226]] 
Episode: 422: [[0.14010482 0.14443114 0.22781949 0.24233879 0.28610086]] 
Episode: 423: [[0.14000537 0.14442544 0.22777872 0.24246308 0.2861366 ]] 
Episode: 424: [[0.14002639 0.14445841 0.22774482 0.24250963 0.28606707]] 
Episode: 425: [[0.14002433 0.14448804 0.22772558 0.2425575  0.28601235]] 
Episode: 426: [[0.13997962 0.14452621 0.227717   0.24262266 0.2859719 ]] 
Episode: 427: [[0.13992618 0.14456649 0.22770746 0.2426944  0.28593397]] 
Episode: 428: [[0.13987201 0.14461079 0.22767454 0.2427622  0.28591883]] 
Episode: 429: [[0.13980205 0.14464821 0.2276184  0.2428307  0.28594944]] 
Episode: 430: [[0.13969743 0.14470778 0.22757034 0.24290475 0.28598627]] 
Episode: 431: [[0.13952577 0.14476936 0.22756097 0.24299195 0.28604996]] 
Episode: 432: [[0.13935223 0.14483632 0.22755569 0.24307376 0.28611225]] 
Episode: 433: [[0.13922885 0.14489952 0.22753665 0.24312957 0.2861585 ]] 
Episode: 434: [[0.13914189 0.14487572 0.22753626 0.24319519 0.28621742]] 
Episode: 435: [[0.13901743 0.14485702 0.22754487 0.24327374 0.2862939 ]] 
Episode: 436: [[0.13891013 0.1448141  0.22755224 0.24335301 0.28637376]] 
Episode: 437: [[0.13863735 0.14478025 0.22754675 0.2435198  0.28656438]] 
Episode: 438: [[0.13835573 0.14475304 0.22752662 0.24368279 0.2867764 ]] 
Episode: 439: [[0.13807128 0.14471905 0.2275212  0.2438475  0.28698277]] 
Episode: 440: [[0.13781507 0.14468226 0.22750299 0.24399969 0.28718308]] 
Episode: 441: [[0.1375595  0.14461301 0.22751358 0.24416125 0.28737715]] 
Episode: 442: [[0.13730338 0.14454484 0.22751632 0.24431804 0.2875828 ]] 
Episode: 443: [[0.13702007 0.1444863  0.22752036 0.24447666 0.2878083 ]] 
Episode: 444: [[0.13675821 0.14443101 0.22752748 0.24461935 0.28801847]] 
Episode: 445: [[0.13652116 0.14436878 0.22752443 0.24475157 0.28822598]] 
Episode: 446: [[0.13632022 0.14433143 0.22751167 0.24485402 0.28840637]] 
Episode: 447: [[0.13612482 0.1442621  0.22753862 0.24497314 0.28855702]] 
Episode: 448: [[0.13594744 0.14417048 0.22755289 0.24508753 0.288724  ]] 
Episode: 449: [[0.13577457 0.14409205 0.22755295 0.24518909 0.28889912]] 
Episode: 450: [[0.13563003 0.14399081 0.22755334 0.24528182 0.28907102]] 
Episode: 451: [[0.13548721 0.14390072 0.22755103 0.2453668  0.28924057]] 
Episode: 452: [[0.13537306 0.14377871 0.22752874 0.24547058 0.28940684]] 
Episode: 453: [[0.13526191 0.14367063 0.2275037  0.24556564 0.28956762]] 
Episode: 454: [[0.13517426 0.14358743 0.22749282 0.24564707 0.2896779 ]] 
Episode: 455: [[0.13510911 0.14346254 0.22748335 0.24574675 0.28978196]] 
Episode: 456: [[0.13506967 0.1433332  0.22745658 0.245835   0.28988755]] 
Episode: 457: [[0.13502832 0.14323647 0.22743969 0.24590497 0.28997353]] 
Episode: 458: [[0.13498299 0.14317009 0.22743624 0.24596088 0.29003698]] 
Episode: 459: [[0.13492703 0.14312547 0.22745763 0.24601148 0.29007447]] 
Episode: 460: [[0.1348776  0.1430941  0.22746834 0.2460499  0.29011384]] 
Episode: 461: [[0.13482545 0.14303653 0.22749421 0.24608979 0.29016545]] 
Episode: 462: [[0.13478568 0.14297706 0.2275256  0.24611974 0.29020905]] 
Episode: 463: [[0.13473596 0.14288007 0.22755773 0.24617818 0.29027086]] 
Episode: 464: [[0.13468848 0.14278546 0.22757585 0.24623138 0.29034597]] 
Episode: 465: [[0.1346538  0.14266716 0.22758064 0.24629356 0.29043204]] 
Episode: 466: [[0.13459688 0.14254005 0.2276036  0.24637349 0.290518  ]] 
Episode: 467: [[0.13454199 0.14241439 0.22763266 0.24645518 0.29059282]] 
Episode: 468: [[0.13448995 0.14226106 0.22765617 0.24654275 0.29068974]] 
Episode: 469: [[0.13446233 0.14205018 0.2276881  0.24666047 0.29077518]] 
Episode: 470: [[0.13443372 0.14185113 0.22771306 0.24676943 0.2908657 ]] 
Episode: 471: [[0.1343792  0.14168893 0.22773954 0.24687524 0.29095337]] 
Episode: 472: [[0.13432582 0.14155443 0.22777425 0.24696946 0.2910174 ]] 
Episode: 473: [[0.13426143 0.14143832 0.22781645 0.24706566 0.29106808]] 
Episode: 474: [[0.13418402 0.14132778 0.22784393 0.2471651  0.29113913]] 
Episode: 475: [[0.13409545 0.1412294  0.22786415 0.24725151 0.29123122]] 
Episode: 476: [[0.13400476 0.14111592 0.22788538 0.2473408  0.29133624]] 
Episode: 477: [[0.13391186 0.14100233 0.22789222 0.24742581 0.29146144]] 
Episode: 478: [[0.13383251 0.14087728 0.2278766  0.24751483 0.29159856]] 
Episode: 479: [[0.13375679 0.14074418 0.22788098 0.24760766 0.29171675]] 
Episode: 480: [[0.1336656  0.14062251 0.22788389 0.24770507 0.29183903]] 
Episode: 481: [[0.13358252 0.14048876 0.22788547 0.24780485 0.2919622 ]] 
Episode: 482: [[0.13351458 0.14035937 0.22789271 0.24790096 0.29206198]] 
Episode: 483: [[0.13336278 0.1403195  0.227942   0.24802226 0.29211175]] 
Episode: 484: [[0.13322884 0.1402552  0.22803438 0.2481423  0.29212496]] 
Episode: 485: [[0.13306715 0.14021888 0.22810943 0.24825256 0.29216987]] 
Episode: 486: [[0.13292563 0.14017236 0.2281792  0.24836224 0.29220632]] 
Episode: 487: [[0.13279127 0.14013936 0.22825804 0.24846418 0.29222092]] 
Episode: 488: [[0.13245268 0.140188   0.22843751 0.24879889 0.29248792]] 
Episode: 489: [[0.13207136 0.14026643 0.22857243 0.24912772 0.29278305]] 
Episode: 490: [[0.13168661 0.14033148 0.22870529 0.24945572 0.29306078]] 
Episode: 491: [[0.13130921 0.14034314 0.2287905  0.2497046  0.29346478]] 
Episode: 492: [[0.13096526 0.14034882 0.22889952 0.24994515 0.2937925 ]] 
Episode: 493: [[0.13068844 0.14031969 0.22896391 0.25019354 0.29408112]] 
Episode: 494: [[0.13044804 0.14027953 0.22903392 0.25042656 0.29432374]] 
Episode: 495: [[0.13021217 0.14025012 0.22908127 0.250639   0.29457024]] 
Episode: 496: [[0.1300201  0.14019094 0.2291198  0.25083053 0.29480255]] 
Episode: 497: [[0.12983623 0.1401302  0.22918381 0.2510108  0.29499704]] 
Episode: 498: [[0.12965612 0.14007539 0.22924988 0.25118232 0.2951726 ]] 
Episode: 499: [[0.12947659 0.1400339  0.2293239  0.25134313 0.29532418]] 
Episode: 500: [[0.12930895 0.14002898 0.2294143  0.2514488  0.29545417]] 
Episode: 501: [[0.12913857 0.14005257 0.22949514 0.25153604 0.29557618]] 
Episode: 502: [[0.12895754 0.1400856  0.22957502 0.25162327 0.29569227]] 
Episode: 503: [[0.12878788 0.14011468 0.22964703 0.25170386 0.29580307]] 
Episode: 504: [[0.12858373 0.14015281 0.22972369 0.251815   0.29590306]] 
Episode: 505: [[0.12839276 0.14023696 0.2298078  0.25190273 0.29595372]] 
Episode: 506: [[0.12817787 0.1403283  0.22988868 0.25201333 0.29599926]] 
Episode: 507: [[0.12798406 0.14039148 0.2299436  0.25212118 0.29606646]] 
Episode: 508: [[0.12781051 0.14045256 0.23000494 0.25221768 0.29611185]] 
Episode: 509: [[0.12766835 0.1404853  0.23008014 0.2523066  0.29613683]] 
Episode: 510: [[0.12751684 0.14053115 0.23016535 0.2523894  0.29615292]] 
Episode: 511: [[0.12736967 0.14057995 0.23025613 0.25247037 0.29615387]] 
Episode: 512: [[0.12724486 0.14063653 0.23034348 0.25253302 0.2961391 ]] 
Episode: 513: [[0.12713681 0.14068462 0.23042606 0.25258827 0.296121  ]] 
Episode: 514: [[0.12702048 0.14074564 0.23051    0.2526339  0.29610568]] 
Episode: 515: [[0.12688793 0.1407858  0.2305769  0.2526911  0.29612988]] 
Episode: 516: [[0.12675573 0.14079668 0.23056419 0.2527915  0.2962084 ]] 
Episode: 517: [[0.1266298  0.14079434 0.23055252 0.2528896  0.296291  ]] 
Episode: 518: [[0.12650628 0.14077415 0.23055112 0.25299227 0.29637152]] 
Episode: 519: [[0.12637831 0.14075637 0.23054901 0.25308213 0.2964663 ]] 
Episode: 520: [[0.12626874 0.14073104 0.23055954 0.25316405 0.2965414 ]] 
Episode: 521: [[0.12617451 0.14070812 0.23056029 0.25322497 0.29662445]] 
Episode: 522: [[0.1260706  0.14067575 0.23054099 0.25329834 0.29673216]] 
Episode: 523: [[0.12596849 0.14064538 0.23052508 0.25338167 0.296822  ]] 
Episode: 524: [[0.12586595 0.14062713 0.23049662 0.2534615  0.29691496]] 
Episode: 525: [[0.12575549 0.14061213 0.23047096 0.25353804 0.2970138 ]] 
Episode: 526: [[0.12566929 0.14056331 0.2304397  0.25361857 0.2971161 ]] 
Episode: 527: [[0.1255992  0.14050978 0.23039573 0.25367582 0.2972375 ]] 
Episode: 528: [[0.125549   0.14042808 0.23033993 0.2537356  0.29736954]] 
Episode: 529: [[0.12551346 0.14034899 0.23029898 0.25378922 0.29747415]] 
Episode: 530: [[0.12525514 0.14056106 0.23026676 0.25410435 0.29782718]] 
Episode: 531: [[0.12500414 0.14074212 0.23023859 0.2544066  0.29815698]] 
Episode: 532: [[0.12475753 0.14090842 0.2302301  0.25469765 0.29844144]] 
Episode: 533: [[0.12451247 0.14103495 0.23019606 0.2549818  0.29874763]] 
Episode: 534: [[0.12422808 0.14116746 0.23015536 0.2552626  0.2990644 ]] 
Episode: 535: [[0.12393359 0.14131175 0.23013149 0.25553402 0.29934165]] 
Episode: 536: [[0.1236503  0.14144066 0.23011014 0.25578988 0.29960197]] 
Episode: 537: [[0.12340342 0.14153963 0.230124   0.25602338 0.29981035]] 
Episode: 538: [[0.12317223 0.1416154  0.23014353 0.25624898 0.29999945]] 
Episode: 539: [[0.12294843 0.14168094 0.23016483 0.2564701  0.30016953]] 
Episode: 540: [[0.12272505 0.14178312 0.23022139 0.25667202 0.30027193]] 
Episode: 541: [[0.12252769 0.14186639 0.23028462 0.25685498 0.30035588]] 
Episode: 542: [[0.12235275 0.1419381  0.23037393 0.25703314 0.30038944]] 
Episode: 543: [[0.12218606 0.14205715 0.23046805 0.257188   0.3003732 ]] 
Episode: 544: [[0.12203374 0.14216524 0.23057373 0.25732613 0.30034298]] 
Episode: 545: [[0.12189453 0.14224882 0.2306593  0.25745344 0.30033657]] 
Episode: 546: [[0.12176486 0.14232163 0.23074533 0.2575676  0.30033055]] 
Episode: 547: [[0.12165229 0.14235692 0.23084688 0.25768158 0.30031598]] 
Episode: 548: [[0.12154026 0.14240785 0.23096119 0.2577828  0.30027846]] 
Episode: 549: [[0.12143239 0.14245455 0.23107055 0.2578758  0.30024445]] 
Episode: 550: [[0.12137367 0.1424297  0.23115948 0.2579712  0.30022877]] 
Episode: 551: [[0.12130647 0.14241089 0.23125312 0.2580663  0.3002068 ]] 
Episode: 552: [[0.12124621 0.14239608 0.23134297 0.25814772 0.30018398]] 
Episode: 553: [[0.12122101 0.14235811 0.23140293 0.25822458 0.3001681 ]] 
Episode: 554: [[0.12119264 0.1423191  0.23144688 0.25829828 0.30016938]] 
Episode: 555: [[0.12117698 0.14226551 0.23148264 0.25837448 0.30017012]] 
Episode: 556: [[0.12113219 0.14221902 0.2314849  0.2584578  0.3002168 ]] 
Episode: 557: [[0.12107299 0.14217614 0.23149167 0.2585459  0.30026457]] 
Episode: 558: [[0.12103015 0.14209212 0.23148167 0.2586553  0.30032265]] 
Episode: 559: [[0.12099031 0.14200939 0.23146111 0.25876424 0.30038318]] 
Episode: 560: [[0.12094294 0.14196332 0.2314677  0.2588582  0.30040628]] 
Episode: 561: [[0.12087733 0.14190501 0.23146999 0.25897655 0.30043945]] 
Episode: 562: [[0.12080998 0.14182575 0.2314422  0.25909784 0.3005158 ]] 
Episode: 563: [[0.120743   0.14175233 0.23140259 0.2592202  0.30059397]] 
Episode: 564: [[0.12066225 0.14169541 0.2313701  0.25934047 0.30066675]] 
Episode: 565: [[0.12057524 0.14167015 0.23134495 0.25944218 0.30072743]] 
Episode: 566: [[0.12052021 0.14161384 0.2313214  0.2595381  0.30078292]] 
Episode: 567: [[0.12046315 0.14155303 0.23130524 0.25962436 0.30084646]] 
Episode: 568: [[0.12039717 0.14150979 0.2313028  0.2597009  0.30090013]] 
Episode: 569: [[0.12032761 0.14143917 0.23128363 0.25977913 0.30099538]] 
Episode: 570: [[0.12027834 0.14138572 0.23126273 0.25984672 0.3010625 ]] 
Episode: 571: [[0.12025784 0.14135054 0.23126411 0.25988656 0.301086  ]] 
Episode: 572: [[0.12021845 0.14131498 0.23125201 0.25993067 0.30113864]] 
Episode: 573: [[0.12019174 0.14127512 0.23125438 0.25997728 0.30116475]] 
Episode: 574: [[0.12016213 0.14122169 0.2312399  0.26002923 0.30121595]] 
Episode: 575: [[0.12012455 0.14117707 0.23123398 0.2600779  0.30126315]] 
Episode: 576: [[0.12004517 0.14102347 0.23131928 0.26018628 0.30131957]] 
Episode: 577: [[0.11996021 0.14087324 0.23140436 0.2602943  0.3013794 ]] 
Episode: 578: [[0.11986732 0.14073396 0.23147322 0.26040268 0.3014519 ]] 
Episode: 579: [[0.1197392  0.14066897 0.23152837 0.26049814 0.30152053]] 
Episode: 580: [[0.11959603 0.14063694 0.23159377 0.26059315 0.30156693]] 
Episode: 581: [[0.11945017 0.14062282 0.23165512 0.26067945 0.3016116 ]] 
Episode: 582: [[0.11932958 0.14060593 0.23172842 0.26075146 0.3016328 ]] 
Episode: 583: [[0.11920994 0.14059635 0.2318065  0.260818   0.30164692]] 
Episode: 584: [[0.11909795 0.1405872  0.23189475 0.26088798 0.3016393 ]] 
Episode: 585: [[0.11900177 0.1405675  0.23198125 0.26095733 0.30162525]] 
Episode: 586: [[0.11892914 0.14053006 0.232067   0.26102757 0.30160028]] 
Episode: 587: [[0.11887053 0.14049123 0.23214939 0.26109734 0.30156383]] 
Episode: 588: [[0.11881228 0.14045776 0.23223567 0.26116556 0.3015199 ]] 
Episode: 589: [[0.1187529  0.14040425 0.23228759 0.26123208 0.30152795]] 
Episode: 590: [[0.11869549 0.14032435 0.23230894 0.2613078  0.30157638]] 
Episode: 591: [[0.11863521 0.14025462 0.23230639 0.26138878 0.3016348 ]] 
Episode: 592: [[0.11856955 0.14018418 0.23230074 0.26146922 0.30170318]] 
Episode: 593: [[0.11850278 0.14011107 0.23229286 0.2615468  0.30178002]] 
Episode: 594: [[0.11844048 0.14005618 0.23228773 0.26161832 0.30183822]] 
Episode: 595: [[0.11838743 0.13999735 0.23227301 0.26167965 0.30190778]] 
Episode: 596: [[0.1183477  0.13991779 0.23226666 0.26174042 0.3019743 ]] 
Episode: 597: [[0.118255   0.13985142 0.23224811 0.26183534 0.30206707]] 
Episode: 598: [[0.11816636 0.13978814 0.23224616 0.261928   0.3021397 ]] 
Episode: 599: [[0.11808055 0.1397395  0.23225774 0.26201177 0.30219206]] 
Episode: 600: [[0.11800712 0.1397084  0.2323062  0.262076   0.30220005]] 
Episode: 601: [[0.11793955 0.13967709 0.23235308 0.26213834 0.3022047 ]] 
Episode: 602: [[0.1178632  0.13965341 0.23239462 0.2621966  0.302221  ]] 
Episode: 603: [[0.11778563 0.13963482 0.2324395  0.2622476  0.30223808]] 
Episode: 604: [[0.11771617 0.13960765 0.23248631 0.26230317 0.30224755]] 
Episode: 605: [[0.11766223 0.13955286 0.23250382 0.26236293 0.30228683]] 
Episode: 606: [[0.11761618 0.13950276 0.23252729 0.26241466 0.30231518]] 
Episode: 607: [[0.11757807 0.13944657 0.23255087 0.26246846 0.30233794]] 
Episode: 608: [[0.11756803 0.1393686  0.23256713 0.262518   0.30235937]] 
Episode: 609: [[0.11755737 0.13929094 0.23258303 0.2625706  0.3023785 ]] 
Episode: 610: [[0.11754803 0.13920914 0.23259448 0.2626264  0.30240083]] 
Episode: 611: [[0.11752221 0.13913141 0.23258659 0.26268917 0.30244872]] 
Episode: 612: [[0.11749751 0.13904166 0.232555   0.26275718 0.30252248]] 
Episode: 613: [[0.11738162 0.13903713 0.23252298 0.26286557 0.30258337]] 
Episode: 614: [[0.11725822 0.139003   0.23245126 0.2629785  0.30271116]] 
Episode: 615: [[0.11716758 0.13895002 0.23239043 0.26307276 0.30282715]] 
Episode: 616: [[0.11708921 0.1389027  0.23237409 0.2631497  0.302901  ]] 
Episode: 617: [[0.11701576 0.13881849 0.23232539 0.2632356  0.3030234 ]] 
Episode: 618: [[0.11693055 0.13884857 0.23235613 0.26327938 0.3030235 ]] 
Episode: 619: [[0.11684667 0.13886777 0.23237011 0.26332852 0.30304185]] 
Episode: 620: [[0.11675173 0.13888781 0.23238507 0.26338756 0.30306166]] 
Episode: 621: [[0.11667484 0.13889311 0.23237461 0.26343402 0.30310917]] 
Episode: 622: [[0.11661263 0.13887998 0.23237012 0.26348394 0.3031483 ]] 
Episode: 623: [[0.11655176 0.13885053 0.23236161 0.2635395  0.30319914]] 
Episode: 624: [[0.11648958 0.13880832 0.23235708 0.2636058  0.3032494 ]] 
Episode: 625: [[0.1164245  0.13875556 0.23237121 0.26368442 0.30328426]] 
Episode: 626: [[0.11635277 0.13870758 0.23237799 0.26376158 0.3033302 ]] 
Episode: 627: [[0.11628722 0.13866286 0.2323991  0.26384076 0.30335143]] 
Episode: 628: [[0.11623799 0.13860522 0.23239829 0.26391158 0.30339348]] 
Episode: 629: [[0.1161771  0.13857374 0.23241967 0.2639753  0.3034118 ]] 
Episode: 630: [[0.11614828 0.13853626 0.23243678 0.26402876 0.3034127 ]] 
Episode: 631: [[0.11612246 0.13848087 0.2324672  0.26408747 0.30340984]] 
Episode: 632: [[0.1163484  0.1381267  0.23281139 0.2642613  0.30312425]] 
Episode: 633: [[0.11642756 0.13786802 0.23316704 0.26447353 0.30285865]] 
Episode: 634: [[0.11642804 0.1376675  0.23348938 0.26469457 0.30263993]] 
Episode: 635: [[0.11643036 0.13747944 0.23378411 0.2649004  0.30243745]] 
Episode: 636: [[0.116544   0.13735859 0.2340573  0.26502565 0.3021334 ]] 
Episode: 637: [[0.11664321 0.13724382 0.23428169 0.26514462 0.30188215]] 
Episode: 638: [[0.1166889  0.13715783 0.23447329 0.26526418 0.30168718]] 
Episode: 639: [[0.1167307  0.13707246 0.23462951 0.26538232 0.30152282]] 
Episode: 640: [[0.11674808 0.13701868 0.23479554 0.26550585 0.30133787]] 
Episode: 641: [[0.11676914 0.13696444 0.23495989 0.2656225  0.30115226]] 
Episode: 642: [[0.11676387 0.13692065 0.23511057 0.2657464  0.30098784]] 
Episode: 643: [[0.11675734 0.13688645 0.2352578  0.2658548  0.30082974]] 
Episode: 644: [[0.1167107  0.13688105 0.23539639 0.26595962 0.30069828]] 
Episode: 645: [[0.11664423 0.13688424 0.23551548 0.2660639  0.30059615]] 
Episode: 646: [[0.11654799 0.13689463 0.23562865 0.26617476 0.30051747]] 
Episode: 647: [[0.11644848 0.13691974 0.23573291 0.26627162 0.30044746]] 
Episode: 648: [[0.11635244 0.13695136 0.23582573 0.26635435 0.30038866]] 
Episode: 649: [[0.11625303 0.13698247 0.23589568 0.26643503 0.3003543 ]] 
Episode: 650: [[0.11616351 0.13700554 0.23597959 0.2665146  0.3003028 ]] 
Episode: 651: [[0.11607546 0.13702399 0.23606782 0.2665893  0.3002529 ]] 
Episode: 652: [[0.11601125 0.1370317  0.23617625 0.26666337 0.30016685]] 
Episode: 653: [[0.11595254 0.13703851 0.23628134 0.26674372 0.30007094]] 
Episode: 654: [[0.11589728 0.13704716 0.2363957  0.26681906 0.29996464]] 
Episode: 655: [[0.11584158 0.13707162 0.23652185 0.26688895 0.29983777]] 
Episode: 656: [[0.11580618 0.13708782 0.23665673 0.26694664 0.2996981 ]] 
Episode: 657: [[0.11573745 0.13710861 0.23677453 0.26701596 0.29959556]] 
Episode: 658: [[0.11564114 0.1371026  0.23687121 0.26710683 0.2995468 ]] 
Episode: 659: [[0.11555801 0.13710585 0.23697181 0.2671869  0.29948044]] 
Episode: 660: [[0.11548387 0.13710882 0.23706551 0.26726085 0.29941535]] 
Episode: 661: [[0.11543152 0.1370793  0.23713821 0.26733738 0.29937097]] 
Episode: 662: [[0.11538458 0.13704823 0.23722391 0.26741362 0.29931006]] 
Episode: 663: [[0.11534503 0.13700625 0.23729578 0.26749077 0.2992617 ]] 
Episode: 664: [[0.11530647 0.13697708 0.23738287 0.26756367 0.29919043]] 
Episode: 665: [[0.11527695 0.13692005 0.2374434  0.2676443  0.29915053]] 
Episode: 666: [[0.11526857 0.13685058 0.23750564 0.26772532 0.2990957 ]] 
Episode: 667: [[0.11527648 0.1367495  0.23754019 0.26781082 0.29907155]] 
Episode: 668: [[0.11528243 0.13665469 0.23758017 0.26789582 0.2990392 ]] 
Episode: 669: [[0.11529166 0.13656792 0.23762041 0.26797378 0.29900187]] 
Episode: 670: [[0.11528611 0.1364912  0.23764592 0.26804572 0.2989906 ]] 
Episode: 671: [[0.11527478 0.13639954 0.23765758 0.26812395 0.2990059 ]] 
Episode: 672: [[0.11525246 0.13631831 0.23766124 0.268199   0.299034  ]] 
Episode: 673: [[0.1152303  0.13622852 0.23765257 0.26827285 0.2990817 ]] 
Episode: 674: [[0.1152365  0.13614339 0.23766227 0.26833442 0.29908794]] 
Episode: 675: [[0.11524977 0.13606578 0.2376954  0.2683911  0.29906285]] 
Episode: 676: [[0.11522562 0.13601133 0.23772606 0.2684538  0.2990554 ]] 
Episode: 677: [[0.1151791  0.135987   0.23776844 0.2685184  0.29903337]] 
Episode: 678: [[0.11512264 0.1359596  0.23781174 0.26858714 0.29902065]] 
Episode: 679: [[0.11501559 0.13596962 0.23784818 0.26866087 0.29903245]] 
Episode: 680: [[0.11487    0.13600805 0.23786488 0.26874337 0.2990712 ]] 
Episode: 681: [[0.11474346 0.13603945 0.23791777 0.26883006 0.29905853]] 
Episode: 682: [[0.11464218 0.13606311 0.23796637 0.26890063 0.29904312]] 
Episode: 683: [[0.11453639 0.13610464 0.2380197  0.2689688  0.2990144 ]] 
Episode: 684: [[0.11446443 0.13612458 0.23808686 0.26903895 0.29895282]] 
Episode: 685: [[0.11438762 0.13614601 0.23815693 0.26910466 0.298897  ]] 
Episode: 686: [[0.11428887 0.13618751 0.23824352 0.2691762  0.29882747]] 
Episode: 687: [[0.11420161 0.13621703 0.23832661 0.26924595 0.29876065]] 
Episode: 688: [[0.11412136 0.13624582 0.23841794 0.2693165  0.2986784 ]] 
Episode: 689: [[0.1140552  0.13628829 0.23856498 0.26938212 0.29852274]] 
Episode: 690: [[0.11397832 0.13634287 0.23872577 0.26943788 0.29836524]] 
Episode: 691: [[0.11389875 0.13641131 0.23888971 0.26948696 0.29820147]] 
Episode: 692: [[0.11381979 0.13646968 0.23903733 0.26953366 0.298063  ]] 
Episode: 693: [[0.11376507 0.13652234 0.2392019  0.26957455 0.29789263]] 
Episode: 694: [[0.11372384 0.13656408 0.23935479 0.2696189  0.2977241 ]] 
Episode: 695: [[0.11369175 0.13659123 0.23951286 0.26967347 0.29754433]] 
Episode: 696: [[0.11364566 0.13662033 0.2396508  0.26973227 0.29739258]] 
Episode: 697: [[0.11357609 0.1366435  0.23975292 0.26980186 0.2972946 ]] 
Episode: 698: [[0.11358959 0.13668075 0.2399213  0.269817   0.2970821 ]] 
Episode: 699: [[0.11360276 0.13672268 0.24008861 0.26982763 0.29687083]] 
Episode: 700: [[0.1136096  0.13674787 0.24021752 0.26984936 0.2967057 ]] 
Episode: 701: [[0.11360538 0.13676591 0.24036564 0.26989368 0.29652148]] 
Episode: 702: [[0.11357766 0.13674967 0.24044742 0.26996526 0.29642853]] 
Episode: 703: [[0.11351895 0.13673277 0.24049309 0.27004948 0.29639143]] 
Episode: 704: [[0.11345854 0.1367099  0.24051039 0.2701395  0.29638135]] 
Episode: 705: [[0.11339758 0.13668293 0.2405176  0.27023253 0.2963817 ]] 
Episode: 706: [[0.11334001 0.13665892 0.24049605 0.27032003 0.2964061 ]] 
Episode: 707: [[0.11328413 0.1366186  0.24045238 0.27041402 0.29645696]] 
Episode: 708: [[0.11323608 0.13652602 0.2403716  0.27053    0.296559  ]] 
Episode: 709: [[0.11315988 0.13641687 0.24023266 0.2706601  0.29674602]] 
Episode: 710: [[0.11306917 0.13631733 0.24008627 0.27078852 0.29694876]] 
Episode: 711: [[0.11300106 0.13622159 0.2399787  0.27090877 0.29709584]] 
Episode: 712: [[0.112925   0.13611577 0.23986733 0.2710358  0.2972581 ]] 
Episode: 713: [[0.11286449 0.13596664 0.23976558 0.27118438 0.2974138 ]] 
Episode: 714: [[0.11283454 0.13585056 0.23971051 0.27128983 0.29750386]] 
Episode: 715: [[0.11279539 0.1357376  0.23967302 0.27139404 0.29758707]] 
Episode: 716: [[0.11277047 0.13563864 0.23966956 0.27148327 0.29762542]] 
Episode: 717: [[0.11272747 0.1355622  0.23966955 0.2715727  0.29766038]] 
Episode: 718: [[0.11264943 0.13554387 0.23972768 0.27166304 0.29762974]] 
Episode: 719: [[0.11257721 0.13551241 0.23979042 0.27176288 0.2975916 ]] 
Episode: 720: [[0.11253642 0.13548096 0.23988518 0.27184922 0.29750234]] 
Episode: 721: [[0.11247995 0.13548733 0.24001752 0.2719251  0.2973729 ]] 
Episode: 722: [[0.11241823 0.13550283 0.24015169 0.27199668 0.29724345]] 
Episode: 723: [[0.11236474 0.13553962 0.24029393 0.27205136 0.2970939 ]] 
Episode: 724: [[0.1123085  0.13558382 0.24043877 0.27210313 0.29694116]] 
Episode: 725: [[0.11225424 0.13562466 0.24057135 0.27214667 0.29680774]] 
Episode: 726: [[0.11220078 0.13564387 0.24066573 0.27219558 0.2967218 ]] 
Episode: 727: [[0.11214747 0.13567111 0.24075216 0.27224296 0.29663676]] 
Episode: 728: [[0.11208501 0.13570961 0.24083231 0.2722887  0.29655883]] 
Episode: 729: [[0.11204655 0.13576758 0.24096759 0.2722975  0.29642197]] 
Episode: 730: [[0.11199281 0.1358402  0.24110095 0.27229974 0.29629675]] 
Episode: 731: [[0.1119447  0.13588917 0.24122435 0.27231637 0.29618216]] 
Episode: 732: [[0.11189264 0.13592994 0.2413393  0.27233922 0.2960811 ]] 
Episode: 733: [[0.11184845 0.13596395 0.24145831 0.2723637  0.29597226]] 
Episode: 734: [[0.11178726 0.13600251 0.24156117 0.2723958  0.29588556]] 
Episode: 735: [[0.11176635 0.13600229 0.24163607 0.27243075 0.29581082]] 
Episode: 736: [[0.11173866 0.13597642 0.24165536 0.2724821  0.29580083]] 
Episode: 737: [[0.11170954 0.13597594 0.24168634 0.2725198  0.29577172]] 
Episode: 738: [[0.11167781 0.13595615 0.24167466 0.2725798  0.29577997]] 
Episode: 739: [[0.11165076 0.13594614 0.2416898  0.27263814 0.29575193]] 
Episode: 740: [[0.11161996 0.13595763 0.24170876 0.27268893 0.2957122 ]] 
Episode: 741: [[0.11159882 0.13596056 0.24172513 0.27273914 0.2956722 ]] 
Episode: 742: [[0.111547   0.13598406 0.24174783 0.27279052 0.29564136]] 
Episode: 743: [[0.11147351 0.13604689 0.24181892 0.27282372 0.29557335]] 
Episode: 744: [[0.11140292 0.13610196 0.24188727 0.27286324 0.29550567]] 
Episode: 745: [[0.11137164 0.13613814 0.24196498 0.2728886  0.2954159 ]] 
Episode: 746: [[0.11134525 0.13617767 0.24205942 0.2728991  0.29531664]] 
Episode: 747: [[0.11132595 0.13620539 0.24215026 0.2729146  0.2952187 ]] 
Episode: 748: [[0.11129629 0.13623947 0.24222478 0.27293217 0.29513904]] 
Episode: 749: [[0.1112712  0.13628335 0.242313   0.2729394  0.29504287]] 
Episode: 750: [[0.11124949 0.13633882 0.24242768 0.27294272 0.2949127 ]] 
Episode: 751: [[0.11123714 0.13639204 0.2425581  0.27294406 0.29476202]] 
Episode: 752: [[0.11122603 0.13645492 0.24271153 0.27293926 0.2945866 ]] 
Episode: 753: [[0.11119651 0.1365177  0.24283619 0.27295026 0.29444265]] 
Episode: 754: [[0.11117348 0.1365812  0.24294488 0.27297392 0.29429308]] 
Episode: 755: [[0.11116064 0.1366227  0.24304102 0.27300164 0.29415935]] 
Episode: 756: [[0.11116201 0.13668458 0.24317618 0.27300134 0.29398277]] 
Episode: 757: [[0.11117184 0.13673052 0.24329442 0.27300096 0.2938262 ]] 
Episode: 758: [[0.11111069 0.13682713 0.24339183 0.27301177 0.29371127]] 
Episode: 759: [[0.11108308 0.13690177 0.24351819 0.27301413 0.293561  ]] 
Episode: 760: [[0.11106236 0.13697329 0.24363053 0.27301458 0.29341993]] 
Episode: 761: [[0.11104559 0.13704966 0.24373502 0.27301085 0.29328078]] 
Episode: 762: [[0.11103318 0.13712367 0.243849   0.2730113  0.29312667]] 
Episode: 763: [[0.11103486 0.13719276 0.24396761 0.2730094  0.29295933]] 
Episode: 764: [[0.1110028  0.13726267 0.24407014 0.27303407 0.2928187 ]] 
Episode: 765: [[0.11096341 0.13737017 0.24416427 0.27304924 0.29266825]] 
Episode: 766: [[0.110872   0.13750589 0.24425529 0.27307928 0.29253963]] 
Episode: 767: [[0.11078653 0.13762964 0.2443422  0.27311003 0.29241815]] 
Episode: 768: [[0.11068175 0.13774687 0.24438307 0.2731604  0.2923467 ]] 
Episode: 769: [[0.11057638 0.13785522 0.24441992 0.27321693 0.29228178]] 
Episode: 770: [[0.11047094 0.13794672 0.24443342 0.27328104 0.2922458 ]] 
Episode: 771: [[0.1103737  0.1379692  0.24437913 0.2733799  0.29229078]] 
Episode: 772: [[0.11027607 0.13798727 0.2443302  0.2734785  0.29233572]] 
Episode: 773: [[0.11018295 0.1379888  0.24425362 0.27358463 0.29240796]] 
Episode: 774: [[0.1100961  0.13797444 0.24415302 0.27370158 0.29249874]] 
Episode: 775: [[0.10997463 0.13797373 0.24403736 0.27382907 0.29261947]] 
Episode: 776: [[0.10981831 0.1379815  0.2439237  0.27397388 0.29275388]] 
Episode: 777: [[0.10967761 0.1379767  0.24381493 0.2741054  0.29289016]] 
Episode: 778: [[0.10957199 0.13797535 0.24373469 0.27420443 0.29298893]] 
Episode: 779: [[0.10947386 0.13799338 0.24368641 0.2742862  0.2930495 ]] 
Episode: 780: [[0.10939164 0.13802241 0.24367404 0.27435374 0.29306385]] 
Episode: 781: [[0.10932101 0.13805404 0.24369128 0.27441242 0.29304495]] 
Episode: 782: [[0.10924642 0.13809343 0.2437163  0.2744652  0.2930221 ]] 
Episode: 783: [[0.10916743 0.13817737 0.24378063 0.27448192 0.2929625 ]] 
Episode: 784: [[0.10909293 0.13827077 0.2438525  0.27448612 0.2928942 ]] 
Episode: 785: [[0.1090062  0.13837542 0.24392048 0.27448592 0.29283693]] 
Episode: 786: [[0.10892095 0.13846347 0.24398705 0.27450186 0.29277936]] 
Episode: 787: [[0.10885817 0.13853627 0.2440642  0.27451608 0.2927027 ]] 
Episode: 788: [[0.10884119 0.13860199 0.24415796 0.27452034 0.29257578]] 
Episode: 789: [[0.10878174 0.13871065 0.24426614 0.27452058 0.29244855]] 
Episode: 790: [[0.10873983 0.13881844 0.24438418 0.2745108  0.29230303]] 
Episode: 791: [[0.10869956 0.1389117  0.24448839 0.27450904 0.29217362]] 
Episode: 792: [[0.10864881 0.13900648 0.24460478 0.27451405 0.2920376 ]] 
Episode: 793: [[0.1085855  0.13911235 0.2447288  0.27451494 0.29190272]] 
Episode: 794: [[0.1085216  0.13922386 0.24485478 0.27451366 0.29176366]] 
Episode: 795: [[0.10846634 0.13928084 0.24491489 0.27453858 0.2916981 ]] 
Episode: 796: [[0.10839698 0.13932522 0.24495456 0.27458227 0.2916604 ]] 
Episode: 797: [[0.10833462 0.1393699  0.2450125  0.27462018 0.29160386]] 
Episode: 798: [[0.10828096 0.13937435 0.24501505 0.27468145 0.29160115]] 
Episode: 799: [[0.10822909 0.13932943 0.24496323 0.27476493 0.29166847]] 
Episode: 800: [[0.10816331 0.13928856 0.2448781  0.27485693 0.29176906]] 
Episode: 801: [[0.10809415 0.1392409  0.24477856 0.27495024 0.29189104]] 
Episode: 802: [[0.10799675 0.13917486 0.24461266 0.27506578 0.29209885]] 
Episode: 803: [[0.10790124 0.13908593 0.24442592 0.27519146 0.29233414]] 
Episode: 804: [[0.10780553 0.1389984  0.24423486 0.27533597 0.29255486]] 
Episode: 805: [[0.10771819 0.13894373 0.24410185 0.27544966 0.29271388]] 
Episode: 806: [[0.10759276 0.13892311 0.2439791  0.27556083 0.29287806]] 
Episode: 807: [[0.10749871 0.13890694 0.24390359 0.2756512  0.29298082]] 
Episode: 808: [[0.10743757 0.13888028 0.24383071 0.27572212 0.2930719 ]] 
Episode: 809: [[0.10737289 0.13887298 0.24380547 0.27578133 0.29311842]] 
Episode: 810: [[0.10731252 0.13886602 0.24381189 0.27584156 0.29313105]] 
Episode: 811: [[0.1072806  0.13886498 0.2438646  0.27589366 0.29307353]] 
Episode: 812: [[0.10725322 0.13886236 0.24392492 0.27594498 0.2930064 ]] 
Episode: 813: [[0.1072276  0.13887855 0.24400292 0.27597725 0.2929223 ]] 
Episode: 814: [[0.10720223 0.1389035  0.24408667 0.27599868 0.29283494]] 
Episode: 815: [[0.10716521 0.13893098 0.24416892 0.2760219  0.29275796]] 
Episode: 816: [[0.10710438 0.13897757 0.24423708 0.2760515  0.29269677]] 
Episode: 817: [[0.10704291 0.1390117  0.24431758 0.276085   0.29263318]] 
Episode: 818: [[0.10696822 0.13908014 0.2444248  0.27609918 0.2925476 ]] 
Episode: 819: [[0.10682613 0.13914119 0.24448603 0.27614972 0.29255098]] 
Episode: 820: [[0.10669857 0.13920334 0.24457091 0.27619824 0.2925183 ]] 
Episode: 821: [[0.10660771 0.13925089 0.24464019 0.2762429  0.29247507]] 
Episode: 822: [[0.10648733 0.13927524 0.24467145 0.2763073  0.2925009 ]] 
Episode: 823: [[0.10637395 0.13933541 0.24475233 0.27635854 0.29245526]] 
Episode: 824: [[0.10624772 0.13942467 0.2448474  0.27639753 0.29239652]] 
Episode: 825: [[0.10612722 0.13947432 0.24490932 0.27645123 0.2923826 ]] 
Episode: 826: [[0.10599285 0.13952439 0.24495691 0.27651066 0.29239106]] 
Episode: 827: [[0.1058543  0.139587   0.24500409 0.27656284 0.29239985]] 
Episode: 828: [[0.10571986 0.1396365  0.24504083 0.2766222  0.29241845]] 
Episode: 829: [[0.10559552 0.13971277 0.24512787 0.2766628  0.29237485]] 
Episode: 830: [[0.10549632 0.13977896 0.24521716 0.27670425 0.29230958]] 
Episode: 831: [[0.10540279 0.13984789 0.24531682 0.2767426  0.2922293 ]] 
Episode: 832: [[0.10530669 0.13991757 0.24542305 0.27678207 0.29214445]] 
Episode: 833: [[0.1052312  0.13996278 0.24554428 0.27682474 0.2920426 ]] 
Episode: 834: [[0.10517395 0.14001547 0.24568644 0.27685338 0.29190832]] 
Episode: 835: [[0.10513657 0.14004318 0.2458188  0.2768906  0.29177514]] 
Episode: 836: [[0.10509753 0.14005798 0.24592611 0.27693897 0.2916671 ]] 
Episode: 837: [[0.1050855  0.14004706 0.24602023 0.2769807  0.2915698 ]] 
Episode: 838: [[0.1050439  0.14000419 0.24609046 0.27705833 0.29152223]] 
Episode: 839: [[0.1049794  0.1399491  0.24612974 0.27715003 0.2915253 ]] 
Episode: 840: [[0.10492968 0.1399155  0.246199   0.27721664 0.29148936]] 
Episode: 841: [[0.10483803 0.13991344 0.24625954 0.27727702 0.291485  ]] 
Episode: 842: [[0.10475652 0.13993374 0.24633898 0.27731785 0.29145062]] 
Episode: 843: [[0.10467021 0.13999708 0.24648628 0.27733395 0.2913461 ]] 
Episode: 844: [[0.10459477 0.14005405 0.24664274 0.2773416  0.29123494]] 
Episode: 845: [[0.10453675 0.14011185 0.2468085  0.2773374  0.29110637]] 
Episode: 846: [[0.10449112 0.14016747 0.24695326 0.27732912 0.29098806]] 
Episode: 847: [[0.10445715 0.1402117  0.24709062 0.27731872 0.29087546]] 
Episode: 848: [[0.10439076 0.14027609 0.24720913 0.2773203  0.29078633]] 
Episode: 849: [[0.10432846 0.14034216 0.24732988 0.27732125 0.29068974]] 
Episode: 850: [[0.10421784 0.14045638 0.24747556 0.27730808 0.29059464]] 
Episode: 851: [[0.10413624 0.14056863 0.2476555  0.27727395 0.29045823]] 
Episode: 852: [[0.10404833 0.14069639 0.24785587 0.27723297 0.2903033 ]] 
Episode: 853: [[0.10392698 0.14083694 0.24800804 0.27719745 0.2902112 ]] 
Episode: 854: [[0.10381646 0.14095864 0.24813634 0.27717546 0.29013252]] 
Episode: 855: [[0.10371405 0.14107536 0.24826619 0.27715534 0.29004624]] 
Episode: 856: [[0.10360688 0.14116776 0.2483273  0.27715582 0.2900284 ]] 
Episode: 857: [[0.10352901 0.14125092 0.24840105 0.27715024 0.28998077]] 
Episode: 858: [[0.10345103 0.14129049 0.2483985  0.27717036 0.29001564]] 
Episode: 859: [[0.10339122 0.14134388 0.24840075 0.27717945 0.2900238 ]] 
Episode: 860: [[0.10333026 0.14139336 0.24841526 0.2771903  0.29002446]] 
Episode: 861: [[0.1033126  0.14141525 0.24843618 0.27719957 0.28999767]] 
Episode: 862: [[0.10328098 0.1414033  0.24842462 0.2772287  0.290027  ]] 
Episode: 863: [[0.10320074 0.1413745  0.24840336 0.27729005 0.29010448]] 
Episode: 864: [[0.10308155 0.14131922 0.24830781 0.2773841  0.29028368]] 
Episode: 865: [[0.10293799 0.14130947 0.24827708 0.27745733 0.29041153]] 
Episode: 866: [[0.10281082 0.14131917 0.24826652 0.27751145 0.2905036 ]] 
Episode: 867: [[0.10271612 0.14131297 0.24823807 0.2775683  0.2905871 ]] 
Episode: 868: [[0.10263398 0.14128825 0.24819721 0.27762598 0.29068336]] 
Episode: 869: [[0.10258748 0.14124821 0.24818513 0.277676   0.29073575]] 
Episode: 870: [[0.10249472 0.14124778 0.24819711 0.277729   0.29078022]] 
Episode: 871: [[0.10240146 0.14126574 0.24823818 0.27776957 0.2907947 ]] 
Episode: 872: [[0.10231417 0.14129494 0.24829069 0.2777999  0.2907918 ]] 
Episode: 873: [[0.10223841 0.14134096 0.24837767 0.2778148  0.29074508]] 
Episode: 874: [[0.10216609 0.14138298 0.2484689  0.27783638 0.29068834]] 
Episode: 875: [[0.10211521 0.14143808 0.24859881 0.27783784 0.29058072]] 
Episode: 876: [[0.10206083 0.14148176 0.24869393 0.2778406  0.29051635]] 
Episode: 877: [[0.1020212  0.141506   0.24876484 0.2778478  0.29047015]] 
Episode: 878: [[0.10199507 0.1415009  0.2488512  0.27786317 0.29041436]] 
Episode: 879: [[0.10195213 0.1415107  0.24892421 0.27787697 0.2903769 ]] 
Episode: 880: [[0.10190222 0.14157459 0.24904187 0.2778641  0.290284  ]] 
Episode: 881: [[0.10186964 0.1416288  0.24917173 0.27784818 0.29017276]] 
Episode: 882: [[0.10180917 0.14164214 0.24926035 0.2778654  0.29013482]] 
Episode: 883: [[0.10174369 0.14165685 0.2493564  0.27788508 0.29009247]] 
Episode: 884: [[0.10162506 0.1416791  0.2494337  0.27792022 0.29010448]] 
Episode: 885: [[0.10149972 0.14170092 0.24951546 0.27795795 0.29011804]] 
Episode: 886: [[0.10134321 0.14165029 0.2495593  0.27804554 0.2902185 ]] 
Episode: 887: [[0.10117878 0.14162752 0.2496135  0.27812162 0.2903043 ]] 
Episode: 888: [[0.10103621 0.14159428 0.24968575 0.2781871  0.29036918]] 
Episode: 889: [[0.10088745 0.14157352 0.2497671  0.27825394 0.29042062]] 
Episode: 890: [[0.10068739 0.14159308 0.24984665 0.27832794 0.29048792]] 
Episode: 891: [[0.10049104 0.1416192  0.24991605 0.27840367 0.29055253]] 
Episode: 892: [[0.10031517 0.1416531  0.24998805 0.27846825 0.29059538]] 
Episode: 893: [[0.1001441  0.14171416 0.2501186  0.27850613 0.29058185]] 
Episode: 894: [[0.10000348 0.14178196 0.25027028 0.2785215  0.29053065]] 
Episode: 895: [[0.09988153 0.14184394 0.25042486 0.2785365  0.29046184]] 
Episode: 896: [[0.0997541  0.14190763 0.25058946 0.2785589  0.29038215]] 
Episode: 897: [[0.09962891 0.14201474 0.25081137 0.27855062 0.290239  ]] 
Episode: 898: [[0.09952801 0.14210396 0.2510276  0.27854577 0.2900869 ]] 
Episode: 899: [[0.09942377 0.14217915 0.25124186 0.27854326 0.28995058]] 
Episode: 900: [[0.09934559 0.14225926 0.25146452 0.27852616 0.28978705]] 
Episode: 901: [[0.09925423 0.1423301  0.25160837 0.2785241  0.28970128]] 
Episode: 902: [[0.09917685 0.14235474 0.25165948 0.27854404 0.28970203]] 
Episode: 903: [[0.09910496 0.14236395 0.2516784  0.27857894 0.289725  ]] 
Episode: 904: [[0.09902535 0.14237697 0.2516965  0.27862406 0.2897446 ]] 
Episode: 905: [[0.09894977 0.14239441 0.25173283 0.2786662  0.28974262]] 
Episode: 906: [[0.09890668 0.14240198 0.251765   0.27870867 0.28971702]] 
Episode: 907: [[0.09886117 0.14238791 0.25174782 0.278763   0.28974557]] 
Episode: 908: [[0.09879004 0.14244281 0.25175348 0.2788003  0.2897364 ]] 
Episode: 909: [[0.09872341 0.14249976 0.251774   0.2788313  0.28971317]] 
Episode: 910: [[0.09868056 0.14249411 0.2517821  0.27889106 0.28970447]] 
Episode: 911: [[0.09861925 0.14247853 0.25175533 0.27896157 0.2897455 ]] 
Episode: 912: [[0.09853803 0.14248227 0.25172764 0.27903524 0.28978917]] 
Episode: 913: [[0.09846642 0.14247979 0.2516683  0.27910307 0.28986058]] 
Episode: 914: [[0.09838857 0.1424285  0.25151396 0.2792038  0.29003516]] 
Episode: 915: [[0.09828729 0.14240868 0.251414   0.27928323 0.2901794 ]] 
Episode: 916: [[0.09819727 0.14239925 0.25133908 0.2793514  0.2902904 ]] 
Episode: 917: [[0.09811486 0.1423866  0.25124374 0.27942815 0.29040596]] 
Episode: 918: [[0.09805082 0.14235334 0.25117347 0.27951285 0.29049075]] 
Episode: 919: [[0.09800632 0.14231254 0.25111535 0.2795879  0.2905589 ]] 
Episode: 920: [[0.09794058 0.14231691 0.25109932 0.2796424  0.29059207]] 
Episode: 921: [[0.09787973 0.142339   0.25113678 0.2796792  0.2905735 ]] 
Episode: 922: [[0.09785987 0.1423796  0.2512505  0.27967146 0.29046732]] 
Episode: 923: [[0.09784532 0.14242327 0.25137085 0.27965724 0.29035258]] 
Episode: 924: [[0.09784712 0.14248939 0.2515511  0.27961656 0.29017177]] 
Episode: 925: [[0.09786248 0.14255267 0.25172848 0.27956846 0.28998777]] 
Episode: 926: [[0.09788661 0.14262547 0.25192353 0.27951187 0.28977805]] 
Episode: 927: [[0.09790846 0.14269729 0.25210118 0.27946103 0.28958166]] 
Episode: 928: [[0.09790666 0.14276218 0.2521923  0.27943885 0.28946677]] 
Episode: 929: [[0.09792171 0.1428337  0.25233412 0.27938074 0.28931573]] 
Episode: 930: [[0.09791017 0.1428942  0.25240082 0.27934766 0.2892464 ]] 
Episode: 931: [[0.09789681 0.1429578  0.25246078 0.27932408 0.28917366]] 
Episode: 932: [[0.09788467 0.14299607 0.2524551  0.27932838 0.28915417]] 
Episode: 933: [[0.09783587 0.14303702 0.25239998 0.2793569  0.28919363]] 
Episode: 934: [[0.0977826  0.14307758 0.25231752 0.27939224 0.289256  ]] 
Episode: 935: [[0.09775524 0.14311293 0.25224993 0.27941918 0.28928933]] 
Episode: 936: [[0.09770837 0.1431426  0.2521219  0.27946088 0.28938827]] 
Episode: 937: [[0.09767497 0.14316037 0.25198752 0.27950174 0.28948933]] 
Episode: 938: [[0.09761207 0.14318073 0.25182432 0.27954403 0.289644  ]] 
Episode: 939: [[0.09755956 0.14320669 0.25169086 0.2795766  0.2897652 ]] 
Episode: 940: [[0.09749082 0.14324765 0.25159007 0.27960178 0.2898691 ]] 
Episode: 941: [[0.09744514 0.14327024 0.25150162 0.27963188 0.28994897]] 
Episode: 942: [[0.09737305 0.14326441 0.25144228 0.27969036 0.29003203]] 
Episode: 943: [[0.09732308 0.14325084 0.25141492 0.27974647 0.29007217]] 
Episode: 944: [[0.09727545 0.14324886 0.25136587 0.27979696 0.29012337]] 
Episode: 945: [[0.09723361 0.14326379 0.25135726 0.27982664 0.29013675]] 
Episode: 946: [[0.09721045 0.14328423 0.25140277 0.27983817 0.29009408]] 
Episode: 947: [[0.09720828 0.14329115 0.2514538  0.27985123 0.29003435]] 
Episode: 948: [[0.09720953 0.14331077 0.2515436  0.27984804 0.28994048]] 
Episode: 949: [[0.09721051 0.14335132 0.2516436  0.2798222  0.28983977]] 
Episode: 950: [[0.0972269  0.14339577 0.2517691  0.27978563 0.28970632]] 
Episode: 951: [[0.0972475  0.14344595 0.25188527 0.2797515  0.2895691 ]] 
Episode: 952: [[0.09727287 0.14348212 0.25199482 0.2797185  0.28944385]] 
Episode: 953: [[0.09728891 0.1434925  0.2519161  0.27975562 0.2894528 ]] 
Episode: 954: [[0.09729901 0.14352135 0.25193062 0.27975368 0.28940552]] 
Episode: 955: [[0.09729385 0.14358282 0.25197172 0.27973324 0.28933942]] 
Episode: 956: [[0.09728604 0.14365168 0.25203112 0.27970544 0.2892603 ]] 
Episode: 957: [[0.09723479 0.14376068 0.25211847 0.27967185 0.28917378]] 
Episode: 958: [[0.09710932 0.14389664 0.2521702  0.27966973 0.2891473 ]] 
Episode: 959: [[0.09700193 0.14405222 0.25226325 0.27964067 0.28907186]] 
Episode: 960: [[0.09692365 0.14418136 0.25234038 0.27961406 0.28899977]] 
Episode: 961: [[0.0968907  0.14425498 0.25241426 0.27958608 0.28893128]] 
Episode: 962: [[0.09683914 0.1443469  0.25249055 0.2795508  0.28887132]] 
Episode: 963: [[0.09677804 0.14442499 0.25253356 0.27952477 0.28885463]] 
Episode: 964: [[0.09672381 0.14450599 0.25256577 0.2795007  0.28883561]] 
Episode: 965: [[0.0966737  0.14457808 0.25260234 0.2794811  0.28881216]] 
Episode: 966: [[0.0966062  0.14466737 0.2526804  0.27944168 0.28877395]] 
Episode: 967: [[0.09659174 0.14472435 0.25276187 0.2794029  0.288703  ]] 
Episode: 968: [[0.09657379 0.14477925 0.2528299  0.27936646 0.28864732]] 
Episode: 969: [[0.09653369 0.1448452  0.25290832 0.2793338  0.28859356]] 
Episode: 970: [[0.09643918 0.14491814 0.25291565 0.27931973 0.28863817]] 
Episode: 971: [[0.09637965 0.14498249 0.25294307 0.27929443 0.28864488]] 
Episode: 972: [[0.09632859 0.14504433 0.25295377 0.27928343 0.28864643]] 
Episode: 973: [[0.09630007 0.1450889  0.25293076 0.27927938 0.28866193]] 
Episode: 974: [[0.09628546 0.14510189 0.2528481  0.27929    0.288729  ]] 
Episode: 975: [[0.09625938 0.14513096 0.25279525 0.27929166 0.28877637]] 
Episode: 976: [[0.09622973 0.14514755 0.25270018 0.2792997  0.28886968]] 
Episode: 977: [[0.09616691 0.14514697 0.25254688 0.27933007 0.28904483]] 
Episode: 978: [[0.09611402 0.1451372  0.25239477 0.27935562 0.2892205 ]] 
Episode: 979: [[0.09606078 0.14513813 0.25227383 0.27937877 0.28936216]] 
Episode: 980: [[0.09600753 0.14516059 0.2521899  0.27938834 0.28946474]] 
Episode: 981: [[0.09593689 0.14518529 0.25211662 0.2794073  0.2895666 ]] 
Episode: 982: [[0.09588783 0.14521651 0.25207654 0.27941856 0.2896173 ]] 
Episode: 983: [[0.09582972 0.14527857 0.25208566 0.27941334 0.28962255]] 
Episode: 984: [[0.09574719 0.14538862 0.25215778 0.2793876  0.28957546]] 
Episode: 985: [[0.09568757 0.14550053 0.25226876 0.2793423  0.2894854 ]] 
Episode: 986: [[0.09564552 0.14559662 0.25235385 0.27930552 0.28940517]] 
Episode: 987: [[0.09561431 0.14569576 0.2524809  0.279262   0.28927997]] 
Episode: 988: [[0.09558997 0.1458052  0.2526966  0.27916586 0.28910747]] 
Episode: 989: [[0.09559721 0.14589268 0.2529418  0.2790738  0.2888908 ]] 
Episode: 990: [[0.09560409 0.1459717  0.25315443 0.278983   0.2887092 ]] 
Episode: 991: [[0.09561603 0.14603406 0.25330997 0.27890554 0.28857467]] 
Episode: 992: [[0.09561808 0.14610398 0.25346166 0.27882612 0.2884493 ]] 
Episode: 993: [[0.09564248 0.14616899 0.25361976 0.2787445  0.28830045]] 
Episode: 994: [[0.09566301 0.14624926 0.25378853 0.27865222 0.28814256]] 
Episode: 995: [[0.09568337 0.14630158 0.2538678  0.2785796  0.28806993]] 
Episode: 996: [[0.09571188 0.14634213 0.25392905 0.27851462 0.28800774]] 
Episode: 997: [[0.0957339  0.1463799  0.25395572 0.2784628  0.28797346]] 
Episode: 998: [[0.09570402 0.14645597 0.25399357 0.27841863 0.28794527]] 
Episode: 999: [[0.09568544 0.14651902 0.25398386 0.27839607 0.28793865]] 
Episode: 1000: [[0.09568085 0.14657597 0.25398162 0.278371   0.28791794]] 
Episode: 1001: [[0.09568992 0.14662269 0.25397646 0.27834824 0.28789195]] 
Episode: 1002: [[0.09569116 0.1466765  0.25398287 0.27831915 0.28786373]] 
Episode: 1003: [[0.09571353 0.14672014 0.25400966 0.27828652 0.28780693]] 
Episode: 1004: [[0.09572682 0.14678149 0.25406995 0.27824304 0.28772485]] 
Episode: 1005: [[0.09571211 0.14687334 0.25414923 0.27820766 0.2876226 ]] 
Episode: 1006: [[0.09568478 0.14698932 0.25425988 0.27815783 0.2874983 ]] 
Episode: 1007: [[0.09565789 0.14708912 0.25434604 0.27811715 0.2874009 ]] 
Episode: 1008: [[0.09564553 0.14720331 0.2544746  0.2780684  0.28724548]] 
Episode: 1009: [[0.09564149 0.14730495 0.2545782  0.27802512 0.287109  ]] 
Episode: 1010: [[0.09561486 0.14742875 0.25472036 0.27796173 0.2869616 ]] 
Episode: 1011: [[0.09559511 0.14754681 0.25486162 0.27790043 0.28681073]] 
Episode: 1012: [[0.09559294 0.14765757 0.2550368  0.27782598 0.2866293 ]] 
Episode: 1013: [[0.09560911 0.14773291 0.25517827 0.27776486 0.2864766 ]] 
Episode: 1014: [[0.09563271 0.14781065 0.25532135 0.27769834 0.28631723]] 
Episode: 1015: [[0.09563659 0.1479091  0.2554902  0.2776398  0.2861315 ]] 
Episode: 1016: [[0.0955943  0.14804259 0.25572965 0.2775502  0.28593057]] 
Episode: 1017: [[0.0955657  0.14815092 0.25593096 0.27747217 0.2857599 ]] 
Episode: 1018: [[0.09554137 0.14827308 0.2561124  0.27739096 0.2855927 ]] 
Episode: 1019: [[0.09548146 0.14839104 0.25618342 0.27734557 0.28553236]] 
Episode: 1020: [[0.09541925 0.14848405 0.25618112 0.2773149  0.28554726]] 
Episode: 1021: [[0.09537797 0.1485883  0.25623983 0.2772565  0.285501  ]] 
Episode: 1022: [[0.09531657 0.14874317 0.2563705  0.27717432 0.28539026]] 
Episode: 1023: [[0.09526636 0.14886568 0.25640383 0.2771177  0.28535825]] 
Episode: 1024: [[0.09522757 0.14898542 0.25642446 0.27707362 0.28531647]] 
Episode: 1025: [[0.09521132 0.14907663 0.25639832 0.27704966 0.2852985 ]] 
Episode: 1026: [[0.09521163 0.14914006 0.25632063 0.2770496  0.285311  ]] 
Episode: 1027: [[0.09518581 0.14924034 0.2563248  0.27701744 0.28527611]] 
Episode: 1028: [[0.09517236 0.14935009 0.256413   0.27694768 0.2851792 ]] 
Episode: 1029: [[0.09514555 0.14944698 0.25646114 0.2768953  0.2851276 ]] 
Episode: 1030: [[0.09513567 0.14954169 0.25651166 0.276844   0.28505677]] 
Episode: 1031: [[0.09513659 0.14961672 0.25655073 0.2768017  0.28499353]] 
Episode: 1032: [[0.09513858 0.14966984 0.25650737 0.276773   0.28500837]] 
Episode: 1033: [[0.09513388 0.1497309  0.2564519  0.2767426  0.28503558]] 
Episode: 1034: [[0.09514086 0.14979905 0.2564571  0.27669683 0.28500456]] 
Episode: 1035: [[0.09515154 0.1498708  0.2565128  0.27663854 0.2849332 ]] 
Episode: 1036: [[0.095152   0.1499375  0.2565749  0.27659506 0.28485858]] 
Episode: 1037: [[0.09516986 0.14999786 0.25672102 0.27652395 0.28472146]] 
Episode: 1038: [[0.09517262 0.15005872 0.25694773 0.27641687 0.28456077]] 
Episode: 1039: [[0.09517854 0.15012036 0.25724137 0.27628702 0.28435707]] 
Episode: 1040: [[0.09512992 0.15023237 0.25748742 0.27617157 0.2841972 ]] 
Episode: 1041: [[0.09506512 0.150354   0.2576479  0.2760783  0.2841019 ]] 
Episode: 1042: [[0.0950188  0.15046398 0.2578209  0.275995   0.28397724]] 
Episode: 1043: [[0.09498614 0.15056777 0.25800177 0.27591538 0.2838332 ]] 
Episode: 1044: [[0.09495925 0.15066266 0.25818765 0.27584657 0.28367692]] 
Episode: 1045: [[0.09495953 0.15074283 0.25835246 0.2757886  0.28351337]] 
Episode: 1046: [[0.09498705 0.15077275 0.2584775  0.27573842 0.28339225]] 
Episode: 1047: [[0.09499153 0.15080167 0.25857383 0.27570456 0.28330755]] 
Episode: 1048: [[0.09500436 0.15082368 0.2586575  0.27566606 0.28323507]] 
Episode: 1049: [[0.09500174 0.150872   0.25876203 0.27562204 0.2831428 ]] 
Episode: 1050: [[0.09499925 0.15093182 0.25889936 0.27555972 0.28302768]] 
Episode: 1051: [[0.095016   0.15098284 0.25903043 0.27549043 0.28291118]] 
Episode: 1052: [[0.0949572  0.15104066 0.25906587 0.27543682 0.28293964]] 
Episode: 1053: [[0.09490975 0.15107855 0.25902596 0.2754118  0.28301424]] 
Episode: 1054: [[0.09484968 0.15113078 0.25889084 0.2753933  0.2831677 ]] 
Episode: 1055: [[0.09477127 0.15120687 0.25879166 0.27537024 0.28329256]] 
Episode: 1056: [[0.09467829 0.15128478 0.25867158 0.2753697  0.2834301 ]] 
Episode: 1057: [[0.09460104 0.151359   0.2585451  0.2753679  0.28356084]] 
Episode: 1058: [[0.09453404 0.15144242 0.25846165 0.27535298 0.28364635]] 
Episode: 1059: [[0.09446494 0.1515106  0.25830337 0.27535215 0.2838006 ]] 
Episode: 1060: [[0.09438916 0.15160225 0.2581913  0.2753318  0.2839182 ]] 
Episode: 1061: [[0.09428497 0.15171044 0.2581001  0.27531135 0.2840336 ]] 
Episode: 1062: [[0.09417772 0.1518369  0.25815642 0.27523264 0.28405765]] 
Episode: 1063: [[0.09407981 0.15195122 0.25823775 0.27514952 0.28406408]] 
Episode: 1064: [[0.09400222 0.15208374 0.2582993  0.27506936 0.28404805]] 
Episode: 1065: [[0.0939337  0.15224037 0.25840572 0.27498645 0.28396463]] 
Episode: 1066: [[0.09386931 0.1523971  0.2585797  0.27488896 0.28382996]] 
Episode: 1067: [[0.09378776 0.15253846 0.258741   0.27481273 0.28371945]] 
Episode: 1068: [[0.09371205 0.15266389 0.25891715 0.27474153 0.28359902]] 
Episode: 1069: [[0.09361944 0.15280437 0.2591341  0.2746565  0.28345963]] 
Episode: 1070: [[0.09355617 0.15294677 0.2593458  0.27456197 0.28330034]] 
Episode: 1071: [[0.09351869 0.15299849 0.25911745 0.27483872 0.2835221 ]] 
Episode: 1072: [[0.09347032 0.15308918 0.2589596  0.27508166 0.28366303]] 
Episode: 1073: [[0.09345138 0.15316054 0.25881356 0.27530265 0.2837746 ]] 
Episode: 1074: [[0.09342775 0.15324232 0.2587132  0.27548435 0.28385466]] 
Episode: 1075: [[0.09340301 0.15332855 0.25863466 0.27564183 0.2839146 ]] 
Episode: 1076: [[0.09339292 0.15343912 0.25867024 0.2757252  0.2838848 ]] 
Episode: 1077: [[0.09339087 0.15352847 0.25863987 0.27580202 0.283913  ]] 
Episode: 1078: [[0.09341028 0.15359879 0.25862598 0.27588412 0.28390178]] 
Episode: 1079: [[0.0934265  0.15366971 0.2585908  0.27595085 0.28391296]] 
Episode: 1080: [[0.09343918 0.15372193 0.25850073 0.27602455 0.28397474]] 
Episode: 1081: [[0.09342044 0.15378416 0.25836304 0.27611214 0.28408056]] 
Episode: 1082: [[0.09343894 0.15385579 0.25830063 0.27616477 0.28409436]] 
Episode: 1083: [[0.09341074 0.1539559  0.2582069  0.27621529 0.28415382]] 
Episode: 1084: [[0.09332113 0.15403996 0.25808147 0.2763015  0.28428006]] 
Episode: 1085: [[0.09327906 0.15410557 0.25797787 0.27637464 0.28435785]] 
Episode: 1086: [[0.0932237  0.15415913 0.25785053 0.27644965 0.28447282]] 
Episode: 1087: [[0.09315032 0.15418726 0.257595   0.27655315 0.28471106]] 
Episode: 1088: [[0.09309167 0.15422869 0.25737977 0.27663508 0.284901  ]] 
Episode: 1089: [[0.09299728 0.15429413 0.25727817 0.27669856 0.28501883]] 
Episode: 1090: [[0.09292756 0.15438527 0.25720155 0.27674058 0.28508216]] 
Episode: 1091: [[0.09284957 0.15448974 0.2571801  0.27675828 0.28511143]] 
Episode: 1092: [[0.09277777 0.1545921  0.25719282 0.27679026 0.28509036]] 
Episode: 1093: [[0.0926838  0.15468317 0.25717562 0.27682504 0.28512272]] 
Episode: 1094: [[0.09256205 0.15478802 0.25716305 0.27686414 0.28516182]] 
Episode: 1095: [[0.09245234 0.15485872 0.25709316 0.27693757 0.28523585]] 
Episode: 1096: [[0.09233368 0.1549141  0.25703594 0.27701667 0.28531373]] 
Episode: 1097: [[0.09225779 0.15495035 0.25698763 0.27708885 0.28535962]] 
Episode: 1098: [[0.09215282 0.15495813 0.25686643 0.2771482  0.28553274]] 
Episode: 1099: [[0.09201576 0.15497962 0.25679734 0.27721012 0.28567773]] 
Episode: 1100: [[0.09189963 0.15499926 0.256743   0.27727216 0.28578818]] 
Episode: 1101: [[0.09175043 0.1550624  0.2567328  0.27731717 0.28587088]] 
Episode: 1102: [[0.09163848 0.15516064 0.25673142 0.27740717 0.28583857]] 
Episode: 1103: [[0.0915531 0.1552796 0.2568037 0.2774552 0.2857317]] 
Episode: 1104: [[0.09149759 0.15539856 0.25695816 0.2774758  0.28554437]] 
Episode: 1105: [[0.09144208 0.15552448 0.25699517 0.2775211  0.2854329 ]] 
Episode: 1106: [[0.09136821 0.1556529  0.257044   0.27756625 0.28532714]] 
Episode: 1107: [[0.09131687 0.15577808 0.2570753  0.27762976 0.28520012]] 
Episode: 1108: [[0.09125237 0.15594628 0.2571176  0.2776718  0.2850589 ]] 
Episode: 1109: [[0.09120835 0.15610296 0.2571711  0.27772713 0.28488457]] 
Episode: 1110: [[0.09117194 0.15623377 0.2572042  0.27777046 0.28475162]] 
Episode: 1111: [[0.09117385 0.15631583 0.25723726 0.27781385 0.28461942]] 
Episode: 1112: [[0.09112009 0.1563663  0.2572136  0.27786246 0.28461564]] 
Episode: 1113: [[0.09103615 0.15648001 0.2572079  0.27789575 0.28458717]] 
Episode: 1114: [[0.09095974 0.1565724  0.25727966 0.27791196 0.28451464]] 
Episode: 1115: [[0.09089609 0.15664762 0.25728875 0.27795288 0.28447717]] 
Episode: 1116: [[0.09078991 0.15658018 0.25701007 0.27769327 0.28480732]] 
Episode: 1117: [[0.09061918 0.15653487 0.2568083  0.27747282 0.28511322]] 
Episode: 1118: [[0.09046004 0.15650678 0.25662795 0.2773001  0.28536072]] 
Episode: 1119: [[0.09021786 0.15641731 0.2563098  0.2768949  0.28593618]] 
Episode: 1120: [[0.09002759 0.15637474 0.25606418 0.27650926 0.28637853]] 
Episode: 1121: [[0.08989207 0.15632218 0.2559051  0.27614263 0.2867156 ]] 
Episode: 1122: [[0.0897738  0.15630117 0.25577313 0.27581385 0.28698352]] 
Episode: 1123: [[0.08967449 0.15629818 0.25567958 0.2755129  0.28718725]] 
Episode: 1124: [[0.08960066 0.15628947 0.2555851  0.27526903 0.28734627]] 
Episode: 1125: [[0.08951879 0.15630013 0.25547028 0.2751216  0.28745526]] 
Episode: 1126: [[0.08937948 0.15632834 0.25523213 0.2748195  0.28785643]] 
Episode: 1127: [[0.08923311 0.15638536 0.25498465 0.27457118 0.28822163]] 
Episode: 1128: [[0.08910812 0.15644409 0.25478074 0.27432927 0.28853709]] 
Episode: 1129: [[0.08897778 0.156481   0.25456157 0.27402544 0.28895158]] 
Episode: 1130: [[0.08886733 0.15652628 0.25435385 0.27377135 0.28930134]] 
Episode: 1131: [[0.08873709 0.15657866 0.25416556 0.27351475 0.2896609 ]] 
Episode: 1132: [[0.08861487 0.15662721 0.2539703  0.27328658 0.29000774]] 
Episode: 1133: [[0.08849755 0.15666713 0.25383016 0.2730704  0.29030865]] 
Episode: 1134: [[0.08839469 0.15666816 0.25373495 0.27286327 0.29058832]] 
Episode: 1135: [[0.08830771 0.15672977 0.25359654 0.27272215 0.29079428]] 
Episode: 1136: [[0.08822878 0.15683134 0.2534791  0.2725952  0.29093802]] 
Episode: 1137: [[0.08816398 0.15691292 0.25340462 0.27247614 0.29104647]] 
Episode: 1138: [[0.08805837 0.15701242 0.25341916 0.2723441  0.29112065]] 
Episode: 1139: [[0.08797684 0.15713021 0.2534603  0.27225807 0.2911013 ]] 
Episode: 1140: [[0.08787114 0.15722187 0.25352263 0.27221528 0.29107627]] 
Episode: 1141: [[0.08763275 0.1571107  0.25326708 0.27179417 0.2914027 ]] 
Episode: 1142: [[0.08741277 0.1570227  0.2530735  0.27140704 0.2916679 ]] 
Episode: 1143: [[0.08718335 0.15695326 0.25296557 0.2710533  0.29187706]] 
Episode: 1144: [[0.08696072 0.1568639  0.2528101  0.27073717 0.2921484 ]] 
Episode: 1145: [[0.0866723  0.15675628 0.2530764  0.27023208 0.29211527]] 
Episode: 1146: [[0.08642513 0.15662505 0.2532767  0.26982757 0.2920922 ]] 
Episode: 1147: [[0.08625948 0.15655221 0.25305894 0.2696403  0.29222858]] 
Episode: 1148: [[0.08595177 0.15623635 0.2526328  0.26915085 0.29268798]] 
Episode: 1149: [[0.08566305 0.15597169 0.25208881 0.2686996  0.29324493]] 
Episode: 1150: [[0.08541638 0.15574728 0.25156203 0.26834077 0.2937167 ]] 
Episode: 1151: [[0.08519276 0.15554482 0.25113216 0.26801276 0.29410857]] 
Episode: 1152: [[0.08491409 0.15520506 0.25048918 0.2676812  0.2947885 ]] 
Episode: 1153: [[0.08460485 0.1548208  0.24978523 0.2670063  0.29571873]] 
Episode: 1154: [[0.08428951 0.15450794 0.24913436 0.26640266 0.29657608]] 
Episode: 1155: [[0.08400352 0.15424709 0.24857904 0.26588303 0.2972887 ]] 
Episode: 1156: [[0.08373986 0.1540139  0.24808975 0.26541752 0.29792342]] 
Episode: 1157: [[0.08341097 0.15370773 0.24766615 0.26472685 0.29880947]] 
Episode: 1158: [[0.0831136  0.15347125 0.24724802 0.26403677 0.2996659 ]] 
Episode: 1159: [[0.08281036 0.15323184 0.24672127 0.26319093 0.30074424]] 
Episode: 1160: [[0.08244062 0.15305254 0.24634634 0.262422   0.30169776]] 
Episode: 1161: [[0.08206494 0.1529336  0.24609731 0.26170847 0.302507  ]] 
Episode: 1162: [[0.08168969 0.15280567 0.24588011 0.26102123 0.30331206]] 
Episode: 1163: [[0.08137552 0.15266739 0.2456155  0.2604324  0.30406588]] 
Episode: 1164: [[0.08107833 0.15253143 0.24544208 0.25990707 0.30470747]] 
Episode: 1165: [[0.08080069 0.15248373 0.24528566 0.2594524  0.30522618]] 
Episode: 1166: [[0.08056043 0.15241888 0.24526191 0.25899273 0.30564377]] 
Episode: 1167: [[0.08033674 0.15229647 0.24510264 0.25850722 0.3062394 ]] 
Episode: 1168: [[0.08013944 0.1522005  0.24497631 0.2580741  0.30674472]] 
Episode: 1169: [[0.07996362 0.15209126 0.24493247 0.25766137 0.30717468]] 
Episode: 1170: [[0.07985546 0.15199578 0.24475805 0.25733307 0.307594  ]] 
Episode: 1171: [[0.07973179 0.15189365 0.24457416 0.257009   0.30804995]] 
Episode: 1172: [[0.07960306 0.15181318 0.24431373 0.2567693  0.30850446]] 
Episode: 1173: [[0.07949753 0.15178224 0.24407437 0.2565725  0.30886436]] 
Episode: 1174: [[0.07940387 0.15177463 0.24386458 0.25639674 0.30916712]] 
Episode: 1175: [[0.07932273 0.15176906 0.24369498 0.25623548 0.3094225 ]] 
Episode: 1176: [[0.07925608 0.1517589  0.24350783 0.2561125  0.30966136]] 
Episode: 1177: [[0.07919982 0.1517216  0.24338247 0.25601962 0.3098431 ]] 
Episode: 1178: [[0.0791449  0.1517099  0.24331082 0.2559244  0.30997008]] 
Episode: 1179: [[0.07911856 0.15169004 0.243279   0.25583956 0.3100434 ]] 
Episode: 1180: [[0.07914568 0.15159966 0.2433428  0.25575614 0.3100458 ]] 
Episode: 1181: [[0.07915927 0.15154062 0.24346314 0.25566393 0.31000304]] 
Episode: 1182: [[0.07916442 0.15150517 0.24359056 0.25558108 0.30994222]] 
Episode: 1183: [[0.07910675 0.1515229  0.24366581 0.2555386  0.30991313]] 
Episode: 1184: [[0.07906125 0.15156282 0.24372546 0.25554076 0.30983925]] 
Episode: 1185: [[0.07906242 0.1516293  0.24349688 0.25569522 0.3098295 ]] 
Episode: 1186: [[0.07902404 0.15166375 0.2432574  0.25584146 0.3098948 ]] 
Episode: 1187: [[0.07898044 0.1516153  0.24288061 0.25606373 0.31008038]] 
Episode: 1188: [[0.07895339 0.15156949 0.24256526 0.25627372 0.3102107 ]] 
Episode: 1189: [[0.07892516 0.15154795 0.24232638 0.25646624 0.3102771 ]] 
Episode: 1190: [[0.07893508 0.15154283 0.24203396 0.25666282 0.31034327]] 
Episode: 1191: [[0.07886736 0.15142731 0.24193941 0.2566519  0.3105536 ]] 
Episode: 1192: [[0.07881334 0.1513185  0.2418286  0.25665787 0.3107494 ]] 
Episode: 1193: [[0.07877799 0.15126091 0.2417338  0.25665927 0.31088513]] 
Episode: 1194: [[0.07873702 0.15117478 0.2415982  0.25664705 0.3110918 ]] 
Episode: 1195: [[0.07863989 0.15106846 0.24146746 0.25644118 0.3115091 ]] 
Episode: 1196: [[0.07857142 0.15099744 0.24131384 0.25629187 0.31185293]] 
Episode: 1197: [[0.07856896 0.15100333 0.241066   0.2563006  0.31204164]] 
Episode: 1198: [[0.07859313 0.15112707 0.24047385 0.25652134 0.3123387 ]] 
Episode: 1199: [[0.07861571 0.1512545  0.2399429  0.25672752 0.31258667]] 
Episode: 1200: [[0.07861494 0.15130939 0.2393661  0.25678435 0.31305194]] 
