Episode: 1: [[ 0.00099996  0.00099996  0.00099997  0.00099997  0.00099999]
 [ 0.00099996  0.00099996  0.00099997  0.00099997  0.00099999]
 [ 0.00099996  0.00099997  0.00099997  0.00099997  0.00099999]
 [ 0.00099997  0.00099997  0.00099997  0.00099997  0.00099999]
 [ 0.00099999  0.00099999  0.00099999  0.00099999 -0.00099996]] 
Episode: 11: [[ 0.0044258   0.00418451  0.00356016  0.00274768  0.00188304]
 [ 0.00394351  0.00358944  0.00299362  0.00236875  0.00188239]
 [ 0.0030481   0.00276446  0.00244977  0.00181711  0.00184557]
 [ 0.00204087  0.00191135  0.00170488  0.00096992  0.00181514]
 [ 0.00214743  0.00213667  0.00212187  0.00211355 -0.00077532]] 
