Episode: 1: [-0.00099999 -0.00099999 -0.00099999 -0.00099999  0.00099999] 
Episode: 11: [-0.00204762 -0.00208552 -0.0021425  -0.00218505  0.00211336] 
Episode: 21: [ 0.0005776   0.00048185  0.0003557   0.00023289 -0.00041882] 
Episode: 31: [ 0.00210777  0.001959    0.0018125   0.00167239 -0.00189767] 
Episode: 41: [ 0.00306515  0.0028842   0.00273932  0.00267811 -0.00285209] 
Episode: 51: [ 0.00364458  0.00341485  0.00321707  0.00314635 -0.00336905] 
Episode: 61: [ 0.00444522  0.00408641  0.00366347  0.00338272 -0.00391964] 
Episode: 71: [ 0.00482887  0.00440649  0.00377309  0.00332727 -0.004118  ] 
Episode: 81: [ 0.00570046  0.00518876  0.00440329  0.00402279 -0.00486847] 
Episode: 91: [ 0.00662934  0.00585015  0.00494476  0.0045528  -0.00554472] 
Episode: 101: [ 0.0056437   0.00502229  0.00457588  0.00443694 -0.00494603] 
Episode: 111: [ 0.004992    0.00471963  0.00476936  0.00497    -0.00485691] 
Episode: 121: [ 0.0047643   0.00556872  0.00670032  0.00742371 -0.00604813] 
Episode: 131: [ 0.00671255  0.00801758  0.00955998  0.01046268 -0.00863579] 
Episode: 141: [ 0.00759859  0.00934079  0.01127224  0.01200087 -0.01000416] 
Episode: 151: [ 0.00960168  0.01162244  0.01400378  0.01482471 -0.01248465] 
Episode: 161: [ 0.01141258  0.01308109  0.0161524   0.01815587 -0.0146915 ] 
Episode: 171: [ 0.01178271  0.01382887  0.01786974  0.02094775 -0.01612631] 
Episode: 181: [ 0.01013539  0.01285262  0.01772728  0.02172955 -0.01561761] 
Episode: 191: [ 0.00895196  0.01196853  0.01708962  0.02145776 -0.01485102] 
Episode: 201: [ 0.00656734  0.00955455  0.01461904  0.01928664 -0.01242136] 
Episode: 211: [ 0.00678925  0.0102612   0.01548968  0.02001757 -0.01307016] 
Episode: 221: [ 0.00826504  0.01195104  0.01741946  0.02190189 -0.01486632] 
Episode: 231: [ 0.00963551  0.01341625  0.01900825  0.02332806 -0.01637064] 
Episode: 241: [ 0.00996934  0.01360627  0.0192987   0.02379972 -0.01670407] 
Episode: 251: [ 0.00993481  0.01355196  0.01936963  0.02387569 -0.0167195 ] 
Episode: 261: [ 0.00988835  0.01345833  0.0192747   0.02377757 -0.01663388] 
Episode: 271: [ 0.00928138  0.01288379  0.01876077  0.02326183 -0.01606486] 
Episode: 281: [ 0.00851198  0.01219148  0.01821938  0.02286372 -0.0154484 ] 
Episode: 291: [ 0.0087255   0.01266205  0.0187254   0.02336825 -0.01588386] 
Episode: 301: [ 0.00850462  0.01235467  0.01809316  0.02300502 -0.01549333] 
Episode: 311: [ 0.00768772  0.01164625  0.0175185   0.02264318 -0.01486162] 
Episode: 321: [ 0.00622923  0.01041044  0.0165009   0.02192464 -0.01372354] 
Episode: 331: [ 0.00454266  0.00866904  0.01486372  0.02054392 -0.01206697] 
Episode: 341: [ 0.0035488   0.00744441  0.01346307  0.01929394 -0.01081528] 
Episode: 351: [ 0.0031177   0.00655886  0.01217512  0.01817388 -0.00985857] 
Episode: 361: [ 0.00362953  0.00702967  0.01250366  0.01851178 -0.01028201] 
Episode: 371: [ 0.00130101  0.00582708  0.01156589  0.01719466 -0.00878362] 
Episode: 381: [ 0.00091306  0.00600059  0.0121053   0.01761365 -0.00897317] 
Episode: 391: [ 0.00178614  0.00761701  0.01376521  0.01890217 -0.01036846] 
Episode: 401: [ 0.00164559  0.00801391  0.0144514   0.01929994 -0.01071064] 
Episode: 411: [ 0.00215011  0.00916996  0.01601837  0.02050854 -0.01185001] 
Episode: 421: [ 0.0032064   0.0104137   0.01720402  0.02143952 -0.01298512] 
Episode: 431: [ 0.00368681  0.01077435  0.01741746  0.02149563 -0.01326987] 
Episode: 441: [ 0.00363316  0.01074975  0.01739042  0.0212028  -0.01316499] 
Episode: 451: [ 0.00382282  0.01097174  0.01755037  0.02046799 -0.01311522] 
Episode: 461: [ 0.00338763  0.01059884  0.0171356   0.01966915 -0.01259062] 
Episode: 471: [ 0.00363925  0.01075945  0.0170543   0.01918333 -0.01254663] 
Episode: 481: [ 0.00360581  0.01080709  0.01711605  0.01925675 -0.01258506] 
Episode: 491: [ 0.00371391  0.01107867  0.01759157  0.02009872 -0.01302601] 
Episode: 501: [ 0.00295799  0.01044994  0.01713295  0.02059428 -0.01268703] 
Episode: 511: [ 0.00244543  0.00999356  0.01653881  0.02114279 -0.01243467] 
Episode: 521: [ 0.00324675  0.01074806  0.01735644  0.02243933 -0.01338578] 
Episode: 531: [ 0.00329871  0.01100195  0.01779992  0.02287324 -0.01369101] 
Episode: 541: [ 0.00154653  0.0094671   0.01660017  0.02128832 -0.01212286] 
Episode: 551: [ 0.00198185  0.00977182  0.01667879  0.02035726 -0.0120848 ] 
Episode: 561: [ 0.00365265  0.01145699  0.01769464  0.02076219 -0.01330813] 
Episode: 571: [ 0.00373788  0.01140632  0.01697941  0.01980814 -0.01287947] 
Episode: 581: [ 0.00275568  0.01041832  0.01587385  0.01898728 -0.01187398] 
Episode: 591: [ 0.00242793  0.01074533  0.01541098  0.01897653 -0.01175122] 
Episode: 601: [ 0.00323744  0.0114864   0.01538443  0.01770106 -0.01179321] 
Episode: 611: [ 0.00335229  0.01164479  0.01466981  0.01541493 -0.01105465] 
Episode: 621: [ 0.00539803  0.01397476  0.01545171  0.01490345 -0.01223062] 
Episode: 631: [ 0.0036921   0.0119332   0.01212097  0.01221641 -0.00968494] 
Episode: 641: [ 0.00800907  0.01734062  0.01298267  0.01282754 -0.01278617] 
Episode: 651: [ 0.01157243  0.02152156  0.01513181  0.01545985 -0.01615522] 
Episode: 661: [ 0.01626575  0.02608916  0.01890606  0.01707545 -0.02004504] 
Episode: 671: [ 0.01637086  0.02599753  0.01908076  0.01537527 -0.01969933] 
Episode: 681: [ 0.02680728  0.0371761   0.03125363  0.0236699  -0.03259153] 
Episode: 691: [ 0.03261098  0.04327502  0.03598611  0.02489329 -0.03801781] 
Episode: 701: [ 0.03563144  0.04609395  0.03684622  0.02327741 -0.03949593] 
Episode: 711: [ 0.03468657  0.0452141   0.03502019  0.02188029 -0.03794867] 
Episode: 721: [ 0.03252143  0.04275186  0.03176612  0.01942498 -0.03467917] 
Episode: 731: [ 0.03783704  0.04504733  0.02357529  0.00562723 -0.02850154] 
Episode: 741: [ 0.03327609  0.03964223  0.01482831  0.00030094 -0.02043091] 
Episode: 751: [ 0.03274786  0.0387849   0.01353716 -0.00055502 -0.01924389] 
Episode: 761: [ 0.04258268  0.04811116  0.02352258  0.00429528 -0.02970539] 
Episode: 771: [ 0.05534835  0.0603539   0.0351489   0.00869092 -0.04208059] 
Episode: 781: [ 0.0664018   0.0714084   0.0458587   0.01464884 -0.05329591] 
Episode: 791: [ 0.07030816  0.07529015  0.04964968  0.0168526  -0.05727739] 
Episode: 801: [ 0.07133836  0.07601392  0.05012351  0.01746829 -0.05812751] 
Episode: 811: [ 0.07386037  0.0784701   0.05207261  0.01727211 -0.06032253] 
Episode: 821: [ 0.08503168  0.08890284  0.06047298  0.0164615  -0.07007118] 
Episode: 831: [ 0.08911624  0.09262692  0.0634017   0.01631012 -0.07360237] 
Episode: 841: [ 0.09038351  0.0938047   0.06423848  0.01585423 -0.07461683] 
Episode: 851: [ 0.09022734  0.09371965  0.06399487  0.0148472  -0.074291  ] 
Episode: 861: [ 0.08959895  0.09326307  0.06387944  0.01501307 -0.07388057] 
Episode: 871: [ 0.08821084  0.09230396  0.06406301  0.01661174 -0.07330256] 
Episode: 881: [ 0.08758301  0.09189864  0.06405155  0.01678376 -0.07293098] 
Episode: 891: [ 0.08741689  0.09185578  0.06424791  0.01703788 -0.07293276] 
Episode: 901: [ 0.08686697  0.09136645  0.06411295  0.0180362  -0.07269172] 
Episode: 911: [ 0.0868555   0.09116533  0.06363637  0.01783286 -0.0724856 ] 
Episode: 921: [ 0.08596243  0.09005196  0.06200102  0.01642308 -0.07115315] 
Episode: 931: [ 0.08331559  0.08717348  0.05876068  0.01519478 -0.06820042] 
Episode: 941: [ 0.08078083  0.08410779  0.05496965  0.01499477 -0.06529917] 
Episode: 951: [ 0.08110444  0.08449688  0.05632521  0.0209332  -0.06694181] 
Episode: 961: [ 0.07848618  0.0812365   0.05461425  0.02911027 -0.06610585] 
Episode: 971: [ 0.07355336  0.07529155  0.05060041  0.03860913 -0.0633159 ] 
Episode: 981: [ 0.07186463  0.07319669  0.04916285  0.04213603 -0.06239666] 
Episode: 991: [ 0.07151245  0.07215774  0.0480695   0.04377853 -0.06204644] 
Episode: 1001: [ 0.0713434   0.07149042  0.04714673  0.0443551  -0.06167481] 
Episode: 1011: [ 0.07086779  0.07152562  0.04720822  0.04394383 -0.06138343] 
Episode: 1021: [ 0.07007237  0.07207087  0.04809031  0.04316958 -0.06122263] 
Episode: 1031: [ 0.06937469  0.07322756  0.04982336  0.04238503 -0.06151484] 
Episode: 1041: [ 0.06902329  0.07378945  0.05065908  0.04188781 -0.06161957] 
Episode: 1051: [ 0.06915356  0.07414212  0.05132387  0.04211311 -0.06201113] 
Episode: 1061: [ 0.06890011  0.07448421  0.05186762  0.04139881 -0.06195703] 
Episode: 1071: [ 0.0685902   0.07517268  0.05291717  0.04071402 -0.06212447] 
Episode: 1081: [ 0.0681715   0.07499731  0.05261454  0.04013271 -0.0616561 ] 
Episode: 1091: [ 0.06753125  0.07548571  0.05343045  0.03894883 -0.06142149] 
Episode: 1101: [ 0.06694382  0.07637114  0.054606    0.03704464 -0.06124778] 
Episode: 1111: [ 0.06642321  0.07706943  0.05566338  0.03550965 -0.0611044 ] 
Episode: 1121: [ 0.06652288  0.07803434  0.05716924  0.03484938 -0.06166327] 
Episode: 1131: [ 0.06697579  0.07840935  0.0578232   0.03596254 -0.06244644] 
Episode: 1141: [ 0.06755112  0.07776613  0.05693518  0.03927151 -0.06315798] 
Episode: 1151: [ 0.06787971  0.07745282  0.05656986  0.04071236 -0.06349499] 
Episode: 1161: [ 0.06945547  0.07632901  0.05511009  0.0447772  -0.0645657 ] 
Episode: 1171: [ 0.07031982  0.07559586  0.05408606  0.04671622 -0.06498057] 
Episode: 1181: [ 0.07119391  0.07480376  0.052995    0.0483397  -0.06527629] 
Episode: 1191: [ 0.07132661  0.07510005  0.05339357  0.04876795 -0.06565192] 
Episode: 1201: [ 0.07076569  0.07587907  0.05451004  0.04797604 -0.06572425] 
Episode: 1211: [ 0.07107842  0.07661642  0.05545643  0.04906819 -0.06664904] 
Episode: 1221: [ 0.07143238  0.07701702  0.05602014  0.04991385 -0.06731316] 
Episode: 1231: [ 0.07155727  0.07699135  0.05595388  0.05011443 -0.0673994 ] 
Episode: 1241: [ 0.07167028  0.07686058  0.05578522  0.05023335 -0.06739572] 
Episode: 1251: [ 0.0719178   0.07700769  0.05605517  0.0506449  -0.06773314] 
Episode: 1261: [ 0.07192985  0.0770888   0.05612841  0.05065527 -0.06778803] 
Episode: 1271: [ 0.0720119   0.07669038  0.0554641   0.05077922 -0.06756231] 
Episode: 1281: [ 0.0717633   0.076621    0.05511061  0.05039345 -0.06724267] 
Episode: 1291: [ 0.07152911  0.07649016  0.05481973  0.05003829 -0.06692814] 
Episode: 1301: [ 0.07157659  0.07563497  0.05352573  0.05002613 -0.06633847] 
Episode: 1311: [ 0.0717478   0.07535864  0.0531203   0.05037769 -0.06631725] 
Episode: 1321: [ 0.07215721  0.07481524  0.05223709  0.05140398 -0.06638131] 
Episode: 1331: [ 0.07203109  0.07539856  0.05301382  0.05145612 -0.06673194] 
Episode: 1341: [ 0.0723122   0.07536907  0.05289428  0.05176606 -0.06690437] 
Episode: 1351: [ 0.07313254  0.07517315  0.05265166  0.05290565 -0.06745462] 
Episode: 1361: [ 0.07352986  0.07561548  0.05343803  0.05355906 -0.06815238] 
Episode: 1371: [ 0.07338782  0.07581874  0.05366851  0.05317966 -0.06811245] 
Episode: 1381: [ 0.07343487  0.07593791  0.05379346  0.05295354 -0.06814342] 
Episode: 1391: [ 0.07356396  0.07625386  0.05427537  0.05298925 -0.06843646] 
Episode: 1401: [ 0.07391849  0.07606908  0.05405107  0.05355473 -0.06863012] 
Episode: 1411: [ 0.07405352  0.07522128  0.05275     0.05359629 -0.06809228] 
Episode: 1421: [ 0.07411253  0.07439677  0.05143649  0.05346276 -0.06747828] 
Episode: 1431: [ 0.07401471  0.07431872  0.05109123  0.05320952 -0.06725895] 
Episode: 1441: [ 0.07410097  0.07427002  0.05096322  0.0532271  -0.06725524] 
Episode: 1451: [ 0.07403155  0.07399213  0.05051783  0.05314083 -0.0669967 ] 
Episode: 1461: [ 0.07419489  0.07413358  0.05077137  0.05341663 -0.0672552 ] 
Episode: 1471: [ 0.07438438  0.07392314  0.05049637  0.05358445 -0.06724489] 
Episode: 1481: [ 0.07462955  0.0739352   0.05056127  0.0538726  -0.06745218] 
Episode: 1491: [ 0.07454871  0.07365787  0.05016918  0.05372111 -0.06718241] 
Episode: 1501: [ 0.0744938   0.07353653  0.04992656  0.05352405 -0.06700376] 
Episode: 1511: [ 0.07422783  0.07344115  0.04964494  0.05319633 -0.06669679] 
Episode: 1521: [ 0.07417133  0.07337714  0.04947192  0.05314912 -0.06659617] 
Episode: 1531: [ 0.07418352  0.07304537  0.04891215  0.05328728 -0.06639022] 
Episode: 1541: [ 0.07459132  0.0730079   0.04891732  0.05403278 -0.06676438] 
Episode: 1551: [ 0.07531149  0.07308447  0.04915372  0.05505534 -0.06744832] 
Episode: 1561: [ 0.07566143  0.0721485   0.04789326  0.05516665 -0.06699701] 
Episode: 1571: [ 0.07562998  0.07245085  0.0481612   0.05520129 -0.06716777] 
Episode: 1581: [ 0.07660315  0.07109535  0.04629646  0.05632981 -0.06697765] 
Episode: 1591: [ 0.07722908  0.07036176  0.04526297  0.05724681 -0.06699863] 
Episode: 1601: [ 0.07776468  0.07043684  0.0454126   0.05818637 -0.06755986] 
Episode: 1611: [ 0.07886115  0.07004926  0.04537001  0.05944883 -0.06823966] 
Episode: 1621: [ 0.07952026  0.06988727  0.04554003  0.06011571 -0.0686935 ] 
Episode: 1631: [ 0.08006878  0.06961113  0.04564809  0.06062303 -0.06899635] 
Episode: 1641: [ 0.08040413  0.06914948  0.04546712  0.06095747 -0.0690209 ] 
Episode: 1651: [ 0.08045437  0.06892642  0.04535766  0.06132595 -0.0690361 ] 
Episode: 1661: [ 0.08071142  0.06860698  0.04520913  0.061457   -0.06903095] 
Episode: 1671: [ 0.08109658  0.06816797  0.04509823  0.06176607 -0.06909482] 
Episode: 1681: [ 0.08132631  0.06783221  0.04481889  0.06161068 -0.06896211] 
Episode: 1691: [ 0.08116206  0.06760998  0.04474288  0.06182848 -0.06884812] 
Episode: 1701: [ 0.0809866   0.0674099   0.04456367  0.06186213 -0.06866317] 
Episode: 1711: [ 0.08127728  0.06715314  0.04488753  0.06288571 -0.06905182] 
Episode: 1721: [ 0.08146828  0.06725732  0.04531504  0.06347421 -0.06943624] 
Episode: 1731: [ 0.08134867  0.06716564  0.04526681  0.06371465 -0.06940456] 
Episode: 1741: [ 0.08108529  0.0668785   0.04495087  0.06392867 -0.06916717] 
Episode: 1751: [ 0.08128867  0.06707518  0.04512492  0.06382802 -0.06934328] 
Episode: 1761: [ 0.08169118  0.06749272  0.04562213  0.06396078 -0.06982962] 
Episode: 1771: [ 0.08235775  0.06795623  0.04618011  0.06426259 -0.07051125] 
Episode: 1781: [ 0.08285535  0.06822329  0.04659117  0.0647149  -0.07105207] 
Episode: 1791: [ 0.08312718  0.06850667  0.04695214  0.06491837 -0.07141846] 
