49192.507812 14989.295898 9651.297852 24664.544922 47441.605469 
77491.843750 30586.283203 17524.339844 18645.283203 117098.343750 
55782.695312 11317.976562 8150.908203 8948.523438 25920.494141 
60366.253906 21395.042969 14363.744141 15559.073242 48037.101562 
63798.714844 15660.695312 9554.350586 11997.080078 85167.945312 
54830.484375 16582.527344 14731.543945 14553.486328 89546.578125 
70735.742188 31807.947266 23221.441406 26414.804688 118038.671875 
53063.675781 14975.851562 13321.022461 13514.635742 66098.531250 
59832.671875 21779.068359 15597.130859 20145.232422 67574.992188 
69569.757812 24516.322266 17152.226562 42965.617188 139263.656250 
60508.035156 13648.404297 9859.178711 9439.187500 70547.500000 
53720.250000 15481.850586 10691.319336 8966.179688 60011.835938 
49286.031250 11482.076172 10259.231445 9181.896484 59899.378906 
59563.191406 18615.466797 10501.621094 13392.898438 60618.164062 
52600.730469 15066.417969 11546.872070 26542.677734 36880.261719 
68931.039062 20018.277344 14425.985352 10022.362305 155166.531250 
64523.031250 17214.937500 12367.694336 183637.625000 102576.015625 
70361.578125 31178.804688 19836.025391 15298.243164 170111.078125 
64177.722656 18095.191406 14456.398438 11308.835938 130916.921875 
57042.000000 16814.150391 11546.501953 9177.975586 55271.519531 
