92.220581 90.851982 85.641823 78.530548 101.447205 0.000000 
89.703255 86.792458 75.991447 92.259933 83.670868 0.027976 
87.152153 95.347054 84.658943 81.383865 105.807892 0.000000 
93.419624 94.550758 81.761703 84.399796 99.822868 0.019782 
89.780113 87.789551 95.776398 88.812897 103.166008 0.000000 
91.841499 92.414452 87.744080 82.067314 89.716629 0.027976 
91.919250 101.795944 85.868462 97.374290 89.774033 0.027976 
86.888161 101.132111 99.125092 92.112297 100.873283 0.000000 
85.355347 91.343452 92.296364 92.335480 105.427185 0.000000 
85.058716 81.195366 87.586990 85.678627 92.258759 0.000000 
87.681839 83.405762 79.515152 104.398438 92.213516 0.019782 
86.385231 98.838432 98.865555 91.096306 86.997414 0.019782 
93.599380 90.191071 99.605606 78.252693 85.876640 0.019782 
86.882172 91.684189 100.414459 95.383873 108.748451 0.000000 
87.950539 86.237053 79.977486 87.317123 90.735481 0.027976 
92.337540 92.622231 84.987038 82.290863 82.078880 0.000000 
88.745621 95.363960 94.037651 87.377281 92.476364 0.000000 
90.543526 86.916039 89.622353 78.345169 82.289574 0.027976 
92.272758 90.561150 83.401123 89.087395 92.961746 0.034264 
94.449593 85.306335 80.140419 92.936485 91.374672 0.000000 
90.873169 94.340950 82.148590 80.228493 94.242180 0.034264 
90.081123 99.881485 84.288589 103.598366 93.236816 0.027976 
88.671059 89.866570 92.806656 85.432549 94.724785 0.000000 
92.981689 92.433250 95.251595 99.751465 93.435471 0.000000 
89.170448 90.863022 81.199753 77.170944 100.482117 0.000000 
93.927078 101.919846 79.461136 87.969582 98.232063 0.000000 
88.811172 94.631348 102.608650 90.980820 81.670494 0.019782 
88.765297 95.910751 80.884811 113.201096 92.237816 0.000000 
92.304665 83.412125 88.213150 94.108902 91.942604 0.000000 
90.660988 86.089996 95.589783 85.639275 88.876678 0.000000 
87.388512 84.940231 83.558548 77.479393 100.395317 0.027976 
84.424301 87.384377 103.847023 91.688011 84.928818 0.000000 
89.866859 105.792145 93.614029 86.254692 92.716019 0.000000 
94.191513 91.381027 92.524513 85.365379 107.126457 0.034264 
86.831978 88.389023 90.183701 92.584412 80.902931 0.000000 
89.485458 91.482094 90.213005 100.832230 82.190079 0.000000 
93.696884 90.570099 79.978531 88.819687 74.391800 0.000000 
92.432533 91.338623 105.174492 90.083664 105.724068 0.000000 
87.229790 100.234192 97.945488 106.981285 83.805527 0.000000 
95.199646 87.703087 92.937820 93.879349 94.406624 0.000000 
85.300606 99.723289 87.203720 85.178589 78.602364 0.019782 
88.324226 98.274757 89.194504 75.631912 82.903954 0.034264 
97.920609 103.887131 101.518837 86.962059 94.930984 0.019782 
94.684891 91.695961 90.401901 93.757408 59.844513 0.019782 
88.224434 80.630341 93.675529 89.938454 101.813477 0.000000 
94.441483 99.196770 88.615562 109.517570 90.817291 0.019782 
86.608788 89.496925 98.446060 98.937492 99.222618 0.000000 
92.374649 90.298180 82.520561 93.581413 97.666382 0.000000 
95.090332 79.476440 72.176498 99.289474 82.719688 0.000000 
84.629936 86.913368 89.461052 94.586670 102.980675 0.000000 
91.523247 94.442139 81.440834 88.028122 76.526627 0.000000 
87.597130 93.693504 91.529732 93.203445 87.751122 0.000000 
86.399101 90.442986 88.390511 95.384766 92.249702 0.000000 
89.299583 87.764061 85.843224 87.019203 80.050133 0.027976 
88.477158 88.976273 92.379395 104.061020 97.294983 0.000000 
89.004852 90.031708 85.443802 85.043808 90.105385 0.000000 
93.925552 95.958038 82.827682 107.445564 67.907257 0.000000 
83.031708 86.430885 85.953194 82.145782 112.256668 0.019782 
89.237511 92.501511 90.438026 93.541840 84.149734 0.019782 
89.643112 87.576180 94.065994 95.234459 106.457138 0.034264 
96.686951 89.395691 83.090813 97.913239 93.667618 0.000000 
86.770058 91.743126 88.259445 79.692474 71.033417 0.000000 
83.153374 88.651138 81.605583 93.054039 95.273628 0.000000 
93.412163 87.692993 104.001289 79.608353 95.450447 0.000000 
91.017799 76.105705 92.168213 101.214294 89.773270 0.019782 
90.150452 82.503487 109.246635 82.878304 93.755554 0.000000 
90.376106 93.945396 82.438057 71.726585 92.928619 0.000000 
92.002663 94.573097 96.691811 96.823875 90.844315 0.000000 
90.724403 82.552826 84.808640 89.279945 99.113144 0.019782 
91.018044 95.216217 82.382767 100.674019 85.987320 0.019782 
86.927795 86.197769 98.668037 87.714714 90.592003 0.000000 
87.845261 97.957474 83.191528 95.344841 88.963852 0.027976 
87.184357 89.885063 94.011833 87.374039 95.194977 0.019782 
90.076523 91.805260 88.214264 82.964211 68.391388 0.039565 
88.172127 84.900963 84.564644 104.912788 97.899490 0.000000 
93.549957 93.410141 93.688881 92.204712 96.250725 0.019782 
90.712395 88.362625 92.303558 69.911308 81.797226 0.019782 
86.518860 95.350090 90.006020 98.400581 65.108742 0.000000 
93.670494 86.695251 93.093010 86.751541 95.573509 0.027976 
92.577660 79.086693 89.565872 106.290428 108.637589 0.000000 
91.941849 87.135132 83.315002 90.981476 103.972244 0.000000 
86.943726 84.755447 87.880348 90.109497 97.768127 0.000000 
91.962906 89.502678 85.062622 88.926025 90.920822 0.000000 
92.578773 92.293274 85.987534 98.716644 88.179794 0.027976 
87.879623 97.294167 85.024895 87.459328 91.779816 0.000000 
88.284149 93.765648 93.889336 87.432083 89.908035 0.034264 
85.400681 94.818108 88.122398 91.339439 99.309319 0.000000 
93.447144 85.542725 100.834610 88.898491 101.532799 0.000000 
88.271599 92.428726 89.600250 96.199348 76.438110 0.000000 
90.161644 87.144882 93.572517 79.563988 90.713959 0.000000 
89.760666 92.320129 91.479019 80.525085 94.306816 0.000000 
95.014595 78.641235 85.104500 93.882965 83.174583 0.000000 
92.640572 90.215240 78.297531 88.302780 99.609322 0.000000 
97.045700 92.654419 87.638809 72.661575 97.075310 0.019782 
92.164421 91.259552 81.733192 86.696785 95.806938 0.019782 
93.261993 95.480194 81.698669 78.980972 61.441170 0.000000 
89.636520 80.795059 98.631348 92.090630 105.654999 0.000000 
86.605194 75.619415 88.681938 86.061333 98.697556 0.019782 
87.935486 82.588348 88.917038 101.074738 102.717133 0.027976 
90.094749 90.914604 79.719345 97.556641 91.743111 0.000000 
87.983124 100.112823 92.724670 82.735992 88.309776 0.000000 
85.933846 83.530357 100.579208 81.122414 92.426781 0.019782 
90.216682 88.189651 101.784897 86.084259 87.190742 0.000000 
89.718361 87.742691 77.231186 83.884918 102.992302 0.027976 
95.561440 99.717628 99.687981 90.929596 109.672241 0.000000 
83.766136 87.999557 83.350197 75.256607 96.645340 0.000000 
93.054970 96.766174 89.018204 89.581490 90.397659 0.000000 
92.313927 84.365211 73.623497 85.069336 82.386681 0.000000 
91.315872 97.821884 91.700829 83.266357 96.313896 0.000000 
92.067238 87.639931 80.654236 107.171585 98.121231 0.000000 
87.128120 80.899353 87.353676 83.736206 68.628593 0.019782 
91.513680 94.340263 90.223297 100.028122 85.460655 0.019782 
91.858879 90.647438 89.591232 91.441826 89.648003 0.000000 
86.133827 87.188927 95.967514 88.296066 101.178368 0.000000 
89.046051 78.672981 90.010948 94.341888 91.567284 0.000000 
83.905701 94.781410 87.684860 86.358604 89.319611 0.019782 
91.761154 99.058990 91.238815 92.216713 91.092033 0.027976 
91.604202 97.404411 93.279327 79.916306 99.775940 0.039565 
88.612778 81.208183 82.531891 91.547592 78.923134 0.019782 
93.350395 91.769684 90.468849 81.952019 83.979050 0.000000 
87.910919 91.830559 79.566292 78.571106 92.945724 0.000000 
89.973167 87.806259 77.426529 78.407654 97.108429 0.027976 
92.449959 97.389244 90.503540 88.405594 99.521973 0.000000 
96.477821 92.005066 96.649681 89.134766 85.242493 0.039565 
88.311386 97.431175 88.471977 91.505630 90.394402 0.000000 
89.477516 87.638939 91.571701 100.881218 93.709984 0.019782 
89.528000 93.958862 82.347969 86.996597 100.800194 0.000000 
96.516724 96.614311 91.001740 108.030724 79.121948 0.019782 
90.774605 90.482262 84.662186 98.508553 73.418716 0.019782 
89.019882 101.051842 96.032921 92.940071 90.270912 0.000000 
93.086075 96.674469 96.846466 82.439728 92.020981 0.019782 
85.575424 88.944862 93.244385 85.454521 98.968781 0.000000 
91.127846 89.291740 88.059692 98.376060 98.837555 0.027976 
88.866524 92.049034 87.908928 90.750427 107.055565 0.000000 
86.861275 87.412964 85.693436 88.960716 97.494873 0.000000 
88.774979 91.735237 76.957039 85.782143 102.377907 0.019782 
89.808449 99.534576 88.354897 96.762733 87.338364 0.034264 
91.669739 89.691071 85.709190 90.136520 94.984604 0.027976 
89.310310 86.708336 92.612556 101.429428 89.090355 0.019782 
90.878273 93.336754 92.284462 88.887375 104.978386 0.019782 
86.816269 96.825905 88.618996 84.182022 80.415695 0.019782 
92.591530 96.278656 86.280434 84.611465 93.072136 0.000000 
91.580490 86.479912 81.124519 88.019394 89.516304 0.000000 
86.309349 88.773262 89.391472 88.272583 68.633286 0.000000 
90.826035 84.315628 105.197578 87.351456 100.471916 0.019782 
86.293900 77.821289 97.430824 86.107719 86.742783 0.019782 
98.014771 96.924576 84.780701 92.710075 107.765511 0.019782 
94.835060 84.240677 93.057953 82.405716 79.957329 0.000000 
91.333580 92.454796 81.230606 93.219902 82.487679 0.000000 
86.036461 89.645515 92.410637 93.806076 92.604568 0.019782 
90.849930 90.190201 97.333504 100.598969 94.797424 0.000000 
91.011627 90.303932 86.278839 91.745979 84.809280 0.027976 
89.523285 102.800827 77.922546 83.227280 84.438400 0.019782 
89.726212 89.996559 89.266869 94.172272 96.505913 0.000000 
78.396881 83.955399 91.707970 85.779068 94.764610 0.019782 
92.029053 92.880592 83.594826 96.495636 124.425781 0.000000 
83.647453 85.886131 95.330338 75.556572 105.187271 0.000000 
96.907776 93.180244 93.235283 91.651749 81.856590 0.000000 
87.416100 98.593018 97.019638 93.618752 90.358177 0.000000 
94.993721 93.843925 91.480637 94.074844 80.477730 0.019782 
86.520210 90.948875 86.710640 90.111992 65.248634 0.034264 
87.716255 97.678421 93.910645 87.267227 96.207977 0.027976 
91.447884 86.316902 90.852997 93.761124 93.884621 0.019782 
87.946709 89.307663 89.689606 81.784470 69.770576 0.000000 
86.133408 90.740463 86.473618 81.739639 100.809402 0.000000 
88.008034 94.105705 101.071945 88.173737 94.436028 0.019782 
90.363884 78.642876 103.191414 98.194672 86.685081 0.000000 
89.910973 91.806091 87.078217 76.985825 89.866188 0.039565 
86.818436 94.955322 99.846504 99.459602 87.933571 0.000000 
85.874168 94.924049 89.578407 89.275917 91.418091 0.019782 
88.514244 90.936829 93.154099 104.655289 95.000748 0.000000 
86.259796 93.499619 80.640709 99.186592 88.371033 0.000000 
92.704498 87.277344 88.306908 87.031494 83.676453 0.034264 
87.289398 94.597794 90.659363 86.536095 87.306526 0.000000 
92.261543 98.856529 98.211807 86.855400 97.329819 0.027976 
88.280930 90.941269 97.816277 90.464836 85.646797 0.000000 
87.296043 89.816963 92.473129 88.600868 101.553413 0.034264 
87.033127 91.951927 99.554474 83.666191 90.334229 0.000000 
90.822441 88.818520 92.511009 101.884544 82.073494 0.000000 
87.145607 107.051926 93.918999 98.408012 77.856071 0.000000 
87.052673 96.394058 89.496017 85.986931 88.085739 0.019782 
92.989487 91.083267 86.541710 96.888687 93.027245 0.000000 
92.298721 87.423065 88.852287 83.595459 97.776031 0.000000 
91.254967 85.359581 84.715469 85.368050 87.869514 0.027976 
93.234352 94.474686 82.997337 96.213593 96.461609 0.000000 
92.915207 80.208237 94.270157 96.983231 98.996071 0.000000 
91.856392 97.922874 94.964035 91.428207 87.892876 0.019782 
88.581642 94.704063 85.006523 79.229668 93.329147 0.000000 
86.661125 85.323334 94.911789 76.304077 90.787727 0.000000 
90.790512 98.599991 77.712379 89.917976 100.057449 0.000000 
88.931290 93.012764 77.817986 85.374916 84.175629 0.000000 
89.490097 96.433701 96.047394 90.242203 105.089630 0.027976 
86.601479 88.493088 93.531822 95.192787 94.749290 0.000000 
88.959869 92.327744 89.946724 72.361687 90.004097 0.019782 
89.978249 93.403099 83.366394 84.407066 105.108704 0.019782 
94.188957 89.018074 89.069298 86.068008 95.374771 0.000000 
91.116745 94.110992 91.833603 87.823006 95.835587 0.000000 
89.489098 98.795753 91.328262 83.592712 94.142159 0.019782 
90.545502 90.244179 89.554802 91.539688 84.649803 0.019782 
92.197426 97.591431 98.272232 96.522179 91.502480 0.000000 
93.573097 85.381523 98.909920 87.877296 87.641586 0.000000 
87.602142 81.727699 93.140404 93.188568 74.301109 0.000000 
89.789955 96.888466 90.665016 93.280876 87.985809 0.000000 
95.966316 89.805656 87.185112 72.495972 96.746956 0.034264 
85.423553 80.949829 99.337791 81.207809 84.544060 0.000000 
93.062439 83.656921 81.233093 80.014999 88.193848 0.000000 
91.131973 85.765518 82.448540 92.949203 94.876938 0.000000 
87.461517 94.699188 89.329865 92.799751 79.932480 0.019782 
85.780235 95.123955 85.195702 90.393913 89.334229 0.000000 
90.015709 91.906067 95.192322 84.385773 83.126526 0.019782 
96.263374 101.659523 84.265091 87.358627 80.843361 0.000000 
85.563194 80.532890 94.318832 95.058685 103.086906 0.000000 
89.121002 95.292648 82.571388 89.668694 94.780037 0.000000 
89.419083 75.658485 76.740707 90.450272 99.664726 0.019782 
87.897957 79.597939 98.727669 79.077141 104.774445 0.019782 
90.058411 85.194458 98.873962 96.511665 77.003830 0.000000 
92.827019 85.879608 94.847580 93.278664 95.801056 0.000000 
95.654358 87.538605 94.872688 98.574051 96.260216 0.000000 
88.280876 91.086197 85.882057 72.627129 77.380577 0.000000 
90.903534 99.109009 102.229790 90.032272 88.935356 0.027976 
90.739128 92.373734 91.818893 94.723389 94.507828 0.019782 
82.238533 108.912041 94.478096 87.193649 90.307518 0.000000 
87.884117 98.167160 87.435326 83.569756 88.776939 0.000000 
92.094170 103.486366 95.161949 89.778130 91.836479 0.000000 
92.471039 83.296089 82.415871 83.578056 100.120461 0.039565 
90.271713 92.863251 81.544365 97.465897 93.301994 0.027976 
91.835480 84.765427 85.091148 91.921783 89.683136 0.000000 
95.101227 90.668015 104.520782 97.437294 91.130325 0.019782 
82.769775 97.315872 95.609657 84.609299 77.400627 0.019782 
90.022148 77.826324 81.059830 90.836967 89.237038 0.019782 
94.067009 100.952248 89.364769 96.399460 108.940674 0.039565 
89.272301 84.531189 79.849396 97.789139 80.095009 0.000000 
88.387321 88.376526 90.162872 90.096710 105.973770 0.000000 
88.108459 90.526520 95.058395 84.593796 108.439972 0.019782 
93.067589 84.620247 101.009277 85.191246 101.743690 0.000000 
86.675797 89.505318 101.535187 92.490463 92.508865 0.000000 
81.438217 99.691498 77.181808 92.989082 87.329369 0.019782 
85.340736 95.051399 76.892410 105.471802 86.325882 0.027976 
82.363564 95.415970 87.679634 91.009193 88.767784 0.000000 
85.904938 90.818642 91.489571 97.650795 98.411064 0.000000 
88.648209 94.580650 94.317360 95.568962 93.578171 0.019782 
90.959885 83.808868 89.365967 89.453659 72.468208 0.000000 
92.799995 85.876678 89.325027 89.544014 82.280243 0.027976 
90.706474 90.388092 82.989311 84.239716 82.420403 0.027976 
90.388687 84.242310 96.169548 89.851585 81.947151 0.000000 
89.161835 95.301140 101.023575 81.024246 102.045059 0.019782 
92.034348 93.903008 95.990875 94.252312 88.232788 0.000000 
94.743103 81.559921 97.492500 94.146477 76.879410 0.000000 
92.361893 100.856369 95.962471 85.386963 81.971886 0.027976 
93.094322 90.530937 93.077232 101.280273 93.111504 0.000000 
90.569321 81.642769 89.201797 87.980972 87.195953 0.027976 
93.943016 89.696846 84.261223 101.170654 88.270744 0.000000 
93.651978 73.558945 82.643570 85.530624 99.698402 0.034264 
87.287964 106.002106 85.818207 84.155563 90.901009 0.034264 
85.908760 92.017250 83.667694 93.636421 74.405602 0.000000 
89.979446 77.969048 90.783386 87.971870 65.395920 0.019782 
88.971336 88.114670 87.706863 91.642044 81.490540 0.019782 
87.393753 74.202065 90.753372 91.578232 90.848106 0.000000 
92.873718 101.705086 87.018936 86.600754 93.024635 0.027976 
90.815163 88.977997 90.306923 88.782143 84.693748 0.000000 
93.407242 99.038353 100.632538 89.987999 80.216171 0.000000 
89.172722 90.244942 87.387177 95.966278 97.226692 0.000000 
85.709053 84.087029 87.011452 98.705734 95.103973 0.019782 
88.622162 99.471863 90.845161 94.267593 88.136314 0.000000 
94.958321 98.629547 90.406403 99.662933 86.512901 0.019782 
91.793846 84.968819 98.811287 100.112610 95.231857 0.000000 
91.049294 99.744812 93.890099 93.027527 96.125046 0.000000 
90.463463 87.526115 93.527405 91.130112 100.293205 0.019782 
91.997482 94.589836 80.431549 85.894394 103.610649 0.027976 
86.122597 77.502876 85.142830 85.645782 86.243935 0.000000 
92.538826 93.237701 86.060524 84.796799 100.735382 0.019782 
89.762848 82.887985 90.077423 81.430191 82.351608 0.019782 
89.633034 86.478722 95.921310 106.440277 101.856827 0.000000 
88.196228 82.830666 91.105904 86.868164 83.254951 0.019782 
92.573471 81.686485 94.105858 89.054543 93.173645 0.000000 
94.037834 99.745010 77.602470 83.259132 90.589272 0.019782 
89.444366 92.434555 95.511208 86.838600 111.075714 0.027976 
95.558777 81.213783 90.792488 95.244942 99.146660 0.000000 
91.486626 90.201782 100.101357 79.942513 91.460732 0.000000 
89.474022 106.506401 96.113625 99.000648 75.328659 0.027976 
87.532745 95.665062 91.587303 91.932732 95.326599 0.000000 
93.052368 98.136818 90.626144 74.707558 92.162766 0.000000 
95.310661 99.778282 91.626129 80.586533 87.586418 0.000000 
87.069275 101.587120 82.014603 94.051498 93.651123 0.000000 
90.812500 81.158012 95.222038 87.519608 97.222473 0.000000 
91.533447 93.173141 90.719627 74.671371 87.961250 0.000000 
92.264198 93.136414 84.982765 116.671509 81.141029 0.027976 
93.149704 97.940964 95.203133 94.026840 89.370506 0.027976 
91.200905 92.029869 80.133492 99.284630 101.243629 0.019782 
88.645721 85.197922 95.923653 75.514954 88.675888 0.000000 
92.588562 83.828735 89.883926 106.765678 92.188286 0.000000 
90.079453 92.127335 88.991341 89.335617 67.340569 0.000000 
97.380928 95.442001 96.676460 83.542259 81.810883 0.000000 
84.434006 69.636955 85.910233 73.579521 75.863495 0.000000 
89.689964 96.896950 93.642204 93.028709 96.887131 0.000000 
86.036804 92.956879 77.912636 97.427162 101.894005 0.000000 
93.723564 90.611572 91.469482 87.563820 72.718872 0.000000 
93.583633 90.528572 77.908623 82.612389 95.369926 0.000000 
90.422287 84.001312 91.099693 100.244659 100.817162 0.000000 
90.309952 93.288368 91.520813 69.934250 97.305222 0.027976 
87.681030 96.426605 89.370979 89.396652 103.475647 0.034264 
94.540565 93.485237 79.788712 87.822701 76.033089 0.019782 
92.644310 84.510162 87.987038 82.793854 76.436485 0.027976 
83.121758 106.294807 91.346985 85.151962 103.435699 0.000000 
91.857162 97.132004 91.176697 88.749878 90.471046 0.000000 
91.624763 99.392433 80.449097 90.406921 110.578743 0.000000 
93.637444 76.550316 85.534508 79.389091 86.593422 0.000000 
87.096649 81.163055 84.535263 87.525024 85.678650 0.000000 
