1.051648 
1.084921 
0.880755 
0.921520 
0.824893 
0.720893 
0.789938 
0.609453 
1.502099 
0.598141 
1.156032 
1.883464 
1.066834 
0.654799 
0.704502 
1.115461 
2.493853 
1.303010 
0.971144 
1.577029 
0.701668 
0.811427 
0.797225 
0.679546 
0.892807 
0.975407 
0.697009 
0.396607 
0.750061 
1.125726 
0.669709 
2.710791 
1.036220 
0.525503 
1.076504 
1.002161 
0.887103 
1.804073 
1.260260 
1.746339 
1.585738 
0.767675 
1.347738 
2.333555 
1.500294 
1.304288 
0.807305 
1.290105 
1.141107 
1.733447 
0.931580 
0.937163 
0.758472 
1.645315 
0.650722 
0.687843 
1.667731 
0.885299 
0.631021 
0.695730 
1.921450 
1.735931 
2.296310 
1.438721 
0.652222 
1.913801 
0.705755 
0.645116 
1.557274 
1.910051 
0.663962 
1.620752 
1.231499 
0.841069 
0.515788 
0.878977 
1.147546 
0.669381 
0.809657 
0.729821 
0.783071 
1.346451 
1.321512 
0.936352 
1.278022 
0.389658 
1.680973 
1.249026 
1.324745 
0.955302 
0.932002 
1.446922 
1.190273 
0.598001 
0.837087 
0.661296 
1.119101 
1.804237 
1.484688 
0.727768 
1.374508 
1.455849 
0.581514 
0.921107 
1.156332 
1.268709 
1.485997 
0.695602 
1.113391 
0.970965 
0.546551 
0.749265 
0.741825 
0.964398 
0.612908 
0.985567 
1.155707 
0.535183 
0.787263 
1.399729 
0.801266 
0.847918 
0.960852 
1.131871 
1.321431 
2.373422 
0.824452 
1.093234 
1.412063 
0.802977 
0.830610 
1.490059 
0.526700 
0.950479 
0.866935 
1.011055 
1.070899 
1.279522 
1.011654 
1.241891 
0.948073 
0.695793 
1.007490 
0.910883 
0.957974 
0.719009 
0.837077 
1.278134 
0.766383 
0.792699 
1.179581 
1.328480 
1.150257 
0.796647 
0.803714 
1.221605 
1.748960 
0.759698 
1.261588 
1.329678 
0.608681 
1.358494 
0.479100 
0.743131 
0.702607 
0.800515 
0.837314 
1.185677 
0.449769 
1.158998 
0.890695 
0.934079 
0.967774 
0.653984 
1.160947 
0.969720 
0.642527 
1.006118 
1.028155 
2.041044 
0.891465 
1.100300 
1.752289 
0.845971 
0.389047 
1.148225 
1.704838 
1.349265 
1.711849 
1.062630 
1.681304 
1.628307 
1.561512 
0.940252 
0.879358 
0.851494 
0.989144 
0.661241 
0.966621 
0.645384 
1.907028 
2.059761 
0.870303 
1.988524 
1.009628 
0.950548 
1.962195 
0.928564 
0.749011 
0.483900 
0.970828 
1.323251 
0.415941 
1.146971 
1.353492 
0.680294 
1.111585 
1.331338 
1.204472 
1.085236 
0.878761 
0.931025 
1.099415 
0.894259 
1.199153 
2.715720 
0.651758 
0.714576 
1.974745 
0.624498 
0.533121 
0.803325 
0.514480 
0.625430 
1.252989 
0.601189 
0.659601 
1.614702 
1.141573 
0.754459 
0.895526 
1.609858 
1.333337 
0.788034 
0.768921 
0.803853 
1.039190 
1.101024 
0.835184 
0.548161 
1.152765 
2.126666 
0.898882 
1.111225 
1.168436 
0.798007 
0.999595 
1.222937 
1.081452 
0.959850 
1.534236 
0.636504 
0.828484 
0.876207 
0.725547 
1.693094 
0.652698 
1.680549 
0.647477 
0.877663 
0.760509 
1.188787 
0.766671 
0.929761 
0.585164 
0.658126 
0.691081 
0.885156 
0.414373 
0.742823 
0.933713 
1.109773 
0.585542 
0.962756 
0.668799 
0.815793 
1.445324 
0.579283 
0.390393 
2.133821 
0.799969 
0.756646 
0.663360 
0.224568 
0.374375 
1.021607 
1.259045 
0.728914 
0.776855 
1.130546 
