Episode: 1: [[ 8.35088044e-02  8.25088471e-02 -1.98506701e+00  3.01004529e-01
   1.74917877e-02  1.00360792e-02]
 [ 1.23980148e-02  1.13980127e-02 -1.47986066e+00  9.51131284e-02
  -1.85879525e-02 -3.27984951e-02]
 [ 1.24760360e-01  1.23760417e-01 -8.41926217e-01 -5.71547709e-02
   3.60293174e-03  2.91896379e-03]
 [-1.21396057e-01 -1.22396074e-01 -3.03179890e-01  3.59254777e-02
   1.11322571e-02  2.37438362e-05]
 [ 5.13899803e-01  5.12899637e-01 -3.73135298e-01 -2.54368912e-02
   3.84443207e-03  2.05372507e-03]] 
Episode: 11: [[ 8.50831345e-02  8.40831771e-02 -1.98478222e+00  2.98863173e-01
   1.68809406e-02  9.35393944e-03]
 [ 1.34947747e-02  1.24947727e-02 -1.47957885e+00  9.29051265e-02
  -1.86560974e-02 -3.32895294e-02]
 [ 1.25741005e-01  1.24741063e-01 -8.41607928e-01 -5.94336800e-02
   3.53242108e-03  1.41070655e-03]
 [-1.20590888e-01 -1.21590905e-01 -3.05527925e-01  3.35361287e-02
   1.07193571e-02 -1.50992535e-03]
 [ 5.14493465e-01  5.13493299e-01 -3.71283233e-01 -2.76986044e-02
   5.96021442e-03  1.62324857e-03]] 
Episode: 21: [[ 8.7783948e-02  8.6783990e-02 -1.9839877e+00  2.9840514e-01
   1.6081549e-02  8.2044704e-03]
 [ 1.4364442e-02  1.3364440e-02 -1.4787980e+00  9.2573196e-02
  -1.9199941e-02 -3.4385465e-02]
 [ 1.2636675e-01  1.2536682e-01 -8.4089059e-01 -5.9434779e-02
   3.1212983e-03  3.0585323e-04]
 [-1.1961180e-01 -1.2061182e-01 -3.0693343e-01  3.4806546e-02
   1.0009006e-02 -2.4566483e-03]
 [ 5.1564586e-01  5.1464570e-01 -3.7130526e-01 -2.7286256e-02
   6.3761403e-03 -1.4567006e-04]] 
Episode: 31: [[ 8.60666931e-02  8.50667357e-02 -1.98379481e+00  2.98435152e-01
   1.72921158e-02  8.72731674e-03]
 [ 1.27682183e-02  1.17682163e-02 -1.47858930e+00  9.26668644e-02
  -1.78686641e-02 -3.39559279e-02]
 [ 1.25192851e-01  1.24192916e-01 -8.40656400e-01 -5.91284074e-02
   4.50398913e-03  5.96846920e-04]
 [-1.19705029e-01 -1.20705046e-01 -3.06845874e-01  3.54204178e-02
   1.12371631e-02 -1.92373048e-03]
 [ 5.16165197e-01  5.15165031e-01 -3.71073127e-01 -2.64337454e-02
   4.67251288e-03 -1.83140696e-03]] 
Episode: 41: [[ 8.52082893e-02  8.42083320e-02 -1.98373139e+00  2.98431158e-01
   1.78651810e-02  8.87558237e-03]
 [ 1.19548636e-02  1.09548615e-02 -1.47851741e+00  9.26883593e-02
  -1.73098613e-02 -3.38779800e-02]
 [ 1.24546342e-01  1.23546414e-01 -8.40565622e-01 -5.90176284e-02
   4.99410881e-03  5.81701461e-04]
 [-1.19839340e-01 -1.20839357e-01 -3.06774408e-01  3.56726311e-02
   1.16011566e-02 -1.84080785e-03]
 [ 5.16543567e-01  5.15543401e-01 -3.70867938e-01 -2.60660574e-02
   3.98052530e-03 -2.55564949e-03]] 
Episode: 51: [[ 8.4917046e-02  8.3917089e-02 -1.9837157e+00  2.9844368e-01
   1.8153084e-02  8.9421822e-03]
 [ 1.1676377e-02  1.0676375e-02 -1.4784985e+00  9.2712857e-02
  -1.7053174e-02 -3.3845853e-02]
 [ 1.2431703e-01  1.2331710e-01 -8.4053904e-01 -5.8954366e-02
   5.1867105e-03  5.6997937e-04]
 [-1.1987864e-01 -1.2087866e-01 -3.0673155e-01  3.5795636e-02
   1.1723223e-02 -1.8118869e-03]
 [ 5.1668620e-01  5.1568604e-01 -3.7078694e-01 -2.5876191e-02
   3.7131023e-03 -2.8542327e-03]] 
Episode: 61: [[ 8.47720727e-02  8.37721154e-02 -1.98371029e+00  2.98452377e-01
   1.82761233e-02  8.97973683e-03]
 [ 1.15425745e-02  1.05425725e-02 -1.47849238e+00  9.27264839e-02
  -1.69657469e-02 -3.38316821e-02]
 [ 1.24227516e-01  1.23227589e-01 -8.40532780e-01 -5.89252040e-02
   5.22109400e-03  5.59691282e-04]
 [-1.19885936e-01 -1.20885953e-01 -3.06750029e-01  3.58494706e-02
   1.17599731e-02 -1.79928157e-03]
 [ 5.16729593e-01  5.15729427e-01 -3.70752394e-01 -2.57931277e-02
   3.46652046e-03 -3.04356660e-03]] 
Episode: 71: [[ 8.47332776e-02  8.37333202e-02 -1.98370075e+00  2.98447847e-01
   1.84307192e-02  9.04237200e-03]
 [ 1.15225064e-02  1.05225043e-02 -1.47848213e+00  9.27265957e-02
  -1.68500748e-02 -3.37851346e-02]
 [ 1.24244750e-01  1.23244822e-01 -8.40522468e-01 -5.89109249e-02
   5.29737305e-03  5.94157900e-04]
 [-1.19868614e-01 -1.20868631e-01 -3.06770235e-01  3.58936787e-02
   1.17423013e-02 -1.78785226e-03]
 [ 5.16727269e-01  5.15727103e-01 -3.70720297e-01 -2.57383306e-02
   3.46921920e-03 -3.02178902e-03]] 
Episode: 81: [[ 8.42109248e-02  8.32109675e-02 -1.98370135e+00  2.98599005e-01
   1.88761484e-02  9.01006442e-03]
 [ 1.11355139e-02  1.01355119e-02 -1.47844172e+00  9.29016471e-02
  -1.67836510e-02 -3.39392014e-02]
 [ 1.24074340e-01  1.23074412e-01 -8.40335429e-01 -5.86905517e-02
   4.88951383e-03  3.54128366e-04]
 [-1.19733669e-01 -1.20733686e-01 -3.05144578e-01  3.60989645e-02
   1.15997763e-02 -1.89040822e-03]
 [ 5.16915023e-01  5.15914857e-01 -3.70077878e-01 -2.58310884e-02
   2.51932326e-03 -3.49521474e-03]] 
Episode: 91: [[ 8.40197504e-02  8.30197930e-02 -1.98369575e+00  2.98653364e-01
   1.89782307e-02  8.98987334e-03]
 [ 1.09968521e-02  9.99685004e-03 -1.47842026e+00  9.29638818e-02
  -1.68202259e-02 -3.40016894e-02]
 [ 1.24023154e-01  1.23023227e-01 -8.40257287e-01 -5.86138628e-02
   4.69019776e-03  2.64488481e-04]
 [-1.19662367e-01 -1.20662384e-01 -3.04523826e-01  3.61600444e-02
   1.15809608e-02 -1.91387907e-03]
 [ 5.16980648e-01  5.15980482e-01 -3.69845986e-01 -2.58622803e-02
   2.09255307e-03 -3.70929064e-03]] 
Episode: 101: [[ 8.3933383e-02  8.2933426e-02 -1.9836920e+00  2.9867193e-01
   1.8983597e-02  8.9738518e-03]
 [ 1.0931400e-02  9.9313976e-03 -1.4784102e+00  9.2985511e-02
  -1.6862819e-02 -3.4032665e-02]
 [ 1.2399461e-01  1.2299468e-01 -8.4022558e-01 -5.8585793e-02
   4.5868391e-03  2.2344397e-04]
 [-1.1963335e-01 -1.2063336e-01 -3.0428535e-01  3.6186036e-02
   1.1555330e-02 -1.9280304e-03]
 [ 5.1701945e-01  5.1601928e-01 -3.6976025e-01 -2.5863174e-02
   2.0593251e-03 -3.7563392e-03]] 
Episode: 111: [[ 8.3879001e-02  8.2879044e-02 -1.9836897e+00  2.9867664e-01
   1.8962523e-02  8.9661945e-03]
 [ 1.0887476e-02  9.8874737e-03 -1.4784048e+00  9.2991278e-02
  -1.6918670e-02 -3.4049746e-02]
 [ 1.2397110e-01  1.2297117e-01 -8.4021121e-01 -5.8577258e-02
   4.4958051e-03  2.0038252e-04]
 [-1.1962711e-01 -1.2062713e-01 -3.0419636e-01  3.6201909e-02
   1.1528850e-02 -1.9388309e-03]
 [ 5.1704311e-01  5.1604295e-01 -3.6971787e-01 -2.5866868e-02
   2.0779339e-03 -3.7631791e-03]] 
Episode: 121: [[ 8.4703811e-02  8.3703853e-02 -1.9832528e+00  2.9855269e-01
   1.9111501e-02  8.8405805e-03]
 [ 1.1379998e-02  1.0379996e-02 -1.4779296e+00  9.2910983e-02
  -1.6908620e-02 -3.4362789e-02]
 [ 1.2349864e-01  1.2249871e-01 -8.3955216e-01 -5.8538333e-02
   4.1123005e-03 -3.0704145e-04]
 [-1.2133358e-01 -1.2233359e-01 -3.0263415e-01  3.6871325e-02
   1.0508286e-02 -2.6371325e-03]
 [ 5.1607144e-01  5.1507127e-01 -3.6896697e-01 -2.5793079e-02
   7.9691230e-04 -4.5256368e-03]] 
Episode: 131: [[ 8.54669958e-02  8.44670385e-02 -1.98194087e+00  2.97365367e-01
   1.96944401e-02  7.26984674e-03]
 [ 1.22320885e-02  1.12320865e-02 -1.47675538e+00  9.19829160e-02
  -1.54048149e-02 -3.58578376e-02]
 [ 1.24690570e-01  1.23690642e-01 -8.38689685e-01 -5.86986504e-02
   6.08104374e-03 -1.71788654e-03]
 [-1.19643122e-01 -1.20643139e-01 -3.00171703e-01  3.85455489e-02
   1.14517016e-02 -3.43773095e-03]
 [ 5.18271446e-01  5.17271280e-01 -3.66991013e-01 -2.51993462e-02
   3.14106885e-03 -3.23057361e-03]] 
Episode: 141: [[ 8.78105760e-02  8.68106186e-02 -1.97905707e+00  2.99086124e-01
   1.79134104e-02  4.32421081e-03]
 [ 1.46475667e-02  1.36475647e-02 -1.47395360e+00  9.38236341e-02
  -1.68401040e-02 -3.87583338e-02]
 [ 1.27452120e-01  1.26452208e-01 -8.36085916e-01 -5.65204248e-02
   4.83496999e-03 -4.57046414e-03]
 [-1.16217144e-01 -1.17217161e-01 -2.96985298e-01  3.68998125e-02
   1.43202506e-02 -1.43143232e-03]
 [ 5.19108355e-01  5.18108189e-01 -3.63800645e-01 -2.72940975e-02
   2.10725283e-03 -4.59508644e-03]] 
