Episode: 1: [[0.001 0.    0.    0.    0.    0.    0.    0.    0.    0.   ]
 [0.001 0.    0.    0.    0.    0.    0.    0.    0.    0.   ]
 [0.001 0.    0.    0.    0.    0.    0.    0.    0.    0.   ]] 
Episode: 2: [[ 0.0013  0.0003 -0.0003  0.0003  0.0003  0.0003  0.      0.      0.0003
   0.0003]
 [ 0.0013  0.0003 -0.0003 -0.0003  0.0003  0.0003  0.      0.      0.0003
   0.0003]
 [ 0.0013  0.0003 -0.0003 -0.0003  0.0003  0.0003  0.      0.      0.0003
   0.0003]] 
Episode: 3: [[ 1.5927516e-03  5.9793214e-04 -4.7455609e-04  1.0979480e-04
   2.0171145e-04  2.5189584e-04  0.0000000e+00  0.0000000e+00
   7.9653757e-05  5.1336811e-04]
 [ 1.5903439e-03  5.9595506e-04 -5.9956394e-04 -5.6545163e-04
   5.9963443e-04  6.0035964e-04  0.0000000e+00  0.0000000e+00
   5.2931765e-04  3.8944470e-04]
 [ 1.5892660e-03  5.9624517e-04 -6.0022081e-04 -5.5817241e-04
   5.9389218e-04  5.9747009e-04  0.0000000e+00  0.0000000e+00
   5.2873109e-04  3.9607831e-04]] 
Episode: 4: [[ 1.5404137e-03  8.9381181e-04 -3.0384277e-04 -1.3174501e-04
   3.5911860e-04  3.0194537e-04  0.0000000e+00  0.0000000e+00
  -6.5816137e-05  6.8598159e-04]
 [ 1.8821541e-03  7.4766303e-04 -8.6101302e-04 -8.2559639e-04
   5.1373523e-04  7.6174742e-04  0.0000000e+00  0.0000000e+00
   6.7959249e-04  4.5591555e-04]
 [ 1.8720509e-03  8.0537872e-04 -8.6961529e-04 -8.2606042e-04
   6.1564811e-04  8.1025192e-04  0.0000000e+00  0.0000000e+00
   6.7373179e-04  4.6932016e-04]] 
Episode: 5: [[ 1.4423418e-03  7.4673124e-04 -1.5492932e-04 -3.7215516e-04
   2.5143442e-04  3.9991376e-04  0.0000000e+00  0.0000000e+00
   4.1016078e-06  8.3328300e-04]
 [ 2.1645259e-03  9.3759934e-04 -1.1112340e-03 -1.0845425e-03
   6.4477313e-04  8.6040236e-04  0.0000000e+00  0.0000000e+00
   5.7192164e-04  5.1286013e-04]
 [ 2.1450669e-03  1.0084003e-03 -1.1349146e-03 -1.0967698e-03
   7.7944394e-04  9.6038758e-04  0.0000000e+00  0.0000000e+00
   5.8819173e-04  5.3145946e-04]] 
Episode: 6: [[ 1.3932437e-03  5.6647212e-04 -8.7261556e-05 -6.2781555e-04
   1.2983102e-04  5.5976177e-04  0.0000000e+00  0.0000000e+00
   1.7808551e-04  8.9980179e-04]
 [ 2.4531584e-03  1.1620475e-03 -1.2708739e-03 -1.3570130e-03
   7.9916616e-04  8.7309640e-04  0.0000000e+00  0.0000000e+00
   3.9051418e-04  6.2704133e-04]
 [ 2.4273158e-03  1.2394701e-03 -1.3379422e-03 -1.3709298e-03
   9.5939491e-04  1.0090361e-03  0.0000000e+00  0.0000000e+00
   4.1113058e-04  6.4622145e-04]] 
Episode: 7: [[ 0.00144602  0.00067558 -0.00020187 -0.000883    0.00020618  0.00071443
   0.          0.          0.00038764  0.00086196]
 [ 0.00274085  0.00105941 -0.00120177 -0.00162954  0.00072458  0.00088184
   0.          0.          0.00018483  0.00079006]
 [ 0.00271659  0.00112594 -0.00134216 -0.00165142  0.00086271  0.00101253
   0.          0.          0.0002009   0.00081281]] 
Episode: 8: [[ 1.4917884e-03  7.7445887e-04 -2.9887236e-04 -1.1198081e-03
   2.7546802e-04  8.3521556e-04  0.0000000e+00  0.0000000e+00
   4.8987323e-04  8.2499086e-04]
 [ 2.9947273e-03  9.6703949e-04 -1.1049444e-03 -1.8784053e-03
   6.5583718e-04  9.0389862e-04  0.0000000e+00  0.0000000e+00
   8.2730541e-05  9.4318413e-04]
 [ 2.9722678e-03  1.0238608e-03 -1.2999597e-03 -1.9052586e-03
   7.7480107e-04  1.0150402e-03  0.0000000e+00  0.0000000e+00
   9.5318370e-05  9.7300642e-04]] 
Episode: 9: [[ 0.00160117  0.00090111 -0.00043282 -0.00136721  0.00035253  0.00087614
   0.          0.          0.00037076  0.00090531]
 [ 0.00320004  0.00085505 -0.00093707 -0.00214241  0.00058511  0.0010328
   0.          0.          0.00019657  0.00085175]
 [ 0.00321409  0.00088503 -0.0011825  -0.00215928  0.00066967  0.00096191
   0.          0.          0.00021171  0.00117634]] 
Episode: 10: [[ 0.00173015  0.00100985 -0.00055703 -0.00160546  0.00041966  0.00088327
   0.          0.          0.00025612  0.00100597]
 [ 0.00340799  0.0007578  -0.00079015 -0.00241143  0.00052157  0.00111231
   0.          0.          0.00029516  0.00081754]
 [ 0.00345107  0.00077446 -0.00106064 -0.00242817  0.00058326  0.00099888
   0.          0.          0.00033461  0.00124776]] 
Episode: 11: [[ 0.00191367  0.00100999 -0.00072705 -0.00184595  0.00039126  0.00085461
   0.          0.          0.00015746  0.00110028]
 [ 0.00360254  0.00082089 -0.00077221 -0.00268583  0.00060609  0.00115228
   0.          0.          0.00037265  0.00083138]
 [ 0.00350922  0.00066773 -0.00088547 -0.00270783  0.00048186  0.00111001
   0.          0.          0.00045362  0.00124573]] 
Episode: 12: [[ 0.00212398  0.00091608 -0.00082615 -0.00207908  0.00029283  0.00082263
   0.          0.          0.00013476  0.00114967]
 [ 0.00377445  0.00092639 -0.00083721 -0.00295893  0.00071357  0.00116685
   0.          0.          0.00039713  0.00088044]
 [ 0.00355093  0.00072574 -0.00071261 -0.00297074  0.00053133  0.00123571
   0.          0.          0.00046417  0.00122519]] 
Episode: 13: [[ 0.00233773  0.00078034 -0.00083435 -0.0023041   0.00016543  0.00080454
   0.          0.          0.000156    0.00114211]
 [ 0.0039141   0.00102329 -0.00093876 -0.00322221  0.00079181  0.00116944
   0.          0.          0.00038755  0.00095002]
 [ 0.00362532  0.00085858 -0.00065023 -0.00321186  0.00065277  0.00134283
   0.          0.          0.00042417  0.00121989]] 
Episode: 14: [[ 2.5330372e-03  6.5197051e-04 -7.7577954e-04 -2.5191768e-03
   5.7824964e-05  8.0316706e-04  0.0000000e+00  0.0000000e+00
   2.1782352e-04  1.0887806e-03]
 [ 4.0319841e-03  1.0741404e-03 -1.0468595e-03 -3.4706390e-03
   8.1936672e-04  1.1663046e-03  0.0000000e+00  0.0000000e+00
   3.3642029e-04  1.0324547e-03]
 [ 3.7443826e-03  1.0127965e-03 -6.7743246e-04 -3.4387489e-03
   7.8856508e-04  1.4243451e-03  0.0000000e+00  0.0000000e+00
   3.4774133e-04  1.2353995e-03]] 
Episode: 15: [[ 2.7082167e-03  5.3615763e-04 -7.1153621e-04 -2.7236964e-03
  -3.8759001e-05  8.0658263e-04  0.0000000e+00  0.0000000e+00
   2.8277788e-04  1.0214145e-03]
 [ 4.1441810e-03  1.1178048e-03 -1.1395935e-03 -3.7016370e-03
   8.4221934e-04  1.1603611e-03  0.0000000e+00  0.0000000e+00
   2.7636616e-04  1.1149594e-03]
 [ 3.8605903e-03  1.1537072e-03 -7.0740812e-04 -3.6555792e-03
   9.1165025e-04  1.4883487e-03  0.0000000e+00  0.0000000e+00
   2.7494328e-04  1.2628054e-03]] 
Episode: 16: [[ 2.8502962e-03  4.7420588e-04 -6.3015730e-04 -2.9212863e-03
  -8.5243824e-05  8.2805159e-04  0.0000000e+00  0.0000000e+00
   3.0641136e-04  9.1716682e-04]
 [ 4.2455452e-03  1.1105263e-03 -1.1846952e-03 -3.9137928e-03
   8.2456571e-04  1.1584903e-03  0.0000000e+00  0.0000000e+00
   2.4392291e-04  1.1975387e-03]
 [ 4.0138802e-03  1.2673864e-03 -7.7866006e-04 -3.8759797e-03
   1.0044645e-03  1.5219536e-03  0.0000000e+00  0.0000000e+00
   2.4429458e-04  1.3208123e-03]] 
Episode: 17: [[ 0.00297673  0.0004416  -0.00054703 -0.00310491 -0.00011178  0.00085143
   0.          0.          0.0003093   0.00080758]
 [ 0.0043354   0.00108286 -0.00118804 -0.00411387  0.00079591  0.00117399
   0.          0.          0.00023289  0.00125865]
 [ 0.00417153  0.00135929 -0.00087504 -0.00409998  0.00108056  0.0015325
   0.          0.          0.00022721  0.00140428]] 
Episode: 18: [[ 0.00308313  0.00040762 -0.00045386 -0.00326672 -0.00013942  0.00089211
   0.          0.          0.00038839  0.00066347]
 [ 0.00441282  0.00105128 -0.00122135 -0.00421122  0.00076741  0.00110648
   0.          0.          0.00018113  0.00139305]
 [ 0.00429216  0.0014442  -0.0009302  -0.00426018  0.00115303  0.00159232
   0.          0.          0.00014686  0.00137925]] 
Episode: 19: [[ 3.1779232e-03  4.5954206e-04 -3.8999403e-04 -3.4334026e-03
  -9.5544005e-05  9.0009352e-04  0.0000000e+00  0.0000000e+00
   4.1248335e-04  5.8383209e-04]
 [ 4.4727335e-03  9.6666772e-04 -1.2103731e-03 -4.3481179e-03
   6.9906772e-04  1.1047302e-03  0.0000000e+00  0.0000000e+00
   1.6900281e-04  1.4774194e-03]
 [ 4.4467025e-03  1.4712075e-03 -9.9165412e-04 -4.4289441e-03
   1.1749063e-03  1.6180673e-03  0.0000000e+00  0.0000000e+00
   1.0340649e-04  1.3842308e-03]] 
Episode: 20: [[ 3.2586418e-03  5.7983387e-04 -3.6317235e-04 -3.6023506e-03
   3.6651501e-05  8.8899094e-04  0.0000000e+00  0.0000000e+00
   4.0682591e-04  5.4243492e-04]
 [ 4.4856770e-03  8.3797972e-04 -1.1455151e-03 -4.5025037e-03
   5.7427894e-04  1.1418053e-03  0.0000000e+00  0.0000000e+00
   1.7978133e-04  1.5349147e-03]
 [ 4.6350691e-03  1.4339199e-03 -1.0670947e-03 -4.6030865e-03
   1.1045414e-03  1.6243840e-03  0.0000000e+00  0.0000000e+00
   8.1169244e-05  1.4009055e-03]] 
Episode: 21: [[ 3.3306347e-03  7.0491899e-04 -3.5025630e-04 -3.7802074e-03
   1.6876959e-04  8.5474073e-04  0.0000000e+00  0.0000000e+00
   3.8055854e-04  5.4606714e-04]
 [ 4.5102183e-03  7.1345485e-04 -1.0727976e-03 -4.6875034e-03
   4.5512471e-04  1.2062336e-03  0.0000000e+00  0.0000000e+00
   2.0282398e-04  1.5615304e-03]
 [ 4.8215673e-03  1.3863648e-03 -1.1377404e-03 -4.7787977e-03
   1.0304351e-03  1.6089823e-03  0.0000000e+00  0.0000000e+00
   7.4965785e-05  1.4395119e-03]] 
Episode: 22: [[ 0.00336813  0.00084938 -0.00038474 -0.00395529  0.00032484  0.00080594
   0.          0.          0.00031708  0.00058879]
 [ 0.00455449  0.00062144 -0.00096097 -0.00487655  0.00036851  0.00129385
   0.          0.          0.00023564  0.00156279]
 [ 0.00503337  0.00129069 -0.00119744 -0.00495406  0.00090389  0.00157706
   0.          0.          0.00010954  0.00148845]] 
Episode: 23: [[ 0.00337763  0.00096917 -0.00044584 -0.00412514  0.00046026  0.00074849
   0.          0.          0.0002036   0.00066339]
 [ 0.00463722  0.00058158 -0.00083745 -0.00506479  0.00032397  0.00139199
   0.          0.          0.00029102  0.00154256]
 [ 0.00525252  0.00118264 -0.00123536 -0.00512143  0.00077042  0.00153362
   0.          0.          0.00019281  0.00154697]] 
Episode: 24: [[ 0.00337998  0.00108305 -0.0004791  -0.00427058  0.00058499  0.00071559
   0.          0.          0.00012407  0.00069088]
 [ 0.00470008  0.0005357  -0.00071894 -0.00521885  0.00027891  0.00145671
   0.          0.          0.00036915  0.00155449]
 [ 0.00544434  0.00108865 -0.00125235 -0.00527197  0.00065123  0.00150537
   0.          0.          0.00021191  0.00158131]] 
Episode: 25: [[ 3.3460248e-03  1.1886521e-03 -5.0322950e-04 -4.4102129e-03
   6.9729221e-04  6.5270480e-04  0.0000000e+00  0.0000000e+00
   6.4169959e-05  7.8100589e-04]
 [ 4.7037588e-03  5.1177817e-04 -6.0864032e-04 -5.3697112e-03
   2.3841228e-04  1.5255192e-03  0.0000000e+00  0.0000000e+00
   3.6332954e-04  1.5510778e-03]
 [ 5.5886912e-03  1.0110422e-03 -1.2563679e-03 -5.4111122e-03
   5.4125552e-04  1.4728827e-03  0.0000000e+00  0.0000000e+00
   2.6805050e-04  1.6237791e-03]] 
Episode: 26: [[ 3.2895315e-03  1.2862046e-03 -5.5268273e-04 -4.5562591e-03
   7.9981273e-04  6.5809442e-04  0.0000000e+00  0.0000000e+00
   8.2805484e-05  7.5745431e-04]
 [ 4.6746978e-03  5.1240530e-04 -5.8701221e-04 -5.5611595e-03
   2.0251037e-04  1.5001323e-03  0.0000000e+00  0.0000000e+00
   2.3296024e-04  1.6407761e-03]
 [ 5.7002385e-03  9.5042022e-04 -1.2987589e-03 -5.5434182e-03
   4.4188104e-04  1.4723520e-03  0.0000000e+00  0.0000000e+00
   3.5674803e-04  1.6114373e-03]] 
Episode: 27: [[ 3.2406424e-03  1.3799932e-03 -6.2642933e-04 -4.6886005e-03
   8.9324213e-04  6.6750695e-04  0.0000000e+00  0.0000000e+00
   9.5740390e-05  7.3026889e-04]
 [ 4.6640262e-03  5.2578829e-04 -6.1486271e-04 -5.7399245e-03
   1.7033739e-04  1.4714912e-03  0.0000000e+00  0.0000000e+00
   1.0898589e-04  1.7256570e-03]
 [ 5.8070864e-03  9.0518076e-04 -1.3758123e-03 -5.6646974e-03
   3.5180818e-04  1.4674000e-03  0.0000000e+00  0.0000000e+00
   4.2283873e-04  1.6049171e-03]] 
Episode: 28: [[ 3.1845388e-03  1.4634158e-03 -6.9583463e-04 -4.8092371e-03
   9.7703910e-04  6.6636136e-04  0.0000000e+00  0.0000000e+00
   1.1235990e-04  7.1843551e-04]
 [ 4.6420721e-03  5.4081396e-04 -6.5001252e-04 -5.9108911e-03
   1.3921253e-04  1.4527070e-03  0.0000000e+00  0.0000000e+00
   5.7217571e-06  1.7906701e-03]
 [ 5.8965930e-03  8.6617749e-04 -1.4548899e-03 -5.7847430e-03
   2.6852489e-04  1.4410525e-03  0.0000000e+00  0.0000000e+00
   4.5911354e-04  1.6284816e-03]] 
Episode: 29: [[ 3.12635885e-03  1.52871083e-03 -7.80601345e-04 -4.93583130e-03
   1.05036783e-03  5.94936719e-04  0.00000000e+00  0.00000000e+00
   1.21341553e-04  8.02798022e-04]
 [ 4.62428015e-03  5.60016953e-04 -7.02395628e-04 -6.11457601e-03
   1.14086775e-04  1.51435705e-03  0.00000000e+00  0.00000000e+00
   2.23088227e-05  1.75465096e-03]
 [ 5.97686740e-03  8.40818335e-04 -1.57283212e-03 -5.93197066e-03
   1.90821695e-04  1.33512157e-03  0.00000000e+00  0.00000000e+00
   3.42441082e-04  1.75324129e-03]] 
Episode: 30: [[ 3.04560340e-03  1.59211969e-03 -8.78795050e-04 -5.05323941e-03
   1.11686194e-03  5.38313063e-04  0.00000000e+00  0.00000000e+00
   1.21130135e-04  8.70074611e-04]
 [ 4.56908997e-03  5.88920608e-04 -7.83895957e-04 -6.32699626e-03
   9.10451781e-05  1.53633312e-03  0.00000000e+00  0.00000000e+00
   2.98003142e-05  1.75254256e-03]
 [ 6.02642260e-03  8.30089732e-04 -1.70750148e-03 -6.07541343e-03
   1.20882505e-04  1.25678047e-03  0.00000000e+00  0.00000000e+00
   2.25403419e-04  1.84419728e-03]] 
Episode: 31: [[ 2.9694238e-03  1.6395386e-03 -9.5650821e-04 -5.1629264e-03
   1.1730068e-03  4.9453543e-04  0.0000000e+00  0.0000000e+00
   1.2226115e-04  9.2718075e-04]
 [ 4.5307800e-03  6.2171929e-04 -8.6201710e-04 -6.5331045e-03
   7.2209361e-05  1.5470606e-03  0.0000000e+00  0.0000000e+00
   3.8546164e-05  1.7561853e-03]
 [ 6.0709799e-03  8.2663290e-04 -1.8199821e-03 -6.2080114e-03
   6.0558017e-05  1.1893398e-03  0.0000000e+00  0.0000000e+00
   1.1586320e-04  1.9240009e-03]] 
Episode: 32: [[ 2.8861945e-03  1.6010036e-03 -9.8338211e-04 -5.2877017e-03
   1.1259596e-03  5.0069246e-04  0.0000000e+00  0.0000000e+00
   1.3525123e-04  9.6020114e-04]
 [ 4.5849881e-03  7.0397643e-04 -1.0019544e-03 -6.7718597e-03
   1.1933597e-04  1.5208846e-03  0.0000000e+00  0.0000000e+00
   4.2737742e-05  1.7819643e-03]
 [ 6.1060390e-03  8.6856954e-04 -1.9100353e-03 -6.3450830e-03
   6.8126690e-05  1.1490937e-03  0.0000000e+00  0.0000000e+00
   1.1594060e-05  1.9804703e-03]] 
Episode: 33: [[ 2.7903779e-03  1.4605609e-03 -9.6941862e-04 -5.4363306e-03
   9.8321703e-04  5.7397626e-04  0.0000000e+00  0.0000000e+00
   1.4417071e-04  9.5738907e-04]
 [ 4.7356249e-03  8.5957331e-04 -1.1973431e-03 -7.0498111e-03
   2.4498653e-04  1.4356498e-03  0.0000000e+00  0.0000000e+00
   3.9850471e-05  1.8466178e-03]
 [ 6.1180638e-03  9.8063401e-04 -1.9398745e-03 -6.5068295e-03
   1.5351438e-04  1.1586961e-03  0.0000000e+00  0.0000000e+00
  -7.4326221e-05  1.9970662e-03]] 
Episode: 34: [[ 2.70800292e-03  1.28750247e-03 -9.57723241e-04 -5.57641499e-03
   8.26922595e-04  6.52539951e-04  0.00000000e+00  0.00000000e+00
   1.17675780e-04  9.48561647e-04]
 [ 4.91613569e-03  1.03990792e-03 -1.41100225e-03 -7.32703321e-03
   3.82477971e-04  1.33229222e-03  0.00000000e+00  0.00000000e+00
   3.36932389e-05  1.92242081e-03]
 [ 6.11319719e-03  1.11860991e-03 -1.92173978e-03 -6.67299144e-03
   2.53464561e-04  1.19421736e-03  0.00000000e+00  0.00000000e+00
  -1.21082114e-04  1.99309364e-03]] 
Episode: 35: [[ 2.6293867e-03  1.1305375e-03 -9.4423804e-04 -5.7033491e-03
   6.8472925e-04  7.2729657e-04  0.0000000e+00  0.0000000e+00
   1.0502456e-04  9.3660649e-04]
 [ 5.0765132e-03  1.2032626e-03 -1.6017592e-03 -7.5777071e-03
   5.0766859e-04  1.2433919e-03  0.0000000e+00  0.0000000e+00
   3.1488034e-05  1.9862656e-03]
 [ 6.1078137e-03  1.2430004e-03 -1.9101351e-03 -6.8142829e-03
   3.4370390e-04  1.2135371e-03  0.0000000e+00  0.0000000e+00
  -1.7533386e-04  2.0019666e-03]] 
Episode: 36: [[ 2.5509417e-03  9.8915456e-04 -1.0114176e-03 -5.9069321e-03
   5.5193721e-04  6.1221846e-04  0.0000000e+00  0.0000000e+00
   8.6581720e-05  1.0854102e-03]
 [ 5.1948414e-03  1.3545566e-03 -1.8078798e-03 -7.8076613e-03
   6.2239845e-04  1.1598889e-03  0.0000000e+00  0.0000000e+00
   2.7831991e-05  2.0430677e-03]
 [ 6.0583106e-03  1.3327919e-03 -1.8907742e-03 -7.0142215e-03
   4.2467381e-04  1.3515485e-03  0.0000000e+00  0.0000000e+00
  -1.9594068e-04  1.8859584e-03]] 
Episode: 37: [[ 2.4765469e-03  8.6143758e-04 -1.0710421e-03 -6.0918978e-03
   4.3121941e-04  5.0624815e-04  0.0000000e+00  0.0000000e+00
   7.8207217e-05  1.2220152e-03]
 [ 5.3000278e-03  1.4923965e-03 -1.9954734e-03 -8.0160117e-03
   7.2670833e-04  1.0811448e-03  0.0000000e+00  0.0000000e+00
   2.6041160e-05  2.0967973e-03]
 [ 6.0105938e-03  1.4132105e-03 -1.8687048e-03 -7.1933265e-03
   4.9828732e-04  1.4789874e-03  0.0000000e+00  0.0000000e+00
  -2.2356941e-04  1.7780565e-03]] 
Episode: 38: [[ 2.4127245e-03  7.3592924e-04 -1.1010432e-03 -6.2681404e-03
   3.1572153e-04  4.1948879e-04  0.0000000e+00  0.0000000e+00
   5.7882829e-05  1.3403445e-03]
 [ 5.3932820e-03  1.6130524e-03 -2.1511866e-03 -8.2091801e-03
   8.1841921e-04  1.0157491e-03  0.0000000e+00  0.0000000e+00
   2.3107001e-05  2.1418456e-03]
 [ 5.9736152e-03  1.5076300e-03 -1.8745357e-03 -7.4035255e-03
   5.7844695e-04  1.5734744e-03  0.0000000e+00  0.0000000e+00
  -2.3629796e-04  1.6952308e-03]] 
Episode: 39: [[ 2.3577660e-03  6.1073859e-04 -1.0828811e-03 -6.4429054e-03
   2.0199853e-04  3.6214708e-04  0.0000000e+00  0.0000000e+00
   2.5356056e-05  1.4394822e-03]
 [ 5.4689436e-03  1.6995142e-03 -2.2660724e-03 -8.3861537e-03
   8.8048103e-04  9.6203969e-04  0.0000000e+00  0.0000000e+00
   1.8866625e-05  2.1809503e-03]
 [ 5.9663686e-03  1.6326499e-03 -1.9262431e-03 -7.6477728e-03
   6.8701105e-04  1.6326824e-03  0.0000000e+00  0.0000000e+00
  -2.3310192e-04  1.6363490e-03]] 
Episode: 40: [[ 2.3051163e-03  4.9530732e-04 -1.0388264e-03 -6.6079679e-03
   9.8973273e-05  3.2041952e-04  0.0000000e+00  0.0000000e+00
  -5.5896376e-06  1.5281782e-03]
 [ 5.5335788e-03  1.7517994e-03 -2.3455096e-03 -8.5477224e-03
   8.9117378e-04  9.1764698e-04  0.0000000e+00  0.0000000e+00
   1.4791455e-05  2.2167158e-03]
 [ 5.9863725e-03  1.7695557e-03 -2.0040204e-03 -7.8950627e-03
   8.1945129e-04  1.6751221e-03  0.0000000e+00  0.0000000e+00
  -2.2868397e-04  1.5856251e-03]] 
Episode: 41: [[ 2.2535988e-03  3.9437835e-04 -9.8014798e-04 -6.7694271e-03
   1.3520124e-05  2.9704804e-04  0.0000000e+00  0.0000000e+00
  -3.4076227e-05  1.6062432e-03]
 [ 5.5840588e-03  1.7761611e-03 -2.4013903e-03 -8.6955680e-03
   8.6762098e-04  8.8262645e-04  0.0000000e+00  0.0000000e+00
   1.0212682e-05  2.2490255e-03]
 [ 6.0300143e-03  1.9089889e-03 -2.0966239e-03 -8.1594158e-03
   9.5758872e-04  1.6980350e-03  0.0000000e+00  0.0000000e+00
  -2.2396156e-04  1.5455626e-03]] 
Episode: 42: [[ 2.2041833e-03  3.0810945e-04 -9.1139541e-04 -6.9208560e-03
  -4.8891645e-05  2.8110665e-04  0.0000000e+00  0.0000000e+00
  -6.0452436e-05  1.6775647e-03]
 [ 5.6286678e-03  1.7799552e-03 -2.4310879e-03 -8.8311564e-03
   8.0916309e-04  8.5528969e-04  0.0000000e+00  0.0000000e+00
   6.7229025e-06  2.2787887e-03]
 [ 6.0905195e-03  2.0445236e-03 -2.2075751e-03 -8.4180078e-03
   1.0930483e-03  1.7117695e-03  0.0000000e+00  0.0000000e+00
  -2.1992484e-04  1.5090930e-03]] 
Episode: 43: [[ 2.1588423e-03  2.3710441e-04 -8.4247719e-04 -7.0628454e-03
  -8.6295753e-05  2.7086886e-04  0.0000000e+00  0.0000000e+00
  -8.4633502e-05  1.7429058e-03]
 [ 5.6674751e-03  1.7694759e-03 -2.4397837e-03 -8.9554628e-03
   7.2750769e-04  8.3463191e-04  0.0000000e+00  0.0000000e+00
   3.1231054e-06  2.3062103e-03]
 [ 6.1648837e-03  2.1706212e-03 -2.3356143e-03 -8.6700488e-03
   1.2122628e-03  1.7181080e-03  0.0000000e+00  0.0000000e+00
  -2.1651309e-04  1.4755301e-03]] 
Episode: 44: [[ 2.1193414e-03  1.8074339e-04 -7.8342401e-04 -7.1976185e-03
  -9.9212368e-05  2.6666306e-04  0.0000000e+00  0.0000000e+00
  -1.0736483e-04  1.8024804e-03]
 [ 5.7030404e-03  1.7482481e-03 -2.4389902e-03 -9.0690441e-03
   6.2977185e-04  8.1971439e-04  0.0000000e+00  0.0000000e+00
   6.6501110e-07  2.3316063e-03]
 [ 6.2506907e-03  2.2851569e-03 -2.4717057e-03 -8.9217769e-03
   1.3094574e-03  1.7161077e-03  0.0000000e+00  0.0000000e+00
  -2.1363665e-04  1.4456249e-03]] 
Episode: 45: [[ 2.0835213e-03  1.3927888e-04 -7.3304557e-04 -7.3251394e-03
  -8.2997009e-05  2.6630255e-04  0.0000000e+00  0.0000000e+00
  -1.2937583e-04  1.8571998e-03]
 [ 5.7328846e-03  1.7215881e-03 -2.4179982e-03 -9.1730142e-03
   5.2649964e-04  8.1029348e-04  0.0000000e+00  0.0000000e+00
  -4.2137492e-07  2.3551346e-03]
 [ 6.3494309e-03  2.3846659e-03 -2.6183687e-03 -9.1700898e-03
   1.3728924e-03  1.7078867e-03  0.0000000e+00  0.0000000e+00
  -2.1159132e-04  1.4180328e-03]] 
Episode: 46: [[ 2.05534697e-03  1.09037646e-04 -6.92635716e-04 -7.44573958e-03
  -5.36125917e-05  2.71515659e-04  0.00000000e+00  0.00000000e+00
  -1.50108172e-04  1.90688530e-03]
 [ 5.75840892e-03  1.69136492e-03 -2.38640420e-03 -9.26759653e-03
   4.24113736e-04  8.05438962e-04  0.00000000e+00  0.00000000e+00
  -1.22333495e-06  2.37687817e-03]
 [ 6.45760028e-03  2.47076736e-03 -2.77291657e-03 -9.41739138e-03
   1.41329691e-03  1.69298763e-03  0.00000000e+00  0.00000000e+00
  -2.09554142e-04  1.39382423e-03]] 
Episode: 47: [[ 2.0344851e-03  9.2332113e-05 -6.5788429e-04 -7.5655454e-03
  -8.4019839e-06  2.8842565e-04  0.0000000e+00  0.0000000e+00
  -1.6853480e-04  1.9504511e-03]
 [ 5.7664802e-03  1.6568699e-03 -2.3376821e-03 -9.3542719e-03
   3.2365476e-04  8.0761994e-04  0.0000000e+00  0.0000000e+00
  -2.5780789e-06  2.3971358e-03]
 [ 6.5825628e-03  2.5411164e-03 -2.9303918e-03 -9.6860006e-03
   1.4299526e-03  1.6629902e-03  0.0000000e+00  0.0000000e+00
  -2.0821804e-04  1.3773086e-03]] 
Episode: 48: [[ 2.0226622e-03  8.6291795e-05 -6.2656222e-04 -7.6778373e-03
   5.6168989e-05  3.0676706e-04  0.0000000e+00  0.0000000e+00
  -1.8471459e-04  1.9904110e-03]
 [ 5.7716151e-03  1.6289016e-03 -2.2739558e-03 -9.4334390e-03
   2.4985021e-04  8.1276597e-04  0.0000000e+00  0.0000000e+00
  -5.1536090e-06  2.4159292e-03]
 [ 6.7169289e-03  2.5916321e-03 -3.0839921e-03 -9.9477973e-03
   1.4024683e-03  1.6297407e-03  0.0000000e+00  0.0000000e+00
  -2.0633779e-04  1.3621249e-03]] 
Episode: 49: [[ 2.0257072e-03  9.4230512e-05 -6.0734997e-04 -7.7843191e-03
   1.4969801e-04  3.2674754e-04  0.0000000e+00  0.0000000e+00
  -1.8992551e-04  2.0270084e-03]
 [ 5.7696365e-03  1.6192575e-03 -2.1826401e-03 -9.5069893e-03
   2.3320889e-04  8.2139566e-04  0.0000000e+00  0.0000000e+00
  -1.4546026e-05  2.4334323e-03]
 [ 6.8670292e-03  2.6087959e-03 -3.2467735e-03 -1.0208659e-02
   1.2975184e-03  1.5920637e-03  0.0000000e+00  0.0000000e+00
  -2.0863027e-04  1.3482604e-03]] 
Episode: 50: [[ 2.0461793e-03  1.1046279e-04 -6.0363318e-04 -7.8843376e-03
   2.5459085e-04  3.4876110e-04  0.0000000e+00  0.0000000e+00
  -1.9304028e-04  2.0601989e-03]
 [ 5.7622772e-03  1.6269230e-03 -2.0771145e-03 -9.5749199e-03
   2.6207021e-04  8.3289080e-04  0.0000000e+00  0.0000000e+00
  -2.5470590e-05  2.4497742e-03]
 [ 7.0294775e-03  2.6003674e-03 -3.4083570e-03 -1.0465203e-02
   1.1478218e-03  1.5500353e-03  0.0000000e+00  0.0000000e+00
  -2.1057857e-04  1.3360104e-03]] 
Episode: 51: [[ 2.0741259e-03  1.2572706e-04 -6.0038856e-04 -7.9782763e-03
   3.5065186e-04  3.7423757e-04  0.0000000e+00  0.0000000e+00
  -1.9300093e-04  2.0901621e-03]
 [ 5.7564131e-03  1.6359751e-03 -1.9757433e-03 -9.6358387e-03
   2.8997849e-04  8.4420934e-04  0.0000000e+00  0.0000000e+00
  -3.6548267e-05  2.4656404e-03]
 [ 7.1817935e-03  2.5921620e-03 -3.5630406e-03 -1.0722336e-02
   1.0101036e-03  1.5022890e-03  0.0000000e+00  0.0000000e+00
  -2.1467351e-04  1.3270481e-03]] 
Episode: 52: [[ 2.1082796e-03  1.3970565e-04 -5.9957500e-04 -8.0660973e-03
   4.3769693e-04  4.0173891e-04  0.0000000e+00  0.0000000e+00
  -1.9075403e-04  2.1168301e-03]
 [ 5.7508075e-03  1.6463224e-03 -1.8833106e-03 -9.6904533e-03
   3.1757494e-04  8.5479626e-04  0.0000000e+00  0.0000000e+00
  -4.8645594e-05  2.4810366e-03]
 [ 7.3221829e-03  2.5850246e-03 -3.7069614e-03 -1.0978321e-02
   8.8497152e-04  1.4497675e-03  0.0000000e+00  0.0000000e+00
  -2.1872933e-04  1.3217232e-03]] 
Episode: 53: [[ 2.14414229e-03  1.52331602e-04 -5.98142913e-04 -8.14713072e-03
   5.16758417e-04  4.29400563e-04  0.00000000e+00  0.00000000e+00
  -1.87507409e-04  2.14080838e-03]
 [ 5.74843166e-03  1.65609340e-03 -1.80003641e-03 -9.73926019e-03
   3.42997315e-04  8.63996393e-04  0.00000000e+00  0.00000000e+00
  -6.02214604e-05  2.49585044e-03]
 [ 7.45158968e-03  2.57909880e-03 -3.84211307e-03 -1.12259295e-02
   7.71401566e-04  1.39542017e-03  0.00000000e+00  0.00000000e+00
  -2.22793824e-04  1.31886627e-03]] 
Episode: 54: [[ 2.1805351e-03  1.6397213e-04 -5.9629045e-04 -8.2215257e-03
   5.8865955e-04  4.5628764e-04  0.0000000e+00  0.0000000e+00
  -1.8428567e-04  2.1624207e-03]
 [ 5.7495618e-03  1.6656042e-03 -1.7248575e-03 -9.7829252e-03
   3.6660885e-04  8.7174756e-04  0.0000000e+00  0.0000000e+00
  -7.1060684e-05  2.5099840e-03]
 [ 7.5706793e-03  2.5738177e-03 -3.9659850e-03 -1.1461717e-02
   6.6825008e-04  1.3408932e-03  0.0000000e+00  0.0000000e+00
  -2.2649045e-04  1.3178111e-03]] 
Episode: 55: [[ 2.2496639e-03  1.6901882e-04 -6.2020909e-04 -8.3049824e-03
   6.4847700e-04  4.9399823e-04  0.0000000e+00  0.0000000e+00
  -1.7674183e-04  2.1734876e-03]
 [ 5.7422444e-03  1.6813710e-03 -1.6691430e-03 -9.8216645e-03
   3.9540004e-04  8.7974663e-04  0.0000000e+00  0.0000000e+00
  -8.6321677e-05  2.5234495e-03]
 [ 7.6717958e-03  2.5793992e-03 -4.0586689e-03 -1.1742256e-02
   5.8248825e-04  1.2564934e-03  0.0000000e+00  0.0000000e+00
  -2.2803509e-04  1.3400526e-03]] 
Episode: 56: [[ 0.00236135  0.00016693 -0.00067683 -0.00839882  0.0006955   0.00054312
   0.          0.         -0.00016208  0.00217281]
 [ 0.00573337  0.00170431 -0.00165076 -0.00985619  0.00042987  0.00088833
   0.          0.         -0.00011515  0.00253572]
 [ 0.00774563  0.00259832 -0.00410088 -0.01206039  0.00051624  0.00114045
   0.          0.         -0.00021725  0.00138938]] 
Episode: 57: [[ 0.00246121  0.00016469 -0.00072208 -0.008484    0.0007379   0.00058698
   0.          0.         -0.00014901  0.00217216]
 [ 0.00572041  0.00172551 -0.00162253 -0.00988696  0.00046144  0.0008947
   0.          0.         -0.00014177  0.00254765]
 [ 0.00780663  0.00261669 -0.00412378 -0.01235618  0.00045677  0.00103127
   0.          0.         -0.00020712  0.00143634]] 
Episode: 58: [[ 0.00256237  0.00016599 -0.0007925  -0.00856841  0.00077647  0.00063132
   0.          0.         -0.00014058  0.00216779]
 [ 0.00572555  0.00175131 -0.00164041 -0.00991454  0.00048951  0.00089826
   0.          0.         -0.00016977  0.00255898]
 [ 0.00786934  0.00263579 -0.00417897 -0.01265358  0.000401    0.00090932
   0.          0.         -0.00019792  0.00149253]] 
Episode: 59: [[ 0.00265338  0.00016752 -0.00086108 -0.00864457  0.00081168  0.00066957
   0.          0.         -0.00013213  0.00216443]
 [ 0.00572941  0.00177555 -0.00166049 -0.00993927  0.00051539  0.0008998
   0.          0.         -0.00019459  0.00256963]
 [ 0.00792568  0.00265375 -0.0042275  -0.01292231  0.00035093  0.00080041
   0.          0.         -0.00018957  0.00154225]] 
Episode: 60: [[ 0.00273279  0.00017121 -0.00094122 -0.00872393  0.00084405  0.0007169
   0.          0.         -0.0001272   0.00215216]
 [ 0.0057286   0.00179763 -0.00170715 -0.00996219  0.00053842  0.00089879
   0.          0.         -0.00021705  0.00257992]
 [ 0.00796867  0.00266421 -0.00429519 -0.0132025   0.00030323  0.000652
   0.          0.         -0.00017704  0.00161958]] 
Episode: 61: [[ 0.00281455  0.00017654 -0.00104101 -0.00879993  0.00087315  0.00075698
   0.          0.         -0.00012666  0.00214044]
 [ 0.00574528  0.00182301 -0.0017919  -0.00998402  0.00055895  0.00089357
   0.          0.         -0.00024063  0.00258955]
 [ 0.0080149   0.00267658 -0.00439079 -0.01345688  0.00025985  0.00051509
   0.          0.         -0.00016645  0.00169133]] 
Episode: 62: [[ 0.00289158  0.00018305 -0.00115301 -0.00887344  0.00089934  0.00078934
   0.          0.         -0.00012887  0.00213012]
 [ 0.00576838  0.00185094 -0.00190362 -0.01000509  0.00057728  0.00088422
   0.          0.         -0.00026534  0.00259914]
 [ 0.00805871  0.00269082 -0.00450609 -0.0136892   0.00022038  0.00039311
   0.          0.         -0.00015927  0.00175641]] 
Episode: 63: [[ 0.0029713   0.00019144 -0.00128115 -0.00894641  0.00092305  0.00081431
   0.          0.         -0.00013332  0.00212122]
 [ 0.00581042  0.00188294 -0.00204607 -0.01002605  0.00059379  0.00087198
   0.          0.         -0.00029046  0.00260809]
 [ 0.00810842  0.00270839 -0.00464407 -0.01390295  0.00018457  0.00028802
   0.          0.         -0.00015481  0.00181403]] 
Episode: 64: [[ 0.00305004  0.00020019 -0.00142234 -0.00902503  0.00094391  0.00082557
   0.          0.         -0.00014116  0.00211655]
 [ 0.00586232  0.00191568 -0.00221293 -0.01004779  0.00060776  0.00085347
   0.          0.         -0.00031627  0.00261831]
 [ 0.0081578   0.00272729 -0.00479706 -0.01412025  0.00015181  0.00021654
   0.          0.         -0.00015237  0.00185866]] 
Episode: 65: [[ 0.00312254  0.00020765 -0.00155044 -0.00911576  0.00096246  0.00081791
   0.          0.         -0.00015044  0.00211788]
 [ 0.00590621  0.00194118 -0.00236023 -0.01007148  0.00061926  0.00082428
   0.          0.         -0.00033657  0.00263141]
 [ 0.00819246  0.00274127 -0.00490987 -0.0143599   0.00012148  0.00019052
   0.          0.         -0.0001439   0.00188812]] 
Episode: 66: [[ 3.1995678e-03  2.1461901e-04 -1.6764121e-03 -9.2025120e-03
   9.7771548e-04  8.0934970e-04  0.0000000e+00  0.0000000e+00
  -1.5983536e-04  2.1181179e-03]
 [ 5.9599704e-03  1.9654268e-03 -2.5032326e-03 -1.0094479e-02
   6.3064706e-04  7.9526991e-04  0.0000000e+00  0.0000000e+00
  -3.5589430e-04  2.6433705e-03]
 [ 8.2096588e-03  2.7505683e-03 -4.9746959e-03 -1.4585223e-02
   9.1717564e-05  1.7481939e-04  0.0000000e+00  0.0000000e+00
  -1.3312830e-04  1.9194527e-03]] 
Episode: 67: [[ 3.27402866e-03  2.18614936e-04 -1.80340535e-03 -9.32699163e-03
   9.89626860e-04  7.57075788e-04  0.00000000e+00  0.00000000e+00
  -1.73962035e-04  2.13415478e-03]
 [ 6.00997452e-03  1.97751820e-03 -2.63174018e-03 -1.01206498e-02
   6.38902362e-04  7.49421713e-04  0.00000000e+00  0.00000000e+00
  -3.64316307e-04  2.66009662e-03]
 [ 8.21247511e-03  2.75979144e-03 -4.97808354e-03 -1.48721077e-02
   6.95555718e-05  2.54770333e-04  0.00000000e+00  0.00000000e+00
  -1.12555346e-04  1.91585568e-03]] 
Episode: 68: [[ 3.3465873e-03  2.2275152e-04 -1.9545904e-03 -9.4607519e-03
   9.9925639e-04  6.8862515e-04  0.0000000e+00  0.0000000e+00
  -1.8703435e-04  2.1554120e-03]
 [ 6.0660113e-03  1.9917425e-03 -2.8027410e-03 -1.0146449e-02
   6.4498308e-04  7.0068886e-04  0.0000000e+00  0.0000000e+00
  -3.7394589e-04  2.6759692e-03]
 [ 8.2173888e-03  2.7718737e-03 -5.0223046e-03 -1.5156487e-02
   5.0545765e-05  3.5769606e-04  0.0000000e+00  0.0000000e+00
  -9.9290504e-05  1.8993246e-03]] 
Episode: 69: [[ 3.4092127e-03  2.2766049e-04 -2.1105679e-03 -9.5889168e-03
   1.0078680e-03  6.1981217e-04  0.0000000e+00  0.0000000e+00
  -1.9992339e-04  2.1756496e-03]
 [ 6.1160624e-03  2.0080991e-03 -2.9871159e-03 -1.0170678e-02
   6.5014715e-04  6.5029750e-04  0.0000000e+00  0.0000000e+00
  -3.8411957e-04  2.6912952e-03]
 [ 8.2180761e-03  2.7849600e-03 -5.0853710e-03 -1.5416142e-02
   3.3092052e-05  4.5276998e-04  0.0000000e+00  0.0000000e+00
  -8.8315042e-05  1.8844292e-03]] 
Episode: 70: [[ 3.4712644e-03  2.3185847e-04 -2.2825145e-03 -9.7079715e-03
   1.0149382e-03  5.5438024e-04  0.0000000e+00  0.0000000e+00
  -2.1208954e-04  2.1939289e-03]
 [ 6.1696116e-03  2.0239297e-03 -3.2017378e-03 -1.0192872e-02
   6.5366877e-04  6.0129771e-04  0.0000000e+00  0.0000000e+00
  -3.9402040e-04  2.7052416e-03]
 [ 8.2223173e-03  2.7967459e-03 -5.1803109e-03 -1.5651112e-02
   1.6363274e-05  5.3830381e-04  0.0000000e+00  0.0000000e+00
  -7.8934347e-05  1.8709545e-03]] 
Episode: 71: [[ 3.5329547e-03  2.3706110e-04 -2.4517688e-03 -9.8186284e-03
   1.0211871e-03  4.9147289e-04  0.0000000e+00  0.0000000e+00
  -2.2456955e-04  2.2105097e-03]
 [ 6.2301895e-03  2.0424754e-03 -3.4181313e-03 -1.0212880e-02
   6.5674953e-04  5.5349676e-04  0.0000000e+00  0.0000000e+00
  -4.0473187e-04  2.7178996e-03]
 [ 8.2303267e-03  2.8099755e-03 -5.2818712e-03 -1.5863651e-02
   1.2296457e-06  6.1378110e-04  0.0000000e+00  0.0000000e+00
  -7.1699382e-05  1.8592112e-03]] 
Episode: 72: [[ 3.5728402e-03  2.4338749e-04 -2.6139664e-03 -9.9207424e-03
   1.0267165e-03  4.2973951e-04  0.0000000e+00  0.0000000e+00
  -2.3618677e-04  2.2262929e-03]
 [ 6.2679378e-03  2.0651894e-03 -3.6278276e-03 -1.0231501e-02
   6.5960892e-04  5.0927920e-04  0.0000000e+00  0.0000000e+00
  -4.1525351e-04  2.7292299e-03]
 [ 8.2230745e-03  2.8240371e-03 -5.3836573e-03 -1.6062062e-02
  -1.2802611e-05  6.7077711e-04  0.0000000e+00  0.0000000e+00
  -6.5024949e-05  1.8533955e-03]] 
Episode: 73: [[ 3.6151265e-03  2.5005476e-04 -2.7985063e-03 -1.0015207e-02
   1.0311890e-03  3.7264355e-04  0.0000000e+00  0.0000000e+00
  -2.4940798e-04  2.2396597e-03]
 [ 6.3149361e-03  2.0891416e-03 -3.8745119e-03 -1.0252875e-02
   6.6121435e-04  4.7942932e-04  0.0000000e+00  0.0000000e+00
  -4.2485577e-04  2.7357289e-03]
 [ 8.2200719e-03  2.8360363e-03 -5.5212406e-03 -1.6256725e-02
  -2.7156480e-05  6.9830340e-04  0.0000000e+00  0.0000000e+00
  -6.6847104e-05  1.8573990e-03]] 
Episode: 74: [[ 3.6478003e-03  2.5742754e-04 -2.9851084e-03 -1.0102649e-02
   1.0351506e-03  3.2143376e-04  0.0000000e+00  0.0000000e+00
  -2.6185607e-04  2.2508362e-03]
 [ 6.3544218e-03  2.1139828e-03 -4.1289269e-03 -1.0275059e-02
   6.6235574e-04  4.5779391e-04  0.0000000e+00  0.0000000e+00
  -4.3403459e-04  2.7396318e-03]
 [ 8.2123252e-03  2.8476440e-03 -5.6703147e-03 -1.6448595e-02
  -4.0587154e-05  7.0224365e-04  0.0000000e+00  0.0000000e+00
  -6.9070549e-05  1.8687124e-03]] 
Episode: 75: [[ 3.6649271e-03  2.6585153e-04 -3.1551761e-03 -1.0182728e-02
   1.0384840e-03  2.7274582e-04  0.0000000e+00  0.0000000e+00
  -2.7351137e-04  2.2607988e-03]
 [ 6.3856333e-03  2.1430673e-03 -4.3638898e-03 -1.0294592e-02
   6.6287973e-04  4.3335630e-04  0.0000000e+00  0.0000000e+00
  -4.4368257e-04  2.7438335e-03]
 [ 8.1962468e-03  2.8609610e-03 -5.8070929e-03 -1.6630722e-02
  -5.3300158e-05  6.9478154e-04  0.0000000e+00  0.0000000e+00
  -7.1140952e-05  1.8822418e-03]] 
Episode: 76: [[ 3.6873189e-03  2.7432176e-04 -3.3212940e-03 -1.0255329e-02
   1.0413395e-03  2.3019577e-04  0.0000000e+00  0.0000000e+00
  -2.8463107e-04  2.2696212e-03]
 [ 6.4266073e-03  2.1720682e-03 -4.5952755e-03 -1.0312712e-02
   6.6289882e-04  4.1410304e-04  0.0000000e+00  0.0000000e+00
  -4.5345438e-04  2.7476598e-03]
 [ 8.1879394e-03  2.8745169e-03 -5.9449226e-03 -1.6795993e-02
  -6.5152068e-05  6.8806316e-04  0.0000000e+00  0.0000000e+00
  -7.3536357e-05  1.8949985e-03]] 
Episode: 77: [[ 3.70482635e-03  2.83354195e-04 -3.48147308e-03 -1.03219105e-02
   1.04385149e-03  1.92293053e-04  0.00000000e+00  0.00000000e+00
  -2.96056533e-04  2.27729860e-03]
 [ 6.46527437e-03  2.20214925e-03 -4.82142484e-03 -1.03289373e-02
   6.62694802e-04  3.94880568e-04  0.00000000e+00  0.00000000e+00
  -4.63807140e-04  2.75160093e-03]
 [ 8.17835517e-03  2.88853934e-03 -6.08120812e-03 -1.69523545e-02
  -7.63096832e-05  6.74184179e-04  0.00000000e+00  0.00000000e+00
  -7.70502957e-05  1.90901058e-03]] 
Episode: 78: [[ 3.7124031e-03  2.9460603e-04 -3.6140596e-03 -1.0383156e-02
   1.0460231e-03  1.5689249e-04  0.0000000e+00  0.0000000e+00
  -3.0781922e-04  2.2840521e-03]
 [ 6.4912634e-03  2.2388650e-03 -5.0067594e-03 -1.0343182e-02
   6.6237431e-04  3.7350802e-04  0.0000000e+00  0.0000000e+00
  -4.7471179e-04  2.7550543e-03]
 [ 8.1627192e-03  2.9068706e-03 -6.1913352e-03 -1.7097184e-02
  -8.6468375e-05  6.5643736e-04  0.0000000e+00  0.0000000e+00
  -8.1511134e-05  1.9222441e-03]] 
