80.599030 57.863338 56.665115 57.045498 49.460003 0.000000 
73.035339 44.791988 43.472691 51.654423 51.683369 0.034264 
71.435982 78.651093 73.594322 70.000282 42.554798 0.027976 
78.370102 62.135170 43.121006 51.452221 61.385983 0.027976 
77.718391 57.662491 72.684021 63.102608 47.749962 0.019782 
75.696571 31.209728 38.172962 34.650112 36.921314 0.019782 
63.777115 49.585842 60.739880 64.857559 46.768360 0.000000 
77.314270 45.844559 49.970734 50.483009 42.702747 0.000000 
69.783112 38.216255 54.367241 52.788864 44.210625 0.000000 
67.238548 52.328217 40.493774 45.852715 52.776447 0.000000 
80.290825 48.650471 46.726906 39.590240 46.905502 0.027976 
66.218819 47.013504 46.474426 53.663342 60.977932 0.000000 
74.869835 36.732544 55.731083 44.971851 53.691364 0.000000 
66.894981 41.369106 49.243858 53.619099 51.078938 0.000000 
69.747261 44.248901 38.590942 50.642666 52.021973 0.000000 
79.966240 43.831207 45.142818 43.143559 56.075504 0.000000 
79.658714 38.914612 48.840294 46.243603 50.812054 0.000000 
73.724876 57.221191 65.886261 71.437645 46.385490 0.019782 
66.438492 42.431614 46.149464 44.473999 60.033520 0.000000 
68.238113 46.507591 51.222984 56.746254 42.333935 0.000000 
