211554.125000 472568.062500 2448155.750000 32290296.000000 152204864.000000 83857320.000000 723526.625000 171279.156250 25986.039062 960549.437500 
234243.328125 243149.265625 531861.375000 581858.437500 1908380.375000 990886.125000 171300.500000 205785.750000 342081.406250 366295.281250 
233798.687500 605625.750000 1992913.250000 1410740.750000 1984442.750000 760265.750000 495330.375000 74611.437500 35718.128906 345896.406250 
128567.460938 200417.015625 430080.187500 1545517.250000 3937836.750000 2661670.250000 592161.687500 674463.062500 245139.250000 2890790.750000 
171262.812500 385430.593750 1298199.875000 2679034.500000 2444953.750000 1125368.250000 655139.875000 445391.250000 120153.820312 394208.468750 
165237.015625 698055.937500 569424.187500 1341017.750000 1931563.125000 3891394.750000 345173.750000 126311.414062 20183.687500 2293981.000000 
180665.515625 338718.531250 463151.125000 907071.125000 4838117.000000 387429.437500 616813.625000 26770.048828 8986.091797 170391.656250 
256219.390625 946841.750000 2383977.000000 2731583.000000 5815717.500000 8458834.000000 7555147.500000 3193756.500000 1345964.000000 10903514.000000 
297221.281250 849573.875000 1478538.750000 5127104.500000 7192891.000000 792863.625000 117065.531250 40248.386719 15763.061523 9595.196289 
183472.609375 792175.812500 1971347.000000 14731597.000000 5856705.000000 13267812.000000 1793176.625000 317940.968750 164891.781250 5297077.500000 
153940.781250 453602.750000 1602461.125000 6877260.500000 55584788.000000 6842164.500000 428477.406250 70632.179688 14523.661133 2746.361572 
183465.734375 439158.187500 1108937.250000 1566384.250000 4099880.500000 2952499.750000 617713.312500 450321.281250 107662.710938 5181164.000000 
176878.562500 471501.093750 213506.062500 785392.750000 1277072.125000 479959.812500 294428.562500 140396.640625 63065.789062 1614165.625000 
130772.992188 91295.703125 193780.828125 1305704.375000 2856672.250000 692352.875000 113737.953125 70390.898438 36309.523438 308663.593750 
195322.109375 1363337.250000 2621425.750000 1314989.125000 1206847.375000 719890.000000 232417.828125 84173.804688 54202.144531 4591468.500000 
148797.812500 143478.187500 779635.312500 7953561.000000 11290842.000000 24442542.000000 47034260.000000 2981282.250000 2326221.750000 1972563.000000 
155503.171875 135485.531250 136567.531250 411970.750000 3211271.000000 8968453.000000 349324.437500 95368.718750 69302.140625 92589.976562 
209989.937500 489569.093750 804821.312500 1662747.000000 1609778.250000 516221.281250 412887.500000 198381.890625 59270.718750 3410703.000000 
143806.937500 213245.015625 331344.562500 838196.125000 193391.250000 184301.093750 61068.367188 15549.195312 6176.325195 163235.140625 
178229.250000 325250.781250 425241.468750 3758507.750000 1175057.000000 414648.968750 82392.789062 53265.613281 54696.273438 135234.750000 
