Episode: 1: [[ 0.0003     -0.0007     -0.0007     -0.00069999 -0.0007     -0.0007    ]
 [ 0.0003     -0.0007     -0.0007     -0.00069999 -0.0007     -0.0007    ]
 [ 0.0003     -0.0007      0.0007     -0.00069999 -0.0007     -0.0007    ]
 [ 0.0003     -0.0007      0.0007      0.00069999 -0.0007     -0.0007    ]
 [ 0.0003     -0.0007     -0.0007      0.0007     -0.0007     -0.0007    ]] 
Episode: 11: [[-0.0061954  -0.0071954  -0.00341454 -0.00234506 -0.00094145  0.00096888]
 [-0.00631648 -0.00731648 -0.0033894  -0.00165932 -0.00097306  0.00056839]
 [-0.00631074 -0.00731074 -0.0012815  -0.00150695 -0.00071023  0.00048605]
 [-0.00625694 -0.00725694 -0.00085537  0.00284615 -0.00039103  0.00049544]
 [-0.00590785 -0.00690785 -0.0043381   0.00220744 -0.00115048 -0.00034583]] 
Episode: 21: [[-0.01353026 -0.01453026 -0.0052834  -0.0025977   0.00211428  0.00751333]
 [-0.01371192 -0.01471192 -0.00542968 -0.00243982  0.00221559  0.00714211]
 [-0.01372191 -0.01472191 -0.00350831 -0.00203646  0.00264633  0.00709278]
 [-0.01366593 -0.01466593 -0.00388391  0.00311067  0.00318642  0.00711809]
 [-0.01311448 -0.01411448 -0.0073718  -0.0014494   0.00255552  0.00593642]] 
Episode: 31: [[-0.01883415 -0.01983415 -0.00505957 -0.00484952 -0.00094199  0.01202892]
 [-0.01970074 -0.02070074 -0.00622399 -0.00426622 -0.00071348  0.01193233]
 [-0.02062595 -0.02162595 -0.0035281  -0.00431681 -0.00101648  0.01210869]
 [-0.0210639  -0.0220639  -0.00524756  0.00070384 -0.00177313  0.01219748]
 [-0.02024689 -0.02124689 -0.00634483 -0.00508185 -0.00135841  0.00987659]] 
Episode: 41: [[-0.02018798 -0.02118798 -0.00333606 -0.00719193  0.00269028  0.01076928]
 [-0.02138674 -0.02238674 -0.00651049 -0.00512897  0.00376354  0.01070539]
 [-0.0242232  -0.0252232  -0.0014811  -0.00641103  0.0012008   0.01076597]
 [-0.02589209 -0.02689209 -0.00387064  0.00207027  0.0002998   0.01096425]
 [-0.02414979 -0.02514979 -0.00649086 -0.00625902  0.00021681  0.00893757]] 
Episode: 51: [[-0.01639898 -0.01739898 -0.00266748 -0.00818837  0.00510567  0.00885624]
 [-0.0178861  -0.0188861  -0.00686666 -0.00532478  0.00632466  0.00891817]
 [-0.02433286 -0.02533286 -0.00061876 -0.00725984  0.00199573  0.00910143]
 [-0.02932141 -0.03032141 -0.0036226   0.00185408  0.0015806   0.00934971]
 [-0.02886685 -0.02986685 -0.0031134  -0.00718174 -0.00171697  0.00678053]] 
Episode: 61: [[-0.01253909 -0.01353909 -0.00151009 -0.00638876  0.00491768  0.00859875]
 [-0.01430701 -0.01530701 -0.00874588 -0.00634842  0.00876889  0.00882276]
 [-0.02301093 -0.02401093  0.00055622 -0.00937025  0.00253644  0.0091209 ]
 [-0.03057071 -0.03157071 -0.00148471  0.00010734  0.0025134   0.00941526]
 [-0.03112101 -0.03212101  0.00010677 -0.00851214 -0.00217904  0.00674277]] 
Episode: 71: [[-0.0098786  -0.0108786   0.0011507  -0.00372769  0.00225911  0.00593785]
 [-0.01164631 -0.0126463  -0.01140848 -0.00900929  0.01142989  0.00616186]
 [-0.02035014 -0.02135014  0.00321714 -0.01203139  0.00519741  0.00646001]
 [-0.02790988 -0.02890988  0.00117627 -0.00255371  0.00517434  0.00675437]
 [-0.02846015 -0.02946015  0.00276806 -0.01117317  0.00048188  0.0040819 ]] 
Episode: 81: [[-0.00888088 -0.00988088  0.00214853 -0.00272975  0.00126211  0.00493998]
 [-0.01064851 -0.01164851 -0.01240699 -0.01000714  0.0124278   0.005164  ]
 [-0.01935231 -0.02035231  0.00421502 -0.01302935  0.0061953   0.00546214]
 [-0.02691204 -0.02791204  0.00217417 -0.00355163  0.00617222  0.0057565 ]
 [-0.02746229 -0.02846229  0.00376608 -0.01217109  0.00147976  0.00308404]] 
Episode: 91: [[-0.00850986 -0.00950986  0.0025196  -0.00235864  0.00089135  0.00456889]
 [-0.01027745 -0.01127745 -0.01277831 -0.01037823  0.0127989   0.00479291]
 [-0.01898125 -0.01998124  0.0045861  -0.01340047  0.0065664   0.00509106]
 [-0.02654096 -0.02754096  0.00254526 -0.00392274  0.00654331  0.00538542]
 [-0.02709121 -0.02809121  0.00413722 -0.01254219  0.00185085  0.00271296]] 
Episode: 101: [[-0.0083728  -0.0093728   0.00265667 -0.00222156  0.00075439  0.00443182]
 [-0.01014039 -0.01114039 -0.01291548 -0.0105153   0.01293598  0.00465584]
 [-0.01884418 -0.01984418  0.00472318 -0.01353755  0.00670347  0.00495398]
 [-0.02640389 -0.02740389  0.00268234 -0.00405982  0.00668039  0.00524834]
 [-0.02695414 -0.02795414  0.00427432 -0.01267927  0.00198792  0.00257589]] 
Episode: 111: [[-0.00832245 -0.00932245  0.00270703 -0.00217119  0.00070408  0.00438146]
 [-0.01009003 -0.01109003 -0.01296587 -0.01056566  0.01298634  0.00460548]
 [-0.01879382 -0.01979382  0.00477354 -0.01358792  0.00675383  0.00490362]
 [-0.02635354 -0.02735353  0.0027327  -0.00411018  0.00673075  0.00519799]
 [-0.02690378 -0.02790378  0.00432468 -0.01272963  0.00203828  0.00252553]] 
Episode: 121: [[-0.00830404 -0.00930404  0.00272545 -0.00215278  0.00068568  0.00436304]
 [-0.01007161 -0.01107161 -0.0129843  -0.01058408  0.01300476  0.00458706]
 [-0.01877541 -0.01977541  0.00479196 -0.01360634  0.00677225  0.00488521]
 [-0.02633512 -0.02733512  0.00275112 -0.0041286   0.00674917  0.00517957]
 [-0.02688536 -0.02788536  0.0043431  -0.01274805  0.0020567   0.00250712]] 
Episode: 131: [[-0.00829733 -0.00929733  0.00273216 -0.00214606  0.00067897  0.00435633]
 [-0.0100649  -0.0110649  -0.01299101 -0.01059079  0.01301147  0.00458035]
 [-0.0187687  -0.0197687   0.00479867 -0.01361305  0.00677896  0.00487849]
 [-0.02632841 -0.02732841  0.00275783 -0.00413531  0.00675588  0.00517286]
 [-0.02687865 -0.02787865  0.00434982 -0.01275477  0.00206341  0.00250041]] 
Episode: 141: [[-0.00829489 -0.00929489  0.0027346  -0.00214363  0.00067654  0.00435389]
 [-0.01006247 -0.01106246 -0.01299345 -0.01059323  0.01301391  0.00457791]
 [-0.01876626 -0.01976626  0.00480111 -0.01361549  0.0067814   0.00487606]
 [-0.02632597 -0.02732597  0.00276027 -0.00413775  0.00675831  0.00517042]
 [-0.02687622 -0.02787622  0.00435225 -0.0127572   0.00206585  0.00249797]] 
Episode: 151: [[-0.008294   -0.00929401  0.00273548 -0.00214274  0.00067565  0.00435301]
 [-0.01006158 -0.01106158 -0.01299434 -0.01059411  0.01301479  0.00457703]
 [-0.01876538 -0.01976538  0.00480199 -0.01361637  0.00678228  0.00487517]
 [-0.02632509 -0.02732509  0.00276115 -0.00413863  0.0067592   0.00516954]
 [-0.02687533 -0.02787533  0.00435314 -0.01275809  0.00206673  0.00249708]] 
Episode: 161: [[-0.00829369 -0.00929369  0.0027358  -0.00214242  0.00067533  0.00435269]
 [-0.01006126 -0.01106126 -0.01299466 -0.01059443  0.01301511  0.00457671]
 [-0.01876506 -0.01976506  0.00480231 -0.01361669  0.0067826   0.00487485]
 [-0.02632477 -0.02732477  0.00276147 -0.00413895  0.00675952  0.00516922]
 [-0.02687502 -0.02787501  0.00435346 -0.01275841  0.00206705  0.00249677]] 
Episode: 171: [[-0.00829357 -0.00929357  0.00273591 -0.00214231  0.00067522  0.00435258]
 [-0.01006115 -0.01106115 -0.01299477 -0.01059454  0.01301522  0.00457659]
 [-0.01876495 -0.01976494  0.00480242 -0.0136168   0.00678272  0.00487474]
 [-0.02632466 -0.02732465  0.00276159 -0.00413907  0.00675963  0.0051691 ]
 [-0.0268749  -0.0278749   0.00435357 -0.01275852  0.00206717  0.00249665]] 
Episode: 181: [[-0.00829353 -0.00929353  0.00273595 -0.00214227  0.00067518  0.00435253]
 [-0.01006111 -0.01106111 -0.01299481 -0.01059458  0.01301527  0.00457655]
 [-0.01876491 -0.01976491  0.00480246 -0.01361684  0.00678276  0.0048747 ]
 [-0.02632462 -0.02732462  0.00276163 -0.00413911  0.00675967  0.00516906]
 [-0.02687486 -0.02787486  0.00435361 -0.01275856  0.00206721  0.00249661]] 
Episode: 191: [[-0.00829352 -0.00929352  0.00273597 -0.00214225  0.00067516  0.00435252]
 [-0.0100611  -0.01106109 -0.01299482 -0.0105946   0.01301528  0.00457654]
 [-0.01876489 -0.01976489  0.00480248 -0.01361686  0.00678277  0.00487468]
 [-0.0263246  -0.0273246   0.00276165 -0.00413912  0.00675969  0.00516905]
 [-0.02687484 -0.02787484  0.00435363 -0.01275858  0.00206722  0.00249659]] 
Episode: 201: [[-0.00829351 -0.00929351  0.00273597 -0.00214225  0.00067516  0.00435251]
 [-0.01006109 -0.01106109 -0.01299483 -0.0105946   0.01301529  0.00457653]
 [-0.01876489 -0.01976489  0.00480248 -0.01361686  0.00678278  0.00487468]
 [-0.0263246  -0.0273246   0.00276165 -0.00413913  0.00675969  0.00516904]
 [-0.02687484 -0.02787484  0.00435363 -0.01275858  0.00206723  0.00249659]] 
Episode: 211: [[-0.00829351 -0.00929351  0.00273598 -0.00214224  0.00067516  0.00435251]
 [-0.01006109 -0.01106109 -0.01299483 -0.0105946   0.01301529  0.00457653]
 [-0.01876489 -0.01976489  0.00480249 -0.01361686  0.00678278  0.00487468]
 [-0.0263246  -0.0273246   0.00276165 -0.00413913  0.0067597   0.00516904]
 [-0.02687484 -0.02787484  0.00435363 -0.01275858  0.00206723  0.00249659]] 
Episode: 221: [[-0.00829351 -0.00929351  0.00273598 -0.00214224  0.00067516  0.00435251]
 [-0.01006109 -0.01106109 -0.01299483 -0.0105946   0.01301529  0.00457653]
 [-0.01876489 -0.01976489  0.00480249 -0.01361686  0.00678278  0.00487468]
 [-0.0263246  -0.0273246   0.00276165 -0.00413913  0.0067597   0.00516904]
 [-0.02687484 -0.02787484  0.00435363 -0.01275858  0.00206723  0.00249659]] 
Episode: 231: [[-0.00829351 -0.00929351  0.00273598 -0.00214224  0.00067515  0.00435251]
 [-0.01006109 -0.01106109 -0.01299483 -0.0105946   0.01301529  0.00457653]
 [-0.01876489 -0.01976489  0.00480249 -0.01361686  0.00678278  0.00487468]
 [-0.0263246  -0.0273246   0.00276165 -0.00413913  0.0067597   0.00516904]
 [-0.02687484 -0.02787484  0.00435363 -0.01275858  0.00206723  0.00249659]] 
Episode: 241: [[-0.00829351 -0.00929351  0.00273598 -0.00214224  0.00067515  0.00435251]
 [-0.01006109 -0.01106109 -0.01299483 -0.0105946   0.01301529  0.00457653]
 [-0.01876489 -0.01976489  0.00480249 -0.01361686  0.00678278  0.00487468]
 [-0.0263246  -0.0273246   0.00276165 -0.00413913  0.0067597   0.00516904]
 [-0.02687484 -0.02787484  0.00435363 -0.01275858  0.00206723  0.00249659]] 
Episode: 251: [[-0.00829351 -0.00929351  0.00273598 -0.00214224  0.00067515  0.00435251]
 [-0.01006109 -0.01106109 -0.01299483 -0.0105946   0.01301529  0.00457653]
 [-0.01876489 -0.01976489  0.00480249 -0.01361686  0.00678278  0.00487468]
 [-0.0263246  -0.0273246   0.00276165 -0.00413913  0.0067597   0.00516904]
 [-0.02687484 -0.02787484  0.00435363 -0.01275858  0.00206723  0.00249659]] 
Episode: 261: [[-0.00829351 -0.00929351  0.00273598 -0.00214224  0.00067515  0.00435251]
 [-0.01006109 -0.01106109 -0.01299483 -0.0105946   0.01301529  0.00457653]
 [-0.01876489 -0.01976489  0.00480249 -0.01361686  0.00678278  0.00487468]
 [-0.0263246  -0.0273246   0.00276165 -0.00413913  0.0067597   0.00516904]
 [-0.02687484 -0.02787484  0.00435363 -0.01275858  0.00206723  0.00249659]] 
Episode: 271: [[-0.00829351 -0.00929351  0.00273598 -0.00214224  0.00067515  0.00435251]
 [-0.01006109 -0.01106109 -0.01299483 -0.0105946   0.01301529  0.00457653]
 [-0.01876489 -0.01976489  0.00480249 -0.01361686  0.00678278  0.00487468]
 [-0.0263246  -0.0273246   0.00276165 -0.00413913  0.0067597   0.00516904]
 [-0.02687484 -0.02787484  0.00435363 -0.01275858  0.00206723  0.00249659]] 
Episode: 281: [[-0.00829351 -0.00929351  0.00273598 -0.00214224  0.00067515  0.00435251]
 [-0.01006109 -0.01106109 -0.01299483 -0.0105946   0.01301529  0.00457653]
 [-0.01876489 -0.01976489  0.00480249 -0.01361686  0.00678278  0.00487468]
 [-0.0263246  -0.0273246   0.00276165 -0.00413913  0.0067597   0.00516904]
 [-0.02687484 -0.02787484  0.00435363 -0.01275858  0.00206723  0.00249659]] 
Episode: 291: [[-0.00829351 -0.00929351  0.00273598 -0.00214224  0.00067515  0.00435251]
 [-0.01006109 -0.01106109 -0.01299483 -0.0105946   0.01301529  0.00457653]
 [-0.01876489 -0.01976489  0.00480249 -0.01361686  0.00678278  0.00487468]
 [-0.0263246  -0.0273246   0.00276165 -0.00413913  0.0067597   0.00516904]
 [-0.02687484 -0.02787484  0.00435363 -0.01275858  0.00206723  0.00249659]] 
Episode: 301: [[-0.00829351 -0.00929351  0.00273598 -0.00214224  0.00067515  0.00435251]
 [-0.01006109 -0.01106109 -0.01299483 -0.0105946   0.01301529  0.00457653]
 [-0.01876489 -0.01976489  0.00480249 -0.01361686  0.00678278  0.00487468]
 [-0.0263246  -0.0273246   0.00276165 -0.00413913  0.0067597   0.00516904]
 [-0.02687484 -0.02787484  0.00435363 -0.01275858  0.00206723  0.00249659]] 
Episode: 311: [[-0.00829351 -0.00929351  0.00273598 -0.00214224  0.00067515  0.00435251]
 [-0.01006109 -0.01106109 -0.01299483 -0.0105946   0.01301529  0.00457653]
 [-0.01876489 -0.01976489  0.00480249 -0.01361686  0.00678278  0.00487468]
 [-0.0263246  -0.0273246   0.00276165 -0.00413913  0.0067597   0.00516904]
 [-0.02687484 -0.02787484  0.00435363 -0.01275858  0.00206723  0.00249659]] 
Episode: 321: [[-0.00829351 -0.00929351  0.00273598 -0.00214224  0.00067515  0.00435251]
 [-0.01006109 -0.01106109 -0.01299483 -0.0105946   0.01301529  0.00457653]
 [-0.01876489 -0.01976489  0.00480249 -0.01361686  0.00678278  0.00487468]
 [-0.0263246  -0.0273246   0.00276165 -0.00413913  0.0067597   0.00516904]
 [-0.02687484 -0.02787484  0.00435363 -0.01275858  0.00206723  0.00249659]] 
Episode: 331: [[-0.00829351 -0.00929351  0.00273598 -0.00214224  0.00067515  0.00435251]
 [-0.01006109 -0.01106109 -0.01299483 -0.0105946   0.01301529  0.00457653]
 [-0.01876489 -0.01976489  0.00480249 -0.01361686  0.00678278  0.00487468]
 [-0.0263246  -0.0273246   0.00276165 -0.00413913  0.0067597   0.00516904]
 [-0.02687484 -0.02787484  0.00435363 -0.01275858  0.00206723  0.00249659]] 
Episode: 341: [[-0.00829351 -0.00929351  0.00273598 -0.00214224  0.00067515  0.00435251]
 [-0.01006109 -0.01106109 -0.01299483 -0.0105946   0.01301529  0.00457653]
 [-0.01876489 -0.01976489  0.00480249 -0.01361686  0.00678278  0.00487468]
 [-0.0263246  -0.0273246   0.00276165 -0.00413913  0.0067597   0.00516904]
 [-0.02687484 -0.02787484  0.00435363 -0.01275858  0.00206723  0.00249659]] 
Episode: 351: [[-0.00829351 -0.00929351  0.00273598 -0.00214224  0.00067515  0.00435251]
 [-0.01006109 -0.01106109 -0.01299483 -0.0105946   0.01301529  0.00457653]
 [-0.01876489 -0.01976489  0.00480249 -0.01361686  0.00678278  0.00487468]
 [-0.0263246  -0.0273246   0.00276165 -0.00413913  0.0067597   0.00516904]
 [-0.02687484 -0.02787484  0.00435363 -0.01275858  0.00206723  0.00249659]] 
