11688.215820 1962.820801 757.731262 611.465454 174254.859375 
159079.156250 2346.202148 1372.960571 1544.438965 211145.328125 
160828.859375 1990.560303 980.505127 1336.673828 208468.484375 
5202.925781 1156.997070 794.840576 741.781738 123529.492188 
28782.357422 1877.491333 1093.123901 646.604492 186544.906250 
22672.962891 2346.414551 740.380188 865.970886 130081.976562 
28977.560547 995.708679 662.657837 3704.856689 124084.812500 
9280355.000000 4685.597168 2796.675049 2139.725342 465056.406250 
49442.808594 1499.531250 1244.509277 1506.079102 186368.359375 
215865.437500 2923.972412 1311.484253 1082.945801 182053.218750 
23495.515625 1008.433167 961.834106 785.458313 187879.843750 
73006.250000 1801.878540 801.448730 685.442871 284092.375000 
29027.167969 3026.753906 1388.826904 1149.515869 164340.468750 
15883.302734 1932.946411 637.220825 506.861633 127629.070312 
11393.633789 906.293762 971.606140 1417.406860 118464.445312 
9927.041992 2061.529053 998.939148 657.726685 170100.609375 
27734.130859 2394.348389 1226.659302 881.243225 132211.328125 
96170.773438 4206.646484 1246.406738 780.411316 206264.328125 
18140.101562 3031.165283 1104.768677 846.668030 164563.828125 
10439.673828 2144.263184 1428.009766 1097.294678 223507.187500 
