78.580429 57.262466 55.217880 58.735458 65.445900 0.000000 
85.723076 73.510071 67.703209 61.429554 40.477085 0.027976 
74.833771 56.197006 52.474251 47.108952 30.390467 0.000000 
80.967361 64.220657 54.859165 45.806248 48.548225 0.000000 
76.362862 60.856625 55.914745 51.739876 38.784214 0.000000 
74.146561 45.816647 34.017368 34.149181 33.647743 0.000000 
71.648170 54.051178 56.486538 52.682690 40.933479 0.000000 
71.648056 49.522697 48.529209 45.873817 47.177307 0.027976 
76.509865 52.101524 57.606037 46.384872 30.134485 0.000000 
73.342636 53.891880 56.358334 50.049129 34.032440 0.000000 
