Episode: 1: [[0. 0. 0.]
 [0. 0. 0.]
 [0. 0. 0.]] 
Episode: 2: [[-9.99999975e-05  9.99999902e-05  9.99999975e-05]
 [-1.00000005e-04 -9.99999829e-05  9.99999902e-05]
 [-9.99999902e-05 -9.99999902e-05 -9.99999829e-05]] 
Episode: 3: [[-0.00020011  0.00019629  0.00019392]
 [-0.00019922 -0.00019616  0.00019213]
 [-0.00019917 -0.0001947  -0.00019227]] 
Episode: 4: [[-0.00029185  0.00029434  0.00029007]
 [-0.00029547 -0.00029412  0.00028605]
 [-0.00029548 -0.00029173 -0.00028619]] 
Episode: 5: [[-0.00037865  0.00039342  0.0003841 ]
 [-0.00037945 -0.00036302  0.00037121]
 [-0.00037939 -0.00038934 -0.00033329]] 
Episode: 6: [[-0.00046702  0.00048836  0.00045908]
 [-0.00046677 -0.00036887  0.00041851]
 [-0.00046684 -0.00046355 -0.00032546]] 
Episode: 7: [[-0.0005514   0.00057004  0.00052299]
 [-0.0005481  -0.00037445  0.00045629]
 [-0.00054835 -0.00052401 -0.00031941]] 
Episode: 8: [[-0.00063478  0.00065094  0.00058756]
 [-0.00062335 -0.00038747  0.0004987 ]
 [-0.00062363 -0.00058792 -0.00031534]] 
Episode: 9: [[-0.00070016  0.00073779  0.00065077]
 [-0.00069595 -0.00038543  0.00054372]
 [-0.00069682 -0.00065561 -0.00029689]] 
Episode: 10: [[-0.00076425  0.00082201  0.00071383]
 [-0.00076656 -0.00039132  0.00059733]
 [-0.00076839 -0.00073106 -0.0002962 ]] 
Episode: 11: [[-0.00082729  0.00090466  0.00077756]
 [-0.0008358  -0.00041603  0.00065665]
 [-0.00083873 -0.00081216 -0.00031736]] 
Episode: 12: [[-0.00088552  0.00098657  0.0008401 ]
 [-0.00090368 -0.00045941  0.00072654]
 [-0.00090729 -0.00089934 -0.00034552]] 
Episode: 13: [[-0.00094552  0.00107052  0.00090275]
 [-0.00097333 -0.00051113  0.00078765]
 [-0.00097805 -0.0009855  -0.0003843 ]] 
Episode: 14: [[-0.0010075   0.00115583  0.00096953]
 [-0.0010443  -0.00057762  0.00085992]
 [-0.00104915 -0.00107366 -0.00043468]] 
Episode: 15: [[-0.00108128  0.00124115  0.00102157]
 [-0.00112447 -0.00065345  0.00093521]
 [-0.00112946 -0.00116603 -0.00050018]] 
Episode: 16: [[-0.00114892  0.00131845  0.00106802]
 [-0.00119806 -0.00071978  0.00100281]
 [-0.0012032  -0.00124931 -0.00055548]] 
Episode: 17: [[-0.00121021  0.0013954   0.00111605]
 [-0.00126939 -0.00079722  0.00107968]
 [-0.00127395 -0.00133801 -0.00062531]] 
Episode: 18: [[-0.00126389  0.00146053  0.00115169]
 [-0.00133373 -0.00086444  0.00114493]
 [-0.00133795 -0.00141572 -0.00068828]] 
Episode: 19: [[-0.0013121   0.00151179  0.00117767]
 [-0.00139131 -0.00092089  0.0012013 ]
 [-0.00139523 -0.00148347 -0.00073875]] 
Episode: 20: [[-0.00135325  0.00155461  0.00120037]
 [-0.00144207 -0.00096569  0.00125071]
 [-0.00144566 -0.00154079 -0.00077998]] 
Episode: 21: [[-0.00139028  0.00159414  0.00122166]
 [-0.00148793 -0.00100883  0.00129577]
 [-0.00149125 -0.00159329 -0.00082041]] 
Episode: 22: [[-0.0014211   0.00163938  0.00124405]
 [-0.00152786 -0.00105064  0.00134165]
 [-0.00153081 -0.00164317 -0.00085981]] 
Episode: 23: [[-0.0014526   0.00165168  0.00127174]
 [-0.00156558 -0.00105078  0.00137455]
 [-0.00156837 -0.00166621 -0.00091607]] 
Episode: 24: [[-0.00148274  0.00163376  0.00128127]
 [-0.00159719 -0.00102793  0.00138023]
 [-0.00160067 -0.00167234 -0.00094439]] 
Episode: 25: [[-0.00151008  0.00161749  0.00128993]
 [-0.00162616 -0.00100788  0.00138545]
 [-0.00163027 -0.00167799 -0.00097108]] 
Episode: 26: [[-0.00153484  0.00160248  0.001295  ]
 [-0.0016528  -0.00099434  0.0013895 ]
 [-0.00165752 -0.00168651 -0.00099859]] 
Episode: 27: [[-0.00158978  0.00154828  0.00134918]
 [-0.00170868 -0.00104831  0.00133534]
 [-0.001713   -0.0017407  -0.00094719]] 
Episode: 28: [[-0.00164036  0.00149845  0.0013984 ]
 [-0.00176023 -0.00109663  0.00128589]
 [-0.00176408 -0.00179025 -0.00089263]] 
Episode: 29: [[-0.00163201  0.00145464  0.00144625]
 [-0.00173312 -0.0011439   0.00123992]
 [-0.00174714 -0.0018381  -0.00090438]] 
Episode: 30: [[-0.00162442  0.00141473  0.00148985]
 [-0.00170846 -0.00118709  0.00119802]
 [-0.00173174 -0.00188171 -0.00091549]] 
Episode: 31: [[-0.0016175   0.00137836  0.00152958]
 [-0.00168599 -0.00122643  0.00115985]
 [-0.00171772 -0.00192144 -0.00092558]] 
Episode: 32: [[-0.00161048  0.00134511  0.0015661 ]
 [-0.00166652 -0.00126091  0.00112593]
 [-0.00170426 -0.00195584 -0.00095554]] 
Episode: 33: [[-0.00160414  0.00131482  0.0015994 ]
 [-0.00164882 -0.00129248  0.00109507]
 [-0.00169206 -0.00198726 -0.00098381]] 
Episode: 34: [[-0.00159837  0.00128723  0.00162973]
 [-0.00163273 -0.00132125  0.00106695]
 [-0.00168097 -0.00201588 -0.0010096 ]] 
Episode: 35: [[-0.00159309  0.00126209  0.00165735]
 [-0.00161809 -0.00134745  0.00104134]
 [-0.0016709  -0.00204194 -0.00103297]] 
Episode: 36: [[-0.0015886   0.00123889  0.00168238]
 [-0.00160401 -0.00136927  0.00101714]
 [-0.00166166 -0.00206635 -0.00104937]] 
Episode: 37: [[-0.00158462  0.00121777  0.00170518]
 [-0.00159132 -0.0013893   0.00099506]
 [-0.0016534  -0.00208859 -0.00106537]] 
Episode: 38: [[-0.00158097  0.00119853  0.00172593]
 [-0.00157987 -0.00140762  0.00097501]
 [-0.00164594 -0.00210883 -0.00107979]] 
Episode: 39: [[-0.00157762  0.001181    0.00174483]
 [-0.00156948 -0.00142433  0.00095687]
 [-0.00163917 -0.0021273  -0.00109293]] 
Episode: 40: [[-0.00157448  0.00116504  0.00176205]
 [-0.00155997 -0.00143951  0.0009404 ]
 [-0.00163299 -0.0021442  -0.00110531]] 
Episode: 41: [[-0.00157162  0.00115051  0.00177773]
 [-0.00155133 -0.0014532   0.00092543]
 [-0.00162741 -0.00215963 -0.00111673]] 
Episode: 42: [[-0.00156857  0.00113725  0.00179198]
 [-0.00154317 -0.00146527  0.0009119 ]
 [-0.00162208 -0.00217367 -0.00112492]] 
Episode: 43: [[-0.0015658   0.00112518  0.00180495]
 [-0.00153581 -0.00147628  0.00089957]
 [-0.00161733 -0.00218644 -0.00113267]] 
Episode: 44: [[-0.00156328  0.0011142   0.00181675]
 [-0.00152914 -0.00148641  0.00088832]
 [-0.00161309 -0.00219808 -0.00114071]] 
Episode: 45: [[-0.00156092  0.0011042   0.00182749]
 [-0.00152308 -0.0014956   0.00087815]
 [-0.00160926 -0.00220866 -0.00114773]] 
Episode: 46: [[-0.00155893  0.0010951   0.00183725]
 [-0.00151777 -0.00150416  0.00086885]
 [-0.00160598 -0.00221823 -0.00115491]] 
Episode: 47: [[-0.00155697  0.00108682  0.00184607]
 [-0.00151314 -0.00151128  0.00086031]
 [-0.00160308 -0.00222671 -0.00115848]] 
Episode: 48: [[-0.00155529  0.00107928  0.00185407]
 [-0.00150904 -0.00151763  0.00085251]
 [-0.0016006  -0.00223439 -0.00116207]] 
Episode: 49: [[-0.00155375  0.00107241  0.00186135]
 [-0.00150537 -0.00152349  0.00084534]
 [-0.00159847 -0.00224134 -0.00116571]] 
Episode: 50: [[-0.00155237  0.00106617  0.00186797]
 [-0.00150208 -0.00152878  0.00083891]
 [-0.00159662 -0.00224771 -0.00116927]] 
Episode: 51: [[-0.00155051  0.00106045  0.00187397]
 [-0.00149877 -0.00153342  0.00083309]
 [-0.00159466 -0.0022534  -0.00117062]] 
Episode: 52: [[-0.00154904  0.00105525  0.00187943]
 [-0.00149592 -0.00153749  0.00082786]
 [-0.00159307 -0.00225872 -0.00117306]] 
Episode: 53: [[-0.00154765  0.00105052  0.0018844 ]
 [-0.00149336 -0.00154123  0.00082311]
 [-0.00159169 -0.00226351 -0.00117536]] 
Episode: 54: [[-0.00154636  0.00104621  0.00188893]
 [-0.00149104 -0.00154467  0.00081883]
 [-0.00159051 -0.00226789 -0.00117777]] 
Episode: 55: [[-0.00154531  0.00104229  0.00189305]
 [-0.00148905 -0.00154778  0.00081492]
 [-0.00158964 -0.00227182 -0.00118012]] 
Episode: 56: [[-0.00154466  0.00103873  0.00189679]
 [-0.00148746 -0.00155105  0.00081114]
 [-0.00158901 -0.00227521 -0.00118593]] 
Episode: 57: [[-0.00154398  0.00103548  0.0019002 ]
 [-0.00148593 -0.00155386  0.0008077 ]
 [-0.00158846 -0.00227832 -0.00119113]] 
Episode: 58: [[-0.00154324  0.00103251  0.00190329]
 [-0.00148444 -0.00155624  0.00080452]
 [-0.00158801 -0.00228115 -0.00119542]] 
Episode: 59: [[-0.00154295  0.00102982  0.00190609]
 [-0.00148332 -0.00155845  0.00080152]
 [-0.00158795 -0.0022837  -0.0012    ]] 
Episode: 60: [[-0.00154258  0.00102737  0.00190863]
 [-0.00148227 -0.00156048  0.00079875]
 [-0.00158791 -0.00228592 -0.00120337]] 
Episode: 61: [[-0.00154192  0.00102511  0.00191094]
 [-0.00148109 -0.00156208  0.00079628]
 [-0.00158776 -0.00228795 -0.00120602]] 
Episode: 62: [[-0.00154141  0.00102306  0.00191303]
 [-0.00148017 -0.00156363  0.00079401]
 [-0.00158781 -0.00228972 -0.00120865]] 
Episode: 63: [[-0.00154144  0.00102121  0.00191493]
 [-0.00147976 -0.00156524  0.00079185]
 [-0.00158828 -0.00229132 -0.00121249]] 
Episode: 64: [[-0.00154158  0.00101953  0.00191667]
 [-0.00147952 -0.00156672  0.00078993]
 [-0.00158887 -0.00229274 -0.00121604]] 
Episode: 65: [[-0.00154176  0.00101801  0.00191825]
 [-0.0014794  -0.00156821  0.00078813]
 [-0.00158957 -0.00229398 -0.00122014]] 
Episode: 66: [[-0.00154181  0.00101661  0.0019197 ]
 [-0.00147924 -0.00156955  0.00078658]
 [-0.00159022 -0.00229512 -0.00122411]] 
Episode: 67: [[-0.00154161  0.00101533  0.00192101]
 [-0.00147897 -0.00157069  0.00078524]
 [-0.00159067 -0.00229609 -0.00122605]] 
Episode: 68: [[-0.00154119  0.00101412  0.00192218]
 [-0.00147845 -0.0015714   0.00078413]
 [-0.00159108 -0.00229708 -0.00122603]] 
Episode: 69: [[-0.00154075  0.00101301  0.00192325]
 [-0.00147803 -0.00157206  0.00078307]
 [-0.00159155 -0.00229794 -0.00122593]] 
Episode: 70: [[-0.00154031  0.00101198  0.00192422]
 [-0.00147765 -0.00157234  0.00078221]
 [-0.001592   -0.00229878 -0.00122545]] 
Episode: 71: [[-0.00153995  0.00101103  0.00192509]
 [-0.00147745 -0.00157266  0.00078145]
 [-0.00159254 -0.00229944 -0.00122454]] 
Episode: 72: [[-0.00153968  0.00101016  0.00192587]
 [-0.0014774  -0.00157296  0.00078072]
 [-0.0015932  -0.00230003 -0.00122413]] 
Episode: 73: [[-0.00153909  0.00100934  0.00192658]
 [-0.001477   -0.00157271  0.00078001]
 [-0.00159366 -0.00230069 -0.0012226 ]] 
Episode: 74: [[-0.00153844  0.00100857  0.00192721]
 [-0.00147656 -0.00157222  0.00077936]
 [-0.00159409 -0.00230136 -0.0012211 ]] 
Episode: 75: [[-0.0015379   0.00100787  0.00192779]
 [-0.00147631 -0.0015717   0.0007788 ]
 [-0.0015946  -0.00230196 -0.00121967]] 
Episode: 76: [[-0.00153738  0.00100722  0.0019283 ]
 [-0.00147616 -0.00157126  0.00077821]
 [-0.00159519 -0.00230246 -0.00121827]] 
Episode: 77: [[-0.00153682  0.00100659  0.00192874]
 [-0.00147554 -0.00156977  0.00077713]
 [-0.00159575 -0.00230295 -0.00121549]] 
Episode: 78: [[-0.00153614  0.00100601  0.00192914]
 [-0.00147496 -0.00156842  0.00077626]
 [-0.00159624 -0.0023033  -0.00121161]] 
Episode: 79: [[-0.00153561  0.00100547  0.0019295 ]
 [-0.00147461 -0.00156736  0.00077536]
 [-0.00159688 -0.00230357 -0.00120901]] 
Episode: 80: [[-0.00153525  0.00100499  0.00192984]
 [-0.00147451 -0.00156654  0.00077468]
 [-0.00159762 -0.00230384 -0.00120694]] 
Episode: 81: [[-0.00153537  0.00100456  0.00193016]
 [-0.00147488 -0.00156624  0.00077414]
 [-0.00159868 -0.00230408 -0.00120694]] 
Episode: 82: [[-0.00153644  0.0010042   0.00193044]
 [-0.00147602 -0.00156641  0.00077338]
 [-0.00160039 -0.00230418 -0.0012085 ]] 
Episode: 83: [[-0.00153725  0.00100386  0.00193071]
 [-0.00147696 -0.00156634  0.00077273]
 [-0.00160189 -0.00230434 -0.00120975]] 
Episode: 84: [[-0.00153811  0.00100354  0.00193096]
 [-0.00147791 -0.00156599  0.0007721 ]
 [-0.00160345 -0.00230452 -0.00121115]] 
Episode: 85: [[-0.0015387   0.00100322  0.00193119]
 [-0.00147868 -0.00156551  0.00077161]
 [-0.00160482 -0.00230465 -0.00121107]] 
Episode: 86: [[-0.00153943  0.00100294  0.0019314 ]
 [-0.00147961 -0.00156506  0.00077114]
 [-0.00160628 -0.00230483 -0.00121181]] 
Episode: 87: [[-0.00154011  0.00100268  0.00193157]
 [-0.00148059 -0.00156474  0.00077064]
 [-0.00160776 -0.00230493 -0.00121271]] 
Episode: 88: [[-0.00154068  0.00100242  0.00193172]
 [-0.00148155 -0.00156453  0.00077018]
 [-0.00160922 -0.00230503 -0.00121375]] 
Episode: 89: [[-0.00154099  0.00100216  0.00193184]
 [-0.0014822  -0.001564    0.00076957]
 [-0.00161053 -0.00230513 -0.00121419]] 
Episode: 90: [[-0.00153983  0.00100191  0.00193189]
 [-0.00148251 -0.00156138  0.00076914]
 [-0.00161128 -0.00230517 -0.00120737]] 
Episode: 91: [[-0.00153907  0.00100169  0.00193195]
 [-0.00148298 -0.00155892  0.0007688 ]
 [-0.0016122  -0.0023053  -0.00120178]] 
Episode: 92: [[-0.00153831  0.00100147  0.00193202]
 [-0.00148339 -0.00155665  0.00076861]
 [-0.00161304 -0.00230547 -0.00119636]] 
Episode: 93: [[-0.00153771  0.00100127  0.00193208]
 [-0.00148397 -0.00155478  0.00076839]
 [-0.00161402 -0.00230559 -0.00119204]] 
Episode: 94: [[-0.00153717  0.00100108  0.00193213]
 [-0.00148459 -0.00155312  0.00076823]
 [-0.00161502 -0.00230575 -0.0011887 ]] 
Episode: 95: [[-0.00153664  0.0010009   0.00193219]
 [-0.00148522 -0.00155151  0.00076812]
 [-0.00161602 -0.00230588 -0.00118526]] 
Episode: 96: [[-0.00153647  0.00100074  0.00193223]
 [-0.00148611 -0.00155019  0.00076786]
 [-0.00161729 -0.00230597 -0.00118303]] 
Episode: 97: [[-0.00153622  0.00100058  0.00193228]
 [-0.00148694 -0.00154885  0.00076779]
 [-0.00161846 -0.00230613 -0.00118085]] 
Episode: 98: [[-0.00153594  0.00100042  0.00193234]
 [-0.00148772 -0.00154734  0.00076789]
 [-0.00161955 -0.00230637 -0.00117835]] 
Episode: 99: [[-0.00153566  0.00100027  0.00193239]
 [-0.00148854 -0.0015461   0.00076804]
 [-0.00162061 -0.00230651 -0.00117495]] 
Episode: 100: [[-0.00153562  0.00100012  0.00193244]
 [-0.00148954 -0.00154492  0.00076816]
 [-0.0016218  -0.00230656 -0.00117092]] 
Episode: 101: [[-0.00153546  0.00099997  0.00193249]
 [-0.00149044 -0.00154366  0.00076844]
 [-0.00162288 -0.00230664 -0.00116646]] 
Episode: 102: [[-0.00153514  0.00099981  0.00193254]
 [-0.00149126 -0.00154258  0.00076869]
 [-0.00162389 -0.00230669 -0.00116226]] 
Episode: 103: [[-0.0015347   0.00099965  0.00193258]
 [-0.00149197 -0.00154152  0.00076892]
 [-0.0016248  -0.00230676 -0.00115836]] 
Episode: 104: [[-0.00153403  0.0009995   0.00193262]
 [-0.00149253 -0.00154043  0.0007692 ]
 [-0.00162557 -0.00230685 -0.00115423]] 
Episode: 105: [[-0.00153347  0.00099936  0.00193264]
 [-0.00149319 -0.00153964  0.00076937]
 [-0.00162648 -0.00230689 -0.00115106]] 
Episode: 106: [[-0.00153297  0.00099922  0.00193267]
 [-0.00149386 -0.00153861  0.00076965]
 [-0.00162739 -0.00230706 -0.00114836]] 
Episode: 107: [[-0.0015325   0.00099908  0.00193269]
 [-0.00149455 -0.00153767  0.00076982]
 [-0.00162837 -0.00230715 -0.00114577]] 
Episode: 108: [[-0.00153208  0.00099893  0.00193271]
 [-0.00149527 -0.0015367   0.00077002]
 [-0.00162936 -0.00230721 -0.00114309]] 
Episode: 109: [[-0.00153164  0.00099879  0.00193272]
 [-0.00149595 -0.00153588  0.00077017]
 [-0.00163035 -0.00230727 -0.00114079]] 
Episode: 110: [[-0.00153108  0.00099865  0.00193275]
 [-0.00149649 -0.00153491  0.0007704 ]
 [-0.0016312  -0.00230737 -0.00113795]] 
Episode: 111: [[-0.00153068  0.00099852  0.00193276]
 [-0.00149712 -0.00153402  0.00077047]
 [-0.00163219 -0.00230747 -0.00113556]] 
Episode: 112: [[-0.00153023  0.00099838  0.00193281]
 [-0.00149764 -0.00153305  0.0007707 ]
 [-0.00163301 -0.00230758 -0.00113293]] 
Episode: 113: [[-0.00152997  0.00099824  0.00193286]
 [-0.00149815 -0.00153185  0.00077077]
 [-0.00163398 -0.00230764 -0.00113038]] 
Episode: 114: [[-0.00152981  0.00099811  0.00193293]
 [-0.00149879 -0.001531    0.00077101]
 [-0.00163492 -0.00230793 -0.00112902]] 
Episode: 115: [[-0.00153048  0.00099802  0.00193301]
 [-0.00150007 -0.0015307   0.00077114]
 [-0.00163643 -0.00230815 -0.00113033]] 
Episode: 116: [[-0.00153128  0.00099795  0.00193309]
 [-0.00150143 -0.00153032  0.00077119]
 [-0.00163804 -0.00230842 -0.00113234]] 
Episode: 117: [[-0.00153206  0.00099786  0.00193317]
 [-0.00150267 -0.00153014  0.00077117]
 [-0.00163954 -0.00230867 -0.00113514]] 
Episode: 118: [[-0.00153264  0.00099776  0.00193323]
 [-0.00150384 -0.00153007  0.00077113]
 [-0.00164093 -0.00230883 -0.00113722]] 
Episode: 119: [[-0.00153296  0.00099766  0.0019333 ]
 [-0.00150487 -0.00152989  0.00077125]
 [-0.00164215 -0.00230899 -0.00113855]] 
Episode: 120: [[-0.00153327  0.00099756  0.00193335]
 [-0.00150593 -0.00152984  0.00077132]
 [-0.00164341 -0.00230917 -0.00114049]] 
Episode: 121: [[-0.00153374  0.00099748  0.00193339]
 [-0.00150716 -0.00152994  0.0007713 ]
 [-0.00164483 -0.00230933 -0.00114308]] 
Episode: 122: [[-0.00153391  0.00099739  0.00193343]
 [-0.00150818 -0.00152998  0.00077129]
 [-0.00164609 -0.00230948 -0.0011449 ]] 
Episode: 123: [[-0.00153411  0.0009973   0.00193344]
 [-0.00150924 -0.00153015  0.00077118]
 [-0.00164739 -0.00230959 -0.00114713]] 
Episode: 124: [[-0.00153446  0.00099721  0.00193345]
 [-0.00151045 -0.00153023  0.00077116]
 [-0.00164878 -0.00230969 -0.00114891]] 
Episode: 125: [[-0.00153486  0.00099713  0.00193345]
 [-0.00151172 -0.00153027  0.00077106]
 [-0.00165023 -0.00230977 -0.00115054]] 
Episode: 126: [[-0.00153533  0.00099706  0.00193344]
 [-0.0015131  -0.00153052  0.00077092]
 [-0.00165176 -0.00230981 -0.0011526 ]] 
Episode: 127: [[-0.00153586  0.00099699  0.00193341]
 [-0.00151455 -0.00153081  0.00077073]
 [-0.00165335 -0.00230985 -0.00115517]] 
Episode: 128: [[-0.00153635  0.00099694  0.00193339]
 [-0.00151598 -0.0015311   0.00077052]
 [-0.00165494 -0.00230991 -0.0011578 ]] 
Episode: 129: [[-0.00153689  0.00099688  0.00193336]
 [-0.00151747 -0.00153156  0.00077025]
 [-0.00165658 -0.00230995 -0.00116112]] 
Episode: 130: [[-0.00153731  0.00099681  0.00193335]
 [-0.00151878 -0.00153166  0.00077012]
 [-0.0016581  -0.00231009 -0.00116351]] 
Episode: 131: [[-0.00153774  0.00099675  0.00193334]
 [-0.00152006 -0.00153169  0.00076996]
 [-0.00165965 -0.00231033 -0.00116687]] 
Episode: 132: [[-0.00153824  0.00099669  0.00193331]
 [-0.00152142 -0.00153185  0.00076967]
 [-0.00166129 -0.00231047 -0.00117028]] 
Episode: 133: [[-0.0015389   0.00099664  0.0019333 ]
 [-0.00152294 -0.00153204  0.00076944]
 [-0.00166302 -0.00231064 -0.00117432]] 
Episode: 134: [[-0.00153905  0.00099657  0.0019333 ]
 [-0.00152413 -0.00153176  0.00076943]
 [-0.00166437 -0.0023108  -0.00117588]] 
Episode: 135: [[-0.0015391   0.00099651  0.00193328]
 [-0.00152536 -0.00153146  0.00076942]
 [-0.00166573 -0.0023109  -0.00117664]] 
Episode: 136: [[-0.00153913  0.00099644  0.00193327]
 [-0.00152653 -0.00153113  0.00076936]
 [-0.00166708 -0.00231102 -0.0011773 ]] 
Episode: 137: [[-0.00153929  0.00099639  0.00193325]
 [-0.0015278  -0.0015307   0.00076933]
 [-0.0016685  -0.00231119 -0.00117795]] 
Episode: 138: [[-0.00153971  0.00099637  0.00193327]
 [-0.00152922 -0.00153045  0.00076928]
 [-0.00167009 -0.00231145 -0.00118063]] 
Episode: 139: [[-0.00154016  0.00099635  0.00193328]
 [-0.00153068 -0.00153023  0.00076923]
 [-0.00167172 -0.0023117  -0.00118339]] 
Episode: 140: [[-0.00154055  0.00099633  0.00193328]
 [-0.00153215 -0.00153013  0.00076915]
 [-0.00167332 -0.0023119  -0.00118596]] 
Episode: 141: [[-0.00154096  0.00099632  0.00193328]
 [-0.00153359 -0.00153     0.00076898]
 [-0.00167492 -0.00231204 -0.00118842]] 
Episode: 142: [[-0.00154135  0.00099631  0.00193327]
 [-0.00153508 -0.00152998  0.00076882]
 [-0.00167652 -0.00231219 -0.00119105]] 
Episode: 143: [[-0.00154166  0.00099628  0.00193325]
 [-0.00153654 -0.00152995  0.00076867]
 [-0.00167805 -0.00231227 -0.00119305]] 
Episode: 144: [[-0.00154191  0.00099625  0.00193321]
 [-0.00153802 -0.00153009  0.00076846]
 [-0.00167961 -0.00231229 -0.00119522]] 
Episode: 145: [[-0.00154234  0.00099622  0.00193316]
 [-0.00153971 -0.00153042  0.00076824]
 [-0.00168128 -0.00231226 -0.00119753]] 
Episode: 146: [[-0.00154299  0.0009962   0.00193312]
 [-0.00154149 -0.00153062  0.00076802]
 [-0.0016831  -0.00231231 -0.00120061]] 
Episode: 147: [[-0.00154322  0.00099617  0.00193305]
 [-0.00154307 -0.0015306   0.0007678 ]
 [-0.00168467 -0.00231227 -0.00120196]] 
Episode: 148: [[-0.00154339  0.00099612  0.00193298]
 [-0.00154463 -0.00153067  0.00076759]
 [-0.00168623 -0.00231221 -0.00120304]] 
Episode: 149: [[-0.00154378  0.00099608  0.00193292]
 [-0.00154634 -0.00153106  0.00076734]
 [-0.00168794 -0.00231218 -0.00120537]] 
Episode: 150: [[-0.00154405  0.00099605  0.00193287]
 [-0.00154795 -0.00153133  0.00076717]
 [-0.00168958 -0.00231224 -0.0012075 ]] 
Episode: 151: [[-0.00154426  0.00099603  0.00193282]
 [-0.00154955 -0.00153165  0.00076696]
 [-0.00169119 -0.00231229 -0.00120994]] 
Episode: 152: [[-0.00154455  0.00099601  0.00193278]
 [-0.00155118 -0.0015319   0.00076685]
 [-0.00169279 -0.00231235 -0.0012122 ]] 
Episode: 153: [[-0.00154472  0.00099598  0.00193273]
 [-0.00155275 -0.00153231  0.00076677]
 [-0.00169431 -0.0023124  -0.00121442]] 
Episode: 154: [[-0.0015449   0.00099597  0.00193268]
 [-0.00155437 -0.0015329   0.00076666]
 [-0.00169587 -0.00231243 -0.00121714]] 
Episode: 155: [[-0.00154474  0.00099594  0.00193268]
 [-0.00155567 -0.00153331  0.00076681]
 [-0.00169709 -0.00231254 -0.00121794]] 
Episode: 156: [[-0.00154459  0.00099591  0.00193266]
 [-0.00155687 -0.00153345  0.00076693]
 [-0.00169829 -0.0023127  -0.00121791]] 
Episode: 157: [[-0.00154444  0.00099587  0.00193264]
 [-0.00155807 -0.00153368  0.00076701]
 [-0.00169948 -0.00231284 -0.0012182 ]] 
Episode: 158: [[-0.00154431  0.00099585  0.00193264]
 [-0.00155923 -0.00153372  0.0007671 ]
 [-0.00170066 -0.00231302 -0.00121853]] 
Episode: 159: [[-0.00154413  0.00099581  0.00193262]
 [-0.00156033 -0.00153368  0.00076717]
 [-0.00170176 -0.00231318 -0.00121849]] 
Episode: 160: [[-0.00154374  0.00099576  0.00193261]
 [-0.00156137 -0.00153375  0.00076747]
 [-0.00170274 -0.00231336 -0.00121751]] 
Episode: 161: [[-0.0015434   0.00099571  0.0019326 ]
 [-0.00156231 -0.00153385  0.00076773]
 [-0.00170362 -0.00231353 -0.00121688]] 
Episode: 162: [[-0.00154308  0.00099566  0.00193258]
 [-0.00156328 -0.00153398  0.00076798]
 [-0.00170453 -0.00231368 -0.00121615]] 
Episode: 163: [[-0.00154291  0.00099563  0.00193256]
 [-0.00156431 -0.00153407  0.00076815]
 [-0.00170551 -0.00231383 -0.00121608]] 
Episode: 164: [[-0.00154276  0.0009956   0.00193255]
 [-0.00156525 -0.0015342   0.00076831]
 [-0.0017064  -0.00231397 -0.00121619]] 
Episode: 165: [[-0.00154229  0.00099555  0.00193257]
 [-0.00156583 -0.00153386  0.00076847]
 [-0.00170701 -0.00231408 -0.00121362]] 
Episode: 166: [[-0.00154196  0.00099551  0.00193257]
 [-0.0015666  -0.00153373  0.00076857]
 [-0.00170777 -0.00231415 -0.00121181]] 
Episode: 167: [[-0.00154142  0.00099547  0.00193259]
 [-0.0015672  -0.00153334  0.00076879]
 [-0.00170837 -0.00231423 -0.00120871]] 
Episode: 168: [[-0.00154094  0.00099543  0.0019326 ]
 [-0.00156788 -0.00153297  0.00076899]
 [-0.00170903 -0.0023143  -0.00120598]] 
Episode: 169: [[-0.00154048  0.00099537  0.0019326 ]
 [-0.00156861 -0.00153264  0.00076916]
 [-0.00170974 -0.00231434 -0.00120329]] 
Episode: 170: [[-0.00154002  0.00099531  0.00193257]
 [-0.00156942 -0.00153241  0.00076925]
 [-0.0017105  -0.00231429 -0.00120055]] 
Episode: 171: [[-0.00153947  0.00099525  0.00193254]
 [-0.00157012 -0.00153201  0.0007694 ]
 [-0.00171118 -0.00231429 -0.00119765]] 
Episode: 172: [[-0.00153926  0.00099522  0.00193252]
 [-0.00157122 -0.00153229  0.0007695 ]
 [-0.0017122  -0.00231429 -0.00119793]] 
Episode: 173: [[-0.00153901  0.0009952   0.0019325 ]
 [-0.00157229 -0.0015327   0.0007696 ]
 [-0.00171319 -0.00231432 -0.00119862]] 
Episode: 174: [[-0.00153881  0.00099518  0.00193248]
 [-0.00157339 -0.00153313  0.00076969]
 [-0.00171422 -0.00231435 -0.00119944]] 
Episode: 175: [[-0.0015386   0.00099516  0.00193246]
 [-0.00157452 -0.00153365  0.00076975]
 [-0.00171529 -0.00231437 -0.00120064]] 
Episode: 176: [[-0.00153843  0.00099514  0.00193243]
 [-0.0015757  -0.00153415  0.00076978]
 [-0.00171638 -0.00231437 -0.00120161]] 
Episode: 177: [[-0.00153814  0.00099512  0.00193241]
 [-0.00157671 -0.00153431  0.00076988]
 [-0.00171733 -0.00231441 -0.00120183]] 
Episode: 178: [[-0.001538    0.00099512  0.00193239]
 [-0.00157785 -0.00153457  0.00076993]
 [-0.00171841 -0.00231448 -0.00120344]] 
Episode: 179: [[-0.00153796  0.00099513  0.00193239]
 [-0.00157905 -0.00153475  0.00076995]
 [-0.00171957 -0.00231457 -0.00120529]] 
Episode: 180: [[-0.00153791  0.00099515  0.00193238]
 [-0.00158023 -0.00153495  0.00077   ]
 [-0.0017207  -0.00231467 -0.00120698]] 
Episode: 181: [[-0.00153795  0.00099516  0.00193237]
 [-0.00158141 -0.00153507  0.00076993]
 [-0.0017219  -0.00231475 -0.0012088 ]] 
Episode: 182: [[-0.00153816  0.00099516  0.00193234]
 [-0.00158272 -0.00153535  0.00076981]
 [-0.0017232  -0.00231481 -0.00121104]] 
Episode: 183: [[-0.00153839  0.00099517  0.00193231]
 [-0.00158407 -0.00153577  0.00076966]
 [-0.00172453 -0.00231485 -0.00121351]] 
Episode: 184: [[-0.00153857  0.00099517  0.00193227]
 [-0.00158539 -0.00153626  0.00076952]
 [-0.00172583 -0.00231488 -0.00121614]] 
Episode: 185: [[-0.00153873  0.00099516  0.00193223]
 [-0.00158662 -0.00153673  0.00076935]
 [-0.00172708 -0.00231491 -0.0012188 ]] 
Episode: 186: [[-0.00153891  0.00099515  0.00193218]
 [-0.00158788 -0.00153724  0.00076917]
 [-0.00172834 -0.00231493 -0.00122135]] 
Episode: 187: [[-0.0015392   0.00099515  0.00193214]
 [-0.00158924 -0.00153783  0.00076898]
 [-0.00172966 -0.00231494 -0.00122421]] 
Episode: 188: [[-0.00153943  0.00099514  0.00193209]
 [-0.00159054 -0.00153834  0.00076882]
 [-0.00173091 -0.00231495 -0.00122653]] 
Episode: 189: [[-0.00153953  0.00099513  0.00193205]
 [-0.00159172 -0.00153883  0.00076871]
 [-0.00173205 -0.00231499 -0.00122884]] 
Episode: 190: [[-0.00153969  0.00099512  0.00193202]
 [-0.00159292 -0.00153931  0.0007686 ]
 [-0.0017332  -0.00231503 -0.0012311 ]] 
Episode: 191: [[-0.00153984  0.00099512  0.00193198]
 [-0.00159412 -0.0015398   0.00076851]
 [-0.00173434 -0.00231507 -0.00123334]] 
Episode: 192: [[-0.00154016  0.0009951   0.00193193]
 [-0.00159542 -0.00154039  0.00076836]
 [-0.00173561 -0.00231512 -0.00123618]] 
Episode: 193: [[-0.00154041  0.00099509  0.00193188]
 [-0.00159666 -0.00154077  0.00076815]
 [-0.00173685 -0.00231518 -0.00123869]] 
Episode: 194: [[-0.00154059  0.00099507  0.00193183]
 [-0.00159785 -0.00154104  0.00076797]
 [-0.00173803 -0.00231524 -0.00124074]] 
Episode: 195: [[-0.00154072  0.00099504  0.00193178]
 [-0.00159901 -0.00154139  0.00076785]
 [-0.00173914 -0.00231528 -0.00124246]] 
Episode: 196: [[-0.00154086  0.00099501  0.00193172]
 [-0.00160015 -0.00154171  0.00076776]
 [-0.00174022 -0.00231533 -0.00124399]] 
Episode: 197: [[-0.00154086  0.00099498  0.00193166]
 [-0.00160112 -0.001542    0.00076767]
 [-0.00174112 -0.00231537 -0.0012452 ]] 
Episode: 198: [[-0.00154086  0.00099495  0.0019316 ]
 [-0.00160208 -0.00154227  0.00076759]
 [-0.00174201 -0.0023154  -0.00124633]] 
Episode: 199: [[-0.00154107  0.00099492  0.00193155]
 [-0.00160323 -0.00154279  0.00076751]
 [-0.00174299 -0.00231542 -0.00124841]] 
Episode: 200: [[-0.00154126  0.0009949   0.00193149]
 [-0.00160436 -0.00154326  0.00076744]
 [-0.00174395 -0.00231543 -0.00125028]] 
Episode: 201: [[-0.00154144  0.00099488  0.00193144]
 [-0.00160542 -0.00154383  0.00076736]
 [-0.00174488 -0.00231546 -0.00125301]] 
Episode: 202: [[-0.00154159  0.00099487  0.00193139]
 [-0.00160649 -0.00154428  0.00076729]
 [-0.00174584 -0.00231547 -0.00125536]] 
Episode: 203: [[-0.00154177  0.00099486  0.00193135]
 [-0.00160754 -0.0015447   0.00076722]
 [-0.00174678 -0.00231548 -0.00125786]] 
Episode: 204: [[-0.0015419   0.00099485  0.00193131]
 [-0.0016085  -0.00154497  0.00076716]
 [-0.00174764 -0.00231549 -0.0012598 ]] 
Episode: 205: [[-0.00154228  0.00099484  0.00193127]
 [-0.00160964 -0.00154541  0.00076704]
 [-0.00174869 -0.0023155  -0.00126238]] 
Episode: 206: [[-0.00154302  0.00099488  0.00193125]
 [-0.00161108 -0.00154622  0.00076689]
 [-0.00175004 -0.00231554 -0.00126751]] 
Episode: 207: [[-0.0015437   0.00099492  0.00193123]
 [-0.0016125  -0.00154705  0.00076678]
 [-0.00175134 -0.00231557 -0.00127279]] 
Episode: 208: [[-0.00154436  0.00099496  0.00193122]
 [-0.00161388 -0.00154777  0.00076666]
 [-0.00175262 -0.0023156  -0.00127813]] 
Episode: 209: [[-0.00154486  0.000995    0.00193121]
 [-0.00161509 -0.00154829  0.00076656]
 [-0.00175374 -0.00231563 -0.00128253]] 
Episode: 210: [[-0.00154528  0.00099503  0.00193121]
 [-0.00161622 -0.00154873  0.00076648]
 [-0.00175479 -0.00231566 -0.00128633]] 
Episode: 211: [[-0.00154585  0.00099507  0.00193119]
 [-0.00161746 -0.00154911  0.00076632]
 [-0.00175597 -0.00231567 -0.00129022]] 
Episode: 212: [[-0.00154631  0.00099509  0.00193116]
 [-0.00161859 -0.00154941  0.00076618]
 [-0.00175703 -0.00231567 -0.00129347]] 
Episode: 213: [[-0.00154669  0.00099511  0.00193114]
 [-0.00161963 -0.00154962  0.00076606]
 [-0.00175801 -0.00231569 -0.00129619]] 
Episode: 214: [[-0.00154703  0.00099512  0.00193112]
 [-0.00162064 -0.00154977  0.00076596]
 [-0.00175896 -0.00231571 -0.0012986 ]] 
Episode: 215: [[-0.00154744  0.00099514  0.00193111]
 [-0.00162167 -0.00154987  0.00076585]
 [-0.00175994 -0.00231575 -0.00130092]] 
Episode: 216: [[-0.00154782  0.00099516  0.0019311 ]
 [-0.00162267 -0.00155005  0.00076575]
 [-0.00176087 -0.00231578 -0.00130336]] 
Episode: 217: [[-0.00154817  0.00099518  0.00193109]
 [-0.00162357 -0.00155046  0.00076567]
 [-0.00176172 -0.00231581 -0.00130712]] 
Episode: 218: [[-0.00154849  0.0009952   0.00193108]
 [-0.00162448 -0.00155089  0.00076558]
 [-0.00176256 -0.00231584 -0.00131091]] 
Episode: 219: [[-0.00154873  0.00099521  0.00193106]
 [-0.0016253  -0.00155131  0.00076552]
 [-0.00176332 -0.00231587 -0.00131435]] 
Episode: 220: [[-0.00154898  0.00099522  0.00193105]
 [-0.0016261  -0.00155175  0.00076545]
 [-0.00176406 -0.00231591 -0.00131772]] 
Episode: 221: [[-0.00154916  0.00099522  0.00193103]
 [-0.00162682 -0.00155213  0.00076538]
 [-0.00176473 -0.00231594 -0.00132069]] 
Episode: 222: [[-0.00154939  0.00099523  0.001931  ]
 [-0.00162756 -0.00155233  0.0007653 ]
 [-0.00176542 -0.00231593 -0.00132319]] 
Episode: 223: [[-0.00154951  0.00099523  0.00193097]
 [-0.00162821 -0.00155244  0.00076524]
 [-0.00176603 -0.00231593 -0.00132514]] 
Episode: 224: [[-0.00154959  0.00099523  0.00193095]
 [-0.00162882 -0.0015525   0.00076519]
 [-0.00176661 -0.00231592 -0.00132672]] 
Episode: 225: [[-0.00154965  0.00099523  0.00193095]
 [-0.00162938 -0.00155258  0.00076534]
 [-0.00176705 -0.00231602 -0.00132729]] 
Episode: 226: [[-0.0015497   0.00099523  0.00193095]
 [-0.00162989 -0.00155266  0.00076547]
 [-0.00176744 -0.00231611 -0.00132789]] 
Episode: 227: [[-0.00154978  0.00099523  0.00193094]
 [-0.0016304  -0.00155271  0.00076555]
 [-0.00176787 -0.00231619 -0.00132851]] 
Episode: 228: [[-0.00154987  0.00099523  0.00193094]
 [-0.00163093 -0.00155274  0.00076564]
 [-0.00176831 -0.00231627 -0.00132905]] 
Episode: 229: [[-0.00154994  0.00099523  0.00193093]
 [-0.0016314  -0.00155267  0.00076569]
 [-0.00176872 -0.00231634 -0.0013293 ]] 
Episode: 230: [[-0.00155     0.00099523  0.00193093]
 [-0.00163189 -0.00155262  0.00076574]
 [-0.00176914 -0.0023164  -0.00132961]] 
Episode: 231: [[-0.00154995  0.00099523  0.00193092]
 [-0.00163227 -0.00155244  0.0007658 ]
 [-0.00176946 -0.00231645 -0.00132924]] 
Episode: 232: [[-0.00154986  0.00099522  0.00193091]
 [-0.00163263 -0.00155224  0.00076583]
 [-0.00176977 -0.0023165  -0.00132897]] 
Episode: 233: [[-0.00154956  0.00099522  0.00193091]
 [-0.00163288 -0.00155216  0.00076597]
 [-0.00176992 -0.00231656 -0.00132853]] 
Episode: 234: [[-0.00154933  0.00099522  0.00193092]
 [-0.00163319 -0.00155216  0.00076611]
 [-0.00177013 -0.00231662 -0.00132838]] 
Episode: 235: [[-0.00154915  0.00099522  0.00193091]
 [-0.00163354 -0.00155227  0.00076621]
 [-0.00177038 -0.00231667 -0.00132893]] 
Episode: 236: [[-0.001549    0.00099522  0.00193091]
 [-0.0016339  -0.00155231  0.00076629]
 [-0.00177065 -0.00231671 -0.00132929]] 
Episode: 237: [[-0.00154886  0.00099521  0.0019309 ]
 [-0.00163423 -0.00155238  0.00076635]
 [-0.0017709  -0.00231674 -0.00132983]] 
Episode: 238: [[-0.00154885  0.00099523  0.00193094]
 [-0.00163481 -0.00155332  0.00076686]
 [-0.00177117 -0.00231705 -0.00133146]] 
Episode: 239: [[-0.00154878  0.00099524  0.00193098]
 [-0.00163537 -0.00155419  0.00076742]
 [-0.00177142 -0.00231734 -0.00133253]] 
Episode: 240: [[-0.00154876  0.00099525  0.00193101]
 [-0.00163591 -0.00155501  0.0007679 ]
 [-0.00177169 -0.00231761 -0.00133393]] 
Episode: 241: [[-0.00154878  0.00099526  0.00193104]
 [-0.00163643 -0.00155574  0.00076829]
 [-0.00177198 -0.00231786 -0.00133538]] 
Episode: 242: [[-0.00154885  0.00099527  0.00193106]
 [-0.00163699 -0.00155651  0.00076865]
 [-0.00177233 -0.0023181  -0.00133712]] 
Episode: 243: [[-0.00154876  0.00099526  0.00193107]
 [-0.00163738 -0.00155709  0.00076897]
 [-0.00177253 -0.00231832 -0.0013383 ]] 
Episode: 244: [[-0.00154866  0.00099526  0.00193107]
 [-0.00163767 -0.00155753  0.00076921]
 [-0.00177267 -0.00231852 -0.0013394 ]] 
Episode: 245: [[-0.00154857  0.00099527  0.00193111]
 [-0.00163799 -0.00156061  0.00076949]
 [-0.00177288 -0.00231877 -0.00135938]] 
Episode: 246: [[-0.00154842  0.00099527  0.00193114]
 [-0.00163828 -0.00156332  0.00076975]
 [-0.00177306 -0.00231899 -0.00137702]] 
Episode: 247: [[-0.00154826  0.00099528  0.00193117]
 [-0.00163852 -0.00156571  0.00076997]
 [-0.00177321 -0.0023192  -0.00139301]] 
Episode: 248: [[-0.00154823  0.00099529  0.0019312 ]
 [-0.00163886 -0.00156795  0.00077015]
 [-0.00177347 -0.00231939 -0.0014079 ]] 
Episode: 249: [[-0.0015482   0.0009953   0.00193122]
 [-0.00163921 -0.00156998  0.00077033]
 [-0.00177373 -0.00231956 -0.00142119]] 
Episode: 250: [[-0.00154822  0.00099531  0.00193123]
 [-0.00163959 -0.00157184  0.00077048]
 [-0.00177403 -0.00231971 -0.00143341]] 
Episode: 251: [[-0.00154822  0.00099532  0.00193125]
 [-0.00163996 -0.00157351  0.00077064]
 [-0.00177431 -0.00231985 -0.00144435]] 
Episode: 252: [[-0.00154815  0.00099532  0.00193125]
 [-0.00164023 -0.00157498  0.00077072]
 [-0.0017745  -0.00231995 -0.00145401]] 
Episode: 253: [[-0.00154809  0.00099532  0.00193124]
 [-0.00164054 -0.00157646  0.00077079]
 [-0.00177473 -0.00232004 -0.00146341]] 
Episode: 254: [[-0.00154799  0.00099532  0.00193123]
 [-0.0016408  -0.00157771  0.00077082]
 [-0.00177493 -0.0023201  -0.0014716 ]] 
Episode: 255: [[-0.00154754  0.00099536  0.00193132]
 [-0.0016407  -0.00157951  0.00077107]
 [-0.00177469 -0.00232032 -0.00148112]] 
Episode: 256: [[-0.00154693  0.00099539  0.00193141]
 [-0.00164044 -0.00158072  0.00077122]
 [-0.00177438 -0.00232052 -0.00148887]] 
Episode: 257: [[-0.00154639  0.00099541  0.00193149]
 [-0.00164026 -0.00158183  0.00077135]
 [-0.00177414 -0.0023207  -0.00149592]] 
Episode: 258: [[-0.00154583  0.00099543  0.00193156]
 [-0.00164016 -0.00158306  0.00077164]
 [-0.0017739  -0.00232093 -0.00150209]] 
Episode: 259: [[-0.00154539  0.00099544  0.00193162]
 [-0.00164014 -0.00158407  0.00077181]
 [-0.00177378 -0.00232109 -0.00150774]] 
Episode: 260: [[-0.00154506  0.00099546  0.00193167]
 [-0.0016402  -0.00158501  0.00077192]
 [-0.00177376 -0.00232121 -0.00151317]] 
Episode: 261: [[-0.00154465  0.00099547  0.00193171]
 [-0.00164016 -0.00158567  0.00077198]
 [-0.00177368 -0.00232131 -0.00151757]] 
Episode: 262: [[-0.00154429  0.00099548  0.00193174]
 [-0.00164016 -0.00158622  0.00077204]
 [-0.00177365 -0.0023214  -0.00152165]] 
Episode: 263: [[-0.00154388  0.00099548  0.00193176]
 [-0.00164011 -0.00158661  0.00077207]
 [-0.00177358 -0.00232146 -0.0015248 ]] 
Episode: 264: [[-0.00154364  0.00099548  0.00193178]
 [-0.0016402  -0.00158707  0.00077205]
 [-0.00177365 -0.00232152 -0.00152823]] 
Episode: 265: [[-0.00154337  0.00099548  0.00193178]
 [-0.00164025 -0.00158745  0.00077201]
 [-0.00177369 -0.00232156 -0.00153108]] 
Episode: 266: [[-0.00154317  0.00099547  0.00193176]
 [-0.0016404  -0.00158786  0.00077186]
 [-0.00177387 -0.00232156 -0.00153454]] 
Episode: 267: [[-0.00154292  0.00099546  0.00193174]
 [-0.0016405  -0.00158819  0.00077171]
 [-0.00177399 -0.00232156 -0.00153773]] 
Episode: 268: [[-0.00154281  0.00099546  0.00193173]
 [-0.00164071 -0.00158858  0.00077155]
 [-0.00177422 -0.00232156 -0.00154131]] 
Episode: 269: [[-0.00154204  0.00099549  0.00193176]
 [-0.00164074 -0.00158902  0.000772  ]
 [-0.00177396 -0.00232153 -0.00154181]] 
Episode: 270: [[-0.00154131  0.00099552  0.00193179]
 [-0.00164073 -0.00158934  0.00077238]
 [-0.00177372 -0.00232149 -0.00154207]] 
Episode: 271: [[-0.00154063  0.00099554  0.00193181]
 [-0.00164072 -0.00158952  0.00077273]
 [-0.00177349 -0.00232144 -0.00154201]] 
Episode: 272: [[-0.00153989  0.00099555  0.00193182]
 [-0.00164064 -0.00158979  0.0007731 ]
 [-0.00177318 -0.00232144 -0.00154251]] 
Episode: 273: [[-0.00153923  0.00099557  0.00193182]
 [-0.00164052 -0.00158962  0.00077321]
 [-0.00177296 -0.00232136 -0.00154255]] 
Episode: 274: [[-0.00153865  0.00099559  0.00193182]
 [-0.00164043 -0.00158925  0.00077327]
 [-0.00177281 -0.00232127 -0.00154255]] 
Episode: 275: [[-0.00153819  0.0009956   0.0019318 ]
 [-0.00164041 -0.00158893  0.00077329]
 [-0.00177271 -0.00232118 -0.00154303]] 
Episode: 276: [[-0.00153751  0.0009956   0.00193179]
 [-0.00164017 -0.0015884   0.00077335]
 [-0.0017724  -0.00232112 -0.00154264]] 
Episode: 277: [[-0.00153687  0.0009956   0.00193178]
 [-0.00163994 -0.00158797  0.00077338]
 [-0.00177211 -0.00232105 -0.00154242]] 
Episode: 278: [[-0.00153631  0.00099561  0.00193176]
 [-0.00163981 -0.00158748  0.00077341]
 [-0.00177192 -0.00232097 -0.00154196]] 
Episode: 279: [[-0.00153574  0.0009956   0.00193174]
 [-0.00163965 -0.00158701  0.00077343]
 [-0.00177171 -0.0023209  -0.00154147]] 
Episode: 280: [[-0.00153519  0.0009956   0.00193171]
 [-0.0016395  -0.00158655  0.00077338]
 [-0.00177152 -0.00232081 -0.00154148]] 
Episode: 281: [[-0.00153469  0.00099559  0.00193168]
 [-0.00163938 -0.00158592  0.00077329]
 [-0.00177138 -0.00232072 -0.00154119]] 
Episode: 282: [[-0.00153424  0.00099559  0.00193165]
 [-0.00163932 -0.00158534  0.00077322]
 [-0.0017713  -0.00232064 -0.00154092]] 
Episode: 283: [[-0.00153389  0.00099558  0.00193162]
 [-0.00163936 -0.00158488  0.00077314]
 [-0.00177131 -0.00232056 -0.00154101]] 
Episode: 284: [[-0.00153357  0.00099557  0.00193158]
 [-0.00163941 -0.00158443  0.00077303]
 [-0.00177132 -0.00232048 -0.00154109]] 
Episode: 285: [[-0.00153326  0.00099554  0.00193154]
 [-0.00163946 -0.00158405  0.00077292]
 [-0.00177134 -0.0023204  -0.00154119]] 
Episode: 286: [[-0.00153295  0.00099552  0.0019315 ]
 [-0.00163952 -0.00158368  0.00077283]
 [-0.00177136 -0.00232033 -0.00154117]] 
Episode: 287: [[-0.00153264  0.00099551  0.00193147]
 [-0.00163959 -0.00158329  0.00077276]
 [-0.0017714  -0.00232027 -0.00154113]] 
Episode: 288: [[-0.00153237  0.00099549  0.00193144]
 [-0.0016397  -0.00158297  0.00077269]
 [-0.00177146 -0.00232023 -0.00154114]] 
Episode: 289: [[-0.00153213  0.00099546  0.00193141]
 [-0.00163986 -0.00158266  0.00077264]
 [-0.00177157 -0.0023202  -0.00154117]] 
Episode: 290: [[-0.0015319   0.00099545  0.00193137]
 [-0.00164013 -0.00158253  0.0007726 ]
 [-0.00177176 -0.00232017 -0.001542  ]] 
Episode: 291: [[-0.00153166  0.00099543  0.00193134]
 [-0.0016404  -0.00158238  0.00077257]
 [-0.00177196 -0.00232013 -0.00154263]] 
Episode: 292: [[-0.00153145  0.00099541  0.0019313 ]
 [-0.00164069 -0.00158228  0.00077252]
 [-0.00177217 -0.00232007 -0.00154337]] 
Episode: 293: [[-0.00153103  0.00099539  0.00193125]
 [-0.00164086 -0.00158247  0.00077247]
 [-0.00177228 -0.00232003 -0.0015453 ]] 
Episode: 294: [[-0.0015307   0.00099537  0.00193121]
 [-0.00164108 -0.00158263  0.0007724 ]
 [-0.00177244 -0.00231998 -0.00154743]] 
Episode: 295: [[-0.00153042  0.00099535  0.00193116]
 [-0.00164135 -0.0015828   0.00077232]
 [-0.00177267 -0.00231993 -0.00154947]] 
Episode: 296: [[-0.00153013  0.00099533  0.00193112]
 [-0.00164159 -0.00158292  0.00077226]
 [-0.00177286 -0.00231989 -0.00155108]] 
Episode: 297: [[-0.00152987  0.00099531  0.00193108]
 [-0.00164188 -0.00158314  0.00077221]
 [-0.00177309 -0.00231985 -0.00155261]] 
Episode: 298: [[-0.00136953  0.00083498  0.00177075]
 [-0.00148154 -0.00174347  0.00061188]
 [-0.00161276 -0.00215952 -0.00171294]] 
Episode: 299: [[-0.00122495  0.0006904   0.00162617]
 [-0.00133696 -0.00188805  0.0004673 ]
 [-0.00146818 -0.00201494 -0.00185752]] 
Episode: 300: [[-0.00109458  0.00056002  0.00149579]
 [-0.00120659 -0.00201843  0.00033693]
 [-0.0013378  -0.00188456 -0.0019879 ]] 
Episode: 301: [[-0.00097701  0.00044246  0.00137823]
 [-0.00108902 -0.00213599  0.00021936]
 [-0.00122024 -0.001767   -0.00210546]] 
Episode: 302: [[-0.000871    0.00033645  0.00127222]
 [-0.00098301 -0.002242    0.00011335]
 [-0.00111423 -0.00166099 -0.00221147]] 
Episode: 303: [[-7.7540771e-04  2.4085233e-04  1.1766230e-03]
 [-8.8741863e-04 -2.3375989e-03  1.7755629e-05]
 [-1.0186336e-03 -1.5653935e-03 -2.3070683e-03]] 
Episode: 304: [[-6.8920816e-04  1.5465275e-04  1.0904234e-03]
 [-8.0121908e-04 -2.4237984e-03 -6.8443936e-05]
 [-9.3243405e-04 -1.4791939e-03 -2.3932678e-03]] 
Episode: 305: [[-6.1148021e-04  7.6924793e-05  1.0126955e-03]
 [-7.2349113e-04 -2.5015264e-03 -1.4617189e-04]
 [-8.5470610e-04 -1.4014660e-03 -2.4709958e-03]] 
Episode: 306: [[-5.4139167e-04  6.8362529e-06  9.4260694e-04]
 [-6.5340259e-04 -2.5716149e-03 -2.1626042e-04]
 [-7.8461756e-04 -1.3313774e-03 -2.5410843e-03]] 
Episode: 307: [[-4.7819206e-04 -5.6363373e-05  8.7940734e-04]
 [-5.9020298e-04 -2.6348145e-03 -2.7946004e-04]
 [-7.2141795e-04 -1.2681779e-03 -2.6042839e-03]] 
Episode: 308: [[-0.0004212  -0.00011335  0.00082242]
 [-0.00053322 -0.0026918  -0.00033645]
 [-0.00066443 -0.00121119 -0.00266127]] 
Episode: 309: [[-0.00036982 -0.00016474  0.00077103]
 [-0.00048183 -0.00274319 -0.00038783]
 [-0.00061304 -0.0011598  -0.00271266]] 
Episode: 310: [[-0.00032348 -0.00021107  0.0007247 ]
 [-0.0004355  -0.00278952 -0.00043417]
 [-0.00056671 -0.00111347 -0.00275899]] 
Episode: 311: [[-0.00028171 -0.00025285  0.00068292]
 [-0.00039372 -0.0028313  -0.00047595]
 [-0.00052493 -0.00107169 -0.00280077]] 
