3.485733 
3.380162 
3.283394 
2.743314 
2.240259 
1.887675 
1.715856 
2.490683 
2.073288 
2.055721 
2.110824 
2.109741 
1.642543 
2.159571 
1.781401 
2.061305 
1.819769 
1.669541 
1.434199 
1.864178 
1.879967 
1.812299 
1.979487 
1.427391 
2.017102 
3.826523 
2.661800 
3.112258 
1.575439 
1.711462 
3.330535 
1.926798 
1.044839 
1.925472 
2.105461 
2.027279 
2.160968 
2.050936 
2.164008 
1.817557 
2.015715 
2.255698 
2.340981 
1.855832 
2.361174 
1.804441 
2.259965 
2.310139 
2.265329 
2.425026 
2.388869 
2.339690 
2.450838 
2.262882 
2.367096 
2.121939 
2.130160 
2.224020 
2.061028 
2.375798 
1.945320 
2.023249 
1.990575 
2.295889 
2.306317 
2.272111 
2.310205 
1.985625 
2.303937 
1.952617 
2.318427 
2.379463 
2.382799 
2.326818 
2.238219 
2.257799 
2.278174 
2.449533 
1.914755 
2.229450 
2.228416 
2.318204 
2.413999 
1.908174 
2.282817 
2.334016 
2.194373 
2.277420 
2.285526 
2.199902 
2.231438 
1.935446 
2.254672 
1.970190 
2.291959 
2.233613 
2.188145 
2.172863 
2.222066 
2.192010 
2.244109 
2.174638 
1.531366 
2.217019 
2.278899 
2.272988 
1.914521 
2.215511 
1.864038 
2.329814 
2.154649 
2.400485 
2.176373 
2.061018 
2.226962 
2.146447 
2.077050 
2.130535 
2.199866 
2.148829 
2.134496 
2.103065 
2.062156 
2.118065 
2.137234 
2.166098 
2.093415 
2.120190 
1.821906 
2.261906 
2.079908 
2.124546 
1.726431 
2.111385 
1.769087 
1.754376 
2.139037 
2.084081 
1.664954 
2.061699 
2.055830 
2.045782 
2.137372 
2.084920 
2.078522 
1.995926 
1.991637 
2.041838 
2.123552 
2.141125 
1.595465 
1.792570 
1.966821 
2.099046 
1.650541 
1.954878 
2.061336 
2.030699 
2.166664 
2.513030 
1.947075 
1.967711 
2.792334 
1.928205 
1.614808 
1.680605 
1.924477 
1.944027 
1.943734 
1.673215 
1.966138 
1.926866 
1.656670 
1.905229 
1.902559 
1.603548 
2.048757 
1.929164 
1.857984 
1.578652 
1.531432 
1.865133 
1.898399 
1.639212 
1.927835 
1.887498 
1.819310 
1.951210 
1.890496 
1.505627 
1.849379 
2.004382 
1.952285 
1.666754 
1.480013 
2.044514 
1.766397 
1.929902 
1.474029 
1.645551 
1.810717 
1.846637 
1.514735 
1.821235 
1.836817 
1.629390 
1.858495 
1.552080 
1.746226 
1.806186 
1.770999 
1.789912 
1.751227 
1.727573 
1.441926 
2.851884 
1.851141 
1.552758 
1.765582 
1.586427 
1.848250 
1.753710 
1.710067 
1.536096 
2.415939 
1.804204 
1.730284 
1.797097 
1.724044 
1.127354 
1.894272 
1.525877 
1.753806 
1.840300 
1.706517 
2.505446 
1.892018 
1.694953 
1.839220 
1.721350 
1.769398 
2.117835 
2.098689 
2.681252 
1.745343 
1.649690 
1.401155 
1.735455 
1.750799 
1.504708 
2.149951 
1.757120 
1.729228 
1.911641 
1.788123 
1.452405 
1.697938 
1.720754 
1.443071 
1.711159 
1.541070 
1.501703 
1.694498 
1.506978 
1.778206 
1.933256 
1.686419 
1.947644 
1.427146 
1.733066 
1.934884 
1.739131 
1.789806 
1.861512 
1.706785 
1.490523 
1.740661 
1.591730 
1.897763 
1.415713 
1.712252 
1.713998 
1.820699 
1.805499 
1.400252 
1.721186 
1.538926 
1.751616 
1.781860 
1.773040 
1.753839 
1.817033 
1.551862 
1.688770 
1.397336 
1.463563 
34.442543 
20.851460 
1.686407 
3.075865 
3.396190 
3.160786 
3.533286 
2.703111 
3.556787 
3.033242 
2.503677 
2.886772 
3.285173 
2.791444 
2.946903 
