Episode: 1: [[-0.0142062   0.00415617 -0.00361027]
 [-0.00336354 -0.01049915  0.0109389 ]
 [-0.0058369  -0.00507599 -0.00988139]] 
Episode: 2: [[-0.01420578  0.00415611 -0.00360773]
 [-0.00336291 -0.01050233  0.01093448]
 [-0.00584006 -0.00508131 -0.00988448]] 
Episode: 3: [[-0.0142039   0.00416198 -0.00360911]
 [-0.00335739 -0.01050734  0.01093163]
 [-0.00583895 -0.00508597 -0.00988867]] 
Episode: 4: [[-0.01420018  0.0041711  -0.00361215]
 [-0.00334889 -0.01051278  0.01092797]
 [-0.00583615 -0.00509184 -0.00989286]] 
Episode: 5: [[-0.01419695  0.00417961 -0.0036153 ]
 [-0.00334074 -0.01051824  0.01092472]
 [-0.0058334  -0.00509696 -0.00989714]] 
Episode: 6: [[-0.01419282  0.00418629 -0.00361588]
 [-0.00333416 -0.01052299  0.01092035]
 [-0.0058281  -0.00509811 -0.0099007 ]] 
Episode: 7: [[-0.01418853  0.00419184 -0.00361531]
 [-0.00332808 -0.01052708  0.01091627]
 [-0.00582234 -0.00509813 -0.0099038 ]] 
Episode: 8: [[-0.01418335  0.00419962 -0.00361604]
 [-0.00331989 -0.01053251  0.0109132 ]
 [-0.00581442 -0.00509779 -0.00990823]] 
Episode: 9: [[-0.01417767  0.00420955 -0.00361691]
 [-0.00330959 -0.01053883  0.01091048]
 [-0.00580411 -0.00509638 -0.00991343]] 
Episode: 10: [[-0.01417323  0.00421756 -0.00361617]
 [-0.00330098 -0.0105434   0.0109075 ]
 [-0.00579584 -0.00509549 -0.0099175 ]] 
Episode: 11: [[-0.0141722   0.00422092 -0.00361515]
 [-0.00329763 -0.01054246  0.01090777]
 [-0.00579001 -0.00509005 -0.00992215]] 
Episode: 12: [[-0.01417058  0.00422695 -0.00361528]
 [-0.00329165 -0.01054308  0.01090965]
 [-0.00578226 -0.00508448 -0.00992741]] 
Episode: 13: [[-0.01416802  0.00422659 -0.00361168]
 [-0.00328978 -0.01054197  0.01090979]
 [-0.00577697 -0.00507898 -0.00993142]] 
Episode: 14: [[-0.01416555  0.00422758 -0.00360971]
 [-0.00328634 -0.01054155  0.01091184]
 [-0.00577001 -0.00507258 -0.0099364 ]] 
Episode: 15: [[-0.01416238  0.00422595 -0.00360627]
 [-0.00328405 -0.01053898  0.01091371]
 [-0.00576386 -0.00506643 -0.00994072]] 
Episode: 16: [[-0.01415902  0.00422411 -0.00360294]
 [-0.00328081 -0.0105357   0.01091538]
 [-0.00575837 -0.00506159 -0.00994468]] 
Episode: 17: [[-0.01415676  0.0042188  -0.00359677]
 [-0.0032804  -0.01053333  0.01091503]
 [-0.00575574 -0.00505824 -0.00994616]] 
Episode: 18: [[-0.01415376  0.00421456 -0.00359135]
 [-0.00327865 -0.01053064  0.01091428]
 [-0.00575306 -0.00505619 -0.00994718]] 
Episode: 19: [[-0.01414957  0.00420917 -0.00358641]
 [-0.00327679 -0.01052731  0.01091542]
 [-0.00575059 -0.00505343 -0.00994757]] 
Episode: 20: [[-0.01414813  0.00419899 -0.00357217]
 [-0.0032798  -0.01052176  0.01090682]
 [-0.0057541  -0.00505892 -0.00994425]] 
Episode: 21: [[-0.01414604  0.00419029 -0.00356084]
 [-0.00328112 -0.01051597  0.01090029]
 [-0.00575654 -0.00506349 -0.00994007]] 
Episode: 22: [[-0.01414345  0.00418528 -0.00355183]
 [-0.00328023 -0.01051184  0.01089534]
 [-0.00575638 -0.0050668  -0.00993794]] 
Episode: 23: [[-0.0141416   0.00418137 -0.00354439]
 [-0.00327954 -0.01050975  0.01089176]
 [-0.00575574 -0.00506897 -0.0099366 ]] 
Episode: 24: [[-0.01414019  0.00418061 -0.00353979]
 [-0.00327722 -0.01050891  0.01088893]
 [-0.00575391 -0.00507102 -0.00993612]] 
Episode: 25: [[-0.01413855  0.00418076 -0.00353709]
 [-0.00327411 -0.01050978  0.0108871 ]
 [-0.00575123 -0.00507252 -0.00993611]] 
Episode: 26: [[-0.014136    0.00417776 -0.00353212]
 [-0.00327308 -0.01050971  0.0108843 ]
 [-0.00575058 -0.00507433 -0.00993683]] 
Episode: 27: [[-0.01413276  0.00417779 -0.00352887]
 [-0.00326979 -0.0105123   0.01088125]
 [-0.00574828 -0.00507723 -0.00993821]] 
Episode: 28: [[-0.01412967  0.0041788  -0.00352557]
 [-0.00326656 -0.01051428  0.01087475]
 [-0.0057471  -0.00508319 -0.00993436]] 
Episode: 29: [[-0.01412608  0.00417801 -0.0035222 ]
 [-0.00326392 -0.01051594  0.01086896]
 [-0.00574666 -0.00508932 -0.00993018]] 
Episode: 30: [[-0.01412431  0.00417602 -0.00351901]
 [-0.00326253 -0.01051985  0.01086337]
 [-0.00574593 -0.00509409 -0.00992662]] 
Episode: 31: [[-0.01412398  0.00417099 -0.00351415]
 [-0.00326398 -0.01052413  0.01085893]
 [-0.0057461  -0.00509609 -0.00992239]] 
Episode: 32: [[-0.01412378  0.00416775 -0.00351052]
 [-0.00326391 -0.01052673  0.01085545]
 [-0.00574521 -0.00509804 -0.00992054]] 
Episode: 33: [[-0.01412317  0.00416825 -0.00350851]
 [-0.00326152 -0.0105303   0.01085272]
 [-0.00574116 -0.00509938 -0.00991947]] 
Episode: 34: [[-0.01412183  0.00417038 -0.00350934]
 [-0.00325743 -0.0105338   0.01085441]
 [-0.00573435 -0.00509656 -0.00991997]] 
Episode: 35: [[-0.01411902  0.00417475 -0.00350965]
 [-0.00325105 -0.0105401   0.01085418]
 [-0.00572626 -0.00509505 -0.00992003]] 
Episode: 36: [[-0.0141149   0.00417863 -0.00351042]
 [-0.00324483 -0.01054745  0.01085405]
 [-0.00571845 -0.00509389 -0.00991998]] 
Episode: 37: [[-0.01411156  0.00418405 -0.00351137]
 [-0.00323803 -0.01055625  0.01085264]
 [-0.0057106  -0.00509425 -0.0099207 ]] 
Episode: 38: [[-0.01410772  0.00418751 -0.00351147]
 [-0.00323267 -0.01056618  0.01085123]
 [-0.00570463 -0.00509577 -0.00992023]] 
Episode: 39: [[-0.01410381  0.00418721 -0.00351162]
 [-0.0032301  -0.01057313  0.01085201]
 [-0.00570088 -0.005096   -0.00991848]] 
Episode: 40: [[-0.01409774  0.00418452 -0.00351151]
 [-0.00322879 -0.01057833  0.01085418]
 [-0.00569661 -0.00509312 -0.00991816]] 
Episode: 41: [[-0.01409436  0.00418976 -0.00351103]
 [-0.00322548 -0.01057754  0.01085859]
 [-0.00568737 -0.00508582 -0.00992206]] 
Episode: 42: [[-0.01409083  0.00419421 -0.00351039]
 [-0.00322177 -0.010576    0.01086443]
 [-0.00567772 -0.00507772 -0.00992526]] 
Episode: 43: [[-0.01408725  0.00418796 -0.0035041 ]
 [-0.00322493 -0.01057705  0.01086461]
 [-0.00567594 -0.00507342 -0.00991787]] 
Episode: 44: [[-0.01408329  0.004184   -0.00349997]
 [-0.00322596 -0.01057934  0.01086362]
 [-0.00567331 -0.00507112 -0.00991319]] 
Episode: 45: [[-0.01407921  0.00417137 -0.00349489]
 [-0.0032331  -0.01057519  0.01086308]
 [-0.00568116 -0.00507622 -0.00991006]] 
Episode: 46: [[-0.01407315  0.00416403 -0.00349273]
 [-0.00323526 -0.01057316  0.01086297]
 [-0.00568475 -0.00508072 -0.00990671]] 
Episode: 47: [[-0.0140672   0.00415728 -0.00349032]
 [-0.00323676 -0.01057271  0.01086277]
 [-0.00568728 -0.00508516 -0.00990201]] 
Episode: 48: [[-0.01406103  0.004147   -0.00348496]
 [-0.00324035 -0.01057435  0.01086278]
 [-0.00568892 -0.00508598 -0.00989714]] 
Episode: 49: [[-0.01405958  0.00412742 -0.00348016]
 [-0.00325089 -0.01056757  0.01085941]
 [-0.00569157 -0.0050826  -0.00989033]] 
Episode: 50: [[-0.01405677  0.00411941 -0.00348028]
 [-0.0032526  -0.01056227  0.0108558 ]
 [-0.00568944 -0.00508174 -0.00988565]] 
Episode: 51: [[-0.01405371  0.00410934 -0.003479  ]
 [-0.0032556  -0.01055849  0.01085266]
 [-0.00568789 -0.00508017 -0.00988101]] 
Episode: 52: [[-0.0140518   0.00409497 -0.00347702]
 [-0.00326231 -0.01055169  0.01085492]
 [-0.00568635 -0.00507277 -0.0098744 ]] 
Episode: 53: [[-0.01404817  0.00408554 -0.00347567]
 [-0.00326488 -0.01054911  0.01085623]
 [-0.005682   -0.0050676  -0.0098698 ]] 
Episode: 54: [[-0.01404442  0.00407875 -0.00347623]
 [-0.00326531 -0.0105472   0.01085907]
 [-0.00567594 -0.00506092 -0.00986499]] 
Episode: 55: [[-0.01404214  0.00406911 -0.00347398]
 [-0.00326736 -0.0105417   0.01086441]
 [-0.00566996 -0.00505138 -0.00986532]] 
Episode: 56: [[-0.01404028  0.00406348 -0.00347375]
 [-0.00326761 -0.01053982  0.01086961]
 [-0.00566301 -0.00504255 -0.00986831]] 
Episode: 57: [[-0.01403578  0.00406964 -0.0034797 ]
 [-0.0032585  -0.0105415   0.01087741]
 [-0.0056486  -0.00503248 -0.00987375]] 
Episode: 58: [[-0.01403102  0.00407792 -0.00348659]
 [-0.00324728 -0.01054289  0.0108838 ]
 [-0.00563424 -0.0050252  -0.00987877]] 
Episode: 59: [[-0.01402664  0.00408819 -0.00349444]
 [-0.00323481 -0.01054547  0.01088977]
 [-0.00561918 -0.00501851 -0.00988605]] 
Episode: 60: [[-0.01402358  0.00409624 -0.00350071]
 [-0.00322461 -0.01055134  0.01089524]
 [-0.00560536 -0.00501188 -0.00989267]] 
Episode: 61: [[-0.01401968  0.00410047 -0.00350464]
 [-0.00321612 -0.01055509  0.01089991]
 [-0.00559397 -0.0050066  -0.00989969]] 
Episode: 62: [[-0.01401473  0.00410297 -0.00350637]
 [-0.00320788 -0.01055813  0.01090346]
 [-0.00558377 -0.00500305 -0.00990667]] 
Episode: 63: [[-0.01400987  0.0041187  -0.00351264]
 [-0.00319041 -0.01056455  0.0109078 ]
 [-0.00556479 -0.00499735 -0.00991657]] 
Episode: 64: [[-0.01400395  0.00413503 -0.00351916]
 [-0.0031719  -0.01056996  0.01091042]
 [-0.00554635 -0.00499397 -0.00992384]] 
Episode: 65: [[-0.01399819  0.00415301 -0.00352623]
 [-0.00315255 -0.01057561  0.01091231]
 [-0.00552762 -0.00499188 -0.0099319 ]] 
Episode: 66: [[-0.01399225  0.00416948 -0.00353314]
 [-0.00313505 -0.01058164  0.01091386]
 [-0.00551035 -0.00498988 -0.00993945]] 
Episode: 67: [[-0.01399014  0.00417963 -0.00353633]
 [-0.0031239  -0.01058568  0.01091409]
 [-0.00549831 -0.00498831 -0.00993949]] 
Episode: 68: [[-0.01398737  0.0041851  -0.00353613]
 [-0.00311496 -0.01058762  0.01091333]
 [-0.0054882  -0.00498761 -0.00993975]] 
Episode: 69: [[-0.01398648  0.00418783 -0.00353466]
 [-0.00310847 -0.01059069  0.01091193]
 [-0.00548032 -0.00498756 -0.00993812]] 
Episode: 70: [[-0.01398514  0.00418854 -0.00353058]
 [-0.00310352 -0.01059304  0.01090985]
 [-0.00547359 -0.00498808 -0.00993613]] 
Episode: 71: [[-0.01398276  0.00418897 -0.00352673]
 [-0.00309819 -0.01059393  0.01090758]
 [-0.00546794 -0.00498975 -0.00993383]] 
Episode: 72: [[-0.01398314  0.00418739 -0.00352097]
 [-0.00309559 -0.01059437  0.01090393]
 [-0.00546557 -0.00499299 -0.00992839]] 
Episode: 73: [[-0.01398349  0.00418631 -0.00351714]
 [-0.00309259 -0.01059199  0.01090279]
 [-0.00546164 -0.00499347 -0.00992314]] 
Episode: 74: [[-0.01398465  0.00418402 -0.00351208]
 [-0.00309108 -0.01059114  0.01090199]
 [-0.00545903 -0.00499357 -0.00991776]] 
Episode: 75: [[-0.01398474  0.00418212 -0.00350813]
 [-0.00308881 -0.01058888  0.01090126]
 [-0.00545619 -0.00499382 -0.00991297]] 
Episode: 76: [[-0.01398385  0.00418059 -0.00350432]
 [-0.00308555 -0.01058632  0.01090027]
 [-0.00545344 -0.00499479 -0.00990848]] 
Episode: 77: [[-0.0139837   0.00418057 -0.00350203]
 [-0.00308148 -0.01058349  0.01089924]
 [-0.00545006 -0.00499556 -0.00990317]] 
Episode: 78: [[-0.01398395  0.00418068 -0.00349804]
 [-0.00307835 -0.01058541  0.01089768]
 [-0.00544705 -0.0049965  -0.0098984 ]] 
Episode: 79: [[-0.01398183  0.00417773 -0.00349222]
 [-0.00307576 -0.01058576  0.01089483]
 [-0.00544508 -0.00499909 -0.0098938 ]] 
Episode: 80: [[-0.01397846  0.00417677 -0.00348722]
 [-0.00307117 -0.01058709  0.01089251]
 [-0.00544104 -0.00500131 -0.00988986]] 
Episode: 81: [[-0.01397519  0.00417526 -0.00348146]
 [-0.00306731 -0.01058581  0.01088887]
 [-0.00543804 -0.00500475 -0.00988493]] 
Episode: 82: [[-0.0139724   0.00417841 -0.00347813]
 [-0.00305924 -0.01058385  0.01088343]
 [-0.00543412 -0.00501077 -0.00988213]] 
Episode: 83: [[-0.01396889  0.00417994 -0.00347304]
 [-0.00305222 -0.0105826   0.01087745]
 [-0.00543095 -0.0050172  -0.00987913]] 
Episode: 84: [[-0.0139649   0.0041788  -0.00346695]
 [-0.00304732 -0.0105788   0.01087298]
 [-0.00542851 -0.00502189 -0.0098763 ]] 
Episode: 85: [[-0.01396224  0.00417336 -0.00346061]
 [-0.00304697 -0.01057585  0.01087107]
 [-0.00542731 -0.00502152 -0.00987585]] 
Episode: 86: [[-0.01395982  0.00417003 -0.00345661]
 [-0.00304507 -0.01057415  0.01086922]
 [-0.00542437 -0.00502088 -0.00987709]] 
Episode: 87: [[-0.01395768  0.00416684 -0.00345263]
 [-0.00304343 -0.01057197  0.01086811]
 [-0.00542092 -0.0050194  -0.00987833]] 
Episode: 88: [[-0.01395406  0.00416395 -0.00344858]
 [-0.00304113 -0.01057117  0.01086678]
 [-0.00541709 -0.00501809 -0.00987965]] 
Episode: 89: [[-0.01394985  0.0041614  -0.00344535]
 [-0.00303829 -0.01056949  0.01086548]
 [-0.00541358 -0.0050177  -0.00988001]] 
Episode: 90: [[-0.01394598  0.00415735 -0.00344122]
 [-0.00303719 -0.01056793  0.01086408]
 [-0.00541085 -0.00501677 -0.00988031]] 
Episode: 91: [[-0.01394255  0.0041552  -0.00343759]
 [-0.0030347  -0.010568    0.01086326]
 [-0.00540678 -0.00501568 -0.00988056]] 
Episode: 92: [[-0.01393993  0.00415231 -0.00343382]
 [-0.00303334 -0.01057023  0.01086218]
 [-0.00540322 -0.00501449 -0.00988137]] 
Episode: 93: [[-0.01393652  0.00414464 -0.00342593]
 [-0.00303523 -0.01057051  0.01086119]
 [-0.0054021  -0.00501288 -0.00988224]] 
Episode: 94: [[-0.0139322   0.00414111 -0.00342079]
 [-0.00303388 -0.01057354  0.01086231]
 [-0.00539711 -0.00500987 -0.00988355]] 
Episode: 95: [[-0.01392517  0.00413929 -0.00341528]
 [-0.00302956 -0.01057839  0.01086203]
 [-0.00539091 -0.00500884 -0.0098849 ]] 
Episode: 96: [[-0.013919    0.00413387 -0.00341159]
 [-0.00302831 -0.01058064  0.01086335]
 [-0.00538858 -0.00500854 -0.00988589]] 
Episode: 97: [[-0.0139104   0.00412667 -0.00340275]
 [-0.00302685 -0.01058455  0.01086406]
 [-0.00538408 -0.00500507 -0.00988866]] 
Episode: 98: [[-0.01389989  0.00412221 -0.00339534]
 [-0.00302232 -0.01059152  0.01086424]
 [-0.00537743 -0.00500272 -0.009893  ]] 
Episode: 99: [[-0.01389122  0.00411851 -0.00338934]
 [-0.00301876 -0.01059803  0.01086468]
 [-0.00537207 -0.00500089 -0.00989635]] 
Episode: 100: [[-0.01388167  0.00411339 -0.00338315]
 [-0.00301594 -0.01060319  0.01086511]
 [-0.00536751 -0.00499908 -0.00989948]] 
Episode: 101: [[-0.01386995  0.00410819 -0.00337712]
 [-0.00301277 -0.01060922  0.01086331]
 [-0.00536446 -0.00500073 -0.00990145]] 
Episode: 102: [[-0.01385864  0.00410341 -0.00336991]
 [-0.00300977 -0.01061673  0.01085968]
 [-0.00536175 -0.00500471 -0.00990059]] 
Episode: 103: [[-0.01384828  0.00409879 -0.00336244]
 [-0.00300733 -0.01062414  0.01085393]
 [-0.00535951 -0.00500938 -0.00990009]] 
Episode: 104: [[-0.01383889  0.00409281 -0.00335518]
 [-0.00300593 -0.01063011  0.01084914]
 [-0.00535836 -0.00501356 -0.0098996 ]] 
Episode: 105: [[-0.01382879  0.00408995 -0.00334968]
 [-0.00300271 -0.01063894  0.01084267]
 [-0.00535593 -0.00501929 -0.00989795]] 
Episode: 106: [[-0.0138187   0.00408818 -0.00334439]
 [-0.00299959 -0.01064815  0.0108354 ]
 [-0.00535238 -0.00502383 -0.00989585]] 
Episode: 107: [[-0.01380915  0.00408525 -0.00333901]
 [-0.00299753 -0.01065372  0.01082831]
 [-0.00535003 -0.00502865 -0.00989345]] 
Episode: 108: [[-0.01380029  0.00408346 -0.00333473]
 [-0.002995   -0.01066239  0.01082227]
 [-0.00534629 -0.00503225 -0.00989285]] 
Episode: 109: [[-0.01379132  0.00407819 -0.00332847]
 [-0.00299426 -0.01066927  0.01081774]
 [-0.00534409 -0.00503469 -0.00989348]] 
Episode: 110: [[-0.01378415  0.00407117 -0.00331987]
 [-0.00299434 -0.01067331  0.01081338]
 [-0.00534217 -0.00503643 -0.0098957 ]] 
Episode: 111: [[-0.01377981  0.00406551 -0.00331305]
 [-0.00299499 -0.01068012  0.01080934]
 [-0.00534028 -0.0050379  -0.00989953]] 
Episode: 112: [[-0.01377716  0.00406129 -0.00330562]
 [-0.00299519 -0.01068636  0.01080546]
 [-0.0053373  -0.00503914 -0.00990314]] 
Episode: 113: [[-0.01377604  0.00405828 -0.00329899]
 [-0.00299619 -0.01069358  0.01080237]
 [-0.00533423 -0.0050394  -0.00990726]] 
Episode: 114: [[-0.01377419  0.00405496 -0.00329367]
 [-0.002997   -0.01070037  0.01080085]
 [-0.00533117 -0.00503883 -0.00991043]] 
Episode: 115: [[-0.01377148  0.00405401 -0.0032943 ]
 [-0.0029951  -0.01070843  0.01080689]
 [-0.00532408 -0.00503237 -0.00991182]] 
Episode: 116: [[-0.01376784  0.00405578 -0.00329639]
 [-0.00299057 -0.01071738  0.01081275]
 [-0.00531566 -0.00502679 -0.00991248]] 
Episode: 117: [[-0.01376353  0.00405668 -0.00329788]
 [-0.00298724 -0.01072531  0.01081594]
 [-0.00530965 -0.00502408 -0.00991036]] 
Episode: 118: [[-0.01375851  0.00405837 -0.0033005 ]
 [-0.00298279 -0.01073291  0.01081984]
 [-0.00530328 -0.00502089 -0.00990816]] 
Episode: 119: [[-0.01375568  0.00406093 -0.00330456]
 [-0.00297894 -0.01073903  0.0108234 ]
 [-0.00529772 -0.0050178  -0.00990587]] 
Episode: 120: [[-0.01375339  0.00406442 -0.00330794]
 [-0.00297459 -0.01074467  0.01082535]
 [-0.00529271 -0.00501686 -0.00990306]] 
Episode: 121: [[-0.01374927  0.00407134 -0.00331346]
 [-0.00296676 -0.01075208  0.01082734]
 [-0.00528489 -0.00501616 -0.00989952]] 
Episode: 122: [[-0.01374729  0.00407514 -0.00331607]
 [-0.00296232 -0.010758    0.0108282 ]
 [-0.00527918 -0.00501488 -0.0098961 ]] 
Episode: 123: [[-0.01374761  0.00407967 -0.00331865]
 [-0.00295896 -0.01076605  0.01082952]
 [-0.00527354 -0.00501295 -0.00989463]] 
Episode: 124: [[-0.01374766  0.00408458 -0.00332176]
 [-0.00295473 -0.01077263  0.01083073]
 [-0.00526791 -0.00501159 -0.00989256]] 
Episode: 125: [[-0.01374725  0.004091   -0.00332592]
 [-0.00294912 -0.01078004  0.01083254]
 [-0.005261   -0.00501017 -0.00989139]] 
Episode: 126: [[-0.01374664  0.00410134 -0.00333069]
 [-0.00294007 -0.01078817  0.01083374]
 [-0.00525094 -0.00500813 -0.00988992]] 
Episode: 127: [[-0.01374978  0.0041131  -0.00333576]
 [-0.00293258 -0.01079903  0.01083587]
 [-0.00524139 -0.00500504 -0.009892  ]] 
Episode: 128: [[-0.01375337  0.00412252 -0.00333895]
 [-0.00292697 -0.01080869  0.01083757]
 [-0.00523296 -0.00500221 -0.00989353]] 
Episode: 129: [[-0.01375577  0.00413263 -0.00333898]
 [-0.00291957 -0.01081757  0.01083873]
 [-0.00522265 -0.00499834 -0.00989428]] 
Episode: 130: [[-0.0137578   0.00414298 -0.00333914]
 [-0.00291201 -0.01082658  0.01083966]
 [-0.00521241 -0.00499464 -0.00989471]] 
Episode: 131: [[-0.0137608   0.00415055 -0.00333897]
 [-0.0029065  -0.01083275  0.01084081]
 [-0.00520386 -0.00498982 -0.00989392]] 
Episode: 132: [[-0.01376037  0.00415348 -0.0033353 ]
 [-0.00290288 -0.01083832  0.01083889]
 [-0.0051982  -0.00498802 -0.00989264]] 
Episode: 133: [[-0.01375751  0.00415513 -0.00332935]
 [-0.00289856 -0.01084412  0.01083636]
 [-0.00519249 -0.00498762 -0.00989202]] 
Episode: 134: [[-0.01375549  0.00415721 -0.00332401]
 [-0.00289366 -0.01085241  0.01083333]
 [-0.00518655 -0.00498788 -0.00989122]] 
Episode: 135: [[-0.01375278  0.00415865 -0.00331748]
 [-0.00288963 -0.01085992  0.0108293 ]
 [-0.00518191 -0.00498907 -0.00988895]] 
Episode: 136: [[-0.01375017  0.00416283 -0.00331473]
 [-0.00288337 -0.0108662   0.010826  ]
 [-0.00517542 -0.00498984 -0.00988727]] 
Episode: 137: [[-0.0137445   0.00416672 -0.00330897]
 [-0.00287592 -0.01087283  0.01081808]
 [-0.00516948 -0.00499509 -0.00988301]] 
Episode: 138: [[-0.01373879  0.00417121 -0.00330426]
 [-0.00286832 -0.01088014  0.01081061]
 [-0.00516365 -0.00500051 -0.00987927]] 
Episode: 139: [[-0.01373674  0.00417592 -0.00330071]
 [-0.00286439 -0.01088804  0.01080476]
 [-0.00516062 -0.00500438 -0.00987587]] 
Episode: 140: [[-0.01373477  0.00418067 -0.00329737]
 [-0.00286    -0.01089523  0.01079976]
 [-0.00515738 -0.00500812 -0.00987266]] 
Episode: 141: [[-0.01373263  0.00418593 -0.00329472]
 [-0.00285507 -0.01090112  0.01079505]
 [-0.00515369 -0.005012   -0.00986917]] 
Episode: 142: [[-0.0137299   0.00418915 -0.0032911 ]
 [-0.00285104 -0.0109064   0.01079033]
 [-0.00515035 -0.00501574 -0.00986532]] 
Episode: 143: [[-0.01372801  0.00419281 -0.00328812]
 [-0.00284735 -0.01091135  0.01078611]
 [-0.00514709 -0.00501904 -0.00986261]] 
Episode: 144: [[-0.01372531  0.00419681 -0.00328453]
 [-0.00284214 -0.01091775  0.01078275]
 [-0.00514201 -0.00502087 -0.00986159]] 
Episode: 145: [[-0.0137233   0.00420073 -0.00328124]
 [-0.00283733 -0.0109243   0.01078053]
 [-0.00513646 -0.00502158 -0.00986073]] 
Episode: 146: [[-0.01372063  0.0042054  -0.00327842]
 [-0.00283169 -0.01092972  0.01077807]
 [-0.00513043 -0.00502226 -0.00986125]] 
Episode: 147: [[-0.01371696  0.00421219 -0.00327617]
 [-0.00282431 -0.01093651  0.01077546]
 [-0.00512301 -0.00502314 -0.00986229]] 
Episode: 148: [[-0.0137137   0.00421792 -0.00327373]
 [-0.0028173  -0.01094173  0.01077399]
 [-0.00511565 -0.00502318 -0.00986288]] 
Episode: 149: [[-0.01371018  0.00422368 -0.00327262]
 [-0.00280939 -0.01094535  0.01077443]
 [-0.00510541 -0.00502058 -0.00986256]] 
Episode: 150: [[-0.01370681  0.00422977 -0.00327137]
 [-0.00280142 -0.0109479   0.01077325]
 [-0.00509616 -0.00502002 -0.00986088]] 
Episode: 151: [[-0.01370443  0.00423438 -0.00326943]
 [-0.00279468 -0.01094644  0.01077405]
 [-0.00508658 -0.00501648 -0.00986281]] 
Episode: 152: [[-0.01370128  0.00423914 -0.00326844]
 [-0.00278758 -0.01094367  0.01077388]
 [-0.00507712 -0.00501385 -0.00986438]] 
Episode: 153: [[-0.01369839  0.00424321 -0.00326758]
 [-0.00278125 -0.01094386  0.01077336]
 [-0.0050689  -0.00501193 -0.00986679]] 
Episode: 154: [[-0.01369591  0.00424727 -0.0032658 ]
 [-0.00277539 -0.01094361  0.01077203]
 [-0.00506201 -0.0050113  -0.00986876]] 
Episode: 155: [[-0.01369357  0.00425009 -0.00326373]
 [-0.00277036 -0.01094268  0.01077161]
 [-0.00505566 -0.00501007 -0.00987189]] 
Episode: 156: [[-0.01369122  0.00425171 -0.00326028]
 [-0.00276623 -0.0109443   0.01077094]
 [-0.00504947 -0.00500863 -0.0098745 ]] 
Episode: 157: [[-0.0136894   0.00425451 -0.00325775]
 [-0.00276153 -0.01094667  0.01076973]
 [-0.00504285 -0.00500759 -0.00987866]] 
Episode: 158: [[-0.01368899  0.00425479 -0.00325494]
 [-0.00275978 -0.01094544  0.01076908]
 [-0.00503852 -0.00500574 -0.00988092]] 
Episode: 159: [[-0.01368839  0.00425372 -0.00325102]
 [-0.00275898 -0.01094183  0.01076546]
 [-0.00503618 -0.00500614 -0.00988196]] 
Episode: 160: [[-0.01368532  0.00425021 -0.00324625]
 [-0.00275832 -0.01093984  0.01076139]
 [-0.00503444 -0.00500801 -0.00988351]] 
Episode: 161: [[-0.013682    0.00424753 -0.00324174]
 [-0.00275726 -0.01093909  0.01075627]
 [-0.00503266 -0.0050115  -0.00988408]] 
Episode: 162: [[-0.01367404  0.00423922 -0.00323416]
 [-0.00275726 -0.01094375  0.01074916]
 [-0.00503174 -0.00501624 -0.00988634]] 
Episode: 163: [[-0.01366765  0.0042273  -0.00322408]
 [-0.00276082 -0.01094563  0.0107425 ]
 [-0.00503336 -0.00501925 -0.00988773]] 
Episode: 164: [[-0.01366201  0.00421636 -0.00321481]
 [-0.00276389 -0.01094679  0.01073646]
 [-0.00503479 -0.00502214 -0.00988866]] 
Episode: 165: [[-0.01365759  0.00420603 -0.00320675]
 [-0.00276718 -0.01094878  0.01073107]
 [-0.00503584 -0.00502412 -0.00988949]] 
Episode: 166: [[-0.01365408  0.00419417 -0.0031986 ]
 [-0.002772   -0.01094756  0.01072622]
 [-0.00503825 -0.00502555 -0.00989032]] 
Episode: 167: [[-0.01365136  0.00418269 -0.00319056]
 [-0.00277746 -0.0109487   0.01072272]
 [-0.00504026 -0.00502584 -0.00989059]] 
Episode: 168: [[-0.01364782  0.00417169 -0.00318249]
 [-0.00278255 -0.01095036  0.01071834]
 [-0.00504283 -0.00502724 -0.00989142]] 
Episode: 169: [[-0.01364795  0.00415391 -0.00316646]
 [-0.00279349 -0.0109427   0.01071591]
 [-0.00505229 -0.00502938 -0.00989309]] 
Episode: 170: [[-0.01364869  0.00414037 -0.00315361]
 [-0.00280278 -0.01093808  0.01071461]
 [-0.00505958 -0.00503096 -0.00989653]] 
Episode: 171: [[-0.01364895  0.00412475 -0.00314001]
 [-0.00281264 -0.01093191  0.01071213]
 [-0.00506913 -0.0050352  -0.00989891]] 
Episode: 172: [[-0.01365013  0.00411054 -0.00312829]
 [-0.00282172 -0.01092633  0.01071174]
 [-0.00507691 -0.00503719 -0.00990107]] 
Episode: 173: [[-0.01365109  0.00409606 -0.0031167 ]
 [-0.00283077 -0.01092114  0.01071119]
 [-0.00508448 -0.00503877 -0.00990309]] 
Episode: 174: [[-0.01364997  0.00408958 -0.00310976]
 [-0.002833   -0.01092085  0.01071264]
 [-0.00508425 -0.00503807 -0.00990481]] 
Episode: 175: [[-0.01364979  0.00408262 -0.003103  ]
 [-0.00283667 -0.0109206   0.01071567]
 [-0.00508292 -0.00503412 -0.0099069 ]] 
Episode: 176: [[-0.01364911  0.00407827 -0.0030994 ]
 [-0.00283796 -0.01092021  0.01072181]
 [-0.0050774  -0.00502643 -0.00990966]] 
Episode: 177: [[-0.01364985  0.00407844 -0.00309536]
 [-0.002838   -0.01091889  0.01072689]
 [-0.00507153 -0.00502057 -0.00991199]] 
Episode: 178: [[-0.01364915  0.00408231 -0.00309346]
 [-0.00283595 -0.01091915  0.01073236]
 [-0.00505931 -0.00500782 -0.00991276]] 
Episode: 179: [[-0.01364697  0.00408743 -0.00309205]
 [-0.0028325  -0.01092218  0.01073724]
 [-0.00504668 -0.00499689 -0.00991439]] 
Episode: 180: [[-0.01364446  0.00409462 -0.00309193]
 [-0.00282646 -0.01092448  0.01074154]
 [-0.00503326 -0.00498782 -0.00991467]] 
Episode: 181: [[-0.01364141  0.0041027  -0.00309235]
 [-0.00281922 -0.01092878  0.01074665]
 [-0.00501909 -0.00497883 -0.00991484]] 
Episode: 182: [[-0.01364009  0.00410887 -0.00309322]
 [-0.00281375 -0.01093366  0.01075072]
 [-0.00500782 -0.00497121 -0.00991238]] 
Episode: 183: [[-0.01364088  0.00411489 -0.00309433]
 [-0.00280913 -0.01093828  0.01075383]
 [-0.00499828 -0.00496542 -0.00990889]] 
Episode: 184: [[-0.01364168  0.00411937 -0.00309366]
 [-0.00280569 -0.01093994  0.01075448]
 [-0.00499162 -0.0049624  -0.00990454]] 
Episode: 185: [[-0.01364356  0.00412316 -0.0030925 ]
 [-0.00280319 -0.01094056  0.01075397]
 [-0.00498645 -0.00496022 -0.00990256]] 
Episode: 186: [[-0.01364505  0.00412513 -0.00309043]
 [-0.00280177 -0.01093888  0.01075276]
 [-0.0049829  -0.00495914 -0.00990029]] 
Episode: 187: [[-0.01364837  0.00412291 -0.00308573]
 [-0.00280553 -0.01093687  0.0107489 ]
 [-0.00498437 -0.0049601  -0.0098948 ]] 
Episode: 188: [[-0.01365111  0.00412148 -0.00308158]
 [-0.00280783 -0.0109347   0.01074502]
 [-0.00498468 -0.00496119 -0.00988891]] 
Episode: 189: [[-0.01365417  0.00411936 -0.00307708]
 [-0.00281033 -0.01093201  0.01074081]
 [-0.00498489 -0.00496221 -0.00988351]] 
Episode: 190: [[-0.01365673  0.00411951 -0.00307351]
 [-0.00281102 -0.01093202  0.01073725]
 [-0.00498309 -0.00496321 -0.00988039]] 
Episode: 191: [[-0.01365949  0.00411886 -0.00306971]
 [-0.00281223 -0.01093306  0.01073403]
 [-0.00498227 -0.00496458 -0.00987607]] 
Episode: 192: [[-0.01366004  0.00411778 -0.00306541]
 [-0.0028128  -0.01093285  0.01073066]
 [-0.0049818  -0.00496705 -0.00987216]] 
Episode: 193: [[-0.01366238  0.0041228  -0.00306254]
 [-0.0028117  -0.01093245  0.01072789]
 [-0.00498022 -0.00496987 -0.00986983]] 
Episode: 194: [[-0.01366372  0.00412943 -0.00306018]
 [-0.00280914 -0.01093221  0.01072565]
 [-0.00497737 -0.00497246 -0.00986852]] 
Episode: 195: [[-0.01366534  0.00413516 -0.00305889]
 [-0.0028069  -0.01093012  0.01072518]
 [-0.00497459 -0.00497408 -0.00986711]] 
Episode: 196: [[-0.013667    0.00414005 -0.00305697]
 [-0.00280472 -0.01092737  0.01072501]
 [-0.00497179 -0.00497512 -0.00986634]] 
Episode: 197: [[-0.01366879  0.00414135 -0.0030547 ]
 [-0.00280514 -0.01092657  0.01072633]
 [-0.00497025 -0.0049744  -0.00986516]] 
Episode: 198: [[-0.01367028  0.0041429  -0.00305344]
 [-0.00280533 -0.01092697  0.01072837]
 [-0.00496789 -0.00497282 -0.00986348]] 
Episode: 199: [[-0.01367097  0.00414436 -0.0030533 ]
 [-0.00280537 -0.01092755  0.01073088]
 [-0.0049658  -0.00497109 -0.00986152]] 
Episode: 200: [[-0.01367096  0.00414592 -0.00305377]
 [-0.0028052  -0.01092915  0.01073138]
 [-0.0049648  -0.00497145 -0.00985755]] 
Episode: 201: [[-0.01367038  0.00414348 -0.00304895]
 [-0.00280662 -0.01092815  0.01072908]
 [-0.00496566 -0.00497428 -0.0098529 ]] 
Episode: 202: [[-0.01367113  0.0041407  -0.00304345]
 [-0.00280938 -0.01092864  0.0107267 ]
 [-0.00496722 -0.00497685 -0.00984767]] 
Episode: 203: [[-0.01366887  0.00414333 -0.00304058]
 [-0.00280707 -0.01093212  0.01072592]
 [-0.00496463 -0.00497901 -0.00984445]] 
Episode: 204: [[-0.0136662   0.00414424 -0.00303711]
 [-0.0028059  -0.0109359   0.01072488]
 [-0.00496311 -0.00498143 -0.00984125]] 
Episode: 205: [[-0.01366409  0.0041443  -0.00303295]
 [-0.00280552 -0.01093976  0.01072456]
 [-0.0049612  -0.00498278 -0.00983849]] 
Episode: 206: [[-0.01366223  0.00414625 -0.00302998]
 [-0.00280374 -0.01094374  0.01072373]
 [-0.00495786 -0.00498405 -0.00983469]] 
Episode: 207: [[-0.01365904  0.00414758 -0.00302457]
 [-0.00280101 -0.01094714  0.01072012]
 [-0.00495439 -0.00498749 -0.00983184]] 
Episode: 208: [[-0.01365591  0.00414926 -0.00301999]
 [-0.00279801 -0.01095143  0.01071705]
 [-0.00495062 -0.00499059 -0.00982943]] 
Episode: 209: [[-0.01365108  0.00415114 -0.00301629]
 [-0.00279425 -0.01095515  0.01071322]
 [-0.00494617 -0.00499411 -0.00982717]] 
Episode: 210: [[-0.01364757  0.00415198 -0.00301192]
 [-0.00279236 -0.01095932  0.01070876]
 [-0.0049435  -0.00499803 -0.00982444]] 
Episode: 211: [[-0.0136446   0.00415285 -0.0030079 ]
 [-0.00279045 -0.01096223  0.01070291]
 [-0.00494212 -0.00500349 -0.0098216 ]] 
Episode: 212: [[-0.01364407  0.00415045 -0.00299957]
 [-0.00279322 -0.0109654   0.01069768]
 [-0.00494284 -0.0050074  -0.00981738]] 
Episode: 213: [[-0.01364474  0.00414743 -0.00299122]
 [-0.0027974  -0.01097225  0.01069428]
 [-0.0049433  -0.00500933 -0.00981363]] 
Episode: 214: [[-0.0136471   0.00414314 -0.00298281]
 [-0.0028034  -0.01097917  0.01069112]
 [-0.00494493 -0.00501043 -0.00980894]] 
Episode: 215: [[-0.01364954  0.00413903 -0.00297663]
 [-0.0028096  -0.0109846   0.01068906]
 [-0.00494622 -0.00500984 -0.00980444]] 
Episode: 216: [[-0.01365176  0.00413567 -0.00297124]
 [-0.00281484 -0.01098971  0.01068754]
 [-0.00494665 -0.00500874 -0.00979917]] 
Episode: 217: [[-0.01365059  0.00414527 -0.00297108]
 [-0.00280926 -0.0109941   0.01068762]
 [-0.00493782 -0.00500749 -0.00979744]] 
Episode: 218: [[-0.01364958  0.0041531  -0.00297042]
 [-0.0028048  -0.01099645  0.01068814]
 [-0.00492976 -0.00500547 -0.00979557]] 
Episode: 219: [[-0.01365046  0.00415915 -0.00296845]
 [-0.00280181 -0.01099663  0.01068825]
 [-0.00492308 -0.00500358 -0.00979265]] 
Episode: 220: [[-0.01365093  0.00416335 -0.00296595]
 [-0.00280008 -0.01099593  0.01068861]
 [-0.00491703 -0.00500092 -0.00978995]] 
Episode: 221: [[-0.01365084  0.00416896 -0.00296446]
 [-0.00279673 -0.0109975   0.0106887 ]
 [-0.00491016 -0.00499899 -0.00978731]] 
Episode: 222: [[-0.01364899  0.00417921 -0.00296511]
 [-0.00278696 -0.01099982  0.01069184]
 [-0.00489807 -0.00499571 -0.00978625]] 
Episode: 223: [[-0.01364734  0.00418867 -0.0029656 ]
 [-0.00277755 -0.01100234  0.01069524]
 [-0.00488616 -0.0049922  -0.00978666]] 
Episode: 224: [[-0.0136463   0.00419422 -0.00296365]
 [-0.00277168 -0.01100334  0.01069805]
 [-0.00487713 -0.00498821 -0.00978797]] 
Episode: 225: [[-0.01364486  0.00419539 -0.00295873]
 [-0.00276901 -0.01100175  0.01069889]
 [-0.00487102 -0.00498547 -0.00978896]] 
Episode: 226: [[-0.01364354  0.00419709 -0.00295382]
 [-0.00276621 -0.01100058  0.01069857]
 [-0.00486533 -0.00498433 -0.00978836]] 
Episode: 227: [[-0.01363944  0.00420404 -0.00295094]
 [-0.00275874 -0.01100336  0.01069946]
 [-0.00485638 -0.00498325 -0.00978941]] 
Episode: 228: [[-0.01363505  0.00421164 -0.00294934]
 [-0.00275049 -0.01100739  0.01070062]
 [-0.00484656 -0.00498213 -0.0097912 ]] 
Episode: 229: [[-0.01363143  0.00421859 -0.00294991]
 [-0.0027428  -0.01100957  0.01070221]
 [-0.00483888 -0.00498246 -0.00979199]] 
Episode: 230: [[-0.01362881  0.00422327 -0.00294911]
 [-0.00273707 -0.01100825  0.01070305]
 [-0.00483245 -0.00498259 -0.00979261]] 
Episode: 231: [[-0.01362687  0.00422734 -0.00294834]
 [-0.00273214 -0.01100685  0.01070382]
 [-0.00482724 -0.00498338 -0.0097924 ]] 
Episode: 232: [[-0.01362515  0.0042304  -0.00294648]
 [-0.00272778 -0.01100412  0.01070831]
 [-0.00481997 -0.00498067 -0.00979361]] 
Episode: 233: [[-0.01362251  0.00423059 -0.00294284]
 [-0.00272537 -0.01100248  0.01071158]
 [-0.00481461 -0.00497863 -0.00979432]] 
Episode: 234: [[-0.01362058  0.00422982 -0.00293888]
 [-0.00272421 -0.01100017  0.01071422]
 [-0.00481036 -0.00497653 -0.0097952 ]] 
Episode: 235: [[-0.01361985  0.0042239  -0.00292995]
 [-0.0027273  -0.01099492  0.01071208]
 [-0.00481165 -0.0049774  -0.00979323]] 
Episode: 236: [[-0.01361914  0.00421816 -0.00292119]
 [-0.00273053 -0.01098955  0.0107095 ]
 [-0.00481343 -0.00497874 -0.00979201]] 
Episode: 237: [[-0.01361907  0.00421329 -0.00291296]
 [-0.00273349 -0.01098545  0.01070724]
 [-0.00481403 -0.00497944 -0.00979148]] 
Episode: 238: [[-0.01362049  0.00420744 -0.00290488]
 [-0.00273808 -0.01098053  0.01070559]
 [-0.00481501 -0.00497874 -0.00979154]] 
Episode: 239: [[-0.01362138  0.00420081 -0.00289748]
 [-0.00274321 -0.0109782   0.01070323]
 [-0.00481668 -0.00497819 -0.00979035]] 
Episode: 240: [[-0.01361411  0.00420165 -0.00289121]
 [-0.00273717 -0.01098308  0.01070232]
 [-0.00480748 -0.0049766  -0.00979198]] 
Episode: 241: [[-0.0136062   0.00420378 -0.00288744]
 [-0.00272979 -0.01098869  0.01069968]
 [-0.00479915 -0.00497755 -0.00979409]] 
Episode: 242: [[-0.01360101  0.00420562 -0.002884  ]
 [-0.00272516 -0.01099611  0.01069683]
 [-0.00479326 -0.00497863 -0.00979693]] 
Episode: 243: [[-0.01359691  0.00420854 -0.00288072]
 [-0.00272064 -0.01100528  0.01069437]
 [-0.00478721 -0.00497982 -0.00979977]] 
Episode: 244: [[-0.01359571  0.00421036 -0.00287664]
 [-0.0027184  -0.01100986  0.01069133]
 [-0.00478261 -0.00497946 -0.00980236]] 
Episode: 245: [[-0.01359329  0.00421351 -0.0028712 ]
 [-0.00271438 -0.01101219  0.01068555]
 [-0.00477887 -0.00498342 -0.00980497]] 
Episode: 246: [[-0.01359009  0.00422217 -0.00286939]
 [-0.00270529 -0.01101643  0.01068164]
 [-0.00477053 -0.00498657 -0.00980865]] 
Episode: 247: [[-0.01358713  0.00423062 -0.00286766]
 [-0.00269735 -0.01102509  0.01067721]
 [-0.00476276 -0.00499021 -0.0098129 ]] 
Episode: 248: [[-0.01358541  0.00423513 -0.00286394]
 [-0.00269281 -0.01102972  0.0106747 ]
 [-0.00475701 -0.00499161 -0.00981789]] 
Episode: 249: [[-0.01358397  0.00424092 -0.0028619 ]
 [-0.00268732 -0.0110348   0.01067182]
 [-0.00475037 -0.00499337 -0.00982214]] 
Episode: 250: [[-0.01358252  0.00424426 -0.00285898]
 [-0.00268391 -0.01104042  0.01066929]
 [-0.00474527 -0.00499457 -0.00982609]] 
Episode: 251: [[-0.01358134  0.00424637 -0.00285568]
 [-0.0026817  -0.01104546  0.01066808]
 [-0.00474006 -0.00499361 -0.00983028]] 
Episode: 252: [[-0.01358072  0.00424861 -0.00285263]
 [-0.00267945 -0.0110518   0.01066775]
 [-0.00473376 -0.00499159 -0.00983446]] 
Episode: 253: [[-0.01358177  0.00424661 -0.00284852]
 [-0.00268238 -0.01105727  0.01066719]
 [-0.00473127 -0.00498879 -0.00983759]] 
Episode: 254: [[-0.01358409  0.00424325 -0.00284503]
 [-0.00268703 -0.01106124  0.01066722]
 [-0.00473014 -0.00498515 -0.00983975]] 
Episode: 255: [[-0.01358759  0.0042376  -0.00284065]
 [-0.00269334 -0.01106641  0.01066746]
 [-0.00473062 -0.00498187 -0.00984143]] 
Episode: 256: [[-0.01359159  0.00423237 -0.00283586]
 [-0.00270011 -0.01107158  0.01066825]
 [-0.00473164 -0.00497876 -0.00984271]] 
Episode: 257: [[-0.01359482  0.00422786 -0.00283126]
 [-0.00270596 -0.01107817  0.01066874]
 [-0.00473231 -0.00497632 -0.00984449]] 
Episode: 258: [[-0.01359465  0.00422181 -0.00282401]
 [-0.0027115  -0.01108351  0.01066625]
 [-0.00473356 -0.00497668 -0.00984539]] 
Episode: 259: [[-0.013595    0.0042148  -0.00281827]
 [-0.00271802 -0.01108729  0.01066357]
 [-0.00473559 -0.00497684 -0.00984585]] 
Episode: 260: [[-0.01359491  0.00420596 -0.00281194]
 [-0.00272654 -0.01108814  0.01065957]
 [-0.00474017 -0.00497849 -0.0098453 ]] 
Episode: 261: [[-0.0135991   0.00419154 -0.00281088]
 [-0.00274049 -0.011079    0.01065721]
 [-0.00475574 -0.00498852 -0.00984138]] 
Episode: 262: [[-0.01360247  0.00417678 -0.00280789]
 [-0.00275504 -0.01106927  0.01065121]
 [-0.00477134 -0.00499955 -0.00983759]] 
Episode: 263: [[-0.01360504  0.00416581 -0.00280802]
 [-0.00276602 -0.01106238  0.01064506]
 [-0.00478409 -0.00500986 -0.00983528]] 
Episode: 264: [[-0.01360671  0.00415544 -0.00280925]
 [-0.00277659 -0.0110577   0.01063966]
 [-0.00479567 -0.00501912 -0.00983203]] 
Episode: 265: [[-0.01360621  0.00414739 -0.00281054]
 [-0.00278495 -0.01105722  0.01063477]
 [-0.00480512 -0.00502799 -0.00983037]] 
Episode: 266: [[-0.01360755  0.00413816 -0.00280968]
 [-0.0027949  -0.01105799  0.01063044]
 [-0.00481445 -0.00503454 -0.00982768]] 
Episode: 267: [[-0.01360784  0.00413112 -0.0028117 ]
 [-0.00280268 -0.01105902  0.01062834]
 [-0.0048193  -0.00503644 -0.00982474]] 
Episode: 268: [[-0.01360759  0.00412441 -0.00281365]
 [-0.00281    -0.01106201  0.01062753]
 [-0.00482261 -0.00503674 -0.00982218]] 
Episode: 269: [[-0.01360955  0.00411486 -0.002814  ]
 [-0.00282233 -0.01106843  0.01062702]
 [-0.00482793 -0.00503442 -0.00981787]] 
Episode: 270: [[-0.013611    0.00410954 -0.00281787]
 [-0.00283146 -0.0110752   0.01063028]
 [-0.00482916 -0.00502985 -0.00981464]] 
Episode: 271: [[-0.01361674  0.00410455 -0.0028175 ]
 [-0.00284579 -0.01108385  0.01063356]
 [-0.00483437 -0.00502582 -0.00981062]] 
Episode: 272: [[-0.01362008  0.00409762 -0.00281062]
 [-0.00286112 -0.01109354  0.01063249]
 [-0.00483938 -0.00502193 -0.00980391]] 
Episode: 273: [[-0.01362206  0.00409399 -0.00280701]
 [-0.00287248 -0.01110488  0.01063137]
 [-0.00484125 -0.00501823 -0.00980037]] 
Episode: 274: [[-0.01362347  0.00409211 -0.00280472]
 [-0.00288123 -0.01111641  0.01063036]
 [-0.00484232 -0.00501614 -0.00979822]] 
Episode: 275: [[-0.01362447  0.00409127 -0.00280205]
 [-0.00288818 -0.01112803  0.01063004]
 [-0.00484199 -0.00501371 -0.00979688]] 
Episode: 276: [[-0.01362398  0.00409582 -0.00280462]
 [-0.00288994 -0.0111399   0.01063143]
 [-0.00483725 -0.00501018 -0.00979494]] 
Episode: 277: [[-0.01362194  0.00410475 -0.00281057]
 [-0.0028868  -0.0111523   0.01063617]
 [-0.00482789 -0.00500419 -0.00979256]] 
Episode: 278: [[-0.0136218   0.00411164 -0.00281387]
 [-0.00288571 -0.01116295  0.01063988]
 [-0.00482107 -0.00499911 -0.00978968]] 
Episode: 279: [[-0.01362043  0.00412165 -0.00281893]
 [-0.0028812  -0.01117385  0.01064365]
 [-0.00481185 -0.00499447 -0.00978887]] 
Episode: 280: [[-0.01361804  0.00413147 -0.00282341]
 [-0.00287584 -0.01118603  0.01064667]
 [-0.0048018  -0.00499012 -0.0097881 ]] 
Episode: 281: [[-0.01361635  0.00414516 -0.00283133]
 [-0.00286791 -0.01119899  0.01065099]
 [-0.00478936 -0.0049851  -0.00978715]] 
Episode: 282: [[-0.01361428  0.00415803 -0.00284059]
 [-0.00285961 -0.01121275  0.01065532]
 [-0.00477677 -0.00498042 -0.00978665]] 
Episode: 283: [[-0.01361461  0.00416256 -0.0028414 ]
 [-0.00285683 -0.01121997  0.01065554]
 [-0.00477043 -0.0049805  -0.00978499]] 
Episode: 284: [[-0.01361386  0.00416334 -0.00284119]
 [-0.00285694 -0.0112231   0.01065295]
 [-0.00476852 -0.00498379 -0.00978193]] 
Episode: 285: [[-0.01361465  0.0041643  -0.00284118]
 [-0.00285849 -0.0112295   0.01065025]
 [-0.00476834 -0.00498734 -0.00978014]] 
Episode: 286: [[-0.01361507  0.00416502 -0.0028419 ]
 [-0.00285836 -0.01123552  0.01064668]
 [-0.00476738 -0.00499161 -0.0097785 ]] 
Episode: 287: [[-0.01361398  0.00416536 -0.00284095]
 [-0.00285805 -0.01124235  0.01063935]
 [-0.0047681  -0.00499937 -0.00977486]] 
Episode: 288: [[-0.01361345  0.00416589 -0.00283712]
 [-0.00285687 -0.01124597  0.01062999]
 [-0.00476875 -0.00500822 -0.00977116]] 
Episode: 289: [[-0.01361345  0.00416806 -0.0028345 ]
 [-0.00285613 -0.01124981  0.01062363]
 [-0.00476895 -0.00501473 -0.00977093]] 
Episode: 290: [[-0.01361383  0.00417047 -0.00283052]
 [-0.00285542 -0.01125369  0.01061809]
 [-0.00476798 -0.00501988 -0.00977152]] 
Episode: 291: [[-0.0136144   0.00417256 -0.002826  ]
 [-0.00285455 -0.01125433  0.01061192]
 [-0.00476779 -0.00502611 -0.00977206]] 
Episode: 292: [[-0.01361435  0.00417748 -0.0028238 ]
 [-0.00285091 -0.0112562   0.01060619]
 [-0.00476584 -0.00503315 -0.009772  ]] 
Episode: 293: [[-0.01361765  0.00418343 -0.00282341]
 [-0.00284926 -0.01125944  0.01060245]
 [-0.004764   -0.00503772 -0.00977374]] 
Episode: 294: [[-0.0136185   0.00419012 -0.00282315]
 [-0.0028459  -0.01126312  0.01059991]
 [-0.00475951 -0.00503971 -0.0097767 ]] 
Episode: 295: [[-0.01361862  0.004194   -0.00282215]
 [-0.00284399 -0.01127069  0.01059642]
 [-0.00475639 -0.00504214 -0.00978015]] 
Episode: 296: [[-0.01361876  0.00419965 -0.00282282]
 [-0.00284074 -0.01128077  0.01059356]
 [-0.00475175 -0.00504421 -0.00978277]] 
Episode: 297: [[-0.01361808  0.0042069  -0.00282797]
 [-0.00283538 -0.01129089  0.01059797]
 [-0.00474157 -0.00503915 -0.00978574]] 
Episode: 298: [[-0.01361687  0.00421482 -0.00283298]
 [-0.00282921 -0.01130065  0.01060164]
 [-0.00473113 -0.00503521 -0.00978857]] 
Episode: 299: [[-0.01361493  0.00422436 -0.00283838]
 [-0.00282175 -0.01130982  0.01060658]
 [-0.00471773 -0.0050285  -0.00979172]] 
Episode: 300: [[-0.01361304  0.00422706 -0.00283293]
 [-0.00281843 -0.0113156   0.01060728]
 [-0.00470919 -0.00502586 -0.00979703]] 
Episode: 301: [[-0.01361111  0.00423326 -0.0028296 ]
 [-0.00281211 -0.01132106  0.01060919]
 [-0.00469807 -0.00502175 -0.00980314]] 
Episode: 302: [[-0.01360883  0.00423939 -0.00282618]
 [-0.00280557 -0.01132694  0.01060981]
 [-0.00468805 -0.00501965 -0.00980744]] 
Episode: 303: [[-0.01360781  0.00424773 -0.00282497]
 [-0.00279815 -0.01133182  0.01061027]
 [-0.00467737 -0.00501701 -0.00981243]] 
Episode: 304: [[-0.01360806  0.00425451 -0.00282574]
 [-0.00279299 -0.01133757  0.0106138 ]
 [-0.00466592 -0.00500991 -0.00981781]] 
Episode: 305: [[-0.01360901  0.00425672 -0.00282215]
 [-0.00279145 -0.01133894  0.01061526]
 [-0.00465695 -0.00500388 -0.00981997]] 
Episode: 306: [[-0.01360973  0.00425916 -0.00281877]
 [-0.00278975 -0.01134143  0.01061561]
 [-0.00464883 -0.00499958 -0.00982125]] 
Episode: 307: [[-0.01361211  0.00425883 -0.0028148 ]
 [-0.0027904  -0.01134624  0.01061376]
 [-0.00464427 -0.00499784 -0.00981924]] 
Episode: 308: [[-0.01361452  0.00425955 -0.00280953]
 [-0.00279035 -0.01135103  0.01060907]
 [-0.00464047 -0.00499849 -0.00981527]] 
Episode: 309: [[-0.01361563  0.00425981 -0.00280362]
 [-0.00278921 -0.01135481  0.01060513]
 [-0.00463634 -0.00499904 -0.0098127 ]] 
Episode: 310: [[-0.0136158   0.00425977 -0.00279611]
 [-0.00278826 -0.011359    0.01060027]
 [-0.00463262 -0.00500068 -0.00981142]] 
Episode: 311: [[-0.01361739  0.00426242 -0.00278981]
 [-0.00278718 -0.01136314  0.01059634]
 [-0.00462926 -0.00500187 -0.00981266]] 
Episode: 312: [[-0.01361849  0.00426588 -0.00278496]
 [-0.0027853  -0.01136719  0.01059315]
 [-0.00462518 -0.00500276 -0.00981461]] 
Episode: 313: [[-0.01361968  0.00426948 -0.00277974]
 [-0.00278385 -0.01137273  0.01059089]
 [-0.00462143 -0.00500308 -0.00981703]] 
Episode: 314: [[-0.01362184  0.00427294 -0.00277587]
 [-0.00278263 -0.01137447  0.0105868 ]
 [-0.00461845 -0.00500424 -0.00981844]] 
Episode: 315: [[-0.01362399  0.0042763  -0.00277168]
 [-0.00278226 -0.01137709  0.01058247]
 [-0.00461677 -0.00500636 -0.00981995]] 
Episode: 316: [[-0.01362908  0.00428009 -0.00276901]
 [-0.00278316 -0.01138032  0.01057887]
 [-0.00461593 -0.00500761 -0.00982044]] 
Episode: 317: [[-0.01363612  0.00428252 -0.00276539]
 [-0.00278671 -0.01138493  0.01057511]
 [-0.00461694 -0.00500869 -0.00982099]] 
Episode: 318: [[-0.0136435   0.00428218 -0.00276067]
 [-0.00279189 -0.01138751  0.01057186]
 [-0.00461958 -0.00500977 -0.00982236]] 
Episode: 319: [[-0.01365092  0.00428093 -0.00275641]
 [-0.00279746 -0.01138922  0.0105695 ]
 [-0.00462266 -0.00501024 -0.0098238 ]] 
Episode: 320: [[-0.01365956  0.00428391 -0.00275105]
 [-0.00279994 -0.01138738  0.01056552]
 [-0.00462296 -0.0050109  -0.00982488]] 
Episode: 321: [[-0.0136686   0.00428387 -0.0027427 ]
 [-0.0028044  -0.0113828   0.01056177]
 [-0.00462453 -0.00501057 -0.0098271 ]] 
Episode: 322: [[-0.01367532  0.00428886 -0.00273869]
 [-0.00280386 -0.01138205  0.01056032]
 [-0.00462069 -0.00500855 -0.00983114]] 
Episode: 323: [[-0.01368233  0.00428783 -0.00273444]
 [-0.00280801 -0.01137848  0.01055976]
 [-0.00462159 -0.00500622 -0.00983271]] 
Episode: 324: [[-0.013691    0.00428428 -0.00272832]
 [-0.00281426 -0.01137448  0.01055926]
 [-0.0046241  -0.00500378 -0.00983265]] 
Episode: 325: [[-0.013699    0.00427975 -0.00272131]
 [-0.00282054 -0.01136987  0.01055901]
 [-0.00462699 -0.00500158 -0.00983217]] 
Episode: 326: [[-0.01370649  0.00427487 -0.00271491]
 [-0.00282676 -0.01136494  0.01055988]
 [-0.00463045 -0.00499914 -0.0098332 ]] 
Episode: 327: [[-0.01371704  0.00426991 -0.00270839]
 [-0.00283535 -0.01136293  0.01056059]
 [-0.00463585 -0.0049968  -0.0098338 ]] 
Episode: 328: [[-0.01372641  0.00426504 -0.00269717]
 [-0.00284337 -0.01136106  0.01055594]
 [-0.00464337 -0.00500029 -0.00983293]] 
Episode: 329: [[-0.01373739  0.00425667 -0.00268369]
 [-0.00285389 -0.01135602  0.01055204]
 [-0.0046514  -0.00500171 -0.00983173]] 
Episode: 330: [[-0.01374537  0.0042505  -0.00267143]
 [-0.00286081 -0.01135249  0.01054851]
 [-0.00465648 -0.00500379 -0.00983165]] 
Episode: 331: [[-0.01375394  0.0042444  -0.00265968]
 [-0.00286815 -0.01134931  0.01054467]
 [-0.00466197 -0.00500626 -0.00983135]] 
Episode: 332: [[-0.01376257  0.00423563 -0.00264692]
 [-0.00287755 -0.01134323  0.01054141]
 [-0.00466903 -0.00500813 -0.00983157]] 
Episode: 333: [[-0.0137721   0.00422765 -0.00263661]
 [-0.00288741 -0.01133993  0.01053866]
 [-0.00467639 -0.00500909 -0.00983225]] 
Episode: 334: [[-0.0137796   0.00421804 -0.00262441]
 [-0.0028977  -0.01133601  0.0105324 ]
 [-0.00468466 -0.00501287 -0.00983144]] 
Episode: 335: [[-0.01378538  0.00421271 -0.00261568]
 [-0.00290429 -0.0113354   0.01052743]
 [-0.00468965 -0.00501659 -0.00983035]] 
Episode: 336: [[-0.01379044  0.00420674 -0.00260774]
 [-0.00291107 -0.01133379  0.01052353]
 [-0.00469477 -0.00501966 -0.00983002]] 
Episode: 337: [[-0.01379218  0.00420089 -0.00259761]
 [-0.00291631 -0.01133421  0.0105162 ]
 [-0.00470081 -0.00502698 -0.00982978]] 
Episode: 338: [[-0.0137929   0.00419455 -0.00258861]
 [-0.00292142 -0.01133347  0.01050805]
 [-0.00470746 -0.00503539 -0.00982979]] 
Episode: 339: [[-0.01379439  0.00418984 -0.0025812 ]
 [-0.0029262  -0.01133405  0.01050106]
 [-0.00471324 -0.00504272 -0.00983037]] 
Episode: 340: [[-0.01379536  0.00418604 -0.00257707]
 [-0.00293046 -0.01133509  0.01049771]
 [-0.00471644 -0.00504579 -0.00983227]] 
Episode: 341: [[-0.01379222  0.00418832 -0.00257754]
 [-0.00292832 -0.01133832  0.01049906]
 [-0.00470928 -0.00503958 -0.00983316]] 
Episode: 342: [[-0.01378809  0.00419401 -0.00258147]
 [-0.00292271 -0.0113428   0.01050308]
 [-0.00469828 -0.00503103 -0.00983363]] 
Episode: 343: [[-0.0137827   0.00420335 -0.00258706]
 [-0.00291406 -0.01135025  0.01050727]
 [-0.00468474 -0.00502291 -0.00983361]] 
Episode: 344: [[-0.01377655  0.00421429 -0.00259183]
 [-0.00290378 -0.01135843  0.01050897]
 [-0.00467136 -0.00501755 -0.00983257]] 
Episode: 345: [[-0.01377135  0.0042249  -0.00259657]
 [-0.00289378 -0.01136461  0.01051048]
 [-0.00465878 -0.00501311 -0.00982934]] 
Episode: 346: [[-0.01376657  0.00423646 -0.0026034 ]
 [-0.00288314 -0.01137028  0.0105139 ]
 [-0.00464523 -0.00500693 -0.00982599]] 
Episode: 347: [[-0.01376091  0.00424663 -0.00261606]
 [-0.00287398 -0.0113754   0.01052272]
 [-0.00462913 -0.00499439 -0.00982197]] 
Episode: 348: [[-0.01375754  0.00425136 -0.00262493]
 [-0.00286941 -0.01138032  0.01052834]
 [-0.00461807 -0.00498456 -0.00981593]] 
Episode: 349: [[-0.01375409  0.00425435 -0.00263044]
 [-0.00286585 -0.01138394  0.01053205]
 [-0.00460831 -0.00497633 -0.00981177]] 
Episode: 350: [[-0.01375076  0.00425583 -0.00263418]
 [-0.0028631  -0.0113866   0.01053509]
 [-0.00459986 -0.00496904 -0.00980829]] 
Episode: 351: [[-0.01374976  0.0042546  -0.00263613]
 [-0.0028631  -0.0113864   0.01053866]
 [-0.00459259 -0.00496032 -0.00980519]] 
Episode: 352: [[-0.01375032  0.00425461 -0.0026383 ]
 [-0.00286356 -0.01138817  0.01054251]
 [-0.00458577 -0.00495189 -0.00980395]] 
Episode: 353: [[-0.0137511   0.00425476 -0.00264195]
 [-0.00286292 -0.01138678  0.01054768]
 [-0.0045779  -0.00494196 -0.00980499]] 
Episode: 354: [[-0.01375023  0.00425545 -0.00264478]
 [-0.00286118 -0.01138782  0.01055177]
 [-0.00456978 -0.00493381 -0.00980601]] 
Episode: 355: [[-0.01374932  0.00425811 -0.00264712]
 [-0.00285789 -0.01138922  0.01055326]
 [-0.00456222 -0.00492863 -0.00980344]] 
Episode: 356: [[-0.01374655  0.00425923 -0.00264711]
 [-0.00285435 -0.01138978  0.01055451]
 [-0.0045551  -0.0049239  -0.00980359]] 
Episode: 357: [[-0.01374364  0.00426873 -0.00265045]
 [-0.00284644 -0.01139188  0.01055715]
 [-0.00454442 -0.00491821 -0.00980858]] 
Episode: 358: [[-0.01373945  0.00428046 -0.00265502]
 [-0.00283617 -0.01139426  0.01055974]
 [-0.00453197 -0.00491299 -0.00981352]] 
Episode: 359: [[-0.01373641  0.00429058 -0.00265901]
 [-0.00282735 -0.01139519  0.01056157]
 [-0.00452131 -0.00490857 -0.0098182 ]] 
Episode: 360: [[-0.01373252  0.00430087 -0.00266301]
 [-0.00281743 -0.01139561  0.01056195]
 [-0.00451057 -0.0049057  -0.00982186]] 
Episode: 361: [[-0.01373085  0.00430408 -0.00266221]
 [-0.00281403 -0.01139387  0.01055905]
 [-0.00450507 -0.00490546 -0.00982181]] 
Episode: 362: [[-0.01373034  0.00430738 -0.00266276]
 [-0.00281124 -0.01139147  0.01055661]
 [-0.00450021 -0.00490478 -0.00982191]] 
Episode: 363: [[-0.01373059  0.00430793 -0.00266328]
 [-0.00281087 -0.01138729  0.01055413]
 [-0.00449655 -0.00490382 -0.00981954]] 
Episode: 364: [[-0.01373236  0.0043085  -0.00266409]
 [-0.0028112  -0.01138216  0.01055338]
 [-0.0044924  -0.004901   -0.00981741]] 
Episode: 365: [[-0.013735    0.00430866 -0.00266427]
 [-0.00281184 -0.01137617  0.01055277]
 [-0.00448873 -0.00489832 -0.00981519]] 
Episode: 366: [[-0.01373774  0.00430829 -0.00266369]
 [-0.00281342 -0.01137075  0.01055182]
 [-0.00448677 -0.00489645 -0.00981247]] 
Episode: 367: [[-0.01374118  0.00430937 -0.00266349]
 [-0.00281421 -0.01136469  0.0105508 ]
 [-0.0044848  -0.00489432 -0.00981089]] 
Episode: 368: [[-0.01374562  0.00431063 -0.00266446]
 [-0.00281506 -0.01135849  0.01054985]
 [-0.00448294 -0.00489209 -0.0098094 ]] 
Episode: 369: [[-0.01375011  0.00431026 -0.002665  ]
 [-0.00281666 -0.01135022  0.01054901]
 [-0.00448154 -0.00488969 -0.00980768]] 
Episode: 370: [[-0.01375391  0.00431147 -0.00266472]
 [-0.00281666 -0.01134034  0.01054469]
 [-0.00448095 -0.00489048 -0.00980602]] 
Episode: 371: [[-0.01375793  0.0043089  -0.00266194]
 [-0.00281974 -0.01133094  0.01054053]
 [-0.00448275 -0.00489131 -0.00980455]] 
Episode: 372: [[-0.01376281  0.00430471 -0.00265645]
 [-0.00282344 -0.01131814  0.01053308]
 [-0.00448615 -0.00489416 -0.00980065]] 
Episode: 373: [[-0.01376755  0.00430159 -0.00265114]
 [-0.00282671 -0.0113057   0.01052517]
 [-0.0044899  -0.00489798 -0.00979516]] 
Episode: 374: [[-0.01377251  0.00429815 -0.00264635]
 [-0.00283081 -0.01129395  0.01051918]
 [-0.00449306 -0.00490003 -0.00979155]] 
Episode: 375: [[-0.01378081  0.00429399 -0.0026442 ]
 [-0.00283727 -0.01127939  0.01051345]
 [-0.00449834 -0.00490153 -0.00978517]] 
Episode: 376: [[-0.01378878  0.00429272 -0.00264425]
 [-0.00284024 -0.01126542  0.01050811]
 [-0.00450089 -0.00490265 -0.00978096]] 
Episode: 377: [[-0.01379814  0.00428718 -0.00264071]
 [-0.00284711 -0.01125009  0.01050205]
 [-0.00450684 -0.00490441 -0.00977469]] 
Episode: 378: [[-0.01380513  0.00427841 -0.00263408]
 [-0.00285581 -0.01123367  0.01049602]
 [-0.00451434 -0.00490627 -0.0097717 ]] 
Episode: 379: [[-0.01381311  0.00426765 -0.00262375]
 [-0.00286592 -0.01121708  0.01048517]
 [-0.00452504 -0.0049126  -0.00976393]] 
Episode: 380: [[-0.01382076  0.00425575 -0.00261311]
 [-0.00287708 -0.01120139  0.01047441]
 [-0.0045367  -0.00491926 -0.00975676]] 
Episode: 381: [[-0.01383108  0.0042437  -0.00260303]
 [-0.0028907  -0.01119014  0.01046533]
 [-0.00454943 -0.00492405 -0.00974977]] 
Episode: 382: [[-0.01383944  0.0042319  -0.00259344]
 [-0.00290295 -0.01118063  0.01045775]
 [-0.00455999 -0.00492735 -0.00974316]] 
Episode: 383: [[-0.01384823  0.00421932 -0.002583  ]
 [-0.00291559 -0.01117038  0.01045225]
 [-0.00457022 -0.00492914 -0.00973666]] 
Episode: 384: [[-0.01385512  0.00420999 -0.00257464]
 [-0.00292488 -0.01116197  0.01044732]
 [-0.00457823 -0.00493154 -0.0097319 ]] 
Episode: 385: [[-0.01386185  0.00420189 -0.00256499]
 [-0.00293444 -0.01115247  0.01043384]
 [-0.00458996 -0.00494163 -0.00972863]] 
Episode: 386: [[-0.013868    0.00419513 -0.00255714]
 [-0.00294258 -0.01114357  0.01042192]
 [-0.00460005 -0.00495038 -0.00972591]] 
Episode: 387: [[-0.01387282  0.00418893 -0.00254997]
 [-0.00294977 -0.01113676  0.01041154]
 [-0.00460915 -0.00495849 -0.00972369]] 
Episode: 388: [[-0.01387854  0.00417953 -0.00254448]
 [-0.00295975 -0.01112874  0.01040555]
 [-0.0046167  -0.00495988 -0.00972126]] 
Episode: 389: [[-0.01388151  0.00417353 -0.00254096]
 [-0.00296665 -0.01112342  0.01040166]
 [-0.00462004 -0.00495841 -0.00971981]] 
Episode: 390: [[-0.01388094  0.00417766 -0.0025424 ]
 [-0.00296647 -0.01112119  0.01040197]
 [-0.00461446 -0.0049516  -0.00972072]] 
Episode: 391: [[-0.01387872  0.00417632 -0.00254476]
 [-0.00296954 -0.01111874  0.01040552]
 [-0.00461296 -0.00494493 -0.00972207]] 
Episode: 392: [[-0.01387626  0.00417532 -0.00254727]
 [-0.0029725  -0.01112048  0.01040853]
 [-0.00461107 -0.00493888 -0.00972288]] 
Episode: 393: [[-0.01387514  0.00417436 -0.00254925]
 [-0.00297631 -0.01112434  0.01041073]
 [-0.00461062 -0.00493388 -0.00972486]] 
Episode: 394: [[-0.01387402  0.00416917 -0.00254951]
 [-0.00298388 -0.01112961  0.01041183]
 [-0.00461236 -0.00492844 -0.00972538]] 
Episode: 395: [[-0.01387513  0.00416703 -0.00255249]
 [-0.00299044 -0.01113512  0.01041424]
 [-0.00461349 -0.00492165 -0.00972669]] 
Episode: 396: [[-0.01387771  0.00416444 -0.00255151]
 [-0.0029978  -0.01113888  0.01041506]
 [-0.00461446 -0.00491527 -0.00972698]] 
Episode: 397: [[-0.01388201  0.00416791 -0.00255119]
 [-0.00300267 -0.01113813  0.01041627]
 [-0.00461431 -0.00490843 -0.00972984]] 
Episode: 398: [[-0.01388441  0.00417251 -0.00255333]
 [-0.00300489 -0.01113889  0.01041939]
 [-0.0046119  -0.00490128 -0.00973088]] 
Episode: 399: [[-0.01388664  0.00417389 -0.00255443]
 [-0.00300939 -0.01113828  0.01042199]
 [-0.00461173 -0.00489523 -0.00973072]] 
Episode: 400: [[-0.01388761  0.00417741 -0.00255414]
 [-0.00301085 -0.01113808  0.01042099]
 [-0.00461006 -0.00489191 -0.00972949]] 
Episode: 401: [[-0.01388828  0.00417718 -0.00255336]
 [-0.0030137  -0.0111368   0.01041812]
 [-0.00460988 -0.00489063 -0.00972949]] 
Episode: 402: [[-0.01388972  0.00417847 -0.002553  ]
 [-0.00301602 -0.0111376   0.01041566]
 [-0.00460971 -0.00488981 -0.00972983]] 
Episode: 403: [[-0.0138937   0.00418013 -0.00255342]
 [-0.00302014 -0.0111405   0.01041378]
 [-0.00461104 -0.00488851 -0.00973108]] 
Episode: 404: [[-0.01389448  0.00417934 -0.00255126]
 [-0.00302444 -0.01114371  0.01040987]
 [-0.00461353 -0.0048899  -0.00973333]] 
Episode: 405: [[-0.01389637  0.0041779  -0.00254958]
 [-0.00302948 -0.01114805  0.01040659]
 [-0.00461601 -0.00489019 -0.00973728]] 
Episode: 406: [[-0.0139001   0.00417596 -0.00254695]
 [-0.00303549 -0.01115142  0.01040278]
 [-0.00461931 -0.00489081 -0.00973978]] 
Episode: 407: [[-0.01390236  0.00417699 -0.0025464 ]
 [-0.00303756 -0.01115441  0.01040102]
 [-0.00461932 -0.00488992 -0.00974328]] 
Episode: 408: [[-0.01390459  0.00417606 -0.00254481]
 [-0.0030405  -0.01115956  0.01039872]
 [-0.00462014 -0.00488901 -0.0097427 ]] 
Episode: 409: [[-0.01390601  0.00417881 -0.00254495]
 [-0.00304033 -0.01116601  0.01039772]
 [-0.00461809 -0.00488725 -0.00974311]] 
Episode: 410: [[-0.01390773  0.00418226 -0.00254779]
 [-0.00303912 -0.01117148  0.01039997]
 [-0.00461253 -0.00488065 -0.0097428 ]] 
Episode: 411: [[-0.0139062   0.00419164 -0.0025503 ]
 [-0.00303169 -0.01117881  0.01040097]
 [-0.00460019 -0.00487216 -0.00974229]] 
Episode: 412: [[-0.01390377  0.00420256 -0.00255477]
 [-0.00302268 -0.01118587  0.01040072]
 [-0.00458822 -0.00486624 -0.0097408 ]] 
Episode: 413: [[-0.01390039  0.00421511 -0.00255801]
 [-0.00301119 -0.01118943  0.01039847]
 [-0.00457492 -0.00486218 -0.00973531]] 
Episode: 414: [[-0.01389642  0.00422761 -0.00255504]
 [-0.00299875 -0.01119052  0.01039454]
 [-0.00455984 -0.00485725 -0.00973121]] 
Episode: 415: [[-0.01389309  0.00423928 -0.00255307]
 [-0.002987   -0.01119184  0.01039134]
 [-0.00454561 -0.00485258 -0.00972751]] 
Episode: 416: [[-0.01388907  0.00425113 -0.00255125]
 [-0.00297451 -0.01119328  0.01038828]
 [-0.00453041 -0.00484776 -0.00972371]] 
Episode: 417: [[-0.01388453  0.00426501 -0.00255313]
 [-0.00296046 -0.01119545  0.01038724]
 [-0.00451396 -0.00484175 -0.00971967]] 
Episode: 418: [[-0.01388043  0.00427715 -0.00255489]
 [-0.00294773 -0.01119689  0.01038607]
 [-0.00449871 -0.00483583 -0.00971764]] 
Episode: 419: [[-0.01387928  0.00429405 -0.0025601 ]
 [-0.00293179 -0.01118771  0.01038473]
 [-0.00448257 -0.00483041 -0.00971538]] 
Episode: 420: [[-0.01388276  0.00430308 -0.00255978]
 [-0.00292366 -0.01116852  0.01038079]
 [-0.00447068 -0.00482375 -0.00970752]] 
Episode: 421: [[-0.01388413  0.00431107 -0.00255826]
 [-0.0029151  -0.01115183  0.01037632]
 [-0.00445944 -0.00481909 -0.00970055]] 
Episode: 422: [[-0.01388822  0.00431641 -0.00255576]
 [-0.0029115  -0.0111396   0.01037192]
 [-0.00445285 -0.00481521 -0.00969246]] 
Episode: 423: [[-0.01389334  0.00432273 -0.00255304]
 [-0.00290911 -0.0111289   0.01036809]
 [-0.00444752 -0.00481154 -0.00968671]] 
Episode: 424: [[-0.01389784  0.00432973 -0.00255142]
 [-0.00290604 -0.01112059  0.01036472]
 [-0.00444179 -0.00480841 -0.00968179]] 
Episode: 425: [[-0.01390229  0.00433537 -0.00254935]
 [-0.00290356 -0.0111123   0.0103621 ]
 [-0.00443646 -0.00480482 -0.00967791]] 
Episode: 426: [[-0.01390831  0.00433875 -0.00254516]
 [-0.00290481 -0.0111086   0.01035951]
 [-0.00443399 -0.00480178 -0.00967101]] 
Episode: 427: [[-0.01391579  0.00434078 -0.00254187]
 [-0.00290716 -0.01110562  0.01035657]
 [-0.00443287 -0.00479914 -0.00966342]] 
Episode: 428: [[-0.01392354  0.00434241 -0.00254009]
 [-0.00290981 -0.01110484  0.01035363]
 [-0.00443289 -0.00479754 -0.00965617]] 
Episode: 429: [[-0.0139303   0.00434384 -0.00253938]
 [-0.00291141 -0.01110299  0.01035244]
 [-0.00443151 -0.00479473 -0.00964886]] 
Episode: 430: [[-0.01393563  0.00434507 -0.00253848]
 [-0.0029125  -0.01109948  0.01034988]
 [-0.00443079 -0.00479342 -0.00964002]] 
Episode: 431: [[-0.01394502  0.00434324 -0.00253503]
 [-0.00291867 -0.01109708  0.01034703]
 [-0.00443389 -0.0047917  -0.00963156]] 
Episode: 432: [[-0.01395382  0.00434243 -0.00253311]
 [-0.00292332 -0.011095    0.01034436]
 [-0.0044362  -0.00479034 -0.00962492]] 
Episode: 433: [[-0.01396369  0.00433807 -0.00253036]
 [-0.00293194 -0.0110921   0.01034158]
 [-0.00444173 -0.00478823 -0.00961883]] 
Episode: 434: [[-0.01397369  0.00433556 -0.00252724]
 [-0.00293911 -0.01109114  0.01033973]
 [-0.00444533 -0.00478562 -0.00961424]] 
Episode: 435: [[-0.01398257  0.00433291 -0.00252326]
 [-0.00294529 -0.01108822  0.01033801]
 [-0.00444786 -0.00478318 -0.00960949]] 
Episode: 436: [[-0.01399298  0.00432985 -0.00252029]
 [-0.00295175 -0.01108735  0.01033546]
 [-0.00445052 -0.00478185 -0.00960576]] 
Episode: 437: [[-0.01400016  0.00432607 -0.00251617]
 [-0.00295693 -0.01108687  0.01033093]
 [-0.00445358 -0.0047826  -0.00960084]] 
Episode: 438: [[-0.01400704  0.00432092 -0.00251053]
 [-0.00296278 -0.01108777  0.01032701]
 [-0.00445708 -0.0047832  -0.0095932 ]] 
Episode: 439: [[-0.01401257  0.0043168  -0.00250652]
 [-0.0029675  -0.01108578  0.01032078]
 [-0.0044612  -0.00478668 -0.009583  ]] 
Episode: 440: [[-0.01401911  0.00431132 -0.00250204]
 [-0.00297374 -0.01108697  0.01031371]
 [-0.00446646 -0.00479114 -0.00957345]] 
Episode: 441: [[-0.01402532  0.00430578 -0.00249737]
 [-0.00297973 -0.01108786  0.01030589]
 [-0.00447197 -0.00479604 -0.00956477]] 
Episode: 442: [[-0.01403582  0.00430068 -0.00249235]
 [-0.00298758 -0.01109062  0.0103003 ]
 [-0.0044763  -0.00479787 -0.00955904]] 
Episode: 443: [[-0.01404691  0.00429709 -0.00248878]
 [-0.00299409 -0.01108966  0.01029566]
 [-0.00447909 -0.00479902 -0.0095525 ]] 
Episode: 444: [[-0.01405604  0.00429191 -0.00248248]
 [-0.00300041 -0.01108833  0.01029192]
 [-0.00448084 -0.0047997  -0.00954822]] 
Episode: 445: [[-0.01406396  0.00428749 -0.00247503]
 [-0.00300565 -0.01108689  0.01028638]
 [-0.00448299 -0.00480269 -0.00954515]] 
Episode: 446: [[-0.01407194  0.00428109 -0.00246558]
 [-0.00301279 -0.01108461  0.01027946]
 [-0.00448707 -0.00480665 -0.00953919]] 
Episode: 447: [[-0.01407907  0.00427636 -0.00245742]
 [-0.00301824 -0.01108455  0.01027327]
 [-0.00448992 -0.00481058 -0.00953442]] 
Episode: 448: [[-0.01408648  0.00427113 -0.00245003]
 [-0.0030243  -0.01108405  0.01026796]
 [-0.00449272 -0.00481334 -0.00952989]] 
Episode: 449: [[-0.01409278  0.00426835 -0.0024437 ]
 [-0.0030278  -0.01108462  0.01026216]
 [-0.00449396 -0.004817   -0.00952568]] 
Episode: 450: [[-0.0140961   0.00426478 -0.00243587]
 [-0.00303014 -0.01108549  0.01025479]
 [-0.00449564 -0.00482267 -0.00952231]] 
Episode: 451: [[-0.01410139  0.00426186 -0.00242896]
 [-0.00303385 -0.01108809  0.01024801]
 [-0.00449849 -0.00482799 -0.00951899]] 
Episode: 452: [[-0.01410661  0.00425889 -0.00242291]
 [-0.00303719 -0.01109046  0.01024251]
 [-0.004501   -0.00483232 -0.00951597]] 
Episode: 453: [[-0.01411195  0.00425437 -0.00241609]
 [-0.00304196 -0.01109208  0.01023792]
 [-0.0045042  -0.00483565 -0.00951352]] 
Episode: 454: [[-0.01411492  0.004251   -0.00240781]
 [-0.00304445 -0.01109447  0.01023358]
 [-0.00450416 -0.00483761 -0.00951178]] 
Episode: 455: [[-0.01411595  0.00424972 -0.00240163]
 [-0.00304413 -0.01109692  0.01022855]
 [-0.00450238 -0.00484078 -0.00951041]] 
Episode: 456: [[-0.01411509  0.0042472  -0.00239306]
 [-0.00304445 -0.01109875  0.01022053]
 [-0.00450207 -0.00484666 -0.00950942]] 
Episode: 457: [[-0.01411493  0.00424363 -0.00238547]
 [-0.00304617 -0.01109827  0.01021319]
 [-0.00450171 -0.00485089 -0.00950677]] 
Episode: 458: [[-0.01411434  0.00423775 -0.00237606]
 [-0.00304943 -0.01109795  0.01020434]
 [-0.0045029  -0.00485639 -0.00950288]] 
Episode: 459: [[-0.01411261  0.00423286 -0.00237199]
 [-0.00305158 -0.01109804  0.01020127]
 [-0.00450068 -0.00485702 -0.00949498]] 
Episode: 460: [[-0.01411174  0.00422845 -0.00236919]
 [-0.0030544  -0.01110027  0.01019881]
 [-0.00449929 -0.00485743 -0.00948957]] 
Episode: 461: [[-0.01411364  0.00421711 -0.00235814]
 [-0.00306342 -0.01109745  0.01019166]
 [-0.0045033  -0.00485989 -0.00948332]] 
Episode: 462: [[-0.01411451  0.00420472 -0.00234694]
 [-0.00307155 -0.01109632  0.01018391]
 [-0.00450705 -0.004863   -0.00947636]] 
Episode: 463: [[-0.01411727  0.00419145 -0.00233617]
 [-0.00308121 -0.01109411  0.0101771 ]
 [-0.00451189 -0.00486521 -0.00946943]] 
Episode: 464: [[-0.01411827  0.00418462 -0.00232922]
 [-0.00308515 -0.01109522  0.01017124]
 [-0.00451084 -0.00486574 -0.00946361]] 
Episode: 465: [[-0.01412057  0.00418054 -0.0023249 ]
 [-0.00308831 -0.01109918  0.0101667 ]
 [-0.00451025 -0.00486638 -0.0094618 ]] 
Episode: 466: [[-0.01411886  0.00417776 -0.00232016]
 [-0.00308975 -0.0111064   0.01016068]
 [-0.00450838 -0.00486868 -0.0094591 ]] 
Episode: 467: [[-0.01411609  0.00417866 -0.00231812]
 [-0.00308756 -0.0111158   0.01015677]
 [-0.00450227 -0.0048685  -0.00945708]] 
Episode: 468: [[-0.01411241  0.00418998 -0.00232329]
 [-0.00307616 -0.01112777  0.01015767]
 [-0.00448535 -0.00486051 -0.0094525 ]] 
Episode: 469: [[-0.01411096  0.00420199 -0.00232819]
 [-0.00306565 -0.01114049  0.01015899]
 [-0.00446928 -0.00485273 -0.00945124]] 
Episode: 470: [[-0.01410809  0.00421602 -0.0023328 ]
 [-0.00305238 -0.01115342  0.01015874]
 [-0.00445309 -0.00484838 -0.00945013]] 
Episode: 471: [[-0.01410468  0.0042295  -0.00233658]
 [-0.00303915 -0.0111638   0.01015654]
 [-0.00443824 -0.00484621 -0.00944744]] 
Episode: 472: [[-0.01410188  0.00424222 -0.00234134]
 [-0.00302634 -0.01116928  0.01015483]
 [-0.00442401 -0.00484393 -0.00944455]] 
Episode: 473: [[-0.01409892  0.00425304 -0.00234558]
 [-0.00301488 -0.01117428  0.01015319]
 [-0.00441166 -0.00484227 -0.00944179]] 
Episode: 474: [[-0.01409735  0.00426247 -0.0023479 ]
 [-0.00300512 -0.01117725  0.01015021]
 [-0.00440136 -0.00484227 -0.00943877]] 
Episode: 475: [[-0.01409596  0.00427102 -0.00235118]
 [-0.00299598 -0.01118151  0.01014806]
 [-0.00439136 -0.00484174 -0.00943685]] 
Episode: 476: [[-0.01409585  0.00428083 -0.00235504]
 [-0.00298756 -0.01118756  0.01014729]
 [-0.0043811  -0.00483994 -0.00943614]] 
Episode: 477: [[-0.01409601  0.00428707 -0.00235745]
 [-0.00298191 -0.01119099  0.01014645]
 [-0.0043733  -0.00483851 -0.00943455]] 
Episode: 478: [[-0.01409649  0.00429188 -0.00235985]
 [-0.00297741 -0.01119315  0.0101476 ]
 [-0.00436533 -0.0048347  -0.00943291]] 
Episode: 479: [[-0.01409741  0.00429729 -0.0023605 ]
 [-0.00297247 -0.01119569  0.01014859]
 [-0.00435726 -0.00483123 -0.0094307 ]] 
Episode: 480: [[-0.01409899  0.00430083 -0.00235994]
 [-0.0029683  -0.01119652  0.0101483 ]
 [-0.00435152 -0.00483082 -0.00942718]] 
Episode: 481: [[-0.01410047  0.00430393 -0.0023588 ]
 [-0.00296487 -0.01119953  0.01014672]
 [-0.0043474  -0.00483202 -0.00942348]] 
Episode: 482: [[-0.01410079  0.00430818 -0.0023586 ]
 [-0.00296017 -0.01120408  0.01014483]
 [-0.00434254 -0.00483377 -0.0094212 ]] 
Episode: 483: [[-0.0141026   0.00431153 -0.00235764]
 [-0.00295762 -0.01121015  0.0101434 ]
 [-0.00433902 -0.00483487 -0.00941942]] 
Episode: 484: [[-0.01410625  0.00431436 -0.0023567 ]
 [-0.00295654 -0.01121681  0.0101427 ]
 [-0.00433624 -0.00483514 -0.00941888]] 
Episode: 485: [[-0.01411088  0.00431553 -0.00235504]
 [-0.00295778 -0.01122393  0.01014248]
 [-0.00433508 -0.00483482 -0.00941771]] 
Episode: 486: [[-0.01411503  0.00431613 -0.00235249]
 [-0.00295909 -0.01123026  0.01014424]
 [-0.00433284 -0.00483224 -0.00941726]] 
Episode: 487: [[-0.01411859  0.00431711 -0.00235034]
 [-0.00295958 -0.01123653  0.01014662]
 [-0.00432945 -0.00482913 -0.00941684]] 
Episode: 488: [[-0.01412097  0.00431588 -0.00234533]
 [-0.00296166 -0.01124358  0.01014836]
 [-0.00432698 -0.00482617 -0.00941775]] 
Episode: 489: [[-0.01412436  0.00431319 -0.00234042]
 [-0.00296567 -0.01125095  0.0101496 ]
 [-0.00432744 -0.00482424 -0.00941653]] 
Episode: 490: [[-0.01412702  0.00431035 -0.00233477]
 [-0.00296992 -0.01125887  0.0101498 ]
 [-0.00432873 -0.00482375 -0.00941499]] 
Episode: 491: [[-0.0141288   0.00430825 -0.00232999]
 [-0.00297304 -0.01126575  0.01014963]
 [-0.00432999 -0.00482424 -0.00941387]] 
Episode: 492: [[-0.01413147  0.0043009  -0.00231964]
 [-0.0029805  -0.01126653  0.0101459 ]
 [-0.00433533 -0.00482752 -0.00941021]] 
Episode: 493: [[-0.01413657  0.00428862 -0.0023046 ]
 [-0.00299181 -0.01126669  0.01013833]
 [-0.00434461 -0.00483429 -0.00939891]] 
Episode: 494: [[-0.01414204  0.00427492 -0.00228907]
 [-0.00300429 -0.01126555  0.01012981]
 [-0.00435521 -0.00484208 -0.00938744]] 
Episode: 495: [[-0.01414866  0.0042633  -0.00227462]
 [-0.00301485 -0.01126253  0.01012153]
 [-0.00436521 -0.00485058 -0.00937619]] 
Episode: 496: [[-0.01415349  0.00425372 -0.00226257]
 [-0.00302277 -0.01126162  0.01011356]
 [-0.00437239 -0.0048582  -0.00936625]] 
Episode: 497: [[-0.01415834  0.0042467  -0.00225422]
 [-0.00302872 -0.01126107  0.01010702]
 [-0.00437833 -0.00486563 -0.00935712]] 
Episode: 498: [[-0.01416128  0.00424211 -0.00224789]
 [-0.0030313  -0.01126101  0.01010299]
 [-0.00438001 -0.00487054 -0.00934756]] 
Episode: 499: [[-0.01416518  0.00423623 -0.00224195]
 [-0.00303607 -0.01126505  0.01009809]
 [-0.00438412 -0.00487634 -0.00933745]] 
Episode: 500: [[-0.01416773  0.00423431 -0.0022408 ]
 [-0.00303737 -0.01127054  0.01009546]
 [-0.00438427 -0.00487964 -0.00932775]] 
Episode: 501: [[-0.01417357  0.00422342 -0.00223358]
 [-0.00304735 -0.01127698  0.01008848]
 [-0.00439361 -0.00488478 -0.00931126]] 
Episode: 502: [[-0.01417645  0.00421637 -0.00222808]
 [-0.00305257 -0.01128588  0.01008416]
 [-0.00439649 -0.00488586 -0.00929736]] 
Episode: 503: [[-0.0141808   0.00420837 -0.00222304]
 [-0.00305975 -0.01129164  0.01008665]
 [-0.0043957  -0.00487856 -0.00928245]] 
Episode: 504: [[-0.01418434  0.00420122 -0.00221946]
 [-0.0030665  -0.01129824  0.01008662]
 [-0.00439699 -0.00487501 -0.00926769]] 
Episode: 505: [[-0.01418708  0.00419546 -0.00221805]
 [-0.00307115 -0.0113037   0.01008998]
 [-0.00439725 -0.00487105 -0.00925533]] 
Episode: 506: [[-0.01418838  0.00419569 -0.00221951]
 [-0.00307075 -0.01131079  0.01009404]
 [-0.0043897  -0.00486201 -0.00924324]] 
Episode: 507: [[-0.01418944  0.0041955  -0.00222134]
 [-0.00307155 -0.01131663  0.01009459]
 [-0.00438553 -0.00485726 -0.00922847]] 
Episode: 508: [[-0.01419125  0.00419823 -0.00222392]
 [-0.00307258 -0.01132726  0.01009522]
 [-0.00438118 -0.00485289 -0.00921841]] 
Episode: 509: [[-0.01419268  0.0042036  -0.0022263 ]
 [-0.00307098 -0.01133772  0.01009541]
 [-0.0043744  -0.00484842 -0.00921006]] 
Episode: 510: [[-0.01419158  0.00420849 -0.00223101]
 [-0.00306985 -0.01134768  0.0100914 ]
 [-0.00437088 -0.00484939 -0.00920192]] 
Episode: 511: [[-0.0141916   0.00421451 -0.0022359 ]
 [-0.00306876 -0.01135861  0.01008831]
 [-0.00436749 -0.00484996 -0.00919626]] 
Episode: 512: [[-0.01419137  0.00422388 -0.00224323]
 [-0.00306487 -0.01137084  0.0100873 ]
 [-0.00435953 -0.00484642 -0.00919095]] 
Episode: 513: [[-0.01418816  0.00423575 -0.00225097]
 [-0.00305756 -0.01138282  0.01008607]
 [-0.00434966 -0.00484427 -0.0091891 ]] 
Episode: 514: [[-0.01418728  0.00425197 -0.00225818]
 [-0.00304979 -0.01139172  0.01008507]
 [-0.00433993 -0.00484284 -0.00919014]] 
Episode: 515: [[-0.01418712  0.00426668 -0.00226409]
 [-0.00304301 -0.01139977  0.01008395]
 [-0.00433125 -0.00484177 -0.00919113]] 
Episode: 516: [[-0.01418389  0.00427766 -0.00226725]
 [-0.00303666 -0.01140672  0.01008218]
 [-0.00432506 -0.00484365 -0.00919349]] 
Episode: 517: [[-0.01418251  0.00429041 -0.00227216]
 [-0.0030305  -0.01141186  0.01008186]
 [-0.00431825 -0.00484329 -0.0091986 ]] 
Episode: 518: [[-0.01418106  0.00430019 -0.00227564]
 [-0.00302603 -0.01141976  0.01008115]
 [-0.00431213 -0.00484269 -0.00920359]] 
Episode: 519: [[-0.01418047  0.0043083  -0.0022801 ]
 [-0.00302263 -0.01142456  0.01008248]
 [-0.00430614 -0.00484014 -0.00920705]] 
Episode: 520: [[-0.01418192  0.00431675 -0.00228432]
 [-0.00302032 -0.01142955  0.01008352]
 [-0.00430124 -0.00483762 -0.00920988]] 
Episode: 521: [[-0.01418277  0.00432326 -0.00228728]
 [-0.00301947 -0.0114328   0.01008331]
 [-0.00429841 -0.00483639 -0.0092126 ]] 
Episode: 522: [[-0.01418206  0.00433024 -0.00228986]
 [-0.00301715 -0.01143643  0.01008085]
 [-0.00429561 -0.00483769 -0.00921364]] 
Episode: 523: [[-0.01418281  0.00433671 -0.00229222]
 [-0.00301515 -0.01143994  0.01007877]
 [-0.00429286 -0.00483867 -0.00921491]] 
Episode: 524: [[-0.01418402  0.00434324 -0.00229461]
 [-0.00301344 -0.01144539  0.01007727]
 [-0.00429043 -0.00484    -0.00921549]] 
Episode: 525: [[-0.01418556  0.00434972 -0.00229798]
 [-0.00301115 -0.01144806  0.01007634]
 [-0.00428892 -0.00484285 -0.00921634]] 
Episode: 526: [[-0.01418685  0.00435577 -0.00230099]
 [-0.00300846 -0.01144934  0.01007535]
 [-0.0042871  -0.00484565 -0.00921739]] 
Episode: 527: [[-0.01418846  0.00436167 -0.00230388]
 [-0.00300539 -0.01145047  0.0100743 ]
 [-0.00428466 -0.00484828 -0.00921601]] 
Episode: 528: [[-0.01419295  0.00436617 -0.00230491]
 [-0.00300525 -0.01145188  0.01007338]
 [-0.00428358 -0.00484971 -0.00921419]] 
Episode: 529: [[-0.01419336  0.00437216 -0.00230479]
 [-0.0030026  -0.0114582   0.01007134]
 [-0.00428013 -0.00485234 -0.00921476]] 
Episode: 530: [[-0.01419378  0.00437545 -0.0023011 ]
 [-0.0030021  -0.01146338  0.01006759]
 [-0.00427839 -0.00485559 -0.0092154 ]] 
Episode: 531: [[-0.01419541  0.00437828 -0.00229762]
 [-0.00300218 -0.01146725  0.01006414]
 [-0.00427714 -0.00485838 -0.00921573]] 
Episode: 532: [[-0.01419687  0.00438028 -0.00229397]
 [-0.00300252 -0.0114705   0.01005954]
 [-0.00427695 -0.00486265 -0.0092153 ]] 
Episode: 533: [[-0.01420073  0.00438241 -0.00229074]
 [-0.00300432 -0.01147572  0.01005533]
 [-0.00427761 -0.00486635 -0.00921435]] 
Episode: 534: [[-0.01420454  0.00438455 -0.00228711]
 [-0.00300573 -0.0114805   0.01005191]
 [-0.00427766 -0.00486958 -0.00921315]] 
Episode: 535: [[-0.01420646  0.00438821 -0.00228353]
 [-0.00300365 -0.01148433  0.01004587]
 [-0.00427481 -0.00487484 -0.00921248]] 
Episode: 536: [[-0.01420887  0.00439099 -0.00228029]
 [-0.00300251 -0.01148722  0.01003993]
 [-0.00427245 -0.00487965 -0.00921114]] 
Episode: 537: [[-0.01421004  0.00439118 -0.00227795]
 [-0.00300278 -0.01148916  0.01003731]
 [-0.00427099 -0.00488179 -0.00921116]] 
Episode: 538: [[-0.01421376  0.00438948 -0.00227459]
 [-0.00300662 -0.01149647  0.0100347 ]
 [-0.00427279 -0.00488408 -0.00921004]] 
Episode: 539: [[-0.01421766  0.00437332 -0.00226605]
 [-0.00302427 -0.01150147  0.01002148]
 [-0.00428778 -0.00489177 -0.0091964 ]] 
Episode: 540: [[-0.01421931  0.00435698 -0.00225948]
 [-0.00304131 -0.01150798  0.01001114]
 [-0.00430084 -0.00489653 -0.00918382]] 
Episode: 541: [[-0.01422174  0.00433802 -0.00225549]
 [-0.00306099 -0.01151226  0.01000201]
 [-0.00431546 -0.00489897 -0.00916989]] 
Episode: 542: [[-0.0142234   0.00432339 -0.00225309]
 [-0.00307769 -0.01151895  0.00999405]
 [-0.00432783 -0.00490164 -0.00915913]] 
Episode: 543: [[-0.0142229   0.00431056 -0.00225152]
 [-0.00309167 -0.0115272   0.00998837]
 [-0.00433658 -0.00490159 -0.00915012]] 
Episode: 544: [[-0.01422345  0.00429989 -0.00225192]
 [-0.00310381 -0.01153419  0.00998491]
 [-0.00434365 -0.00490072 -0.00914204]] 
Episode: 545: [[-0.01422194  0.00429225 -0.0022505 ]
 [-0.00311222 -0.01154309  0.00997932]
 [-0.00434778 -0.00490147 -0.00913546]] 
Episode: 546: [[-0.01421943  0.00428747 -0.00225164]
 [-0.00311741 -0.01155191  0.00997617]
 [-0.0043487  -0.00490056 -0.00912998]] 
Episode: 547: [[-0.01421953  0.00428022 -0.00225203]
 [-0.00312614 -0.01156129  0.00997355]
 [-0.0043523  -0.00489856 -0.00912248]] 
Episode: 548: [[-0.01421909  0.00427722 -0.00225557]
 [-0.00313029 -0.01157183  0.00997397]
 [-0.00435207 -0.00489511 -0.00911387]] 
Episode: 549: [[-0.01421912  0.0042748  -0.00226012]
 [-0.00313394 -0.01158207  0.00997422]
 [-0.00435141 -0.00489193 -0.00910487]] 
Episode: 550: [[-0.01421713  0.00427967 -0.00226917]
 [-0.00313101 -0.01159473  0.00997742]
 [-0.00434534 -0.00488694 -0.0090981 ]] 
Episode: 551: [[-0.01421545  0.00427986 -0.00227408]
 [-0.00313115 -0.01160413  0.00997933]
 [-0.00434218 -0.00488276 -0.00909271]] 
Episode: 552: [[-0.01421313  0.00427883 -0.00227816]
 [-0.00313226 -0.01161356  0.00998072]
 [-0.00434076 -0.00487998 -0.00908924]] 
Episode: 553: [[-0.01421089  0.00427806 -0.00228288]
 [-0.00313344 -0.01162338  0.00998108]
 [-0.00433874 -0.00487783 -0.00908445]] 
Episode: 554: [[-0.01420918  0.00427812 -0.00228928]
 [-0.00313398 -0.01163409  0.00998177]
 [-0.00433766 -0.00487725 -0.0090792 ]] 
Episode: 555: [[-0.01420859  0.00427583 -0.00229418]
 [-0.00313607 -0.01164202  0.009982  ]
 [-0.00433758 -0.00487656 -0.00907191]] 
Episode: 556: [[-0.01420985  0.00427504 -0.00229926]
 [-0.00313803 -0.01164999  0.0099822 ]
 [-0.00433771 -0.00487634 -0.00906415]] 
Episode: 557: [[-0.0142142   0.00427595 -0.00230469]
 [-0.00314094 -0.01165878  0.00998335]
 [-0.00433788 -0.00487485 -0.00906016]] 
Episode: 558: [[-0.01422     0.00427666 -0.00230931]
 [-0.00314462 -0.01166788  0.00998405]
 [-0.00433917 -0.00487392 -0.00905707]] 
Episode: 559: [[-0.01422758  0.00427062 -0.00231398]
 [-0.00315504 -0.01166943  0.00998523]
 [-0.00434789 -0.00487547 -0.00905406]] 
Episode: 560: [[-0.01423269  0.00426723 -0.00231886]
 [-0.00316207 -0.01167195  0.00998444]
 [-0.00435535 -0.0048795  -0.00905059]] 
Episode: 561: [[-0.01423945  0.00426567 -0.00232343]
 [-0.00316989 -0.01167741  0.00998401]
 [-0.00436313 -0.00488266 -0.0090509 ]] 
Episode: 562: [[-0.01424611  0.00426733 -0.00232968]
 [-0.00317422 -0.01168126  0.00998413]
 [-0.00436734 -0.00488401 -0.00905102]] 
Episode: 563: [[-0.01425192  0.00426851 -0.00233542]
 [-0.00317769 -0.01168406  0.00998523]
 [-0.00437072 -0.00488467 -0.0090519 ]] 
Episode: 564: [[-0.01425685  0.00427377 -0.00234314]
 [-0.00317682 -0.01168653  0.0099871 ]
 [-0.00436959 -0.00488364 -0.00905166]] 
Episode: 565: [[-0.01426092  0.00428093 -0.00235189]
 [-0.00317312 -0.01168848  0.00998917]
 [-0.0043657  -0.00488192 -0.00905106]] 
Episode: 566: [[-0.01426218  0.00429278 -0.00236385]
 [-0.00316498 -0.01169276  0.00999065]
 [-0.0043579  -0.0048806  -0.00905246]] 
Episode: 567: [[-0.01425746  0.00430475 -0.00237248]
 [-0.00315411 -0.01169761  0.00999094]
 [-0.00434782 -0.00488014 -0.00905503]] 
Episode: 568: [[-0.01425344  0.00431788 -0.00238211]
 [-0.0031429  -0.01170433  0.0099929 ]
 [-0.00433702 -0.00487876 -0.0090592 ]] 
Episode: 569: [[-0.01424775  0.00432991 -0.00239115]
 [-0.00313192 -0.01171097  0.00999352]
 [-0.00432778 -0.00487975 -0.00906347]] 
Episode: 570: [[-0.01424363  0.00434238 -0.00239968]
 [-0.00312148 -0.01171733  0.00999464]
 [-0.00431836 -0.00488014 -0.00906773]] 
Episode: 571: [[-0.01424056  0.00435148 -0.00240697]
 [-0.00311282 -0.01172239  0.00999583]
 [-0.00430936 -0.00487911 -0.00907146]] 
Episode: 572: [[-0.01423524  0.00435978 -0.00241517]
 [-0.00310512 -0.01172746  0.00999647]
 [-0.0043006  -0.00487813 -0.00907516]] 
Episode: 573: [[-0.01423114  0.00436548 -0.00242307]
 [-0.00309923 -0.01173126  0.00999554]
 [-0.00429533 -0.00487832 -0.00907526]] 
Episode: 574: [[-0.0142273   0.00437127 -0.00242922]
 [-0.0030933  -0.01173461  0.0099912 ]
 [-0.00429046 -0.00488057 -0.00907436]] 
Episode: 575: [[-0.01422864  0.00437338 -0.00243333]
 [-0.0030928  -0.0117375   0.0099837 ]
 [-0.00429271 -0.0048863  -0.00906569]] 
Episode: 576: [[-0.01422848  0.00437392 -0.00243419]
 [-0.0030928  -0.01174209  0.00997668]
 [-0.00429436 -0.00489113 -0.00905803]] 
Episode: 577: [[-0.01422356  0.00436866 -0.00243321]
 [-0.00309646 -0.01174616  0.00996865]
 [-0.00429945 -0.00489687 -0.00905333]] 
Episode: 578: [[-0.01421893  0.00436334 -0.00243418]
 [-0.00310076 -0.01175029  0.0099602 ]
 [-0.00430551 -0.00490363 -0.00904655]] 
Episode: 579: [[-0.01421459  0.0043584  -0.00243521]
 [-0.00310466 -0.01175698  0.00995335]
 [-0.00431051 -0.00490952 -0.00903899]] 
Episode: 580: [[-0.01421185  0.00435141 -0.00243337]
 [-0.00311083 -0.01176206  0.00994581]
 [-0.00431729 -0.00491572 -0.00903127]] 
Episode: 581: [[-0.01420983  0.0043441  -0.00243168]
 [-0.00311787 -0.01177011  0.0099383 ]
 [-0.00432452 -0.00492222 -0.00902489]] 
Episode: 582: [[-0.01420947  0.00433739 -0.00243224]
 [-0.00312508 -0.01177702  0.00993284]
 [-0.00433047 -0.00492589 -0.00901882]] 
Episode: 583: [[-0.01420937  0.00433041 -0.00243197]
 [-0.00313292 -0.01178409  0.00993019]
 [-0.00433517 -0.00492706 -0.00901358]] 
Episode: 584: [[-0.01420913  0.00433133 -0.00243485]
 [-0.00313544 -0.01179024  0.0099298 ]
 [-0.00433503 -0.00492699 -0.00901138]] 
Episode: 585: [[-0.01420671  0.00433205 -0.00243723]
 [-0.00313765 -0.01179712  0.00992764]
 [-0.00433565 -0.00492862 -0.00900935]] 
Episode: 586: [[-0.01420381  0.00433213 -0.00244054]
 [-0.00314029 -0.01180546  0.00992579]
 [-0.00433529 -0.00492935 -0.00900596]] 
Episode: 587: [[-0.01420153  0.00432804 -0.00243784]
 [-0.00314646 -0.01181712  0.00992059]
 [-0.0043386  -0.00493268 -0.00900112]] 
Episode: 588: [[-0.01419874  0.00432202 -0.00243585]
 [-0.0031528  -0.01182971  0.00991643]
 [-0.00434212 -0.00493614 -0.00899717]] 
Episode: 589: [[-0.01419746  0.00431834 -0.00243479]
 [-0.00315822 -0.01184109  0.00991362]
 [-0.00434407 -0.00493822 -0.0089951 ]] 
Episode: 590: [[-0.01419556  0.00431664 -0.00243536]
 [-0.00316129 -0.01185144  0.00991159]
 [-0.00434412 -0.00493925 -0.008993  ]] 
Episode: 591: [[-0.01419518  0.00431493 -0.00243566]
 [-0.00316443 -0.01185964  0.00990935]
 [-0.00434506 -0.00494129 -0.0089907 ]] 
Episode: 592: [[-0.01419332  0.00431651 -0.00243904]
 [-0.00316391 -0.01186988  0.00991108]
 [-0.00434067 -0.0049392  -0.00898871]] 
Episode: 593: [[-0.01419059  0.00431913 -0.00244294]
 [-0.00316201 -0.01188049  0.00991367]
 [-0.00433461 -0.00493604 -0.00898612]] 
Episode: 594: [[-0.01418792  0.00432227 -0.00244578]
 [-0.00315991 -0.01189154  0.00991524]
 [-0.00432893 -0.00493417 -0.00898413]] 
Episode: 595: [[-0.01418624  0.00432426 -0.00244911]
 [-0.00315868 -0.01189953  0.00991914]
 [-0.00432345 -0.00493027 -0.00898203]] 
Episode: 596: [[-0.01418498  0.00432651 -0.00245016]
 [-0.00315585 -0.01190452  0.00992193]
 [-0.00431756 -0.00492806 -0.0089777 ]] 
Episode: 597: [[-0.01418638  0.00432806 -0.00245125]
 [-0.00315532 -0.01191174  0.00992419]
 [-0.0043139  -0.00492629 -0.00897257]] 
Episode: 598: [[-0.01418692  0.00433239 -0.0024547 ]
 [-0.00315228 -0.01192076  0.00992659]
 [-0.00430754 -0.00492378 -0.00896707]] 
Episode: 599: [[-0.01418575  0.00434168 -0.00246171]
 [-0.00314549 -0.01192944  0.0099279 ]
 [-0.00429836 -0.00492178 -0.00896049]] 
Episode: 600: [[-0.01418252  0.00435028 -0.00246965]
 [-0.00313742 -0.011938    0.00993189]
 [-0.00428765 -0.00491857 -0.0089543 ]] 
