202522.546875 11637.532227 5069.516602 5973.714844 1145.195190 
128554.570312 62215.550781 163291.468750 471634.281250 281065.843750 
95400.898438 23693.574219 29152.982422 47605.339844 342057.843750 
80498.304688 22527.685547 31494.984375 42538.679688 356464.906250 
73465.414062 23715.064453 81736.015625 56940.367188 199908.781250 
94320.046875 21070.851562 15964.399414 15111.263672 42023.718750 
90687.679688 81757.843750 338067.500000 625557.125000 792487.375000 
72948.851562 48915.562500 359848.031250 1394512.750000 1456388.750000 
113075.718750 20538.687500 22650.994141 24230.080078 50869.507812 
67398.406250 26282.695312 123730.750000 194190.109375 212246.109375 
100666.773438 9386.545898 9755.162109 10145.803711 15973.471680 
72676.937500 7603.803711 8868.654297 7503.278809 22068.386719 
46265.792969 7624.581055 5608.566895 2943.714355 27309.337891 
41253.875000 3956.341064 3470.453369 3550.754883 16202.115234 
70762.429688 8593.314453 7307.629395 7847.770996 52166.914062 
71756.851562 12103.011719 10315.820312 10853.619141 47650.179688 
115139.062500 13839.027344 14147.107422 12683.517578 16342.786133 
87310.656250 23893.732422 23181.750000 38558.863281 346246.343750 
89897.195312 22198.134766 37179.527344 50636.398438 345490.250000 
106197.140625 34441.054688 68106.804688 75388.117188 802241.875000 
92469.390625 52305.878906 24988.736328 18187.738281 806008.875000 
113319.164062 78553.437500 182824.546875 227861.390625 2798185.750000 
128743.343750 328907.000000 1009368.125000 2128125.250000 9072462.000000 
142726.187500 357821.781250 924223.125000 3879456.750000 11163020.000000 
171562.531250 469236.031250 242749.250000 1575692.375000 7502051.500000 
163485.234375 144176.984375 985131.750000 75478.156250 2037517.875000 
170447.515625 492886.437500 1251738.625000 5409443.500000 12474134.000000 
165706.765625 245452.906250 625350.312500 7602182.500000 14639268.000000 
158655.843750 177948.875000 371774.437500 754590.312500 7271740.500000 
155020.843750 105080.046875 255688.000000 802913.875000 6867529.500000 
124417.101562 79401.273438 127101.085938 67763.007812 3678066.000000 
157589.234375 39392.738281 42539.410156 40601.765625 177636.546875 
122089.609375 39385.671875 28124.833984 56449.195312 1147697.875000 
107306.429688 32338.851562 30082.593750 29239.767578 1877213.125000 
87665.328125 22024.025391 29085.117188 36640.488281 1716165.625000 
110334.460938 21030.384766 19306.597656 19371.363281 501999.062500 
82866.203125 14969.356445 12864.447266 13935.864258 821845.500000 
108215.460938 18813.724609 17304.134766 16381.224609 365652.500000 
80684.656250 14205.158203 12647.858398 11086.570312 768071.875000 
109841.695312 16720.882812 18182.326172 13646.140625 207660.390625 
81662.898438 13190.582031 11852.713867 10171.154297 229796.875000 
76999.984375 13373.144531 11452.880859 9467.659180 831212.812500 
106391.937500 18633.095703 14156.460938 16250.190430 482511.281250 
135225.578125 28949.109375 26797.414062 27867.283203 200015.687500 
120594.726562 21140.044922 19596.060547 18348.871094 1112040.500000 
112516.023438 22486.822266 17500.242188 17248.267578 1596244.125000 
74026.406250 17508.527344 15652.042969 16226.734375 1780617.875000 
88697.882812 31300.232422 30231.513672 38841.093750 2619892.250000 
154727.468750 60510.203125 43382.535156 48277.195312 3587666.000000 
154967.890625 52070.710938 47569.617188 52466.058594 3565824.250000 
127684.414062 55916.515625 51948.769531 83292.109375 5114862.500000 
144052.312500 72879.218750 87844.546875 71049.351562 5503956.500000 
125648.593750 98923.765625 136956.828125 93024.367188 4893154.500000 
142878.203125 44410.406250 36552.113281 47749.257812 3500169.500000 
102184.492188 56480.289062 55223.343750 72683.093750 3904376.250000 
146712.593750 61393.089844 65609.304688 53473.300781 3459878.000000 
177323.000000 53934.578125 53655.503906 51034.597656 2397331.000000 
137846.406250 51641.066406 53930.113281 50028.535156 4128643.000000 
123932.468750 45981.777344 58143.347656 82088.578125 4631247.000000 
99186.476562 34894.031250 130391.734375 166669.312500 3912613.500000 
122315.132812 30614.640625 20773.687500 23704.064453 1687116.500000 
118345.382812 25585.466797 23673.994141 23145.289062 1158351.375000 
144327.875000 31771.158203 31001.689453 25042.068359 339718.781250 
122081.445312 20377.853516 16018.879883 13704.363281 360611.843750 
63085.179688 16620.464844 14118.930664 12397.485352 1331076.250000 
103627.898438 18855.107422 15222.007812 11952.652344 274840.937500 
60576.589844 14488.528320 27576.734375 29580.351562 1513070.000000 
74701.726562 11804.022461 10140.366211 11047.862305 940250.312500 
99522.937500 16093.310547 14583.648438 11089.514648 193196.578125 
134420.734375 22801.658203 25344.304688 25124.910156 112492.585938 
53082.941406 12659.099609 12339.054688 11974.313477 804307.812500 
112158.500000 14092.960938 10682.377930 10469.145508 130310.953125 
51781.621094 11247.533203 8380.385742 9222.251953 530159.250000 
49763.238281 9506.753906 10123.503906 6091.460938 454399.093750 
61578.640625 4914.585449 4818.297363 3361.817139 155938.031250 
57683.066406 6343.019043 4170.219727 2691.736816 204619.703125 
56265.089844 4975.965820 3320.636719 2634.131104 109654.539062 
56636.882812 6125.467285 4667.033203 4159.047363 211898.421875 
46529.800781 5409.038574 7266.712891 4034.614990 251558.000000 
50131.929688 4787.641602 2860.350586 3023.413574 154625.921875 
60509.062500 5329.018066 5589.209473 3257.655762 159665.453125 
60819.375000 13410.133789 6405.385742 6158.390137 472287.562500 
62033.792969 7750.719238 4260.519043 3883.344971 225442.250000 
222624.000000 200683.578125 113016.210938 395270.843750 3193068.500000 
78864.109375 9448.684570 6061.870605 4689.067871 438485.750000 
75682.765625 27390.179688 25982.242188 31524.529297 1434471.125000 
106757.585938 16144.512695 12659.293945 19954.044922 60191.085938 
113050.765625 42295.773438 103656.039062 782294.125000 1426916.000000 
91732.210938 84768.000000 75374.945312 115659.835938 2618349.000000 
82847.140625 10131.988281 8875.474609 6686.591797 343083.843750 
77422.726562 11206.607422 8688.617188 8512.180664 257832.968750 
91646.273438 12207.321289 13437.248047 8472.166992 164659.531250 
80789.039062 14060.981445 12227.081055 9146.504883 645589.375000 
161012.921875 86949.593750 349514.437500 514626.437500 8468259.000000 
621565.375000 449699.500000 2522894.000000 1723691.375000 6376012.000000 
1214406.125000 633647.875000 7041146.500000 2995729.750000 346752.843750 
80644.835938 15258.796875 13732.249023 8942.993164 827177.250000 
110782.156250 15122.093750 13330.974609 11045.670898 321042.031250 
69860.015625 12646.753906 9483.339844 8329.387695 307301.000000 
55060768.000000 117755200.000000 11330740.000000 46433556.000000 28164612.000000 
107214.578125 24529.689453 20436.220703 16640.535156 757223.125000 
93154.218750 16094.065430 15145.312500 14796.412109 851278.437500 
127825.234375 49046.218750 32868.972656 36199.105469 2990187.250000 
673236.500000 287091.843750 174353.500000 1892434.125000 16652540.000000 
90090.367188 32823.265625 27403.710938 41751.929688 2217593.000000 
1510930.125000 1327481.500000 5053713.500000 76294664.000000 12844946.000000 
107550.968750 27110.375000 20585.812500 16980.484375 1585060.125000 
89631.164062 26139.246094 26186.791016 31647.843750 1845598.500000 
102126.453125 27720.873047 30055.748047 35302.812500 2567664.000000 
6614580.000000 59533460.000000 298770880.000000 8543130.000000 803183.875000 
69058392.000000 48335748.000000 227933472.000000 264994400.000000 26746730.000000 
81454.007812 43166.882812 54779.375000 34789.457031 2136165.750000 
131955.343750 91423.664062 64607.113281 96523.765625 4465683.000000 
1883841.750000 117583824.000000 91898080.000000 292104160.000000 1808522.625000 
142163.906250 131369.281250 231519.171875 242775.015625 6063740.500000 
75312.406250 15462.043945 15327.123047 16994.701172 780059.187500 
91152.007812 57201.578125 68775.523438 114502.617188 3289436.250000 
2946161.500000 195103.515625 16368964.000000 5143918.000000 169106.109375 
87635.945312 12743.354492 11921.408203 9275.214844 764787.625000 
78323.507812 23143.654297 17542.662109 14837.787109 1353399.625000 
119968.960938 58361.871094 64682.507812 144964.843750 2091929.250000 
56529.562500 10878.681641 9312.610352 10130.583984 774583.250000 
74688.726562 10102.024414 7275.072754 9108.629883 284837.125000 
73119.210938 19550.341797 19965.664062 53999.820312 2081151.375000 
78975.046875 23345.765625 18988.765625 19258.457031 1597208.500000 
93311.437500 11701.238281 8424.146484 7298.236816 40582.597656 
95005.460938 26559.166016 18834.451172 23597.316406 1975762.125000 
234101.171875 115824.539062 103559.789062 417096.875000 202955.828125 
72358.375000 7561.875488 6000.334961 6883.305664 145832.218750 
665191.750000 508878.906250 14824859.000000 3319584.750000 4184555.250000 
65600.843750 10428.976562 10542.422852 7980.033203 494079.937500 
86762.664062 8817.291992 7193.461914 7306.060059 125200.601562 
297831.812500 1077832.000000 2937808.500000 12364976.000000 17889220.000000 
79022.343750 33342.695312 15548.641602 19086.878906 1620589.875000 
64137.316406 26053.464844 36625.828125 51753.097656 2061391.750000 
14909169.000000 1571602.250000 99236600.000000 8940807.000000 668980.937500 
62991.417969 10805.778320 13234.981445 10028.254883 739083.687500 
84099.062500 10596.262695 9891.107422 11659.620117 258715.812500 
84546.710938 8865.979492 7435.538574 7782.184570 135535.234375 
67055.000000 9729.929688 10100.223633 8931.309570 644620.687500 
83653.648438 152931.031250 205542.546875 340394.125000 3336309.500000 
13628903.000000 47029872.000000 975188096.000000 3784641792.000000 15306816.000000 
61985.726562 20631.599609 21201.486328 20080.640625 1833991.750000 
487837.968750 1673517.750000 2047991.875000 16457072.000000 545990.000000 
212912.703125 403688.125000 246217.390625 7549494.000000 3810344.500000 
58242.937500 15737.544922 22831.326172 25991.632812 1462714.875000 
145062.703125 180756.015625 109062.765625 216233.265625 4580912.500000 
90796.226562 12280.529297 10881.216797 9831.906250 571793.437500 
116971.117188 355748.968750 675965.000000 3201835.250000 8421143.000000 
127736.000000 91704.968750 104087.046875 95777.593750 3233799.250000 
109211.593750 63108.285156 54262.140625 68595.984375 3361110.250000 
69612.460938 11610.548828 9265.852539 8256.625000 245962.000000 
83784.203125 21966.753906 23097.724609 23155.419922 1234367.125000 
1112471.750000 27469094.000000 1863363.625000 5309242.000000 8557206.000000 
81278.132812 36644.507812 198034.015625 64990.375000 2226319.750000 
66904.710938 14524.294922 14553.525391 17421.603516 1198661.750000 
89657.132812 13126.414062 9496.456055 8054.667969 534013.375000 
117597.210938 56807.992188 55475.480469 86353.460938 3843909.750000 
95896.125000 16009.271484 15200.750000 14327.201172 536084.687500 
81910.429688 27057.382812 23681.531250 13436.175781 1599368.375000 
109798.710938 62603.300781 45792.664062 101652.617188 4004249.750000 
72451.281250 25963.281250 23759.718750 20471.695312 2074251.125000 
183003.531250 51545.441406 42688.375000 37622.113281 3368196.000000 
162383.250000 64397.613281 67090.250000 58426.550781 3765365.500000 
126832.929688 45571.996094 37196.199219 33008.707031 3053819.750000 
81400.015625 22415.142578 16210.658203 14675.978516 1522737.875000 
189590.156250 40288.433594 30245.416016 34788.816406 2289836.500000 
83923.976562 12177.991211 12951.557617 12371.905273 570475.000000 
572422.812500 104298.835938 77169.710938 76762.531250 3822967.750000 
75645.945312 11272.588867 6498.749512 5807.616211 262085.343750 
99593.734375 36079.316406 57871.542969 61961.027344 2097569.750000 
102337.117188 20162.830078 16120.406250 16061.877930 1273408.875000 
154424.000000 29129.066406 45005.546875 24487.994141 1049781.625000 
5186352.500000 920908.375000 668388.312500 238182.218750 78856.039062 
98086.062500 12031.335938 9215.943359 8054.251953 214612.468750 
69065.179688 5136.585449 3361.787842 2736.166992 89082.210938 
711079.187500 313737.343750 135011.593750 99774.914062 3279.687012 
67215.085938 8792.582031 5300.999023 4197.172852 189426.062500 
71487.984375 5589.291992 5335.189453 3778.339111 101290.617188 
111269.070312 15576.903320 16096.750977 13502.875000 215992.906250 
64251.011719 12372.787109 10761.558594 5294.372070 131104.968750 
71109.718750 8489.398438 6698.932617 5137.721680 250362.656250 
100211.625000 14602.242188 15210.026367 13427.578125 77444.429688 
94453.281250 15132.868164 25569.033203 10855.174805 874411.500000 
2895730.500000 20790216.000000 3629342.750000 5964179.500000 2599907.500000 
86487.148438 10791.712891 8889.302734 7570.105957 280954.937500 
94556.734375 15003.579102 11097.230469 9423.079102 326011.531250 
81048.156250 13158.744141 8886.152344 10880.360352 329779.187500 
93697.062500 13585.943359 10253.435547 8670.301758 269694.218750 
99174.710938 24445.796875 25819.982422 16853.119141 946405.812500 
79129.046875 9546.901367 6488.019043 5581.131348 274353.312500 
89186.992188 14217.354492 11936.340820 9925.385742 626498.500000 
81565.515625 21271.894531 20538.345703 23288.005859 921754.312500 
79726.007812 9934.478516 6995.555176 7001.337402 475442.062500 
410534.593750 231102.875000 63897.890625 1196296.000000 3959798.250000 
78966.296875 15818.063477 12225.061523 12367.362305 638207.625000 
81719.437500 13135.546875 12871.983398 9459.650391 533103.375000 
278365.281250 130621.179688 226009.093750 69833.835938 2929952.750000 
176475.406250 88691.375000 39246.449219 90930.351562 1325639.875000 
56447200.000000 3766720.500000 427631.531250 350125.093750 17166.234375 
104653.570312 14002.505859 10819.914062 9995.257812 181159.531250 
109410.156250 18591.132812 14202.881836 13824.689453 140264.375000 
115514.437500 29842.962891 24234.541016 34499.402344 1227560.125000 
105246.203125 11190.234375 9707.373047 9799.894531 85600.921875 
113318.054688 18812.980469 22109.152344 12351.904297 1086804.250000 
204435.843750 86958.875000 66500.085938 105500.601562 4354540.000000 
98027.203125 11678.524414 9059.182617 10339.553711 62071.273438 
27826438.000000 48507164.000000 2958986.750000 78182360.000000 374907.625000 
242005.500000 204063.953125 79961.054688 339967.562500 3175666.750000 
434180.843750 69235.843750 34332.312500 21134.267578 46451.910156 
87031.500000 19119.451172 15037.152344 9685.051758 807556.937500 
130287.117188 78094.437500 95337.414062 63416.011719 2912696.500000 
157696.578125 35000.304688 25037.648438 31512.025391 1843276.250000 
77612.453125 10624.444336 6015.806641 5661.756348 214916.328125 
70055.289062 10752.893555 7317.851562 5873.943359 156813.406250 
68684952.000000 406549952.000000 22452234.000000 10500964.000000 5065336.000000 
93910.148438 21063.732422 17507.539062 14160.125000 709719.687500 
85899.421875 12308.624023 6940.109375 7724.776855 155721.984375 
1093908.375000 372545.718750 1537219.500000 1151145.625000 1636073.625000 
2242778.000000 3353248.500000 99709488.000000 314926336.000000 5197297.000000 
302722.000000 119867.187500 57636.562500 50044.945312 3453119.750000 
780114.375000 323825.656250 18233054.000000 2801719.000000 6993477.000000 
586834.250000 29696114.000000 494829.375000 1247735.875000 8070056.000000 
117903.726562 41660.847656 27149.265625 28404.566406 1274347.750000 
86817.757812 19278.388672 13008.762695 10964.187500 938065.062500 
111969.929688 14627.242188 13032.249023 12845.993164 74447.710938 
86321.390625 27796.699219 22058.753906 16314.119141 1542447.875000 
88851.695312 15100.122070 7314.797363 6126.302246 571225.312500 
108225.281250 17362.550781 12517.788086 11903.704102 251980.875000 
500844.312500 282969.531250 3476185.500000 16966604.000000 3203931.250000 
8564151.000000 43894616.000000 16650321.000000 18195714.000000 820087.687500 
173842.609375 89479.398438 91094.140625 123938.460938 4879809.500000 
998212.250000 887606.312500 788168.312500 449121.437500 15863422.000000 
179766.343750 124922.140625 126641.734375 170815.640625 7194439.000000 
91653.734375 41681.507812 55161.234375 58903.511719 2076372.000000 
189319.109375 97621.656250 115435.390625 117925.460938 4826968.000000 
254867.921875 136910.968750 138669.875000 1967817.500000 6359015.000000 
107653.359375 49750.453125 101850.890625 56068.621094 1929430.875000 
150345.984375 57856.648438 37784.050781 57883.714844 2898339.250000 
105846.890625 42834.328125 38688.937500 29556.664062 1947829.750000 
16677319.000000 31349298.000000 237255872.000000 26936962.000000 1578688.000000 
106349.851562 33916.625000 54046.757812 91807.281250 1164191.250000 
111254.226562 43948.128906 46234.480469 62028.714844 3026465.000000 
124030.296875 47184.906250 32905.156250 34324.054688 2936939.500000 
119043.257812 41711.074219 24315.984375 16990.996094 2056593.000000 
178314.703125 83322.093750 32620.750000 27627.318359 1782922.875000 
87804.281250 41610.402344 98899.789062 35198.257812 1037918.812500 
526565.812500 337409.031250 6483697.500000 2628187.500000 7289467.500000 
112206.945312 35730.343750 29195.167969 20984.486328 3350296.250000 
251274.109375 75412.757812 56170.968750 95480.132812 2645778.750000 
4192105.250000 3693452.500000 1540301.000000 4144679.250000 3849447.750000 
125839.398438 20644.435547 19100.437500 23728.244141 334391.562500 
96503.023438 26029.240234 17325.722656 17703.912109 1682909.500000 
102807.593750 44318.351562 53838.917969 147515.953125 1603539.875000 
83226.312500 20010.587891 6518.449707 8186.809082 223784.312500 
4064415.000000 1087647.875000 236040096.000000 23003400.000000 4673609.500000 
639776.500000 445049.000000 447288.375000 2417804.500000 6523353.500000 
555899.500000 544275.500000 1190757.500000 520365.875000 10026326.000000 
86546.804688 20857.705078 24192.337891 33531.277344 1351271.500000 
155437.656250 73233.515625 37845.964844 15640.934570 1997632.000000 
100034.695312 14303.458984 10414.535156 7409.292480 333148.156250 
79570.859375 35578.843750 34235.207031 27135.734375 1810766.125000 
70439.750000 12718.144531 7209.843262 26380.111328 830741.437500 
131709.656250 111136.140625 38710.281250 58706.429688 1403027.875000 
87725.859375 15139.519531 10974.730469 9805.742188 794961.375000 
76976.476562 14137.805664 10646.813477 8053.651855 443196.906250 
1334750.625000 271148.531250 943856.812500 23186632.000000 8465271.000000 
85841.328125 11789.078125 6642.834473 7914.351074 160004.375000 
79893.242188 15326.053711 18960.566406 13990.930664 1118291.500000 
1674772.125000 271475.406250 153688.843750 252540.453125 1007103.125000 
28535702.000000 5917854.500000 78241.984375 583616.250000 2005675.875000 
71280.835938 8218.599609 8141.121582 4068.915039 273759.781250 
96487.875000 14304.042969 18219.582031 9630.233398 560238.000000 
556712.562500 2718101.250000 400268.156250 644992.500000 1084990.750000 
77535.632812 43298.562500 56736.753906 20465.568359 653582.625000 
215327.828125 1146870.500000 1485032.625000 962555.250000 1921462.000000 
95118.703125 54467.437500 59778.421875 37328.203125 485373.312500 
59605.816406 11181.662109 9127.175781 7140.429199 445291.875000 
14560095.000000 4394586.500000 481566048.000000 7548623.500000 1379839.375000 
58414.847656 7273.208008 19636.615234 3986.768311 341492.500000 
68796.320312 8176.838379 3738.200684 3763.117432 176919.078125 
72294.359375 6400.143066 4273.438965 3560.034668 136447.156250 
252236.484375 2299526.500000 1886363.750000 1609255.125000 2335291.250000 
68554.476562 10047.126953 7520.005371 9316.050781 209954.656250 
100047.226562 31101.337891 23675.248047 19007.976562 1554016.375000 
87422.343750 16136.969727 15639.529297 15241.499023 812255.875000 
78458.953125 9235.110352 5158.067383 5034.915527 89596.359375 
174778.546875 462427.156250 65307.980469 47911.968750 63476.164062 
81566.460938 14229.843750 12276.226562 7501.425781 721220.562500 
89558.742188 11312.170898 9299.267578 7642.280273 92712.218750 
47999148.000000 184737264.000000 51025776.000000 129514112.000000 535648.937500 
628975.750000 4148039.750000 23909234.000000 18652322.000000 876570.437500 
1032925.562500 877653.562500 4959994.500000 14529583.000000 2026079.750000 
1373014.625000 464277.781250 2926355.750000 2883333.000000 9320211.000000 
730175.125000 427541.750000 86509440.000000 9395047.000000 462276.812500 
3040404.500000 5613658.000000 3374881.500000 3756669.250000 1013407.437500 
93635.476562 14489.648438 8199.625000 10543.718750 497932.406250 
817930.875000 145020.343750 859587.500000 1131208.875000 7263972.500000 
16304306.000000 32660756.000000 21716538.000000 16020720.000000 5962480.500000 
84473.054688 15692.650391 14632.240234 13438.054688 557127.312500 
91941.757812 21058.173828 18773.269531 16224.659180 1263752.000000 
105102.578125 33439.968750 24414.519531 19272.095703 2069784.875000 
286222.843750 124570.546875 64887.574219 3211286.250000 1157768.375000 
108421.921875 22843.562500 10996.026367 19906.947266 1378658.625000 
182266.906250 30312.634766 736674.437500 69846.867188 1160.776367 
418630.718750 52636.953125 384950.406250 2208469.500000 27847.041016 
88759.265625 14976.917969 15501.933594 17744.222656 1108669.375000 
103370.000000 16832.167969 14841.893555 10590.222656 194224.093750 
101049.578125 20243.046875 17639.808594 14890.808594 480816.375000 
9741220.000000 632554.562500 769860.812500 20556054.000000 441566.000000 
150892.937500 33099.093750 243652.718750 189304.625000 756463.500000 
9495922.000000 260007776.000000 55683228.000000 6002335.000000 7870325.000000 
116484.140625 17891.957031 18775.519531 14789.081055 204086.359375 
198849.906250 121778.296875 75930.875000 29840.369141 3121478.500000 
195276.031250 92477.054688 54663.449219 68812.125000 3607664.750000 
332173.250000 344012.250000 459813.437500 804512.875000 8556561.000000 
112409.117188 21910.128906 20612.220703 22705.789062 1095949.250000 
243463.125000 190065.031250 23546.882812 83095.695312 64231.261719 
176334.437500 163129.812500 292244.250000 28220846.000000 1640598.875000 
185026.625000 89479.343750 98538.898438 104392.570312 5129707.500000 
105633.726562 27140.933594 24996.398438 24140.888672 1908718.375000 
121850.937500 23281.261719 13977.520508 566399.000000 259466.062500 
122736.078125 24884.576172 21864.759766 19942.558594 483013.281250 
117210.546875 22325.587891 23742.613281 26981.375000 426287.437500 
178592.781250 99716.890625 115701.726562 223252.812500 4543537.000000 
1166061.500000 1132885.625000 1056295.375000 135858.968750 181134.140625 
207437.546875 178867.812500 266151.375000 512909.406250 5243286.000000 
230490.734375 291420.218750 592202.750000 36114172.000000 20293722.000000 
118169.242188 27657.304688 21073.654297 19170.857422 988483.062500 
154284.062500 121523.367188 31245.837891 6128592.000000 3038734.500000 
174575.593750 97397.328125 145660.656250 196573.562500 6054535.000000 
114678.921875 33232.777344 39246.273438 48768.531250 2257082.500000 
131468.562500 39902.605469 32201.820312 27081.650391 2100024.750000 
164165.187500 19888.724609 29551.890625 371320.406250 181782.937500 
559162.375000 883384.625000 1011277.437500 5433671.500000 6126282.500000 
148946.078125 48000.605469 28043.558594 60674.972656 40592.898438 
148444.671875 35932.878906 40673.226562 41893.960938 1566570.375000 
266200.062500 149280.953125 71764.210938 273565.968750 142831.546875 
272421.062500 28185.667969 44146.886719 434764.281250 89591.937500 
171668.375000 91852.148438 60728.261719 236829.906250 6195570.500000 
3895724.250000 1437301.875000 1511603.000000 1267742.125000 122504.890625 
141399.750000 68700.812500 102145.000000 115234.578125 2831666.750000 
289484.406250 36211.632812 93482.429688 102179.960938 88915.710938 
233928.156250 111559.343750 121762.359375 1326901.000000 2377630.250000 
119598.234375 34200.839844 34220.527344 26911.912109 1763236.500000 
489697.562500 529956.875000 941082.250000 1107251.125000 4372198.500000 
123686.390625 70615.359375 152823.140625 119735.640625 3913433.000000 
148523.187500 69065.164062 70744.265625 148789.625000 87283.351562 
171445.234375 267592.781250 263941.062500 183099.296875 94747.179688 
135491.859375 46773.789062 19192.095703 25765.830078 794251.625000 
149245.015625 31590.935547 34325.578125 33939.113281 480929.312500 
57253304.000000 12354564.000000 919191.125000 56356536.000000 328096.062500 
189652.375000 153662.390625 75191.507812 250811.140625 7316261.500000 
142070.750000 36071.363281 38816.246094 24142.921875 1487439.875000 
36843224.000000 312451264.000000 339104896.000000 1148521984.000000 7570074.000000 
128476.367188 38520.273438 33093.851562 36369.851562 996534.125000 
199156.953125 102743.000000 228761.281250 171094.296875 6621429.500000 
168042.593750 99885.320312 112927.460938 212008.109375 8339540.000000 
122117.546875 13873.905273 4875.417480 61654.769531 143186.640625 
177988.890625 80738.289062 96877.398438 913701.312500 1871130.125000 
278999.000000 155770.484375 308389.531250 3309233.500000 16592316.000000 
312962.531250 373178.843750 684609.375000 22125640.000000 2811278.000000 
190145.812500 108670.328125 227152.078125 189522.031250 6620924.500000 
314241.875000 14195.079102 10778.323242 10848.492188 1001.514954 
178260.937500 54673.660156 49481.277344 45840.277344 1199342.125000 
262689.968750 130775.468750 110100.750000 102764.523438 5506520.500000 
370270.687500 479457.937500 511610.937500 1752688.375000 21230122.000000 
195707.171875 52853.332031 33176.714844 98074.460938 2863518.250000 
332202.156250 462271.343750 250527.187500 513386.406250 37235.011719 
1461494.125000 2107184.250000 4755012.500000 23260406.000000 13023896.000000 
344089.500000 203314.468750 9322207.000000 543372.625000 37773.035156 
248615.937500 22751.650391 9028721.000000 258006.109375 60662.398438 
650039.250000 774498.500000 21646696.000000 48805896.000000 9436358.000000 
116720.710938 20936.816406 20132.027344 23159.748047 148755.031250 
405922.750000 366670.906250 742599.375000 22154682.000000 3404715.500000 
414839.531250 253499.687500 1476067.250000 535416.500000 905627.875000 
157974.937500 56879.476562 51265.171875 58115.867188 3274784.250000 
232764.609375 45714.984375 644971.062500 155313.468750 52.720379 
184780.203125 46934.351562 54000.437500 267226.593750 4840462.000000 
1412900.750000 2289899.000000 663332.812500 605719.687500 1290816.625000 
3057718.750000 542167.625000 3863104.000000 982535.812500 12780681.000000 
181830.625000 77627.265625 55929.636719 58771.089844 3919612.000000 
14228944.000000 2121483.000000 64669.019531 151553.843750 210.732574 
578799.812500 244559.625000 24405558.000000 8195491.500000 15503385.000000 
180614.234375 55036.828125 34313.554688 22242.570312 972797.062500 
271439.031250 96858.000000 15014.101562 27488.947266 201889.046875 
256502.093750 288110.250000 71938.156250 312781.250000 3826128.000000 
311939.375000 81728.632812 21179.322266 312342.843750 101120.562500 
146381.781250 39100.167969 34369.093750 39596.390625 1064398.000000 
466460.500000 156076.859375 1028658.000000 6515226.500000 189012.312500 
134538.000000 30477.453125 30209.601562 29628.123047 422507.687500 
108401.078125 21072.343750 122981.914062 69047.953125 1031046.375000 
113450.304688 30598.373047 26502.644531 23908.404297 1490862.500000 
188993.718750 75423.117188 81819.500000 110984.382812 6960495.500000 
199344.734375 110050.796875 79744.445312 179186.625000 6657358.500000 
152190.187500 96628.273438 88147.703125 574579.562500 10538664.000000 
149005.796875 85315.476562 80231.617188 73830.335938 5550567.000000 
128211.289062 40582.296875 41570.527344 39374.250000 3001275.750000 
152118.265625 84739.710938 66666.218750 107896.953125 5756124.000000 
120914.125000 51845.128906 59753.710938 80241.976562 4455386.000000 
282276.250000 153501.750000 296364.531250 3828601.250000 8237058.500000 
416383.406250 100622.007812 1553984.125000 630159.000000 7611958.500000 
8074336.000000 9045147.000000 3129780.750000 15507246.000000 2466386.750000 
140232.953125 33691.796875 34586.976562 51439.167969 3525773.500000 
157787.906250 29830.675781 26477.396484 26757.552734 495044.343750 
142529.468750 29668.337891 27896.767578 28388.332031 890615.437500 
116930.875000 25594.117188 23071.136719 24003.029297 424620.625000 
100424.312500 32716.775391 31525.341797 28491.777344 2992441.250000 
202916.343750 99155.953125 293713.250000 827139.500000 4083203.750000 
137784.109375 22043.087891 18985.716797 14475.251953 628841.625000 
129637.578125 39951.417969 45924.359375 58956.945312 3334636.250000 
142390.187500 25193.332031 23254.146484 21143.093750 502266.781250 
506478.250000 84323.984375 129983.796875 2958128.000000 4654980.000000 
261685.546875 60183.484375 53276.507812 59094.691406 3631724.750000 
103326.835938 27887.578125 23563.964844 20541.884766 1822161.250000 
83097.757812 25776.861328 36250.832031 41764.636719 2675665.750000 
123503.210938 34863.132812 32037.138672 35228.964844 3113281.000000 
1359656.500000 3473704.750000 3208727.500000 11875675.000000 5196228.000000 
82439.820312 31052.175781 39997.859375 65079.570312 3889339.250000 
154649.109375 37983.062500 41227.437500 30993.710938 2876881.750000 
90967.382812 30201.714844 26408.888672 42379.859375 1187438.000000 
104949.382812 26976.292969 27696.373047 26443.074219 2580001.500000 
110996.460938 18327.498047 14933.072266 8184.738281 482950.000000 
135001.171875 43346.000000 106069.703125 286919.312500 2195710.750000 
102540.460938 18184.500000 16338.681641 14497.510742 1014218.500000 
93257.523438 31181.494141 32553.572266 28660.755859 3221529.750000 
84502.593750 24158.910156 20167.630859 18603.531250 2368515.250000 
9105000.000000 578269.000000 791074.625000 4571033.500000 5357872.000000 
88228.539062 27532.099609 26182.099609 32770.132812 2804228.750000 
100990.218750 20970.044922 20372.117188 22803.087891 987442.000000 
75660.742188 26245.675781 22850.642578 24374.253906 2244011.750000 
220856.281250 61674.117188 62776.480469 75605.125000 4491568.500000 
370521.218750 84361.742188 78790.507812 80994.296875 3139769.750000 
171676.093750 43576.906250 41900.457031 65320.941406 2874555.500000 
142830.578125 38128.097656 237064.468750 240704.687500 1235874.375000 
104649.015625 15598.168945 11846.405273 13220.309570 304892.625000 
1520580.750000 1327116.125000 1810674.750000 2249771.000000 6497612.500000 
6744803.500000 8765399.000000 17733636.000000 1890534.000000 10879043.000000 
675440.375000 110042.265625 113882.703125 114956.484375 4238728.000000 
73638.492188 15326.945312 11270.490234 8619.932617 397966.000000 
103853.890625 27522.621094 29423.037109 24766.117188 2480478.000000 
103799.453125 24900.378906 18737.861328 18703.367188 2434559.500000 
178748.031250 41633.457031 50059.199219 45103.023438 3668450.000000 
96749.914062 26411.611328 22188.847656 22858.666016 2774972.250000 
117806.906250 26998.783203 27276.365234 26395.242188 2910908.250000 
89060.476562 11780.625000 9823.521484 9466.016602 115708.140625 
691890.000000 339569.531250 445939.781250 365205.468750 7209614.500000 
376240.656250 111923.226562 128454.054688 943235.250000 4347019.500000 
117418.789062 34634.984375 28123.222656 34725.597656 2868748.000000 
4296758.000000 1239098.875000 3005182.750000 15297964.000000 5898299.000000 
111782.867188 15197.332031 15584.350586 14276.864258 74183.750000 
127337.437500 29748.765625 20287.775391 19437.365234 2960375.750000 
150923.218750 88896.164062 81035.906250 107836.617188 6845779.500000 
109382.296875 17724.781250 16330.880859 15527.917969 89370.085938 
1022246.500000 96195.742188 29147.757812 214715.312500 8855.665039 
87305.335938 32478.132812 23377.544922 22926.763672 2810742.750000 
170793.046875 23040.869141 27187.152344 119786.125000 1316263.750000 
102117.015625 24108.490234 26216.574219 27618.392578 565745.187500 
132433.140625 44102.988281 45259.574219 56112.839844 3752167.500000 
124212.726562 30895.416016 28436.845703 61951.359375 1320640.875000 
123497.593750 50641.843750 31634.564453 34817.980469 3557126.750000 
105345.453125 15537.729492 12268.207031 12887.125977 182826.468750 
234706.984375 101097.312500 93904.070312 159852.640625 3283039.250000 
93173.648438 13247.473633 9854.630859 9603.752930 199896.812500 
196242.453125 69879.679688 64993.851562 194041.734375 1417490.500000 
101465.945312 23661.195312 24024.890625 28146.542969 1963857.750000 
1625337.750000 492182.750000 444292.468750 1239323.875000 8370575.000000 
93494.429688 12019.315430 11127.592773 8686.633789 35515.757812 
106278.570312 36193.937500 22078.625000 30624.765625 2851089.500000 
14416302.000000 6176426.500000 774486.375000 2212094.000000 1300430.125000 
83829.656250 21649.322266 15369.750977 17168.964844 1618614.125000 
119538.906250 48955.902344 12812.347656 16462.800781 1412767.000000 
96975.960938 23319.083984 19423.324219 16257.234375 2184512.750000 
96422.625000 14226.341797 13014.369141 23255.570312 1563485.875000 
135716.953125 20514.193359 20091.000000 19325.351562 1707589.125000 
88385.507812 13034.272461 10572.736328 9091.655273 1276180.000000 
88420.109375 17707.748047 14444.138672 13860.873047 1568882.500000 
85614.281250 10244.654297 9165.310547 5158.686523 41427.617188 
69479.656250 15911.458984 13456.505859 12878.145508 1636683.625000 
17623048.000000 2129839.250000 3310518.000000 685576.937500 1858143.750000 
93832.695312 20672.376953 15065.097656 14025.265625 1396946.000000 
66842.179688 14004.338867 9379.175781 9898.410156 1644674.125000 
82280.023438 8359.017578 7507.409668 7976.505859 45734.136719 
78915.539062 22729.050781 23483.748047 21386.843750 2389863.500000 
84527.343750 18833.734375 16920.398438 13878.166992 1507193.250000 
87101.359375 15707.030273 13089.100586 10542.541992 333988.750000 
123069.195312 22946.666016 20170.761719 25458.126953 1159504.125000 
100845.070312 17647.822266 14068.929688 15438.282227 1589717.375000 
87675.523438 18205.628906 13825.997070 12520.200195 1387832.125000 
91452.640625 20435.246094 21131.384766 24577.638672 2088725.000000 
114866.648438 70934.070312 112461.937500 52425.312500 4602474.500000 
142059.031250 56250.730469 78259.601562 251415.203125 5076075.000000 
2823288.500000 2439137.000000 412198.000000 498061.281250 3509609.000000 
253547.656250 45617.621094 35933.812500 109842.445312 2315243.000000 
89019.390625 44783.332031 36176.031250 26794.835938 3115041.500000 
92254.382812 14698.613281 11422.205078 11963.306641 102688.265625 
93810.500000 29447.933594 27635.476562 23049.314453 2689841.500000 
47482740.000000 12237388.000000 10415155.000000 3676748.250000 3811747.250000 
88850.679688 25229.058594 30726.410156 32905.039062 2910615.000000 
13457326.000000 1805821.250000 549234.625000 1338229.625000 4171664.250000 
17065354.000000 4006064.750000 465098.343750 1001972.187500 3182083.750000 
171262.000000 40431.914062 93037.046875 107403.976562 558505.187500 
83071.789062 17474.054688 15633.517578 23742.964844 2202186.500000 
77193.078125 38715.906250 43913.679688 80961.468750 3613005.000000 
89123.601562 17338.482422 18528.707031 18497.896484 1621285.250000 
99733.546875 16174.486328 12133.002930 7943.593262 96562.945312 
141542.906250 24099.828125 20674.837891 26970.488281 1802357.000000 
78285.812500 21533.259766 20234.167969 20584.289062 2518352.500000 
84718.625000 16819.232422 16894.748047 18050.292969 2044655.250000 
90225.398438 19100.630859 16943.755859 16872.263672 2141249.500000 
291766.656250 38215.941406 47899.644531 51195.117188 2214776.250000 
409961.656250 243522.437500 1073346.875000 522392.343750 1394492.000000 
121124.289062 19373.460938 19594.951172 19772.888672 1211180.625000 
554979.250000 147008.875000 366308.781250 333303.968750 1333730.625000 
69530.257812 18351.187500 15310.888672 14375.095703 1957224.250000 
6575350.500000 3230388.500000 1924899.500000 226972.078125 1476180.750000 
95700.804688 13358.890625 10437.002930 9823.025391 129042.976562 
1148901.375000 694318.250000 2408193.250000 2365034.000000 3013503.500000 
88608.781250 26710.015625 15122.525391 18504.052734 541950.750000 
95472.890625 14418.792969 11231.371094 13362.857422 1557542.750000 
76689.578125 19950.363281 16715.980469 18144.640625 2374357.000000 
72999.125000 23374.390625 25276.900391 15773.258789 2634416.750000 
727617.000000 178232.421875 167493.609375 198284.093750 3268057.250000 
8826690.000000 1480009.125000 541043.125000 816668.875000 2915059.750000 
103952.578125 18617.052734 18018.888672 13817.513672 1886557.875000 
180281.875000 24642.226562 23570.382812 45583.441406 1761803.875000 
92132.773438 25323.291016 22304.408203 31756.652344 3167837.750000 
969546.375000 105014.289062 916229.187500 234599.187500 2297300.000000 
81997.687500 22965.164062 20053.289062 22650.847656 2938007.000000 
105802.593750 17392.802734 12643.832031 16989.091797 1083255.375000 
73331.742188 13183.232422 12716.612305 12421.078125 1572201.625000 
59187784.000000 5453542.000000 1044325.312500 4092495.500000 863111.437500 
74588.796875 15054.035156 14231.232422 13507.610352 2029688.500000 
98337.367188 19465.330078 18861.990234 23680.451172 2551228.500000 
1049487.000000 126943.984375 99546.531250 84189.515625 2328108.000000 
101303.867188 10916.527344 9727.869141 10155.755859 68423.421875 
66385.015625 18397.890625 13280.990234 29182.738281 2755230.500000 
139573.140625 23178.263672 18040.798828 18742.898438 1391791.375000 
69724.796875 19229.871094 20061.414062 19166.673828 2595289.250000 
81300.250000 11912.070312 12104.637695 12205.594727 1310974.375000 
67407.820312 13804.952148 12643.100586 10988.006836 1585606.625000 
97176.250000 17676.115234 15463.551758 15052.657227 1629644.500000 
68899.023438 18915.041016 18245.082031 16628.191406 1793692.875000 
283986.406250 30067.335938 97173.851562 68692.734375 1451017.000000 
6750454.000000 318694.906250 813535.500000 867308.187500 2103777.500000 
73721.578125 8675.593750 6226.857422 6189.948242 37108.546875 
103207.109375 14589.171875 12784.341797 13439.757812 1154614.750000 
206476.046875 26540.867188 22157.123047 19677.048828 1109139.375000 
59552.941406 12876.992188 15181.293945 11895.064453 1647344.625000 
116714.664062 21086.685547 22499.488281 25540.693359 1601605.750000 
171691.234375 52837.000000 57203.417969 181134.359375 746193.937500 
73225.187500 6713.101074 4192.557617 2364.923828 7522.715332 
97411.343750 17480.126953 25097.804688 18773.394531 204460.953125 
79028.023438 10462.925781 8328.056641 10459.984375 936385.187500 
316676.375000 34154.875000 34999.148438 46215.773438 1372111.125000 
80930.890625 9060.007812 11712.541016 13982.611328 77187.687500 
85699.382812 9542.732422 8148.387207 9810.076172 19778.609375 
525780.687500 45339.761719 48946.074219 208393.390625 1312270.375000 
99962.281250 17597.875000 18321.523438 19929.662109 1964003.125000 
112745.437500 10804.093750 8021.609375 6710.955078 33637.539062 
50881.917969 10136.562500 10372.446289 9628.697266 1319976.375000 
57246396.000000 9035952.000000 4249457.000000 3909331.250000 1680375.125000 
77767.585938 10491.713867 9122.496094 5210.813965 110368.367188 
88319.921875 16701.578125 23907.984375 20602.853516 312551.156250 
84149.429688 10488.081055 6720.325684 8553.923828 688191.437500 
65766.625000 13480.086914 15202.872070 13854.759766 2050046.125000 
84409.203125 9923.061523 6721.365234 6340.406738 84769.882812 
107701.007812 13108.041992 12714.305664 14289.863281 1181506.625000 
1271405.500000 287645.250000 1769835.625000 2986378.000000 2047356.125000 
80038.156250 8485.392578 6598.774414 7672.241211 69600.960938 
123025.687500 31439.738281 61921.199219 162561.046875 733468.125000 
80326.492188 11087.792969 7997.497070 8290.163086 639677.000000 
59483.886719 9690.482422 8547.236328 8178.231934 1747355.750000 
346950.250000 32580.685547 27159.925781 32459.517578 1631835.625000 
99205.601562 10908.288086 7772.930176 5871.941406 112052.351562 
87502.312500 11631.751953 9511.618164 7987.847168 1033937.687500 
52959.691406 11077.059570 9427.357422 11403.480469 1485780.375000 
90732.992188 13068.894531 11676.258789 17778.976562 955610.750000 
69855.625000 16231.866211 14459.240234 18113.636719 1583269.250000 
609112.625000 66018.679688 43835.339844 137448.656250 1520715.875000 
7259189.500000 1330128.875000 1897074.125000 645306.750000 857196.687500 
11955279.000000 1015031.750000 681310.312500 2677694.000000 889019.125000 
75228.164062 11127.277344 10293.315430 9220.136719 1193771.250000 
66744.171875 16753.054688 13967.890625 13496.619141 2049747.625000 
57017.265625 12363.983398 12679.368164 13913.549805 1723486.250000 
109935.593750 12885.904297 10942.235352 9443.527344 913158.937500 
69165.984375 8666.406250 7265.530762 6473.707031 833560.187500 
59645.316406 11511.980469 10958.469727 11148.298828 1636452.125000 
57344.625000 12636.743164 12258.197266 16531.337891 1627061.875000 
190002.265625 22002.740234 21199.468750 22707.103516 907478.937500 
222136.531250 19780.900391 21525.271484 274566.531250 1374071.875000 
1224441.375000 52601.468750 96410.171875 102340.164062 671850.562500 
4019721.500000 933097.375000 1129387.500000 626344.500000 948308.062500 
20120258.000000 3919277.250000 4337213.000000 426134.750000 1002376.625000 
78693.296875 12407.218750 9118.039062 12822.755859 908520.812500 
65188.648438 9163.360352 7418.490723 9589.726562 820219.625000 
65216.898438 8783.164062 7815.507324 5244.535645 817295.250000 
103009.515625 13354.960938 11750.639648 11489.634766 954180.687500 
400988.562500 28266.015625 35512.578125 36333.382812 770054.750000 
499722.843750 38604.531250 60889.078125 65760.257812 770381.937500 
498639.062500 34161.820312 23132.935547 365834.187500 827247.625000 
79212.289062 7181.730957 5893.105469 3275.979248 175078.953125 
55639.605469 7381.162109 6664.189941 7643.764648 766263.625000 
56689.351562 6942.273438 5167.413086 5507.204590 527692.312500 
2329525.500000 881980.312500 1145134.625000 3345.500000 46038.351562 
47861.945312 6449.683594 4965.190918 4744.481445 688043.500000 
49958.933594 7413.611816 6014.066895 6063.591309 670218.625000 
153993.968750 18319.248047 16364.568359 106816.601562 618612.562500 
61196.656250 15645.056641 14288.276367 14539.572266 1128961.500000 
57964.765625 6230.937500 6517.433105 7482.495605 672692.500000 
60642.308594 8315.870117 6329.857422 6378.363281 751399.250000 
703069.125000 115928.382812 115202.156250 165149.718750 211830.546875 
93353.187500 11076.409180 10532.106445 8477.604492 928110.187500 
66457.210938 7228.852539 5982.780273 4781.340820 195189.812500 
70414.953125 8493.463867 5971.346680 6007.894043 108027.851562 
60684.695312 28948.263672 46573.093750 35783.843750 1847483.875000 
41455992.000000 1637561.000000 5206532.500000 7896968.500000 1722533.875000 
79725.351562 7758.423828 7722.727539 6597.175781 193732.765625 
98092.257812 9949.316406 8645.525391 9854.292969 461788.937500 
69635.750000 13692.711914 9601.857422 7955.481445 1162187.125000 
64166.859375 8731.373047 6170.219238 4324.508301 137482.562500 
86643.382812 11728.751953 8495.083984 10893.839844 958496.437500 
85432.468750 15434.938477 15186.282227 12767.260742 1139973.000000 
69794.937500 15195.727539 14024.461914 11692.096680 1027405.937500 
81171.257812 13568.904297 13535.200195 11430.160156 558254.937500 
70501.773438 15318.409180 12060.416016 16157.451172 1293382.000000 
86195.375000 34826.500000 44514.753906 40815.238281 2623010.250000 
82457.046875 10148.064453 11735.850586 8272.741211 480281.156250 
1618477.500000 128395.546875 322711.937500 716890.562500 1889686.875000 
103303.429688 14880.152344 12833.420898 15654.482422 170048.765625 
61771.929688 10875.534180 11755.843750 20266.968750 1717480.000000 
21843670.000000 3438053.500000 19109926.000000 1081539.125000 3399352.750000 
172782.546875 21371.636719 17084.607422 19373.316406 1544464.000000 
312718.781250 45509.378906 60601.988281 41598.085938 1622336.125000 
80484.125000 15911.080078 16425.533203 19622.167969 1622909.250000 
99037.406250 17847.339844 14909.272461 13764.934570 651699.187500 
190206.859375 18695.958984 27628.515625 278097.343750 1019514.562500 
165843.656250 28253.466797 18640.412109 61264.355469 1381798.875000 
111610.601562 32868.789062 39742.269531 80250.257812 2346436.500000 
110676.445312 14064.606445 16399.710938 27466.759766 1311968.000000 
91146.257812 13350.407227 12639.741211 13988.419922 838869.625000 
426744.500000 165355.750000 144633.843750 371318.937500 1157997.250000 
96754.523438 14056.236328 13017.620117 34693.050781 501872.281250 
74945.976562 14521.593750 17735.654297 63243.437500 1619877.000000 
6190196.000000 1856977.125000 3917176.000000 5358027.000000 2211852.250000 
4350807.500000 334123.312500 144642.046875 96238.382812 825070.750000 
18221026.000000 1374639.750000 7197082.000000 1153416.000000 1235342.750000 
652998.812500 99412.062500 80739.382812 114047.109375 752308.812500 
67422.523438 17394.996094 18678.906250 18333.050781 1407583.250000 
73443.726562 15322.098633 16449.181641 23652.582031 2036572.500000 
64324.582031 12756.566406 14602.929688 22604.775391 1639750.875000 
62300.429688 12044.322266 12076.765625 19282.849609 1560553.875000 
83563.304688 10850.322266 8310.896484 10062.535156 813583.937500 
114480.414062 11919.482422 9635.707031 13614.906250 823805.750000 
84401.867188 10150.257812 5865.925781 7202.425293 370043.875000 
68164.148438 8601.841797 7084.831543 11620.513672 1070030.875000 
59311.601562 7368.080566 9322.668945 7885.028809 1112121.375000 
1299465.625000 106387.335938 340986.062500 417953.718750 383182.375000 
170852.781250 18532.470703 15478.896484 17419.435547 678386.375000 
62833.375000 7550.444824 7143.637695 7644.042480 769854.812500 
62531.972656 8766.666016 7471.471680 9926.349609 806482.500000 
174755.328125 14861.870117 13504.250977 13910.131836 655929.125000 
203365.718750 18147.669922 35198.503906 12904.036133 623760.562500 
285501.968750 26713.966797 21095.355469 16026.226562 613579.500000 
87144.273438 8094.958008 5546.872070 5387.325195 30490.560547 
64342.507812 6539.345215 5551.191406 5698.382812 543632.875000 
85934.914062 8663.420898 7584.096191 5016.842773 526713.000000 
50027.988281 5613.918457 4874.039551 3818.497803 488405.375000 
54337.035156 9609.970703 11071.416992 24828.875000 861295.000000 
69125.421875 9278.231445 7884.027344 12017.140625 825609.687500 
74018.117188 7209.672363 6037.291992 5124.822754 558722.750000 
54331.722656 4728.658691 4385.141113 3494.531982 333512.156250 
1683520.250000 411648.343750 163194.343750 356967.093750 179077.718750 
81276.656250 13765.022461 17522.990234 19127.054688 824055.812500 
53116.753906 6210.030762 5628.031738 5033.276367 525132.312500 
136526.593750 11819.004883 11218.369141 5305.045898 295494.093750 
84882.101562 8410.382812 6183.403809 5264.145020 264088.718750 
112332.148438 4938.548828 5315.000000 949.231262 117197.929688 
60905.496094 4226.250977 2763.766846 3279.626709 42723.152344 
65287.261719 4758.766113 3836.737793 2036.142090 108221.023438 
83096.539062 8178.500000 3818.469971 1344.302490 58635.511719 
100647.578125 3675.437256 4233.518066 4125.175781 87541.093750 
55255.972656 1640.893677 2448.281006 245.099060 31470.746094 
79129.187500 3963.662354 4975.696777 2482.010254 12047.802734 
24585.236328 3011.138428 1252.071899 3279.118896 14387.231445 
157509.031250 2183.746582 3326.756592 455.509827 44991.687500 
45618.230469 5796.572266 963.974304 645.723328 41199.898438 
110227.078125 7774.547363 2763.639648 2572.118896 64070.953125 
45913.191406 3277.375244 1828.103638 1719.024536 16457.609375 
63363.128906 43762.863281 342.315643 19165.988281 41199.914062 
38249.812500 9295.763672 1934.994019 3797.673096 30321.773438 
45109.953125 2750.818115 14187.863281 8362.771484 48069.152344 
39609.367188 3162.371826 1916.567749 1723.637085 27582.429688 
64796.394531 4731.340820 2443.555664 2463.062012 27804.972656 
92045.593750 7244.614746 680.793823 563.391724 39441.136719 
51116.480469 3872.454102 1400.808472 5076.159180 38721.617188 
83187.968750 6003.491211 4052.452881 3300.972900 24280.763672 
57787.433594 5024.509277 2313.361084 850.792969 32908.878906 
258747.328125 16867.060547 4150.048340 12407.507812 96069.562500 
135769.843750 14914.099609 14601.555664 6131.750977 82861.492188 
932224.062500 51215.125000 49217.101562 69155.375000 180061.062500 
819136.000000 27135.031250 19413.091797 22946.351562 119563.007812 
1487236.875000 61944.007812 63415.542969 40386.152344 198850.296875 
1093383.750000 56543.667969 35790.855469 29202.619141 97507.132812 
960275.812500 78927.265625 101847.601562 32858.851562 187793.781250 
1084481.000000 100284.226562 95074.023438 47951.890625 179035.843750 
881689.000000 95227.351562 44456.148438 33151.453125 206549.937500 
814850.000000 91124.257812 53320.542969 64961.156250 280685.000000 
356271.343750 113177.585938 63083.898438 12086.265625 252147.562500 
211261.234375 29622.808594 28277.068359 36223.882812 73610.507812 
276985.968750 86426.906250 32326.218750 6949.137695 348310.406250 
312054.375000 48375.000000 27382.972656 33809.382812 200502.578125 
63549.613281 4652.314453 2994.876465 2713.537354 24102.173828 
516916.593750 60829.699219 11066.003906 17793.701172 296201.218750 
55094.187500 14122.014648 11299.690430 22305.546875 76582.812500 
520584.531250 58441.062500 173467.750000 106747.000000 339437.875000 
122899.757812 15051.724609 4593.464355 4093.211426 370238.593750 
286033.281250 13909.134766 11407.937500 8289.467773 408121.343750 
79256.789062 7244.912109 3489.329834 6912.609863 272761.000000 
305166.906250 13080.494141 7364.658691 26516.691406 344685.093750 
319813.437500 42531.875000 59691.812500 36165.804688 232522.125000 
670645.812500 32165.992188 24254.972656 19522.083984 415257.062500 
46391.328125 4001.891113 3871.847900 2260.745117 34866.859375 
111477.937500 6206.353027 4133.770508 3215.042480 373296.750000 
85620.046875 23406.750000 20129.572266 4628.722168 341459.468750 
179546.171875 10626.603516 10690.304688 15120.450195 70478.906250 
407787.312500 17898.431641 23134.300781 55369.472656 362472.937500 
66245.695312 4579.676758 3160.036133 2470.798340 19469.296875 
168137.921875 7966.040527 16756.921875 6726.221191 280504.906250 
196992.296875 21918.537109 11149.118164 7250.535645 181122.718750 
188575.000000 13018.635742 24847.300781 8832.156250 107167.140625 
145567.812500 12755.095703 9636.283203 7111.539062 124862.828125 
85961.843750 4839.255371 4529.040039 3833.744629 136464.781250 
101421.875000 4536.665527 8883.666992 8720.156250 210208.625000 
138916.828125 6220.384766 3822.072266 2894.711182 99378.273438 
95671.710938 12340.560547 9221.128906 16381.046875 83678.929688 
55902.425781 4120.170410 2402.744385 1765.544556 22943.443359 
123833.992188 10453.982422 9469.659180 9443.324219 104181.507812 
61227.519531 4926.418945 7262.731934 3218.752441 80183.265625 
205832.562500 36558.714844 8806.366211 13444.147461 105860.468750 
38893.484375 3475.765625 2459.331543 2545.770020 26707.912109 
42807.179688 3598.296387 2127.199951 2182.792725 25289.021484 
95652.851562 11893.439453 6577.479492 11174.080078 61324.578125 
55746.878906 4833.041504 2696.831543 2085.503174 31896.027344 
36663.378906 3793.734619 3862.577637 4046.714600 32140.968750 
54087.273438 9981.455078 20665.001953 17470.361328 132960.656250 
49912.781250 5270.866211 3651.779053 2701.484619 47899.960938 
114319.414062 31749.035156 13777.657227 16252.139648 74764.125000 
110795.382812 11102.433594 14833.298828 15330.988281 171790.421875 
93055.757812 17321.031250 19537.035156 23367.490234 91007.484375 
210640.359375 11833.250977 24491.796875 12526.429688 160851.562500 
67763.914062 4785.572754 3849.800049 3132.339111 28608.400391 
64950.921875 4523.271484 3374.797363 3252.454590 9726.714844 
96603.117188 14327.490234 12192.190430 9466.629883 105068.312500 
61622.343750 4850.117188 3888.420898 2740.271240 20313.357422 
76719.906250 21792.375000 9535.349609 7848.678223 179274.734375 
176423.000000 10151.557617 29073.492188 9805.090820 197844.640625 
38547.421875 5002.275879 3948.487793 4345.218750 62344.296875 
75337.062500 14569.034180 8183.447754 11962.363281 195375.281250 
124926.156250 11149.667969 22390.955078 38323.941406 130869.242188 
190357.203125 19432.494141 24854.363281 30650.736328 141791.500000 
213299.250000 16174.938477 12457.253906 13887.756836 143344.578125 
354902.500000 43458.105469 34779.152344 10616.988281 134464.843750 
116275.148438 14135.925781 12277.932617 9442.274414 85062.867188 
45457.453125 15136.407227 16334.976562 11795.208984 59258.398438 
78093.351562 10685.343750 14736.110352 6469.414551 100952.304688 
205780.234375 34760.906250 11195.566406 14391.964844 134525.312500 
222646.640625 14918.175781 23356.623047 16436.369141 141284.796875 
200562.218750 22847.583984 30872.423828 60077.656250 162762.156250 
79468.539062 6212.552734 5272.658691 5934.029785 121123.093750 
46936.378906 4110.298828 3027.612793 3058.910156 39931.265625 
94735.101562 10489.007812 6487.297852 6385.619629 97521.203125 
57453.718750 10317.386719 8707.605469 7082.573730 80870.406250 
129781.867188 16628.585938 15339.651367 13995.624023 144320.734375 
53027.078125 4772.223633 3601.448975 2535.380615 54660.343750 
100265.187500 8444.996094 4241.513184 3162.968994 123955.742188 
56423.812500 4064.856689 2620.905273 2837.312500 24539.287109 
78281.375000 15398.590820 6861.485352 5199.875488 132697.937500 
89436.500000 20735.134766 11935.192383 21011.279297 211702.906250 
214741.453125 6304.063477 7190.035156 6407.966309 174622.468750 
86099.546875 7972.309082 3379.846924 4871.210938 111619.695312 
68633.062500 5958.170410 4354.179199 3921.606934 22300.990234 
56821.621094 5169.580566 3048.495361 3253.469971 79208.890625 
261166.937500 12600.309570 4872.668945 7328.412598 203790.640625 
124642.007812 24592.830078 9107.839844 7235.274414 117039.367188 
211361.812500 14379.113281 6562.277832 7619.088867 137204.156250 
54316.371094 4133.786133 3266.069824 2824.538330 11409.138672 
100504.226562 18566.541016 30355.091797 26197.533203 138218.343750 
79974.179688 9488.711914 5584.421875 12217.772461 58095.210938 
115029.242188 17507.343750 8889.355469 5524.057617 71323.062500 
119489.023438 13529.628906 13067.755859 6716.878906 89301.898438 
60387.250000 4374.076660 2731.354248 2515.957764 23622.933594 
130569.726562 11195.818359 6884.547852 6163.329102 83646.585938 
227692.531250 12770.707031 4716.236328 10144.754883 132626.265625 
67188.953125 8582.501953 8143.462402 4316.536621 63144.597656 
103426.031250 19676.492188 23732.343750 12588.991211 101545.210938 
124805.828125 14581.216797 15300.092773 13142.079102 177088.687500 
160255.156250 13442.208008 16191.820312 4217.966797 166879.312500 
407209.906250 61774.859375 28012.980469 39887.867188 185136.890625 
303135.187500 35086.800781 10085.538086 11327.625977 191870.515625 
207615.281250 13006.054688 13670.331055 5648.038574 127068.664062 
156587.250000 11183.796875 7507.366211 6411.013184 83653.875000 
59247.878906 4134.818848 2001.859985 2806.407959 15161.978516 
45139.046875 6360.908203 3880.140137 3791.386230 40980.035156 
90048.125000 7993.090332 4852.077148 2454.752686 35302.960938 
662517.625000 62888.042969 45837.035156 11571.905273 134111.546875 
217107.984375 12411.590820 7257.882324 11223.796875 132295.171875 
274569.156250 22468.115234 14892.845703 12659.289062 145701.406250 
246956.500000 31777.255859 36304.417969 13247.429688 131293.484375 
125433.867188 16408.861328 26703.857422 24469.621094 239333.968750 
262437.593750 21278.812500 28156.046875 11447.401367 105750.109375 
43883.941406 4272.689453 2678.171387 7741.298340 29326.066406 
259161.281250 11930.084961 23710.140625 18377.394531 122030.710938 
52031.625000 9600.209961 5958.142090 3669.119629 63522.234375 
60393.183594 4032.126465 2901.598633 2758.324707 13280.026367 
51537.945312 4164.851562 6916.676270 3165.657959 40031.507812 
90557.664062 21752.167969 13379.916992 8129.642090 87027.773438 
37995.078125 5241.811035 5768.803223 1364.728394 52520.953125 
56533.863281 11171.958984 6287.253906 7178.625488 38398.804688 
115072.695312 24754.242188 5510.811523 5496.269043 67284.617188 
35371.089844 7063.952637 4033.364258 4887.998535 46703.019531 
45499.527344 15045.641602 14324.285156 9037.500000 63819.667969 
44670.707031 7559.413086 2515.089111 3923.847412 40926.250000 
27203.076172 4572.927246 4093.780029 1590.531616 58664.769531 
157454.984375 9003.971680 8359.593750 9962.595703 58136.976562 
49113.515625 5291.416992 3439.139404 1936.312256 22003.578125 
51375.074219 6779.315918 4910.564941 3596.628906 46765.449219 
143500.437500 17186.908203 11655.181641 10383.863281 57772.011719 
73616.304688 7435.833008 6156.183594 3487.922363 42764.335938 
48587.183594 6851.883789 3634.333252 5324.311523 29417.416016 
43590.808594 2540.957275 4544.789551 1914.685425 54063.871094 
64010.312500 7549.809570 3738.722656 6586.778809 68426.148438 
63563.199219 10373.666016 5840.709961 17569.062500 89990.531250 
400445.156250 17669.251953 15017.425781 5518.376465 59807.539062 
158254.500000 11520.005859 25921.226562 9141.789062 40364.632812 
104179.953125 56768.328125 13813.867188 11321.074219 89242.882812 
199893.203125 13921.913086 16673.443359 12159.282227 164055.609375 
54113.632812 6546.646973 8996.981445 5106.177246 58243.875000 
35333.933594 3571.856934 2681.430664 3059.167236 28719.642578 
60323.320312 6817.307129 4995.555664 5130.618164 38727.898438 
71230.640625 11715.740234 9096.681641 4067.676025 88580.367188 
148025.750000 10259.865234 10003.791016 6643.234863 199649.625000 
64305.261719 5445.399902 4114.451172 5949.661621 97377.648438 
58377.730469 6492.512207 5292.173828 10045.481445 64521.976562 
81767.273438 8846.515625 4148.510742 6545.818848 142618.265625 
76803.406250 7405.559082 4269.928223 3148.876709 133390.625000 
51739.781250 4098.791504 3124.828613 2357.042725 54000.730469 
89512.359375 8115.147461 6546.823730 11700.390625 79727.593750 
58249.949219 5244.860352 3537.034424 4313.945801 28623.966797 
44450.250000 4481.739258 3754.211670 3324.989258 86537.773438 
87613.867188 7341.108398 6901.425781 9038.072266 79026.476562 
73340.171875 5764.880859 5634.520996 11206.502930 78817.890625 
120563.359375 11244.702148 13858.142578 7895.265625 93352.648438 
93652.250000 7529.330078 8009.456543 4825.354980 107050.164062 
47630.097656 5577.693848 3300.990967 3348.218018 67150.445312 
90009.742188 7800.322754 6486.702637 4823.159180 58769.066406 
41869.304688 4157.365723 4601.118164 2901.462646 61649.496094 
266307.406250 18316.666016 23193.269531 14694.256836 109769.812500 
102365.859375 15022.179688 5675.185059 6442.495605 80170.773438 
156274.625000 18794.164062 18507.369141 8696.942383 115128.828125 
41846.371094 6199.859863 5462.945801 4999.621094 79083.867188 
293986.281250 9258.076172 22212.009766 18076.091797 102652.734375 
71361.882812 8224.372070 3515.008301 6457.177734 158494.156250 
319851.625000 43690.484375 37017.000000 52348.832031 131041.945312 
160035.718750 10757.626953 18219.886719 6437.502441 188895.515625 
333739.000000 33956.636719 10175.509766 6174.835938 199103.656250 
66429.984375 11190.738281 5975.987793 4475.475586 156764.640625 
66169.507812 11915.282227 7847.585938 2784.286377 101097.062500 
89315.250000 6987.854980 20788.746094 18862.451172 161825.171875 
48240.457031 4641.294434 22045.357422 4923.111328 123966.054688 
225770.703125 8584.972656 12624.296875 6579.153809 122645.179688 
53045.835938 4726.595215 3563.262939 1386.354980 138646.953125 
56241.242188 8495.872070 2527.593506 2785.235107 112566.328125 
67070.015625 7320.028809 4426.124023 1635.739380 87077.796875 
26616.949219 5106.290527 1952.134033 1748.713257 85322.234375 
44755.894531 3397.508545 3698.543945 7310.399902 56863.750000 
24554.859375 3124.573975 3433.201660 3735.987793 29523.373047 
51266.562500 24695.468750 3966.266113 5127.383789 46776.285156 
49356.878906 8698.302734 7681.502441 7627.744629 60831.449219 
57722.585938 9115.134766 7100.686523 6169.640137 75961.335938 
35252.828125 13403.896484 6771.709473 3489.645752 67984.132812 
25368.814453 3290.966553 2524.382812 3012.478271 38687.703125 
64386.398438 19077.052734 6556.647461 12818.537109 38750.085938 
151572.843750 13710.045898 9361.220703 6652.217285 106598.882812 
139144.953125 17041.949219 15996.244141 26384.152344 84828.218750 
59736.535156 4098.242676 3349.335938 4722.822266 96770.968750 
53348.785156 18029.048828 11422.029297 3856.281006 138351.078125 
52401.390625 8771.544922 13735.646484 3574.420410 98650.343750 
81779.507812 18271.902344 10963.584961 7756.772461 184544.281250 
266354.468750 23507.296875 63242.542969 35344.566406 233180.828125 
46550.125000 19385.093750 7897.195312 3924.228271 82763.640625 
53435.687500 7888.549316 8683.744141 4543.054199 48980.937500 
140447.078125 9954.871094 7076.983398 21358.732422 56374.101562 
21785.541016 6854.728516 1498.855713 4014.492188 68099.148438 
35052.238281 5325.429688 4168.408203 3809.385010 69373.203125 
149007.562500 15259.607422 11612.970703 6357.490234 122238.406250 
84379.859375 16122.530273 9806.573242 4159.837402 106287.679688 
32309.580078 8182.100586 3790.420410 1938.286133 80630.015625 
63133.378906 6993.783691 10298.460938 4430.997070 114386.101562 
25695.146484 4676.499023 2129.403320 3635.935303 72748.828125 
49893.964844 6430.201660 5438.878906 9680.753906 97880.304688 
139374.343750 6781.620117 9624.730469 5109.188965 80743.039062 
176535.015625 23792.968750 9325.029297 35523.375000 102325.148438 
136541.437500 8793.101562 7959.700684 22337.025391 98177.382812 
106527.929688 6301.864746 4166.216309 2307.667480 74460.968750 
68300.921875 7538.826660 11464.034180 9865.544922 89257.343750 
48004.992188 4958.031738 1680.652466 1123.167480 29094.164062 
36390.617188 2770.969238 2810.175537 3445.989746 49528.125000 
108661.031250 9945.017578 7652.242188 8287.872070 74917.710938 
54556.695312 6617.522949 10665.226562 5320.701172 58660.972656 
71506.578125 7118.025879 3489.407715 11173.191406 51988.292969 
42327.425781 4766.564941 2555.376953 1746.164062 34962.738281 
17089.804688 1937.921997 3487.698975 4645.517578 36495.460938 
55197.867188 4885.165527 6710.616211 3776.235352 61949.726562 
56083.832031 9522.924805 5337.633789 5120.373535 90327.453125 
53741.386719 6201.920410 3510.914551 3335.925781 81870.500000 
58049.460938 12081.333984 4118.339844 3736.225586 155502.687500 
73141.625000 8882.036133 12025.535156 15410.273438 123571.367188 
51445.289062 4500.383789 2784.684570 9322.560547 148718.734375 
127350.421875 8977.313477 12028.887695 5438.532715 237171.703125 
62934.429688 4488.861816 3149.001221 3072.129639 18864.986328 
144856.171875 14784.145508 10501.619141 13751.959961 155935.187500 
185319.265625 30517.529297 19855.482422 53865.066406 135038.218750 
113662.132812 15578.398438 17145.572266 16072.874023 211488.125000 
76280.796875 14621.875000 11675.309570 12664.425781 255062.359375 
45038.972656 6441.875000 2571.632568 3182.432861 86498.492188 
60260.082031 8665.880859 7296.270020 4642.520996 240822.265625 
65059.269531 5787.833496 3753.637207 4976.332031 45939.816406 
59450.875000 9220.351562 5888.705078 2365.142578 179717.359375 
52134.769531 14651.662109 8052.693359 5159.369629 134968.359375 
58849.808594 6518.322754 9148.996094 5741.217285 131943.484375 
41483.246094 6149.752441 5168.819336 4481.658691 153676.843750 
73416.921875 5789.594727 5441.310059 6976.497070 138265.125000 
80011.015625 6181.609863 9903.061523 5414.485840 120641.148438 
37748.316406 5501.520020 3068.371094 1607.627441 107657.062500 
67065.414062 7076.936035 5064.414062 3100.864746 73868.296875 
23671.763672 3303.124512 1913.032227 2465.297363 94234.476562 
47439.015625 5288.272949 2012.985107 3236.028809 62936.390625 
43001.359375 7353.645996 4692.723633 2545.774658 52773.437500 
35852.894531 8222.937500 2005.374390 5929.552246 58941.570312 
67726.601562 3885.306885 7150.916992 1668.665649 89378.554688 
31391.496094 3635.931152 2493.059814 4066.298584 84944.992188 
50358.433594 4793.873047 3970.221436 2743.454346 106130.562500 
62580.203125 8932.918945 8525.803711 4759.427246 93711.843750 
55610.343750 4199.191895 2903.483398 2174.039062 26867.339844 
76803.257812 5571.749023 4003.267822 3745.583984 22667.435547 
67235.468750 6989.616699 2136.695068 8840.426758 64419.296875 
90438.960938 18674.701172 8974.740234 29227.882812 64678.097656 
161319.671875 15486.605469 16834.519531 9175.902344 83594.203125 
223381.718750 11286.110352 13909.318359 6941.400879 80258.671875 
55831.914062 7590.304199 8991.551758 3248.407715 105647.875000 
60548.031250 7470.675293 9242.626953 6986.912598 106954.367188 
55193.121094 3885.790039 2786.087891 2042.422485 35499.625000 
103361.664062 6194.425781 8637.143555 11702.488281 86307.531250 
210785.312500 15257.826172 12355.905273 29746.933594 69185.835938 
88299.046875 5258.233887 3208.851807 2898.632568 136630.203125 
90358.640625 12914.157227 6290.864746 5957.176270 141945.000000 
55208.113281 5327.645508 8788.843750 7954.233398 154145.093750 
283232.312500 10335.361328 15476.168945 8499.660156 119331.937500 
113265.648438 14787.312500 8856.686523 6797.084961 126537.023438 
167062.843750 20869.716797 8259.938477 8570.540039 79715.921875 
43822.078125 4482.189941 2057.022461 4900.191406 69105.578125 
27966.367188 2338.107422 4091.290039 2973.752930 88627.859375 
32607.748047 3464.200195 1147.873291 1020.460815 49575.078125 
121266.500000 12444.693359 8720.325195 10721.533203 72193.351562 
50356.910156 3817.417725 2742.458496 3278.875244 10835.200195 
35987.210938 2046.982910 807.071289 1515.656250 30584.207031 
72576.820312 11179.625977 4387.865723 2293.478271 65826.617188 
71947.031250 6321.823242 4227.501953 5905.672363 72999.820312 
118364.054688 10287.495117 18742.482422 5241.229004 65624.000000 
51300.812500 6654.142578 3248.871338 4530.111816 33946.656250 
119441.875000 15621.627930 6357.762695 4258.064453 61711.472656 
80505.539062 3479.947998 2838.547607 2534.321777 65367.593750 
40601.617188 2412.424316 2744.486328 1847.824463 60615.730469 
40813.113281 4916.430664 3238.225830 1999.839966 49469.523438 
26901.195312 2201.894775 1730.130493 3767.505859 55705.320312 
45345.128906 7081.916016 2525.248535 1940.823853 40590.296875 
28421.640625 3470.217773 2598.639160 2709.200928 33491.304688 
88345.023438 8605.160156 30594.384766 6436.016113 37415.097656 
23545.837891 3285.079590 6204.928711 5540.785645 37444.671875 
44812.890625 5413.956055 8269.108398 4518.445312 41994.125000 
69647.140625 13556.062500 9296.196289 7205.743164 57223.187500 
181906.234375 4984.590332 5927.578613 17996.376953 51536.703125 
101610.976562 4750.186035 4739.606934 5596.694336 62498.175781 
186571.640625 7483.704590 4963.935059 2453.376465 34841.062500 
22757.136719 3187.657471 1646.704712 2784.942383 38500.648438 
53026.796875 3936.237549 2578.007324 1786.146729 17230.042969 
48226.429688 14719.940430 6130.500000 7592.614746 109634.203125 
74200.921875 12363.647461 6574.159668 5151.615723 72193.828125 
47699.710938 5832.487793 1184.379395 4835.929688 68354.609375 
220063.125000 33364.621094 17238.994141 13266.819336 50606.593750 
98068.039062 7559.424805 10698.830078 2850.036133 44577.179688 
120999.710938 29748.291016 24297.330078 13063.074219 58834.589844 
61055.828125 11187.905273 3996.621826 1799.647217 55346.957031 
58104.257812 8308.852539 8274.705078 8816.650391 58252.078125 
25705.884766 4946.936035 3198.467285 3401.726562 60745.597656 
63036.875000 4620.086914 2882.547607 2423.250977 27336.052734 
208268.968750 23585.527344 11571.538086 16493.060547 91489.101562 
74871.406250 12121.970703 9937.472656 12420.751953 50444.703125 
105837.531250 11327.697266 10084.715820 12411.240234 98895.835938 
146182.312500 10303.677734 6028.351074 9803.894531 56862.984375 
82737.656250 12604.237305 10827.808594 3328.939697 43250.949219 
55660.960938 4799.815430 5611.876953 2085.499512 58740.425781 
39149.015625 2217.731934 3586.239014 2954.048096 56629.867188 
152216.781250 17338.169922 27066.289062 3947.088623 58464.984375 
53297.085938 3609.122559 3662.620605 2119.068359 69422.179688 
48810.062500 9631.797852 4486.892090 3484.681641 66573.273438 
68690.828125 2251.076416 2870.937500 3963.608398 46817.367188 
77734.984375 6063.643555 4039.041260 5221.681152 33119.835938 
43015.066406 3460.662598 3563.116699 2837.571777 85007.726562 
76016.335938 20167.996094 3209.562012 3072.958496 57769.894531 
57270.675781 6510.599609 7944.029785 3317.798828 57499.597656 
88045.914062 11243.650391 9784.714844 4058.894531 57043.093750 
113996.328125 17248.591797 9890.447266 16898.541016 48131.335938 
48415.703125 4025.785889 2743.314453 1463.097534 20054.892578 
84200.953125 5225.813477 3446.391357 5202.471191 69440.304688 
175033.000000 5754.658691 9344.667969 7178.069336 72636.570312 
183012.546875 16843.251953 5512.966309 8946.256836 41245.839844 
67283.148438 7681.898438 6694.747070 2754.436523 75802.000000 
190381.375000 17667.998047 11963.828125 8350.954102 85202.093750 
61551.683594 6169.719238 4536.697266 3876.565430 30106.496094 
59337.281250 6959.939941 4162.504883 7109.444336 98368.585938 
142398.953125 9798.695312 3428.857422 2433.971191 65081.664062 
67806.570312 4378.678711 4072.875488 5001.112305 92209.789062 
19557.328125 2225.425781 3013.030029 2374.731201 102306.000000 
41039.375000 4045.154785 2023.232666 1848.848389 27772.042969 
44083.824219 3604.719238 3016.102783 3337.434326 31738.099609 
101563.203125 6496.796387 7035.974121 9084.118164 74195.359375 
59767.609375 7292.476074 2724.368896 2782.700439 38842.089844 
29659.482422 3036.628174 1741.666992 968.972717 60673.140625 
14823.867188 1637.525513 858.208740 1093.664185 58786.750000 
17191.289062 2702.718994 1573.867676 1200.316528 51561.718750 
20781.935547 3258.749756 2357.240234 1638.696411 37286.128906 
86555.625000 14149.697266 9131.866211 6380.449707 35918.183594 
34382.207031 2807.692383 1580.432861 1292.132935 26799.886719 
46225.789062 3840.492432 2585.796387 2440.577148 12585.518555 
42939.894531 3122.204590 2019.600342 1381.170044 17111.902344 
49932.320312 3274.321533 1976.299805 1700.618530 9723.824219 
36502.378906 4380.434570 3783.629639 1975.371216 90541.875000 
51543.519531 8397.951172 4607.943848 3420.354736 164928.968750 
34165.316406 3429.329102 7632.925293 1495.659058 96878.648438 
71741.828125 5789.147461 3294.683594 4338.962891 113692.820312 
58477.609375 12314.093750 4925.672363 3798.410400 77353.671875 
61073.886719 5997.023926 3977.935059 3619.950928 11861.322266 
126450.710938 10006.389648 9002.037109 5189.403320 85948.390625 
165970.406250 8780.824219 7911.320312 5271.034668 77064.710938 
69456.617188 8094.205566 8363.403320 10461.673828 81595.117188 
88025.664062 10307.331055 4225.274902 7427.890625 50120.746094 
80591.789062 8601.903320 18943.882812 4948.202148 36799.535156 
41981.695312 2976.199707 4821.227539 5059.932129 56087.656250 
43859.625000 3075.132080 2567.747070 1657.736450 68536.593750 
50437.601562 4485.438965 5375.148926 1213.959595 65467.417969 
40131.781250 2579.514648 2826.789062 1133.361572 44023.671875 
54427.511719 4077.835693 2804.232910 2095.343506 17920.951172 
55253.488281 6792.934082 18325.730469 4788.243652 67480.382812 
31469.740234 4370.520996 2528.695801 1696.458252 56450.820312 
86940.109375 5497.938965 5035.809570 2542.794922 47207.507812 
44769.906250 2551.174072 2265.770508 2173.163330 67907.257812 
47374.515625 4623.648438 3394.195801 3373.126709 35876.214844 
67156.835938 9057.526367 8503.473633 3637.255371 31385.035156 
165592.515625 18096.486328 12301.890625 4362.619141 71666.843750 
47498.875000 5959.814941 3523.718750 3265.344482 34746.796875 
91702.843750 11085.574219 3916.367432 26245.914062 71000.312500 
132067.296875 8399.012695 7075.092773 12140.202148 171441.203125 
70473.187500 14744.003906 16618.103516 9011.338867 98652.062500 
71682.101562 18271.275391 16258.853516 4454.966797 229523.984375 
70029.070312 6702.807129 5399.459961 15125.526367 180560.234375 
56312.804688 4504.211914 3324.627686 3413.421631 26989.843750 
79832.632812 7159.528809 8651.903320 3270.814209 93758.843750 
63321.582031 13554.482422 4904.489258 6210.744141 104451.992188 
113489.351562 10290.612305 7521.053223 6749.802246 108339.859375 
50315.925781 4432.914062 3830.429199 3128.656006 36036.390625 
54314.949219 4277.657227 16397.576172 3380.958984 117298.867188 
216934.375000 6112.932129 3463.586426 2677.205078 41092.125000 
59374.210938 7926.276855 4494.530273 1270.311035 144273.015625 
23731.755859 9116.975586 12886.654297 1644.272095 114198.640625 
41275.128906 7690.042480 1904.884399 2303.456543 122872.117188 
58338.222656 3978.264648 3613.570801 3944.374512 134259.406250 
27371.369141 2478.202881 3297.029541 1714.481934 62914.917969 
117731.937500 8410.221680 4549.042969 14430.116211 54098.859375 
96861.437500 11220.060547 4409.521484 9760.566406 48564.644531 
19973.824219 5362.902832 1892.941650 1109.486816 28998.115234 
78712.796875 6621.657227 8986.901367 2614.149170 49416.238281 
89075.070312 5875.184082 7089.969727 10172.416992 63610.601562 
49828.285156 3449.668457 5498.739746 2909.872070 41177.007812 
44836.730469 4535.746094 2216.986816 1935.120605 41370.718750 
42074.386719 4195.533203 3954.976807 2955.165527 55775.308594 
36292.992188 6641.705078 6811.304199 4361.317871 60729.636719 
102897.226562 5789.710938 2737.673340 3740.031006 42534.699219 
50170.839844 4087.392334 2926.153076 2219.365723 26854.031250 
30482.529297 3468.426025 3174.200684 1664.178955 38171.156250 
38781.878906 4316.078613 3086.381836 2680.434814 104276.937500 
73031.203125 6717.765137 8133.894043 2400.738037 68451.476562 
28681.093750 3485.438477 7000.427246 1749.171753 70283.242188 
32171.953125 5214.094238 1947.735107 1048.987549 74878.492188 
50835.566406 4879.541504 2009.141113 3228.827148 38534.433594 
97701.078125 7964.856934 3991.480957 2312.241943 91117.273438 
72711.484375 5849.821289 2959.952393 2083.483887 16277.133789 
70814.671875 8817.981445 9335.126953 4829.821777 79900.476562 
48706.312500 3666.559814 3118.468262 2458.429199 17186.958984 
22370.484375 1462.942261 1757.291626 1276.906860 42704.578125 
128442.156250 8595.609375 4689.572754 8814.575195 36441.484375 
58136.621094 6699.493652 6636.564453 6170.474609 61263.320312 
17697.955078 2437.642334 2198.503906 1048.475586 69005.171875 
68288.640625 6426.095703 4642.135254 4442.668945 47557.105469 
27982.904297 2457.385254 2508.346191 1006.836548 54197.054688 
60750.929688 6577.374512 3996.288574 7615.539551 33146.171875 
39886.640625 4082.867432 1894.181396 2283.848389 62005.292969 
106650.382812 7673.508301 7503.565430 4454.496094 46209.757812 
108944.835938 7792.866699 6399.509277 2184.587891 42765.226562 
33768.554688 7181.475098 3522.039307 3154.977295 53618.152344 
50325.570312 6735.668945 5510.496582 6724.097656 29433.953125 
58011.222656 2727.406738 1430.607788 807.582336 5381.352539 
34891.722656 3997.017334 1619.963623 713.089050 32712.292969 
18224.892578 1267.856689 719.860657 417.757202 30684.689453 
61369.773438 4620.120117 3054.616211 2287.123535 10941.507812 
44531.691406 6761.804688 5816.959961 2678.621094 72819.734375 
18264.300781 2383.535400 1314.250854 2342.007324 43596.343750 
59557.765625 8592.948242 7917.058105 3480.156006 45256.421875 
63399.476562 5250.456055 4250.218750 6665.270020 33763.492188 
67010.968750 10976.884766 5717.264648 5950.677246 37845.519531 
80995.179688 14948.066406 5232.233887 4173.818359 75986.789062 
45366.320312 5631.814941 3554.553711 8060.412598 63915.917969 
162710.500000 7938.226562 8952.355469 5882.784180 52822.425781 
36662.410156 2407.948242 974.952393 1033.487671 56121.238281 
189075.437500 18812.564453 37215.046875 28854.751953 56248.226562 
65840.632812 3914.015381 2868.171631 1669.948975 24235.328125 
58129.800781 6319.365723 3330.685791 1429.962280 113214.671875 
184343.343750 18173.919922 16598.882812 19238.103516 84933.750000 
118440.539062 8549.507812 6062.708496 4940.671387 98938.453125 
244890.484375 12705.973633 14106.225586 4711.240234 61209.828125 
57893.281250 5115.852051 3489.111084 1705.275635 12659.139648 
101773.171875 6508.006836 1874.601196 3308.207764 57538.550781 
105566.570312 24873.009766 11275.971680 14059.999023 99782.429688 
101440.226562 23460.095703 7957.927246 6136.288574 55371.722656 
48557.472656 6119.796387 5971.064941 3864.060059 44229.722656 
44256.441406 4089.634766 2588.661133 2827.959961 16814.671875 
60902.753906 12010.529297 4609.581543 9239.275391 91702.710938 
61770.421875 5989.852051 3795.020508 3397.811768 58759.871094 
24450.048828 2338.960938 1373.154175 655.622559 63702.515625 
111807.703125 8561.744141 7206.177246 6763.866699 41542.808594 
139460.140625 17534.935547 22486.007812 6404.177734 50019.687500 
81431.328125 20413.906250 5399.175293 2389.439209 88682.757812 
148891.156250 28451.925781 7246.516113 20066.341797 111051.679688 
111286.054688 14675.688477 14698.325195 5877.942383 78905.578125 
70944.132812 5391.047363 5887.323730 8346.808594 62320.105469 
42434.660156 3008.780029 2277.629883 2827.992432 90074.593750 
117031.140625 10303.642578 6119.727051 6959.083008 79230.085938 
21144.392578 7646.580078 2431.848633 839.563354 76227.492188 
123208.625000 23914.326172 7702.298828 5207.996582 54492.210938 
22314.992188 2651.222168 1422.179199 1184.307495 67039.968750 
21154.222656 3118.729248 1393.363037 4862.495605 61909.179688 
44703.687500 3280.798096 2025.410278 1536.497437 16238.046875 
158659.312500 13706.218750 23764.732422 8027.250488 74716.539062 
95927.031250 7923.439453 15709.377930 8536.697266 86295.820312 
13875.958008 1777.523193 733.516907 1577.508545 61037.992188 
21315.023438 2947.947754 2880.854004 2023.300537 50510.074219 
29893.384766 3999.842041 5054.407227 2866.264160 55039.710938 
58327.121094 5049.584961 3111.205322 1265.043579 22122.603516 
81658.453125 7760.860840 4557.657227 1551.945312 73431.882812 
44924.406250 5301.261230 5803.779297 3034.773682 66205.125000 
30514.314453 3837.219971 3972.666260 2838.562256 56510.785156 
199437.765625 16050.208008 10673.729492 4033.782959 45223.679688 
156528.171875 11289.861328 8857.368164 16802.367188 76848.320312 
31387.953125 4395.380859 1940.894165 3540.757568 63631.972656 
38933.804688 9795.987305 3540.306641 897.837463 53423.753906 
99346.335938 26369.798828 20352.943359 36704.445312 80059.445312 
50323.339844 3708.818115 2320.032959 1736.695557 16120.372070 
56812.312500 6167.729004 3171.766602 2157.185059 52341.738281 
29985.380859 3206.453613 1827.427124 2267.860840 86152.906250 
77591.593750 8501.531250 4073.376465 3003.047363 114598.382812 
46460.074219 3360.196777 6061.412109 4086.830811 92889.976562 
153068.296875 14421.373047 19644.509766 13820.064453 53089.042969 
264012.625000 11831.704102 5905.826172 5101.202148 53835.179688 
70670.875000 10048.430664 7491.411621 12486.546875 137128.453125 
49418.273438 3094.665527 2412.347168 2235.898926 12085.697266 
89125.117188 14125.786133 5262.426758 3975.277832 71886.796875 
73689.648438 10349.000977 9451.625977 5735.015137 92701.812500 
66711.398438 4574.970215 3476.595459 3289.811279 20209.974609 
95670.085938 27143.804688 14677.472656 22849.835938 111198.351562 
65627.187500 8311.386719 5827.995605 4850.808105 95921.335938 
60389.484375 7173.679688 5047.040527 4972.814941 43556.343750 
51792.921875 10909.027344 6751.168945 4857.842773 167840.468750 
104919.367188 11889.076172 13008.407227 5703.620117 133716.171875 
174422.906250 13419.900391 5579.751953 2755.114258 201558.312500 
96763.867188 6319.534180 11529.663086 2592.616699 211005.140625 
112751.445312 22690.230469 23984.564453 11796.230469 149158.375000 
244908.640625 18586.085938 17360.201172 12772.793945 155769.937500 
73352.812500 10453.086914 6844.185059 5499.345215 114579.937500 
58024.101562 5946.336914 8311.125977 4187.133301 214158.968750 
54545.332031 11205.273438 18180.837891 7077.742188 108385.304688 
78097.031250 6423.746582 5928.447754 3293.924316 72758.445312 
76926.546875 3185.565674 5039.404297 2313.969238 196329.875000 
35559.558594 6313.666016 2792.634521 9544.952148 141944.062500 
61292.578125 6996.537598 6590.623535 8691.692383 73949.171875 
41619.777344 5528.263672 5651.864746 1520.586182 107432.304688 
70160.156250 6124.035645 7039.883789 5733.782227 34720.917969 
33339.066406 2691.251465 1594.683716 3189.101074 63314.394531 
37633.636719 5652.161133 1286.351196 900.684387 83101.187500 
67901.390625 8865.691406 4124.134277 3723.263916 47289.843750 
