85.465469 92.003319 77.488876 78.677391 94.784821 0.000000 
81.831345 90.363388 88.575104 91.500595 77.240517 0.000000 
91.097275 90.273460 91.848396 87.065521 72.410995 0.000000 
84.900856 94.256294 92.028648 86.885582 85.204796 0.019782 
86.374893 92.127235 83.975632 75.384903 88.446381 0.019782 
88.797768 102.887131 102.163071 101.059311 95.228767 0.000000 
84.565376 84.773590 91.488815 88.314949 85.975334 0.027976 
86.752739 92.960770 90.742188 89.682671 89.502098 0.000000 
86.751930 84.843781 88.818253 96.560066 76.731514 0.000000 
89.840454 97.181953 90.137009 90.448196 91.798988 0.019782 
95.768013 79.731430 87.582977 92.875191 88.185349 0.027976 
84.285545 77.440994 84.078163 75.365219 80.373726 0.019782 
84.614609 76.817535 72.019699 85.401962 72.802055 0.000000 
88.157616 90.170219 97.797318 86.243713 75.163048 0.000000 
92.288696 88.927773 87.600685 85.078575 81.835945 0.027976 
88.585617 100.609184 88.127640 77.142799 76.936119 0.000000 
89.693542 78.445450 81.058426 80.281982 70.906143 0.000000 
87.982811 79.435509 81.693481 81.478928 72.092598 0.027976 
90.709106 82.820496 89.983505 88.290230 86.213852 0.000000 
83.942993 72.924904 68.955887 74.084259 80.209549 0.019782 
