104149.023438 15489.755859 17206.320312 26182.787109 42271.851562 
103379.007812 16300.884766 19743.470703 21935.591797 75767.601562 
105806.007812 17894.662109 17730.837891 13916.916016 89559.312500 
118304.406250 14570.468750 15427.185547 19904.458984 69738.015625 
106673.062500 15850.264648 18480.886719 21891.689453 69515.554688 
123010.859375 12554.905273 13805.428711 11260.362305 54103.253906 
101168.203125 14963.512695 16379.662109 20825.740234 59587.093750 
102384.921875 20338.109375 29889.712891 50091.371094 94261.031250 
117378.609375 18852.988281 19671.033203 22657.585938 83844.289062 
106263.406250 19604.767578 17500.662109 11709.950195 74004.539062 
106544.984375 12061.715820 13603.812500 11623.485352 55863.957031 
124305.781250 18462.521484 18632.441406 17729.644531 64025.964844 
115083.132812 18044.537109 19381.919922 25327.287109 94500.421875 
102917.054688 23702.019531 23894.175781 21968.367188 95337.359375 
110987.109375 19175.851562 25257.544922 34188.214844 109762.250000 
105327.859375 20091.089844 22190.275391 30437.630859 132924.515625 
131155.640625 20683.382812 21446.332031 21828.439453 105719.125000 
99140.804688 15972.001953 11255.195312 17720.929688 35144.171875 
123834.890625 20456.363281 25271.718750 26242.966797 164454.578125 
131099.593750 15972.071289 19923.238281 24615.162109 71234.773438 
