Episode: 1: [[ 0.00069996  0.00069996  0.00069997  0.00069998  0.00069999]
 [ 0.00069996  0.00069996  0.00069997  0.00069998  0.00069999]
 [ 0.00069997  0.00069997  0.00069998  0.00069998  0.00069999]
 [ 0.00069998  0.00069998  0.00069998  0.00069999  0.00069999]
 [ 0.00069999  0.00069999  0.00069999  0.00069999 -0.00069998]] 
Episode: 11: [[ 0.00656022  0.0064421   0.0063414   0.0062469   0.00669336]
 [ 0.00646418  0.00635878  0.00632207  0.00626708  0.00669613]
 [ 0.00646235  0.00642625  0.00641538  0.00637476  0.00673673]
 [ 0.00651249  0.0065054   0.00649969  0.0064833   0.00674821]
 [ 0.00686373  0.00686103  0.00685635  0.0068405  -0.00662037]] 
Episode: 21: [[ 0.00972067  0.00952107  0.00925719  0.00908991  0.00961058]
 [ 0.0098603   0.00967159  0.00950205  0.00941183  0.00983149]
 [ 0.0104144   0.01032599  0.010269    0.01021937  0.01053358]
 [ 0.01083849  0.01081534  0.01079407  0.01076788  0.010742  ]
 [ 0.01230748  0.01229937  0.0122816   0.0122139  -0.01103484]] 
Episode: 31: [[ 0.01713891  0.01689932  0.01659859  0.01645109  0.01659288]
 [ 0.01732537  0.01710376  0.01691309  0.01684931  0.01686416]
 [ 0.01801956  0.01791508  0.01784968  0.01782052  0.01763962]
 [ 0.0185463   0.01851747  0.018493    0.01847651  0.01778725]
 [ 0.01932089  0.01930268  0.019257    0.01907996 -0.01872969]] 
Episode: 41: [[ 0.02629518  0.02602804  0.02573012  0.02564462  0.02566699]
 [ 0.02647403  0.02622495  0.02605231  0.0260513   0.0259369 ]
 [ 0.0271988   0.02708518  0.02704525  0.02706673  0.02668329]
 [ 0.02779882  0.02776832  0.02775738  0.0277567   0.02675943]
 [ 0.02787765  0.02785183  0.02778571  0.02752114 -0.02800571]] 
