Episode: 1: [-0.00029791  0.00068389 -0.00011864  0.00039601 -0.0003252 ] 
Episode: 11: [-0.00522001 -0.00094784 -0.00375792 -0.00233258  0.00021112] 
Episode: 21: [-0.00655504 -0.00547792 -0.00604782 -0.00615743  0.00051862] 
Episode: 31: [-0.00919621 -0.00758751 -0.00748847 -0.00870019  0.00099793] 
Episode: 41: [-0.01103396 -0.00884207 -0.01071383 -0.01017056  0.0005386 ] 
Episode: 51: [-0.01286825 -0.00821562 -0.01093599 -0.01139956 -0.00128767] 
Episode: 61: [-0.01384787 -0.00888619 -0.01045261 -0.01492888 -0.00220108] 
Episode: 71: [-0.01591052 -0.00840385 -0.00929368 -0.0159917  -0.00599348] 
Episode: 81: [-0.01617752 -0.00559599 -0.00720972 -0.0187155  -0.01008619] 
Episode: 91: [-0.01676565 -0.00593062 -0.00812676 -0.01881728 -0.01039446] 
Episode: 101: [-0.01847537 -0.00736802 -0.01103907 -0.01872562 -0.01044226] 
Episode: 111: [-0.02170719 -0.00891374 -0.01080076 -0.01818967 -0.01234755] 
Episode: 121: [-0.02227807 -0.01058737 -0.01109272 -0.01895762 -0.01263869] 
Episode: 131: [-0.02580919 -0.01100764 -0.01155489 -0.01637009 -0.01291322] 
