5318.338867 3479.243896 3799.601074 3311.646729 292572.781250 
7972.245117 4170.358887 3894.026855 3854.416016 350681.843750 
11215.348633 4843.917480 6499.884766 4905.967285 397567.718750 
7726.056152 5155.740234 4479.838379 5487.864746 276519.156250 
13937.975586 4307.960449 3083.898926 2917.644531 223814.921875 
10566.089844 3492.525879 2082.586426 2090.380859 220375.125000 
11526.076172 4849.429688 3007.543701 2093.277832 187895.312500 
6705.923340 4333.367188 3310.119141 2664.985352 168859.671875 
5924.046387 3968.825439 3069.965332 2905.344238 323902.281250 
10167.622070 4049.709229 3623.666260 3057.788574 298041.343750 
9799.148438 3483.811768 3490.104980 3492.744385 241627.265625 
6527.014160 3124.137695 2580.343506 3436.339600 300991.468750 
8722.111328 2632.856445 2384.270996 2447.493408 208618.296875 
13387.809570 8380.638672 3571.762695 3441.882324 218561.218750 
7792.636230 4038.780273 4344.783203 4798.534180 339780.250000 
6431.841309 3710.656006 2635.502197 2644.217041 192406.671875 
10344.049805 5371.312500 5425.335449 5921.561523 241105.546875 
5994.102051 5390.824219 3590.098145 3279.930176 277414.781250 
9777.467773 3221.776611 2499.882568 2122.888916 221394.921875 
6309.520020 3362.101074 3710.263184 3555.314453 351367.687500 
