94.694138 60.445492 66.188545 73.197517 75.634109 0.000000 
95.144211 52.495071 63.397213 71.953003 75.743011 0.000000 
85.045975 66.730568 75.138870 79.189552 85.098259 0.034264 
91.377983 83.109314 90.818115 94.386169 95.762695 0.000000 
89.846130 111.170250 111.271873 110.467545 106.956566 0.000000 
88.193909 70.341347 79.946144 87.426216 91.028427 0.000000 
90.700371 106.246162 105.015701 103.329124 97.047569 0.000000 
87.547073 105.202995 105.535927 105.463577 100.392754 0.000000 
95.304619 114.466393 113.035812 110.535027 104.293556 0.000000 
90.772423 94.956001 97.388336 96.547905 93.798271 0.000000 
87.910431 86.475555 89.026047 91.519249 94.143982 0.019782 
91.550217 65.365524 75.577934 78.457413 80.160912 0.000000 
94.739830 93.499786 96.158424 96.925285 98.246895 0.019782 
93.108116 130.475952 121.918968 111.989250 105.476669 0.019782 
88.049805 85.034721 89.776093 92.986107 93.952362 0.027976 
83.639076 87.135597 88.513931 88.718201 85.174370 0.039565 
96.050117 61.894405 68.522758 74.097786 74.825516 0.000000 
93.509819 58.274269 66.577332 69.601273 72.005302 0.027976 
94.559151 67.965263 76.042908 82.135612 84.150482 0.000000 
92.279564 87.746468 90.410973 92.547234 88.949959 0.000000 
