3.618134 
1.740265 
1.202219 
1.548660 
1.063025 
2.065786 
1.635250 
0.835468 
3.282962 
1.233112 
2.933844 
2.656405 
0.709346 
0.794139 
1.422349 
1.658503 
4.787635 
1.298125 
1.449774 
1.321908 
1.307174 
0.763995 
0.509022 
0.666877 
0.749237 
0.648380 
0.577947 
0.675553 
0.987349 
0.758105 
0.374420 
2.550972 
1.025402 
1.108918 
2.387510 
1.435421 
0.698378 
1.816137 
1.275062 
3.081180 
1.666609 
1.787535 
1.869285 
2.406029 
1.790910 
1.688206 
1.531101 
1.698444 
1.663091 
1.741763 
1.693268 
1.652718 
1.730865 
1.810722 
1.637182 
1.844470 
2.391567 
1.263577 
1.583744 
1.415612 
1.478657 
1.727731 
4.054379 
1.954878 
1.419521 
2.238242 
1.142007 
0.855429 
1.473205 
3.805732 
0.912100 
1.977347 
0.759114 
0.773319 
0.816657 
0.437298 
1.019308 
0.642502 
0.478276 
0.810423 
0.664563 
0.253893 
1.436124 
0.590473 
0.718797 
0.476627 
3.824330 
0.730095 
0.809883 
0.722211 
0.607999 
1.636248 
0.876711 
0.717553 
0.235580 
0.495492 
0.821277 
1.572953 
1.204474 
0.245086 
1.095640 
0.648714 
0.810341 
0.718950 
0.934148 
0.503247 
0.840760 
0.362411 
0.867048 
0.643414 
0.448497 
0.525748 
0.729342 
0.512803 
0.228337 
0.723265 
0.637142 
0.555893 
0.502828 
0.550267 
0.469913 
0.623119 
1.099971 
0.314902 
0.765978 
4.013028 
0.436985 
0.464364 
1.475768 
0.497768 
0.679713 
1.508205 
0.641242 
0.275628 
0.735148 
0.516616 
0.968973 
1.567689 
1.632602 
0.949115 
0.701630 
0.173488 
0.563262 
0.964691 
0.733398 
0.753959 
0.743959 
1.515697 
0.479107 
0.530016 
0.453166 
1.564165 
0.611372 
0.766966 
0.300303 
0.766150 
1.566326 
0.704012 
1.210420 
0.685804 
0.713773 
0.635535 
0.405397 
0.458671 
0.471226 
0.529143 
0.465630 
0.986704 
0.633670 
1.377953 
0.486294 
0.745359 
1.367312 
0.736315 
1.676385 
1.715603 
0.524801 
1.342645 
0.923961 
1.850183 
0.582835 
0.684997 
2.174517 
0.679874 
0.859352 
1.102331 
1.843113 
1.188843 
1.501589 
0.439286 
0.860298 
1.210221 
0.915056 
0.671413 
0.437918 
0.669803 
0.849964 
0.465023 
0.669928 
0.205532 
1.561050 
2.184637 
0.821985 
2.791079 
0.554671 
0.634289 
2.342315 
0.450008 
0.918567 
0.504046 
0.709642 
1.488808 
0.425003 
1.146698 
1.773648 
0.409789 
0.704081 
1.014252 
0.690355 
0.290888 
0.652058 
0.400959 
0.547030 
0.796453 
0.650494 
2.724049 
0.723701 
0.989176 
2.369628 
0.492291 
0.646579 
0.630073 
0.475262 
0.479049 
0.694909 
0.474052 
0.344002 
1.566238 
0.801909 
0.685639 
0.886064 
1.199510 
0.610477 
0.655474 
0.345952 
0.456049 
0.696714 
0.636360 
0.779782 
0.577142 
0.469116 
2.224480 
0.352857 
0.809904 
0.505861 
0.489106 
0.566947 
0.197926 
0.903397 
0.357391 
1.973763 
0.928837 
0.424694 
0.238852 
1.033130 
1.806111 
0.477110 
1.991476 
0.530393 
0.981130 
0.836077 
0.818094 
0.352444 
0.679637 
0.231811 
0.290167 
0.476382 
0.302264 
0.540670 
1.082181 
0.594106 
0.747912 
0.374863 
0.986974 
0.440082 
0.489462 
1.408929 
0.585347 
0.492107 
1.800764 
0.312222 
0.600873 
0.645785 
0.524745 
0.466805 
0.568009 
0.676439 
0.514705 
0.640671 
1.130691 
0.616225 
0.834180 
0.603449 
0.798618 
0.866803 
0.271253 
1.025340 
1.855571 
1.694140 
0.651546 
0.194378 
1.340465 
2.035187 
0.495049 
1.157517 
0.585032 
0.890250 
0.586102 
0.438281 
0.666057 
2.086354 
0.503259 
2.212817 
2.225187 
0.388847 
0.934889 
0.520531 
0.612004 
1.729729 
0.796516 
0.837294 
1.278392 
1.125665 
0.989698 
0.685038 
0.428724 
2.011362 
0.496657 
0.797992 
0.447459 
0.687548 
0.594713 
0.611756 
0.751124 
1.652586 
0.539136 
1.278629 
0.356697 
0.631721 
0.449327 
2.962916 
0.933225 
0.543372 
1.757839 
0.374667 
1.519078 
0.417845 
0.405348 
0.841673 
0.888298 
0.667621 
0.340130 
0.668620 
0.861898 
2.803154 
0.855218 
0.738970 
1.651916 
0.580668 
0.824800 
0.781124 
0.339121 
0.470157 
2.846768 
0.263336 
0.309449 
1.273528 
0.965840 
0.846871 
0.639009 
0.790028 
1.429134 
0.598193 
0.258509 
0.873563 
0.947448 
0.387898 
0.654915 
1.880379 
0.795697 
3.242647 
0.633142 
1.159919 
0.548275 
0.312367 
0.687817 
0.724179 
1.214261 
0.302378 
0.828811 
0.519515 
0.454547 
0.802267 
0.353235 
3.364702 
2.180250 
2.215996 
0.320055 
0.588738 
1.939529 
0.430475 
2.339963 
0.918744 
0.115597 
0.594784 
0.509838 
0.474127 
0.465119 
0.677462 
0.295817 
0.947337 
0.414621 
2.605156 
0.675506 
2.335196 
0.535761 
0.322686 
0.646620 
0.395032 
1.546358 
0.280549 
0.515065 
0.874893 
0.556196 
0.703546 
1.702995 
1.006394 
1.257021 
0.419216 
0.890408 
0.485348 
0.333289 
0.586155 
0.352192 
0.802730 
1.820484 
0.811197 
0.460809 
0.638356 
0.479127 
3.089385 
0.668406 
0.806312 
2.203131 
0.534516 
0.587987 
0.406106 
1.387218 
0.662265 
0.811960 
0.081437 
1.850150 
0.372276 
1.530821 
0.772859 
1.481494 
0.649022 
1.894528 
0.374985 
0.619289 
1.160925 
0.398599 
0.461774 
0.460475 
0.516134 
0.636383 
0.689927 
1.434436 
0.578251 
0.557076 
0.625106 
0.428651 
2.015608 
0.496868 
0.336115 
0.899422 
0.214342 
0.355294 
0.545594 
0.270450 
0.391910 
0.762005 
1.379519 
0.642548 
0.349995 
0.998243 
0.519244 
1.073845 
0.769996 
0.731325 
0.927113 
0.846909 
0.663671 
0.590584 
0.853227 
1.690911 
0.353683 
0.400242 
0.331445 
0.584996 
0.833485 
0.797455 
0.850828 
1.523711 
0.711213 
0.550938 
1.208123 
0.295748 
2.058853 
0.706319 
0.489456 
0.318783 
0.350614 
0.444514 
0.324929 
0.818720 
0.508987 
1.029818 
0.813644 
0.599108 
0.670134 
0.948742 
0.768363 
0.568589 
0.415779 
2.820607 
0.600098 
0.817186 
0.721480 
0.447401 
0.535170 
0.465778 
0.400096 
0.450741 
0.868093 
1.354999 
0.641531 
0.456153 
0.511114 
0.604599 
0.881450 
1.447416 
1.108606 
0.632798 
0.418943 
1.089824 
2.887603 
0.649586 
0.758451 
2.653260 
0.435294 
0.697927 
1.514713 
0.883811 
0.544955 
0.734451 
1.797956 
0.444715 
0.331285 
2.949202 
0.360802 
0.473967 
0.516138 
0.345794 
1.703545 
0.603078 
0.803980 
0.675181 
0.556830 
0.354316 
0.809730 
0.832335 
0.761847 
0.339222 
0.383860 
0.481541 
0.171540 
1.008860 
0.415960 
0.799643 
0.922409 
0.472904 
0.639681 
0.580222 
0.288172 
0.324791 
0.330816 
0.700257 
0.648031 
0.873368 
1.318482 
1.882839 
0.607815 
0.497277 
0.642616 
0.425033 
0.481269 
0.694578 
0.309046 
0.572350 
0.528039 
0.868523 
0.459658 
1.279415 
1.761779 
0.541992 
0.754926 
2.604587 
1.272491 
0.288904 
2.008456 
0.476286 
0.523198 
0.447488 
0.244440 
0.615650 
0.456758 
0.643901 
0.926052 
1.661869 
0.455169 
0.854149 
0.483575 
0.373467 
0.446236 
2.117136 
1.306803 
0.633220 
0.877548 
0.648937 
0.396426 
0.860792 
1.151126 
0.155161 
1.205474 
1.191286 
0.905270 
1.437628 
0.552240 
0.504345 
0.585570 
0.695863 
0.449300 
0.628721 
1.298810 
0.480268 
0.437675 
0.672314 
0.980181 
1.139313 
0.528556 
0.405888 
0.712289 
0.756100 
1.844163 
0.465949 
0.420429 
0.432479 
0.440767 
0.220055 
0.434685 
0.282903 
0.500691 
0.331822 
0.283372 
0.556217 
0.376646 
0.541614 
1.961114 
0.300921 
0.795103 
0.266155 
0.473544 
0.441772 
0.557845 
0.861622 
0.622771 
0.236928 
1.132425 
0.703401 
0.531905 
0.858864 
0.437595 
1.968402 
0.073042 
0.872101 
2.082774 
1.181837 
0.381722 
0.540915 
0.416786 
0.460309 
0.402019 
0.810281 
0.375690 
0.752630 
0.778174 
0.255976 
0.505709 
1.033929 
0.456249 
0.595415 
1.924128 
0.720031 
0.772345 
0.866467 
0.578669 
0.691827 
0.566988 
0.403719 
0.831164 
0.514063 
1.590272 
0.224289 
0.238403 
0.883739 
0.681525 
2.199946 
0.308651 
0.814109 
1.103908 
0.483660 
0.618938 
0.511028 
0.781627 
0.588947 
1.498384 
0.577162 
0.597623 
0.485641 
1.326461 
1.463347 
0.497343 
1.519955 
0.748786 
0.541216 
0.738588 
0.718396 
0.377356 
0.828552 
1.446888 
2.150781 
2.575435 
0.366212 
2.329166 
0.308598 
0.734745 
1.020398 
0.692469 
0.416247 
0.918347 
0.571212 
0.542613 
0.549988 
0.788206 
0.515894 
0.542983 
0.811053 
0.829116 
0.325883 
1.457620 
0.564214 
0.602751 
0.644100 
0.696326 
0.963631 
2.372062 
0.357227 
0.819229 
0.588162 
0.497571 
2.289842 
1.382604 
0.660631 
0.648469 
0.643120 
2.946026 
1.170704 
0.288632 
0.311604 
0.705223 
1.836385 
0.771612 
0.288917 
0.720420 
0.465945 
0.578303 
0.447214 
0.626855 
0.562508 
0.610588 
0.628330 
3.023668 
0.663330 
0.798845 
0.635175 
0.832372 
0.651131 
0.844119 
0.337236 
0.527989 
0.667010 
0.500926 
0.590157 
2.303522 
0.465527 
0.705166 
0.356860 
0.892815 
0.786725 
0.581549 
0.582192 
1.019781 
0.295550 
0.544033 
1.075204 
0.764018 
0.622211 
0.804341 
1.112083 
0.495222 
0.475986 
0.209493 
0.446710 
0.380812 
0.693471 
0.682633 
0.605130 
0.791991 
1.352474 
0.388248 
0.439636 
0.590040 
0.731824 
0.557476 
0.595948 
1.568877 
0.595840 
1.165614 
1.155096 
0.773207 
0.782491 
0.758768 
1.005367 
0.469093 
0.480070 
0.609405 
0.401382 
0.698958 
0.747525 
0.456782 
0.723740 
0.464326 
0.691259 
0.662663 
0.856804 
0.534123 
0.651506 
0.645613 
0.536008 
0.249900 
0.316113 
0.418015 
0.504006 
0.358039 
0.864352 
0.419924 
0.768856 
0.358306 
0.727845 
0.728677 
0.358269 
0.236765 
0.619896 
0.637885 
1.597341 
0.918781 
0.626166 
0.769416 
0.607950 
0.153224 
0.178365 
0.329754 
0.374962 
0.377234 
0.466579 
0.936835 
0.744843 
0.716146 
0.399682 
0.620827 
0.551702 
0.460270 
0.197378 
0.355228 
0.611115 
0.788643 
1.257339 
0.628401 
0.368133 
0.447636 
0.198851 
0.376591 
0.886624 
0.463190 
0.973858 
0.629017 
0.374068 
0.588642 
0.709594 
2.468542 
0.884556 
0.352256 
0.584346 
0.350598 
0.845324 
0.516366 
2.730435 
0.493822 
0.396568 
0.348271 
0.402164 
0.353723 
0.356522 
0.613754 
0.233722 
0.422586 
0.546703 
0.338406 
0.592142 
0.490914 
0.636765 
0.577027 
0.368004 
2.272326 
1.320451 
0.307150 
0.674570 
0.430821 
0.403926 
0.231210 
0.489107 
1.355370 
0.490696 
0.571850 
0.579378 
0.657166 
0.452035 
0.280084 
0.570414 
0.760857 
0.446052 
0.600623 
0.495980 
0.258077 
1.951007 
0.677397 
0.417122 
0.765812 
0.630599 
1.096955 
0.518656 
0.566971 
0.762570 
0.663997 
0.558601 
0.677867 
0.548223 
0.717443 
0.717642 
0.500513 
1.185056 
0.510032 
0.675679 
0.603133 
0.488982 
1.311014 
0.641548 
0.623058 
0.358409 
0.491847 
0.518234 
0.313502 
0.525274 
0.580645 
0.844943 
1.863358 
0.994482 
0.808442 
0.513214 
1.174423 
0.468780 
0.736566 
0.457820 
0.617009 
0.593178 
0.820147 
0.884343 
0.784976 
0.362796 
0.530228 
0.436221 
0.433039 
0.662759 
1.291928 
0.607450 
0.562245 
0.313453 
0.594183 
0.976990 
0.940665 
0.554827 
0.532915 
0.524799 
0.809284 
0.890412 
1.414876 
0.428067 
1.179465 
0.448272 
0.341640 
0.275892 
0.387488 
0.798409 
0.762219 
2.258713 
1.378463 
2.054688 
0.405769 
0.464070 
0.660214 
0.533384 
0.595027 
2.297205 
0.366375 
0.545928 
0.906751 
0.980116 
1.047276 
0.570580 
0.369770 
0.415968 
0.358528 
1.261619 
0.514160 
0.440987 
0.492063 
0.357279 
0.911382 
0.621567 
0.678681 
1.832965 
0.448140 
0.381522 
0.579871 
0.414448 
0.228315 
1.919610 
0.949429 
0.619044 
0.670154 
1.834235 
0.466514 
1.887167 
0.724845 
0.430018 
0.597171 
0.288199 
0.442732 
0.191436 
0.459960 
0.738927 
0.431235 
1.026287 
0.544517 
0.350875 
0.635535 
0.207521 
0.961614 
1.057367 
0.592266 
0.437517 
0.369811 
0.607670 
0.688423 
0.670132 
0.195312 
1.633484 
0.366719 
1.646954 
0.336424 
0.425641 
0.478359 
0.867779 
0.418380 
0.299022 
0.699477 
0.517818 
0.521367 
0.510709 
0.433983 
0.710414 
2.172719 
0.760002 
0.664996 
2.360232 
0.439647 
0.538566 
0.359285 
0.776088 
0.884610 
0.433847 
0.393447 
0.290787 
0.200377 
0.831343 
1.031639 
0.543436 
0.725775 
0.609112 
0.564065 
2.081160 
0.420498 
0.526506 
0.337864 
0.762992 
1.468089 
0.363939 
0.364852 
0.530327 
0.651063 
1.125718 
0.348177 
0.307261 
0.269796 
0.423651 
0.770382 
0.384036 
0.599779 
0.644637 
0.371754 
0.439272 
1.762286 
0.722284 
0.363570 
0.486298 
0.580347 
0.606817 
1.335883 
0.658652 
0.397601 
0.664298 
0.903745 
0.681839 
0.754001 
0.197488 
0.758847 
1.678008 
0.986580 
0.517757 
0.825478 
0.494281 
0.615786 
0.856591 
0.540864 
2.447465 
0.486007 
1.051068 
1.746824 
0.438431 
0.733716 
1.718230 
0.546674 
0.516511 
0.381596 
0.325731 
0.604490 
0.650864 
0.538422 
0.700310 
0.791525 
0.630170 
0.775314 
0.440322 
0.641722 
0.448957 
0.767417 
0.787643 
0.455215 
1.206431 
