85.020065 32.882565 37.839447 35.627499 29.756033 34.362892 34.139404 41.500553 35.113064 26.382339 0.000000 
79.998619 62.054344 67.899498 75.780884 69.996307 54.549095 46.789299 49.441650 45.548916 27.743423 0.000000 
91.714828 36.977253 35.645126 33.762089 34.757870 29.338577 20.304775 26.289673 29.056364 30.572100 0.000000 
68.565781 24.718763 25.834749 20.891623 26.769997 18.003706 19.300882 29.050941 27.952501 29.824488 0.019782 
69.321259 31.881945 25.152964 23.418409 26.480768 28.876595 27.904238 36.592384 41.650913 41.332253 0.019782 
84.263206 30.354210 35.404232 31.413691 28.255873 26.516075 37.561584 36.033882 32.915943 18.805172 0.000000 
74.666130 17.759274 27.987305 25.578447 32.803127 24.607550 26.025959 16.605268 24.018232 27.440338 0.034264 
75.712341 41.756012 34.278435 32.125732 25.745304 20.226875 22.486641 25.972904 35.318661 37.801079 0.000000 
87.055351 29.653118 25.620392 25.397964 21.793610 21.524105 21.992117 27.574385 28.290506 28.094421 0.000000 
89.763542 46.097664 41.403961 39.282303 32.999283 35.783314 29.462837 37.933262 37.703632 25.205870 0.027976 
79.155716 39.007156 37.276531 35.552906 46.722664 41.322872 38.191357 33.629219 33.481750 59.354412 0.000000 
78.037628 34.230225 29.257301 36.429329 30.043850 35.636009 21.325377 26.795422 28.891537 31.734222 0.019782 
81.712997 45.887848 37.727402 36.277897 31.998732 36.638599 29.683945 18.609272 23.508015 23.307953 0.027976 
74.724709 43.136326 41.256550 38.891708 35.513851 34.081970 39.194138 29.194273 43.860458 25.827780 0.000000 
82.930527 44.999474 42.134579 42.443520 40.148247 43.872192 46.905418 40.124237 34.123180 23.769650 0.019782 
84.250168 26.628006 28.990746 25.832008 23.846518 25.832954 25.953465 23.678207 27.166969 36.430817 0.000000 
75.265770 28.149677 25.269073 25.869841 27.741005 24.515491 27.082853 24.204489 28.529146 18.955088 0.027976 
84.501648 48.385490 50.605995 36.832676 33.906780 26.329145 30.075401 28.058323 22.810362 31.098713 0.027976 
82.059776 49.149574 45.387188 45.794559 41.712799 43.608070 34.683926 42.708801 27.123787 28.533943 0.019782 
84.912338 41.983696 46.253635 32.828762 45.714573 42.281494 37.104027 33.401432 27.698368 33.384098 0.000000 
