526125.125000 251891.500000 647471.000000 1054086.000000 80460.140625 
365090.250000 110093.804688 261006.890625 504312.718750 43016.328125 
305827.218750 158738.828125 229062.000000 1224829.875000 108236.203125 
412308.750000 138562.968750 356046.375000 455009.531250 61043.816406 
350781.031250 44769.468750 38628.695312 13747.553711 6523.214355 
257850.328125 88433.398438 49290.875000 58181.250000 14955.652344 
282049.218750 111468.601562 558735.562500 930459.125000 125633.492188 
368453.437500 42314.351562 48912.886719 68019.671875 13663.951172 
817308.062500 630235.062500 3289110.000000 26269018.000000 709051.500000 
369839.468750 155411.937500 548684.000000 726408.312500 74150.609375 
718454.187500 142803.125000 472491.593750 626038.125000 70484.445312 
363584.281250 57742.359375 136329.578125 134272.500000 19189.242188 
226133.078125 44241.687500 57584.226562 17220.730469 10467.522461 
249021.921875 28389.431641 59023.515625 99892.687500 18271.580078 
285192.781250 154334.078125 68044.890625 40693.648438 15201.210938 
275167.687500 164284.140625 243106.046875 317345.187500 46567.738281 
362641.906250 95527.625000 73174.445312 88686.304688 28402.021484 
526666.625000 186012.437500 180658.328125 547507.750000 55606.347656 
254519.484375 55495.046875 38074.410156 30310.775391 11111.412109 
319342.062500 54598.664062 133972.703125 190324.656250 29011.541016 
