Episode: 1: [[0.13633202 0.19593503 0.21160403 0.23077969 0.19523153]] 
Episode: 2: [[0.13683201 0.19643502 0.21210402 0.2302797  0.19473153]] 
Episode: 3: [[0.13670586 0.19624032 0.21233499 0.23052141 0.19465965]] 
Episode: 4: [[0.13660914 0.1960385  0.21253242 0.2307641  0.19458373]] 
Episode: 5: [[0.13687728 0.19628003 0.21285506 0.23052505 0.19428694]] 
Episode: 6: [[0.13711415 0.19651008 0.21323878 0.23029076 0.19397958]] 
Episode: 7: [[0.13726924 0.1967074  0.2135903  0.23011008 0.19371349]] 
Episode: 8: [[0.13741578 0.19688831 0.21388918 0.2299392  0.19348429]] 
Episode: 9: [[0.13768227 0.19717959 0.21381603 0.22965655 0.19326103]] 
Episode: 10: [[0.13779716 0.19736947 0.21382938 0.22945616 0.19316863]] 
Episode: 11: [[0.13769996 0.1973545  0.21367384 0.22944938 0.19333015]] 
Episode: 12: [[0.1376305  0.19735515 0.21357298 0.22942223 0.19344808]] 
Episode: 13: [[0.13743906 0.19722976 0.21346205 0.2295209  0.19365548]] 
Episode: 14: [[0.13728486 0.19713849 0.21335647 0.22958079 0.19383883]] 
Episode: 15: [[0.13709354 0.19700366 0.21316755 0.22964738 0.19411547]] 
Episode: 16: [[0.13690938 0.19688104 0.21301457 0.22971217 0.1943629 ]] 
Episode: 17: [[0.13672043 0.19675101 0.21286768 0.22979002 0.1946089 ]] 
Episode: 18: [[0.1365668  0.19664702 0.21273215 0.22984369 0.19482192]] 
Episode: 19: [[0.13643411 0.1965621  0.21261764 0.22988501 0.19500333]] 
Episode: 20: [[0.13626923 0.19644281 0.21247333 0.22996807 0.19521779]] 
Episode: 21: [[0.13612282 0.19633827 0.21234779 0.23003724 0.19541034]] 
Episode: 22: [[0.13598508 0.1962182  0.21216398 0.23014851 0.19559279]] 
Episode: 23: [[0.13588397 0.1961198  0.21197604 0.23025733 0.19572504]] 
Episode: 24: [[0.13580564 0.19604345 0.21182206 0.23034234 0.19582748]] 
Episode: 25: [[0.13571997 0.19595502 0.21161562 0.23044072 0.19596183]] 
Episode: 26: [[0.1356388  0.19587177 0.21144007 0.23053412 0.19607963]] 
Episode: 27: [[0.13557382 0.19580723 0.21129277 0.23060443 0.19617817]] 
Episode: 28: [[0.13552043 0.1957626  0.21115981 0.23065032 0.19626796]] 
Episode: 29: [[0.13546476 0.19571531 0.21103759 0.23070054 0.19635373]] 
Episode: 30: [[0.13543288 0.19569387 0.21096346 0.23071381 0.19641283]] 
Episode: 31: [[0.13543831 0.19571193 0.21088934 0.23067963 0.19645362]] 
Episode: 32: [[0.1354519  0.19573615 0.2108128  0.23062643 0.19650586]] 
Episode: 33: [[0.13548493 0.19577588 0.21076013 0.23056109 0.19652796]] 
Episode: 34: [[0.13552311 0.19582488 0.21071787 0.23048873 0.19653943]] 
Episode: 35: [[0.1355653  0.19587903 0.2106827  0.2304126  0.1965435 ]] 
Episode: 36: [[0.13558666 0.19589101 0.2104826  0.23038296 0.19665025]] 
Episode: 37: [[0.13557678 0.19588897 0.2103011  0.23033729 0.19680387]] 
Episode: 38: [[0.13555776 0.1958804  0.21013315 0.23029827 0.1969573 ]] 
Episode: 39: [[0.13556322 0.19590431 0.20995235 0.2302327  0.1970946 ]] 
Episode: 40: [[0.1355704  0.19593574 0.20981877 0.2301711  0.19719297]] 
Episode: 41: [[0.13556202 0.19595452 0.20968008 0.23012137 0.19730659]] 
Episode: 42: [[0.135533   0.19594263 0.20953149 0.23007847 0.19746518]] 
Episode: 43: [[0.13545756 0.19590099 0.20944743 0.23005986 0.19763157]] 
Episode: 44: [[0.13534662 0.19583058 0.20935108 0.23008178 0.19781776]] 
Episode: 45: [[0.13522592 0.19576596 0.2093104  0.2301127  0.19796607]] 
Episode: 46: [[0.13510995 0.19569005 0.20926718 0.2301612  0.19810452]] 
Episode: 47: [[0.1350033  0.19562122 0.20923428 0.23019592 0.19823824]] 
Episode: 48: [[0.13492541 0.19557528 0.20921962 0.23020564 0.19834355]] 
Episode: 49: [[0.1348497  0.19552499 0.20918661 0.23022342 0.19845265]] 
Episode: 50: [[0.13475008 0.19545235 0.20918755 0.23027481 0.1985487 ]] 
Episode: 51: [[0.13448371 0.19524178 0.2090157  0.23046134 0.19878587]] 
Episode: 52: [[0.13424255 0.19505675 0.20886955 0.23062378 0.1989963 ]] 
Episode: 53: [[0.13403244 0.19490144 0.20874189 0.2307605  0.19917566]] 
Episode: 54: [[0.13383612 0.19475436 0.20860659 0.23089328 0.1993506 ]] 
Episode: 55: [[0.1336412  0.19460075 0.20845214 0.23103712 0.19953607]] 
Episode: 56: [[0.13348599 0.19448248 0.20831695 0.23114163 0.19969004]] 
Episode: 57: [[0.13335401 0.19438636 0.20820741 0.23122303 0.19981813]] 
Episode: 58: [[0.13324004 0.19429588 0.20814432 0.23129348 0.19991678]] 
Episode: 59: [[0.13314024 0.19421999 0.20808367 0.23137821 0.19997524]] 
Episode: 60: [[0.13304955 0.19414632 0.20803392 0.23145743 0.20002794]] 
Episode: 61: [[0.13296607 0.19406922 0.20797604 0.23153646 0.20008662]] 
Episode: 62: [[0.13293436 0.19404165 0.20786473 0.23154719 0.20015931]] 
Episode: 63: [[0.13300176 0.19411066 0.20781349 0.23148656 0.20009732]] 
Episode: 64: [[0.1330412  0.19415157 0.20777358 0.23145555 0.20005181]] 
Episode: 65: [[0.13308907 0.19421498 0.20764878 0.2314321  0.20001718]] 
Episode: 66: [[0.13313563 0.19427961 0.20751713 0.2314017  0.19999585]] 
Episode: 67: [[0.13318235 0.19433524 0.2073984  0.23137112 0.19997878]] 
Episode: 68: [[0.1331528  0.19430652 0.20709956 0.23141868 0.20012325]] 
Episode: 69: [[0.13312452 0.19427332 0.20683827 0.23146586 0.20025262]] 
Episode: 70: [[0.13309173 0.19423376 0.20660292 0.23151581 0.20037639]] 
Episode: 71: [[0.13307597 0.19421351 0.20640142 0.23154056 0.20047654]] 
Episode: 72: [[0.13305856 0.19418094 0.20619805 0.23158574 0.20057274]] 
Episode: 73: [[0.1330919  0.19421114 0.20602302 0.23157765 0.20060794]] 
Episode: 74: [[0.13316141 0.1942741  0.2058878  0.23152669 0.20060565]] 
Episode: 75: [[0.13323438 0.19434491 0.20576748 0.23146369 0.20059827]] 
Episode: 76: [[0.13331653 0.19443177 0.20567675 0.23138753 0.200566  ]] 
Episode: 77: [[0.13346589 0.19458728 0.20559676 0.23123847 0.20048355]] 
Episode: 78: [[0.13366845 0.19476956 0.20556927 0.23108687 0.2003098 ]] 
Episode: 79: [[0.13385397 0.19493692 0.20553261 0.23094274 0.20016213]] 
Episode: 80: [[0.13401684 0.19508752 0.20550917 0.23081172 0.20002823]] 
Episode: 81: [[0.13415219 0.1952257  0.20546015 0.23071286 0.19991052]] 
Episode: 82: [[0.1342381  0.19531095 0.2053677  0.23067266 0.19984825]] 
Episode: 83: [[0.13428216 0.19534513 0.2052275  0.23068115 0.19984606]] 
Episode: 84: [[0.13427596 0.19531615 0.20507546 0.23073952 0.19989945]] 
Episode: 85: [[0.13426277 0.1952848  0.20493393 0.23080172 0.19995125]] 
Episode: 86: [[0.1342603  0.19527243 0.2047938  0.23086645 0.19997406]] 
Episode: 87: [[0.13426776 0.19527173 0.20466216 0.23091617 0.19998887]] 
Episode: 88: [[0.13411221 0.19511956 0.20444433 0.231118   0.20014915]] 
Episode: 89: [[0.13395461 0.19496407 0.20419374 0.23130609 0.20034741]] 
Episode: 90: [[0.13378808 0.19479924 0.20396325 0.23149934 0.20054692]] 
Episode: 91: [[0.13365991 0.19467416 0.20376575 0.23164794 0.20070754]] 
Episode: 92: [[0.13354379 0.19455938 0.20359252 0.23176962 0.20086418]] 
Episode: 93: [[0.13346036 0.19447778 0.20344509 0.23186854 0.20097435]] 
Episode: 94: [[0.13339105 0.1944212  0.20335622 0.23194352 0.2010433 ]] 
Episode: 95: [[0.13336106 0.19440763 0.2032804  0.23197696 0.20107688]] 
Episode: 96: [[0.13334976 0.19442376 0.20323141 0.2319681  0.2010965 ]] 
Episode: 97: [[0.13332976 0.19442153 0.20318733 0.23198834 0.2011094 ]] 
Episode: 98: [[0.1332328  0.19435164 0.20320454 0.23209201 0.20112902]] 
Episode: 99: [[0.13318259 0.19433042 0.20325232 0.23213995 0.20110655]] 
Episode: 100: [[0.13315089 0.1943273  0.2033205  0.23216452 0.20106569]] 
Episode: 101: [[0.13312177 0.19432776 0.20340057 0.2321771  0.2010256 ]] 
Episode: 102: [[0.13314869 0.19440493 0.20355384 0.23209631 0.20092435]] 
Episode: 103: [[0.13314338 0.1944505  0.20367238 0.23205075 0.2008617 ]] 
Episode: 104: [[0.13320893 0.19457579 0.2038648  0.23190835 0.20072807]] 
Episode: 105: [[0.1331093  0.19453442 0.20380455 0.23194057 0.2007729 ]] 
Episode: 106: [[0.13302307 0.19449927 0.20374916 0.23196591 0.20081276]] 
Episode: 107: [[0.13295998 0.19448484 0.20370814 0.2319716  0.20083332]] 
Episode: 108: [[0.13289112 0.19445683 0.20366302 0.23199412 0.200862  ]] 
Episode: 109: [[0.13284473 0.19443053 0.20363337 0.23200493 0.20088026]] 
Episode: 110: [[0.13279848 0.19440116 0.2036067  0.2320207  0.20089912]] 
Episode: 111: [[0.13266511 0.19427532 0.20348917 0.23212154 0.20104474]] 
Episode: 112: [[0.13247736 0.19411115 0.20337442 0.23224252 0.20124868]] 
Episode: 113: [[0.13235864 0.19402681 0.20329839 0.2322876  0.20138359]] 
Episode: 114: [[0.13226554 0.19396155 0.20324948 0.2323083  0.20149359]] 
Episode: 115: [[0.13210723 0.19383296 0.20315064 0.23239823 0.20167278]] 
Episode: 116: [[0.1319602  0.19370565 0.20307447 0.23249525 0.20182493]] 
Episode: 117: [[0.13184723 0.1936096  0.20301552 0.23253183 0.2019754 ]] 
Episode: 118: [[0.13170505 0.19341682 0.20294355 0.23264137 0.20217603]] 
Episode: 119: [[0.1315289  0.19319448 0.20286399 0.23276387 0.20242232]] 
Episode: 120: [[0.13141462 0.19301762 0.20274842 0.23286292 0.20262511]] 
Episode: 121: [[0.13129011 0.19284308 0.20264368 0.23296198 0.20282865]] 
Episode: 122: [[0.1311958  0.19270551 0.20257337 0.23304038 0.20297745]] 
Episode: 123: [[0.13113046 0.19260216 0.20253782 0.23308454 0.20308855]] 
Episode: 124: [[0.131082   0.19252704 0.20251058 0.23311414 0.20317139]] 
Episode: 125: [[0.13104163 0.1924609  0.20249197 0.23313814 0.20324148]] 
Episode: 126: [[0.13098274 0.19240028 0.20246133 0.23316225 0.20332734]] 
Episode: 127: [[0.130885   0.19229536 0.20237361 0.23324278 0.20345956]] 
Episode: 128: [[0.13074856 0.19214977 0.20226392 0.2333714  0.20362341]] 
Episode: 129: [[0.13061675 0.19200696 0.20215322 0.23350108 0.20378134]] 
Episode: 130: [[0.1304751  0.1918842  0.20209168 0.23361869 0.20391321]] 
Episode: 131: [[0.13039279 0.19179381 0.2020262  0.23371226 0.2039974 ]] 
Episode: 132: [[0.13032547 0.1917174  0.20197695 0.23378778 0.20406686]] 
Episode: 133: [[0.13027659 0.19167954 0.20195517 0.23382689 0.20410782]] 
Episode: 134: [[0.13026068 0.19168797 0.20199966 0.23381129 0.20409909]] 
Episode: 135: [[0.13022679 0.19167078 0.2020573  0.23383072 0.20408587]] 
Episode: 136: [[0.13026701 0.1917205  0.20214649 0.23378757 0.20400047]] 
Episode: 137: [[0.13031368 0.19177777 0.20225434 0.233735   0.2039026 ]] 
Episode: 138: [[0.13036245 0.19184406 0.20235747 0.23367462 0.2038053 ]] 
Episode: 139: [[0.13041723 0.19190973 0.20247121 0.23361221 0.20370059]] 
Episode: 140: [[0.13046165 0.1919595  0.20257121 0.23356497 0.20361114]] 
Episode: 141: [[0.13052377 0.19203162 0.20266145 0.23349433 0.20351644]] 
Episode: 142: [[0.13059619 0.19212817 0.20274073 0.23341666 0.20340417]] 
Episode: 143: [[0.13059774 0.19213706 0.20273164 0.23341458 0.20340031]] 
Episode: 144: [[0.13054585 0.19211523 0.2027267  0.23339805 0.2034762 ]] 
Episode: 145: [[0.13071448 0.19226542 0.20296673 0.23322228 0.20338282]] 
Episode: 146: [[0.13079692 0.1923412  0.203144   0.23312865 0.2033654 ]] 
Episode: 147: [[0.13075313 0.19229105 0.20321901 0.2331191  0.20350401]] 
Episode: 148: [[0.13064337 0.1922229  0.20330697 0.23314828 0.2036552 ]] 
Episode: 149: [[0.13054779 0.1921602  0.20337477 0.23317102 0.2038001 ]] 
Episode: 150: [[0.13047089 0.19212863 0.20344675 0.23315974 0.20392537]] 
Episode: 151: [[0.1303835  0.19210759 0.20352075 0.23315388 0.20403579]] 
Episode: 152: [[0.13028811 0.19207339 0.20358935 0.23316795 0.20414229]] 
Episode: 153: [[0.13019958 0.19204654 0.20365246 0.23318075 0.20423578]] 
Episode: 154: [[0.13009231 0.19200723 0.20372598 0.23321556 0.20432301]] 
Episode: 155: [[0.1299543  0.19194134 0.203774   0.23328362 0.20443562]] 
Episode: 156: [[0.12978873 0.1918398  0.20378096 0.23337793 0.20459509]] 
Episode: 157: [[0.12963162 0.19174138 0.20380867 0.23346244 0.20473973]] 
Episode: 158: [[0.12949653 0.19166747 0.20384155 0.23352185 0.20486331]] 
Episode: 159: [[0.12932633 0.19158724 0.20380971 0.23361395 0.2050204 ]] 
Episode: 160: [[0.1291875  0.19152865 0.20380504 0.23370475 0.20511745]] 
Episode: 161: [[0.12907454 0.19148484 0.20380677 0.23379171 0.20517941]] 
Episode: 162: [[0.12889908 0.19135568 0.2037483  0.23396121 0.20531794]] 
Episode: 163: [[0.12873164 0.191229   0.20369051 0.23412566 0.2054508 ]] 
Episode: 164: [[0.1285782  0.19112818 0.20366748 0.23426902 0.2055487 ]] 
Episode: 165: [[0.1284389  0.19103457 0.20364758 0.2344093  0.20562914]] 
Episode: 166: [[0.1283078  0.19094291 0.20364949 0.23454954 0.20568825]] 
Episode: 167: [[0.12816991 0.19084208 0.20365797 0.23469901 0.20574711]] 
Episode: 168: [[0.12801643 0.19069953 0.2036656  0.23486762 0.20583713]] 
Episode: 169: [[0.1278818  0.190578   0.20369878 0.23500586 0.20590772]] 
Episode: 170: [[0.12775932 0.1904687  0.20373845 0.23513184 0.20596524]] 
Episode: 171: [[0.12761913 0.19033478 0.20374565 0.23528923 0.20604546]] 
Episode: 172: [[0.1274897  0.1902138  0.20375784 0.2354323  0.20611599]] 
Episode: 173: [[0.12736906 0.19012454 0.20384029 0.23553334 0.20615117]] 
Episode: 174: [[0.12727866 0.19006352 0.20393893 0.23559707 0.20616409]] 
Episode: 175: [[0.12717779 0.18999633 0.20407341 0.23566306 0.20616765]] 
Episode: 176: [[0.12710251 0.18995433 0.20422074 0.23570375 0.20614563]] 
Episode: 177: [[0.12699716 0.18987207 0.20433868 0.23576033 0.20618376]] 
Episode: 178: [[0.12694678 0.1898477  0.20445502 0.23578678 0.20615758]] 
Episode: 179: [[0.12680678 0.18971659 0.20451349 0.23591903 0.20622663]] 
Episode: 180: [[0.12666492 0.18957828 0.20455097 0.23605882 0.20630766]] 
Episode: 181: [[0.12657234 0.18952322 0.20460045 0.23617053 0.20629594]] 
Episode: 182: [[0.12648755 0.18946859 0.2046676  0.23631395 0.20623802]] 
Episode: 183: [[0.12636192 0.18935691 0.20472293 0.23649694 0.20623113]] 
Episode: 184: [[0.12621816 0.18922086 0.2047364  0.23670393 0.20625937]] 
Episode: 185: [[0.12605895 0.18905552 0.20472158 0.23692115 0.20633128]] 
Episode: 186: [[0.12596671 0.18898354 0.204692   0.23707569 0.20633608]] 
Episode: 187: [[0.12578075 0.18880264 0.20461643 0.23732693 0.20644227]] 
Episode: 188: [[0.12560709 0.18862806 0.20456704 0.23759088 0.20650706]] 
Episode: 189: [[0.12547843 0.1885023  0.20453414 0.23780292 0.20653434]] 
Episode: 190: [[0.12537612 0.18840632 0.20453086 0.23797627 0.20653576]] 
Episode: 191: [[0.12523651 0.18825512 0.20444159 0.23821828 0.20659496]] 
Episode: 192: [[0.12511316 0.18812591 0.20437127 0.238432   0.20663875]] 
Episode: 193: [[0.12498576 0.18799247 0.20429082 0.2386439  0.20669647]] 
Episode: 194: [[0.1249618  0.18800472 0.20433277 0.23869076 0.20663552]] 
Episode: 195: [[0.12496912 0.18806754 0.20438963 0.23869    0.20654263]] 
Episode: 196: [[0.12496495 0.18809333 0.20447233 0.23872353 0.2064456 ]] 
Episode: 197: [[0.12493391 0.18807803 0.20451505 0.23878773 0.20639811]] 
Episode: 198: [[0.12490892 0.18806991 0.2045483  0.23884185 0.20635428]] 
Episode: 199: [[0.12494059 0.18813421 0.2046026  0.23882146 0.20626241]] 
Episode: 200: [[0.12498131 0.18820438 0.2046528  0.23878928 0.20617208]] 
Episode: 201: [[0.1249866  0.18823345 0.2046715  0.2387906  0.20613018]] 
Episode: 202: [[0.12497585 0.18825123 0.20473468 0.23877905 0.20609902]] 
Episode: 203: [[0.12492343 0.18821691 0.20476131 0.23882224 0.20611326]] 
Episode: 204: [[0.12493887 0.18825805 0.2047983  0.23879059 0.20607471]] 
Episode: 205: [[0.12495429 0.18829745 0.20483546 0.2387599  0.20603676]] 
Episode: 206: [[0.12495414 0.18829049 0.20488594 0.23878345 0.2059939 ]] 
Episode: 207: [[0.12484205 0.18822747 0.20492929 0.23869744 0.20611636]] 
Episode: 208: [[0.12460542 0.1880091  0.20484467 0.23877187 0.20638017]] 
Episode: 209: [[0.12442774 0.18785448 0.20481108 0.23879756 0.2065715 ]] 
Episode: 210: [[0.12425553 0.18770558 0.20478103 0.23882021 0.20676151]] 
Episode: 211: [[0.12411226 0.18758464 0.20477043 0.23882493 0.20691858]] 
Episode: 212: [[0.12391642 0.18743671 0.20479135 0.23885664 0.20710175]] 
Episode: 213: [[0.12378842 0.18735014 0.20485742 0.23881936 0.20722832]] 
Episode: 214: [[0.12366541 0.18726897 0.2049165  0.23878933 0.20734748]] 
Episode: 215: [[0.12355864 0.18719895 0.20498168 0.23875551 0.2074494 ]] 
Episode: 216: [[0.1234813  0.1871592  0.2050688  0.23870045 0.20751531]] 
Episode: 217: [[0.12343122 0.18714191 0.20515427 0.23863335 0.20755687]] 
Episode: 218: [[0.12336687 0.18710615 0.2052153  0.23858817 0.20762005]] 
Episode: 219: [[0.12328018 0.1870293  0.20524384 0.23858593 0.20771514]] 
Episode: 220: [[0.12323324 0.18700434 0.2052973  0.23852073 0.2077844 ]] 
Episode: 221: [[0.12319361 0.18697985 0.20537797 0.23845011 0.2078415 ]] 
Episode: 222: [[0.12313148 0.18693888 0.20539887 0.2384     0.20794232]] 
Episode: 223: [[0.12309545 0.18691039 0.20544909 0.23833638 0.2080129 ]] 
Episode: 224: [[0.12306113 0.18688616 0.20551246 0.23828849 0.20805813]] 
Episode: 225: [[0.12312368 0.18694924 0.20565924 0.23817244 0.2079789 ]] 
Episode: 226: [[0.1230947  0.18707418 0.20549397 0.23806466 0.20806451]] 
Episode: 227: [[0.12306057 0.1871819  0.20533855 0.23797227 0.20815067]] 
Episode: 228: [[0.12305573 0.18730383 0.20522055 0.2378649  0.2081985 ]] 
Episode: 229: [[0.12298755 0.18734272 0.2050898  0.23783012 0.20830485]] 
Episode: 230: [[0.12290969 0.18737033 0.20498872 0.2377988  0.2084096 ]] 
Episode: 231: [[0.12275001 0.18727696 0.20486557 0.23783569 0.20862742]] 
Episode: 232: [[0.12255389 0.18714173 0.20472449 0.23791999 0.20887446]] 
Episode: 233: [[0.12237368 0.1870333  0.20460421 0.23798516 0.20909369]] 
Episode: 234: [[0.12223083 0.18699552 0.20448643 0.23797733 0.20929024]] 
Episode: 235: [[0.12212661 0.18697037 0.20438297 0.23795393 0.20945615]] 
Episode: 236: [[0.12204338 0.18695259 0.20429936 0.23793362 0.2095881 ]] 
Episode: 237: [[0.12200876 0.18692322 0.20433685 0.2379354  0.20961246]] 
Episode: 238: [[0.12194095 0.18681973 0.20433234 0.23796317 0.20972416]] 
Episode: 239: [[0.12197293 0.18684    0.20436434 0.23787352 0.209746  ]] 
Episode: 240: [[0.12201903 0.18688887 0.2044022  0.23778103 0.2097325 ]] 
Episode: 241: [[0.12203629 0.18687853 0.20439222 0.23771514 0.20979248]] 
Episode: 242: [[0.12206487 0.1868682  0.20439698 0.23764984 0.20983675]] 
Episode: 243: [[0.12203636 0.1867699  0.20435807 0.23766696 0.20994672]] 
Episode: 244: [[0.12199241 0.18665473 0.20427473 0.23769625 0.21009448]] 
Episode: 245: [[0.12191284 0.18649761 0.20414746 0.23774487 0.21030861]] 
Episode: 246: [[0.12181649 0.18631989 0.2039653  0.237806   0.21056937]] 
Episode: 247: [[0.12172841 0.18617669 0.20380074 0.23783252 0.21081592]] 
Episode: 248: [[0.12160782 0.18599926 0.2036575  0.23789252 0.21107359]] 
Episode: 249: [[0.12149136 0.18583927 0.2035454  0.2379484  0.21130061]] 
Episode: 250: [[0.12137349 0.1856817  0.20343354 0.23801357 0.2115181 ]] 
Episode: 251: [[0.1212606  0.18552858 0.20332696 0.23807989 0.21172461]] 
Episode: 252: [[0.1211501  0.18537666 0.2032227  0.23815185 0.21192229]] 
Episode: 253: [[0.12106317 0.18525097 0.20313913 0.2382046  0.21208747]] 
Episode: 254: [[0.12097358 0.18513362 0.20307323 0.23824848 0.21224578]] 
Episode: 255: [[0.12085132 0.18494752 0.20301762 0.23832774 0.21245019]] 
Episode: 256: [[0.12076597 0.18480779 0.2029839  0.23836608 0.21261404]] 
Episode: 257: [[0.12067619 0.18466105 0.20294575 0.23842165 0.21277407]] 
Episode: 258: [[0.12062206 0.18456937 0.20291975 0.23844858 0.21288069]] 
Episode: 259: [[0.12058708 0.1844983  0.20290673 0.23845875 0.2129645 ]] 
Episode: 260: [[0.1205736  0.18445629 0.20293531 0.23845714 0.21299706]] 
Episode: 261: [[0.1205707  0.18443188 0.20297264 0.23844373 0.21301295]] 
Episode: 262: [[0.12056129 0.18441911 0.20296669 0.23839955 0.21307269]] 
Episode: 263: [[0.1205501  0.18440136 0.20296305 0.23835883 0.21313377]] 
Episode: 264: [[0.12056023 0.18440884 0.20298895 0.23829497 0.21316361]] 
Episode: 265: [[0.12059425 0.18444437 0.20299366 0.23823343 0.21316168]] 
Episode: 266: [[0.12065889 0.1845216  0.20303361 0.23813234 0.21311945]] 
Episode: 267: [[0.12072979 0.18460466 0.20307365 0.23802985 0.21306911]] 
Episode: 268: [[0.1207559  0.18463352 0.20310213 0.23798583 0.2130505 ]] 
Episode: 269: [[0.12078532 0.18467508 0.20315787 0.23792769 0.2130169 ]] 
Episode: 270: [[0.12078654 0.18469267 0.20321295 0.23789956 0.2129969 ]] 
Episode: 271: [[0.12074908 0.18468033 0.20328812 0.23796056 0.21293896]] 
Episode: 272: [[0.12072766 0.18466409 0.20341764 0.23803657 0.21283229]] 
Episode: 273: [[0.12066983 0.1846062  0.20350794 0.23814936 0.21277404]] 
Episode: 274: [[0.12063389 0.18458156 0.20361923 0.23822632 0.21269304]] 
Episode: 275: [[0.12058025 0.18452866 0.20378111 0.23834725 0.2125829 ]] 
Episode: 276: [[0.12056842 0.18452294 0.20390011 0.23842295 0.21246608]] 
Episode: 277: [[0.12052176 0.18449156 0.20401534 0.23853683 0.21236265]] 
Episode: 278: [[0.12046711 0.18445319 0.20411538 0.23865311 0.21227646]] 
Episode: 279: [[0.12040698 0.18441005 0.204202   0.23877445 0.21220054]] 
Episode: 280: [[0.1203474  0.18436798 0.20428135 0.23890825 0.21211584]] 
Episode: 281: [[0.12029357 0.1843326  0.20435525 0.23903881 0.21202716]] 
Episode: 282: [[0.12027773 0.18434624 0.20442285 0.23912385 0.21191403]] 
Episode: 283: [[0.12027708 0.18437381 0.20449805 0.23918824 0.21179311]] 
Episode: 284: [[0.12023739 0.18435557 0.20452844 0.23928972 0.21172865]] 
Episode: 285: [[0.12022923 0.18436839 0.20463525 0.23932786 0.21163276]] 
Episode: 286: [[0.12025016 0.18440911 0.20476279 0.23932593 0.21151812]] 
Episode: 287: [[0.12017925 0.18435791 0.20487829 0.23942395 0.2114621 ]] 
Episode: 288: [[0.12009495 0.18430898 0.20504431 0.23949873 0.21140747]] 
Episode: 289: [[0.12003202 0.1842859  0.20523071 0.23954293 0.2113326 ]] 
Episode: 290: [[0.12001328 0.18429846 0.20542938 0.2395684  0.21120745]] 
Episode: 291: [[0.12003287 0.18434419 0.20563045 0.23956192 0.21105507]] 
Episode: 292: [[0.11986823 0.18420641 0.20586067 0.23973168 0.21105953]] 
Episode: 293: [[0.11964428 0.18402041 0.20601507 0.23995133 0.2111363 ]] 
Episode: 294: [[0.1194455  0.18386929 0.20617788 0.2401231  0.21120028]] 
Episode: 295: [[0.11928796 0.18375827 0.20634846 0.24025276 0.21123151]] 
Episode: 296: [[0.11924583 0.18379976 0.2064906  0.24022098 0.21120723]] 
Episode: 297: [[0.11919478 0.18384364 0.20663974 0.24019103 0.2111787 ]] 
Episode: 298: [[0.1192195  0.18398716 0.20677888 0.24012166 0.21104757]] 
Episode: 299: [[0.11918117 0.18406159 0.20689435 0.24009885 0.2109887 ]] 
Episode: 300: [[0.11905404 0.18403375 0.20689368 0.24018526 0.21103862]] 
Episode: 301: [[0.1189974  0.18410812 0.20698652 0.24022104 0.21094644]] 
Episode: 302: [[0.11903111 0.1843127  0.20722386 0.24016725 0.21071129]] 
Episode: 303: [[0.11906164 0.18449898 0.2074627  0.24011369 0.21048956]] 
Episode: 304: [[0.11900379 0.18457296 0.20765804 0.24014877 0.21036555]] 
Episode: 305: [[0.11891065 0.18459345 0.20780529 0.24022321 0.21029831]] 
Episode: 306: [[0.11883257 0.18461798 0.2079306  0.24029145 0.21023113]] 
Episode: 307: [[0.11853877 0.18447214 0.20827644 0.24052022 0.21025002]] 
Episode: 308: [[0.11826027 0.18433489 0.20858848 0.2407119  0.21029471]] 
Episode: 309: [[0.11795928 0.18415476 0.20876397 0.24071546 0.2104855 ]] 
Episode: 310: [[0.11767148 0.183973   0.20888446 0.24075088 0.21067591]] 
Episode: 311: [[0.11744571 0.18381566 0.20896362 0.24077544 0.21084121]] 
Episode: 312: [[0.11725914 0.18369213 0.20905904 0.24078244 0.21096376]] 
Episode: 313: [[0.11702226 0.1835357  0.20915319 0.24083503 0.21111481]] 
Episode: 314: [[0.11682651 0.18340789 0.20920917 0.24085806 0.21126425]] 
Episode: 315: [[0.11665156 0.18329757 0.20924859 0.24087983 0.2113983 ]] 
Episode: 316: [[0.11650007 0.18321805 0.20933749 0.24087578 0.21149103]] 
Episode: 317: [[0.11637645 0.18317904 0.20938082 0.24081506 0.21160766]] 
Episode: 318: [[0.11626349 0.18314412 0.20942587 0.24076341 0.21170767]] 
Episode: 319: [[0.11612299 0.18305878 0.20942844 0.24077392 0.21183972]] 
Episode: 320: [[0.1160074 0.1830032 0.2094613 0.2407445 0.211952 ]] 
Episode: 321: [[0.11593055 0.18298054 0.20951645 0.24069229 0.21202053]] 
Episode: 322: [[0.11589071 0.18298727 0.20957762 0.24062161 0.21205385]] 
Episode: 323: [[0.11586723 0.18300554 0.2096435  0.2405443  0.21207151]] 
Episode: 324: [[0.11588256 0.18305911 0.20965697 0.24039112 0.21213034]] 
Episode: 325: [[0.11588348 0.18309352 0.20966733 0.24027112 0.2121888 ]] 
Episode: 326: [[0.1158957  0.18313842 0.20969205 0.24015296 0.21222262]] 
Episode: 327: [[0.11591511 0.18319295 0.20973216 0.24002995 0.21224079]] 
Episode: 328: [[0.1159244  0.18323411 0.20976341 0.23992833 0.21226388]] 
Episode: 329: [[0.11591836 0.18325527 0.20979188 0.23985103 0.2122954 ]] 
Episode: 330: [[0.1159135  0.18327524 0.20981276 0.23976903 0.2123364 ]] 
Episode: 331: [[0.1158626  0.183239   0.20976056 0.23973605 0.21245207]] 
Episode: 332: [[0.11578377 0.18317288 0.20969218 0.2397422  0.21258648]] 
Episode: 333: [[0.11561213 0.1830089  0.20951495 0.23984733 0.21283594]] 
Episode: 334: [[0.11550661 0.18292028 0.20939791 0.23987691 0.2130127 ]] 
Episode: 335: [[0.11544169 0.18286996 0.20930552 0.23987615 0.21314381]] 
Episode: 336: [[0.11540263 0.18284291 0.2092437  0.23985556 0.21323985]] 
Episode: 337: [[0.11535928 0.18280935 0.20922495 0.23984896 0.21331011]] 
Episode: 338: [[0.11534414 0.18281393 0.20924357 0.2397967  0.21335046]] 
Episode: 339: [[0.11533251 0.1828268  0.20926635 0.23975278 0.21337163]] 
Episode: 340: [[0.11532696 0.18284008 0.20929316 0.23970976 0.21338588]] 
Episode: 341: [[0.11533348 0.18286127 0.2093228  0.2396642  0.2133862 ]] 
Episode: 342: [[0.11534406 0.18289113 0.20936552 0.23961112 0.21337645]] 
Episode: 343: [[0.11530938 0.1828729  0.20937707 0.23961084 0.21340784]] 
Episode: 344: [[0.11522541 0.18279551 0.20934626 0.23965855 0.213503  ]] 
Episode: 345: [[0.11512492 0.18271539 0.20926033 0.2397131  0.21363375]] 
Episode: 346: [[0.11504816 0.18267502 0.20920958 0.2397239  0.21373524]] 
Episode: 347: [[0.11475587 0.1824684  0.20926687 0.23990133 0.21394894]] 
Episode: 348: [[0.11442469 0.18218817 0.20919614 0.24015333 0.2142492 ]] 
Episode: 349: [[0.11408705 0.18189654 0.20908792 0.24041983 0.21456793]] 
Episode: 350: [[0.11376454 0.18162157 0.20897453 0.24066055 0.21488596]] 
Episode: 351: [[0.11349659 0.18139756 0.20890029 0.2408552  0.21514189]] 
Episode: 352: [[0.11326681 0.1812045  0.20881405 0.24100985 0.21538565]] 
Episode: 353: [[0.11300588 0.18098049 0.20873101 0.24119721 0.21564554]] 
Episode: 354: [[0.1128352  0.18083952 0.20871913 0.24133508 0.21577716]] 
Episode: 355: [[0.11264188 0.18066496 0.2086854  0.24151208 0.21592857]] 
Episode: 356: [[0.11248661 0.18052948 0.20867562 0.24165653 0.2160359 ]] 
Episode: 357: [[0.11233392 0.18039082 0.20866133 0.24180225 0.2161447 ]] 
Episode: 358: [[0.11222669 0.1803076  0.20865719 0.24189094 0.2162193 ]] 
Episode: 359: [[0.11215038 0.18025802 0.20867608 0.24194837 0.21625906]] 
Episode: 360: [[0.11207993 0.18021739 0.20868601 0.24198788 0.21630716]] 
Episode: 361: [[0.11202324 0.18019904 0.20871884 0.2419919  0.21634623]] 
Episode: 362: [[0.1119877  0.18020882 0.20879604 0.24196744 0.21634872]] 
Episode: 363: [[0.11198341 0.18028164 0.2088895  0.24188846 0.21631466]] 
Episode: 364: [[0.11196727 0.18032898 0.20897026 0.24182522 0.21630317]] 
Episode: 365: [[0.11194061 0.18035305 0.20905487 0.24178936 0.21629234]] 
Episode: 366: [[0.11188956 0.18036209 0.20915382 0.24174352 0.21631293]] 
Episode: 367: [[0.11177917 0.18029854 0.20918345 0.2417642  0.21641274]] 
Episode: 368: [[0.11170574 0.18026514 0.2092392  0.24174993 0.21647906]] 
Episode: 369: [[0.11159128 0.18017046 0.20927383 0.24180935 0.21657129]] 
Episode: 370: [[0.11146601 0.18007042 0.20930913 0.24188004 0.21666473]] 
Episode: 371: [[0.11130349 0.17990486 0.20935433 0.2420054  0.21678726]] 
Episode: 372: [[0.11115023 0.17975436 0.20940238 0.24212082 0.21689746]] 
Episode: 373: [[0.11098243 0.17958668 0.2094259  0.24226488 0.21701895]] 
Episode: 374: [[0.11081484 0.17941919 0.20944186 0.24241275 0.21714033]] 
Episode: 375: [[0.11067899 0.1792782  0.20945267 0.24252476 0.21725185]] 
Episode: 376: [[0.11055773 0.17915437 0.20947807 0.242612   0.2173533 ]] 
Episode: 377: [[0.11045162 0.17904034 0.20951366 0.24269001 0.21743889]] 
Episode: 378: [[0.11030617 0.17888826 0.20954584 0.24280812 0.21755025]] 
Episode: 379: [[0.11018272 0.17875461 0.20957078 0.24291274 0.21764614]] 
Episode: 380: [[0.11005525 0.17861085 0.20957588 0.24303283 0.21774964]] 
Episode: 381: [[0.1099489  0.17849554 0.20959589 0.24312198 0.21783398]] 
Episode: 382: [[0.10987951 0.1784196  0.20961659 0.24315514 0.21790896]] 
Episode: 383: [[0.10981496 0.1783562  0.20963868 0.24319273 0.21796446]] 
Episode: 384: [[0.1098576  0.17847252 0.20978154 0.2430564  0.21792704]] 
Episode: 385: [[0.10985284 0.17853676 0.20989776 0.242971   0.2179311 ]] 
Episode: 386: [[0.10985908 0.17861791 0.2100316  0.24287151 0.2179125 ]] 
Episode: 387: [[0.10986783 0.17873009 0.21016933 0.2427366  0.21789135]] 
Episode: 388: [[0.10986152 0.1788211  0.21027626 0.24263659 0.2178797 ]] 
Episode: 389: [[0.10987417 0.17890677 0.21038428 0.24252564 0.21786708]] 
Episode: 390: [[0.10986025 0.178982   0.210513   0.24243234 0.21785231]] 
Episode: 391: [[0.1098576  0.17908059 0.21060732 0.24232182 0.21783976]] 
Episode: 392: [[0.10984743 0.17916481 0.21069252 0.24222633 0.21783403]] 
Episode: 393: [[0.1098516  0.17923611 0.21077056 0.2421564  0.21780838]] 
Episode: 394: [[0.10986789 0.17930947 0.21082191 0.2420838  0.2177871 ]] 
Episode: 395: [[0.10988854 0.17938884 0.21087773 0.24200408 0.21776019]] 
Episode: 396: [[0.10990885 0.17945258 0.21090713 0.24194083 0.21774459]] 
Episode: 397: [[0.10991529 0.17949961 0.21091309 0.24189727 0.217746  ]] 
Episode: 398: [[0.10993522 0.17954643 0.21095937 0.24184555 0.21772446]] 
Episode: 399: [[0.1099267  0.17956275 0.21099633 0.24182543 0.21772432]] 
Episode: 400: [[0.10989499 0.17955977 0.21103203 0.24182846 0.21773566]] 
Episode: 401: [[0.10988177 0.1795765  0.21105918 0.24180251 0.21774708]] 
Episode: 402: [[0.10987453 0.17960179 0.21104419 0.2417672  0.21777615]] 
Episode: 403: [[0.10983397 0.17960353 0.2110372  0.24175322 0.21782462]] 
Episode: 404: [[0.10974084 0.17953543 0.21104635 0.24177516 0.2179304 ]] 
Episode: 405: [[0.10962139 0.17946713 0.21106529 0.241814   0.21803284]] 
Episode: 406: [[0.10951549 0.1794095  0.21100956 0.24178912 0.21821278]] 
Episode: 407: [[0.10936823 0.17929187 0.21096472 0.24182498 0.21841304]] 
Episode: 408: [[0.10906328 0.17901754 0.21077213 0.24199912 0.21875086]] 
Episode: 409: [[0.10881528 0.17879367 0.21066034 0.24214071 0.21899842]] 
Episode: 410: [[0.10860316 0.17862563 0.210552   0.24224466 0.21920875]] 
Episode: 411: [[0.10842501 0.17848869 0.21046063 0.24231382 0.21939585]] 
Episode: 412: [[0.10823967 0.17834626 0.21037225 0.24239683 0.21958247]] 
Episode: 413: [[0.10805952 0.1782016  0.21029283 0.24249087 0.21975648]] 
Episode: 414: [[0.10791157 0.17808343 0.2102187  0.24255717 0.21991085]] 
Episode: 415: [[0.10772809 0.17791106 0.2100896  0.24276175 0.22003953]] 
Episode: 416: [[0.1076171  0.17781712 0.21002825 0.24287698 0.22009933]] 
Episode: 417: [[0.10746825 0.17768398 0.20992118 0.24304038 0.22020097]] 
Episode: 418: [[0.1073311  0.17755921 0.20990011 0.24321145 0.22023806]] 
Episode: 419: [[0.10718434 0.17742309 0.20985962 0.2433892  0.22029762]] 
Episode: 420: [[0.10707374 0.17732465 0.20988199 0.24352765 0.22030489]] 
Episode: 421: [[0.10697323 0.17723675 0.20991722 0.24365489 0.22030123]] 
Episode: 422: [[0.10691779 0.17719655 0.20996681 0.24373116 0.22026546]] 
Episode: 423: [[0.1068894  0.17718254 0.210031   0.24377528 0.22021149]] 
Episode: 424: [[0.10685869 0.17715202 0.21010028 0.24381705 0.22017507]] 
Episode: 425: [[0.10681209 0.1771041  0.21015577 0.24387628 0.22015697]] 
Episode: 426: [[0.1067931  0.17703947 0.2101602  0.24397369 0.22012661]] 
Episode: 427: [[0.10674492 0.17692703 0.21012166 0.24410096 0.22015458]] 
Episode: 428: [[0.10669091 0.17684183 0.210091   0.24420953 0.22017577]] 
Episode: 429: [[0.10663551 0.17675596 0.21006982 0.24431832 0.22019412]] 
Episode: 430: [[0.10656571 0.17666304 0.21004702 0.2444449  0.22021331]] 
Episode: 431: [[0.10653292 0.1766175  0.21006712 0.24453077 0.22018108]] 
Episode: 432: [[0.10653759 0.1766158  0.21011955 0.24456428 0.22011666]] 
Episode: 433: [[0.10658225 0.17665924 0.21025912 0.24455382 0.21998133]] 
Episode: 434: [[0.10665298 0.17672536 0.21040155 0.24450457 0.2198431 ]] 
Episode: 435: [[0.10665911 0.17671515 0.21046223 0.2445179  0.21980162]] 
Episode: 436: [[0.10664383 0.17668517 0.21048748 0.24455063 0.21979275]] 
Episode: 437: [[0.10664123 0.17666301 0.21049608 0.24459244 0.21976851]] 
Episode: 438: [[0.10662695 0.1766299  0.21051717 0.24464531 0.21974567]] 
Episode: 439: [[0.10665547 0.17664553 0.21056516 0.24464843 0.21968271]] 
Episode: 440: [[0.10665954 0.1766337  0.2105953  0.24467494 0.21964866]] 
Episode: 441: [[0.10661557 0.1765869  0.21061933 0.244695   0.21968812]] 
Episode: 442: [[0.10662214 0.17656846 0.21072926 0.2447183  0.21962148]] 
Episode: 443: [[0.10663245 0.17655511 0.21084014 0.24473533 0.21955325]] 
Episode: 444: [[0.1066734  0.17657955 0.21095584 0.24472658 0.21945198]] 
Episode: 445: [[0.10669316 0.17659174 0.21105613 0.24472895 0.21937355]] 
Episode: 446: [[0.1067019  0.17660002 0.21116124 0.24473195 0.21930307]] 
Episode: 447: [[0.10670982 0.17660488 0.21125485 0.24473737 0.21923994]] 
Episode: 448: [[0.10672452 0.17661473 0.21134317 0.2447353  0.21917748]] 
Episode: 449: [[0.10671815 0.17660372 0.21141596 0.24475233 0.21913823]] 
Episode: 450: [[0.10666743 0.17654735 0.21145628 0.24482317 0.21913622]] 
Episode: 451: [[0.10663264 0.1765098  0.21150222 0.24487096 0.21912515]] 
Episode: 452: [[0.10661094 0.17649329 0.21160522 0.24488297 0.21909057]] 
Episode: 453: [[0.10657409 0.17646222 0.21168377 0.24491283 0.21907516]] 
Episode: 454: [[0.10654627 0.17642929 0.211725   0.24495064 0.21906704]] 
Episode: 455: [[0.10645441 0.17635883 0.21178703 0.24502231 0.21909371]] 
Episode: 456: [[0.10636325 0.17628574 0.21184506 0.24510105 0.2191178 ]] 
Episode: 457: [[0.10629951 0.17623934 0.21193227 0.24513988 0.2191217 ]] 
Episode: 458: [[0.10619632 0.17613587 0.2119904  0.24522914 0.21917173]] 
Episode: 459: [[0.1061001  0.17604215 0.2120573  0.2453144  0.21920754]] 
Episode: 460: [[0.10600591 0.17595297 0.21213827 0.24536991 0.21925844]] 
Episode: 461: [[0.10592758 0.17588165 0.21225666 0.24541222 0.21927576]] 
Episode: 462: [[0.10584033 0.17578985 0.21233928 0.24548034 0.2193118 ]] 
Episode: 463: [[0.10578459 0.1757153  0.21247622 0.24551326 0.21931624]] 
Episode: 464: [[0.10575199 0.17565112 0.21262719 0.24553439 0.21929969]] 
Episode: 465: [[0.10571571 0.17558847 0.21278508 0.24557951 0.2192583 ]] 
Episode: 466: [[0.10568632 0.17552307 0.21295117 0.24562965 0.21920599]] 
Episode: 467: [[0.10564604 0.1754599  0.21310356 0.24568163 0.21916416]] 
Episode: 468: [[0.10562886 0.17543115 0.21325871 0.24570209 0.21910363]] 
Episode: 469: [[0.10564828 0.17544556 0.21341635 0.24568316 0.21901494]] 
Episode: 470: [[0.10566135 0.1754574  0.21356127 0.24565627 0.21894671]] 
Episode: 471: [[0.1055985  0.1755237  0.21366295 0.24555336 0.2189724 ]] 
Episode: 472: [[0.10556587 0.17560144 0.21378407 0.24544162 0.218966  ]] 
Episode: 473: [[0.10554002 0.17567867 0.21390855 0.24532287 0.2189604 ]] 
Episode: 474: [[0.10552027 0.17576091 0.21403196 0.2452057  0.21894528]] 
Episode: 475: [[0.10549925 0.17582613 0.21413265 0.24510801 0.21893986]] 
Episode: 476: [[0.10545244 0.17582811 0.21419711 0.24505308 0.21898748]] 
Episode: 477: [[0.1053464  0.17575562 0.21421058 0.2450609  0.21910945]] 
Episode: 478: [[0.10524172 0.17569652 0.21419941 0.24503987 0.21925752]] 
Episode: 479: [[0.10499784 0.17546205 0.2141639  0.24519941 0.21953146]] 
Episode: 480: [[0.1046739  0.1751406  0.21403725 0.24543351 0.2199099 ]] 
Episode: 481: [[0.10437328 0.17482251 0.21393473 0.24567421 0.22024922]] 
Episode: 482: [[0.1040821  0.1745253  0.21387139 0.24589726 0.2205579 ]] 
Episode: 483: [[0.10378675 0.1742328  0.21379007 0.24612683 0.22086582]] 
Episode: 484: [[0.10351408 0.17396407 0.21372046 0.24633633 0.22114803]] 
Episode: 485: [[0.1032897  0.17375094 0.2136916  0.24649975 0.22136845]] 
Episode: 486: [[0.10313862 0.17361584 0.21373999 0.24657118 0.22151475]] 
Episode: 487: [[0.10293618 0.17342016 0.21371967 0.24667934 0.22174834]] 
Episode: 488: [[0.10277905 0.17327851 0.21373059 0.24674639 0.22192428]] 
Episode: 489: [[0.10255544 0.17306578 0.21374246 0.24690858 0.22211915]] 
Episode: 490: [[0.10238351 0.17290704 0.21376818 0.24704058 0.22225086]] 
Episode: 491: [[0.10231244 0.17276175 0.21385308 0.24718498 0.222262  ]] 
Episode: 492: [[0.10227676 0.17266685 0.2139631  0.24728099 0.22223571]] 
Episode: 493: [[0.10222179 0.17256528 0.21406822 0.24739887 0.22220959]] 
Episode: 494: [[0.10212454 0.17242187 0.21415009 0.24756274 0.22221746]] 
Episode: 495: [[0.10207073 0.17230977 0.21424825 0.24769886 0.22218543]] 
Episode: 496: [[0.10202859 0.17222197 0.21438418 0.24780454 0.22213264]] 
Episode: 497: [[0.10191178 0.17203186 0.21445943 0.24800156 0.22216685]] 
Episode: 498: [[0.10183643 0.17189658 0.21451072 0.24816175 0.22216958]] 
Episode: 499: [[0.10170585 0.1717069  0.21449465 0.2483711  0.22224528]] 
Episode: 500: [[0.10153098 0.17146704 0.21443126 0.24861878 0.22238314]] 
Episode: 501: [[0.10135512 0.17122872 0.21436845 0.24885873 0.22252682]] 
Episode: 502: [[0.10122053 0.17104912 0.21434705 0.24903631 0.22262712]] 
Episode: 503: [[0.10106419 0.17085543 0.214281   0.24922459 0.22276625]] 
Episode: 504: [[0.10079637 0.17058301 0.21411197 0.24947336 0.22304359]] 
Episode: 505: [[0.10054961 0.17033602 0.21395612 0.24969918 0.22329864]] 
Episode: 506: [[0.10034996 0.170166   0.21385528 0.24985343 0.22349201]] 
Episode: 507: [[0.10016621 0.17000781 0.21376349 0.24999566 0.22367077]] 
Episode: 508: [[0.10003772 0.16993727 0.21368013 0.25007632 0.22378653]] 
Episode: 509: [[0.09990997 0.169863   0.21360372 0.25016227 0.22389682]] 
Episode: 510: [[0.09977958 0.16978247 0.21351859 0.25025347 0.22401379]] 
Episode: 511: [[0.09959393 0.16957964 0.21340705 0.2504781  0.22416732]] 
Episode: 512: [[0.09945467 0.16943572 0.21334969 0.2506506  0.22425856]] 
Episode: 513: [[0.09935568 0.16932817 0.21332675 0.25078556 0.22430825]] 
Episode: 514: [[0.0992438  0.16920044 0.21332434 0.25094637 0.22435069]] 
Episode: 515: [[0.09915718 0.16910079 0.21333693 0.25107598 0.22437252]] 
Episode: 516: [[0.09909061 0.16902702 0.21336399 0.25117338 0.2243804 ]] 
Episode: 517: [[0.09901448 0.16894235 0.21335791 0.25126547 0.22442548]] 
Episode: 518: [[0.09896919 0.1688915  0.21338093 0.25132573 0.22443482]] 
Episode: 519: [[0.09893428 0.16884357 0.21339472 0.2513838  0.22444122]] 
Episode: 520: [[0.09889784 0.16879225 0.2134084  0.25144622 0.22444767]] 
Episode: 521: [[0.0988366  0.1687155  0.21339072 0.25153145 0.22448759]] 
Episode: 522: [[0.09877211 0.16863924 0.21338107 0.25161806 0.224524  ]] 
Episode: 523: [[0.09861717 0.16847269 0.21338825 0.25181594 0.22459026]] 
Episode: 524: [[0.09848151 0.16833843 0.21342343 0.25198287 0.22462952]] 
Episode: 525: [[0.09835374 0.16820958 0.21345311 0.2521385  0.22467184]] 
Episode: 526: [[0.09823732 0.16809112 0.21349783 0.25228515 0.22469825]] 
Episode: 527: [[0.09816605 0.16802683 0.21358886 0.2523831  0.22466828]] 
Episode: 528: [[0.09813109 0.16800685 0.21370263 0.25244308 0.22459835]] 
Episode: 529: [[0.09808294 0.16797048 0.21382129 0.25249928 0.22455314]] 
Episode: 530: [[0.09802689 0.16794696 0.21398772 0.25252843 0.2245031 ]] 
Episode: 531: [[0.09793537 0.1679146  0.21411434 0.25258344 0.22447975]] 
Episode: 532: [[0.0976534  0.16770546 0.21395649 0.2526879  0.22462423]] 
Episode: 533: [[0.09740074 0.16751604 0.21384986 0.25278056 0.22473797]] 
Episode: 534: [[0.09715562 0.1673518  0.21374775 0.25284696 0.22486478]] 
Episode: 535: [[0.09686668 0.16713049 0.21360074 0.25298023 0.22505125]] 
Episode: 536: [[0.09669117 0.16694833 0.21357803 0.25312415 0.2250711 ]] 
Episode: 537: [[0.09654415 0.16679932 0.21352741 0.2532055  0.22512686]] 
Episode: 538: [[0.09633631 0.16649745 0.21350695 0.25339374 0.22526368]] 
Episode: 539: [[0.09594166 0.16605331 0.21336831 0.25371134 0.22554706]] 
Episode: 540: [[0.09535743 0.16548507 0.21301514 0.254144   0.22595909]] 
Episode: 541: [[0.0948078  0.16494393 0.21267699 0.2545531  0.22636515]] 
Episode: 542: [[0.09433556 0.1644816  0.21239634 0.2548963  0.22670352]] 
Episode: 543: [[0.09385688 0.16400078 0.21212651 0.2552534  0.22706836]] 
Episode: 544: [[0.09345295 0.1635942  0.2119128  0.25554848 0.2273639 ]] 
Episode: 545: [[0.09307574 0.16321062 0.21176139 0.25581798 0.22763124]] 
Episode: 546: [[0.09267614 0.16280235 0.21157455 0.25611028 0.22794987]] 
Episode: 547: [[0.09233726 0.16247143 0.21138793 0.2563294  0.22823822]] 
Episode: 548: [[0.09202383 0.16216187 0.21121079 0.25653863 0.22850762]] 
Episode: 549: [[0.09172987 0.16184899 0.2110503  0.2567286  0.22878842]] 
Episode: 550: [[0.09146994 0.1615678  0.21092217 0.25690365 0.2290257 ]] 
Episode: 551: [[0.0912505  0.16132593 0.21082255 0.25705025 0.22922131]] 
Episode: 552: [[0.09111274 0.16118126 0.21073847 0.25709587 0.22936608]] 
Episode: 553: [[0.09098562 0.16104972 0.21066216 0.2571312  0.22950517]] 
Episode: 554: [[0.0908706  0.1609231  0.21060883 0.2571648  0.22962898]] 
Episode: 555: [[0.09079155 0.16084772 0.21056645 0.2571662  0.22971193]] 
Episode: 556: [[0.09069204 0.16074067 0.21050714 0.25720692 0.22981627]] 
Episode: 557: [[0.09062514 0.16067234 0.21047449 0.2572146  0.22988524]] 
Episode: 558: [[0.09051488 0.16053301 0.2104161  0.2572107  0.23007567]] 
Episode: 559: [[0.09041372 0.16041227 0.21034841 0.25720614 0.23025244]] 
Episode: 560: [[0.0903137  0.16028427 0.2102961  0.2572335  0.23040251]] 
Episode: 561: [[0.09022913 0.16018236 0.21022424 0.25725    0.23054129]] 
Episode: 562: [[0.09017484 0.16010973 0.21020153 0.2572423  0.23063387]] 
Episode: 563: [[0.09015591 0.16007875 0.21019946 0.25720522 0.23068391]] 
Episode: 564: [[0.09011664 0.16002685 0.21016689 0.2571943  0.23076054]] 
Episode: 565: [[0.09004895 0.15994407 0.21010362 0.2572073  0.23088011]] 
Episode: 566: [[0.09000724 0.15986137 0.21008795 0.25724125 0.23094198]] 
Episode: 567: [[0.08995876 0.15977435 0.21006747 0.25729045 0.23100275]] 
Episode: 568: [[0.08992954 0.15971076 0.21004327 0.2573196  0.23105086]] 
Episode: 569: [[0.0899369  0.15969732 0.21006729 0.2572912  0.23105851]] 
Episode: 570: [[0.08991411 0.15965053 0.21005104 0.2572985  0.23110566]] 
Episode: 571: [[0.08991121 0.15962896 0.21006516 0.25728443 0.23112206]] 
Episode: 572: [[0.08990788 0.15960148 0.21009794 0.25729156 0.23111689]] 
Episode: 573: [[0.08991726 0.15958272 0.21009827 0.25731194 0.23110037]] 
Episode: 574: [[0.08987386 0.15950151 0.21014906 0.25737008 0.23111798]] 
Episode: 575: [[0.08982778 0.159415   0.21020275 0.25744557 0.2311259 ]] 
Episode: 576: [[0.08978961 0.15934196 0.21026516 0.2575108  0.23112193]] 
Episode: 577: [[0.08974716 0.15925546 0.2102669  0.25756428 0.23117426]] 
Episode: 578: [[0.0897077  0.15917861 0.2102709  0.25761035 0.23122193]] 
Episode: 579: [[0.08959903 0.15901762 0.21019405 0.25771883 0.23137635]] 
Episode: 580: [[0.08948537 0.15890776 0.21012829 0.25773436 0.23156567]] 
Episode: 581: [[0.08941566 0.15884896 0.21012545 0.25771347 0.23168159]] 
Episode: 582: [[0.08935824 0.15880342 0.21012476 0.25768602 0.23178254]] 
Episode: 583: [[0.08928834 0.15874152 0.21008778 0.2576777  0.23190755]] 
Episode: 584: [[0.0892057  0.15865456 0.21002312 0.25770098 0.23204933]] 
Episode: 585: [[0.08914986 0.15860282 0.20999774 0.2576919  0.2321514 ]] 
Episode: 586: [[0.08913109 0.15859786 0.21003008 0.2576592  0.23217945]] 
Episode: 587: [[0.0891546  0.15862684 0.21015649 0.25758612 0.23213887]] 
Episode: 588: [[0.08918033 0.15866    0.2102918  0.25751507 0.23208703]] 
Episode: 589: [[0.08918902 0.1586685  0.21039014 0.2574633  0.23206991]] 
Episode: 590: [[0.08918343 0.15863217 0.21049221 0.25747538 0.23204404]] 
Episode: 591: [[0.08919041 0.1586052  0.21061231 0.25746596 0.23201196]] 
Episode: 592: [[0.08916552 0.1585459  0.21068597 0.25748673 0.23202616]] 
Episode: 593: [[0.08908858 0.15842341 0.21075587 0.257572   0.23207618]] 
Episode: 594: [[0.08895992 0.15823376 0.21076724 0.25767994 0.23222971]] 
Episode: 595: [[0.08880078 0.15800308 0.21074642 0.25783262 0.23241639]] 
Episode: 596: [[0.08863487 0.15780675 0.2106135  0.257965   0.23264939]] 
Episode: 597: [[0.08847301 0.15761045 0.21052803 0.2581092  0.2328459 ]] 
Episode: 598: [[0.08834323 0.15745743 0.21046676 0.25821298 0.23300645]] 
Episode: 599: [[0.08823252 0.15730181 0.21043448 0.2583428  0.23311934]] 
Episode: 600: [[0.08817683 0.15721333 0.21046893 0.25841507 0.23315397]] 
Episode: 601: [[0.0881183  0.15713231 0.21053442 0.25848353 0.23317185]] 
Episode: 602: [[0.08807131 0.15706079 0.21059379 0.25854224 0.23318535]] 
Episode: 603: [[0.08801615 0.15699793 0.21066299 0.2585951  0.23319672]] 
Episode: 604: [[0.08797091 0.15694796 0.21073055 0.25864157 0.23319653]] 
Episode: 605: [[0.08791404 0.15688594 0.21078524 0.2586963  0.23321383]] 
Episode: 606: [[0.0879375  0.1569267  0.21090227 0.2586685  0.23312862]] 
Episode: 607: [[0.08792122 0.1569186  0.21100599 0.25868535 0.23308043]] 
Episode: 608: [[0.08792341 0.15692985 0.21114315 0.25868702 0.23299979]] 
Episode: 609: [[0.08792643 0.15694351 0.21127722 0.25868517 0.2329211 ]] 
Episode: 610: [[0.08795087 0.15697645 0.21142213 0.2586607  0.23282583]] 
Episode: 611: [[0.08796173 0.15699258 0.2115464  0.25865287 0.23274997]] 
Episode: 612: [[0.08796792 0.15690818 0.21169537 0.2587099  0.23269863]] 
Episode: 613: [[0.08796368 0.15682082 0.21181929 0.25877473 0.23266216]] 
Episode: 614: [[0.08794677 0.1567384  0.21192868 0.258854   0.23262367]] 
Episode: 615: [[0.08788263 0.15661627 0.21199842 0.25896466 0.23264359]] 
Episode: 616: [[0.0878408  0.15653801 0.2120635  0.25902563 0.23265566]] 
Episode: 617: [[0.08773818 0.15641072 0.21206638 0.25915453 0.23272176]] 
Episode: 618: [[0.08763489 0.15629995 0.21200214 0.2592673  0.23282057]] 
Episode: 619: [[0.08759344 0.15625703 0.21201253 0.259316   0.23283793]] 
Episode: 620: [[0.08754747 0.15621297 0.21202669 0.2593656  0.23285663]] 
Episode: 621: [[0.08754285 0.15619378 0.21206899 0.25940457 0.23282154]] 
Episode: 622: [[0.08753492 0.15617251 0.21211313 0.25944853 0.23278515]] 
Episode: 623: [[0.08747165 0.15609813 0.21210343 0.2595228  0.23283237]] 
Episode: 624: [[0.08740108 0.15601559 0.2120867  0.2596018  0.23289093]] 
Episode: 625: [[0.08735365 0.15594561 0.21208023 0.25966898 0.23292863]] 
Episode: 626: [[0.0872864  0.15585296 0.2120357  0.25975922 0.23299786]] 
Episode: 627: [[0.08722548 0.15577732 0.21202505 0.25984806 0.23303223]] 
Episode: 628: [[0.08718459 0.1557284  0.21202892 0.2599032  0.2330522 ]] 
Episode: 629: [[0.08718495 0.15571938 0.21207792 0.25993326 0.23300946]] 
Episode: 630: [[0.08720789 0.15573438 0.21215598 0.25994322 0.232934  ]] 
Episode: 631: [[0.087157   0.1556603  0.21214776 0.26001114 0.23297778]] 
Episode: 632: [[0.0871101  0.15559207 0.21212232 0.26007754 0.23302343]] 
Episode: 633: [[0.08704869 0.15550926 0.21207456 0.26015586 0.23309201]] 
Episode: 634: [[0.08695427 0.15535565 0.21198884 0.26026794 0.23323454]] 
Episode: 635: [[0.08685642 0.15520747 0.21189496 0.2603725  0.23338497]] 
Episode: 636: [[0.08677234 0.1550905  0.21184209 0.26047024 0.23348434]] 
Episode: 637: [[0.0867149  0.15501578 0.21183379 0.26052415 0.23354529]] 
Episode: 638: [[0.08666595 0.15494785 0.21182723 0.26056418 0.23360604]] 
Episode: 639: [[0.08665837 0.15495457 0.21192235 0.26057193 0.23355173]] 
Episode: 640: [[0.0865171  0.15478034 0.21181032 0.26076373 0.23366596]] 
Episode: 641: [[0.0864366  0.15468405 0.21177992 0.26088995 0.2336908 ]] 
Episode: 642: [[0.0863654  0.15459591 0.21175162 0.2610011  0.23371625]] 
Episode: 643: [[0.08631141 0.15453283 0.21174708 0.2610924  0.23371553]] 
Episode: 644: [[0.08619027 0.15447694 0.21161614 0.26111954 0.23386961]] 
Episode: 645: [[0.08607672 0.15442413 0.21149328 0.26114556 0.23401444]] 
Episode: 646: [[0.08597472 0.15436633 0.21139124 0.26118854 0.23413262]] 
Episode: 647: [[0.08585776 0.15429194 0.21129477 0.261242   0.2342642 ]] 
Episode: 648: [[0.08570388 0.15417075 0.2111587  0.261331   0.23445006]] 
Episode: 649: [[0.08558004 0.15409176 0.21101587 0.2613706  0.23462637]] 
Episode: 650: [[0.08546614 0.15401925 0.21088523 0.261405   0.23478995]] 
Episode: 651: [[0.08536217 0.15395364 0.21077506 0.26143542 0.23493524]] 
Episode: 652: [[0.08519621 0.153773   0.2105884  0.26152682 0.2352062 ]] 
Episode: 653: [[0.08501063 0.1535243  0.21038452 0.26170942 0.23548017]] 
Episode: 654: [[0.08485515 0.15332177 0.21021931 0.26186433 0.23569982]] 
Episode: 655: [[0.08464627 0.15305552 0.21001776 0.26205862 0.23599344]] 
Episode: 656: [[0.08444416 0.15278853 0.20982036 0.26226127 0.23627463]] 
Episode: 657: [[0.08424392 0.15253617 0.20963489 0.26246712 0.23653342]] 
Episode: 658: [[0.08407306 0.15232651 0.20944732 0.26265082 0.23675627]] 
Episode: 659: [[0.08393605 0.15214328 0.2093075  0.2627905  0.23694961]] 
Episode: 660: [[0.08381918 0.15199788 0.2092098  0.26290664 0.23709688]] 
Episode: 661: [[0.0837277 0.1518839 0.2091419 0.2629966 0.2372087]] 
Episode: 662: [[0.08366156 0.15178189 0.20909964 0.26307514 0.23729166]] 
Episode: 663: [[0.08359429 0.15168692 0.20906286 0.2631449  0.23737416]] 
Episode: 664: [[0.0834941  0.15155205 0.20896968 0.26324776 0.23751162]] 
Episode: 665: [[0.0834493  0.15147303 0.20894115 0.2633105  0.23756823]] 
Episode: 666: [[0.08339059 0.15133929 0.20890932 0.26343083 0.23763429]] 
Episode: 667: [[0.08332001 0.1511941  0.20887664 0.2635468  0.23772228]] 
Episode: 668: [[0.08322401 0.15103917 0.20881905 0.26367444 0.23783687]] 
Episode: 669: [[0.08315    0.15092641 0.20878972 0.26377293 0.23791175]] 
Episode: 670: [[0.08310319 0.15084802 0.20879391 0.26383162 0.23795731]] 
Episode: 671: [[0.08309004 0.1507733  0.20884079 0.26392078 0.23793174]] 
Episode: 672: [[0.08307274 0.1506966  0.20887262 0.26400623 0.23792104]] 
Episode: 673: [[0.08305752 0.15062718 0.20891413 0.26408726 0.23790179]] 
Episode: 674: [[0.08299372 0.15053394 0.20893337 0.264197   0.23792005]] 
Episode: 675: [[0.08294389 0.15045899 0.20896173 0.2642905  0.237923  ]] 
Episode: 676: [[0.08287539 0.15038233 0.20894673 0.26437408 0.23796861]] 
Episode: 677: [[0.08273885 0.1502327  0.20883746 0.26451665 0.23811595]] 
Episode: 678: [[0.08245039 0.14993015 0.20866832 0.26478437 0.23840779]] 
Episode: 679: [[0.08217596 0.14964728 0.20850547 0.2650345  0.23868623]] 
Episode: 680: [[0.08195545 0.1494209  0.20839193 0.26522672 0.23890768]] 
Episode: 681: [[0.081778   0.14924921 0.20828749 0.26538664 0.23907778]] 
Episode: 682: [[0.0816183  0.14910544 0.20819719 0.26553112 0.23921905]] 
Episode: 683: [[0.08146551 0.14896871 0.20812571 0.2656728  0.23934372]] 
Episode: 684: [[0.08134551 0.14885817 0.20810106 0.2658009  0.23941441]] 
Episode: 685: [[0.08122992 0.14874448 0.20807478 0.2659285  0.23948678]] 
Episode: 686: [[0.08113877 0.14866433 0.20810756 0.26602837 0.23951009]] 
Episode: 687: [[0.08105093 0.14859602 0.20815052 0.26612046 0.23952296]] 
Episode: 688: [[0.08097325 0.14853491 0.20819192 0.2662088  0.23952737]] 
Episode: 689: [[0.08089077 0.14847337 0.20822778 0.26631308 0.2395244 ]] 
Episode: 690: [[0.08084396 0.14845859 0.20830192 0.26633763 0.23950794]] 
Episode: 691: [[0.08078684 0.14840491 0.20835347 0.26637086 0.23953597]] 
Episode: 692: [[0.08072043 0.14838767 0.20836681 0.2663639  0.23959033]] 
Episode: 693: [[0.08067472 0.14839877 0.20840847 0.26634103 0.23960695]] 
Episode: 694: [[0.08061162 0.14836161 0.20841862 0.26635757 0.23965864]] 
Episode: 695: [[0.08055362 0.14832808 0.20841625 0.2663581  0.23972376]] 
Episode: 696: [[0.08053347 0.14830972 0.20842703 0.26638874 0.23972002]] 
Episode: 697: [[0.08051928 0.14830625 0.20847987 0.2663974  0.23969823]] 
Episode: 698: [[0.08052201 0.14831316 0.2085281  0.26638815 0.23967437]] 
Episode: 699: [[0.08053473 0.14833696 0.2086182  0.26636595 0.23962057]] 
Episode: 700: [[0.08055476 0.14836633 0.20871463 0.26634178 0.23955603]] 
Episode: 701: [[0.08058424 0.14840996 0.20882078 0.26630136 0.23948234]] 
Episode: 702: [[0.08060692 0.14844972 0.20891176 0.26626074 0.23942377]] 
Episode: 703: [[0.08062764 0.14844406 0.20898062 0.26625365 0.2393886 ]] 
Episode: 704: [[0.08064902 0.14843841 0.20905964 0.2662445  0.23934998]] 
Episode: 705: [[0.08066277 0.14843185 0.20914851 0.2662641  0.23928761]] 
Episode: 706: [[0.08062649 0.14843747 0.20917055 0.2663175  0.2392485 ]] 
Episode: 707: [[0.08057348 0.14840068 0.20916753 0.2664072  0.2392382 ]] 
Episode: 708: [[0.08053098 0.14837606 0.2091757  0.2664648  0.23923278]] 
Episode: 709: [[0.08048202 0.1483586  0.20916069 0.26648766 0.23926586]] 
Episode: 710: [[0.08043511 0.14832453 0.20914981 0.2665233  0.23929949]] 
Episode: 711: [[0.08036992 0.14827392 0.20914656 0.26656705 0.23934856]] 
Episode: 712: [[0.08032291 0.14825064 0.20916434 0.26658797 0.23937166]] 
Episode: 713: [[0.08029235 0.14824009 0.20920871 0.26661786 0.23935296]] 
Episode: 714: [[0.08028429 0.14826249 0.20923361 0.26660857 0.239334  ]] 
Episode: 715: [[0.08026915 0.14828394 0.20925565 0.26659435 0.23932584]] 
Episode: 716: [[0.08026976 0.14831384 0.20930724 0.26657337 0.23929217]] 
Episode: 717: [[0.08028302 0.14838293 0.20935267 0.26654485 0.23922537]] 
Episode: 718: [[0.08031124 0.14846161 0.20941561 0.26650473 0.23914239]] 
Episode: 719: [[0.08032997 0.1485227  0.20945486 0.26648158 0.23907767]] 
Episode: 720: [[0.08034938 0.14858155 0.20949493 0.26645797 0.2390145 ]] 
Episode: 721: [[0.08052594 0.14881857 0.20970285 0.266246   0.23879416]] 
Episode: 722: [[0.0806251  0.14897443 0.20980576 0.266107   0.23867963]] 
Episode: 723: [[0.08070142 0.14914921 0.20993994 0.26606077 0.23846745]] 
Episode: 724: [[0.08077527 0.14934796 0.2100782  0.2660011  0.23824382]] 
Episode: 725: [[0.08084352 0.14953007 0.21021253 0.26594234 0.23803823]] 
Episode: 726: [[0.0809565  0.14981316 0.21048856 0.26576877 0.23774509]] 
Episode: 727: [[0.08105684 0.15007237 0.21073669 0.26560512 0.2374847 ]] 
Episode: 728: [[0.08115564 0.15032503 0.21096377 0.2654368  0.23724422]] 
Episode: 729: [[0.08129113 0.15063386 0.21122529 0.26522854 0.23694858]] 
Episode: 730: [[0.08143355 0.15094376 0.21149929 0.26502404 0.23663794]] 
Episode: 731: [[0.08142562 0.15114586 0.21147342 0.26483554 0.23652233]] 
Episode: 732: [[0.08141636 0.15131716 0.21147527 0.26464304 0.2364359 ]] 
Episode: 733: [[0.08151396 0.15160753 0.211628   0.26432616 0.2362231 ]] 
Episode: 734: [[0.0815179  0.15176956 0.21166264 0.26408404 0.236183  ]] 
Episode: 735: [[0.08155338 0.1518927  0.21166956 0.2638604  0.23616394]] 
Episode: 736: [[0.08151485 0.15187602 0.21166068 0.2637161  0.23625983]] 
Episode: 737: [[0.08148072 0.15178995 0.21162987 0.2636289  0.23638329]] 
Episode: 738: [[0.08143334 0.15172508 0.21167089 0.26355344 0.23645757]] 
Episode: 739: [[0.08137727 0.15165308 0.21169063 0.26349446 0.2365452 ]] 
Episode: 740: [[0.08128549 0.15153039 0.21160613 0.2634405  0.23674875]] 
Episode: 741: [[0.08124687 0.15144733 0.21163988 0.26345566 0.23677556]] 
Episode: 742: [[0.08111653 0.15133701 0.21165743 0.26346916 0.23689318]] 
Episode: 743: [[0.08106942 0.15140077 0.21181649 0.26336968 0.23684286]] 
Episode: 744: [[0.08098281 0.15151134 0.21177259 0.2633456  0.23681374]] 
Episode: 745: [[0.08084922 0.15158696 0.21167348 0.26326612 0.23691666]] 
Episode: 746: [[0.08072124 0.15164971 0.21157926 0.2632009  0.23701563]] 
Episode: 747: [[0.08035125 0.15152697 0.21118775 0.2629556  0.23725748]] 
Episode: 748: [[0.07999563 0.15138073 0.21080291 0.2627512  0.23752162]] 
Episode: 749: [[0.07943128 0.15107387 0.21016873 0.26257947 0.23790976]] 
Episode: 750: [[0.07893729 0.15078838 0.20961015 0.26241666 0.23825869]] 
Episode: 751: [[0.0785181  0.15053584 0.20913546 0.26228112 0.23852985]] 
Episode: 752: [[0.07809411 0.15025645 0.20863062 0.2621902  0.2388609 ]] 
Episode: 753: [[0.07768612 0.14998266 0.20817305 0.26212144 0.23918466]] 
Episode: 754: [[0.07732362 0.14973189 0.20775083 0.26205847 0.23948276]] 
Episode: 755: [[0.07700744 0.14953625 0.20740001 0.26197505 0.23972566]] 
Episode: 756: [[0.07671636 0.1493513  0.20707065 0.26189616 0.23996553]] 
Episode: 757: [[0.07637655 0.1490874  0.20667724 0.26187685 0.24031875]] 
Episode: 758: [[0.07607098 0.14882714 0.20633733 0.2618673  0.24064231]] 
Episode: 759: [[0.07574248 0.14855938 0.20588882 0.26186877 0.24105781]] 
Episode: 760: [[0.07544995 0.14832541 0.20550373 0.2618602  0.24142225]] 
Episode: 761: [[0.0751663  0.14808758 0.20512259 0.2618687  0.24178998]] 
Episode: 762: [[0.07487233 0.14782208 0.2047516  0.26192498 0.24216309]] 
Episode: 763: [[0.07459287 0.14757006 0.20440714 0.26198742 0.24251473]] 
Episode: 764: [[0.07435951 0.14740314 0.2041386  0.2620243  0.24276344]] 
Episode: 765: [[0.07414742 0.14724673 0.20391591 0.2620801  0.24296604]] 
Episode: 766: [[0.07395137 0.14711139 0.20365335 0.26204646 0.24324436]] 
Episode: 767: [[0.07377298 0.1469851  0.20341998 0.26202556 0.24349074]] 
Episode: 768: [[0.0736147  0.14687254 0.20320678 0.26197445 0.24373741]] 
Episode: 769: [[0.07351187 0.14680494 0.2030278  0.2619138  0.2439123 ]] 
Episode: 770: [[0.07343438 0.14676179 0.20288569 0.26184025 0.24405125]] 
Episode: 771: [[0.07334948 0.1466997  0.20275839 0.26181063 0.24417555]] 
Episode: 772: [[0.07330411 0.14667986 0.20268057 0.26174825 0.24424829]] 
Episode: 773: [[0.07325381 0.14665218 0.20259432 0.2617057  0.24432504]] 
Episode: 774: [[0.0731827  0.14659595 0.20248838 0.26169777 0.24442604]] 
Episode: 775: [[0.07310259 0.14653395 0.20238633 0.26171193 0.24452256]] 
Episode: 776: [[0.07304075 0.14648895 0.20230842 0.26171294 0.24459645]] 
Episode: 777: [[0.07299028 0.146453   0.20225605 0.2617098  0.24465026]] 
Episode: 778: [[0.07291514 0.14638366 0.20217845 0.261739   0.24473752]] 
Episode: 779: [[0.07286397 0.14634854 0.20212252 0.2617515  0.24478708]] 
Episode: 780: [[0.07282916 0.14633906 0.20209353 0.2617589  0.24479853]] 
Episode: 781: [[0.07280615 0.14632577 0.20204927 0.26177645 0.2448084 ]] 
Episode: 782: [[0.07281898 0.14636788 0.20207769 0.26175457 0.24474716]] 
Episode: 783: [[0.07284843 0.14642507 0.20213254 0.26172292 0.24465986]] 
Episode: 784: [[0.07289468 0.14651415 0.20220616 0.26166514 0.2445488 ]] 
Episode: 785: [[0.0729207  0.14656799 0.20226559 0.26164487 0.24445857]] 
Episode: 786: [[0.0729453  0.14661072 0.20231214 0.2616155  0.24439384]] 
Episode: 787: [[0.07297973 0.14666402 0.202367   0.26157945 0.24431689]] 
Episode: 788: [[0.07299119 0.14669636 0.20240298 0.26156747 0.24426287]] 
Episode: 789: [[0.07301834 0.14674245 0.2024377  0.26155418 0.24419074]] 
Episode: 790: [[0.07300117 0.14672908 0.20243996 0.26158014 0.24418136]] 
Episode: 791: [[0.07295486 0.1466844  0.20239986 0.26162606 0.24422212]] 
Episode: 792: [[0.07283963 0.14652301 0.20229958 0.26178792 0.24434145]] 
Episode: 793: [[0.07274848 0.14639468 0.20223276 0.2619268  0.24442066]] 
Episode: 794: [[0.07259081 0.14616199 0.20206672 0.2621552  0.244607  ]] 
Episode: 795: [[0.07242584 0.14613247 0.20178516 0.26221657 0.24479966]] 
Episode: 796: [[0.07227121 0.1461084  0.20153272 0.26226255 0.24498141]] 
Episode: 797: [[0.07214751 0.1461137  0.20134741 0.26227796 0.24511236]] 
Episode: 798: [[0.0720503  0.14613439 0.20119657 0.26226604 0.24522078]] 
Episode: 799: [[0.07197402 0.14616795 0.20108126 0.26224053 0.24530043]] 
Episode: 800: [[0.07193908 0.14621249 0.20095338 0.26218933 0.24537477]] 
Episode: 801: [[0.07191534 0.14626084 0.20085017 0.26213738 0.24542874]] 
Episode: 802: [[0.0718794  0.1462883  0.20076104 0.26210916 0.24548294]] 
Episode: 803: [[0.07187857 0.14635134 0.20071656 0.26205128 0.24548817]] 
Episode: 804: [[0.07190501 0.14643691 0.20073159 0.26198152 0.2454384 ]] 
Episode: 805: [[0.07193214 0.14652212 0.20077452 0.26191327 0.24537411]] 
Episode: 806: [[0.07197585 0.14662963 0.20084213 0.2618261  0.24528441]] 
Episode: 807: [[0.07203156 0.14675145 0.20088957 0.26172668 0.24519607]] 
Episode: 808: [[0.07203826 0.14682838 0.20088735 0.26162937 0.24519913]] 
Episode: 809: [[0.07199524 0.14684708 0.20080863 0.26157615 0.24528518]] 
Episode: 810: [[0.07196448 0.14687483 0.20074396 0.26152351 0.24534927]] 
Episode: 811: [[0.07196329 0.14690438 0.20057946 0.2614192  0.24548665]] 
Episode: 812: [[0.07194888 0.1469103  0.20041862 0.26134938 0.24562307]] 
Episode: 813: [[0.07188387 0.14688064 0.20022328 0.2613142  0.24580954]] 
Episode: 814: [[0.07181655 0.14684884 0.20004204 0.26127258 0.24599753]] 
Episode: 815: [[0.07175981 0.14683962 0.19984621 0.26123795 0.24616227]] 
Episode: 816: [[0.07169798 0.14681502 0.19968721 0.26123264 0.24630144]] 
Episode: 817: [[0.07163195 0.14678192 0.19952819 0.261233   0.24644607]] 
Episode: 818: [[0.07156439 0.14675222 0.19940053 0.26124522 0.24656364]] 
Episode: 819: [[0.07146065 0.14668468 0.19923614 0.26130843 0.24671288]] 
Episode: 820: [[0.07140491 0.14668074 0.19917512 0.2613337  0.24675788]] 
Episode: 821: [[0.07131585 0.14666782 0.1991239  0.26136717 0.24681866]] 
Episode: 822: [[0.07122717 0.14664714 0.19906992 0.26140583 0.24688327]] 
Episode: 823: [[0.07115131 0.14663014 0.19903421 0.26142913 0.24694034]] 
Episode: 824: [[0.07108894 0.14662272 0.19901557 0.2614433  0.24698012]] 
Episode: 825: [[0.07099692 0.14657089 0.19896153 0.26149356 0.24706434]] 
Episode: 826: [[0.0709153  0.14652464 0.19892153 0.2615424  0.24713187]] 
Episode: 827: [[0.07084472 0.14648639 0.1988997  0.26158485 0.24718216]] 
Episode: 828: [[0.07076889 0.14643882 0.19886698 0.261638   0.2472405 ]] 
Episode: 829: [[0.07067738 0.14636667 0.19886146 0.2617091  0.24730098]] 
Episode: 830: [[0.0705903  0.14629881 0.19876856 0.26173002 0.24743904]] 
Episode: 831: [[0.0704457  0.14613996 0.19861336 0.26183543 0.24765238]] 
Episode: 832: [[0.0703224  0.14600538 0.19848253 0.26192215 0.24783526]] 
Episode: 833: [[0.0701922  0.14588173 0.19831592 0.2619796  0.24805401]] 
Episode: 834: [[0.07009568 0.14579478 0.19819216 0.26200947 0.24822229]] 
Episode: 835: [[0.06995758 0.14565118 0.19801466 0.2620683  0.24846664]] 
Episode: 836: [[0.06984309 0.14553688 0.19785668 0.26210374 0.24868113]] 
Episode: 837: [[0.06970207 0.14540301 0.19767374 0.2621451  0.2489353 ]] 
Episode: 838: [[0.0694738  0.14522567 0.19740956 0.2622268  0.24928518]] 
Episode: 839: [[0.06926908 0.14506969 0.1971793  0.2623057  0.2495886 ]] 
Episode: 840: [[0.06911255 0.14496331 0.19701475 0.26235792 0.24981017]] 
Episode: 841: [[0.06893644 0.1448292  0.19683409 0.26243073 0.25005832]] 
Episode: 842: [[0.06882729 0.14478068 0.1967329  0.26243803 0.250207  ]] 
Episode: 843: [[0.06874415 0.14475584 0.1966612  0.26243255 0.250316  ]] 
Episode: 844: [[0.06865709 0.14471708 0.19658355 0.26244038 0.2504315 ]] 
Episode: 845: [[0.06858533 0.14468643 0.19651085 0.26244417 0.2505321 ]] 
Episode: 846: [[0.06852936 0.14466731 0.19645321 0.2624428  0.25061035]] 
Episode: 847: [[0.06851861 0.14469057 0.19645043 0.26239887 0.2506326 ]] 
Episode: 848: [[0.06851872 0.14468378 0.19643779 0.2624001  0.25064358]] 
Episode: 849: [[0.06852252 0.14468367 0.19644204 0.26240295 0.25063702]] 
Episode: 850: [[0.06847396 0.14461632 0.19640821 0.26245892 0.2506948 ]] 
Episode: 851: [[0.06841743 0.14458299 0.19638541 0.26244906 0.2507745 ]] 
Episode: 852: [[0.06836192 0.14454539 0.19636287 0.2624408  0.2508558 ]] 
Episode: 853: [[0.06832735 0.14453135 0.19635381 0.26242062 0.25090778]] 
Episode: 854: [[0.06829394 0.14449888 0.19641401 0.26242006 0.25092447]] 
Episode: 855: [[0.06822037 0.14441368 0.19641848 0.26242787 0.25102988]] 
Episode: 856: [[0.06816347 0.14434268 0.196441   0.26243314 0.25110674]] 
Episode: 857: [[0.06809489 0.14426209 0.19644627 0.26243287 0.25121126]] 
Episode: 858: [[0.06804971 0.14420007 0.19650638 0.2624447  0.25124982]] 
Episode: 859: [[0.06798118 0.14412257 0.1965348  0.26244405 0.25134027]] 
Episode: 860: [[0.06793658 0.14405072 0.1965721  0.26246977 0.2513873 ]] 
Episode: 861: [[0.06787812 0.14394943 0.19656368 0.26250243 0.25148433]] 
Episode: 862: [[0.06769493 0.14367689 0.19645658 0.26263    0.25172418]] 
Episode: 863: [[0.0675327  0.14343147 0.19631095 0.26275653 0.2519541 ]] 
Episode: 864: [[0.06731942 0.14313933 0.1960704  0.26287124 0.2523114 ]] 
Episode: 865: [[0.06714321 0.14289251 0.19582678 0.26294243 0.25264862]] 
Episode: 866: [[0.06689601 0.14256145 0.19553    0.26312238 0.2530429 ]] 
Episode: 867: [[0.0666649  0.14224689 0.19525309 0.2632888  0.2534179 ]] 
Episode: 868: [[0.06645069 0.14195453 0.19499493 0.26344395 0.25376698]] 
Episode: 869: [[0.06622156 0.14165151 0.1947187  0.26360986 0.2541365 ]] 
Episode: 870: [[0.06601899 0.14139189 0.19448288 0.26375335 0.2544542 ]] 
Episode: 871: [[0.06583867 0.14116876 0.19429733 0.2638817  0.25471753]] 
Episode: 872: [[0.06568933 0.14098881 0.1941722  0.2639966  0.2549094 ]] 
Episode: 873: [[0.06560599 0.14088221 0.19409372 0.26407176 0.25501165]] 
Episode: 874: [[0.06552319 0.1407789  0.1940122  0.26414126 0.2551182 ]] 
Episode: 875: [[0.06544215 0.14066783 0.19394265 0.2642113  0.25522524]] 
Episode: 876: [[0.06538486 0.1405832  0.19391763 0.26427752 0.25527883]] 
Episode: 877: [[0.06535222 0.14052796 0.1939303  0.2643371  0.25528154]] 
Episode: 878: [[0.06533045 0.1404736  0.19394542 0.2644013  0.2552736 ]] 
Episode: 879: [[0.06529921 0.14043094 0.19397208 0.26444447 0.25527254]] 
Episode: 880: [[0.06522141 0.14033028 0.19392091 0.26450893 0.255369  ]] 
Episode: 881: [[0.0650756  0.1402008  0.19376044 0.26456654 0.25558704]] 
Episode: 882: [[0.06491147 0.14003815 0.19359522 0.2646531  0.2558238 ]] 
Episode: 883: [[0.06472132 0.13984554 0.19341828 0.2647759  0.25607878]] 
Episode: 884: [[0.06455242 0.13967611 0.19326448 0.26488814 0.25629982]] 
Episode: 885: [[0.06438401 0.13949929 0.1931107  0.2650048  0.25652376]] 
Episode: 886: [[0.06426572 0.13938907 0.1930262  0.26508075 0.25666156]] 
Episode: 887: [[0.06418411 0.13932586 0.19298151 0.26512083 0.2567478 ]] 
Episode: 888: [[0.06410696 0.13926655 0.19293778 0.26516846 0.2568225 ]] 
Episode: 889: [[0.06406131 0.13923793 0.19292638 0.26519126 0.2568573 ]] 
Episode: 890: [[0.06399163 0.13919045 0.19290254 0.2652175  0.25692496]] 
Episode: 891: [[0.06392575 0.1391323  0.19286776 0.2652401  0.2570077 ]] 
Episode: 892: [[0.06388658 0.13910377 0.19286792 0.26525086 0.25704294]] 
Episode: 893: [[0.06385715 0.1390773  0.19288963 0.265262   0.25706032]] 
Episode: 894: [[0.06381562 0.13903257 0.19288698 0.26527897 0.25710735]] 
Episode: 895: [[0.0638072  0.13900991 0.19290192 0.26527652 0.25712377]] 
Episode: 896: [[0.0638338  0.13902053 0.19292545 0.2652652  0.25709575]] 
Episode: 897: [[0.06388284 0.13909213 0.19299869 0.26520896 0.25701442]] 
Episode: 898: [[0.06392104 0.13917683 0.19307137 0.26512578 0.2569491 ]] 
Episode: 899: [[0.06393381 0.13921836 0.19310036 0.2650857  0.2569227 ]] 
Episode: 900: [[0.06392431 0.13922511 0.19311528 0.26507917 0.25691915]] 
Episode: 901: [[0.06389491 0.13920231 0.19309393 0.26507753 0.25696534]] 
Episode: 902: [[0.06385507 0.13915183 0.1930641  0.26509714 0.25702846]] 
Episode: 903: [[0.06381895 0.13910896 0.19304179 0.26510572 0.2570879 ]] 
Episode: 904: [[0.06379475 0.13907374 0.19303857 0.2651103  0.257128  ]] 
Episode: 905: [[0.06379728 0.13908538 0.19308607 0.26510373 0.2570981 ]] 
Episode: 906: [[0.06378818 0.13905832 0.19313517 0.26512405 0.2570856 ]] 
Episode: 907: [[0.06375977 0.13900378 0.19318153 0.26516798 0.25709015]] 
Episode: 908: [[0.06373753 0.13895524 0.19322997 0.26520988 0.25708687]] 
Episode: 909: [[0.06370488 0.13892102 0.19322032 0.26523036 0.25712228]] 
Episode: 910: [[0.06367999 0.1388984  0.19322945 0.26523226 0.2571486 ]] 
Episode: 911: [[0.06368062 0.13891613 0.19326857 0.26521793 0.2571249 ]] 
Episode: 912: [[0.06363168 0.13887192 0.19325179 0.26523116 0.2571866 ]] 
Episode: 913: [[0.06357266 0.13881944 0.19321983 0.2652348  0.2572754 ]] 
Episode: 914: [[0.06351764 0.13876773 0.19319122 0.26524374 0.25735572]] 
Episode: 915: [[0.06350299 0.13877231 0.19319105 0.26521423 0.25738215]] 
Episode: 916: [[0.0634677  0.13872425 0.19314972 0.26520035 0.25747183]] 
Episode: 917: [[0.06344182 0.1386793  0.19312428 0.26518607 0.25754625]] 
Episode: 918: [[0.06343032 0.13866727 0.19313335 0.26515704 0.2575797 ]] 
Episode: 919: [[0.06343389 0.13866797 0.19315846 0.26510578 0.25760317]] 
Episode: 920: [[0.0634267  0.13864502 0.1931595  0.2650789  0.2576456 ]] 
Episode: 921: [[0.06342071 0.13862194 0.19316122 0.2650432  0.25769377]] 
Episode: 922: [[0.06341328 0.13860603 0.19316249 0.26500234 0.2577409 ]] 
Episode: 923: [[0.06333988 0.13855702 0.19311672 0.2649602  0.25787568]] 
Episode: 924: [[0.06325441 0.13846835 0.19304861 0.26497474 0.25801829]] 
Episode: 925: [[0.06316224 0.13836992 0.19296709 0.26499584 0.25817427]] 
Episode: 926: [[0.06305205 0.13823459 0.19285437 0.26501507 0.25838697]] 
Episode: 927: [[0.06294408 0.13811561 0.19272739 0.26501718 0.25860474]] 
Episode: 928: [[0.06284843 0.13802105 0.19260974 0.26499453 0.2588096 ]] 
Episode: 929: [[0.06275941 0.13793164 0.19249502 0.2649742  0.2590034 ]] 
Episode: 930: [[0.06266229 0.13782409 0.19236562 0.26495737 0.25922105]] 
Episode: 931: [[0.06258875 0.1377411  0.19228318 0.26493156 0.25938922]] 
Episode: 932: [[0.06251964 0.13765965 0.19220647 0.26491904 0.259541  ]] 
Episode: 933: [[0.06247652 0.1376088  0.19218002 0.26489693 0.2596359 ]] 
Episode: 934: [[0.06239722 0.13753843 0.19208188 0.26477945 0.25987154]] 
Episode: 935: [[0.06234309 0.13750172 0.19203354 0.26465484 0.26004708]] 
Episode: 936: [[0.06228852 0.13747181 0.19198383 0.26452434 0.26022235]] 
Episode: 937: [[0.06225321 0.13745809 0.1919679  0.2643985  0.260354  ]] 
Episode: 938: [[0.06224065 0.13747245 0.19198646 0.26426816 0.2604369 ]] 
Episode: 939: [[0.06223584 0.13749702 0.19201897 0.26414433 0.26049563]] 
Episode: 940: [[0.06225048 0.13752627 0.19204901 0.26408142 0.26049593]] 
Episode: 941: [[0.06225791 0.13754322 0.19206834 0.26403934 0.26049992]] 
Episode: 942: [[0.06224652 0.13751209 0.1920784  0.26403648 0.2605287 ]] 
Episode: 943: [[0.06225092 0.13749689 0.19211975 0.2640254  0.2605268 ]] 
Episode: 944: [[0.06226701 0.13749504 0.19217727 0.2640181  0.260497  ]] 
Episode: 945: [[0.06229077 0.13750269 0.19224781 0.26401046 0.26044923]] 
Episode: 946: [[0.06232767 0.13753577 0.19233489 0.263987   0.26037732]] 
Episode: 947: [[0.06234026 0.1375356  0.19238482 0.26397318 0.2603566 ]] 
Episode: 948: [[0.06235474 0.13754158 0.19243573 0.26396704 0.2603237 ]] 
Episode: 949: [[0.0623997  0.13760659 0.19249797 0.2639084  0.26025957]] 
Episode: 950: [[0.06241956 0.13764383 0.19254549 0.26388553 0.26021236]] 
Episode: 951: [[0.06245023 0.1376932  0.19260722 0.26385865 0.2601455 ]] 
Episode: 952: [[0.06245536 0.13770305 0.19263986 0.26383838 0.2601339 ]] 
Episode: 953: [[0.06242289 0.13765572 0.19261988 0.26387954 0.2601693 ]] 
Episode: 954: [[0.06222754 0.13742466 0.19233795 0.26395425 0.26035506]] 
Episode: 955: [[0.06203062 0.13719532 0.1920572  0.26401344 0.26057023]] 
Episode: 956: [[0.0618278  0.13695969 0.19176506 0.2640809  0.26081052]] 
Episode: 957: [[0.06163619 0.13674365 0.19147795 0.26413617 0.26105073]] 
Episode: 958: [[0.06149456 0.13659188 0.1912761  0.2641802  0.26119152]] 
Episode: 959: [[0.06136004 0.13644275 0.19109136 0.26423362 0.26132363]] 
Episode: 960: [[0.0612236  0.13628748 0.19091468 0.264293   0.2614648 ]] 
Episode: 961: [[0.0611546  0.13616903 0.19082724 0.26436448 0.26149672]] 
Episode: 962: [[0.06110433 0.1360793  0.19077854 0.26441953 0.26149735]] 
Episode: 963: [[0.06107649 0.13601778 0.19076179 0.26445952 0.26146647]] 
Episode: 964: [[0.06109814 0.13601059 0.19082302 0.26447755 0.26135007]] 
Episode: 965: [[0.06113174 0.13596681 0.19085991 0.26454896 0.26123646]] 
Episode: 966: [[0.06116654 0.13593183 0.19091168 0.26459706 0.26113078]] 
Episode: 967: [[0.06119477 0.13589992 0.19095273 0.26464522 0.26103684]] 
Episode: 968: [[0.06123022 0.13589495 0.19098167 0.26460907 0.26098955]] 
Episode: 969: [[0.06126811 0.13590017 0.19102357 0.2645716  0.2609317 ]] 
Episode: 970: [[0.0613292  0.13592406 0.19109498 0.26452807 0.2608401 ]] 
Episode: 971: [[0.061249   0.13575657 0.19094084 0.26459095 0.26091164]] 
Episode: 972: [[0.06122612 0.13567635 0.19078243 0.26460603 0.26093188]] 
Episode: 973: [[0.06121144 0.13561773 0.19064058 0.26460415 0.26094663]] 
Episode: 974: [[0.06120544 0.13557498 0.19052151 0.26458886 0.26095346]] 
Episode: 975: [[0.06121818 0.135551   0.19043866 0.2645712  0.26092875]] 
Episode: 976: [[0.06123735 0.13554545 0.19035992 0.2645307  0.26090917]] 
Episode: 977: [[0.06117248 0.13553426 0.19020022 0.26449263 0.26098612]] 
Episode: 978: [[0.0610229  0.13543147 0.19006747 0.26454479 0.26111212]] 
Episode: 979: [[0.060885   0.13538958 0.18985006 0.2644988  0.2613019 ]] 
Episode: 980: [[0.06077838 0.13538273 0.18966453 0.2644077  0.2614694 ]] 
Episode: 981: [[0.06066066 0.13533951 0.18947159 0.26434916 0.26165766]] 
Episode: 982: [[0.06054625 0.13529015 0.18928099 0.26428932 0.2618537 ]] 
Episode: 983: [[0.06044347 0.1352465  0.18911189 0.2642267  0.26203454]] 
Episode: 984: [[0.06034668 0.13519955 0.18894908 0.26416937 0.26221174]] 
Episode: 985: [[0.06024217 0.13515066 0.18875268 0.26411664 0.2624114 ]] 
Episode: 986: [[0.06015142 0.13511923 0.18859296 0.2640665  0.26257262]] 
Episode: 987: [[0.06003356 0.13513407 0.18839966 0.26394513 0.2627821 ]] 
Episode: 988: [[0.05992961 0.135148   0.18823102 0.26384354 0.2629608 ]] 
Episode: 989: [[0.05987469 0.13520995 0.18811223 0.26372793 0.2630619 ]] 
Episode: 990: [[0.05980683 0.13524944 0.18798779 0.26362902 0.2631809 ]] 
Episode: 991: [[0.05975425 0.13529436 0.18791488 0.26355487 0.26324573]] 
Episode: 992: [[0.0597173  0.13534185 0.18785907 0.26348308 0.2632916 ]] 
Episode: 993: [[0.05966631 0.13536619 0.1877958  0.26344115 0.2633473 ]] 
Episode: 994: [[0.05964305 0.13542172 0.18777728 0.2633907  0.26334825]] 
Episode: 995: [[0.05961828 0.13545556 0.18776156 0.26335204 0.2633589 ]] 
Episode: 996: [[0.05959094 0.13546996 0.18774806 0.2633432  0.26336503]] 
Episode: 997: [[0.05958186 0.13551104 0.18777214 0.26332682 0.26332766]] 
Episode: 998: [[0.05957418 0.13556062 0.18780565 0.26328525 0.2632972 ]] 
Episode: 999: [[0.05957238 0.13560595 0.18785161 0.2632573  0.26325184]] 
Episode: 1000: [[0.05960481 0.13567443 0.18788078 0.2632108  0.26319167]] 
Episode: 1001: [[0.05960026 0.13570647 0.1878552  0.26315227 0.26321724]] 
Episode: 1002: [[0.05957687 0.13571067 0.18780243 0.2631104  0.26327735]] 
Episode: 1003: [[0.05941229 0.1355248  0.18754095 0.26312917 0.26348487]] 
Episode: 1004: [[0.05926024 0.13536769 0.18730569 0.2631266  0.26367936]] 
Episode: 1005: [[0.05911424 0.13522333 0.18708189 0.26311192 0.2638765 ]] 
Episode: 1006: [[0.05897293 0.13507837 0.18686432 0.26310003 0.26407835]] 
Episode: 1007: [[0.05883905 0.13494189 0.18665707 0.2630887  0.26427454]] 
Episode: 1008: [[0.05871959 0.1348143  0.18648423 0.26307443 0.26445046]] 
Episode: 1009: [[0.05862204 0.13469115 0.18630558 0.26302806 0.26464564]] 
Episode: 1010: [[0.05850121 0.13453558 0.1861121  0.2630279  0.26486155]] 
Episode: 1011: [[0.05839834 0.13440584 0.18594868 0.26302743 0.2650393 ]] 
Episode: 1012: [[0.05829382 0.13429472 0.18579248 0.26299995 0.26522496]] 
Episode: 1013: [[0.05825446 0.13426106 0.18576176 0.2629573  0.2652673 ]] 
Episode: 1014: [[0.0582192  0.13423014 0.1857331  0.26292175 0.2653043 ]] 
Episode: 1015: [[0.05815072 0.13413662 0.18566854 0.26293626 0.26539618]] 
Episode: 1016: [[0.05808725 0.13404502 0.18562686 0.262967   0.26546508]] 
Episode: 1017: [[0.05804883 0.13397369 0.18556248 0.26296994 0.26553905]] 
Episode: 1018: [[0.05803033 0.13393563 0.18548056 0.2630834  0.26550826]] 
Episode: 1019: [[0.05801338 0.13389798 0.18540104 0.26319307 0.26548088]] 
Episode: 1020: [[0.05799661 0.13386086 0.18533933 0.26328838 0.26545718]] 
Episode: 1021: [[0.05798284 0.13383305 0.18528748 0.26336613 0.26543456]] 
Episode: 1022: [[0.05792447 0.133766   0.1851805  0.2634638  0.2654825 ]] 
Episode: 1023: [[0.05787591 0.13371372 0.18509546 0.26356143 0.26550448]] 
Episode: 1024: [[0.05784846 0.13367698 0.18504511 0.2636385  0.26550215]] 
Episode: 1025: [[0.05782608 0.13364713 0.18500526 0.26370803 0.26549342]] 
Episode: 1026: [[0.05782216 0.13363452 0.18502066 0.26377848 0.2654346 ]] 
Episode: 1027: [[0.05782947 0.1336448  0.18504551 0.26382676 0.26536387]] 
Episode: 1028: [[0.05786216 0.13370909 0.18511334 0.26380372 0.26526713]] 
Episode: 1029: [[0.05790069 0.13377546 0.18519531 0.2637881  0.26515442]] 
Episode: 1030: [[0.05793648 0.13383849 0.18526973 0.26377636 0.26504776]] 
Episode: 1031: [[0.05795464 0.13387415 0.18528792 0.26378262 0.2649882 ]] 
Episode: 1032: [[0.05796637 0.13389575 0.18529293 0.26378545 0.2649531 ]] 
Episode: 1033: [[0.05792334 0.13384    0.18521675 0.26380888 0.26503515]] 
Episode: 1034: [[0.0578891  0.13378626 0.1851469  0.26384956 0.26509613]] 
Episode: 1035: [[0.05791844 0.13381962 0.18514267 0.26390362 0.26501274]] 
Episode: 1036: [[0.05791485 0.13380654 0.1851011  0.26397252 0.26499215]] 
Episode: 1037: [[0.05790612 0.13378467 0.18505642 0.26403415 0.2649884 ]] 
Episode: 1038: [[0.05793225 0.13376519 0.18503885 0.26415423 0.26491022]] 
Episode: 1039: [[0.05794551 0.1337405  0.18500888 0.26426816 0.26485372]] 
Episode: 1040: [[0.05793542 0.1336962  0.18495718 0.26438108 0.26483682]] 
Episode: 1041: [[0.05790727 0.13364361 0.18488854 0.2644515  0.26487458]] 
Episode: 1042: [[0.05784269 0.13354307 0.18475279 0.26452073 0.26500338]] 
Episode: 1043: [[0.05779169 0.13346907 0.18464325 0.26455802 0.26511395]] 
Episode: 1044: [[0.05774225 0.13334735 0.18455419 0.2646353  0.26522377]] 
Episode: 1045: [[0.05772699 0.13327125 0.18452105 0.2646817  0.26527402]] 
Episode: 1046: [[0.05772599 0.13323915 0.1845576  0.26469952 0.26526812]] 
Episode: 1047: [[0.05774973 0.13318875 0.18452096 0.2647283  0.26529193]] 
Episode: 1048: [[0.05781146 0.13319027 0.1845432  0.26475617 0.26522675]] 
Episode: 1049: [[0.05787456 0.13320471 0.18457754 0.26477864 0.2651486 ]] 
Episode: 1050: [[0.05792841 0.1332326  0.18461731 0.2648066  0.26505828]] 
Episode: 1051: [[0.05798471 0.13326745 0.1846624  0.26482487 0.26496542]] 
Episode: 1052: [[0.05805584 0.13338575 0.18465266 0.2648879  0.26479414]] 
Episode: 1053: [[0.05813149 0.13351387 0.18466431 0.26493174 0.26461586]] 
Episode: 1054: [[0.05820685 0.13363826 0.18469106 0.264969   0.26443803]] 
Episode: 1055: [[0.05827886 0.13375977 0.1847141  0.2649853  0.2642808 ]] 
Episode: 1056: [[0.05830315 0.13380371 0.1846804  0.2650452  0.26420715]] 
Episode: 1057: [[0.0582464  0.13377509 0.18456894 0.26516253 0.2642311 ]] 
Episode: 1058: [[0.05817286 0.13372445 0.18444875 0.26526165 0.26429823]] 
Episode: 1059: [[0.05811412 0.13362487 0.18434885 0.2653851  0.26436967]] 
Episode: 1060: [[0.05807315 0.13354799 0.18428524 0.26550403 0.2643994 ]] 
Episode: 1061: [[0.05802808 0.13347447 0.1841916  0.2656022  0.26445776]] 
Episode: 1062: [[0.05800292 0.13341548 0.18412298 0.26570252 0.26448062]] 
Episode: 1063: [[0.05799283 0.13338412 0.18403819 0.2657311  0.26453164]] 
Episode: 1064: [[0.05802382 0.13342951 0.18397848 0.26565868 0.264559  ]] 
Episode: 1065: [[0.05804253 0.13345367 0.18391582 0.26560518 0.2645978 ]] 
Episode: 1066: [[0.05806358 0.1334891  0.18387608 0.2655624  0.26460782]] 
Episode: 1067: [[0.0581143  0.1335619  0.1839538  0.26550674 0.2645248 ]] 
Episode: 1068: [[0.05815744 0.13361862 0.18401907 0.2654525  0.26446348]] 
Episode: 1069: [[0.05819036 0.13369207 0.18403807 0.265338   0.26445898]] 
Episode: 1070: [[0.05812119 0.13365589 0.1839348  0.26526317 0.26460826]] 
Episode: 1071: [[0.05804467 0.13359837 0.18382181 0.2652038  0.2647738 ]] 
Episode: 1072: [[0.05800361 0.13357863 0.18378574 0.26515943 0.26484495]] 
Episode: 1073: [[0.05796775 0.133577   0.18373501 0.26506594 0.26494172]] 
Episode: 1074: [[0.05793877 0.13358147 0.18369055 0.26497367 0.2650275 ]] 
Episode: 1075: [[0.05793573 0.13359228 0.18368833 0.26491416 0.26505286]] 
Episode: 1076: [[0.05791957 0.13358451 0.18367037 0.26486707 0.26509956]] 
Episode: 1077: [[0.05791833 0.1335847  0.18366131 0.26482886 0.26512277]] 
Episode: 1078: [[0.05792617 0.13356668 0.18365149 0.26478747 0.26515898]] 
Episode: 1079: [[0.05793965 0.13351788 0.18367045 0.2648245  0.26514894]] 
Episode: 1080: [[0.05796456 0.13348652 0.18370591 0.26486653 0.26510853]] 
Episode: 1081: [[0.0579244  0.13338041 0.18365367 0.26494294 0.26517946]] 
Episode: 1082: [[0.05784386 0.13322327 0.18354805 0.26505092 0.26531562]] 
Episode: 1083: [[0.05774539 0.13305292 0.1834181  0.26513696 0.26549855]] 
Episode: 1084: [[0.05766063 0.13289952 0.1833093  0.2652182  0.2656547 ]] 
Episode: 1085: [[0.05761524 0.13279703 0.18324381 0.26530343 0.26572752]] 
Episode: 1086: [[0.05759234 0.13273376 0.18321583 0.2653667  0.26575553]] 
Episode: 1087: [[0.05758452 0.13268435 0.18322201 0.2654132  0.26576036]] 
Episode: 1088: [[0.05759158 0.13265052 0.1832498  0.2654523  0.26574036]] 
Episode: 1089: [[0.0575397  0.13256603 0.18321085 0.2655066  0.265812  ]] 
Episode: 1090: [[0.05748343 0.13247345 0.18317083 0.26556537 0.2658899 ]] 
Episode: 1091: [[0.05729786 0.1322351  0.1829293  0.26559183 0.2661119 ]] 
Episode: 1092: [[0.0571053  0.1319588  0.18265401 0.2656016  0.26641005]] 
Episode: 1093: [[0.05692664 0.13170254 0.18241681 0.26563072 0.26666796]] 
Episode: 1094: [[0.05674923 0.1314662  0.18220952 0.26567495 0.26689768]] 
Episode: 1095: [[0.05657337 0.13125175 0.18201877 0.26572093 0.26711178]] 
Episode: 1096: [[0.05641204 0.13104813 0.18183422 0.26575783 0.2673235 ]] 
Episode: 1097: [[0.056279   0.13087377 0.18169037 0.26580018 0.26748383]] 
Episode: 1098: [[0.05615751 0.13069832 0.18154733 0.26584864 0.26764295]] 
Episode: 1099: [[0.05605639 0.13054462 0.18144158 0.26591384 0.26775286]] 
Episode: 1100: [[0.0559672  0.13039765 0.18134834 0.265972   0.26785696]] 
Episode: 1101: [[0.05588398 0.13025811 0.18125789 0.26603416 0.26795423]] 
Episode: 1102: [[0.05577822 0.13008705 0.18111223 0.2660901  0.26812375]] 
Episode: 1103: [[0.05570909 0.12996534 0.18107446 0.26617888 0.26816675]] 
Episode: 1104: [[0.05562406 0.12981915 0.18101881 0.26628315 0.26823935]] 
Episode: 1105: [[0.05544803 0.12957504 0.18084143 0.2663672  0.2684557 ]] 
Episode: 1106: [[0.05529861 0.1293715  0.18069457 0.26643595 0.26863182]] 
Episode: 1107: [[0.05519574 0.12920995 0.18063216 0.26652312 0.26870695]] 
Episode: 1108: [[0.05507952 0.12906267 0.18052933 0.26650855 0.26887223]] 
Episode: 1109: [[0.05498503 0.12895636 0.18043083 0.26648736 0.26900396]] 
Episode: 1110: [[0.05494532 0.1289053  0.18040802 0.2664512  0.26904523]] 
Episode: 1111: [[0.05494297 0.12890476 0.18047562 0.26640135 0.26900008]] 
Episode: 1112: [[0.05496726 0.12893486 0.180561   0.2663691  0.2689026 ]] 
Episode: 1113: [[0.05501335 0.12898633 0.18067226 0.26633677 0.2687698 ]] 
Episode: 1114: [[0.0550614  0.12904508 0.18078843 0.26633024 0.26861477]] 
Episode: 1115: [[0.05510535 0.12908272 0.18087123 0.2663487  0.26848075]] 
Episode: 1116: [[0.05514924 0.1291294  0.18096595 0.26636082 0.26834145]] 
Episode: 1117: [[0.05521628 0.12921113 0.18111335 0.26638448 0.2681339 ]] 
Episode: 1118: [[0.05526578 0.1292755  0.18122406 0.2663971  0.26797584]] 
Episode: 1119: [[0.05535896 0.12940532 0.18139507 0.26638046 0.26773912]] 
Episode: 1120: [[0.05543794 0.12953591 0.18153979 0.26631927 0.26755306]] 
Episode: 1121: [[0.05552427 0.12971076 0.18157242 0.26623246 0.26740178]] 
Episode: 1122: [[0.0556019  0.1298721  0.18160053 0.26616043 0.26725918]] 
Episode: 1123: [[0.05566195 0.1299822  0.18161945 0.2661274  0.26714447]] 
Episode: 1124: [[0.05569246 0.13003933 0.18161005 0.2661157  0.26708576]] 
Episode: 1125: [[0.05572507 0.13003872 0.18158355 0.2661317  0.26706117]] 
Episode: 1126: [[0.05571995 0.13001736 0.18153141 0.266139   0.26709035]] 
Episode: 1127: [[0.0556895  0.12996475 0.18146457 0.26613998 0.26716816]] 
Episode: 1128: [[0.0556288  0.12983209 0.18134572 0.26617193 0.26732737]] 
Episode: 1129: [[0.05554798 0.12969737 0.18123376 0.2662091  0.26749215]] 
Episode: 1130: [[0.05546832 0.1295624  0.1811328  0.26625648 0.26764524]] 
Episode: 1131: [[0.05540469 0.12945344 0.18105206 0.26630178 0.26776284]] 
Episode: 1132: [[0.05525406 0.12917499 0.1808707  0.26651782 0.26798916]] 
Episode: 1133: [[0.05510324 0.1288985  0.18069181 0.2667222  0.26822117]] 
Episode: 1134: [[0.05488785 0.12849024 0.18039733 0.267001   0.2685785 ]] 
Episode: 1135: [[0.05470442 0.12813553 0.18015137 0.2672345  0.26888758]] 
Episode: 1136: [[0.05453528 0.12780944 0.1799316  0.26745868 0.26916298]] 
Episode: 1137: [[0.05438212 0.12750877 0.1798259  0.26771736 0.26933494]] 
Episode: 1138: [[0.05425026 0.12724198 0.17974274 0.26795137 0.26947734]] 
Episode: 1139: [[0.05413059 0.1269886  0.17966945 0.26818505 0.26960015]] 
Episode: 1140: [[0.05401371 0.12672736 0.17958261 0.26842487 0.26973116]] 
Episode: 1141: [[0.05391135 0.12649907 0.17951009 0.2686291  0.2698474 ]] 
Episode: 1142: [[0.05382572 0.12629792 0.17947112 0.26883677 0.26991716]] 
Episode: 1143: [[0.05373053 0.12607814 0.17941284 0.2690503  0.27001205]] 
Episode: 1144: [[0.05366024 0.12590463 0.17935462 0.2692157  0.2700917 ]] 
Episode: 1145: [[0.0535833  0.12572707 0.17929028 0.269362   0.27019396]] 
Episode: 1146: [[0.05349344 0.12554452 0.1791901  0.26946667 0.27035138]] 
Episode: 1147: [[0.05341452 0.12538922 0.17910682 0.26955295 0.27048716]] 
Episode: 1148: [[0.05335149 0.12526143 0.17905319 0.2696381  0.2705811 ]] 
Episode: 1149: [[0.05331353 0.12517443 0.17903575 0.26970783 0.27062482]] 
Episode: 1150: [[0.05330782 0.12512648 0.1790746  0.26975325 0.27061245]] 
Episode: 1151: [[0.05333296 0.12512049 0.17917795 0.26978603 0.27053082]] 
Episode: 1152: [[0.05335198 0.12510644 0.17926973 0.26982957 0.2704571 ]] 
Episode: 1153: [[0.05336981 0.12508619 0.17935792 0.26987576 0.27038893]] 
Episode: 1154: [[0.05339438 0.12507625 0.17944747 0.26991123 0.27031624]] 
Episode: 1155: [[0.05342006 0.12506732 0.17954494 0.26994482 0.27023992]] 
Episode: 1156: [[0.05344865 0.12505238 0.17961897 0.2700006  0.27016354]] 
Episode: 1157: [[0.0535021  0.12507257 0.17970455 0.27005324 0.27004495]] 
Episode: 1158: [[0.05345806 0.12494256 0.17960861 0.27011195 0.27008906]] 
Episode: 1159: [[0.05340822 0.12481823 0.17949592 0.2701497  0.2701617 ]] 
Episode: 1160: [[0.0533578  0.12469921 0.17938966 0.27018565 0.2702362 ]] 
Episode: 1161: [[0.05333567 0.12461398 0.17931394 0.27023846 0.27025226]] 
Episode: 1162: [[0.05333681 0.12457506 0.17926253 0.27022716 0.270258  ]] 
Episode: 1163: [[0.05338047 0.12459618 0.17929333 0.27021033 0.27016732]] 
Episode: 1164: [[0.05340483 0.12459769 0.17930742 0.27018356 0.27012035]] 
Episode: 1165: [[0.05342263 0.12457607 0.17932238 0.2701802  0.27008298]] 
Episode: 1166: [[0.05345406 0.12453988 0.17936142 0.27019873 0.2700284 ]] 
Episode: 1167: [[0.05351056 0.1245386  0.17940195 0.27022207 0.26993483]] 
Episode: 1168: [[0.05357079 0.12461411 0.17943262 0.27014023 0.26985738]] 
Episode: 1169: [[0.05360534 0.12466842 0.17942424 0.2700323  0.26984718]] 
Episode: 1170: [[0.05355689 0.12456292 0.17929035 0.27002144 0.2699877 ]] 
Episode: 1171: [[0.05350232 0.12442594 0.17910077 0.2699881  0.27019942]] 
Episode: 1172: [[0.05341003 0.12426905 0.17885092 0.2699165  0.27050012]] 
Episode: 1173: [[0.05326112 0.124017   0.17853357 0.26991168 0.2708913 ]] 
Episode: 1174: [[0.05313372 0.12379597 0.17823333 0.2699179  0.27123588]] 
Episode: 1175: [[0.05298532 0.12355744 0.17790549 0.26993504 0.27161178]] 
Episode: 1176: [[0.05282075 0.12329312 0.17756388 0.26998368 0.2720031 ]] 
Episode: 1177: [[0.05269717 0.12308143 0.17729332 0.27003947 0.27229834]] 
Episode: 1178: [[0.05260057 0.12291434 0.1770858  0.27011248 0.2725075 ]] 
Episode: 1179: [[0.05253121 0.12278157 0.17692122 0.2701734  0.27266657]] 
Episode: 1180: [[0.05244882 0.12264894 0.17673792 0.27019817 0.272865  ]] 
Episode: 1181: [[0.05238219 0.12253451 0.17659205 0.27022046 0.27302724]] 
Episode: 1182: [[0.05231711 0.12243574 0.17645712 0.27023035 0.27318072]] 
Episode: 1183: [[0.05225204 0.12233267 0.17632216 0.27025053 0.27333182]] 
Episode: 1184: [[0.05219891 0.12224122 0.1762128  0.27027684 0.2734533 ]] 
Episode: 1185: [[0.05213587 0.12214143 0.1760836  0.27027383 0.27361465]] 
Episode: 1186: [[0.05206327 0.1220343  0.17593728 0.27025944 0.2738021 ]] 
Episode: 1187: [[0.05200956 0.12195141 0.17582512 0.27024448 0.27394712]] 
Episode: 1188: [[0.05196736 0.12187512 0.1757346  0.27025554 0.27405533]] 
Episode: 1189: [[0.05193955 0.12180385 0.17566206 0.27028546 0.27413285]] 
Episode: 1190: [[0.05190919 0.12171569 0.17558931 0.27032572 0.27421826]] 
Episode: 1191: [[0.05188428 0.12162736 0.17551641 0.2703664  0.27430144]] 
Episode: 1192: [[0.0518707  0.12155659 0.17547773 0.27040872 0.27434912]] 
Episode: 1193: [[0.05186002 0.12150265 0.17546389 0.27045494 0.27436885]] 
Episode: 1194: [[0.05185729 0.12146679 0.17547736 0.27049777 0.27436075]] 
Episode: 1195: [[0.05185939 0.12142526 0.17549232 0.27054834 0.27434924]] 
Episode: 1196: [[0.05185521 0.12138987 0.17551178 0.270564   0.27435657]] 
Episode: 1197: [[0.05186055 0.12136029 0.17554756 0.2706006  0.2743341 ]] 
Episode: 1198: [[0.05186029 0.12133026 0.17556465 0.27061033 0.2743408 ]] 
Episode: 1199: [[0.05185416 0.12129736 0.17557092 0.27062172 0.27435672]] 
Episode: 1200: [[0.05182132 0.12128855 0.17550528 0.27061653 0.27441177]] 
