81.392578 52.331432 47.580112 50.795311 49.395653 0.019782 
80.414589 43.817276 49.031525 60.991962 44.586525 0.027976 
73.173744 46.937737 46.818382 39.613338 36.164173 0.019782 
75.194405 49.420006 56.834091 52.573128 47.512547 0.019782 
68.462547 38.629379 49.468384 45.116508 45.213421 0.000000 
84.513565 47.107075 42.702122 39.800144 42.125179 0.000000 
65.405968 32.721169 46.943260 37.782528 48.362068 0.027976 
75.837692 45.584381 51.825195 34.790226 50.915436 0.000000 
70.134789 46.225243 29.796061 31.682671 29.019241 0.034264 
89.166855 55.595329 48.940338 41.636166 32.773106 0.000000 
73.941681 46.098610 45.891796 68.189148 42.893421 0.000000 
74.396500 63.597759 41.452007 55.525017 54.818691 0.000000 
69.803757 38.346592 45.014900 45.627808 48.038101 0.027976 
83.022675 66.421326 41.326565 36.004620 38.650681 0.000000 
75.048805 35.255455 31.870596 40.800865 41.617764 0.000000 
74.885498 32.913273 26.513689 34.311623 43.432537 0.000000 
78.806366 44.424004 48.946854 52.223351 40.031994 0.027976 
67.897209 43.650879 39.621601 45.749371 51.738243 0.000000 
75.026810 54.148304 33.819996 40.666904 38.915276 0.000000 
68.719269 44.923649 45.286896 46.623672 32.061249 0.000000 
