Episode: 1: [[-0.01326388  0.00403386 -0.00408701]
 [-0.00340474 -0.0100624   0.01119245]
 [-0.00615005 -0.0052464  -0.01010131]] 
Episode: 2: [[-0.01327311  0.00402475 -0.0040793 ]
 [-0.00341514 -0.01006215  0.01119191]
 [-0.006157   -0.00524568 -0.01009614]] 
Episode: 3: [[-0.01328068  0.00402212 -0.00407686]
 [-0.00342033 -0.01006336  0.01119446]
 [-0.00615857 -0.0052407  -0.01009094]] 
Episode: 4: [[-0.01328529  0.00402125 -0.0040729 ]
 [-0.00342365 -0.01006733  0.01119603]
 [-0.00615721 -0.00523643 -0.01008517]] 
Episode: 5: [[-0.013292    0.00402002 -0.00406935]
 [-0.00342823 -0.01007354  0.01119746]
 [-0.0061575  -0.00523297 -0.01008098]] 
Episode: 6: [[-0.01329581  0.00401718 -0.00406446]
 [-0.0034315  -0.01007729  0.01119846]
 [-0.00615699 -0.00523003 -0.01007812]] 
Episode: 7: [[-0.01329755  0.00401842 -0.0040647 ]
 [-0.00343099 -0.01008287  0.01120081]
 [-0.00615409 -0.00522712 -0.01007749]] 
Episode: 8: [[-0.01329913  0.00402123 -0.00405757]
 [-0.00342837 -0.01008492  0.01119632]
 [-0.00614823 -0.0052266  -0.01007695]] 
Episode: 9: [[-0.01330356  0.00402386 -0.00405084]
 [-0.00342845 -0.0100894   0.01119223]
 [-0.00614401 -0.00522517 -0.0100764 ]] 
Episode: 10: [[-0.01330634  0.00403518 -0.00405061]
 [-0.00342412 -0.01009584  0.01119006]
 [-0.00613302 -0.00521626 -0.01007506]] 
Episode: 11: [[-0.0133074   0.00403926 -0.00404534]
 [-0.00342254 -0.01010005  0.01118575]
 [-0.0061238  -0.00520821 -0.01007308]] 
Episode: 12: [[-0.01330779  0.00404245 -0.00404046]
 [-0.00342058 -0.01010334  0.01118187]
 [-0.00611552 -0.00520185 -0.01007057]] 
Episode: 13: [[-0.01330687  0.00404893 -0.00403949]
 [-0.00341576 -0.01010453  0.01118019]
 [-0.00610536 -0.0051939  -0.01006981]] 
Episode: 14: [[-0.01330452  0.00405703 -0.0040413 ]
 [-0.00340837 -0.01010737  0.01118165]
 [-0.0060932  -0.00518406 -0.01006751]] 
Episode: 15: [[-0.01330121  0.00406325 -0.00404264]
 [-0.00340093 -0.01010624  0.01118278]
 [-0.00608212 -0.00517577 -0.01006365]] 
Episode: 16: [[-0.01329801  0.0040775  -0.00404841]
 [-0.00339015 -0.01010521  0.01118545]
 [-0.00606909 -0.00516633 -0.01006166]] 
Episode: 17: [[-0.01329631  0.00408791 -0.00405254]
 [-0.00338197 -0.01010058  0.0111871 ]
 [-0.00605876 -0.00515861 -0.01005676]] 
Episode: 18: [[-0.01329949  0.00409551 -0.00405444]
 [-0.00337871 -0.01009908  0.01118783]
 [-0.0060538  -0.00515294 -0.01005002]] 
Episode: 19: [[-0.0133043   0.00410226 -0.00405593]
 [-0.00337662 -0.01010065  0.01118848]
 [-0.00605013 -0.00514808 -0.01004594]] 
Episode: 20: [[-0.01330566  0.00410738 -0.00405471]
 [-0.00337255 -0.01009889  0.01118582]
 [-0.00604764 -0.00514796 -0.0100416 ]] 
Episode: 21: [[-0.01330186  0.00411433 -0.0040538 ]
 [-0.00336375 -0.01009636  0.0111812 ]
 [-0.00604301 -0.00515115 -0.01003546]] 
Episode: 22: [[-0.01329642  0.00411912 -0.00405137]
 [-0.00335386 -0.01009096  0.0111769 ]
 [-0.00603743 -0.0051542  -0.01003031]] 
Episode: 23: [[-0.01328867  0.00412541 -0.00405144]
 [-0.00334103 -0.01008575  0.01117378]
 [-0.00603109 -0.00515764 -0.01002473]] 
Episode: 24: [[-0.01328151  0.00412935 -0.00405199]
 [-0.00333061 -0.01008055  0.01116949]
 [-0.00602713 -0.00516276 -0.01001758]] 
Episode: 25: [[-0.01327176  0.00414027 -0.00406012]
 [-0.00331408 -0.01008117  0.01117179]
 [-0.00601639 -0.00516179 -0.01001046]] 
Episode: 26: [[-0.01326166  0.00414761 -0.00406555]
 [-0.0032989  -0.01008064  0.01117407]
 [-0.0060061  -0.00516064 -0.01000435]] 
Episode: 27: [[-0.0132526   0.00415509 -0.00407079]
 [-0.00328408 -0.01007848  0.01117562]
 [-0.00599702 -0.00516074 -0.00999785]] 
Episode: 28: [[-0.01324376  0.00416042 -0.00407414]
 [-0.00327021 -0.01007233  0.01117592]
 [-0.00598856 -0.00516172 -0.00999044]] 
Episode: 29: [[-0.01323729  0.00416494 -0.00407736]
 [-0.00325933 -0.01007017  0.01117625]
 [-0.00598276 -0.00516319 -0.00998536]] 
Episode: 30: [[-0.01323297  0.00416936 -0.00408055]
 [-0.00324976 -0.01006932  0.01117642]
 [-0.00597775 -0.00516451 -0.00998205]] 
Episode: 31: [[-0.01322825  0.0041762  -0.00408478]
 [-0.00323783 -0.01006881  0.0111759 ]
 [-0.00597139 -0.00516676 -0.00997837]] 
Episode: 32: [[-0.01322942  0.00418157 -0.00408824]
 [-0.00323035 -0.01007147  0.01117499]
 [-0.00596766 -0.00516822 -0.00997464]] 
Episode: 33: [[-0.01323591  0.00418472 -0.00409092]
 [-0.00322644 -0.01007439  0.01117374]
 [-0.00596608 -0.00516907 -0.0099693 ]] 
Episode: 34: [[-0.0132416   0.00418806 -0.00409299]
 [-0.00322211 -0.01007516  0.01117103]
 [-0.00596415 -0.0051708  -0.00996518]] 
Episode: 35: [[-0.01324237  0.00418794 -0.0040923 ]
 [-0.00321892 -0.01007841  0.01116803]
 [-0.00596059 -0.00517258 -0.00995991]] 
Episode: 36: [[-0.01324887  0.00418827 -0.00409049]
 [-0.00321944 -0.01008424  0.0111656 ]
 [-0.00595905 -0.00517271 -0.00995612]] 
Episode: 37: [[-0.01325691  0.00418816 -0.00408978]
 [-0.00322263 -0.01009323  0.01116369]
 [-0.00596032 -0.00517394 -0.00995556]] 
Episode: 38: [[-0.01326233  0.00418915 -0.00408923]
 [-0.00322354 -0.01010098  0.01116066]
 [-0.00596137 -0.00517739 -0.00995445]] 
Episode: 39: [[-0.01326473  0.0041854  -0.00408383]
 [-0.00322467 -0.01010478  0.01115537]
 [-0.0059642  -0.00518348 -0.00995394]] 
Episode: 40: [[-0.01326649  0.00418143 -0.00407808]
 [-0.00322533 -0.01010761  0.01115016]
 [-0.00596609 -0.00518911 -0.00995277]] 
Episode: 41: [[-0.01326773  0.00418026 -0.00407469]
 [-0.00322379 -0.01011057  0.01114606]
 [-0.00596612 -0.00519366 -0.00995403]] 
Episode: 42: [[-0.01326923  0.0041788  -0.00406843]
 [-0.00322297 -0.01011372  0.01113941]
 [-0.00596882 -0.00520178 -0.00995383]] 
Episode: 43: [[-0.0132694   0.00417769 -0.00406294]
 [-0.0032205  -0.01011578  0.01113395]
 [-0.00597128 -0.00520984 -0.00995324]] 
Episode: 44: [[-0.01326799  0.00417528 -0.00405433]
 [-0.00321763 -0.01011774  0.01112546]
 [-0.00597455 -0.0052205  -0.0099499 ]] 
Episode: 45: [[-0.01326501  0.00417315 -0.00404637]
 [-0.0032133  -0.01011898  0.01111789]
 [-0.00597749 -0.00523143 -0.00994698]] 
Episode: 46: [[-0.01326345  0.00416569 -0.0040382 ]
 [-0.00321279 -0.01011629  0.01110937]
 [-0.00598555 -0.00524664 -0.00994299]] 
Episode: 47: [[-0.01326192  0.00415459 -0.00403083]
 [-0.00321437 -0.01011274  0.01110286]
 [-0.00599513 -0.00526063 -0.00994   ]] 
Episode: 48: [[-0.01325998  0.00414447 -0.00402415]
 [-0.00321593 -0.01010836  0.01109494]
 [-0.00600475 -0.0052756  -0.0099356 ]] 
Episode: 49: [[-0.0132576   0.0041375  -0.00402221]
 [-0.0032151  -0.01010462  0.01109247]
 [-0.00601006 -0.00528515 -0.00993082]] 
Episode: 50: [[-0.01325004  0.00412072 -0.00401577]
 [-0.00321983 -0.0101028   0.01109135]
 [-0.00601109 -0.00528189 -0.00992567]] 
Episode: 51: [[-0.01324264  0.00410733 -0.00401113]
 [-0.00322256 -0.01010135  0.01109293]
 [-0.00600807 -0.00527385 -0.00992059]] 
Episode: 52: [[-0.01323506  0.00409627 -0.00401087]
 [-0.00322342 -0.01009805  0.01109945]
 [-0.0060017  -0.00526013 -0.00991458]] 
Episode: 53: [[-0.01322623  0.00408582 -0.00401257]
 [-0.00322358 -0.01009641  0.01110967]
 [-0.00599135 -0.00523935 -0.00990828]] 
Episode: 54: [[-0.01321742  0.00407665 -0.00401553]
 [-0.00322372 -0.01009601  0.01111771]
 [-0.00598292 -0.00522254 -0.00990056]] 
Episode: 55: [[-0.01321076  0.00406564 -0.00401581]
 [-0.00322665 -0.01009181  0.01112325]
 [-0.00597694 -0.00520843 -0.00989267]] 
Episode: 56: [[-0.01320367  0.00405893 -0.00401798]
 [-0.00322596 -0.01008895  0.01112947]
 [-0.00596918 -0.00519529 -0.00988618]] 
Episode: 57: [[-0.01319487  0.0040498  -0.00401844]
 [-0.00322583 -0.0100827   0.011136  ]
 [-0.00596384 -0.00518462 -0.00987929]] 
Episode: 58: [[-0.01318781  0.00404278 -0.00402127]
 [-0.00322508 -0.01007691  0.01114442]
 [-0.00595676 -0.0051715  -0.00987246]] 
Episode: 59: [[-0.01318118  0.00403822 -0.00402208]
 [-0.00322407 -0.01007244  0.01115005]
 [-0.00594876 -0.00515967 -0.00986378]] 
Episode: 60: [[-0.01317873  0.00402675 -0.00401687]
 [-0.00322895 -0.01005995  0.01115276]
 [-0.00594553 -0.00515032 -0.00985518]] 
Episode: 61: [[-0.01317998  0.00401624 -0.00401204]
 [-0.00323556 -0.01005078  0.01115511]
 [-0.00594417 -0.00514158 -0.00984839]] 
Episode: 62: [[-0.01317981  0.00400796 -0.00400924]
 [-0.00323935 -0.01004258  0.01115811]
 [-0.00594185 -0.00513375 -0.00984167]] 
Episode: 63: [[-0.01317884  0.00400399 -0.00401006]
 [-0.00323999 -0.01003485  0.01116093]
 [-0.00593841 -0.00512762 -0.00983488]] 
Episode: 64: [[-0.01317895  0.00399615 -0.00400675]
 [-0.00324342 -0.01002086  0.01116021]
 [-0.0059388  -0.00512625 -0.00982821]] 
Episode: 65: [[-0.01317973  0.00399076 -0.00400426]
 [-0.00324608 -0.01001155  0.01115934]
 [-0.00593869 -0.0051251  -0.00982411]] 
Episode: 66: [[-0.0131796   0.00398849 -0.00400374]
 [-0.00324643 -0.01000607  0.01115922]
 [-0.00593672 -0.00512347 -0.00982081]] 
Episode: 67: [[-0.0131835   0.00398724 -0.00400143]
 [-0.00324816 -0.01000051  0.0111588 ]
 [-0.0059365  -0.0051224  -0.00981569]] 
Episode: 68: [[-0.01318792  0.00398438 -0.00399548]
 [-0.00325079 -0.00999446  0.01115658]
 [-0.00593684 -0.00512238 -0.00981115]] 
Episode: 69: [[-0.01319343  0.00398196 -0.00398969]
 [-0.0032537  -0.00999014  0.01115442]
 [-0.00593694 -0.00512224 -0.00980815]] 
Episode: 70: [[-0.01319609  0.00398402 -0.003989  ]
 [-0.00325241 -0.00999018  0.01115552]
 [-0.00593366 -0.00512069 -0.0098076 ]] 
Episode: 71: [[-0.0132019   0.00398561 -0.00398841]
 [-0.00325419 -0.00999369  0.0111564 ]
 [-0.00593304 -0.00511912 -0.00980769]] 
Episode: 72: [[-0.013206    0.0039909  -0.00398829]
 [-0.0032525  -0.00999711  0.01115677]
 [-0.00592963 -0.00511721 -0.00980791]] 
Episode: 73: [[-0.01320829  0.00399824 -0.00398909]
 [-0.00324835 -0.00999884  0.01115496]
 [-0.005926   -0.00511823 -0.00980718]] 
Episode: 74: [[-0.01320943  0.00400164 -0.00398875]
 [-0.00324577 -0.00999995  0.01115232]
 [-0.00592523 -0.00512245 -0.00980635]] 
Episode: 75: [[-0.01320891  0.00401016 -0.00399032]
 [-0.00324003 -0.01000253  0.01114867]
 [-0.00592216 -0.00512706 -0.00980431]] 
Episode: 76: [[-0.01320607  0.00401976 -0.00399366]
 [-0.00323225 -0.01000376  0.01114499]
 [-0.00591922 -0.00513302 -0.00980079]] 
Episode: 77: [[-0.01320225  0.00403591 -0.00400144]
 [-0.00321982 -0.01000677  0.01114422]
 [-0.00591177 -0.00513615 -0.00979859]] 
Episode: 78: [[-0.01320194  0.00405133 -0.00400858]
 [-0.00321059 -0.01001266  0.01114324]
 [-0.00590726 -0.00513988 -0.0097978 ]] 
Episode: 79: [[-0.0132003   0.00406947 -0.00401598]
 [-0.00319843 -0.01002009  0.01114298]
 [-0.00590028 -0.00514352 -0.00979821]] 
Episode: 80: [[-0.01319934  0.00408241 -0.0040206 ]
 [-0.00318927 -0.01002694  0.01114131]
 [-0.00589525 -0.00514778 -0.00979843]] 
Episode: 81: [[-0.01319846  0.00409148 -0.0040242 ]
 [-0.00318211 -0.01002965  0.01113833]
 [-0.00589345 -0.00515484 -0.00979842]] 
Episode: 82: [[-0.01319932  0.00409814 -0.00402581]
 [-0.00317676 -0.01003314  0.01113491]
 [-0.00589129 -0.00515988 -0.00979839]] 
Episode: 83: [[-0.0132027   0.00410327 -0.00402725]
 [-0.00317313 -0.01003951  0.0111314 ]
 [-0.00589147 -0.00516568 -0.00980167]] 
Episode: 84: [[-0.01320465  0.00410878 -0.00402825]
 [-0.00316826 -0.01004564  0.01112774]
 [-0.00589084 -0.00517189 -0.00980474]] 
Episode: 85: [[-0.01320963  0.00411233 -0.00402928]
 [-0.00316582 -0.01005488  0.01112367]
 [-0.00589113 -0.00517742 -0.00980747]] 
Episode: 86: [[-0.0132145   0.00411409 -0.00403043]
 [-0.00316302 -0.01006262  0.01111763]
 [-0.00589123 -0.0051838  -0.00981277]] 
Episode: 87: [[-0.01321865  0.00411491 -0.00403106]
 [-0.00316035 -0.01006999  0.0111115 ]
 [-0.00589234 -0.00519127 -0.00981888]] 
Episode: 88: [[-0.01322187  0.00411527 -0.00403256]
 [-0.0031574  -0.01007602  0.01110913]
 [-0.00589104 -0.00519355 -0.00982374]] 
Episode: 89: [[-0.01323066  0.0041123  -0.0040326 ]
 [-0.00315425 -0.01008107  0.01110585]
 [-0.00588755 -0.00519362 -0.00982409]] 
Episode: 90: [[-0.01323649  0.00410907 -0.00403285]
 [-0.00315121 -0.01008844  0.0111044 ]
 [-0.00588021 -0.00518771 -0.00982593]] 
Episode: 91: [[-0.01324597  0.00410709 -0.00403264]
 [-0.00315126 -0.01009791  0.01110291]
 [-0.00587511 -0.00518161 -0.00982901]] 
Episode: 92: [[-0.01325312  0.00410666 -0.00403276]
 [-0.00314912 -0.0101085   0.01110056]
 [-0.00586983 -0.00517862 -0.00983138]] 
Episode: 93: [[-0.01325799  0.0041079  -0.00403297]
 [-0.00314478 -0.01011933  0.01109965]
 [-0.00586335 -0.00517576 -0.00983445]] 
Episode: 94: [[-0.01326392  0.00410554 -0.0040317 ]
 [-0.00314312 -0.01012823  0.0110986 ]
 [-0.00585925 -0.0051731  -0.00983263]] 
Episode: 95: [[-0.01326683  0.00410331 -0.00403121]
 [-0.00313973 -0.01013637  0.01109882]
 [-0.00585504 -0.00517033 -0.00983088]] 
Episode: 96: [[-0.01327122  0.00410171 -0.00403057]
 [-0.00313833 -0.01014644  0.01109879]
 [-0.00585351 -0.00516858 -0.0098306 ]] 
Episode: 97: [[-0.01327768  0.00410031 -0.00402995]
 [-0.00313854 -0.01015798  0.01109861]
 [-0.00585309 -0.00516683 -0.00983245]] 
Episode: 98: [[-0.01328286  0.00410305 -0.00403323]
 [-0.00313514 -0.01016999  0.0110983 ]
 [-0.00585052 -0.00516545 -0.0098378 ]] 
Episode: 99: [[-0.01328735  0.00410412 -0.00403419]
 [-0.00313265 -0.01018129  0.01109748]
 [-0.00584854 -0.00516448 -0.00984217]] 
Episode: 100: [[-0.01329394  0.00410292 -0.00403437]
 [-0.00313311 -0.01019507  0.01109557]
 [-0.00585027 -0.00516535 -0.00984645]] 
Episode: 101: [[-0.01329903  0.00410404 -0.00403427]
 [-0.00313188 -0.01021005  0.01109425]
 [-0.00585113 -0.00516592 -0.00985072]] 
Episode: 102: [[-0.01330328  0.0040974  -0.0040297 ]
 [-0.00313191 -0.01021978  0.01109357]
 [-0.00585528 -0.00517105 -0.00985438]] 
Episode: 103: [[-0.01330655  0.004092   -0.00402611]
 [-0.00313125 -0.01022909  0.01109258]
 [-0.00585956 -0.00517681 -0.0098573 ]] 
Episode: 104: [[-0.01331081  0.00409127 -0.00402413]
 [-0.00313015 -0.01023838  0.01109205]
 [-0.00586283 -0.00518103 -0.00986509]] 
Episode: 105: [[-0.01330899  0.00409728 -0.00402314]
 [-0.00312202 -0.0102529   0.0110896 ]
 [-0.00586042 -0.00518844 -0.00987164]] 
Episode: 106: [[-0.0133066   0.00410942 -0.00402353]
 [-0.0031092  -0.01026488  0.01108783]
 [-0.00585457 -0.00519511 -0.00987696]] 
Episode: 107: [[-0.01330133  0.00412674 -0.00402669]
 [-0.00309205 -0.01028026  0.01108731]
 [-0.0058438  -0.00519837 -0.00988276]] 
Episode: 108: [[-0.0132962   0.00414184 -0.0040284 ]
 [-0.00307575 -0.0102925   0.01108753]
 [-0.00583319 -0.00520072 -0.00988922]] 
Episode: 109: [[-0.01329193  0.00414409 -0.00401999]
 [-0.00306948 -0.0102959   0.01108261]
 [-0.00582868 -0.00520627 -0.0098923 ]] 
Episode: 110: [[-0.01328938  0.00414678 -0.00401363]
 [-0.00306374 -0.01029495  0.01107877]
 [-0.00582441 -0.00521076 -0.00989523]] 
Episode: 111: [[-0.01328863  0.00414642 -0.00400611]
 [-0.0030614  -0.01029262  0.01107481]
 [-0.00582227 -0.00521413 -0.00989705]] 
Episode: 112: [[-0.01328941  0.0041462  -0.00399899]
 [-0.00306015 -0.01029177  0.01107139]
 [-0.00582034 -0.00521652 -0.00989899]] 
Episode: 113: [[-0.01328914  0.0041496  -0.00399509]
 [-0.00305604 -0.01029215  0.01106942]
 [-0.00581571 -0.00521757 -0.00990081]] 
Episode: 114: [[-0.01329145  0.00415366 -0.00399117]
 [-0.00305368 -0.01029201  0.01106833]
 [-0.00581221 -0.00521718 -0.00990287]] 
Episode: 115: [[-0.01329131  0.00416193 -0.0039912 ]
 [-0.00304716 -0.01029532  0.01106791]
 [-0.00580573 -0.00521712 -0.00990627]] 
Episode: 116: [[-0.0132911   0.00417048 -0.00399245]
 [-0.00304038 -0.01029933  0.01106788]
 [-0.00579901 -0.00521686 -0.0099092 ]] 
Episode: 117: [[-0.0132908   0.00418202 -0.00399471]
 [-0.00303179 -0.01030186  0.01106838]
 [-0.00579174 -0.00521735 -0.00991334]] 
Episode: 118: [[-0.01329289  0.00419065 -0.00399304]
 [-0.00302698 -0.01030345  0.01106928]
 [-0.00578571 -0.00521616 -0.00991553]] 
Episode: 119: [[-0.01329313  0.0041954  -0.0039889 ]
 [-0.00302451 -0.01030514  0.01106943]
 [-0.00577774 -0.0052107  -0.00991644]] 
Episode: 120: [[-0.01329238  0.00419849 -0.0039839 ]
 [-0.0030227  -0.01030524  0.01106871]
 [-0.00577013 -0.00520531 -0.00991646]] 
Episode: 121: [[-0.01329577  0.00420034 -0.00397945]
 [-0.00302381 -0.01030785  0.01106766]
 [-0.005765   -0.00520012 -0.00991649]] 
Episode: 122: [[-0.01329869  0.00419283 -0.00397266]
 [-0.00302989 -0.01030192  0.01106702]
 [-0.00576587 -0.00519698 -0.00991643]] 
Episode: 123: [[-0.01330394  0.0041857  -0.00396669]
 [-0.00303707 -0.0102985   0.01106632]
 [-0.00576826 -0.00519428 -0.00991704]] 
Episode: 124: [[-0.01330566  0.00418685 -0.00396272]
 [-0.00303839 -0.01030109  0.01106702]
 [-0.00576007 -0.00518178 -0.00991777]] 
Episode: 125: [[-0.01330734  0.00418882 -0.00395914]
 [-0.00303839 -0.0103023   0.01106681]
 [-0.00575344 -0.00517348 -0.00991785]] 
Episode: 126: [[-0.01330917  0.00418895 -0.0039552 ]
 [-0.00303926 -0.01030286  0.01106738]
 [-0.00574784 -0.00516506 -0.00991847]] 
Episode: 127: [[-0.01331475  0.00418888 -0.00395149]
 [-0.00304237 -0.01030477  0.01106776]
 [-0.0057443  -0.00515724 -0.009919  ]] 
Episode: 128: [[-0.01331946  0.00418765 -0.00394593]
 [-0.00304572 -0.01030564  0.01106587]
 [-0.0057415  -0.00515209 -0.00991917]] 
Episode: 129: [[-0.0133236   0.00418659 -0.00394134]
 [-0.00304826 -0.01030605  0.01106449]
 [-0.00573897 -0.00514742 -0.00991881]] 
Episode: 130: [[-0.01332974  0.00418349 -0.00393573]
 [-0.00305294 -0.01031065  0.01106161]
 [-0.00573879 -0.00514352 -0.00991567]] 
Episode: 131: [[-0.0133345   0.00418143 -0.00392957]
 [-0.00305563 -0.0103153   0.01105946]
 [-0.00573726 -0.00513984 -0.00991423]] 
Episode: 132: [[-0.01333891  0.00417973 -0.00392379]
 [-0.00305838 -0.01031976  0.01105774]
 [-0.00573706 -0.00513743 -0.00991398]] 
Episode: 133: [[-0.01334341  0.00417519 -0.00391481]
 [-0.00306354 -0.01031958  0.01105193]
 [-0.00574037 -0.0051391  -0.00991363]] 
Episode: 134: [[-0.01335023  0.00417058 -0.00390641]
 [-0.0030705  -0.01032157  0.01104662]
 [-0.00574495 -0.00514044 -0.0099134 ]] 
Episode: 135: [[-0.0133552   0.00416813 -0.00390154]
 [-0.00307474 -0.01032515  0.01104336]
 [-0.00574697 -0.00514047 -0.00991353]] 
Episode: 136: [[-0.01335772  0.0041683  -0.00389907]
 [-0.00307549 -0.0103296   0.01104183]
 [-0.00574655 -0.00513983 -0.00991393]] 
Episode: 137: [[-0.01335967  0.00416481 -0.0038953 ]
 [-0.00307784 -0.01033118  0.01103931]
 [-0.00574844 -0.00514096 -0.00991345]] 
Episode: 138: [[-0.01336144  0.0041668  -0.00389206]
 [-0.00307803 -0.01032995  0.01103701]
 [-0.00574927 -0.00514163 -0.00991602]] 
Episode: 139: [[-0.01335947  0.00416751 -0.00388497]
 [-0.00307727 -0.0103298   0.0110334 ]
 [-0.00574834 -0.00514134 -0.00991863]] 
Episode: 140: [[-0.01335803  0.00416895 -0.00387928]
 [-0.00307594 -0.01032934  0.01103006]
 [-0.00574719 -0.00514137 -0.0099202 ]] 
Episode: 141: [[-0.01336128  0.00416954 -0.0038732 ]
 [-0.00307696 -0.01032926  0.01102687]
 [-0.00574771 -0.00514067 -0.0099215 ]] 
Episode: 142: [[-0.01336579  0.0041687  -0.00386679]
 [-0.00308008 -0.01032942  0.01102293]
 [-0.00575043 -0.00514128 -0.00992144]] 
Episode: 143: [[-0.01336877  0.00417069 -0.00386148]
 [-0.00307985 -0.01032733  0.01101876]
 [-0.00575075 -0.00514177 -0.00991966]] 
Episode: 144: [[-0.01337021  0.00417852 -0.00384518]
 [-0.00308058 -0.01033016  0.01100195]
 [-0.00573714 -0.00513131 -0.0099073 ]] 
Episode: 145: [[-0.01337075  0.00418585 -0.00383055]
 [-0.00307974 -0.01033176  0.01098722]
 [-0.00572482 -0.00512256 -0.00989631]] 
Episode: 146: [[-0.01337229  0.0041931  -0.00381805]
 [-0.00307952 -0.01033079  0.01097462]
 [-0.00571474 -0.00511441 -0.00988634]] 
Episode: 147: [[-0.01337339  0.00419885 -0.00380615]
 [-0.00307966 -0.01032977  0.01096313]
 [-0.0057054  -0.00510694 -0.00987712]] 
Episode: 148: [[-0.01337406  0.00420703 -0.00379808]
 [-0.00307795 -0.01033009  0.0109545 ]
 [-0.0056955  -0.00509912 -0.00986798]] 
Episode: 149: [[-0.01337665  0.00421265 -0.00378937]
 [-0.00307839 -0.01033208  0.01094604]
 [-0.00568794 -0.0050926  -0.00985792]] 
Episode: 150: [[-0.01337911  0.00421573 -0.00378221]
 [-0.00307896 -0.0103283   0.01094118]
 [-0.00567996 -0.00508403 -0.00984994]] 
Episode: 151: [[-0.01338181  0.00421832 -0.00377617]
 [-0.00307911 -0.01032542  0.01093741]
 [-0.00567194 -0.00507545 -0.00984338]] 
Episode: 152: [[-0.01338607  0.00421939 -0.00376985]
 [-0.00308071 -0.010322    0.01093364]
 [-0.00566556 -0.00506781 -0.00983698]] 
Episode: 153: [[-0.01339054  0.00421939 -0.00376225]
 [-0.00308338 -0.0103199   0.01093064]
 [-0.00566099 -0.00506102 -0.00983078]] 
Episode: 154: [[-0.0133944   0.00421723 -0.00375624]
 [-0.00308714 -0.01031639  0.01092815]
 [-0.00566016 -0.00505679 -0.0098167 ]] 
Episode: 155: [[-0.013398    0.00421578 -0.00375115]
 [-0.0030902  -0.01031183  0.01092488]
 [-0.00566003 -0.00505418 -0.009803  ]] 
Episode: 156: [[-0.01340053  0.00421394 -0.00374627]
 [-0.00309202 -0.0103062   0.01092219]
 [-0.00565919 -0.00505154 -0.00978956]] 
Episode: 157: [[-0.01340949  0.00421039 -0.00374246]
 [-0.00309926 -0.01030614  0.01091982]
 [-0.00566335 -0.00504953 -0.00977796]] 
Episode: 158: [[-0.01341708  0.00420627 -0.00373758]
 [-0.00310565 -0.01030486  0.01091638]
 [-0.00566635 -0.0050477  -0.00976708]] 
Episode: 159: [[-0.01342492  0.0042023  -0.00373265]
 [-0.00311169 -0.01029999  0.01091167]
 [-0.00567001 -0.00504783 -0.00975573]] 
Episode: 160: [[-0.0134364   0.00419792 -0.00372825]
 [-0.00312074 -0.01029863  0.01090715]
 [-0.00567601 -0.00504789 -0.00974623]] 
Episode: 161: [[-0.01344771  0.00419417 -0.0037258 ]
 [-0.00312953 -0.01030053  0.01090311]
 [-0.00568436 -0.00505045 -0.00974192]] 
Episode: 162: [[-0.01345873  0.00418747 -0.00372002]
 [-0.0031388  -0.01029778  0.01089732]
 [-0.0056937  -0.00505571 -0.00973833]] 
Episode: 163: [[-0.01346728  0.0041804  -0.00371455]
 [-0.00314692 -0.01029413  0.01089225]
 [-0.00570248 -0.00506146 -0.00973451]] 
Episode: 164: [[-0.01347944  0.00417284 -0.00371016]
 [-0.00315718 -0.0102958   0.01088721]
 [-0.00571187 -0.00506661 -0.00973289]] 
Episode: 165: [[-0.01349006  0.0041656  -0.00370665]
 [-0.00316578 -0.01029586  0.01088396]
 [-0.00572057 -0.00507113 -0.00973004]] 
Episode: 166: [[-0.01349878  0.00415814 -0.00370353]
 [-0.00317256 -0.01029212  0.0108818 ]
 [-0.00572738 -0.00507436 -0.00972387]] 
Episode: 167: [[-0.01350694  0.00414844 -0.00369791]
 [-0.0031806  -0.01028843  0.01087761]
 [-0.005736   -0.00508005 -0.0097186 ]] 
Episode: 168: [[-0.01351299  0.00413609 -0.00368979]
 [-0.0031894  -0.01028321  0.01087304]
 [-0.00574512 -0.0050864  -0.00971394]] 
Episode: 169: [[-0.01351875  0.00412353 -0.00368025]
 [-0.00319804 -0.01027555  0.01086595]
 [-0.00575543 -0.00509541 -0.00970846]] 
Episode: 170: [[-0.01352286  0.00411345 -0.00367333]
 [-0.00320479 -0.01026978  0.0108602 ]
 [-0.00576412 -0.00510405 -0.00970341]] 
Episode: 171: [[-0.01352568  0.00410496 -0.00366861]
 [-0.00320961 -0.01026515  0.01085741]
 [-0.00577054 -0.00510999 -0.0096991 ]] 
Episode: 172: [[-0.01352905  0.00409666 -0.00366474]
 [-0.00321472 -0.01026264  0.01085511]
 [-0.00577746 -0.005116   -0.00969681]] 
Episode: 173: [[-0.01353057  0.00409327 -0.0036644 ]
 [-0.00321571 -0.0102615   0.0108548 ]
 [-0.00578076 -0.00512042 -0.0096947 ]] 
Episode: 174: [[-0.01353093  0.00409236 -0.0036654 ]
 [-0.00321444 -0.01026135  0.01085421]
 [-0.0057813  -0.00512324 -0.00969179]] 
Episode: 175: [[-0.01353186  0.00409711 -0.00366863]
 [-0.00321048 -0.01025866  0.01085405]
 [-0.00577939 -0.00512491 -0.0096912 ]] 
Episode: 176: [[-0.01353075  0.00409617 -0.0036681 ]
 [-0.00321057 -0.0102533   0.01085274]
 [-0.00578007 -0.0051266  -0.00968808]] 
Episode: 177: [[-0.01352847  0.00410493 -0.0036715 ]
 [-0.00320182 -0.01025142  0.0108562 ]
 [-0.00577399 -0.00512492 -0.00968551]] 
Episode: 178: [[-0.01352532  0.00411565 -0.00367575]
 [-0.00319108 -0.01024757  0.01085922]
 [-0.00576498 -0.00512242 -0.00968482]] 
Episode: 179: [[-0.01352502  0.00410176 -0.00365391]
 [-0.00319874 -0.01023501  0.01084724]
 [-0.0057657  -0.00512625 -0.00967566]] 
Episode: 180: [[-0.01352399  0.00409385 -0.00363708]
 [-0.00320309 -0.01022794  0.01083763]
 [-0.00576269 -0.00512797 -0.0096708 ]] 
Episode: 181: [[-0.01352207  0.00408813 -0.00362191]
 [-0.00320541 -0.01022289  0.01082847]
 [-0.00575871 -0.00512991 -0.009666  ]] 
Episode: 182: [[-0.01352259  0.00408599 -0.00360948]
 [-0.00320783 -0.01021872  0.01082266]
 [-0.00575281 -0.00512764 -0.00966301]] 
Episode: 183: [[-0.01352258  0.00408628 -0.00359859]
 [-0.00320771 -0.01021421  0.01081931]
 [-0.00574585 -0.00512401 -0.00965992]] 
Episode: 184: [[-0.0135207   0.00408571 -0.00358793]
 [-0.00320639 -0.01021049  0.01081695]
 [-0.00573837 -0.00511979 -0.00965717]] 
Episode: 185: [[-0.01352049  0.00408633 -0.00357991]
 [-0.00320461 -0.01020305  0.01081664]
 [-0.00573065 -0.00511437 -0.00965196]] 
Episode: 186: [[-0.01351871  0.00408923 -0.00357203]
 [-0.00319978 -0.01019508  0.01081634]
 [-0.00572151 -0.00511059 -0.00964739]] 
Episode: 187: [[-0.01351651  0.00409404 -0.00356533]
 [-0.0031931  -0.01018773  0.01081566]
 [-0.00571113 -0.0051063  -0.00964227]] 
Episode: 188: [[-0.01351398  0.00410318 -0.00356129]
 [-0.00318366 -0.01018282  0.01081453]
 [-0.00569989 -0.00510401 -0.00963757]] 
Episode: 189: [[-0.01351032  0.00411262 -0.00355887]
 [-0.00317383 -0.01017951  0.01081491]
 [-0.00568698 -0.0050985  -0.00963338]] 
Episode: 190: [[-0.01350695  0.00411479 -0.00355653]
 [-0.00316896 -0.01017172  0.01081792]
 [-0.00568515 -0.00510122 -0.00962951]] 
Episode: 191: [[-0.01350694  0.00411579 -0.00355433]
 [-0.00316718 -0.01016679  0.01082062]
 [-0.0056854  -0.00510336 -0.00962613]] 
Episode: 192: [[-0.01350626  0.00411655 -0.00355302]
 [-0.00316439 -0.01016187  0.01082547]
 [-0.00568471 -0.00510394 -0.00962283]] 
Episode: 193: [[-0.01350357  0.00412162 -0.00355638]
 [-0.00315697 -0.01015857  0.01083328]
 [-0.00568005 -0.00510267 -0.00961868]] 
Episode: 194: [[-0.0135039   0.0041257  -0.00355916]
 [-0.00315183 -0.0101576   0.01083987]
 [-0.00567656 -0.00510104 -0.00961469]] 
Episode: 195: [[-0.01350307  0.004132   -0.00356285]
 [-0.00314454 -0.01015859  0.01084833]
 [-0.0056696  -0.00509624 -0.00961071]] 
Episode: 196: [[-0.01350197  0.00414062 -0.00356594]
 [-0.00313565 -0.01015962  0.01085554]
 [-0.00565914 -0.00508894 -0.00960677]] 
Episode: 197: [[-0.01350082  0.00414836 -0.00356837]
 [-0.00312726 -0.01016086  0.01086203]
 [-0.00564934 -0.00508242 -0.00960332]] 
Episode: 198: [[-0.01350386  0.00415602 -0.00357116]
 [-0.00312325 -0.01016696  0.01086782]
 [-0.00564404 -0.00507753 -0.00960417]] 
Episode: 199: [[-0.01350519  0.00416839 -0.00357584]
 [-0.00311512 -0.01017551  0.01087258]
 [-0.00563521 -0.00507287 -0.00960518]] 
Episode: 200: [[-0.01350834  0.00418037 -0.00357971]
 [-0.00310873 -0.01018459  0.01087744]
 [-0.00562747 -0.00506808 -0.0096067 ]] 
Episode: 201: [[-0.01351079  0.00419027 -0.00358257]
 [-0.00310258 -0.01019204  0.01088201]
 [-0.00562067 -0.00506383 -0.00960704]] 
Episode: 202: [[-0.01351385  0.00419738 -0.00358451]
 [-0.003099   -0.01019465  0.01088285]
 [-0.00561886 -0.00506566 -0.00960531]] 
Episode: 203: [[-0.01351489  0.00420465 -0.00358608]
 [-0.00309349 -0.01019679  0.01088246]
 [-0.00561653 -0.00506949 -0.00960437]] 
Episode: 204: [[-0.01351556  0.00421009 -0.00358561]
 [-0.00308859 -0.01019783  0.01088087]
 [-0.00561469 -0.00507403 -0.00960342]] 
Episode: 205: [[-0.01351475  0.00421261 -0.00358347]
 [-0.00308481 -0.01019871  0.01087818]
 [-0.00561408 -0.00507933 -0.00960194]] 
Episode: 206: [[-0.01351757  0.00421474 -0.00358125]
 [-0.00308369 -0.01020245  0.01087551]
 [-0.00561473 -0.0050841  -0.00959997]] 
Episode: 207: [[-0.01351971  0.00421084 -0.00357455]
 [-0.00308797 -0.01020568  0.01086848]
 [-0.00562023 -0.0050915  -0.00959456]] 
Episode: 208: [[-0.01352611  0.00420522 -0.00356805]
 [-0.00309583 -0.01021203  0.01086228]
 [-0.00562729 -0.00509632 -0.00958871]] 
Episode: 209: [[-0.01353169  0.00420163 -0.00356336]
 [-0.00310166 -0.01021864  0.01085807]
 [-0.00563206 -0.00509963 -0.00958364]] 
Episode: 210: [[-0.0135388   0.00419763 -0.00355878]
 [-0.0031088  -0.01022928  0.01085385]
 [-0.00563873 -0.00510412 -0.00958187]] 
Episode: 211: [[-0.01354516  0.00419465 -0.00355397]
 [-0.00311435 -0.01024159  0.01084762]
 [-0.00564349 -0.00510976 -0.00957936]] 
Episode: 212: [[-0.01354977  0.00419469 -0.0035511 ]
 [-0.00311618 -0.01025439  0.01084382]
 [-0.0056448  -0.00511325 -0.0095775 ]] 
Episode: 213: [[-0.01355756  0.00419512 -0.00354833]
 [-0.00312035 -0.01026832  0.01084039]
 [-0.00564807 -0.00511647 -0.00957728]] 
Episode: 214: [[-0.01356758  0.00419587 -0.00354591]
 [-0.00312565 -0.0102812   0.01083707]
 [-0.00565191 -0.00511883 -0.00957724]] 
Episode: 215: [[-0.01357626  0.00419349 -0.00354111]
 [-0.00313217 -0.01029087  0.01083248]
 [-0.00565711 -0.00512234 -0.00957486]] 
Episode: 216: [[-0.01358514  0.00419164 -0.00353738]
 [-0.00313863 -0.0103005   0.01082804]
 [-0.00566234 -0.00512567 -0.00957388]] 
Episode: 217: [[-0.01359868  0.00418948 -0.00353374]
 [-0.00314745 -0.01031202  0.01082346]
 [-0.00566872 -0.0051279  -0.009574  ]] 
Episode: 218: [[-0.01361334  0.00418818 -0.00353078]
 [-0.00315711 -0.01032488  0.01081966]
 [-0.0056761  -0.00512991 -0.00957405]] 
Episode: 219: [[-0.0136273   0.00418172 -0.00352868]
 [-0.0031703  -0.01032973  0.01081981]
 [-0.00568644 -0.00512994 -0.00957558]] 
Episode: 220: [[-0.01363908  0.00417863 -0.00352837]
 [-0.00318034 -0.01033482  0.01082017]
 [-0.00569493 -0.00513103 -0.0095773 ]] 
Episode: 221: [[-0.01364921  0.00417532 -0.00352825]
 [-0.00318895 -0.01033718  0.01082346]
 [-0.00570168 -0.0051299  -0.00958233]] 
Episode: 222: [[-0.01365978  0.00417187 -0.00352852]
 [-0.00319731 -0.01034027  0.01082572]
 [-0.00570808 -0.00512935 -0.00958821]] 
Episode: 223: [[-0.01366993  0.00416447 -0.00352619]
 [-0.00320804 -0.01033789  0.0108261 ]
 [-0.00571723 -0.00513066 -0.00959323]] 
Episode: 224: [[-0.01367775  0.00416582 -0.00352904]
 [-0.0032126  -0.01033666  0.0108284 ]
 [-0.00572048 -0.00512873 -0.00959868]] 
Episode: 225: [[-0.01368406  0.00416733 -0.00353203]
 [-0.00321547 -0.01033544  0.01083024]
 [-0.00572329 -0.00512801 -0.00960235]] 
Episode: 226: [[-0.01369198  0.00417016 -0.00353518]
 [-0.00321898 -0.01033738  0.01083175]
 [-0.00572666 -0.00512721 -0.0096074 ]] 
Episode: 227: [[-0.0137027   0.00417262 -0.00353837]
 [-0.00322355 -0.01033934  0.0108332 ]
 [-0.00572974 -0.00512496 -0.00961278]] 
Episode: 228: [[-0.01370999  0.00417454 -0.00353904]
 [-0.00322644 -0.01034283  0.01083203]
 [-0.00572843 -0.00511944 -0.00961805]] 
Episode: 229: [[-0.01371809  0.00417791 -0.00354041]
 [-0.00322917 -0.01034809  0.0108315 ]
 [-0.00572708 -0.00511374 -0.00962538]] 
Episode: 230: [[-0.01372426  0.00418218 -0.00354586]
 [-0.00323028 -0.01035308  0.01083662]
 [-0.00572289 -0.00510372 -0.00963176]] 
Episode: 231: [[-0.01372907  0.00418669 -0.00355091]
 [-0.00323059 -0.0103574   0.01084013]
 [-0.0057192  -0.005096   -0.00963708]] 
Episode: 232: [[-0.01373218  0.00418827 -0.00355337]
 [-0.00323171 -0.01036421  0.01083886]
 [-0.00571644 -0.00509377 -0.00963921]] 
Episode: 233: [[-0.0137391   0.00418985 -0.00355598]
 [-0.00323476 -0.0103728   0.0108374 ]
 [-0.00571574 -0.0050919  -0.00964245]] 
Episode: 234: [[-0.01374559  0.00419246 -0.00355893]
 [-0.00323674 -0.01038286  0.01083591]
 [-0.00571407 -0.00509039 -0.00964494]] 
Episode: 235: [[-0.01374981  0.00418986 -0.00356027]
 [-0.00323994 -0.01038926  0.01083686]
 [-0.00571432 -0.00508791 -0.00964752]] 
Episode: 236: [[-0.01375322  0.00419212 -0.00356459]
 [-0.00323964 -0.01039566  0.01084029]
 [-0.00571137 -0.00508337 -0.00965175]] 
Episode: 237: [[-0.01375848  0.00418035 -0.00356601]
 [-0.00324693 -0.01038924  0.01084433]
 [-0.00572024 -0.00508755 -0.00965392]] 
Episode: 238: [[-0.01376589  0.00417167 -0.00356751]
 [-0.00325435 -0.01038293  0.01084765]
 [-0.00572953 -0.0050923  -0.00965755]] 
Episode: 239: [[-0.01377211  0.00416341 -0.00356827]
 [-0.00326043 -0.01037585  0.0108489 ]
 [-0.0057376  -0.00509774 -0.00965874]] 
Episode: 240: [[-0.01377779  0.00413951 -0.00356258]
 [-0.00327663 -0.01035976  0.01084316]
 [-0.00575679 -0.00511474 -0.00965886]] 
Episode: 241: [[-0.01378234  0.0041208  -0.00356004]
 [-0.0032885  -0.01034573  0.01083774]
 [-0.00577294 -0.00513102 -0.00966189]] 
Episode: 242: [[-0.01378667  0.00410494 -0.00355856]
 [-0.00329866 -0.01033311  0.01083295]
 [-0.00578718 -0.00514561 -0.00966429]] 
Episode: 243: [[-0.01379485  0.00409053 -0.00355712]
 [-0.00331007 -0.01032478  0.01082842]
 [-0.00580139 -0.00515809 -0.00966739]] 
Episode: 244: [[-0.01380555  0.00407753 -0.0035563 ]
 [-0.00332217 -0.01031877  0.01082379]
 [-0.00581478 -0.0051688  -0.00967194]] 
Episode: 245: [[-0.01381406  0.00406945 -0.00355804]
 [-0.0033299  -0.01031415  0.0108222 ]
 [-0.00582331 -0.00517599 -0.00967653]] 
Episode: 246: [[-0.01382402  0.00406136 -0.00355973]
 [-0.00333867 -0.01031256  0.0108207 ]
 [-0.00583275 -0.00518254 -0.00968142]] 
Episode: 247: [[-0.01383136  0.00405289 -0.00356125]
 [-0.00334673 -0.01031196  0.01081949]
 [-0.00584033 -0.00518686 -0.00968522]] 
Episode: 248: [[-0.01383733  0.00404859 -0.00356911]
 [-0.0033495  -0.01031105  0.01082827]
 [-0.00583899 -0.00517846 -0.00968937]] 
Episode: 249: [[-0.01384073  0.00404751 -0.00357787]
 [-0.00334948 -0.01031265  0.01083711]
 [-0.005836   -0.00517059 -0.00969434]] 
Episode: 250: [[-0.01384689  0.00404669 -0.00358671]
 [-0.00335088 -0.01031496  0.01084495]
 [-0.00583457 -0.00516388 -0.00970024]] 
Episode: 251: [[-0.01385085  0.00405003 -0.00359619]
 [-0.00334721 -0.01031663  0.01085494]
 [-0.0058292  -0.00515554 -0.00970632]] 
Episode: 252: [[-0.01385384  0.00405435 -0.00360517]
 [-0.00334175 -0.01031626  0.0108645 ]
 [-0.00582411 -0.00515007 -0.00971218]] 
Episode: 253: [[-0.01385537  0.00406104 -0.00361515]
 [-0.00333409 -0.01031472  0.01087456]
 [-0.00581805 -0.00514499 -0.00971713]] 
Episode: 254: [[-0.01385786  0.00406924 -0.00362379]
 [-0.00332623 -0.01031366  0.01088385]
 [-0.00581148 -0.00514013 -0.00972271]] 
Episode: 255: [[-0.01386226  0.00407714 -0.00363165]
 [-0.00332035 -0.01031509  0.01089197]
 [-0.00580639 -0.00513532 -0.00972841]] 
Episode: 256: [[-0.01386586  0.00409128 -0.00364256]
 [-0.0033092  -0.01031788  0.01090121]
 [-0.00579534 -0.00512781 -0.00973296]] 
Episode: 257: [[-0.0138722   0.00410241 -0.00365181]
 [-0.00330155 -0.01032253  0.01090908]
 [-0.00578772 -0.00512114 -0.00973448]] 
Episode: 258: [[-0.0138766   0.00411622 -0.0036609 ]
 [-0.00329152 -0.010329    0.01091462]
 [-0.00577954 -0.00511767 -0.00973686]] 
Episode: 259: [[-0.01388007  0.00413064 -0.00366952]
 [-0.00328095 -0.01033309  0.01092428]
 [-0.00577167 -0.00511179 -0.00974129]] 
Episode: 260: [[-0.01388357  0.00414706 -0.00367777]
 [-0.00326936 -0.01034003  0.0109325 ]
 [-0.00576228 -0.00510609 -0.0097471 ]] 
Episode: 261: [[-0.01389188  0.00416128 -0.00368494]
 [-0.0032615  -0.01034768  0.01093981]
 [-0.00575624 -0.00510116 -0.0097525 ]] 
Episode: 262: [[-0.01390028  0.00417197 -0.0036871 ]
 [-0.00325589 -0.01035209  0.01094313]
 [-0.00575117 -0.00509759 -0.00975738]] 
Episode: 263: [[-0.01391237  0.00418098 -0.0036889 ]
 [-0.00325321 -0.01035973  0.01094602]
 [-0.00574837 -0.00509433 -0.00976318]] 
Episode: 264: [[-0.01392142  0.00419159 -0.00369177]
 [-0.00324818 -0.01036906  0.01094971]
 [-0.00574291 -0.00509042 -0.0097702 ]] 
Episode: 265: [[-0.01392859  0.00420321 -0.00369532]
 [-0.00324145 -0.01037814  0.01095356]
 [-0.00573625 -0.00508665 -0.00977745]] 
Episode: 266: [[-0.01393911  0.00421309 -0.0036976 ]
 [-0.00323732 -0.01038725  0.01095681]
 [-0.00573146 -0.00508282 -0.00978295]] 
Episode: 267: [[-0.01394799  0.00422028 -0.00369913]
 [-0.00323446 -0.01039471  0.0109603 ]
 [-0.00572744 -0.00507849 -0.0097886 ]] 
Episode: 268: [[-0.01395569  0.00422604 -0.00369882]
 [-0.00323204 -0.01040056  0.0109633 ]
 [-0.00572336 -0.00507394 -0.00979228]] 
Episode: 269: [[-0.01396062  0.00423033 -0.00369795]
 [-0.00322971 -0.01040497  0.01096561]
 [-0.00571969 -0.00507012 -0.00979582]] 
Episode: 270: [[-0.01396433  0.00423381 -0.00369691]
 [-0.0032266  -0.01040759  0.0109679 ]
 [-0.00571532 -0.00506608 -0.00979851]] 
Episode: 271: [[-0.01396705  0.00423305 -0.00369387]
 [-0.00322587 -0.01040688  0.01096846]
 [-0.00571325 -0.00506351 -0.0098009 ]] 
Episode: 272: [[-0.01397079  0.00423182 -0.00369125]
 [-0.003226   -0.01040807  0.01096848]
 [-0.00571215 -0.00506178 -0.00980237]] 
Episode: 273: [[-0.01397204  0.00423187 -0.00368876]
 [-0.00322388 -0.01041     0.01096744]
 [-0.0057099  -0.00506177 -0.009804  ]] 
Episode: 274: [[-0.01397333  0.00423443 -0.00368778]
 [-0.0032207  -0.01041188  0.01096697]
 [-0.00570657 -0.00506234 -0.00980445]] 
Episode: 275: [[-0.01397702  0.00423683 -0.00368623]
 [-0.00321935 -0.01041676  0.01096625]
 [-0.0057046  -0.00506328 -0.00980413]] 
Episode: 276: [[-0.01397962  0.00423634 -0.00368198]
 [-0.00321935 -0.01041777  0.01096351]
 [-0.00570394 -0.00506586 -0.00980276]] 
Episode: 277: [[-0.01398344  0.00423379 -0.00367836]
 [-0.00322086 -0.01041537  0.01096338]
 [-0.00570392 -0.00506601 -0.0098029 ]] 
Episode: 278: [[-0.01398858  0.00423244 -0.00367564]
 [-0.00322321 -0.01041602  0.01096312]
 [-0.00570501 -0.00506659 -0.00980404]] 
Episode: 279: [[-0.01399333  0.00422936 -0.00367319]
 [-0.00322626 -0.01041566  0.01096423]
 [-0.00570619 -0.00506567 -0.00980582]] 
Episode: 280: [[-0.01400136  0.00422772 -0.00367215]
 [-0.0032295  -0.01041536  0.01096511]
 [-0.00570716 -0.00506404 -0.00981035]] 
Episode: 281: [[-0.01400814  0.00422484 -0.00367027]
 [-0.00323226 -0.01041465  0.01096586]
 [-0.00570839 -0.00506307 -0.00981402]] 
Episode: 282: [[-0.01401649  0.00422211 -0.00366907]
 [-0.00323646 -0.01041788  0.01096645]
 [-0.00571133 -0.00506268 -0.00982004]] 
Episode: 283: [[-0.01402804  0.00421956 -0.00366806]
 [-0.00324233 -0.01042492  0.01096667]
 [-0.00571556 -0.00506197 -0.00982706]] 
Episode: 284: [[-0.01404456  0.00421677 -0.00366675]
 [-0.0032516  -0.01043582  0.01096649]
 [-0.00572241 -0.00506099 -0.00983496]] 
Episode: 285: [[-0.01405877  0.00421446 -0.00366616]
 [-0.0032586  -0.01044472  0.01096679]
 [-0.00572863 -0.00506094 -0.00984075]] 
Episode: 286: [[-0.01407265  0.0042098  -0.00366314]
 [-0.00326761 -0.01045264  0.01096626]
 [-0.00573642 -0.00506144 -0.00984387]] 
Episode: 287: [[-0.01408355  0.00421328 -0.00366188]
 [-0.00327011 -0.01045779  0.01096539]
 [-0.00574049 -0.00506299 -0.00984781]] 
Episode: 288: [[-0.01409275  0.00421679 -0.003662  ]
 [-0.003271   -0.01046108  0.01096579]
 [-0.00574378 -0.00506412 -0.00985103]] 
Episode: 289: [[-0.01410255  0.00421559 -0.00366044]
 [-0.00327566 -0.01046418  0.01096518]
 [-0.0057496  -0.005065   -0.00985289]] 
Episode: 290: [[-0.0141131   0.00421401 -0.00365905]
 [-0.0032809  -0.01046702  0.01096464]
 [-0.0057559  -0.00506583 -0.00985424]] 
Episode: 291: [[-0.01412536  0.00421283 -0.00365779]
 [-0.00328769 -0.01047285  0.01096409]
 [-0.00576326 -0.00506663 -0.0098566 ]] 
Episode: 292: [[-0.01413941  0.00421167 -0.00365679]
 [-0.00329535 -0.01047972  0.01096339]
 [-0.00577092 -0.00506682 -0.00985989]] 
Episode: 293: [[-0.01415362  0.00421182 -0.00365786]
 [-0.00330243 -0.01048893  0.01096275]
 [-0.00577814 -0.00506706 -0.00986489]] 
Episode: 294: [[-0.01416397  0.00420703 -0.0036546 ]
 [-0.00331107 -0.01049219  0.01096096]
 [-0.00578554 -0.00506708 -0.00986856]] 
Episode: 295: [[-0.01417463  0.00420205 -0.00365147]
 [-0.00332007 -0.01049643  0.01095911]
 [-0.0057932  -0.00506708 -0.00987091]] 
Episode: 296: [[-0.0141819   0.00419527 -0.00364605]
 [-0.00332814 -0.01049902  0.01095614]
 [-0.00580024 -0.00506805 -0.00987204]] 
Episode: 297: [[-0.01418805  0.00418836 -0.0036397 ]
 [-0.00333617 -0.01050119  0.01095325]
 [-0.00580686 -0.00506775 -0.00987379]] 
Episode: 298: [[-0.01419354  0.0041776  -0.00363003]
 [-0.00334554 -0.01049897  0.01094907]
 [-0.00581572 -0.00506923 -0.00987409]] 
Episode: 299: [[-0.01419669  0.00416755 -0.00362122]
 [-0.00335225 -0.01049566  0.01094542]
 [-0.00582334 -0.00507111 -0.00987378]] 
Episode: 300: [[-0.01420194  0.00415971 -0.00361399]
 [-0.00335935 -0.01049597  0.01094193]
 [-0.00583128 -0.00507335 -0.00987636]] 
