30185.642578 3131.860596 2434.359619 2282.451172 10233.272461 
39260.636719 3745.788330 2951.727051 2999.384521 17407.386719 
30727.089844 3341.755371 3562.181885 3283.087402 23546.292969 
36458.765625 3687.076172 3422.459229 3453.294189 24494.054688 
35281.136719 5088.195312 4230.003418 4936.564453 26889.984375 
35986.707031 3859.346924 3294.132568 3153.516357 27407.804688 
30319.191406 3256.972168 3193.833008 2598.495605 21596.705078 
34286.132812 3819.654297 3127.623535 3199.712891 21604.886719 
44078.675781 6900.044434 6572.676270 6859.541504 31634.564453 
44274.191406 4923.024414 4961.453125 3886.627686 26284.500000 
32523.146484 4115.508301 3345.149170 3814.078369 23264.734375 
38162.914062 3824.198730 3973.388672 3387.915039 21659.833984 
39865.921875 3964.583008 3707.202637 3484.407471 26710.320312 
34409.898438 3207.860107 3024.294678 2209.079346 12808.384766 
36512.996094 5126.223145 3856.478516 3862.853516 21504.910156 
35111.445312 3744.402100 3124.545654 3367.570312 23200.417969 
32694.656250 3784.910400 3033.964600 3086.467041 25676.521484 
40979.847656 3879.597900 2618.854492 2490.602295 14915.970703 
38042.257812 3400.321777 2753.443604 2190.203857 18203.195312 
38947.589844 3969.543701 3598.101807 3774.271484 21245.650391 
