87.662323 88.398201 85.288757 84.789345 76.814598 0.019782 
89.886559 82.273430 90.591682 90.599586 71.581505 0.000000 
90.197159 82.123985 85.035797 77.433838 80.257439 0.000000 
87.095535 82.010155 74.652542 75.490753 80.007690 0.000000 
86.923355 85.409294 86.398285 88.654289 90.403824 0.019782 
93.200653 82.545715 85.671440 78.830872 77.959564 0.019782 
96.046188 81.686386 85.860405 88.358566 93.091759 0.019782 
83.495117 69.527977 95.570274 87.100739 74.604942 0.000000 
94.137405 78.118874 83.718391 83.821411 83.154015 0.000000 
89.507614 75.957397 88.428070 81.452843 73.844574 0.000000 
82.201271 86.829659 89.236038 88.596367 90.472847 0.019782 
88.918640 85.176994 79.904289 95.537636 74.377388 0.019782 
92.518829 75.311913 87.521225 91.666077 79.110451 0.000000 
89.684669 94.008644 87.199509 92.574883 88.237747 0.019782 
93.644981 83.963669 91.660652 85.580299 81.188583 0.027976 
87.842285 70.677185 87.992676 83.615837 84.754005 0.000000 
87.931526 99.252747 94.198982 85.901520 79.238564 0.000000 
86.327728 80.592171 90.379166 81.472542 83.148293 0.000000 
88.705574 84.283882 88.151237 75.215721 78.823555 0.019782 
92.952309 81.511337 79.531044 92.953911 80.664978 0.019782 
85.516212 86.909531 82.087868 82.204231 81.156487 0.034264 
87.519981 76.464706 89.791847 83.693138 97.655807 0.000000 
86.928696 83.092247 91.878784 84.347618 108.834526 0.000000 
90.424820 63.822659 66.581436 55.511898 54.809895 0.034264 
96.934837 79.427116 68.088028 62.550480 56.427040 0.000000 
86.610168 60.902771 74.294098 64.107254 66.010170 0.000000 
83.274429 99.755882 90.940971 78.574028 73.512314 0.019782 
89.454391 69.298935 43.991192 47.031242 43.608131 0.034264 
88.810982 68.538933 56.165726 63.951202 56.535744 0.019782 
87.598000 81.278770 95.535965 87.059265 90.850060 0.000000 
82.492256 78.817177 88.587799 67.946404 71.828369 0.019782 
91.663712 78.521904 82.659943 76.809593 75.805145 0.000000 
86.995651 69.541634 84.801392 83.045807 90.797195 0.000000 
89.847038 126.906151 106.221962 70.158951 14.204663 0.000000 
86.417343 84.017815 71.416641 71.453407 51.991184 0.000000 
87.094933 82.085365 93.444115 93.342911 59.815830 0.000000 
94.898766 86.719887 84.432861 86.793900 83.648598 0.000000 
86.725555 76.840805 78.197868 84.751236 92.835693 0.027976 
