68.557732 67.025749 63.670773 64.157364 75.673767 
71.535988 68.831024 67.660271 66.216713 66.251282 
72.132278 69.669617 69.330681 66.740173 68.256775 
71.441566 71.757652 70.653732 71.606491 81.076408 
68.353516 63.179516 60.404259 61.331108 70.222870 
70.804283 69.040604 69.015198 65.672386 74.961906 
72.227936 70.717361 71.930069 70.508270 62.178200 
71.061913 68.067810 65.293152 66.053680 73.561760 
72.427277 70.637794 69.285515 69.062492 77.653885 
70.195290 68.196999 66.666710 65.084694 74.093590 
71.465775 68.840851 67.364983 65.012077 69.688759 
68.033165 65.131714 62.841064 60.173309 59.486847 
69.229485 62.940933 63.511734 62.422237 69.900642 
69.290253 70.047379 69.899025 70.753990 64.338982 
71.529427 70.029030 68.841049 68.589279 78.399559 
67.908417 65.499130 61.206730 61.199181 71.887695 
68.694778 67.531456 66.881126 66.578552 76.169777 
67.087509 63.988358 65.528214 61.647823 64.493187 
69.403152 68.497177 67.377747 64.491447 76.453865 
70.877625 69.552971 65.132179 63.492764 64.729080 
