88.926735 88.238792 88.011955 87.533791 89.058182 
88.929817 87.941650 87.330574 88.074371 86.550850 
89.499260 88.394249 87.293602 86.681023 86.269623 
89.189339 89.075134 89.122810 88.848053 87.966347 
88.745148 88.354530 88.288666 88.381531 87.599014 
89.997726 89.826393 89.704445 89.763847 89.066711 
89.665291 89.314697 89.284225 89.307037 90.058449 
89.526047 88.401009 87.609383 87.056618 88.166115 
89.519974 88.937386 89.081268 88.979568 88.411095 
88.941696 88.646111 88.454163 88.473289 85.782196 
89.566544 88.398323 87.420761 87.336456 89.933517 
87.623283 86.080986 84.358299 84.201134 88.511292 
89.418800 89.135429 89.136551 87.301651 90.060471 
88.406891 87.962303 87.589203 88.634171 88.418068 
89.600311 89.126945 88.803001 88.997383 88.670059 
88.393738 87.588753 87.817238 86.992081 84.967522 
89.387932 89.547928 89.129677 88.843857 89.448288 
88.711456 87.659271 87.782082 87.755608 87.353180 
89.488434 89.424225 89.399437 89.438866 87.032928 
89.284775 88.954269 88.653702 87.452263 87.060989 
