Episode: 1: [[0. 0. 0.]
 [0. 0. 0.]
 [0. 0. 0.]] 
Episode: 2: [[-2.9999999e-05  2.9999999e-05  2.9999999e-05]
 [-2.9999999e-05 -2.9999996e-05  2.9999997e-05]
 [-2.9999999e-05 -2.9999999e-05 -2.9999996e-05]] 
Episode: 3: [[-5.2329389e-05  5.2417072e-05  5.2417428e-05]
 [-5.2412412e-05 -5.2329386e-05  5.2501218e-05]
 [-5.2412495e-05 -5.2386906e-05 -5.2329411e-05]] 
Episode: 4: [[-7.3998614e-05  7.3068848e-05  7.3075353e-05]
 [-7.3122370e-05 -7.4086871e-05  7.2769515e-05]
 [-7.3123199e-05 -7.3335978e-05 -7.4099837e-05]] 
Episode: 5: [[-9.1749018e-05  8.9989735e-05  9.0001224e-05]
 [-9.0090529e-05 -9.1910144e-05  8.9377703e-05]
 [-9.0091984e-05 -9.0499772e-05 -9.1933733e-05]] 
Episode: 6: [[-0.00010675  0.00010429  0.00010431]
 [-0.00010444 -0.00010698  0.00010342]
 [-0.00010444 -0.00010501 -0.00010701]] 
Episode: 7: [[-0.00012242  0.00011996  0.00011997]
 [-0.0001201  -0.00012264  0.00011908]
 [-0.0001201  -0.00012067 -0.00012267]] 
Episode: 8: [[-0.00013761  0.00010556  0.00010731]
 [-0.00013531 -0.00013783  0.00010389]
 [-0.00013532 -0.00013587 -0.00013786]] 
Episode: 9: [[-1.5100749e-04  9.2859445e-05  9.6139513e-05]
 [-1.4872795e-04 -1.5122432e-04  9.0499467e-05]
 [-1.4873050e-04 -1.4925844e-04 -1.5125681e-04]] 
Episode: 10: [[-1.6289894e-04  8.1588325e-05  8.6226144e-05]
 [-1.6063558e-04 -1.6311320e-04  7.8610989e-05]
 [-1.6063837e-04 -1.6114771e-04 -1.6314568e-04]] 
Episode: 11: [[-1.7351178e-04  7.1529110e-05  7.7378689e-05]
 [-1.7126287e-04 -1.7372376e-04  6.8000794e-05]
 [-1.7126587e-04 -1.7175860e-04 -1.7375623e-04]] 
Episode: 12: [[-1.8302289e-04  6.2514162e-05  6.9449707e-05]
 [-1.8078693e-04 -1.8323281e-04  5.8492064e-05]
 [-1.8079011e-04 -1.8126795e-04 -1.8326526e-04]] 
Episode: 13: [[-1.9157465e-04  5.4408501e-05  6.2320483e-05]
 [-1.8935034e-04 -1.9178273e-04  4.9942428e-05]
 [-1.8935370e-04 -1.8981815e-04 -1.9181517e-04]] 
Episode: 14: [[-1.9061536e-04  3.9875886e-05  4.7839359e-05]
 [-1.7775504e-04 -1.9860908e-04  4.2162628e-05]
 [-1.7772398e-04 -1.9573640e-04 -1.9869595e-04]] 
Episode: 15: [[-1.8974872e-04  2.6746857e-05  3.4756849e-05]
 [-1.6727964e-04 -2.0477612e-04  3.5134217e-05]
 [-1.6721748e-04 -2.0108305e-04 -2.0491218e-04]] 
Episode: 16: [[-1.88964434e-04  1.48653735e-05  2.29174657e-05]
 [-1.57799630e-04 -2.10357161e-04  2.87736584e-05]
 [-1.57709335e-04 -2.05921649e-04 -2.10537735e-04]] 
Episode: 17: [[-1.88964434e-04  1.48653735e-05  2.29174657e-05]
 [-1.57799630e-04 -2.10357161e-04  2.87736584e-05]
 [-1.57709335e-04 -2.05921649e-04 -2.10537735e-04]] 
Episode: 18: [[-1.88964434e-04  1.48653735e-05  2.29174657e-05]
 [-1.57799630e-04 -2.10357161e-04  2.87736584e-05]
 [-1.57709335e-04 -2.05921649e-04 -2.10537735e-04]] 
Episode: 19: [[-1.88964434e-04  1.48653735e-05  2.29174657e-05]
 [-1.57799630e-04 -2.10357161e-04  2.87736584e-05]
 [-1.57709335e-04 -2.05921649e-04 -2.10537735e-04]] 
Episode: 20: [[-1.88964434e-04  1.48653735e-05  2.29174657e-05]
 [-1.57799630e-04 -2.10357161e-04  2.87736584e-05]
 [-1.57709335e-04 -2.05921649e-04 -2.10537735e-04]] 
Episode: 21: [[-1.88964434e-04  1.48653735e-05  2.29174657e-05]
 [-1.57799630e-04 -2.10357161e-04  2.87736584e-05]
 [-1.57709335e-04 -2.05921649e-04 -2.10537735e-04]] 
Episode: 22: [[-1.88964434e-04  1.48653735e-05  2.29174657e-05]
 [-1.57799630e-04 -2.10357161e-04  2.87736584e-05]
 [-1.57709335e-04 -2.05921649e-04 -2.10537735e-04]] 
Episode: 23: [[-1.88964434e-04  1.48653735e-05  2.29174657e-05]
 [-1.57799630e-04 -2.10357161e-04  2.87736584e-05]
 [-1.57709335e-04 -2.05921649e-04 -2.10537735e-04]] 
Episode: 24: [[-1.88964434e-04  1.48653735e-05  2.29174657e-05]
 [-1.57799630e-04 -2.10357161e-04  2.87736584e-05]
 [-1.57709335e-04 -2.05921649e-04 -2.10537735e-04]] 
Episode: 25: [[-1.88964434e-04  1.48653735e-05  2.29174657e-05]
 [-1.57799630e-04 -2.10357161e-04  2.87736584e-05]
 [-1.57709335e-04 -2.05921649e-04 -2.10537735e-04]] 
Episode: 26: [[-1.88964434e-04  1.48653735e-05  2.29174657e-05]
 [-1.57799630e-04 -2.10357161e-04  2.87736584e-05]
 [-1.57709335e-04 -2.05921649e-04 -2.10537735e-04]] 
Episode: 27: [[-1.88964434e-04  1.48653735e-05  2.29174657e-05]
 [-1.57799630e-04 -2.10357161e-04  2.87736584e-05]
 [-1.57709335e-04 -2.05921649e-04 -2.10537735e-04]] 
Episode: 28: [[-1.88964434e-04  1.48653735e-05  2.29174657e-05]
 [-1.57799630e-04 -2.10357161e-04  2.87736584e-05]
 [-1.57709335e-04 -2.05921649e-04 -2.10537735e-04]] 
Episode: 29: [[-1.88964434e-04  1.48653735e-05  2.29174657e-05]
 [-1.57799630e-04 -2.10357161e-04  2.87736584e-05]
 [-1.57709335e-04 -2.05921649e-04 -2.10537735e-04]] 
Episode: 30: [[-1.88964434e-04  1.48653735e-05  2.29174657e-05]
 [-1.57799630e-04 -2.10357161e-04  2.87736584e-05]
 [-1.57709335e-04 -2.05921649e-04 -2.10537735e-04]] 
Episode: 31: [[-1.88964434e-04  1.48653735e-05  2.29174657e-05]
 [-1.57799630e-04 -2.10357161e-04  2.87736584e-05]
 [-1.57709335e-04 -2.05921649e-04 -2.10537735e-04]] 
Episode: 32: [[-1.88964434e-04  1.48653735e-05  2.29174657e-05]
 [-1.57799630e-04 -2.10357161e-04  2.87736584e-05]
 [-1.57709335e-04 -2.05921649e-04 -2.10537735e-04]] 
Episode: 33: [[-1.88964434e-04  1.48653735e-05  2.29174657e-05]
 [-1.57799630e-04 -2.10357161e-04  2.87736584e-05]
 [-1.57709335e-04 -2.05921649e-04 -2.10537735e-04]] 
Episode: 34: [[-1.88964434e-04  1.48653735e-05  2.29174657e-05]
 [-1.57799630e-04 -2.10357161e-04  2.87736584e-05]
 [-1.57709335e-04 -2.05921649e-04 -2.10537735e-04]] 
Episode: 35: [[-1.88964434e-04  1.48653735e-05  2.29174657e-05]
 [-1.57799630e-04 -2.10357161e-04  2.87736584e-05]
 [-1.57709335e-04 -2.05921649e-04 -2.10537735e-04]] 
Episode: 36: [[-1.88964434e-04  1.48653735e-05  2.29174657e-05]
 [-1.57799630e-04 -2.10357161e-04  2.87736584e-05]
 [-1.57709335e-04 -2.05921649e-04 -2.10537735e-04]] 
Episode: 37: [[-1.88964434e-04  1.48653735e-05  2.29174657e-05]
 [-1.57799630e-04 -2.10357161e-04  2.87736584e-05]
 [-1.57709335e-04 -2.05921649e-04 -2.10537735e-04]] 
Episode: 38: [[-1.88964434e-04  1.48653735e-05  2.29174657e-05]
 [-1.57799630e-04 -2.10357161e-04  2.87736584e-05]
 [-1.57709335e-04 -2.05921649e-04 -2.10537735e-04]] 
Episode: 39: [[-1.88964434e-04  1.48653735e-05  2.29174657e-05]
 [-1.57799630e-04 -2.10357161e-04  2.87736584e-05]
 [-1.57709335e-04 -2.05921649e-04 -2.10537735e-04]] 
Episode: 40: [[-1.88964434e-04  1.48653735e-05  2.29174657e-05]
 [-1.57799630e-04 -2.10357161e-04  2.87736584e-05]
 [-1.57709335e-04 -2.05921649e-04 -2.10537735e-04]] 
Episode: 41: [[-1.88964434e-04  1.48653735e-05  2.29174657e-05]
 [-1.57799630e-04 -2.10357161e-04  2.87736584e-05]
 [-1.57709335e-04 -2.05921649e-04 -2.10537735e-04]] 
Episode: 42: [[-1.88964434e-04  1.48653735e-05  2.29174657e-05]
 [-1.57799630e-04 -2.10357161e-04  2.87736584e-05]
 [-1.57709335e-04 -2.05921649e-04 -2.10537735e-04]] 
Episode: 43: [[-1.88964434e-04  1.48653735e-05  2.29174657e-05]
 [-1.57799630e-04 -2.10357161e-04  2.87736584e-05]
 [-1.57709335e-04 -2.05921649e-04 -2.10537735e-04]] 
Episode: 44: [[-1.88964434e-04  1.48653735e-05  2.29174657e-05]
 [-1.57799630e-04 -2.10357161e-04  2.87736584e-05]
 [-1.57709335e-04 -2.05921649e-04 -2.10537735e-04]] 
Episode: 45: [[-1.88964434e-04  1.48653735e-05  2.29174657e-05]
 [-1.57799630e-04 -2.10357161e-04  2.87736584e-05]
 [-1.57709335e-04 -2.05921649e-04 -2.10537735e-04]] 
Episode: 46: [[-1.88964434e-04  1.48653735e-05  2.29174657e-05]
 [-1.57799630e-04 -2.10357161e-04  2.87736584e-05]
 [-1.57709335e-04 -2.05921649e-04 -2.10537735e-04]] 
Episode: 47: [[-1.88964434e-04  1.48653735e-05  2.29174657e-05]
 [-1.57799630e-04 -2.10357161e-04  2.87736584e-05]
 [-1.57709335e-04 -2.05921649e-04 -2.10537735e-04]] 
Episode: 48: [[-1.88964434e-04  1.48653735e-05  2.29174657e-05]
 [-1.57799630e-04 -2.10357161e-04  2.87736584e-05]
 [-1.57709335e-04 -2.05921649e-04 -2.10537735e-04]] 
Episode: 49: [[-1.88964434e-04  1.48653735e-05  2.29174657e-05]
 [-1.57799630e-04 -2.10357161e-04  2.87736584e-05]
 [-1.57709335e-04 -2.05921649e-04 -2.10537735e-04]] 
Episode: 50: [[-1.88964434e-04  1.48653735e-05  2.29174657e-05]
 [-1.57799630e-04 -2.10357161e-04  2.87736584e-05]
 [-1.57709335e-04 -2.05921649e-04 -2.10537735e-04]] 
Episode: 51: [[-1.88964434e-04  1.48653735e-05  2.29174657e-05]
 [-1.57799630e-04 -2.10357161e-04  2.87736584e-05]
 [-1.57709335e-04 -2.05921649e-04 -2.10537735e-04]] 
Episode: 52: [[-1.88964434e-04  1.48653735e-05  2.29174657e-05]
 [-1.57799630e-04 -2.10357161e-04  2.87736584e-05]
 [-1.57709335e-04 -2.05921649e-04 -2.10537735e-04]] 
Episode: 53: [[-1.88964434e-04  1.48653735e-05  2.29174657e-05]
 [-1.57799630e-04 -2.10357161e-04  2.87736584e-05]
 [-1.57709335e-04 -2.05921649e-04 -2.10537735e-04]] 
Episode: 54: [[-1.88964434e-04  1.48653735e-05  2.29174657e-05]
 [-1.57799630e-04 -2.10357161e-04  2.87736584e-05]
 [-1.57709335e-04 -2.05921649e-04 -2.10537735e-04]] 
Episode: 55: [[-1.88964434e-04  1.48653735e-05  2.29174657e-05]
 [-1.57799630e-04 -2.10357161e-04  2.87736584e-05]
 [-1.57709335e-04 -2.05921649e-04 -2.10537735e-04]] 
Episode: 56: [[-1.88964434e-04  1.48653735e-05  2.29174657e-05]
 [-1.57799630e-04 -2.10357161e-04  2.87736584e-05]
 [-1.57709335e-04 -2.05921649e-04 -2.10537735e-04]] 
Episode: 57: [[-1.88964434e-04  1.48653735e-05  2.29174657e-05]
 [-1.57799630e-04 -2.10357161e-04  2.87736584e-05]
 [-1.57709335e-04 -2.05921649e-04 -2.10537735e-04]] 
Episode: 58: [[-1.88964434e-04  1.48653735e-05  2.29174657e-05]
 [-1.57799630e-04 -2.10357161e-04  2.87736584e-05]
 [-1.57709335e-04 -2.05921649e-04 -2.10537735e-04]] 
Episode: 59: [[-1.88964434e-04  1.48653735e-05  2.29174657e-05]
 [-1.57799630e-04 -2.10357161e-04  2.87736584e-05]
 [-1.57709335e-04 -2.05921649e-04 -2.10537735e-04]] 
Episode: 60: [[-1.88964434e-04  1.48653735e-05  2.29174657e-05]
 [-1.57799630e-04 -2.10357161e-04  2.87736584e-05]
 [-1.57709335e-04 -2.05921649e-04 -2.10537735e-04]] 
Episode: 61: [[-1.88964434e-04  1.48653735e-05  2.29174657e-05]
 [-1.57799630e-04 -2.10357161e-04  2.87736584e-05]
 [-1.57709335e-04 -2.05921649e-04 -2.10537735e-04]] 
Episode: 62: [[-1.88964434e-04  1.48653735e-05  2.29174657e-05]
 [-1.57799630e-04 -2.10357161e-04  2.87736584e-05]
 [-1.57709335e-04 -2.05921649e-04 -2.10537735e-04]] 
Episode: 63: [[-1.88964434e-04  1.48653735e-05  2.29174657e-05]
 [-1.57799630e-04 -2.10357161e-04  2.87736584e-05]
 [-1.57709335e-04 -2.05921649e-04 -2.10537735e-04]] 
Episode: 64: [[-1.88964434e-04  1.48653735e-05  2.29174657e-05]
 [-1.57799630e-04 -2.10357161e-04  2.87736584e-05]
 [-1.57709335e-04 -2.05921649e-04 -2.10537735e-04]] 
Episode: 65: [[-1.88964434e-04  1.48653735e-05  2.29174657e-05]
 [-1.57799630e-04 -2.10357161e-04  2.87736584e-05]
 [-1.57709335e-04 -2.05921649e-04 -2.10537735e-04]] 
Episode: 66: [[-1.88964434e-04  1.48653735e-05  2.29174657e-05]
 [-1.57799630e-04 -2.10357161e-04  2.87736584e-05]
 [-1.57709335e-04 -2.05921649e-04 -2.10537735e-04]] 
Episode: 67: [[-1.88964434e-04  1.48653735e-05  2.29174657e-05]
 [-1.57799630e-04 -2.10357161e-04  2.87736584e-05]
 [-1.57709335e-04 -2.05921649e-04 -2.10537735e-04]] 
Episode: 68: [[-1.88964434e-04  1.48653735e-05  2.29174657e-05]
 [-1.57799630e-04 -2.10357161e-04  2.87736584e-05]
 [-1.57709335e-04 -2.05921649e-04 -2.10537735e-04]] 
Episode: 69: [[-1.88964434e-04  1.48653735e-05  2.29174657e-05]
 [-1.57799630e-04 -2.10357161e-04  2.87736584e-05]
 [-1.57709335e-04 -2.05921649e-04 -2.10537735e-04]] 
Episode: 70: [[-1.88964434e-04  1.48653735e-05  2.29174657e-05]
 [-1.57799630e-04 -2.10357161e-04  2.87736584e-05]
 [-1.57709335e-04 -2.05921649e-04 -2.10537735e-04]] 
Episode: 71: [[-1.88964434e-04  1.48653735e-05  2.29174657e-05]
 [-1.57799630e-04 -2.10357161e-04  2.87736584e-05]
 [-1.57709335e-04 -2.05921649e-04 -2.10537735e-04]] 
Episode: 72: [[-1.88964434e-04  1.48653735e-05  2.29174657e-05]
 [-1.57799630e-04 -2.10357161e-04  2.87736584e-05]
 [-1.57709335e-04 -2.05921649e-04 -2.10537735e-04]] 
Episode: 73: [[-1.88964434e-04  1.48653735e-05  2.29174657e-05]
 [-1.57799630e-04 -2.10357161e-04  2.87736584e-05]
 [-1.57709335e-04 -2.05921649e-04 -2.10537735e-04]] 
Episode: 74: [[-1.88964434e-04  1.48653735e-05  2.29174657e-05]
 [-1.57799630e-04 -2.10357161e-04  2.87736584e-05]
 [-1.57709335e-04 -2.05921649e-04 -2.10537735e-04]] 
Episode: 75: [[-1.88964434e-04  1.48653735e-05  2.29174657e-05]
 [-1.57799630e-04 -2.10357161e-04  2.87736584e-05]
 [-1.57709335e-04 -2.05921649e-04 -2.10537735e-04]] 
Episode: 76: [[-1.88964434e-04  1.48653735e-05  2.29174657e-05]
 [-1.57799630e-04 -2.10357161e-04  2.87736584e-05]
 [-1.57709335e-04 -2.05921649e-04 -2.10537735e-04]] 
Episode: 77: [[-1.88964434e-04  1.48653735e-05  2.29174657e-05]
 [-1.57799630e-04 -2.10357161e-04  2.87736584e-05]
 [-1.57709335e-04 -2.05921649e-04 -2.10537735e-04]] 
Episode: 78: [[-1.88964434e-04  1.48653735e-05  2.29174657e-05]
 [-1.57799630e-04 -2.10357161e-04  2.87736584e-05]
 [-1.57709335e-04 -2.05921649e-04 -2.10537735e-04]] 
Episode: 79: [[-1.88964434e-04  1.48653735e-05  2.29174657e-05]
 [-1.57799630e-04 -2.10357161e-04  2.87736584e-05]
 [-1.57709335e-04 -2.05921649e-04 -2.10537735e-04]] 
Episode: 80: [[-1.88964434e-04  1.48653735e-05  2.29174657e-05]
 [-1.57799630e-04 -2.10357161e-04  2.87736584e-05]
 [-1.57709335e-04 -2.05921649e-04 -2.10537735e-04]] 
Episode: 81: [[-1.88964434e-04  1.48653735e-05  2.29174657e-05]
 [-1.57799630e-04 -2.10357161e-04  2.87736584e-05]
 [-1.57709335e-04 -2.05921649e-04 -2.10537735e-04]] 
Episode: 82: [[-1.88964434e-04  1.48653735e-05  2.29174657e-05]
 [-1.57799630e-04 -2.10357161e-04  2.87736584e-05]
 [-1.57709335e-04 -2.05921649e-04 -2.10537735e-04]] 
Episode: 83: [[-1.88964434e-04  1.48653735e-05  2.29174657e-05]
 [-1.57799630e-04 -2.10357161e-04  2.87736584e-05]
 [-1.57709335e-04 -2.05921649e-04 -2.10537735e-04]] 
Episode: 84: [[-1.88964434e-04  1.48653735e-05  2.29174657e-05]
 [-1.57799630e-04 -2.10357161e-04  2.87736584e-05]
 [-1.57709335e-04 -2.05921649e-04 -2.10537735e-04]] 
Episode: 85: [[-1.88964434e-04  1.48653735e-05  2.29174657e-05]
 [-1.57799630e-04 -2.10357161e-04  2.87736584e-05]
 [-1.57709335e-04 -2.05921649e-04 -2.10537735e-04]] 
Episode: 86: [[-1.88964434e-04  1.48653735e-05  2.29174657e-05]
 [-1.57799630e-04 -2.10357161e-04  2.87736584e-05]
 [-1.57709335e-04 -2.05921649e-04 -2.10537735e-04]] 
Episode: 87: [[-1.88964434e-04  1.48653735e-05  2.29174657e-05]
 [-1.57799630e-04 -2.10357161e-04  2.87736584e-05]
 [-1.57709335e-04 -2.05921649e-04 -2.10537735e-04]] 
Episode: 88: [[-1.88964434e-04  1.48653735e-05  2.29174657e-05]
 [-1.57799630e-04 -2.10357161e-04  2.87736584e-05]
 [-1.57709335e-04 -2.05921649e-04 -2.10537735e-04]] 
Episode: 89: [[-1.88964434e-04  1.48653735e-05  2.29174657e-05]
 [-1.57799630e-04 -2.10357161e-04  2.87736584e-05]
 [-1.57709335e-04 -2.05921649e-04 -2.10537735e-04]] 
Episode: 90: [[-1.88964434e-04  1.48653735e-05  2.29174657e-05]
 [-1.57799630e-04 -2.10357161e-04  2.87736584e-05]
 [-1.57709335e-04 -2.05921649e-04 -2.10537735e-04]] 
Episode: 91: [[-1.88964434e-04  1.48653735e-05  2.29174657e-05]
 [-1.57799630e-04 -2.10357161e-04  2.87736584e-05]
 [-1.57709335e-04 -2.05921649e-04 -2.10537735e-04]] 
Episode: 92: [[-1.88964434e-04  1.48653735e-05  2.29174657e-05]
 [-1.57799630e-04 -2.10357161e-04  2.87736584e-05]
 [-1.57709335e-04 -2.05921649e-04 -2.10537735e-04]] 
Episode: 93: [[-1.88964434e-04  1.48653735e-05  2.29174657e-05]
 [-1.57799630e-04 -2.10357161e-04  2.87736584e-05]
 [-1.57709335e-04 -2.05921649e-04 -2.10537735e-04]] 
Episode: 94: [[-1.88964434e-04  1.48653735e-05  2.29174657e-05]
 [-1.57799630e-04 -2.10357161e-04  2.87736584e-05]
 [-1.57709335e-04 -2.05921649e-04 -2.10537735e-04]] 
Episode: 95: [[-1.88964434e-04  1.48653735e-05  2.29174657e-05]
 [-1.57799630e-04 -2.10357161e-04  2.87736584e-05]
 [-1.57709335e-04 -2.05921649e-04 -2.10537735e-04]] 
Episode: 96: [[-1.88964434e-04  1.48653735e-05  2.29174657e-05]
 [-1.57799630e-04 -2.10357161e-04  2.87736584e-05]
 [-1.57709335e-04 -2.05921649e-04 -2.10537735e-04]] 
Episode: 97: [[-1.88964434e-04  1.48653735e-05  2.29174657e-05]
 [-1.57799630e-04 -2.10357161e-04  2.87736584e-05]
 [-1.57709335e-04 -2.05921649e-04 -2.10537735e-04]] 
Episode: 98: [[-1.88964434e-04  1.48653735e-05  2.29174657e-05]
 [-1.57799630e-04 -2.10357161e-04  2.87736584e-05]
 [-1.57709335e-04 -2.05921649e-04 -2.10537735e-04]] 
Episode: 99: [[-1.88964434e-04  1.48653735e-05  2.29174657e-05]
 [-1.57799630e-04 -2.10357161e-04  2.87736584e-05]
 [-1.57709335e-04 -2.05921649e-04 -2.10537735e-04]] 
Episode: 100: [[-1.88964434e-04  1.48653735e-05  2.29174657e-05]
 [-1.57799630e-04 -2.10357161e-04  2.87736584e-05]
 [-1.57709335e-04 -2.05921649e-04 -2.10537735e-04]] 
Episode: 101: [[-1.88964434e-04  1.48653735e-05  2.29174657e-05]
 [-1.57799630e-04 -2.10357161e-04  2.87736584e-05]
 [-1.57709335e-04 -2.05921649e-04 -2.10537735e-04]] 
Episode: 102: [[-1.88964434e-04  1.48653735e-05  2.29174657e-05]
 [-1.57799630e-04 -2.10357161e-04  2.87736584e-05]
 [-1.57709335e-04 -2.05921649e-04 -2.10537735e-04]] 
Episode: 103: [[-1.88964434e-04  1.48653735e-05  2.29174657e-05]
 [-1.57799630e-04 -2.10357161e-04  2.87736584e-05]
 [-1.57709335e-04 -2.05921649e-04 -2.10537735e-04]] 
Episode: 104: [[-1.88964434e-04  1.48653735e-05  2.29174657e-05]
 [-1.57799630e-04 -2.10357161e-04  2.87736584e-05]
 [-1.57709335e-04 -2.05921649e-04 -2.10537735e-04]] 
Episode: 105: [[-1.88964434e-04  1.48653735e-05  2.29174657e-05]
 [-1.57799630e-04 -2.10357161e-04  2.87736584e-05]
 [-1.57709335e-04 -2.05921649e-04 -2.10537735e-04]] 
Episode: 106: [[-1.88964434e-04  1.48653735e-05  2.29174657e-05]
 [-1.57799630e-04 -2.10357161e-04  2.87736584e-05]
 [-1.57709335e-04 -2.05921649e-04 -2.10537735e-04]] 
Episode: 107: [[-1.88964434e-04  1.48653735e-05  2.29174657e-05]
 [-1.57799630e-04 -2.10357161e-04  2.87736584e-05]
 [-1.57709335e-04 -2.05921649e-04 -2.10537735e-04]] 
Episode: 108: [[-1.88964434e-04  1.48653735e-05  2.29174657e-05]
 [-1.57799630e-04 -2.10357161e-04  2.87736584e-05]
 [-1.57709335e-04 -2.05921649e-04 -2.10537735e-04]] 
Episode: 109: [[-1.88964434e-04  1.48653735e-05  2.29174657e-05]
 [-1.57799630e-04 -2.10357161e-04  2.87736584e-05]
 [-1.57709335e-04 -2.05921649e-04 -2.10537735e-04]] 
Episode: 110: [[-1.88964434e-04  1.48653735e-05  2.29174657e-05]
 [-1.57799630e-04 -2.10357161e-04  2.87736584e-05]
 [-1.57709335e-04 -2.05921649e-04 -2.10537735e-04]] 
Episode: 111: [[-1.88964434e-04  1.48653735e-05  2.29174657e-05]
 [-1.57799630e-04 -2.10357161e-04  2.87736584e-05]
 [-1.57709335e-04 -2.05921649e-04 -2.10537735e-04]] 
Episode: 112: [[-1.88964434e-04  1.48653735e-05  2.29174657e-05]
 [-1.57799630e-04 -2.10357161e-04  2.87736584e-05]
 [-1.57709335e-04 -2.05921649e-04 -2.10537735e-04]] 
Episode: 113: [[-1.88964434e-04  1.48653735e-05  2.29174657e-05]
 [-1.57799630e-04 -2.10357161e-04  2.87736584e-05]
 [-1.57709335e-04 -2.05921649e-04 -2.10537735e-04]] 
Episode: 114: [[-1.88964434e-04  1.48653735e-05  2.29174657e-05]
 [-1.57799630e-04 -2.10357161e-04  2.87736584e-05]
 [-1.57709335e-04 -2.05921649e-04 -2.10537735e-04]] 
Episode: 115: [[-1.88964434e-04  1.48653735e-05  2.29174657e-05]
 [-1.57799630e-04 -2.10357161e-04  2.87736584e-05]
 [-1.57709335e-04 -2.05921649e-04 -2.10537735e-04]] 
Episode: 116: [[-1.88964434e-04  1.48653735e-05  2.29174657e-05]
 [-1.57799630e-04 -2.10357161e-04  2.87736584e-05]
 [-1.57709335e-04 -2.05921649e-04 -2.10537735e-04]] 
Episode: 117: [[-1.88964434e-04  1.48653735e-05  2.29174657e-05]
 [-1.57799630e-04 -2.10357161e-04  2.87736584e-05]
 [-1.57709335e-04 -2.05921649e-04 -2.10537735e-04]] 
Episode: 118: [[-1.88964434e-04  1.48653735e-05  2.29174657e-05]
 [-1.57799630e-04 -2.10357161e-04  2.87736584e-05]
 [-1.57709335e-04 -2.05921649e-04 -2.10537735e-04]] 
Episode: 119: [[-1.88964434e-04  1.48653735e-05  2.29174657e-05]
 [-1.57799630e-04 -2.10357161e-04  2.87736584e-05]
 [-1.57709335e-04 -2.05921649e-04 -2.10537735e-04]] 
Episode: 120: [[-1.88964434e-04  1.48653735e-05  2.29174657e-05]
 [-1.57799630e-04 -2.10357161e-04  2.87736584e-05]
 [-1.57709335e-04 -2.05921649e-04 -2.10537735e-04]] 
Episode: 121: [[-1.88964434e-04  1.48653735e-05  2.29174657e-05]
 [-1.57799630e-04 -2.10357161e-04  2.87736584e-05]
 [-1.57709335e-04 -2.05921649e-04 -2.10537735e-04]] 
Episode: 122: [[-1.88964434e-04  1.48653735e-05  2.29174657e-05]
 [-1.57799630e-04 -2.10357161e-04  2.87736584e-05]
 [-1.57709335e-04 -2.05921649e-04 -2.10537735e-04]] 
Episode: 123: [[-1.88964434e-04  1.48653735e-05  2.29174657e-05]
 [-1.57799630e-04 -2.10357161e-04  2.87736584e-05]
 [-1.57709335e-04 -2.05921649e-04 -2.10537735e-04]] 
Episode: 124: [[-1.88964434e-04  1.48653735e-05  2.29174657e-05]
 [-1.57799630e-04 -2.10357161e-04  2.87736584e-05]
 [-1.57709335e-04 -2.05921649e-04 -2.10537735e-04]] 
Episode: 125: [[-1.88964434e-04  1.48653735e-05  2.29174657e-05]
 [-1.57799630e-04 -2.10357161e-04  2.87736584e-05]
 [-1.57709335e-04 -2.05921649e-04 -2.10537735e-04]] 
Episode: 126: [[-1.88964434e-04  1.48653735e-05  2.29174657e-05]
 [-1.57799630e-04 -2.10357161e-04  2.87736584e-05]
 [-1.57709335e-04 -2.05921649e-04 -2.10537735e-04]] 
Episode: 127: [[-1.88964434e-04  1.48653735e-05  2.29174657e-05]
 [-1.57799630e-04 -2.10357161e-04  2.87736584e-05]
 [-1.57709335e-04 -2.05921649e-04 -2.10537735e-04]] 
Episode: 128: [[-1.88964434e-04  1.48653735e-05  2.29174657e-05]
 [-1.57799630e-04 -2.10357161e-04  2.87736584e-05]
 [-1.57709335e-04 -2.05921649e-04 -2.10537735e-04]] 
Episode: 129: [[-1.88964434e-04  1.48653735e-05  2.29174657e-05]
 [-1.57799630e-04 -2.10357161e-04  2.87736584e-05]
 [-1.57709335e-04 -2.05921649e-04 -2.10537735e-04]] 
Episode: 130: [[-1.88964434e-04  1.48653735e-05  2.29174657e-05]
 [-1.57799630e-04 -2.10357161e-04  2.87736584e-05]
 [-1.57709335e-04 -2.05921649e-04 -2.10537735e-04]] 
Episode: 131: [[-1.88964434e-04  1.48653735e-05  2.29174657e-05]
 [-1.57799630e-04 -2.10357161e-04  2.87736584e-05]
 [-1.57709335e-04 -2.05921649e-04 -2.10537735e-04]] 
Episode: 132: [[-1.88964434e-04  1.48653735e-05  2.29174657e-05]
 [-1.57799630e-04 -2.10357161e-04  2.87736584e-05]
 [-1.57709335e-04 -2.05921649e-04 -2.10537735e-04]] 
Episode: 133: [[-1.88964434e-04  1.48653735e-05  2.29174657e-05]
 [-1.57799630e-04 -2.10357161e-04  2.87736584e-05]
 [-1.57709335e-04 -2.05921649e-04 -2.10537735e-04]] 
Episode: 134: [[-1.88964434e-04  1.48653735e-05  2.29174657e-05]
 [-1.57799630e-04 -2.10357161e-04  2.87736584e-05]
 [-1.57709335e-04 -2.05921649e-04 -2.10537735e-04]] 
Episode: 135: [[nan nan nan]
 [nan nan nan]
 [nan nan nan]] 
