86.375313 87.771286 87.932129 86.675392 71.505997 
85.228622 85.894814 86.431473 83.880241 66.432663 
83.562248 82.721321 83.120857 81.580833 71.365364 
86.338203 85.300201 85.379875 83.594864 66.263969 
83.098602 83.427040 83.404007 80.405251 72.887665 
85.924713 85.762215 86.188904 86.063568 69.043457 
84.199440 84.726898 85.874413 84.595078 69.247406 
84.154305 83.941032 84.734528 83.010674 68.480957 
86.910362 87.156425 87.331398 87.158562 71.213020 
86.393509 86.285477 86.236122 85.261749 67.798576 
83.976189 84.596825 85.946350 85.200150 69.237015 
86.103386 85.470711 85.469086 85.223709 68.380234 
86.151962 87.018600 87.335564 86.541946 70.626923 
85.492531 85.811378 85.833244 84.204826 66.927399 
86.183975 86.575127 87.122032 86.471024 69.855461 
86.600281 86.795631 87.565613 87.612373 69.790077 
85.502129 85.953583 86.254494 85.877747 69.394356 
86.348770 85.124069 84.850616 84.651649 65.885399 
86.641563 86.151833 86.192490 85.373688 69.467117 
84.945045 85.102478 86.156883 84.759621 67.942444 
