0.620000 
0.350000 
0.590000 
0.730000 
0.320000 
0.000000 
0.200000 
0.010000 
0.000000 
0.200000 
0.200000 
0.000000 
0.000000 
0.200000 
0.000000 
0.010000 
0.200000 
0.000000 
0.000000 
0.170000 
0.200000 
0.200000 
0.000000 
0.200000 
0.200000 
0.000000 
0.000000 
0.000000 
0.000000 
0.200000 
0.200000 
0.000000 
0.000000 
0.200000 
0.200000 
0.200000 
0.000000 
0.000000 
0.200000 
0.000000 
0.000000 
0.200000 
0.000000 
0.200000 
0.000000 
0.200000 
0.000000 
0.200000 
0.000000 
0.000000 
0.200000 
0.000000 
0.000000 
0.000000 
0.200000 
0.000000 
0.200000 
0.000000 
0.000000 
0.200000 
0.000000 
0.200000 
0.200000 
0.200000 
0.200000 
0.200000 
0.000000 
0.200000 
0.200000 
0.200000 
0.000000 
0.000000 
0.200000 
0.200000 
0.150000 
0.000000 
0.000000 
0.000000 
0.200000 
0.000000 
0.000000 
0.000000 
0.200000 
0.000000 
0.000000 
0.200000 
0.200000 
0.000000 
0.200000 
0.000000 
0.200000 
0.000000 
0.000000 
0.200000 
0.200000 
0.000000 
0.000000 
0.000000 
0.000000 
0.000000 
0.000000 
0.200000 
0.000000 
0.200000 
0.000000 
0.000000 
0.200000 
0.000000 
0.000000 
0.000000 
0.200000 
0.200000 
0.000000 
0.000000 
0.000000 
0.000000 
0.200000 
0.000000 
0.000000 
0.000000 
0.200000 
0.000000 
0.000000 
0.000000 
0.000000 
0.200000 
0.000000 
0.000000 
0.200000 
0.000000 
0.000000 
0.200000 
0.200000 
0.000000 
0.200000 
0.200000 
0.200000 
0.000000 
0.000000 
0.200000 
0.000000 
0.000000 
0.000000 
0.200000 
0.200000 
0.200000 
0.200000 
