79628.875000 10682.520508 7589.527832 10958.549805 130973.882812 
139353.046875 130714.398438 153740.015625 154366.468750 1768361.625000 
76302.632812 16589.449219 11813.369141 6516.381348 218593.343750 
46412.507812 4764.597168 4041.226807 7486.453125 18146.835938 
15627.183594 774.662720 747.625916 451.906097 25398.533203 
16122.002930 958.791687 517.973267 598.902954 16479.933594 
34489.695312 333.163879 532.808960 365.250305 11631.309570 
46083.687500 1183.416016 845.991333 1336.716797 8009.706543 
14798.689453 881.636353 689.261658 1157.271973 5991.976562 
13566.491211 718.473816 275.333679 395.543701 13364.795898 
32460.761719 1306.617432 732.771484 377.486298 5378.084961 
92831.757812 1322.740479 1994.357788 795.352905 117.853462 
1135736.375000 6075.746582 1403.722900 746.613037 335.237640 
1707813.125000 5142.779297 2387.966309 1521.750854 164.209946 
117823.265625 2086.520508 1700.241577 461.651062 421.063141 
9276.543945 3419.093994 2081.754395 1047.058838 165.015717 
1837827.000000 2369.178223 1848.212036 1529.946655 291.665344 
64281.660156 3208.831543 2292.320557 588.514038 57.520218 
55949.933594 2856.768066 1194.044678 1321.761475 153.883316 
150453.734375 1171.355225 1212.807739 594.912048 297.534271 
1689715.625000 407.733337 1685.466675 558.511353 248.956329 
2658017.250000 6745.485352 1575.799316 1232.058594 198.190277 
93683.203125 3522.137451 1199.869019 1012.285645 357.502411 
106106.640625 2951.081299 1349.237793 1227.580322 121.079697 
1530376.500000 3340.445801 1390.555542 916.106567 85.680908 
126183.828125 2885.845459 1527.849487 1083.389038 105.085960 
928139.750000 3066.444824 1305.166138 518.652588 64.196396 
70332.570312 3671.619141 967.453247 642.607544 63.714840 
793728.500000 1630.589111 809.244019 672.509155 211.960953 
1759085.750000 324.947174 2084.711914 613.076477 259.802155 
101952.031250 2900.656738 2061.334473 624.060669 52.911369 
53939.437500 3709.948975 5657.550293 1235.771729 78.035301 
1767990.000000 166.688583 1584.501221 598.715881 189.483398 
1431367.125000 3427.428711 1716.914307 1942.458374 181.125336 
149561.546875 2796.169434 1385.977661 914.741394 127.248421 
66964.164062 4716.125977 950.628357 1109.169189 183.504745 
1617753.250000 4171.280273 1493.961182 604.476562 96.286934 
1818432.125000 4359.888184 1134.161743 669.275513 115.049713 
24496.730469 3696.891846 1192.027344 1205.110596 157.132217 
45234.675781 3331.476562 969.200500 801.906982 136.125900 
50736.085938 5133.615723 3706.736328 1016.904663 155.415466 
1105028.500000 1752.418091 2032.182861 1814.273315 308.981354 
1665647.375000 2536.862061 1312.097412 1169.690918 112.067360 
82030.289062 4544.574707 1062.786987 833.297241 142.644409 
1906257.875000 2816.707520 1840.989136 1518.834595 190.538773 
1808874.625000 307.966187 1537.514038 549.478516 103.981461 
846509.937500 1512.149658 1093.257568 744.191345 123.113022 
1668068.750000 2958.360840 1671.323853 2324.678467 602.546753 
1719519.375000 2813.065674 1701.494507 861.801758 72.328087 
2161060.750000 885.039368 1994.422852 1873.176514 416.321167 
58275.738281 3631.494873 1154.067505 1479.551514 118.850807 
116284.703125 4020.694580 1112.887573 1007.138000 109.535431 
2232267.000000 309.584808 2711.836670 1658.636475 749.186890 
1737139.750000 68.746017 1922.085449 665.257446 221.860107 
98508.148438 3239.730225 633.291565 788.103088 122.562187 
150601.734375 3309.520020 1099.490479 1294.558228 289.752167 
1645053.625000 1998.865601 1910.123901 1206.071899 216.039505 
29079.892578 3464.725098 976.941406 620.444031 106.463028 
1552783.750000 2932.524170 1487.514526 605.985352 226.205994 
2239040.500000 2454.376221 1779.570801 1259.741943 187.496078 
1659265.375000 1742.269775 1681.249634 896.369385 167.912781 
1192624.500000 2784.826416 1712.495483 792.704163 118.471375 
127081.132812 5202.773926 2801.287842 1391.100708 48.296730 
52259.894531 3844.611572 3857.400635 829.794861 121.865807 
2650637.250000 635.931885 1867.168579 844.012939 228.950378 
1990260.375000 318.046112 2275.309814 937.624023 268.894867 
372499.593750 2463.083984 1432.583130 843.996643 91.760597 
29978.886719 3844.599365 1171.990601 960.827942 88.308434 
38206.593750 3615.256348 942.970642 746.008301 97.175552 
1264761.875000 3419.408936 1652.425781 616.184814 90.468803 
1669588.875000 3112.382080 1988.458984 1672.308350 342.483978 
82567.882812 4498.990723 1349.336426 437.682068 85.839912 
2588857.500000 2270.724121 1910.673096 1600.955322 308.729614 
1569788.750000 2325.444824 1909.328003 1222.366699 173.458420 
151686.671875 4334.553711 3332.344238 680.101257 88.023445 
38058.160156 4272.902344 1177.395264 997.132935 556.877747 
849330.875000 2880.595215 1178.572021 412.679413 58.467186 
1483378.625000 2315.404785 2155.279053 1465.498535 195.694611 
61265.253906 4023.618896 2628.603271 695.162476 168.906006 
49370.179688 2400.988770 1236.995361 516.087769 24.291092 
1874496.875000 951.234802 1906.635254 2161.266602 287.210449 
1779792.125000 4951.905273 1948.962646 1148.954590 212.517365 
113221.593750 3060.496582 956.436035 482.981110 121.976036 
184511.468750 3846.100098 2582.160645 608.612732 238.091919 
1777884.375000 3137.311035 1464.666260 725.923828 65.913147 
1980654.250000 3132.121338 2163.466309 1867.003784 580.405579 
1459695.500000 2252.398193 1925.124023 2507.448730 290.867310 
112299.195312 3960.642578 1880.715576 809.707520 295.944885 
1462035.250000 2298.816895 2170.376465 1548.253662 310.243073 
1252474.125000 99.876350 1520.470093 376.949158 85.122643 
150986.312500 4213.239258 2246.037354 843.305481 106.513672 
1640042.250000 1318.871948 1598.278687 707.641602 152.602921 
1643041.750000 1099.623291 1244.792480 398.421295 113.615044 
1781273.375000 1977.689209 1907.981445 1636.780029 257.498657 
38431.160156 3567.808105 2252.215332 810.586243 241.562775 
916261.750000 2449.762939 1613.911011 518.512085 75.070358 
1678504.625000 142.454346 2162.657715 532.692627 422.200653 
1849389.500000 737.150330 1770.332275 901.693726 200.089127 
1713594.500000 1589.639282 1622.650757 1102.505981 109.128105 
1743884.375000 4181.499023 1872.396240 1766.546509 210.205841 
1558510.875000 2345.954102 2002.121460 1213.784180 198.743378 
1500057.750000 243.462296 1527.167847 452.301697 192.191803 
135751.656250 3464.241943 704.797729 602.143433 92.507027 
161336.937500 4392.691406 3365.531250 834.132812 154.283890 
624470.250000 910.980042 520.975464 409.086365 74.716576 
60102.433594 3630.783691 1415.143799 506.082550 89.566406 
2300150.250000 2164.582764 2077.325439 1254.858398 249.271011 
62168.023438 2731.070312 1466.771851 586.882507 70.033752 
1785125.250000 444.179779 2162.771973 1511.476562 295.851257 
1518390.125000 1818.690796 2200.350830 1257.108032 314.947540 
1791297.625000 1628.423462 2113.292480 1491.420044 215.157730 
1229213.625000 2406.070801 1034.003784 582.200806 87.289093 
993412.750000 2345.497070 754.729370 366.837921 109.831726 
1749875.500000 290.020782 3272.839844 1122.294678 1203.452148 
25182.900391 2569.296875 1528.545044 1299.507812 141.477158 
153753.000000 3750.210205 953.959961 743.704712 138.163330 
1006176.875000 2876.066895 1230.858398 491.809265 77.636192 
1301511.875000 4287.442871 1286.903687 660.903259 180.538727 
2031461.125000 706.691162 2348.532227 869.781006 501.352051 
2062334.000000 3108.259033 1871.939697 1350.083374 279.404877 
47912.492188 1162.058716 555.657532 402.929840 289.677155 
2301987.250000 3632.250000 1389.929443 824.144043 119.778320 
1170285.750000 5224.998047 1581.040405 888.400024 46.401176 
25297.669922 2122.852539 1145.157471 1072.938843 151.926636 
917918.250000 2954.466797 1389.295166 579.700806 94.349541 
2209911.000000 1110.034790 2012.708130 1706.830444 221.262482 
133926.046875 3547.228027 2516.529297 1263.654907 59.280891 
71912.781250 4066.176025 4068.745605 945.997620 71.695953 
1334904.125000 1134.160767 1045.892822 591.222778 105.044556 
26728.433594 3146.154541 917.399353 343.510925 86.215614 
1776188.750000 3402.578369 1616.916138 1337.116577 120.916847 
537488.437500 655.399963 416.352844 194.551392 59.119659 
48956.585938 4878.213379 1897.471680 865.072266 284.437622 
1754811.500000 1624.783936 2128.951904 2476.867676 432.742889 
1789057.500000 2648.170410 1723.259521 1270.680542 156.004959 
119955.367188 5037.801270 1330.036499 662.945740 100.265106 
2131183.000000 57.605270 1906.355835 921.126709 445.329559 
1490760.250000 497.525391 1598.289062 635.703796 125.634621 
649076.750000 3798.964600 989.259705 228.789398 71.578636 
55369.718750 5014.694336 1088.486938 1117.242798 68.055092 
2405619.250000 78.031021 1987.864624 981.281982 416.112122 
1933796.500000 591.402710 2541.000732 1522.965942 598.039307 
407472.843750 1377.888428 1185.122803 1450.930908 87.937317 
32744.818359 3262.157959 1642.948853 407.973755 93.970406 
1364360.000000 2447.224854 1951.037231 1794.106934 94.979034 
1462275.500000 2331.065186 1558.025513 661.841370 97.638695 
1648210.000000 2744.854736 1384.604492 614.218567 140.102066 
103951.476562 4168.887695 1282.110596 1541.376831 300.277008 
