30807.480469 3151.589111 2756.472656 2385.687988 9431.286133 
43119.101562 4703.573730 4094.521729 4803.027832 26106.632812 
32320.210938 3053.001709 2740.615723 2767.872803 16470.308594 
37998.242188 4026.262695 2906.296387 3099.989258 17712.988281 
29548.458984 3162.664551 2596.935059 2009.031006 11842.365234 
39845.500000 4286.900391 3291.319336 3365.065186 25070.089844 
42268.023438 5644.288574 5221.131836 4893.156738 33482.847656 
39145.070312 4674.702637 3806.437744 3990.701172 27884.699219 
50923.234375 7775.847168 7941.379395 8491.271484 38833.773438 
39944.445312 3331.520996 2530.514648 1900.993164 16682.783203 
39704.230469 5066.783691 4591.117188 4940.058105 28841.146484 
40266.359375 3328.845459 2902.915283 2499.071533 16160.598633 
42336.078125 4709.210449 4078.922119 4055.617188 24792.212891 
39310.648438 4802.614258 4085.893555 4476.779297 18694.607422 
35995.242188 3935.730957 3330.546631 3906.468018 19356.611328 
30459.693359 2956.846924 2247.209961 2349.045166 17863.943359 
35441.492188 3488.140625 2764.877686 2275.422852 20852.310547 
39437.320312 4022.189941 3190.960449 2666.823975 17359.232422 
47307.976562 5151.389160 4276.206055 3198.947510 26127.574219 
42156.726562 4808.337891 4129.120605 4904.859863 25161.880859 
