84.662682 52.707409 59.516491 51.374424 37.660225 0.019782 
84.702606 49.835594 55.961864 46.893398 44.302177 0.000000 
91.328018 50.618202 53.531254 54.078651 48.040588 0.000000 
78.830223 57.830170 46.591854 46.667999 43.892803 0.000000 
81.874008 73.407516 69.652725 62.260521 49.093464 0.000000 
85.098274 51.743317 45.875011 46.755917 45.025131 0.000000 
82.849014 55.942947 60.079285 50.252987 42.654110 0.000000 
81.465080 56.888535 53.793285 60.496277 48.040371 0.000000 
83.824806 58.886501 56.797798 55.250683 44.721828 0.000000 
85.070839 69.411781 70.094048 54.038170 42.651707 0.027976 
84.529251 61.891853 67.554008 59.424259 51.832928 0.000000 
85.688080 58.095886 58.282112 62.778847 54.200310 0.019782 
83.332161 57.606510 57.793549 49.910698 49.162945 0.019782 
73.869576 50.493244 51.192181 49.773701 53.959084 0.027976 
78.461555 67.206924 57.609516 50.441628 44.145241 0.000000 
87.179176 57.415974 55.330101 42.244301 46.257408 0.019782 
87.633728 62.462639 58.876850 58.713886 43.323132 0.000000 
87.703621 55.309250 50.001266 50.632965 48.228920 0.019782 
83.322670 63.802467 60.839359 54.070587 44.917446 0.019782 
81.479309 64.231026 67.838020 54.715500 47.896889 0.000000 
