95328.406250 15641.930664 15755.008789 18802.855469 142186.640625 
91159.656250 17596.697266 12460.842773 12302.196289 103407.640625 
85093.882812 13763.653320 10952.324219 10972.419922 153377.484375 
99530.179688 20859.542969 17686.406250 17504.611328 176094.125000 
90662.554688 18237.390625 12144.896484 17264.798828 156260.250000 
94116.960938 15357.803711 11551.308594 18314.757812 149684.859375 
90621.046875 11570.047852 12033.759766 10933.223633 107230.445312 
97962.656250 24139.531250 19846.285156 12582.160156 332498.718750 
84413.765625 12249.162109 10686.196289 12117.526367 237462.671875 
87298.515625 20428.589844 17440.613281 13789.229492 176148.453125 
82171.312500 9677.843750 7481.292969 6145.617676 183340.718750 
94457.273438 13529.096680 31963.078125 10853.444336 165428.390625 
99416.812500 16680.998047 13624.901367 11579.420898 233821.890625 
93813.625000 16252.695312 10915.781250 13433.526367 158017.078125 
99813.492188 33258.972656 35813.042969 40050.265625 227658.812500 
93351.171875 11322.109375 8506.701172 11399.880859 97348.515625 
99491.367188 23360.125000 21201.302734 17589.802734 234578.281250 
90128.218750 11468.884766 9756.822266 10508.446289 136943.671875 
85581.492188 11340.345703 12686.584961 10083.708984 127721.210938 
87578.062500 11971.081055 15360.929688 8685.611328 197489.531250 
