3.958897 
3.817256 
3.995468 
3.900854 
3.805511 
3.863944 
3.624404 
4.033803 
4.047404 
4.244209 
4.311553 
3.975375 
4.050891 
3.739299 
3.853370 
3.777034 
3.891562 
3.585000 
3.966880 
4.022646 
3.843093 
3.841583 
3.870920 
3.913881 
4.046035 
3.742470 
4.026228 
3.916983 
4.369337 
3.762477 
3.835088 
3.941114 
3.898119 
3.810729 
3.704096 
3.735549 
3.803217 
3.764745 
4.083623 
3.921625 
3.841037 
4.056199 
3.973439 
3.580297 
3.859350 
3.790077 
3.964637 
3.731081 
3.844203 
3.837382 
3.762719 
3.721533 
3.787447 
3.771390 
4.269664 
3.633976 
3.875717 
3.823213 
4.417027 
3.688658 
4.957734 
3.538226 
3.868633 
3.718989 
4.045941 
3.719183 
3.941727 
3.909124 
5.281230 
4.101820 
3.742645 
3.526471 
3.643314 
3.637265 
3.748252 
4.904763 
3.782213 
3.625666 
3.534811 
3.561734 
3.235199 
3.647074 
3.754894 
3.966728 
3.856695 
3.704689 
7.964617 
3.645195 
3.772513 
3.721496 
2.126538 
3.857173 
3.847102 
4.200303 
3.619230 
3.841996 
5.486992 
3.842644 
3.362878 
3.706354 
3.845973 
3.852144 
2.506124 
3.852303 
3.848306 
3.538061 
4.007242 
3.780624 
3.854274 
3.750898 
3.851938 
3.506353 
5.507968 
3.662308 
3.561999 
3.841775 
3.847333 
3.628415 
3.737103 
3.664147 
3.856945 
3.850253 
3.781041 
3.742276 
3.759597 
3.848931 
6.379153 
3.847769 
27.440622 
483.425507 
nan 
