38370.800781 1811.945679 1402.411987 1293.186890 167527.203125 
705013.062500 1870.211060 551.836914 375.712799 29811.861328 
167374.718750 4290.963867 5950.671387 4241.736816 14676.822266 
149615.937500 1511.260010 555.163208 671.775696 62583.132812 
106277.734375 7478.969238 1913.189697 2090.062256 85163.476562 
172138.843750 16430.751953 2119.980713 3435.540039 23738.347656 
843792.187500 17225.792969 13470.565430 4858.438477 98101.398438 
360039.250000 9924.045898 5779.018066 4925.317871 60874.117188 
333944.031250 7172.790527 3926.875000 752.630127 47267.003906 
208430.875000 10494.092773 3740.157715 3957.130615 47036.335938 
1047713.312500 5950.473633 4035.944824 522.124939 62679.550781 
126339.679688 1951.442993 1731.056030 874.931458 62426.183594 
93657.609375 3419.724365 789.102356 1131.360840 24194.179688 
53478.339844 1746.550903 789.027771 547.824219 110362.687500 
1008852.125000 5503.729492 1666.497192 2516.114258 15331.364258 
37999.324219 2861.421143 1276.475586 874.354187 122347.523438 
81193.742188 4277.390625 1370.824219 2791.425537 36069.902344 
53202.257812 1593.110718 746.780457 648.549072 99635.382812 
271126.781250 2149.723389 1404.207397 1146.008057 35341.281250 
460249.875000 3486.362793 2577.562256 3606.271729 29664.884766 
