Episode: 1: [[0. 0. 0.]
 [0. 0. 0.]
 [0. 0. 0.]] 
Episode: 2: [[ 0.00099998  0.00099999  0.00099999]
 [ 0.00099999  0.00099999 -0.001     ]
 [ 0.001       0.001      -0.00099996]] 
Episode: 3: [[ 0.001832    0.00185858  0.0017736 ]
 [ 0.0018613   0.00186522 -0.00101913]
 [ 0.0018103   0.00180883 -0.00184066]] 
Episode: 4: [[ 0.00273657  0.00276248  0.00260854]
 [ 0.00276766  0.00276674 -0.00077382]
 [ 0.00267476  0.0026725  -0.00272209]] 
Episode: 5: [[ 0.00349901  0.00357496  0.00344632]
 [ 0.00359079  0.00358207 -0.00027766]
 [ 0.003539    0.00353762 -0.00355239]] 
Episode: 6: [[ 3.5151069e-03  4.0552295e-03  4.0702950e-03]
 [ 4.0596342e-03  4.0795123e-03  1.1986754e-05]
 [ 4.1881502e-03  4.1951379e-03 -4.1199219e-03]] 
Episode: 7: [[ 0.00364715  0.00454661  0.00471832]
 [ 0.00454456  0.0045918   0.00023494]
 [ 0.00485885  0.00487331 -0.00470245]] 
Episode: 8: [[ 0.00378993  0.00502311  0.0053847 ]
 [ 0.00500731  0.00508651  0.00042803]
 [ 0.00554284  0.00556423 -0.00528107]] 
Episode: 9: [[ 0.00397317  0.00558736  0.00612512]
 [ 0.00557078  0.00569187  0.00081046]
 [ 0.00630295  0.00632987 -0.00595398]] 
Episode: 10: [[ 0.00372538  0.00553072  0.00669147]
 [ 0.00551446  0.00565737  0.0008958 ]
 [ 0.00689631  0.00694695 -0.00613002]] 
Episode: 11: [[ 0.00357686  0.00556394  0.00727954]
 [ 0.00552107  0.00570119  0.00114099]
 [ 0.00751757  0.00758588 -0.00639844]] 
Episode: 12: [[ 0.00341225  0.00554371  0.00777551]
 [ 0.00547984  0.00570155  0.00135653]
 [ 0.00801801  0.00810226 -0.0065915 ]] 
Episode: 13: [[ 0.00327817  0.00553953  0.0082908 ]
 [ 0.00545316  0.00572089  0.00154819]
 [ 0.00854547  0.00864523 -0.00680654]] 
Episode: 14: [[ 0.00320612  0.00557438  0.00883673]
 [ 0.00547569  0.00578367  0.00182597]
 [ 0.00910414  0.00921868 -0.00706845]] 
Episode: 15: [[ 0.00314959  0.00557483  0.00929055]
 [ 0.00545764  0.0058077   0.0019959 ]
 [ 0.009559    0.00968747 -0.00726625]] 
Episode: 16: [[ 0.00312106  0.00570029  0.00976081]
 [ 0.00556749  0.00595949  0.0020566 ]
 [ 0.01004202  0.01017616 -0.00754754]] 
Episode: 17: [[ 0.00308985  0.00580091  0.01016763]
 [ 0.00564744  0.00608303  0.00200942]
 [ 0.0104683   0.0106077  -0.00778714]] 
Episode: 18: [[ 0.00307466  0.0059033   0.01058136]
 [ 0.00572899  0.00620623  0.00193086]
 [ 0.0108969   0.01104216 -0.00802762]] 
Episode: 19: [[ 0.00310739  0.00604621  0.01101731]
 [ 0.00585414  0.00636548  0.00187488]
 [ 0.01136192  0.01151307 -0.00830844]] 
Episode: 20: [[ 0.00316515  0.00620699  0.01148423]
 [ 0.00600278  0.00653921  0.00188684]
 [ 0.01186554  0.01202352 -0.00861637]] 
Episode: 21: [[ 0.003354    0.00648057  0.01197455]
 [ 0.00625784  0.0068096   0.00193335]
 [ 0.01239769  0.01255778 -0.00899961]] 
Episode: 22: [[ 0.00348884  0.00660779  0.01237538]
 [ 0.00638696  0.00695367  0.00199451]
 [ 0.01282383  0.01299035 -0.00924496]] 
Episode: 23: [[ 0.00361498  0.00675076  0.01273464]
 [ 0.00653171  0.00710655  0.00208744]
 [ 0.01322046  0.01339253 -0.00948573]] 
Episode: 24: [[ 0.00375333  0.00692097  0.01311221]
 [ 0.0067057   0.00728798  0.0021983 ]
 [ 0.01364902  0.01382655 -0.00975856]] 
Episode: 25: [[ 0.00385988  0.00705223  0.01347772]
 [ 0.00683231  0.00742904  0.00224598]
 [ 0.01407223  0.01425652 -0.00999948]] 
Episode: 26: [[ 0.00402436  0.00720996  0.01382988]
 [ 0.00697219  0.00760385  0.00220592]
 [ 0.01448677  0.0146745  -0.01025879]] 
Episode: 27: [[ 0.00418942  0.00737221  0.01419135]
 [ 0.00711793  0.00778308  0.00217811]
 [ 0.01490919  0.01510069 -0.01052443]] 
Episode: 28: [[ 0.00435387  0.0075316   0.01450976]
 [ 0.00726345  0.00795354  0.00218118]
 [ 0.01528072  0.01547497 -0.0107667 ]] 
Episode: 29: [[ 0.00449725  0.00768933  0.01479334]
 [ 0.00739946  0.00812224  0.0021079 ]
 [ 0.01561807  0.01581485 -0.01099144]] 
Episode: 30: [[ 0.00457263  0.00762174  0.01494987]
 [ 0.00729797  0.00804953  0.001896  ]
 [ 0.01578373  0.01599455 -0.01097148]] 
Episode: 31: [[ 0.00466164  0.00756632  0.01509178]
 [ 0.00720282  0.00798052  0.00161744]
 [ 0.01592848  0.01615176 -0.01094901]] 
Episode: 32: [[ 0.00493107  0.00770984  0.01534048]
 [ 0.00732108  0.00810304  0.00147808]
 [ 0.01625179  0.01648055 -0.01112698]] 
Episode: 33: [[ 0.00516403  0.0078139   0.0154897 ]
 [ 0.00739462  0.00818242  0.00129752]
 [ 0.01642596  0.01665641 -0.01122246]] 
Episode: 34: [[ 0.00539922  0.00793561  0.01567432]
 [ 0.00749078  0.00828076  0.00116232]
 [ 0.01665075  0.01688456 -0.01135021]] 
Episode: 35: [[ 0.00559814  0.00802355  0.01578454]
 [ 0.00754283  0.00833714  0.001002  ]
 [ 0.01674983  0.01698381 -0.01140509]] 
Episode: 36: [[ 0.0057762   0.00809821  0.01586086]
 [ 0.0075732   0.00838066  0.00078795]
 [ 0.01681269  0.01704559 -0.01143983]] 
Episode: 37: [[ 0.00592474  0.00814739  0.01590972]
 [ 0.00757769  0.00840163  0.00056614]
 [ 0.0168219   0.01705311 -0.01143777]] 
Episode: 38: [[ 0.00612951  0.0082527   0.01603313]
 [ 0.00763427  0.00847787  0.00033651]
 [ 0.01693669  0.01716582 -0.01151514]] 
Episode: 39: [[ 6.3445363e-03  8.3311750e-03  1.6138794e-02]
 [ 7.6576807e-03  8.5214945e-03  8.8030160e-05]
 [ 1.7020309e-02  1.7248485e-02 -1.1562290e-02]] 
Episode: 40: [[ 0.0065015   0.00838147  0.01615848]
 [ 0.00763093  0.00851858 -0.00020661]
 [ 0.01697608  0.01720108 -0.01153307]] 
Episode: 41: [[ 0.00663583  0.00841989  0.01618733]
 [ 0.00760725  0.00850826 -0.0003887 ]
 [ 0.01692536  0.01714732 -0.01149664]] 
Episode: 42: [[ 0.0067534   0.00843576  0.01617829]
 [ 0.00753816  0.00846713 -0.00069397]
 [ 0.01681745  0.01703566 -0.01141862]] 
Episode: 43: [[ 0.00689023  0.00848172  0.01624767]
 [ 0.00751466  0.00846526 -0.00091856]
 [ 0.01683068  0.01704876 -0.01141095]] 
Episode: 44: [[ 0.00644338  0.00810746  0.01624307]
 [ 0.00706063  0.00807312 -0.00115641]
 [ 0.01674298  0.01700939 -0.0110796 ]] 
Episode: 45: [[ 0.00606525  0.00779839  0.01626882]
 [ 0.00668337  0.00774939 -0.00133353]
 [ 0.01671713  0.01702837 -0.01081955]] 
Episode: 46: [[ 0.00573562  0.00752325  0.01630648]
 [ 0.00634049  0.00744772 -0.00143622]
 [ 0.01670846  0.01706224 -0.01057974]] 
Episode: 47: [[ 0.00544477  0.00728695  0.01637291]
 [ 0.00603589  0.00718513 -0.00156773]
 [ 0.0167336   0.01712733 -0.01037907]] 
Episode: 48: [[ 0.00525041  0.0072449   0.01664486]
 [ 0.00596649  0.00715371 -0.00151595]
 [ 0.01708943  0.01751272 -0.01046391]] 
Episode: 49: [[ 0.0050858   0.00723444  0.01694212]
 [ 0.00592109  0.00715022 -0.00148019]
 [ 0.01745773  0.01790891 -0.01057307]] 
Episode: 50: [[ 0.00490207  0.00718128  0.01722547]
 [ 0.00581143  0.0070857  -0.00150797]
 [ 0.017766    0.01824475 -0.01061819]] 
Episode: 51: [[ 0.00475281  0.00716237  0.01754197]
 [ 0.0057492   0.00705903 -0.00147053]
 [ 0.01813154  0.01863779 -0.01071218]] 
Episode: 52: [[ 0.00461624  0.00715095  0.01782327]
 [ 0.00568543  0.00703451 -0.00145805]
 [ 0.01843145  0.01896164 -0.01078406]] 
Episode: 53: [[ 0.00453064  0.0071818   0.01816426]
 [ 0.00566618  0.00705214 -0.00142004]
 [ 0.0187988   0.01935304 -0.01090994]] 
Episode: 54: [[ 0.00446872  0.0072203   0.0185054 ]
 [ 0.00564582  0.00705948 -0.00138737]
 [ 0.01909309  0.01966807 -0.01100307]] 
Episode: 55: [[ 0.0044099   0.00724316  0.01879766]
 [ 0.00557942  0.00701673 -0.00138236]
 [ 0.01921127  0.01980054 -0.01099854]] 
Episode: 56: [[ 0.00456681  0.00747057  0.01915557]
 [ 0.00573351  0.00719822 -0.00120956]
 [ 0.01946523  0.02004697 -0.0111925 ]] 
Episode: 57: [[ 0.00475464  0.00776839  0.01958508]
 [ 0.0060323   0.00752539 -0.00094598]
 [ 0.01996804  0.02054253 -0.0115803 ]] 
Episode: 58: [[ 0.00498024  0.00811211  0.02002759]
 [ 0.00641587  0.00792624 -0.00058983]
 [ 0.02057616  0.02114536 -0.01206059]] 
Episode: 59: [[ 0.00521339  0.00849246  0.02046428]
 [ 0.00679171  0.00830613 -0.00023941]
 [ 0.02108175  0.02164401 -0.01248849]] 
Episode: 60: [[ 5.4734158e-03  8.9030545e-03  2.0903692e-02]
 [ 7.0925737e-03  8.6267134e-03  6.9037596e-05]
 [ 2.1502007e-02  2.2062024e-02 -1.2848468e-02]] 
Episode: 61: [[ 0.00585033  0.00946031  0.02133379]
 [ 0.00764047  0.00923628  0.00051835]
 [ 0.02205754  0.02258978 -0.01345016]] 
Episode: 62: [[ 0.00620433  0.0099979   0.02177652]
 [ 0.00800597  0.00966246  0.00084707]
 [ 0.02237012  0.02288061 -0.01384226]] 
Episode: 63: [[ 0.00657289  0.01053451  0.02225025]
 [ 0.00835947  0.01006332  0.00121574]
 [ 0.02268574  0.02317874 -0.01421923]] 
Episode: 64: [[ 0.00696013  0.01107627  0.02278976]
 [ 0.0086959   0.01042459  0.00170797]
 [ 0.02300889  0.0234881  -0.01457329]] 
Episode: 65: [[ 0.00730148  0.01153703  0.02329216]
 [ 0.008999    0.01077185  0.00202772]
 [ 0.02333341  0.02380086 -0.01492036]] 
Episode: 66: [[ 0.00790707  0.01229462  0.02388578]
 [ 0.00915106  0.01097792  0.00220721]
 [ 0.02342469  0.0239051  -0.01510826]] 
Episode: 67: [[ 0.00850564  0.0130424   0.02443187]
 [ 0.00937462  0.01127403  0.00232068]
 [ 0.02361732  0.02410331 -0.01539554]] 
Episode: 68: [[ 0.00911982  0.01382664  0.02512135]
 [ 0.00959053  0.01154243  0.0024779 ]
 [ 0.02364075  0.02412617 -0.01560189]] 
Episode: 69: [[ 0.00960783  0.01452089  0.02533435]
 [ 0.00977531  0.01178969  0.0024518 ]
 [ 0.02384595  0.02433703 -0.0158387 ]] 
Episode: 70: [[ 0.00973036  0.0144777   0.02525797]
 [ 0.01005776  0.01207754  0.00270031]
 [ 0.02435699  0.02482253 -0.01617671]] 
Episode: 71: [[ 0.00947489  0.01398187  0.02480241]
 [ 0.00993539  0.01190249  0.00275355]
 [ 0.02467672  0.02512484 -0.01612649]] 
Episode: 72: [[ 0.00932628  0.01359221  0.02441289]
 [ 0.00989134  0.0118053   0.0028442 ]
 [ 0.02508152  0.02552131 -0.01616598]] 
Episode: 73: [[ 0.00932346  0.01339044  0.02410121]
 [ 0.00999662  0.01187691  0.0029798 ]
 [ 0.02571243  0.02615917 -0.01641486]] 
Episode: 74: [[ 0.0094602   0.01328352  0.02363898]
 [ 0.01020639  0.0120582   0.00315339]
 [ 0.02659398  0.02705844 -0.01686381]] 
Episode: 75: [[ 0.00970472  0.01326345  0.02351296]
 [ 0.01041858  0.01223686  0.00340581]
 [ 0.02728657  0.0277638  -0.01723743]] 
Episode: 76: [[ 0.00995906  0.01329949  0.02350768]
 [ 0.01061767  0.01238994  0.00372329]
 [ 0.02784232  0.02833066 -0.0175508 ]] 
Episode: 77: [[ 0.01025962  0.01341291  0.02365861]
 [ 0.01090357  0.01263205  0.00411666]
 [ 0.02847119  0.02897633 -0.0179587 ]] 
Episode: 78: [[ 0.010714    0.01370014  0.02392173]
 [ 0.01112269  0.01282457  0.00459144]
 [ 0.02885409  0.02939869 -0.01824559]] 
Episode: 79: [[ 0.01124163  0.01405454  0.02433962]
 [ 0.0113594   0.01302069  0.00514176]
 [ 0.029125    0.02970427 -0.01848422]] 
Episode: 80: [[ 0.01177452  0.01446673  0.02451231]
 [ 0.01167148  0.01328763  0.0057408 ]
 [ 0.02966354  0.03028415 -0.01890146]] 
Episode: 81: [[ 0.01232747  0.0149103   0.02478783]
 [ 0.01202064  0.01359639  0.00635396]
 [ 0.0302126   0.03087406 -0.01934846]] 
Episode: 82: [[ 0.01333805  0.01587076  0.02530313]
 [ 0.01291144  0.0144909   0.00715203]
 [ 0.03051211  0.0312809  -0.02024894]] 
Episode: 83: [[ 0.01401268  0.01637228  0.02552942]
 [ 0.01362222  0.01519611  0.00782628]
 [ 0.03112524  0.03192961 -0.02110217]] 
Episode: 84: [[ 0.01480463  0.01699147  0.02632438]
 [ 0.014468    0.01599948  0.00885084]
 [ 0.03150212  0.03232641 -0.02197671]] 
Episode: 85: [[ 0.01554619  0.01755543  0.02699508]
 [ 0.01529843  0.01678188  0.00977824]
 [ 0.03197726  0.03282499 -0.02287142]] 
Episode: 86: [[ 0.01644104  0.0182569   0.02767158]
 [ 0.01626991  0.01768213  0.01072465]
 [ 0.03249568  0.0333777  -0.02388095]] 
Episode: 87: [[ 0.01757475  0.01922128  0.02866634]
 [ 0.01748221  0.01881636  0.01188919]
 [ 0.03307468  0.03399678 -0.02511127]] 
Episode: 88: [[ 0.01889477  0.02047399  0.02994893]
 [ 0.01884091  0.02015075  0.01328351]
 [ 0.03360373  0.03458181 -0.02650764]] 
Episode: 89: [[ 0.02006848  0.02164687  0.03119235]
 [ 0.0200269   0.02134537  0.01452634]
 [ 0.03396649  0.03505388 -0.02772392]] 
Episode: 90: [[ 0.02146666  0.02305054  0.03264442]
 [ 0.02144023  0.02276504  0.0159774 ]
 [ 0.03362723  0.03479584 -0.02915676]] 
Episode: 91: [[ 0.02297612  0.02457467  0.03425339]
 [ 0.02290032  0.0242447   0.01758566]
 [ 0.03441621  0.03561964 -0.03046108]] 
Episode: 92: [[ 0.02462661  0.02509629  0.0350601 ]
 [ 0.0233006   0.0246723   0.01838913]
 [ 0.0342234   0.03550169 -0.02992908]] 
Episode: 93: [[ 0.02540194  0.02500978  0.03529986]
 [ 0.02309384  0.024491    0.01862481]
 [ 0.03352936  0.03487699 -0.0289334 ]] 
Episode: 94: [[ 0.02645249  0.02537659  0.03587994]
 [ 0.02338047  0.02479508  0.01920224]
 [ 0.03344814  0.03482516 -0.02843898]] 
Episode: 95: [[ 0.02771648  0.02607591  0.03672225]
 [ 0.02402352  0.02545076  0.02004282]
 [ 0.03381553  0.03521043 -0.02857506]] 
Episode: 96: [[ 0.02914228  0.02629034  0.03710101]
 [ 0.02418017  0.02561975  0.02041943]
 [ 0.03372212  0.03513673 -0.02823017]] 
Episode: 97: [[ 0.03069302  0.02612533  0.03710673]
 [ 0.02395901  0.02541024  0.02042282]
 [ 0.03327659  0.03471097 -0.02753695]] 
Episode: 98: [[ 0.0323412   0.026312    0.03741471]
 [ 0.02410416  0.02556422  0.02072917]
 [ 0.03324515  0.03469301 -0.0273407 ]] 
Episode: 99: [[ 0.03406564  0.02678324  0.03797109]
 [ 0.02454454  0.02601136  0.02128446]
 [ 0.03354477  0.03500177 -0.02753087]] 
Episode: 100: [[ 0.0352493   0.02689116  0.0381734 ]
 [ 0.02462105  0.02609449  0.02148548]
 [ 0.03349073  0.03495775 -0.02735712]] 
Episode: 101: [[ 0.03656073  0.0272708   0.03807903]
 [ 0.02497718  0.02645574  0.02138971]
 [ 0.03314655  0.03462392 -0.02752707]] 
Episode: 102: [[ 0.03797647  0.0278765   0.03825856]
 [ 0.02556548  0.02704797  0.02156826]
 [ 0.03313487  0.03461953 -0.02797763]] 
Episode: 103: [[ 0.03947741  0.02813675  0.03816123]
 [ 0.02634744  0.02783293  0.02146985]
 [ 0.03284862  0.03434097 -0.02865909]] 
Episode: 104: [[ 0.04052665  0.02862313  0.0383234 ]
 [ 0.02676775  0.02825639  0.02113603]
 [ 0.03286651  0.03436425 -0.02896851]] 
Episode: 105: [[ 0.04119115  0.02879675  0.03822446]
 [ 0.02738972  0.02888075  0.02108454]
 [ 0.03262285  0.0341264  -0.0295099 ]] 
Episode: 106: [[ 0.04202029  0.02919447  0.03837312]
 [ 0.02818245  0.02967526  0.02127508]
 [ 0.03266174  0.03416932 -0.03024605]] 
Episode: 107: [[ 0.04298902  0.02978337  0.03873447]
 [ 0.02912     0.03061408  0.02167342]
 [ 0.03294154  0.03445173 -0.03114615]] 
Episode: 108: [[ 0.04407619  0.03045052  0.03927871]
 [ 0.02992537  0.03146365  0.02220915]
 [ 0.03334098  0.03487632 -0.03198083]] 
Episode: 109: [[ 0.04526386  0.03127084  0.03998036]
 [ 0.03087054  0.03244758  0.02290518]
 [ 0.03345358  0.0350129  -0.03296297]] 
Episode: 110: [[ 0.04608568  0.03176546  0.04038298]
 [ 0.03163717  0.03308221  0.02373909]
 [ 0.03331946  0.03490151 -0.03358052]] 
Episode: 111: [[ 0.04703245  0.03197805  0.04056891]
 [ 0.03254453  0.03377207  0.02456019]
 [ 0.03319057  0.03480371 -0.03414572]] 
Episode: 112: [[ 0.04765196  0.03194614  0.04052188]
 [ 0.03311708  0.03460715  0.02550199]
 [ 0.03284745  0.03448944 -0.03440256]] 
Episode: 113: [[ 0.04798646  0.03170211  0.04027206]
 [ 0.03339932  0.0351221   0.02612305]
 [ 0.03231965  0.0339884  -0.03439384]] 
Episode: 114: [[ 0.04849267  0.0314873   0.04025565]
 [ 0.03342961  0.03535888  0.02646418]
 [ 0.03207428  0.03376524 -0.0341561 ]] 
Episode: 115: [[ 0.04914803  0.03108401  0.04003907]
 [ 0.03367177  0.035783    0.02697221]
 [ 0.03164032  0.03335209 -0.03417188]] 
Episode: 116: [[ 0.0499329   0.03051701  0.03964764]
 [ 0.03409801  0.03636969  0.02722008]
 [ 0.03146964  0.03319859 -0.03440728]] 
Episode: 117: [[ 0.05063559  0.02999848  0.03927698]
 [ 0.03448166  0.03690665  0.02745881]
 [ 0.03132193  0.03306757 -0.03461901]] 
Episode: 118: [[ 0.05146087  0.02974646  0.03914528]
 [ 0.03503107  0.03759129  0.02771922]
 [ 0.03128255  0.03296519 -0.03485937]] 
Episode: 119: [[ 0.05199451  0.0293184   0.03898126]
 [ 0.03572456  0.03840413  0.02815182]
 [ 0.03124294  0.0330853  -0.03522549]] 
Episode: 120: [[ 0.05227208  0.02873679  0.03863991]
 [ 0.03628336  0.03932824  0.02833714]
 [ 0.03099582  0.03298414 -0.03555444]] 
Episode: 121: [[ 0.05232474  0.02802127  0.03814324]
 [ 0.03698311  0.04034885  0.02869806]
 [ 0.03056793  0.03268974 -0.0359816 ]] 
Episode: 122: [[ 0.05239146  0.02748433  0.03789245]
 [ 0.0375875   0.0412476   0.02898252]
 [ 0.03029537  0.03254637 -0.03636912]] 
Episode: 123: [[ 0.05225825  0.02681078  0.03748051]
 [ 0.0381402   0.04222731  0.02942994]
 [ 0.02984795  0.03221761 -0.03670973]] 
Episode: 124: [[ 0.05215423  0.02630631  0.03730053]
 [ 0.03872351  0.04317451  0.02997258]
 [ 0.02949432  0.03197793 -0.03703089]] 
Episode: 125: [[ 0.05203389  0.02576581  0.03695548]
 [ 0.03929395  0.04408154  0.03055813]
 [ 0.02920421  0.03180107 -0.0373274 ]] 
Episode: 126: [[ 0.05185101  0.02530283  0.03682941]
 [ 0.03976589  0.04483332  0.03103183]
 [ 0.02904811  0.03174888 -0.03758334]] 
Episode: 127: [[ 0.05188059  0.02469615  0.0365359 ]
 [ 0.04038938  0.04569959  0.03164534]
 [ 0.02870532  0.03150245 -0.03792574]] 
Episode: 128: [[ 0.05193437  0.02415979  0.03623198]
 [ 0.04084294  0.04645203  0.03207313]
 [ 0.02848113  0.03137115 -0.03822371]] 
Episode: 129: [[ 0.05203843  0.02364771  0.03585612]
 [ 0.04122733  0.04711549  0.03250094]
 [ 0.02848376  0.03145218 -0.03848933]] 
Episode: 130: [[ 0.05222636  0.02328083  0.03570109]
 [ 0.04157676  0.04770923  0.03290853]
 [ 0.02865248  0.03170874 -0.0387309 ]] 
Episode: 131: [[ 0.05254327  0.0229691   0.03543659]
 [ 0.04182727  0.04821879  0.03327218]
 [ 0.02894808  0.0320974  -0.03894098]] 
Episode: 132: [[ 0.05263479  0.02252715  0.03502264]
 [ 0.04184592  0.04850569  0.03340409]
 [ 0.02919325  0.03241818 -0.03908142]] 
Episode: 133: [[ 0.05288189  0.02226642  0.0348298 ]
 [ 0.04191121  0.04882782  0.03369342]
 [ 0.02952223  0.03281906 -0.03921863]] 
Episode: 134: [[ 0.05313792  0.02208757  0.03467911]
 [ 0.04199107  0.04914431  0.03396367]
 [ 0.02982108  0.03317966 -0.03934743]] 
Episode: 135: [[ 0.05344883  0.02202847  0.0347203 ]
 [ 0.04209164  0.04947411  0.03437801]
 [ 0.03025515  0.03368255 -0.03947324]] 
Episode: 136: [[ 0.05383501  0.02212018  0.03493131]
 [ 0.04226495  0.04983035  0.03488491]
 [ 0.0306975   0.03418669 -0.03959911]] 
Episode: 137: [[ 0.05430455  0.02233994  0.03529258]
 [ 0.04248767  0.05021609  0.03551605]
 [ 0.03128867  0.03482802 -0.03972566]] 
Episode: 138: [[ 0.05491074  0.02272793  0.03578677]
 [ 0.04283223  0.05073003  0.03626397]
 [ 0.03199603  0.03558972 -0.03987395]] 
Episode: 139: [[ 0.05549064  0.0230309   0.03605797]
 [ 0.04311894  0.05115739  0.03686259]
 [ 0.03274333  0.03639142 -0.03999898]] 
Episode: 140: [[ 0.05616131  0.02343996  0.03646931]
 [ 0.04346308  0.05163369  0.03754485]
 [ 0.03354462  0.03724698 -0.04013033]] 
Episode: 141: [[ 0.05688798  0.02386679  0.03690207]
 [ 0.04383447  0.05211392  0.03824927]
 [ 0.03443578  0.03818972 -0.0402602 ]] 
Episode: 142: [[ 0.05770505  0.02432661  0.03745705]
 [ 0.04415721  0.05254397  0.03897097]
 [ 0.03542074  0.0392163  -0.0403798 ]] 
Episode: 143: [[ 0.058544    0.02477108  0.0379287 ]
 [ 0.0445078   0.05299112  0.03965941]
 [ 0.03645097  0.04030555 -0.04049234]] 
Episode: 144: [[ 0.05910811  0.02518788  0.03843486]
 [ 0.04473606  0.05337691  0.04024652]
 [ 0.03747276  0.04138849 -0.04059376]] 
Episode: 145: [[ 0.05979119  0.02573248  0.03905517]
 [ 0.04510919  0.05390448  0.04095483]
 [ 0.03845803  0.04242611 -0.04072043]] 
Episode: 146: [[ 0.06043245  0.02627108  0.03964998]
 [ 0.04550371  0.05444971  0.0416432 ]
 [ 0.0394587   0.04345995 -0.04085154]] 
Episode: 147: [[ 0.06082302  0.02655937  0.04001442]
 [ 0.04564916  0.05473401  0.04207368]
 [ 0.04016142  0.04419866 -0.04072793]] 
Episode: 148: [[ 0.06103811  0.02700611  0.0405065 ]
 [ 0.0458717   0.05518575  0.04263981]
 [ 0.04097545  0.04503979 -0.0406317 ]] 
Episode: 149: [[ 0.06105053  0.02721643  0.0407814 ]
 [ 0.04586657  0.05539146  0.0429646 ]
 [ 0.0415157   0.04561007 -0.04031024]] 
Episode: 150: [[ 0.06123978  0.02759031  0.04119142]
 [ 0.04606287  0.05576929  0.0434336 ]
 [ 0.04181353  0.04594018 -0.03979309]] 
Episode: 151: [[ 0.06123201  0.02773918  0.04139506]
 [ 0.04603893  0.05591333  0.04367475]
 [ 0.04189672  0.04605735 -0.03910593]] 
Episode: 152: [[ 0.06130493  0.02796576  0.04161777]
 [ 0.04614205  0.05617533  0.04398687]
 [ 0.04215207  0.04633826 -0.03850904]] 
Episode: 153: [[ 0.06154576  0.02831178  0.0419797 ]
 [ 0.04620335  0.05650847  0.04444203]
 [ 0.0422004   0.04641426 -0.0379576 ]] 
Episode: 154: [[ 0.06173331  0.02858515  0.04228063]
 [ 0.04620161  0.05674263  0.04483123]
 [ 0.04227347  0.04650106 -0.0374468 ]] 
Episode: 155: [[ 0.06195672  0.02886096  0.04255657]
 [ 0.04625863  0.05698515  0.04517804]
 [ 0.04238879  0.04660605 -0.03699242]] 
Episode: 156: [[ 0.06198091  0.02900106  0.04265551]
 [ 0.04611159  0.05704094  0.04531159]
 [ 0.04236076  0.04655295 -0.03655039]] 
Episode: 157: [[ 0.06194421  0.0289631   0.04258187]
 [ 0.04578469  0.05690038  0.04525591]
 [ 0.04220231  0.04637089 -0.03606844]] 
Episode: 158: [[ 0.06208597  0.02911176  0.0423547 ]
 [ 0.0456873   0.05658639  0.04503237]
 [ 0.04188238  0.04603449 -0.03541155]] 
Episode: 159: [[ 0.06226097  0.02931616  0.04229017]
 [ 0.04576472  0.05647722  0.04500515]
 [ 0.0417643   0.0459063  -0.0348561 ]] 
Episode: 160: [[ 0.06253941  0.0295957   0.0423054 ]
 [ 0.04602486  0.05656555  0.04515225]
 [ 0.04181641  0.04593857 -0.03439934]] 
Episode: 161: [[ 0.06296182  0.02987041  0.04223263]
 [ 0.04625056  0.05654053  0.04511346]
 [ 0.04185965  0.04596838 -0.03395989]] 
Episode: 162: [[ 0.06340662  0.03019056  0.04219076]
 [ 0.04661179  0.05666962  0.04512244]
 [ 0.04192815  0.04599661 -0.03359379]] 
Episode: 163: [[ 0.0638563   0.03048263  0.0421273 ]
 [ 0.04692995  0.05678829  0.0450756 ]
 [ 0.0420373   0.04607448 -0.03326343]] 
Episode: 164: [[ 0.0642996   0.03076296  0.04208105]
 [ 0.04724467  0.0569235   0.04508933]
 [ 0.04222379  0.04623953 -0.03297119]] 
Episode: 165: [[ 0.06480794  0.03114025  0.04218152]
 [ 0.04771572  0.0572288   0.04527211]
 [ 0.04256726  0.04655942 -0.03276174]] 
Episode: 166: [[ 0.06534645  0.03157516  0.04243276]
 [ 0.04832172  0.05768456  0.04560502]
 [ 0.0430478   0.04701668 -0.03261725]] 
Episode: 167: [[ 0.065948    0.03209532  0.04273341]
 [ 0.04904978  0.05827338  0.04602949]
 [ 0.04356351  0.04749238 -0.03253702]] 
Episode: 168: [[ 0.06649273  0.03257062  0.04304263]
 [ 0.04976045  0.05881782  0.04651367]
 [ 0.04411043  0.04800981 -0.03247121]] 
Episode: 169: [[ 0.0671252   0.03312084  0.04343177]
 [ 0.050581    0.05948514  0.04711492]
 [ 0.04474661  0.04862154 -0.03245453]] 
Episode: 170: [[ 0.06773494  0.03367848  0.04393003]
 [ 0.05139631  0.06018553  0.04782001]
 [ 0.04545169  0.04932063 -0.03245958]] 
Episode: 171: [[ 0.06810611  0.03399296  0.04421579]
 [ 0.05193946  0.06063165  0.04828482]
 [ 0.04590834  0.04977675 -0.03235517]] 
Episode: 172: [[ 0.06861093  0.03445607  0.0446313 ]
 [ 0.05246606  0.06120877  0.04886606]
 [ 0.0464894   0.05035312 -0.03249678]] 
Episode: 173: [[ 0.06897912  0.03484866  0.04497064]
 [ 0.0529152   0.06170574  0.0494103 ]
 [ 0.04716446  0.05101883 -0.03261661]] 
Episode: 174: [[ 0.06948038  0.03538083  0.04543381]
 [ 0.05350089  0.06232767  0.05006228]
 [ 0.04775772  0.05160139 -0.03289014]] 
Episode: 175: [[ 0.06993239  0.03586255  0.04585525]
 [ 0.05403291  0.06289286  0.05065897]
 [ 0.0482976   0.05213169 -0.0331378 ]] 
Episode: 176: [[ 0.07016527  0.03611233  0.04607374]
 [ 0.05432441  0.06322103  0.05102865]
 [ 0.04895243  0.05277394 -0.03312648]] 
Episode: 177: [[ 0.07054404  0.03615616  0.04611121]
 [ 0.05476725  0.06333852  0.05119602]
 [ 0.04936734  0.05318198 -0.03288832]] 
Episode: 178: [[ 0.07088616  0.03619592  0.04614508]
 [ 0.05516714  0.06344474  0.05134716]
 [ 0.04974193  0.0535503  -0.03267334]] 
Episode: 179: [[ 0.07136221  0.03641021  0.04601742]
 [ 0.05570614  0.06371507  0.05131922]
 [ 0.04990666  0.05371361 -0.03270822]] 
Episode: 180: [[ 0.07174907  0.03657205  0.04586266]
 [ 0.05613157  0.063884    0.05122839]
 [ 0.05007259  0.05388062 -0.03272492]] 
Episode: 181: [[ 0.07209767  0.03671794  0.04572295]
 [ 0.05651424  0.06403618  0.05114634]
 [ 0.05022252  0.0540317  -0.03273989]] 
Episode: 182: [[ 0.07249261  0.03685056  0.04555184]
 [ 0.05689479  0.06412976  0.05102685]
 [ 0.05033943  0.05414309 -0.0327495 ]] 
Episode: 183: [[ 0.07284914  0.03697028  0.04539737]
 [ 0.05723831  0.06421424  0.05091899]
 [ 0.05044496  0.05424365 -0.03275817]] 
Episode: 184: [[ 0.07299756  0.03689764  0.04541801]
 [ 0.057363    0.06411383  0.05098651]
 [ 0.05036794  0.05450109 -0.03254007]] 
Episode: 185: [[ 0.07330003  0.03701118  0.0455948 ]
 [ 0.05765552  0.0641989   0.05121025]
 [ 0.05012855  0.05456501 -0.03256924]] 
Episode: 186: [[ 0.07373945  0.03729006  0.04591081]
 [ 0.0580969   0.06444881  0.05157311]
 [ 0.04974547  0.05445655 -0.03281571]] 
Episode: 187: [[ 0.07396501  0.03736324  0.04603706]
 [ 0.05867024  0.06449962  0.05173641]
 [ 0.04957118  0.05452428 -0.03281699]] 
Episode: 188: [[ 0.07418375  0.0374646   0.04621397]
 [ 0.05923201  0.06459717  0.05200965]
 [ 0.04940299  0.05458065 -0.0328287 ]] 
Episode: 189: [[ 0.07421219  0.03737966  0.04621598]
 [ 0.05955641  0.0645123   0.05209376]
 [ 0.04942061  0.05479562 -0.0326228 ]] 
Episode: 190: [[ 0.07412194  0.03727084  0.04621517]
 [ 0.05988726  0.06444549  0.05219992]
 [ 0.0494384   0.05498886 -0.03243731]] 
Episode: 191: [[ 0.0739133   0.03708665  0.04608839]
 [ 0.0601185   0.06431079  0.05219466]
 [ 0.0494491   0.05516628 -0.0322523 ]] 
Episode: 192: [[ 0.07389255  0.03709703  0.04613081]
 [ 0.0605029   0.06401835  0.0520296 ]
 [ 0.04929042  0.05516054 -0.03230281]] 
Episode: 193: [[ 0.07391188  0.03712139  0.04617247]
 [ 0.06085557  0.06375629  0.05188209]
 [ 0.04914419  0.05515107 -0.03234968]] 
Episode: 194: [[ 0.07402243  0.03716754  0.04618208]
 [ 0.06112078  0.06349733  0.051711  ]
 [ 0.04891013  0.05510831 -0.03239926]] 
Episode: 195: [[ 0.07407874  0.03720919  0.04619619]
 [ 0.06135119  0.06326361  0.05155681]
 [ 0.04869843  0.05506971 -0.03244386]] 
Episode: 196: [[ 0.07410128  0.03724821  0.04620778]
 [ 0.06154708  0.06304531  0.05141514]
 [ 0.04850673  0.05503517 -0.03248183]] 
Episode: 197: [[ 0.0741327   0.03728874  0.04614261]
 [ 0.06168129  0.06284162  0.05129535]
 [ 0.04831245  0.05498031 -0.03251226]] 
Episode: 198: [[ 0.07432781  0.03714844  0.04592685]
 [ 0.06162256  0.062486    0.0510262 ]
 [ 0.04796928  0.05476511 -0.03232328]] 
Episode: 199: [[ 0.0746687   0.0368474   0.04557676]
 [ 0.06139234  0.06199531  0.05062393]
 [ 0.04783038  0.05473763 -0.03194101]] 
Episode: 200: [[ 0.07513935  0.0364035   0.04510687]
 [ 0.06100975  0.06138463  0.05010309]
 [ 0.04787353  0.0548775  -0.03138851]] 
Episode: 201: [[ 0.0757255   0.03583268  0.04453016]
 [ 0.0604918   0.06066739  0.04947665]
 [ 0.04807886  0.05516651 -0.03080346]] 
Episode: 202: [[ 0.07641436  0.03549435  0.04406231]
 [ 0.06008482  0.06019489  0.04894092]
 [ 0.04814488  0.05533591 -0.03033395]] 
Episode: 203: [[ 0.07686846  0.03501982  0.0434877 ]
 [ 0.05954569  0.05960301  0.04839918]
 [ 0.04836971  0.05565071 -0.02980862]] 
Episode: 204: [[ 0.077113    0.03442423  0.04281794]
 [ 0.05923712  0.05924092  0.04799169]
 [ 0.04873603  0.05577045 -0.02955058]] 
Episode: 205: [[ 0.07741673  0.03392773  0.04234735]
 [ 0.05895409  0.0589407   0.04770743]
 [ 0.0489996   0.05580894 -0.02932129]] 
Episode: 206: [[ 0.07752715  0.03331292  0.04177168]
 [ 0.05852729  0.05850428  0.04729267]
 [ 0.04940014  0.05600525 -0.02890787]] 
Episode: 207: [[ 0.07778714  0.03259299  0.04110232]
 [ 0.05797269  0.05794665  0.04676161]
 [ 0.04992264  0.05634229 -0.02833203]] 
Episode: 208: [[ 0.07802176  0.03194332  0.04049828]
 [ 0.05747221  0.05744343  0.04628236]
 [ 0.05039416  0.05664644 -0.02781238]] 
Episode: 209: [[ 0.07807123  0.03153054  0.04010959]
 [ 0.05719624  0.05715908  0.04601193]
 [ 0.05097999  0.05707989 -0.02714293]] 
Episode: 210: [[ 0.07811633  0.03115875  0.03975947]
 [ 0.05694726  0.0569025   0.04576739]
 [ 0.05151028  0.05747147 -0.02653871]] 
Episode: 211: [[ 0.07817829  0.03084234  0.0394365 ]
 [ 0.05670745  0.05667035  0.04554601]
 [ 0.05199626  0.05783143 -0.02599453]] 
Episode: 212: [[ 0.07807288  0.03058463  0.03930013]
 [ 0.05666483  0.05662889  0.04550688]
 [ 0.05259521  0.05831507 -0.02549623]] 
Episode: 213: [[ 0.07781812  0.0305233   0.03933055]
 [ 0.0567955   0.05675748  0.04563048]
 [ 0.053066    0.05866623 -0.02507144]] 
Episode: 214: [[ 0.07774939  0.03052761  0.03939534]
 [ 0.05679767  0.05683948  0.0457333 ]
 [ 0.05347731  0.05899412 -0.02468551]] 
Episode: 215: [[ 0.0775288   0.03036253  0.03930091]
 [ 0.05696987  0.05693614  0.04566703]
 [ 0.05385654  0.0594181  -0.02428499]] 
Episode: 216: [[ 0.07717618  0.03017552  0.0390642 ]
 [ 0.05708171  0.05701327  0.04544977]
 [ 0.05424806  0.0598601  -0.02390193]] 
Episode: 217: [[ 0.07685754  0.03000666  0.03885069]
 [ 0.057183    0.05708294  0.04525367]
 [ 0.05460122  0.06025884 -0.0235563 ]] 
Episode: 218: [[ 0.07662329  0.02992724  0.03875544]
 [ 0.05732166  0.05722501  0.04517334]
 [ 0.05501787  0.0607338  -0.02326184]] 
Episode: 219: [[ 0.07634205  0.02994917  0.03882193]
 [ 0.05750674  0.05750311  0.045259  ]
 [ 0.05555581  0.06132068 -0.02302161]] 
Episode: 220: [[ 0.07606813  0.02996005  0.038815  ]
 [ 0.05768824  0.05774119  0.0453031 ]
 [ 0.05613316  0.06194727 -0.02279478]] 
Episode: 221: [[ 0.07578973  0.02994965  0.0387281 ]
 [ 0.05781187  0.05794215  0.04528159]
 [ 0.05663599  0.06250252 -0.02258535]] 
Episode: 222: [[ 0.075553    0.02990918  0.03853976]
 [ 0.05788116  0.05809531  0.04516669]
 [ 0.05706659  0.06298608 -0.02238833]] 
Episode: 223: [[ 0.07534464  0.02988651  0.03836651]
 [ 0.05795089  0.05826503  0.04509185]
 [ 0.05754505  0.06350531 -0.02221712]] 
Episode: 224: [[ 0.07514124  0.02984752  0.03815699]
 [ 0.05799108  0.05839958  0.04500068]
 [ 0.05804817  0.06405452 -0.0220591 ]] 
Episode: 225: [[ 0.07497492  0.02992306  0.03810759]
 [ 0.05814779  0.05865384  0.04503227]
 [ 0.05856056  0.06459576 -0.02194341]] 
Episode: 226: [[ 0.0749384   0.03015108  0.03818328]
 [ 0.05844212  0.05904308  0.04520441]
 [ 0.05915117  0.06520731 -0.0218747 ]] 
Episode: 227: [[ 0.07499623  0.03041899  0.03825437]
 [ 0.0587615   0.05945695  0.04540081]
 [ 0.05978264  0.06586651 -0.02182407]] 
Episode: 228: [[ 0.07488707  0.03048821  0.03816592]
 [ 0.05887518  0.05966026  0.04541866]
 [ 0.06018353  0.0662958  -0.02156775]] 
Episode: 229: [[ 0.07491351  0.03070421  0.0382383 ]
 [ 0.05911449  0.0600092   0.04559235]
 [ 0.06070714  0.06684162 -0.02136821]] 
Episode: 230: [[ 0.0749595   0.03094606  0.03844685]
 [ 0.05935705  0.06036778  0.0459052 ]
 [ 0.06121266  0.06737524 -0.02119628]] 
Episode: 231: [[ 0.07510287  0.03133244  0.0387848 ]
 [ 0.05973725  0.06085548  0.04634231]
 [ 0.0617635   0.06795249 -0.02108485]] 
Episode: 232: [[ 0.07539192  0.03176341  0.03923841]
 [ 0.06012139  0.0613652   0.04689034]
 [ 0.06235175  0.06858373 -0.02100175]] 
Episode: 233: [[ 0.07577631  0.03229242  0.03979535]
 [ 0.06061378  0.06198255  0.04753733]
 [ 0.0630431   0.06931027 -0.02096327]] 
Episode: 234: [[ 0.07628065  0.03293507  0.04044459]
 [ 0.0612256   0.06270108  0.04827258]
 [ 0.06382622  0.07012169 -0.02106913]] 
Episode: 235: [[ 0.07657377  0.03334298  0.04087813]
 [ 0.06160379  0.06318053  0.04877768]
 [ 0.06436545  0.07068985 -0.02095025]] 
Episode: 236: [[ 0.07699515  0.03354133  0.04111858]
 [ 0.06177344  0.06344638  0.04907686]
 [ 0.06468671  0.0710405  -0.02063261]] 
Episode: 237: [[ 0.07753099  0.03355258  0.04118618]
 [ 0.06175701  0.06352144  0.04919184]
 [ 0.06481321  0.07119669 -0.02013924]] 
Episode: 238: [[ 0.07816894  0.03339688  0.04109909]
 [ 0.06157457  0.06342613  0.04914207]
 [ 0.06476572  0.07117908 -0.01949059]] 
Episode: 239: [[ 0.07889795  0.0330922   0.04087356]
 [ 0.06124407  0.06317869  0.04894498]
 [ 0.06456283  0.07100614 -0.01870481]] 
Episode: 240: [[ 0.07939551  0.03265464  0.0405242 ]
 [ 0.06078156  0.06279548  0.04861617]
 [ 0.06422119  0.07069443 -0.017798  ]] 
Episode: 241: [[ 0.07988602  0.03230176  0.04021544]
 [ 0.06042392  0.06251202  0.04836241]
 [ 0.06397092  0.07046267 -0.01699424]] 
Episode: 242: [[ 0.0801699   0.03214955  0.04008522]
 [ 0.06026924  0.06241886  0.04828652]
 [ 0.06358709  0.07009844 -0.01648013]] 
Episode: 243: [[ 0.08058012  0.03217657  0.04011482]
 [ 0.0602958   0.06249573  0.04836976]
 [ 0.06340171  0.06992755 -0.01622323]] 
Episode: 244: [[ 0.08079304  0.03203795  0.03999529]
 [ 0.06015506  0.06240484  0.04829357]
 [ 0.06307717  0.06961895 -0.01579267]] 
Episode: 245: [[ 0.08082949  0.03175144  0.03974226]
 [ 0.05986499  0.06216408  0.04807475]
 [ 0.06264493  0.06923933 -0.01533816]] 
Episode: 246: [[ 0.08082891  0.03135149  0.03936976]
 [ 0.05949105  0.06188603  0.04783225]
 [ 0.06241461  0.06905357 -0.01491441]] 
Episode: 247: [[ 0.0807622   0.030884    0.03894567]
 [ 0.05912173  0.06161835  0.04760766]
 [ 0.06232538  0.06897067 -0.01452469]] 
Episode: 248: [[ 0.08054777  0.03030363  0.03841991]
 [ 0.05862712  0.06121902  0.0472555 ]
 [ 0.06208865  0.0687419  -0.01397562]] 
Episode: 249: [[ 0.0802013   0.02962257  0.03780321]
 [ 0.05802078  0.06070215  0.04678927]
 [ 0.06172011  0.06838272 -0.01328545]] 
Episode: 250: [[ 0.0798918   0.02900727  0.03719683]
 [ 0.05746976  0.06022552  0.04634295]
 [ 0.06141677  0.06809743 -0.01266127]] 
Episode: 251: [[ 0.07971889  0.02853936  0.03670667]
 [ 0.0569935   0.0598412   0.04599725]
 [ 0.06122729  0.06794577 -0.01210671]] 
Episode: 252: [[ 0.07967263  0.02819488  0.0362782 ]
 [ 0.05668774  0.05961359  0.04576828]
 [ 0.06112426  0.06785817 -0.01163256]] 
Episode: 253: [[ 0.07962999  0.02790061  0.03593639]
 [ 0.05641832  0.05941432  0.0456032 ]
 [ 0.0610123   0.06776051 -0.01120088]] 
Episode: 254: [[ 0.07970349  0.02772887  0.03577491]
 [ 0.05621958  0.05929607  0.04560577]
 [ 0.0609761   0.06774738 -0.01082203]] 
Episode: 255: [[ 0.07977214  0.02754506  0.03559295]
 [ 0.056036    0.05918267  0.04557204]
 [ 0.06096654  0.06775228 -0.01047889]] 
Episode: 256: [[ 0.07967928  0.02730195  0.03536039]
 [ 0.05576908  0.05905849  0.04558846]
 [ 0.06111514  0.06785444 -0.01016239]] 
Episode: 257: [[ 0.07961654  0.02712802  0.03519393]
 [ 0.05554035  0.05896756  0.04564779]
 [ 0.06136049  0.06806354 -0.00987996]] 
Episode: 258: [[ 0.07954317  0.02710611  0.03519022]
 [ 0.05536829  0.0589188   0.04585213]
 [ 0.06167613  0.06835004 -0.00962702]] 
Episode: 259: [[ 0.07948674  0.0271555   0.03533228]
 [ 0.05523954  0.05891621  0.04618141]
 [ 0.06203271  0.06868602 -0.00940867]] 
Episode: 260: [[ 0.07952856  0.02731869  0.03560485]
 [ 0.05519933  0.05900983  0.04662725]
 [ 0.06244445  0.06909227 -0.00923149]] 
Episode: 261: [[ 0.07949118  0.02738373  0.03571431]
 [ 0.05517223  0.05906724  0.04703388]
 [ 0.06297066  0.06961159 -0.00906967]] 
Episode: 262: [[ 0.07942384  0.02753979  0.03595701]
 [ 0.05513194  0.05916916  0.04752186]
 [ 0.0635344   0.07018257 -0.00893195]] 
Episode: 263: [[ 0.079422    0.02772219  0.03631901]
 [ 0.05511834  0.05929405  0.04808924]
 [ 0.06406967  0.07073054 -0.00881776]] 
Episode: 264: [[ 0.0794294   0.02785773  0.0365003 ]
 [ 0.05500919  0.05937423  0.04851888]
 [ 0.06452125  0.07122032 -0.00869985]] 
Episode: 265: [[ 0.07946897  0.02803707  0.03679428]
 [ 0.0549431   0.05947316  0.04902623]
 [ 0.06498738  0.07172995 -0.00859849]] 
Episode: 266: [[ 0.0796173   0.02833106  0.03712395]
 [ 0.05504429  0.05972433  0.04958967]
 [ 0.06556281  0.07234234 -0.00854481]] 
Episode: 267: [[ 0.07978118  0.0286238   0.03750876]
 [ 0.05514011  0.05996262  0.05016581]
 [ 0.06609575  0.07291093 -0.00849651]] 
Episode: 268: [[ 0.08003032  0.02898089  0.03799774]
 [ 0.05527847  0.06025546  0.05083288]
 [ 0.06665413  0.07351048 -0.00847204]] 
Episode: 269: [[ 0.08025882  0.02930384  0.03839909]
 [ 0.05536939  0.06049983  0.05143572]
 [ 0.06725366  0.0741655  -0.00844798]] 
Episode: 270: [[ 0.08048352  0.029596    0.03864571]
 [ 0.05539333  0.06067917  0.05189053]
 [ 0.06781255  0.07482845 -0.00841244]] 
Episode: 271: [[ 0.0808423   0.03002133  0.03901046]
 [ 0.05538573  0.06084302  0.0524487 ]
 [ 0.06847151  0.07557841 -0.00840641]] 
Episode: 272: [[ 0.08132092  0.03024005  0.03919503]
 [ 0.05554622  0.06115328  0.0528002 ]
 [ 0.06890568  0.07609674 -0.00819345]] 
Episode: 273: [[ 0.0817932   0.03049201  0.03934636]
 [ 0.05569338  0.06146765  0.05314006]
 [ 0.0693855   0.07667718 -0.00800618]] 
Episode: 274: [[ 0.08224338  0.03075155  0.03949007]
 [ 0.05583911  0.06175858  0.05348057]
 [ 0.0698996   0.0772922  -0.00784417]] 
Episode: 275: [[ 0.08255862  0.0308216   0.03947587]
 [ 0.05580241  0.06185611  0.05363652]
 [ 0.07031423  0.07786406 -0.00763861]] 
Episode: 276: [[ 0.08268461  0.0310466   0.03960606]
 [ 0.05560276  0.06178075  0.05362718]
 [ 0.07084326  0.07853169 -0.00744873]] 
Episode: 277: [[ 0.08295406  0.03141006  0.03986561]
 [ 0.05558987  0.06187544  0.05376775]
 [ 0.07116141  0.07897683 -0.00743119]] 
Episode: 278: [[ 0.08317398  0.03189717  0.04024102]
 [ 0.05574383  0.0621221   0.05404252]
 [ 0.07160296  0.0795299  -0.00748778]] 
Episode: 279: [[ 0.08321509  0.03217358  0.04043616]
 [ 0.05571696  0.06218216  0.054141  ]
 [ 0.07184358  0.07987314 -0.00733101]] 
Episode: 280: [[ 0.08320341  0.03240169  0.04055572]
 [ 0.05568816  0.06222344  0.05418022]
 [ 0.07205951  0.08018002 -0.00718534]] 
Episode: 281: [[ 0.08334894  0.03244596  0.04052118]
 [ 0.05549763  0.06209948  0.05406735]
 [ 0.07209781  0.08030241 -0.00684873]] 
Episode: 282: [[ 0.08353767  0.0325502   0.04051601]
 [ 0.05539445  0.06208866  0.05403453]
 [ 0.0721979   0.08047758 -0.00656732]] 
Episode: 283: [[ 0.08355124  0.03254078  0.04065327]
 [ 0.05518799  0.06219611  0.05415295]
 [ 0.07213251  0.080482   -0.00635305]] 
Episode: 284: [[ 0.08365139  0.03254231  0.04075259]
 [ 0.05502241  0.06229617  0.05424047]
 [ 0.0721515   0.08055696 -0.006161  ]] 
Episode: 285: [[ 0.08389666  0.03238334  0.0406999 ]
 [ 0.05470939  0.06222528  0.05417125]
 [ 0.07201366  0.08047169 -0.00578311]] 
Episode: 286: [[ 0.08427174  0.03240056  0.04079418]
 [ 0.05459259  0.06232183  0.05425655]
 [ 0.0720444   0.0805473  -0.00549841]] 
Episode: 287: [[ 0.08463869  0.03245092  0.04088708]
 [ 0.05458805  0.06249205  0.05437236]
 [ 0.0721088   0.08063763 -0.0052582 ]] 
Episode: 288: [[ 0.08498941  0.03254153  0.0410536 ]
 [ 0.05463957  0.06270443  0.05459872]
 [ 0.07218787  0.08074573 -0.00505114]] 
Episode: 289: [[ 0.08526471  0.03251415  0.0410615 ]
 [ 0.05452351  0.06273962  0.05465474]
 [ 0.07213564  0.08071619 -0.00483853]] 
Episode: 290: [[ 0.08560199  0.0323909   0.04092719]
 [ 0.05425629  0.06261167  0.05455817]
 [ 0.0722432   0.08084179 -0.00459712]] 
Episode: 291: [[ 0.08596489  0.03231479  0.04080872]
 [ 0.05412018  0.06259792  0.05450636]
 [ 0.07241284  0.0809982  -0.00440101]] 
Episode: 292: [[ 0.08613494  0.03209398  0.04073491]
 [ 0.05416062  0.06267583  0.05460664]
 [ 0.07241094  0.08098662 -0.00422581]] 
Episode: 293: [[ 0.08613236  0.03173617  0.04081025]
 [ 0.05435892  0.06290483  0.05484314]
 [ 0.0722555   0.08082464 -0.00415518]] 
Episode: 294: [[ 0.08616453  0.03141707  0.04089467]
 [ 0.05454682  0.06312278  0.05509485]
 [ 0.07211594  0.08067902 -0.00409378]] 
Episode: 295: [[ 0.08634843  0.03115657  0.04097719]
 [ 0.05482323  0.06332541  0.05534581]
 [ 0.07207671  0.08064537 -0.00404442]] 
Episode: 296: [[ 0.0866681   0.03087899  0.04090941]
 [ 0.05490944  0.06334801  0.05542451]
 [ 0.071888    0.08049463 -0.00393374]] 
Episode: 297: [[ 0.08697992  0.03063247  0.0408087 ]
 [ 0.05494392  0.06334766  0.0554563 ]
 [ 0.07173593  0.08039325 -0.00382853]] 
Episode: 298: [[ 0.08733893  0.0304982   0.04073601]
 [ 0.05513636  0.06350639  0.05562725]
 [ 0.07175301  0.08045389 -0.00378423]] 
Episode: 299: [[ 0.0875316   0.0302973   0.04052859]
 [ 0.05520298  0.06352913  0.05563449]
 [ 0.07161516  0.08035706 -0.00369861]] 
Episode: 300: [[ 0.08771852  0.03013731  0.04037993]
 [ 0.0552692   0.06357092  0.05571297]
 [ 0.07149528  0.08028331 -0.00362567]] 
Episode: 301: [[ 0.0879171   0.03003258  0.04027127]
 [ 0.05540609  0.06369276  0.0558841 ]
 [ 0.07148002  0.08031227 -0.00358099]] 
Episode: 302: [[ 0.08812024  0.02994701  0.04014451]
 [ 0.05551034  0.06379799  0.05602618]
 [ 0.07154074  0.08042465 -0.00354148]] 
Episode: 303: [[ 0.08833515  0.02989861  0.04005009]
 [ 0.05560173  0.06391995  0.05622154]
 [ 0.07163637  0.08058644 -0.00351429]] 
Episode: 304: [[ 0.0884048   0.02983114  0.03987706]
 [ 0.05559784  0.06390072  0.05625047]
 [ 0.07171763  0.08072319 -0.00344787]] 
Episode: 305: [[ 0.08846041  0.02977284  0.03971513]
 [ 0.05558988  0.06387763  0.05626713]
 [ 0.0718304   0.08090253 -0.00339222]] 
Episode: 306: [[ 0.08860383  0.02971146  0.03947697]
 [ 0.05558795  0.06382457  0.05616334]
 [ 0.07192204  0.0810618  -0.00333464]] 
Episode: 307: [[ 0.0887209   0.02964591  0.03921113]
 [ 0.05551346  0.0637328   0.05596812]
 [ 0.07195298  0.08116569 -0.00327321]] 
Episode: 308: [[ 0.08887412  0.02957829  0.03888246]
 [ 0.05541962  0.06364304  0.05571676]
 [ 0.07197335  0.08125128 -0.00320858]] 
Episode: 309: [[ 0.08904761  0.02954239  0.03860072]
 [ 0.05534577  0.06359225  0.05555   ]
 [ 0.07202695  0.08137705 -0.00316009]] 
Episode: 310: [[ 0.08905956  0.02950127  0.0382776 ]
 [ 0.05513086  0.06349561  0.05530984]
 [ 0.07202695  0.08142686 -0.00310703]] 
Episode: 311: [[ 0.08913916  0.02954347  0.03803416]
 [ 0.05510112  0.06356973  0.05522296]
 [ 0.07217847  0.08161006 -0.0031027 ]] 
Episode: 312: [[ 0.0892491   0.0296329   0.03786692]
 [ 0.05514646  0.0637131   0.05529145]
 [ 0.07242914  0.08190279 -0.00312135]] 
Episode: 313: [[ 0.08938634  0.02985923  0.037861  ]
 [ 0.05534985  0.06400223  0.05549917]
 [ 0.07280901  0.08231831 -0.00320171]] 
Episode: 314: [[ 0.08957752  0.03012242  0.03787325]
 [ 0.05568806  0.06442169  0.05575616]
 [ 0.07318572  0.08268718 -0.00331072]] 
Episode: 315: [[ 0.08975734  0.03034482  0.03783147]
 [ 0.05594862  0.0647786   0.05592875]
 [ 0.07349999  0.08300129 -0.00340194]] 
Episode: 316: [[ 0.0897615   0.03047465  0.03782053]
 [ 0.05602038  0.06504955  0.05614795]
 [ 0.07393706  0.08343618 -0.00346522]] 
Episode: 317: [[ 0.08983504  0.03061246  0.0378173 ]
 [ 0.05608009  0.06532768  0.05636794]
 [ 0.07433505  0.08384622 -0.00352908]] 
Episode: 318: [[ 0.08974408  0.0307309   0.03780289]
 [ 0.05615856  0.06558191  0.05664321]
 [ 0.07469921  0.08422312 -0.0035792 ]] 
Episode: 319: [[ 0.08961396  0.0308889   0.03764471]
 [ 0.05610554  0.06590492  0.05687242]
 [ 0.07498913  0.08452881 -0.00363231]] 
Episode: 320: [[ 0.0893404   0.03086537  0.03764758]
 [ 0.05589599  0.06603415  0.05722525]
 [ 0.07540475  0.08495656 -0.00355882]] 
Episode: 321: [[ 0.08893849  0.03100901  0.03779481]
 [ 0.05567214  0.0663103   0.05768882]
 [ 0.07593283  0.08549352 -0.00351218]] 
Episode: 322: [[ 0.08842558  0.03103328  0.03789897]
 [ 0.05539814  0.06644886  0.05807162]
 [ 0.07642034  0.08600959 -0.00344365]] 
Episode: 323: [[ 0.08812072  0.03111178  0.03813713]
 [ 0.05499037  0.06661601  0.0584626 ]
 [ 0.07687861  0.08657096 -0.0034011 ]] 
Episode: 324: [[ 0.08784223  0.03117625  0.03834421]
 [ 0.05460463  0.06675164  0.05880665]
 [ 0.07729958  0.08708706 -0.00335955]] 
Episode: 325: [[ 0.08774767  0.03138627  0.03852127]
 [ 0.05442019  0.06697268  0.05913679]
 [ 0.07758813  0.08744517 -0.00335756]] 
Episode: 326: [[ 0.08774292  0.0315949   0.03862163]
 [ 0.05420179  0.06718567  0.05942141]
 [ 0.07785303  0.08777752 -0.00335858]] 
Episode: 327: [[ 0.08781457  0.03183755  0.03873349]
 [ 0.05397034  0.06740289  0.05982086]
 [ 0.07814599  0.08814705 -0.0033622 ]] 
Episode: 328: [[ 0.08787917  0.03205629  0.03883431]
 [ 0.0537616   0.06759867  0.06018091]
 [ 0.07841013  0.08848024 -0.00336545]] 
Episode: 329: [[ 0.08809271  0.03238966  0.03907037]
 [ 0.05362511  0.06789635  0.06065185]
 [ 0.07876101  0.08891752 -0.00340225]] 
Episode: 330: [[ 0.08833221  0.03274133  0.03937383]
 [ 0.05357301  0.06827872  0.06120302]
 [ 0.07908242  0.08931641 -0.00345964]] 
Episode: 331: [[ 0.08839184  0.0328918   0.03962067]
 [ 0.05336391  0.06846106  0.06165904]
 [ 0.07942804  0.08973657 -0.00344255]] 
Episode: 332: [[ 0.08839541  0.0330097   0.03979087]
 [ 0.0531463   0.06858598  0.0620029 ]
 [ 0.07971834  0.09009115 -0.00341819]] 
Episode: 333: [[ 0.08839494  0.03311552  0.03994521]
 [ 0.05295381  0.06870081  0.06231752]
 [ 0.07998585  0.09041857 -0.0033971 ]] 
Episode: 334: [[ 0.08823905  0.03304533  0.04013   ]
 [ 0.05261864  0.06879094  0.06267754]
 [ 0.08038313  0.090867   -0.00334768]] 
Episode: 335: [[ 0.08802471  0.03296142  0.04029791]
 [ 0.05222268  0.06880537  0.06298811]
 [ 0.08074629  0.09128552 -0.00328587]] 
Episode: 336: [[ 0.08784143  0.03289289  0.04045775]
 [ 0.05186995  0.06882536  0.06327789]
 [ 0.08107993  0.09166986 -0.0032322 ]] 
Episode: 337: [[ 0.08783236  0.03299661  0.04074798]
 [ 0.05171568  0.0690049   0.0636865 ]
 [ 0.08153672  0.09216955 -0.00340707]] 
Episode: 338: [[ 0.08796766  0.03325438  0.04086229]
 [ 0.05165459  0.06930347  0.06390543]
 [ 0.0818121   0.09246393 -0.00359366]] 
Episode: 339: [[ 0.08803832  0.03353961  0.04100938]
 [ 0.05156736  0.06960354  0.06417978]
 [ 0.0821102   0.09274004 -0.00376209]] 
Episode: 340: [[ 0.08794675  0.03363113  0.04099521]
 [ 0.05132689  0.06971171  0.06427834]
 [ 0.08222095  0.09283379 -0.0036906 ]] 
Episode: 341: [[ 0.0878662   0.03371435  0.04098254]
 [ 0.05111192  0.06980944  0.06436677]
 [ 0.08232025  0.09291749 -0.00362629]] 
Episode: 342: [[ 0.08794878  0.0336248   0.0408249 ]
 [ 0.05075699  0.06973618  0.06459399]
 [ 0.08256614  0.0931467  -0.00334788]] 
Episode: 343: [[ 0.08810207  0.03356382  0.04070356]
 [ 0.05043066  0.06967007  0.06479651]
 [ 0.08278359  0.09336445 -0.00309799]] 
Episode: 344: [[ 0.08808506  0.03334508  0.04074077]
 [ 0.04997596  0.06944991  0.06512615]
 [ 0.08313543  0.09371392 -0.00265476]] 
Episode: 345: [[ 0.08822405  0.03331233  0.04092012]
 [ 0.04940648  0.06941269  0.06556967]
 [ 0.08329507  0.09387412 -0.00247684]] 
Episode: 346: [[ 0.08828826  0.03344601  0.04122685]
 [ 0.04873441  0.06937689  0.06609304]
 [ 0.08359424  0.0941712  -0.00230984]] 
Episode: 347: [[ 0.08849996  0.0335698   0.04150572]
 [ 0.04829169  0.06934115  0.06655709]
 [ 0.08370737  0.09443768 -0.00216352]] 
Episode: 348: [[ 0.08869081  0.03368141  0.04175714]
 [ 0.04789256  0.06930892  0.06697545]
 [ 0.08380936  0.09467793 -0.00203161]] 
Episode: 349: [[ 0.08886144  0.03378183  0.0419676 ]
 [ 0.04753302  0.06927991  0.06735589]
 [ 0.08390123  0.09489451 -0.00191205]] 
Episode: 350: [[ 0.08916886  0.03370852  0.04201055]
 [ 0.04722961  0.06909283  0.06754982]
 [ 0.08413932  0.09524266 -0.00173449]] 
Episode: 351: [[ 0.08951865  0.03370458  0.04219495]
 [ 0.04710682  0.06903887  0.0678651 ]
 [ 0.08434211  0.0956156  -0.00159829]] 
Episode: 352: [[ 0.08967874  0.03366137  0.04250613]
 [ 0.04683606  0.06915096  0.06829551]
 [ 0.08467969  0.09610396 -0.0014788 ]] 
Episode: 353: [[ 0.08997612  0.03345921  0.04280485]
 [ 0.04675314  0.06910243  0.06864502]
 [ 0.08513793  0.09655851 -0.00136988]] 
Episode: 354: [[ 0.09008988  0.03327707  0.04307555]
 [ 0.046519    0.06905868  0.06896051]
 [ 0.08559031  0.0969683  -0.00127171]] 
Episode: 355: [[ 0.09034497  0.0332768   0.04317298]
 [ 0.04614954  0.06885937  0.06909651]
 [ 0.0858415   0.09718262 -0.0009638 ]] 
Episode: 356: [[ 0.09057741  0.03327683  0.04326091]
 [ 0.045816    0.0686795   0.06921916]
 [ 0.0860671   0.09737553 -0.00068631]] 
Episode: 357: [[ 0.09063329  0.03311383  0.04319418]
 [ 0.04567572  0.06835815  0.069182  ]
 [ 0.08611479  0.09764535 -0.00021908]] 
Episode: 358: [[0.09083598 0.03300305 0.04327968]
 [0.04570853 0.06791019 0.06913983]
 [0.08600307 0.09786659 0.0001661 ]] 
Episode: 359: [[0.09117018 0.03305646 0.04339559]
 [0.0458237  0.0675794  0.0691262 ]
 [0.08587214 0.09802196 0.0004882 ]] 
Episode: 360: [[0.09162214 0.03326685 0.04335433]
 [0.04576868 0.06712324 0.06896642]
 [0.08560017 0.09830016 0.00099462]] 
Episode: 361: [[0.09217955 0.03361771 0.04317215]
 [0.04556128 0.06687253 0.06867565]
 [0.0852019  0.09839619 0.0016646 ]] 
Episode: 362: [[0.09283135 0.03377105 0.04286364]
 [0.0455327  0.06648906 0.06829669]
 [0.08472411 0.09852303 0.00228615]] 
Episode: 363: [[0.0935676  0.03406985 0.04273107]
 [0.04534979 0.06630279 0.06810316]
 [0.08414146 0.09848327 0.00262611]] 
Episode: 364: [[0.09407829 0.03449879 0.0427563 ]
 [0.04502871 0.06629318 0.0680759 ]
 [0.083465   0.09839632 0.00287558]] 
Episode: 365: [[0.09440228 0.03489007 0.04291103]
 [0.04471008 0.06628574 0.06807133]
 [0.08285866 0.09831776 0.00309401]] 
Episode: 366: [[0.09454323 0.03540188 0.04319395]
 [0.04426727 0.06631143 0.06813173]
 [0.08232764 0.09824345 0.00327427]] 
Episode: 367: [[0.09467065 0.03586274 0.04344794]
 [0.04386801 0.06633469 0.06818637]
 [0.08184893 0.09817647 0.00343681]] 
Episode: 368: [[0.09476192 0.03633109 0.04382001]
 [0.04350961 0.06647946 0.06838238]
 [0.08142154 0.09811887 0.00356813]] 
Episode: 369: [[0.09499412 0.03659092 0.04401067]
 [0.04334468 0.06654468 0.06843332]
 [0.08102237 0.09807605 0.00371198]] 
Episode: 370: [[0.09535258 0.03698437 0.04432535]
 [0.04304009 0.06661434 0.0686256 ]
 [0.08062179 0.09802888 0.00383363]] 
Episode: 371: [[0.09552494 0.03721243 0.04460648]
 [0.04269652 0.0666358  0.06875606]
 [0.08026925 0.09799131 0.00395106]] 
Episode: 372: [[0.09553044 0.03748719 0.04500244]
 [0.04223176 0.06668636 0.06898965]
 [0.07997599 0.09796324 0.00406607]] 
Episode: 373: [[0.0956844  0.03789363 0.04550133]
 [0.04165855 0.06689044 0.06934585]
 [0.07955781 0.09778253 0.00409899]] 
Episode: 374: [[0.09582498 0.03826011 0.04580669]
 [0.04114218 0.06707441 0.06954361]
 [0.07918078 0.09761964 0.00414366]] 
Episode: 375: [[0.09580228 0.03874876 0.04622371]
 [0.04052272 0.06739813 0.06986725]
 [0.07899696 0.09762876 0.00440189]] 
Episode: 376: [[0.09581868 0.03918934 0.04645599]
 [0.03996142 0.06769129 0.07005149]
 [0.07883014 0.09763704 0.00466332]] 
Episode: 377: [[0.09598228 0.03974438 0.04652251]
 [0.03930172 0.06795023 0.07007134]
 [0.07883497 0.09772721 0.00497525]] 
Episode: 378: [[0.09612954 0.04024466 0.04672424]
 [0.03870698 0.06818365 0.07010406]
 [0.07883934 0.09780849 0.00525257]] 
Episode: 379: [[0.09641064 0.04085318 0.04704723]
 [0.03801735 0.06845979 0.07001667]
 [0.07868871 0.09784552 0.00543308]] 
Episode: 380: [[0.09681169 0.04155848 0.04719596]
 [0.0375533  0.0687582  0.0697926 ]
 [0.0785052  0.09787683 0.00542076]] 
Episode: 381: [[0.09732021 0.04235033 0.04747088]
 [0.03729147 0.06903245 0.06958242]
 [0.07818599 0.09774888 0.00523289]] 
Episode: 382: [[0.097925   0.0432195  0.04758487]
 [0.03707542 0.06943122 0.06926075]
 [0.07774527 0.0976147  0.00503273]] 
Episode: 383: [[0.098616   0.04415776 0.04769369]
 [0.03703617 0.06994843 0.06894653]
 [0.07719575 0.09749337 0.00483756]] 
Episode: 384: [[0.09938417 0.0451577  0.04793257]
 [0.03684648 0.0705716  0.06880981]
 [0.07654883 0.09733101 0.00462726]] 
Episode: 385: [[0.10007586 0.04607301 0.04828812]
 [0.03667562 0.07113682 0.06883059]
 [0.07596556 0.09718495 0.00438777]] 
Episode: 386: [[0.10054983 0.04705223 0.04874829]
 [0.03636782 0.07180298 0.06888561]
 [0.07544207 0.09708655 0.0041566 ]] 
Episode: 387: [[0.10097697 0.0479349  0.04930227]
 [0.0360904  0.07240346 0.06907105]
 [0.07497019 0.09699785 0.00389112]] 
Episode: 388: [[0.10135889 0.04888472 0.04994034]
 [0.0358397  0.07310115 0.06938273]
 [0.07454483 0.09706175 0.0036278 ]] 
Episode: 389: [[0.1015544  0.04989447 0.05065377]
 [0.03546007 0.07388577 0.0697244 ]
 [0.07417361 0.09727595 0.00361083]] 
Episode: 390: [[0.10187735 0.05095773 0.05121922]
 [0.03523754 0.07464523 0.06988639]
 [0.07386552 0.09740892 0.00357175]] 
Episode: 391: [[0.10231453 0.05206869 0.05158745]
 [0.03519174 0.07544307 0.06991572]
 [0.0734731  0.09751628 0.00351821]] 
Episode: 392: [[0.10285407 0.05322216 0.05177867]
 [0.03521994 0.07631738 0.06979742]
 [0.0732116  0.09764625 0.00368827]] 
Episode: 393: [[0.10335705 0.05429743 0.05181101]
 [0.03524895 0.07711297 0.06954672]
 [0.07297569 0.09776431 0.00378389]] 
Episode: 394: [[0.10395566 0.05541873 0.05197937]
 [0.0351209  0.07798514 0.06936019]
 [0.07260913 0.09788693 0.0038097 ]] 
Episode: 395: [[0.10452814 0.0564377  0.05199158]
 [0.03501265 0.07877303 0.06910671]
 [0.0722783  0.09799768 0.0038645 ]] 
Episode: 396: [[0.10489579 0.05719718 0.05214145]
 [0.03506945 0.07963818 0.06902338]
 [0.07213578 0.09825492 0.00413099]] 
Episode: 397: [[0.10537251 0.05785511 0.05213745]
 [0.03527414 0.08041089 0.06880432]
 [0.07190953 0.09848581 0.00432381]] 
Episode: 398: [[0.10580213 0.05844815 0.05227235]
 [0.03545863 0.0811074  0.06875144]
 [0.07170559 0.09869394 0.00459219]] 
Episode: 399: [[0.10604172 0.05913644 0.05225528]
 [0.03547072 0.08177733 0.06856022]
 [0.0715162  0.09888607 0.00479208]] 
Episode: 400: [[0.10625768 0.05975683 0.05237806]
 [0.03548162 0.0823812  0.06853187]
 [0.07134549 0.09905925 0.00518777]] 
Episode: 401: [[0.10659808 0.0603277  0.05235048]
 [0.03564492 0.08292796 0.06836315]
 [0.07124638 0.09921566 0.00547853]] 
Episode: 402: [[0.10697731 0.06084526 0.05225858]
 [0.03577451 0.08344691 0.06808135]
 [0.07113919 0.09934681 0.00573145]] 
Episode: 403: [[0.10739086 0.06132639 0.05231385]
 [0.03587313 0.0839109  0.06797099]
 [0.07100407 0.0994542  0.00596414]] 
Episode: 404: [[0.10776316 0.06176006 0.05250119]
 [0.03596193 0.08432914 0.06801447]
 [0.07088222 0.099551   0.0060258 ]] 
Episode: 405: [[0.10795112 0.06199297 0.0527436 ]
 [0.03619459 0.08466117 0.06805119]
 [0.07082458 0.09967594 0.00608376]] 
Episode: 406: [[0.10812053 0.0622029  0.05309905]
 [0.0364043  0.08496045 0.06821818]
 [0.07077262 0.09978855 0.00613923]] 
Episode: 407: [[0.10841924 0.06246603 0.05341768]
 [0.03653567 0.08522108 0.068351  ]
 [0.07083394 0.09991435 0.00619204]] 
Episode: 408: [[0.10864764 0.06270321 0.05384167]
 [0.03664523 0.08545601 0.06861303]
 [0.07088909 0.10002773 0.00629812]] 
Episode: 409: [[0.1088535  0.06291699 0.05408533]
 [0.036744   0.08566775 0.06870604]
 [0.07093881 0.10012994 0.00634043]] 
Episode: 410: [[0.10918511 0.06319948 0.05430186]
 [0.03685197 0.08585346 0.06878361]
 [0.07082682 0.10015425 0.0063619 ]] 
Episode: 411: [[0.10934269 0.06361021 0.05463392]
 [0.0367943  0.08585967 0.06899576]
 [0.07088255 0.1003367  0.00659888]] 
Episode: 412: [[0.10950645 0.06397644 0.05482068]
 [0.03672904 0.08584162 0.06904417]
 [0.07093846 0.10049972 0.00681634]] 
Episode: 413: [[0.10979998 0.06446227 0.05485132]
 [0.03651587 0.0859858  0.06894567]
 [0.07083247 0.1004856  0.00679408]] 
Episode: 414: [[0.1100638  0.06489913 0.05474183]
 [0.0363208  0.0861155  0.06871535]
 [0.07073489 0.10047281 0.00664164]] 
Episode: 415: [[0.11030158 0.06529288 0.05450656]
 [0.03614498 0.08623241 0.06836679]
 [0.07064693 0.10046128 0.00672066]] 
Episode: 416: [[0.11051589 0.06564778 0.05443177]
 [0.03598651 0.08633778 0.06812042]
 [0.07056766 0.10045089 0.00679808]] 
Episode: 417: [[0.11085525 0.06606973 0.05437754]
 [0.03587111 0.08645099 0.06790712]
 [0.07045547 0.10040749 0.00685675]] 
Episode: 418: [[0.11115357 0.06645004 0.05446551]
 [0.03576545 0.08655301 0.06784644]
 [0.07035419 0.10036837 0.00693274]] 
Episode: 419: [[0.11142241 0.06679283 0.0546811 ]
 [0.03567021 0.08664498 0.06793346]
 [0.07026291 0.10033312 0.00704576]] 
Episode: 420: [[0.11181094 0.06725841 0.05501125]
 [0.03574025 0.08688898 0.06815301]
 [0.07033814 0.10013996 0.00693144]] 
Episode: 421: [[0.11216106 0.06767804 0.05525995]
 [0.03580338 0.0871089  0.06834052]
 [0.07040595 0.09996586 0.00682597]] 
Episode: 422: [[0.11232869 0.06789757 0.05534717]
 [0.03570461 0.08727386 0.06836769]
 [0.07062394 0.09980135 0.00651688]] 
Episode: 423: [[0.11262601 0.06825203 0.05528939]
 [0.03546074 0.08726048 0.06825098]
 [0.07066295 0.09981523 0.0064537 ]] 
Episode: 424: [[0.11274669 0.06841339 0.05537346]
 [0.03508686 0.08708736 0.06828701]
 [0.07085443 0.09998891 0.0066096 ]] 
Episode: 425: [[0.11300134 0.06871495 0.05558486]
 [0.03459651 0.08677117 0.06846014]
 [0.07087028 0.09998401 0.00653781]] 
Episode: 426: [[0.11337612 0.06898633 0.05563923]
 [0.0343103  0.08648618 0.06857254]
 [0.07088974 0.09997963 0.00644729]] 
Episode: 427: [[0.11356714 0.06907354 0.05555259]
 [0.03420714 0.08639088 0.06881426]
 [0.07075121 0.10013641 0.00615559]] 
Episode: 428: [[0.11388428 0.0691539  0.05548171]
 [0.0342681  0.08630521 0.06901332]
 [0.07062934 0.10027767 0.00587638]] 
Episode: 429: [[0.11417011 0.06922633 0.05528246]
 [0.03432303 0.086228   0.06910171]
 [0.07051951 0.10040499 0.00560335]] 
Episode: 430: [[0.11442774 0.06929161 0.05496798]
 [0.03437255 0.08615841 0.06914035]
 [0.07042051 0.10051974 0.00534779]] 
Episode: 431: [[0.11465994 0.06935045 0.05467493]
 [0.03441717 0.08609569 0.06917312]
 [0.07033129 0.10062316 0.00511657]] 
Episode: 432: [[0.11501446 0.06940261 0.0542761 ]
 [0.03461123 0.08603849 0.06906147]
 [0.07040273 0.10071556 0.00487671]] 
Episode: 433: [[0.11543281 0.06946222 0.0538793 ]
 [0.03476637 0.08597923 0.06893178]
 [0.07046963 0.10080288 0.00466007]] 
Episode: 434: [[0.11572564 0.06951595 0.05365802]
 [0.03488799 0.08592582 0.06895631]
 [0.07053091 0.10088158 0.0046774 ]] 
