3.850099 
3.850047 
3.849967 
3.849974 
3.849832 
3.849432 
3.849781 
3.849825 
3.849075 
3.849767 
3.849326 
3.849208 
3.849179 
3.849519 
3.849824 
3.848074 
3.848359 
3.848833 
3.849434 
3.789171 
3.848025 
3.820032 
3.843925 
3.730409 
3.749305 
3.714545 
3.501485 
3.678322 
3.637748 
3.436144 
2.984401 
3.396054 
2.819090 
3.246588 
3.842832 
2.746627 
2.961112 
3.031088 
3.209997 
2.683825 
2.991553 
3.110906 
2.852200 
2.386889 
3.217997 
2.620342 
3.338542 
3.850148 
2.674994 
2.882824 
2.864738 
3.850148 
2.722424 
2.713466 
2.601547 
3.313610 
3.850002 
2.807719 
2.403284 
3.848148 
nan 
