Episode: 1: [ 0.19683689 -0.0761306  -0.22074187  0.00738411 -0.01368089] 
Episode: 11: [ 0.1950589  -0.07443812 -0.21974516  0.00635943 -0.01235691] 
Episode: 21: [ 0.1960511  -0.07573558 -0.21999681  0.00818345 -0.01386446] 
Episode: 31: [ 0.19661218 -0.07629821 -0.21987246  0.00958185 -0.01507314] 
Episode: 41: [ 0.19723114 -0.07692285 -0.2204478   0.01085526 -0.01602595] 
Episode: 51: [ 0.19735505 -0.07737374 -0.22068408  0.01160634 -0.0163624 ] 
Episode: 61: [ 0.19671407 -0.07707044 -0.2204271   0.01066065 -0.01536961] 
Episode: 71: [ 0.19697115 -0.07694072 -0.22057126  0.0102679  -0.01535787] 
Episode: 81: [ 0.19705915 -0.07635298 -0.21948841  0.01120285 -0.01653237] 
Episode: 91: [ 0.19657165 -0.07580232 -0.2188329   0.01135616 -0.01657537] 
Episode: 101: [ 0.19690016 -0.07614548 -0.21874727  0.01209381 -0.01723642] 
Episode: 111: [ 0.19739014 -0.0769659  -0.21949199  0.01295847 -0.01772522] 
Episode: 121: [ 0.19604173 -0.07630978 -0.21968874  0.01210169 -0.01624173] 
Episode: 131: [ 0.19386321 -0.07409484 -0.21925656  0.00992325 -0.01391664] 
Episode: 141: [ 0.19424108 -0.07436249 -0.21890764  0.01112146 -0.01498397] 
Episode: 151: [ 0.1944684  -0.07399753 -0.21762966  0.01180961 -0.01603183] 
Episode: 161: [ 0.19460453 -0.07336746 -0.21581602  0.01304729 -0.01758697] 
Episode: 171: [ 0.19457045 -0.07321771 -0.21503274  0.01366425 -0.01820763] 
Episode: 181: [ 0.1954423  -0.07441098 -0.2157715   0.01472011 -0.01902118] 
Episode: 191: [ 0.19609983 -0.07521109 -0.21636865  0.01580975 -0.0198449 ] 
Episode: 201: [ 0.19599456 -0.07453326 -0.21629013  0.01568539 -0.01989962] 
Episode: 211: [ 0.19526558 -0.07367641 -0.21557727  0.01570437 -0.0198053 ] 
Episode: 221: [ 0.19523634 -0.07360855 -0.21503505  0.01689203 -0.02073091] 
Episode: 231: [ 0.19441898 -0.07281401 -0.21349421  0.01744117 -0.0211293 ] 
Episode: 241: [ 0.19307368 -0.07070033 -0.21211535  0.01704146 -0.0208561 ] 
Episode: 251: [ 0.19305655 -0.07003954 -0.2119692   0.01810669 -0.02178407] 
Episode: 261: [ 0.1928115  -0.07001275 -0.21241134  0.01828772 -0.02162343] 
Episode: 271: [ 0.1934139  -0.07144138 -0.21453585  0.01860818 -0.02130735] 
Episode: 281: [ 0.19306639 -0.071409   -0.21544152  0.01786845 -0.02034783] 
Episode: 291: [ 0.19194573 -0.07026959 -0.21529546  0.01680882 -0.01922279] 
Episode: 301: [ 0.19188659 -0.07022104 -0.21512341  0.01758962 -0.0197632 ] 
Episode: 311: [ 0.19123454 -0.07030523 -0.215394    0.01728235 -0.01901984] 
Episode: 321: [ 0.19032188 -0.06984521 -0.21513984  0.01642735 -0.01802291] 
Episode: 331: [ 0.19118074 -0.07140454 -0.21630044  0.0173674  -0.0185068 ] 
Episode: 341: [ 0.19002295 -0.07143258 -0.21674725  0.01601936 -0.01672487] 
Episode: 351: [ 0.18985012 -0.07196911 -0.21764345  0.01582832 -0.01612024] 
Episode: 361: [ 0.18966131 -0.07175656 -0.21791862  0.01609752 -0.01616828] 
Episode: 371: [ 0.1882829  -0.07010191 -0.21696305  0.01549175 -0.01553848] 
Episode: 381: [ 0.18886238 -0.07043218 -0.2169897   0.01582498 -0.01605007] 
Episode: 391: [ 0.1906781  -0.07271134 -0.2177476   0.01706555 -0.01727054] 
Episode: 401: [ 0.19123527 -0.07361691 -0.21804722  0.01795261 -0.0179094 ] 
Episode: 411: [ 0.19177873 -0.07361703 -0.21742706  0.01892685 -0.01907367] 
Episode: 421: [ 0.1928803  -0.0740612  -0.2177044   0.01947255 -0.01998609] 
Episode: 431: [ 0.19069105 -0.07119431 -0.21556452  0.02056018 -0.0206656 ] 
Episode: 441: [ 0.18850066 -0.06888803 -0.21470095  0.01885596 -0.01896746] 
Episode: 451: [ 0.18856199 -0.06928872 -0.21522105  0.01931706 -0.0190654 ] 
Episode: 461: [ 0.18811013 -0.06988379 -0.2167485   0.01866649 -0.01775928] 
Episode: 471: [ 0.18794662 -0.06999443 -0.2172721   0.01823337 -0.01719387] 
Episode: 481: [ 0.1880079  -0.06982463 -0.21789034  0.01776938 -0.01682079] 
Episode: 491: [ 0.18804938 -0.06940284 -0.21760237  0.01757902 -0.01691998] 
Episode: 501: [ 0.18798287 -0.06937916 -0.21804729  0.01742616 -0.01667199] 
Episode: 511: [ 0.18895614 -0.07077561 -0.21840456  0.01799636 -0.01718653] 
Episode: 521: [ 0.1893739  -0.07157344 -0.21909656  0.01754042 -0.01674932] 
Episode: 531: [ 0.19041228 -0.07240804 -0.2194734   0.01904223 -0.01807657] 
Episode: 541: [ 0.18989857 -0.07143173 -0.21866348  0.0197991  -0.0187339 ] 
Episode: 551: [ 0.18910667 -0.0703477  -0.21716245  0.02061529 -0.01945039] 
Episode: 561: [ 0.1881393  -0.06986757 -0.21604504  0.02086149 -0.01941003] 
Episode: 571: [ 0.18780749 -0.07022575 -0.21514723  0.02113105 -0.01949492] 
Episode: 581: [ 0.18857865 -0.07085712 -0.2143779   0.02235142 -0.0207953 ] 
Episode: 591: [ 0.18792015 -0.0710182  -0.2143405   0.0223386  -0.02033209] 
Episode: 601: [ 0.18689498 -0.07019713 -0.2133122   0.02197015 -0.01992412] 
Episode: 611: [ 0.18767112 -0.07068884 -0.2135771   0.02295444 -0.02086429] 
Episode: 621: [ 0.18741685 -0.06974539 -0.21398678  0.02259329 -0.02063774] 
Episode: 631: [ 0.1868424  -0.06894577 -0.21475898  0.0218259  -0.0198097 ] 
Episode: 641: [ 0.18761066 -0.06950071 -0.21564628  0.02215333 -0.02013848] 
Episode: 651: [ 0.187789   -0.0690758  -0.21543363  0.02211795 -0.02040022] 
Episode: 661: [ 0.18766622 -0.06840069 -0.21506327  0.02242284 -0.02080962] 
Episode: 671: [ 0.18758884 -0.06782711 -0.21565317  0.02232456 -0.02071966] 
Episode: 681: [ 0.18651664 -0.06678138 -0.2162796   0.021096   -0.01937985] 
Episode: 691: [ 0.18617834 -0.06664754 -0.21741489  0.02041139 -0.0184844 ] 
Episode: 701: [ 0.18670744 -0.0665075  -0.21777353  0.02133992 -0.01938537] 
Episode: 711: [ 0.18653612 -0.06628977 -0.21834947  0.02087963 -0.01889858] 
Episode: 721: [ 0.18467233 -0.06499954 -0.2180683   0.01923807 -0.01708588] 
Episode: 731: [ 0.18315218 -0.06325422 -0.21618104  0.01911287 -0.01701313] 
Episode: 741: [ 0.18384159 -0.06284129 -0.21499656  0.02002929 -0.01846698] 
Episode: 751: [ 0.18503489 -0.063306   -0.21433778  0.02154077 -0.02025314] 
Episode: 761: [ 0.18510856 -0.06324922 -0.2144756   0.02166164 -0.02036428] 
Episode: 771: [ 0.18538624 -0.06317901 -0.21463008  0.02172353 -0.02056432] 
Episode: 781: [ 0.18573155 -0.06349343 -0.21470827  0.02259702 -0.02125735] 
Episode: 791: [ 0.18688099 -0.06535183 -0.2153439   0.02358502 -0.0219441 ] 
Episode: 801: [ 0.185719   -0.06499726 -0.21300343  0.02653231 -0.02405155] 
Episode: 811: [ 0.1849655  -0.06465498 -0.2115503   0.02690588 -0.02431363] 
Episode: 821: [ 0.18529913 -0.06495233 -0.21212147  0.02580905 -0.02348721] 
Episode: 831: [ 0.1853279  -0.0653588  -0.21320325  0.02477863 -0.02236672] 
Episode: 841: [ 0.18583548 -0.06522568 -0.21450482  0.02388621 -0.02174486] 
Episode: 851: [ 0.18564193 -0.06474552 -0.2148833   0.02266352 -0.02076441] 
Episode: 861: [ 0.18526337 -0.06421301 -0.21476252  0.02175772 -0.02003806] 
Episode: 871: [ 0.1843072  -0.06335001 -0.21486539  0.02032338 -0.01859253] 
Episode: 881: [ 0.18439443 -0.06308018 -0.21475685  0.02005403 -0.01855265] 
Episode: 891: [ 0.18463747 -0.06288092 -0.21457292  0.02068    -0.01926976] 
Episode: 901: [ 0.18518485 -0.06314382 -0.21431577  0.0212041  -0.01998972] 
Episode: 911: [ 0.18480971 -0.06226265 -0.2130971   0.02062906 -0.01988193] 
Episode: 921: [ 0.18359199 -0.06031795 -0.21131925  0.0198774  -0.0195546 ] 
Episode: 931: [ 0.18435645 -0.06143843 -0.21092859  0.02091963 -0.02058047] 
Episode: 941: [ 0.18544316 -0.06265804 -0.21155174  0.02185861 -0.02145358] 
Episode: 951: [ 0.18570615 -0.06405868 -0.21230319  0.02129088 -0.02052264] 
Episode: 961: [ 0.1872586  -0.06949507 -0.21495523  0.02194082 -0.01917596] 
Episode: 971: [ 0.18855989 -0.07180833 -0.21560629  0.0236158  -0.0201551 ] 
Episode: 981: [ 0.18883283 -0.07236622 -0.21491213  0.02677446 -0.02262641] 
Episode: 991: [ 0.18779324 -0.07267492 -0.21521322  0.02693877 -0.02192125] 
Episode: 1001: [ 0.18769696 -0.07332012 -0.21581991  0.02750291 -0.02187999] 
Episode: 1011: [ 0.18868421 -0.07425394 -0.21602692  0.0297738  -0.02374918] 
Episode: 1021: [ 0.1883612  -0.07376523 -0.21371545  0.0337646  -0.02730953] 
Episode: 1031: [ 0.18790326 -0.07351699 -0.21270879  0.03575592 -0.02887563] 
Episode: 1041: [ 0.18619195 -0.07266571 -0.21381219  0.03378975 -0.02631159] 
Episode: 1051: [ 0.18718669 -0.07244711 -0.21455453  0.0332279  -0.02641498] 
Episode: 1061: [ 0.18672384 -0.07179261 -0.21520221  0.03104402 -0.02455606] 
Episode: 1071: [ 0.18630295 -0.07206303 -0.21599077  0.02942363 -0.02277244] 
Episode: 1081: [ 0.18647061 -0.07280221 -0.21700236  0.02846398 -0.02162726] 
Episode: 1091: [ 0.18655208 -0.07291076 -0.21667859  0.02824169 -0.02156586] 
Episode: 1101: [ 0.18586364 -0.07212137 -0.21592227  0.02795836 -0.02140592] 
Episode: 1111: [ 0.18552868 -0.07202197 -0.21635927  0.02724593 -0.02058228] 
Episode: 1121: [ 0.18552989 -0.07204733 -0.2168977   0.02661121 -0.01995892] 
Episode: 1131: [ 0.18646307 -0.07255319 -0.21781094  0.02589744 -0.01960105] 
Episode: 1141: [ 0.18378176 -0.07082351 -0.21492718  0.02705417 -0.020071  ] 
Episode: 1151: [ 0.1813804  -0.06920017 -0.21236105  0.0282953  -0.02067824] 
Episode: 1161: [ 0.18099909 -0.06932869 -0.21182927  0.02976451 -0.02163926] 
Episode: 1171: [ 0.18123409 -0.06980714 -0.2120074   0.03033858 -0.02200323] 
Episode: 1181: [ 0.1812256  -0.06966627 -0.2124982   0.02813615 -0.02017454] 
Episode: 1191: [ 0.18025137 -0.0682916  -0.21338728  0.02637686 -0.01836669] 
Episode: 1201: [ 0.1801817  -0.06793571 -0.21438843  0.0262113  -0.01803121] 
Episode: 1211: [ 0.17972037 -0.06800301 -0.2147585   0.02629367 -0.01765714] 
Episode: 1221: [ 0.17997935 -0.07034672 -0.21609645  0.02660901 -0.01686993] 
Episode: 1231: [ 0.18008246 -0.07157985 -0.21640511  0.02678467 -0.01655279] 
Episode: 1241: [ 0.18038204 -0.07232849 -0.21636176  0.02751998 -0.01706524] 
Episode: 1251: [ 0.17948648 -0.07138426 -0.21557985  0.02640693 -0.01616486] 
Episode: 1261: [ 0.17935391 -0.07096617 -0.21607998  0.02509577 -0.01507672] 
Episode: 1271: [ 0.18005307 -0.07033331 -0.21577148  0.0238546  -0.01487456] 
Episode: 1281: [ 0.18149737 -0.07072598 -0.2155108   0.02454875 -0.01630788] 
Episode: 1291: [ 0.18213125 -0.07094936 -0.21570456  0.02509071 -0.01701983] 
Episode: 1301: [ 0.18190894 -0.07045797 -0.21575737  0.02479122 -0.01679575] 
Episode: 1311: [ 0.18145755 -0.0697716  -0.21476594  0.0250868  -0.01723991] 
Episode: 1321: [ 0.17994577 -0.06800036 -0.21304274  0.02520273 -0.01742178] 
Episode: 1331: [ 0.17985824 -0.06717291 -0.2126478   0.02581979 -0.01824437] 
Episode: 1341: [ 0.18055955 -0.06722303 -0.21210158  0.02707259 -0.01981887] 
Episode: 1351: [ 0.17950568 -0.06712023 -0.21191302  0.02586367 -0.01827482] 
Episode: 1361: [ 0.1793949  -0.06702951 -0.21164703  0.02598839 -0.01840059] 
Episode: 1371: [ 0.17964062 -0.06693321 -0.21152844  0.02671836 -0.01919036] 
Episode: 1381: [ 0.1807718  -0.06809404 -0.21230239  0.02679647 -0.01938237] 
Episode: 1391: [ 0.18176067 -0.06942157 -0.21296784  0.0263451  -0.01904405] 
Episode: 1401: [ 0.18034019 -0.06924142 -0.21406294  0.0250999  -0.01694666] 
Episode: 1411: [ 0.1799708  -0.07005765 -0.21485561  0.02533541 -0.01640811] 
Episode: 1421: [ 0.17946856 -0.06973348 -0.2141465   0.02563285 -0.0166081 ] 
Episode: 1431: [ 0.18175608 -0.07147209 -0.21400368  0.02598072 -0.01782446] 
Episode: 1441: [ 0.184147   -0.07419331 -0.21438216  0.02671012 -0.01891791] 
Episode: 1451: [ 0.18443921 -0.07458165 -0.21402206  0.02695409 -0.01925761] 
Episode: 1461: [ 0.18353774 -0.07332218 -0.21251334  0.02702443 -0.019551  ] 
Episode: 1471: [ 0.18324296 -0.073136   -0.21266656  0.02697571 -0.01934402] 
Episode: 1481: [ 0.18358056 -0.07358    -0.21271114  0.02747089 -0.01977444] 
Episode: 1491: [ 0.18380943 -0.07406887 -0.2125822   0.02803354 -0.02021465] 
Episode: 1501: [ 0.1836835  -0.07448686 -0.2126329   0.0283874  -0.02024132] 
Episode: 1511: [ 0.18382582 -0.07457305 -0.21223448  0.02886918 -0.02077228] 
Episode: 1521: [ 0.18250418 -0.07314717 -0.21187596  0.02779594 -0.01968426] 
Episode: 1531: [ 0.18271437 -0.07250948 -0.21188377  0.02762819 -0.01990876] 
Episode: 1541: [ 0.18316232 -0.0726257  -0.21181749  0.02687971 -0.01962226] 
Episode: 1551: [ 0.18360738 -0.07254975 -0.2113485   0.02764394 -0.02062555] 
Episode: 1561: [ 0.18448585 -0.07290468 -0.2116255   0.02866165 -0.02175717] 
Episode: 1571: [ 0.18344347 -0.07185768 -0.21229148  0.02734265 -0.02028277] 
Episode: 1581: [ 0.18291302 -0.07089435 -0.21299803  0.02642178 -0.01939459] 
Episode: 1591: [ 0.18312955 -0.07111875 -0.21358119  0.02671245 -0.01952133] 
Episode: 1601: [ 0.18385488 -0.07233613 -0.21484213  0.02690311 -0.01939146] 
Episode: 1611: [ 0.1839088  -0.07314343 -0.21528333  0.02691938 -0.0190506 ] 
Episode: 1621: [ 0.1852958  -0.07411087 -0.21540159  0.02720479 -0.01980992] 
Episode: 1631: [ 0.18580791 -0.07427102 -0.21531667  0.02773111 -0.02050116] 
Episode: 1641: [ 0.1866523  -0.07459956 -0.2160406   0.02862799 -0.02141324] 
Episode: 1651: [ 0.1839533  -0.07041379 -0.21527514  0.02732667 -0.02041223] 
Episode: 1661: [ 0.18433207 -0.07202607 -0.2115168   0.03087939 -0.02358383] 
Episode: 1671: [ 0.18434776 -0.0735241  -0.21130411  0.03209261 -0.02394425] 
Episode: 1681: [ 0.18369016 -0.07256794 -0.2099007   0.03381375 -0.02560258] 
Episode: 1691: [ 0.18226597 -0.07160527 -0.21048513  0.03351409 -0.02475194] 
Episode: 1701: [ 0.18106112 -0.0704992  -0.20930596  0.03305802 -0.02442971] 
Episode: 1711: [ 0.18137257 -0.0705443  -0.20867153  0.03316372 -0.02484437] 
Episode: 1721: [ 0.1819664  -0.07177552 -0.209589    0.03136967 -0.02313744] 
Episode: 1731: [ 0.1826199  -0.07234824 -0.20933253  0.03137301 -0.02336415] 
Episode: 1741: [ 0.18254559 -0.07256421 -0.20977595  0.03093958 -0.02280121] 
Episode: 1751: [ 0.18263106 -0.0732246  -0.21206504  0.02919159 -0.02072607] 
Episode: 1761: [ 0.18337163 -0.07353283 -0.2125193   0.02902107 -0.02079465] 
Episode: 1771: [ 0.18353793 -0.07345055 -0.21257903  0.0293768  -0.02116858] 
Episode: 1781: [ 0.18359748 -0.07324409 -0.2126195   0.02976576 -0.02155864] 
Episode: 1791: [ 0.18324916 -0.07260323 -0.21266873  0.02952326 -0.02142037] 
Episode: 1801: [ 0.18340558 -0.0728315  -0.21328196  0.02907576 -0.02093786] 
Episode: 1811: [ 0.18300541 -0.07332446 -0.21442454  0.02834494 -0.01968986] 
Episode: 1821: [ 0.18343467 -0.07411414 -0.2152658   0.02856429 -0.01957236] 
Episode: 1831: [ 0.18355718 -0.07413479 -0.21430022  0.02994579 -0.0208958 ] 
Episode: 1841: [ 0.18291149 -0.07353874 -0.2118087   0.03191388 -0.02284297] 
Episode: 1851: [ 0.18340218 -0.07405847 -0.21161799  0.03281881 -0.02362881] 
Episode: 1861: [ 0.18346766 -0.07405504 -0.21190418  0.03298725 -0.02371436] 
Episode: 1871: [ 0.18276697 -0.07353742 -0.21160322  0.03274724 -0.02342024] 
Episode: 1881: [ 0.18221523 -0.07305884 -0.2113527   0.03269264 -0.0233168 ] 
Episode: 1891: [ 0.18159609 -0.0726321  -0.21118999  0.03249361 -0.02302711] 
Episode: 1901: [ 0.17997104 -0.07180527 -0.2109269   0.03128656 -0.02161552] 
Episode: 1911: [ 0.1793973  -0.07120729 -0.21037991  0.03022055 -0.02089186] 
Episode: 1921: [ 0.1801965  -0.07189336 -0.21060975  0.03074971 -0.02140461] 
Episode: 1931: [ 0.18074702 -0.07248367 -0.21078399  0.03092618 -0.02157248] 
Episode: 1941: [ 0.18132429 -0.07263525 -0.21031849  0.03198292 -0.02272509] 
Episode: 1951: [ 0.18173471 -0.07274017 -0.20969139  0.03291342 -0.02375211] 
Episode: 1961: [ 0.18121855 -0.07242665 -0.2089157   0.03340355 -0.02413699] 
Episode: 1971: [ 0.18042485 -0.07198471 -0.20835567  0.0335881  -0.02413661] 
Episode: 1981: [ 0.18015215 -0.07150356 -0.20771462  0.03372272 -0.02443273] 
Episode: 1991: [ 0.18075539 -0.07125605 -0.20730664  0.03348634 -0.02481155] 
Episode: 2001: [ 0.18032254 -0.07006851 -0.20611572  0.03325009 -0.02516167] 
Episode: 2011: [ 0.17992745 -0.06933164 -0.20541771  0.03305247 -0.02525851] 
Episode: 2021: [ 0.18026659 -0.06930601 -0.20487735  0.03334612 -0.02581597] 
Episode: 2031: [ 0.18004195 -0.06881209 -0.20396389  0.0335325  -0.02624804] 
Episode: 2041: [ 0.17982346 -0.06874931 -0.20379424  0.03315061 -0.02591556] 
Episode: 2051: [ 0.18021399 -0.0691904  -0.20377448  0.03340825 -0.02616196] 
Episode: 2061: [ 0.18016644 -0.0692203  -0.2035282   0.03401236 -0.02662215] 
Episode: 2071: [ 0.1816006  -0.06849383 -0.20082653  0.03683318 -0.03012916] 
Episode: 2081: [ 0.18336362 -0.06790707 -0.19782647  0.04002479 -0.03405938] 
Episode: 2091: [ 0.18367372 -0.06751386 -0.19715716  0.04122655 -0.03530064] 
Episode: 2101: [ 0.18364234 -0.0673575  -0.19778381  0.04171273 -0.03550593] 
Episode: 2111: [ 0.18382625 -0.06753591 -0.19799584  0.04258092 -0.03606257] 
Episode: 2121: [ 0.18383569 -0.06668434 -0.19707857  0.04388398 -0.03742939] 
Episode: 2131: [ 0.18315822 -0.06627224 -0.19710632  0.04440493 -0.03756662] 
Episode: 2141: [ 0.18306781 -0.06698605 -0.19679925  0.04519621 -0.03788647] 
Episode: 2151: [ 0.1832723  -0.06851865 -0.19631155  0.04617484 -0.03825088] 
Episode: 2161: [ 0.18228225 -0.07131217 -0.19368686  0.05095918 -0.04101666] 
Episode: 2171: [ 0.18193209 -0.07234089 -0.19294396  0.05258128 -0.04188597] 
Episode: 2181: [ 0.18127944 -0.07211637 -0.19360133  0.05209002 -0.04111139] 
Episode: 2191: [ 0.17923118 -0.06847605 -0.19485861  0.04798451 -0.03793123] 
Episode: 2201: [ 0.17887153 -0.06767286 -0.19563419  0.04655951 -0.03675305] 
Episode: 2211: [ 0.17880315 -0.06784309 -0.19648743  0.04601617 -0.03604483] 
Episode: 2221: [ 0.1779576  -0.06724901 -0.19566682  0.04577061 -0.03586008] 
Episode: 2231: [ 0.17704682 -0.06688558 -0.19446523  0.04577855 -0.0358518 ] 
Episode: 2241: [ 0.17616075 -0.06668708 -0.19384184  0.04577324 -0.03565412] 
Episode: 2251: [ 0.1761838  -0.06697591 -0.19369362  0.04613459 -0.03588114] 
Episode: 2261: [ 0.17625108 -0.06726559 -0.19393182  0.04660192 -0.03612006] 
Episode: 2271: [ 0.17612755 -0.06740905 -0.19427668  0.04646317 -0.0358275 ] 
Episode: 2281: [ 0.17666732 -0.06824521 -0.1944386   0.04666973 -0.03591473] 
Episode: 2291: [ 0.17673059 -0.06867111 -0.1939103   0.04724786 -0.03636956] 
Episode: 2301: [ 0.17721502 -0.06942867 -0.19401959  0.04772209 -0.03667714] 
Episode: 2311: [ 0.17688012 -0.06930043 -0.19351554  0.04844717 -0.03724416] 
Episode: 2321: [ 0.17663877 -0.06891001 -0.19312236  0.04880014 -0.0376294 ] 
Episode: 2331: [ 0.17624377 -0.06896009 -0.1937612   0.04845366 -0.03701375] 
Episode: 2341: [ 0.1757956  -0.06884446 -0.19437969  0.0483167  -0.03659595] 
Episode: 2351: [ 0.17532328 -0.06892899 -0.19537479  0.04779321 -0.03571303] 
Episode: 2361: [ 0.17426269 -0.06807335 -0.19564411  0.04707564 -0.03489587] 
Episode: 2371: [ 0.17392896 -0.06817204 -0.19611847  0.04659354 -0.03422585] 
Episode: 2381: [ 0.17346689 -0.06796037 -0.19553974  0.04654323 -0.03417993] 
Episode: 2391: [ 0.17230688 -0.06711036 -0.19460006  0.0463687  -0.03401516] 
Episode: 2401: [ 0.17144959 -0.06614665 -0.19390063  0.04678191 -0.03442768] 
Episode: 2411: [ 0.16998291 -0.06505247 -0.19356297  0.04645583 -0.03394836] 
Episode: 2421: [ 0.1694289  -0.06490696 -0.1939872   0.04606019 -0.03333393] 
Episode: 2431: [ 0.16823623 -0.06407227 -0.19321285  0.04619894 -0.0333465 ] 
Episode: 2441: [ 0.1667223  -0.06305059 -0.19243343  0.04654144 -0.03342564] 
Episode: 2451: [ 0.16544208 -0.06174197 -0.19158204  0.04697768 -0.03380431] 
Episode: 2461: [ 0.16579664 -0.0623601  -0.19216534  0.04694004 -0.03359215] 
Episode: 2471: [ 0.16654733 -0.06259349 -0.19161955  0.04817384 -0.03490856] 
Episode: 2481: [ 0.16689146 -0.06122439 -0.18651116  0.05203737 -0.03952273] 
Episode: 2491: [ 0.16631521 -0.05965548 -0.18376686  0.05329438 -0.04135067] 
Episode: 2501: [ 0.16645016 -0.06039293 -0.18446149  0.05270583 -0.04058242] 
Episode: 2511: [ 0.16444156 -0.0578519  -0.18309003  0.0529459  -0.04106003] 
Episode: 2521: [ 0.163413   -0.05735856 -0.18322423  0.05271002 -0.04056225] 
Episode: 2531: [ 0.1645222  -0.05908348 -0.18446022  0.05226157 -0.03983   ] 
Episode: 2541: [ 0.16539644 -0.0602305  -0.18511222  0.05233894 -0.03971623] 
Episode: 2551: [ 0.16669692 -0.06168306 -0.1852931   0.05291279 -0.04016227] 
Episode: 2561: [ 0.16751397 -0.06287738 -0.18626858  0.05246273 -0.03954644] 
Episode: 2571: [ 0.16820674 -0.06379005 -0.18686481  0.05217479 -0.03918472] 
Episode: 2581: [ 0.16784307 -0.06386789 -0.18660988  0.05195083 -0.03890305] 
Episode: 2591: [ 0.16974737 -0.06491729 -0.18642545  0.05287182 -0.04010237] 
Episode: 2601: [ 0.1687417  -0.06392589 -0.185851    0.05201688 -0.03952092] 
Episode: 2611: [ 0.16909015 -0.06446741 -0.1852648   0.0519978  -0.03962935] 
Episode: 2621: [ 0.16881557 -0.06450896 -0.18452966  0.05238608 -0.03995407] 
Episode: 2631: [ 0.16836086 -0.06364583 -0.18306527  0.05328056 -0.04105052] 
Episode: 2641: [ 0.1698745  -0.0656503  -0.18470277  0.05326458 -0.04060806] 
Episode: 2651: [ 0.17231028 -0.06871854 -0.18737756  0.05279498 -0.03962239] 
Episode: 2661: [ 0.17324129 -0.06981447 -0.1877019   0.0529354  -0.03968104] 
Episode: 2671: [ 0.1733962  -0.06993538 -0.18766493  0.05324367 -0.03993585] 
Episode: 2681: [ 0.17410505 -0.07057869 -0.18845136  0.05330865 -0.03987307] 
Episode: 2691: [ 0.17130175 -0.06700739 -0.18463877  0.05873563 -0.04509897] 
Episode: 2701: [ 0.1684761  -0.06385531 -0.18123524  0.06405645 -0.05006133] 
Episode: 2711: [ 0.16485426 -0.06135006 -0.17821133  0.06667382 -0.05236633] 
Episode: 2721: [ 0.16346525 -0.06041372 -0.17744489  0.06745199 -0.05298433] 
Episode: 2731: [ 0.16257414 -0.05974291 -0.17727858  0.06766617 -0.05309688] 
Episode: 2741: [ 0.16185442 -0.05920721 -0.17731494  0.06766928 -0.05301317] 
Episode: 2751: [ 0.16144636 -0.05911955 -0.17744054  0.06774338 -0.05296295] 
Episode: 2761: [ 0.16139105 -0.05945743 -0.17786786  0.06796113 -0.052983  ] 
Episode: 2771: [ 0.16171251 -0.06047462 -0.17972486  0.06751326 -0.05214408] 
Episode: 2781: [ 0.1620622  -0.0612443  -0.18205492  0.06658828 -0.05087665] 
Episode: 2791: [ 0.16252398 -0.06238861 -0.18511033  0.06528694 -0.04911432] 
Episode: 2801: [ 0.16070162 -0.06243243 -0.18492128  0.06553745 -0.04887609] 
Episode: 2811: [ 0.1573647  -0.06051467 -0.18339604  0.06603816 -0.04908247] 
Episode: 2821: [ 0.15469985 -0.05804422 -0.18330978  0.06381772 -0.04702197] 
Episode: 2831: [ 0.1541851  -0.05815301 -0.18420088  0.06230672 -0.04542645] 
Episode: 2841: [ 0.1528784  -0.05775975 -0.18571575  0.06134387 -0.04405799] 
Episode: 2851: [ 0.15268984 -0.05861466 -0.18836927  0.06033453 -0.04247728] 
Episode: 2861: [ 0.15380663 -0.06159902 -0.19176629  0.05887457 -0.04029354] 
Episode: 2871: [ 0.15510666 -0.06377219 -0.19276004  0.0587693  -0.03991923] 
Episode: 2881: [ 0.15741694 -0.06656661 -0.19325693  0.05921613 -0.04024355] 
Episode: 2891: [ 0.1582863  -0.06745398 -0.19389835  0.05918758 -0.04014669] 
Episode: 2901: [ 0.15839145 -0.06711064 -0.1942417   0.05888171 -0.03992515] 
Episode: 2911: [ 0.15935992 -0.0677839  -0.19359472  0.05968292 -0.04084105] 
Episode: 2921: [ 0.15956134 -0.06755785 -0.19325511  0.05977866 -0.0410896 ] 
Episode: 2931: [ 0.16030017 -0.06832598 -0.19358107  0.05968056 -0.04098392] 
Episode: 2941: [ 0.15866403 -0.06726438 -0.19364539  0.05959953 -0.04067437] 
Episode: 2951: [ 0.15745248 -0.06623831 -0.19357184  0.05958123 -0.04055464] 
Episode: 2961: [ 0.15536568 -0.06449325 -0.19403987  0.05902056 -0.03978534] 
Episode: 2971: [ 0.15418847 -0.06384171 -0.19580805  0.05774679 -0.03819348] 
Episode: 2981: [ 0.15361476 -0.06351642 -0.19645986  0.05736798 -0.03766104] 
Episode: 2991: [ 0.1538438  -0.06382344 -0.1962248   0.05773388 -0.03800872] 
Episode: 3001: [ 0.15198393 -0.06106674 -0.19420645  0.05851474 -0.03916567] 
Episode: 3011: [ 0.14904544 -0.05773769 -0.1921068   0.05908688 -0.03998615] 
Episode: 3021: [ 0.14840697 -0.05708347 -0.19133939  0.05944695 -0.04040529] 
Episode: 3031: [ 0.14862925 -0.0573163  -0.19049032  0.06004311 -0.0410773 ] 
Episode: 3041: [ 0.1493963  -0.05868771 -0.19051243  0.06037838 -0.04124355] 
Episode: 3051: [ 0.15075763 -0.06040917 -0.19042282  0.06093521 -0.04170722] 
Episode: 3061: [ 0.1508109  -0.06168624 -0.19121242  0.06087885 -0.04120361] 
Episode: 3071: [ 0.15036328 -0.0619867  -0.19134444  0.06082791 -0.04092595] 
Episode: 3081: [ 0.15121497 -0.06334727 -0.19142517  0.06101824 -0.04098467] 
Episode: 3091: [ 0.15126467 -0.06331721 -0.19139872  0.06122612 -0.04118343] 
Episode: 3101: [ 0.15102358 -0.06317078 -0.1910046   0.06166903 -0.04159077] 
Episode: 3111: [ 0.1507126  -0.06303107 -0.1905947   0.06190199 -0.04180565] 
Episode: 3121: [ 0.15073778 -0.06288806 -0.18927802  0.06284411 -0.04288805] 
Episode: 3131: [ 0.1508132  -0.06273605 -0.18924657  0.06285463 -0.04296368] 
Episode: 3141: [ 0.15093204 -0.06330735 -0.18874063  0.06363122 -0.04359786] 
Episode: 3151: [ 0.1512005  -0.06423386 -0.1873025   0.06522765 -0.04505546] 
Episode: 3161: [ 0.1510634  -0.06510913 -0.18560117  0.06715637 -0.04673722] 
Episode: 3171: [ 0.15039812 -0.06430577 -0.18669412  0.06669573 -0.04613621] 
Episode: 3181: [ 0.15015002 -0.06354886 -0.18709207  0.06667931 -0.04615384] 
Episode: 3191: [ 0.1498468  -0.06296811 -0.18750751  0.0666376  -0.04608792] 
Episode: 3201: [ 0.15068106 -0.06384954 -0.18857421  0.06650636 -0.04579115] 
Episode: 3211: [ 0.15115629 -0.06494842 -0.18817912  0.06771403 -0.04674008] 
Episode: 3221: [ 0.15082274 -0.06491958 -0.18876688  0.06755199 -0.04639616] 
Episode: 3231: [ 0.15027575 -0.06468847 -0.18888348  0.0675433  -0.04626138] 
Episode: 3241: [ 0.15006271 -0.06522728 -0.18854469  0.06804588 -0.04655093] 
Episode: 3251: [ 0.14987612 -0.06513006 -0.18842232  0.06817234 -0.04664916] 
Episode: 3261: [ 0.1503373  -0.06678206 -0.18750702  0.0696374  -0.04777684] 
Episode: 3271: [ 0.14767808 -0.06428266 -0.18482645  0.07123001 -0.04948585] 
Episode: 3281: [ 0.14661507 -0.0626813  -0.18367556  0.07192562 -0.05038757] 
Episode: 3291: [ 0.146231   -0.06164763 -0.18307087  0.07246486 -0.05110655] 
Episode: 3301: [ 0.14608166 -0.06072943 -0.18238576  0.07310826 -0.05196877] 
Episode: 3311: [ 0.14612973 -0.06048104 -0.18201678  0.07354154 -0.0524808 ] 
Episode: 3321: [ 0.1457883  -0.0601514  -0.18208365  0.07356021 -0.05246412] 
Episode: 3331: [ 0.14576524 -0.05975293 -0.18178698  0.07404014 -0.05301698] 
Episode: 3341: [ 0.14526285 -0.05897139 -0.18063481  0.07504604 -0.05413382] 
Episode: 3351: [ 0.14466095 -0.05791584 -0.17905864  0.07630839 -0.05559072] 
Episode: 3361: [ 0.1443727  -0.0580441  -0.17907687  0.07648018 -0.05560855] 
Episode: 3371: [ 0.14467193 -0.05848916 -0.1789594   0.07683318 -0.05590078] 
Episode: 3381: [ 0.14513803 -0.0588897  -0.17886385  0.0769321  -0.05604097] 
Episode: 3391: [ 0.14568174 -0.05983838 -0.17900617  0.07667077 -0.05571778] 
Episode: 3401: [ 0.14505138 -0.05948799 -0.17801812  0.07710076 -0.05617313] 
Episode: 3411: [ 0.14545736 -0.05982954 -0.17728353  0.07780306 -0.05693974] 
Episode: 3421: [ 0.1455016  -0.05984876 -0.17679521  0.07812471 -0.05731399] 
Episode: 3431: [ 0.14387396 -0.05849437 -0.1760473   0.07839915 -0.05754294] 
Episode: 3441: [ 0.14339906 -0.05847301 -0.17623055  0.07803201 -0.05706118] 
Episode: 3451: [ 0.14311478 -0.05877096 -0.17674574  0.07768523 -0.05650377] 
Episode: 3461: [ 0.14211491 -0.05739807 -0.17495914  0.07823985 -0.05737626] 
Episode: 3471: [ 0.1417437  -0.05743987 -0.17502843  0.07774527 -0.05682598] 
Episode: 3481: [ 0.14213282 -0.05770159 -0.17528205  0.07759198 -0.05670305] 
Episode: 3491: [ 0.14584114 -0.06463969 -0.1825709   0.07213071 -0.05020334] 
Episode: 3501: [ 0.14774187 -0.06790932 -0.18584757  0.069754   -0.04735425] 
Episode: 3511: [ 0.14806595 -0.06907367 -0.18702284  0.06887492 -0.04622816] 
Episode: 3521: [ 0.14673857 -0.06893397 -0.18685319  0.06889524 -0.04598824] 
Episode: 3531: [ 0.14572775 -0.0684405  -0.18635531  0.06915704 -0.04616783] 
Episode: 3541: [ 0.14558546 -0.06825534 -0.1861008   0.06928655 -0.0463322 ] 
Episode: 3551: [ 0.14554131 -0.0683395  -0.18559694  0.06956496 -0.04661677] 
Episode: 3561: [ 0.1460769  -0.0688042  -0.18517473  0.07007991 -0.04710198] 
Episode: 3571: [ 0.14766863 -0.06937718 -0.18492664  0.07084168 -0.04796394] 
Episode: 3581: [ 0.148597   -0.06977157 -0.18488567  0.07116909 -0.04834272] 
Episode: 3591: [ 0.14925388 -0.07011622 -0.18509042  0.07124425 -0.04842696] 
Episode: 3601: [ 0.15023482 -0.07074179 -0.1855031   0.07105427 -0.04828164] 
Episode: 3611: [ 0.15246053 -0.07171925 -0.18629234  0.07023595 -0.04782586] 
Episode: 3621: [ 0.15142535 -0.07100458 -0.18736021  0.06844772 -0.04619498] 
Episode: 3631: [ 0.15105231 -0.07041933 -0.18752949  0.06771787 -0.04567878] 
Episode: 3641: [ 0.1511717  -0.07092104 -0.18789464  0.067358   -0.04523445] 
Episode: 3651: [ 0.15232092 -0.07219136 -0.18809658  0.06761683 -0.04534833] 
Episode: 3661: [ 0.15153459 -0.07171557 -0.18788655  0.06733721 -0.04510832] 
Episode: 3671: [ 0.15297818 -0.07264273 -0.18764357  0.06677996 -0.04491513] 
Episode: 3681: [ 0.15357554 -0.07315187 -0.18754354  0.06646851 -0.04474219] 
Episode: 3691: [ 0.1533608 -0.0725712 -0.1871003  0.0666586 -0.045078 ] 
Episode: 3701: [ 0.15311995 -0.07164498 -0.18674263  0.06682945 -0.04546691] 
Episode: 3711: [ 0.15207523 -0.07058979 -0.18637823  0.06680424 -0.04551889] 
Episode: 3721: [ 0.15270093 -0.07034036 -0.18581535  0.06770962 -0.04655463] 
Episode: 3731: [ 0.15325081 -0.07060736 -0.18561867  0.06821593 -0.04705372] 
Episode: 3741: [ 0.15393057 -0.0710473  -0.18591803  0.06822507 -0.04706849] 
Episode: 3751: [ 0.15358715 -0.07094525 -0.18590517  0.06807619 -0.04689129] 
Episode: 3761: [ 0.15354328 -0.0710421  -0.18579046  0.06824099 -0.04699839] 
Episode: 3771: [ 0.15392189 -0.07124584 -0.18587705  0.06826901 -0.04705317] 
Episode: 3781: [ 0.15450357 -0.07137492 -0.18582574  0.06844871 -0.04732902] 
Episode: 3791: [ 0.15515423 -0.07155389 -0.18578906  0.06855698 -0.04755587] 
Episode: 3801: [ 0.1555483  -0.07146741 -0.18552397  0.06850509 -0.04771593] 
Episode: 3811: [ 0.15572526 -0.0712591  -0.18514119  0.06878538 -0.04811553] 
Episode: 3821: [ 0.15569246 -0.07096237 -0.18483205  0.06901782 -0.04842661] 
Episode: 3831: [ 0.1558118  -0.07103428 -0.18487813  0.06900149 -0.04841942] 
Episode: 3841: [ 0.15519339 -0.07103518 -0.18475235  0.06895623 -0.04823026] 
Episode: 3851: [ 0.1537291  -0.07123262 -0.18363647  0.06871217 -0.04781401] 
Episode: 3861: [ 0.15277262 -0.07108687 -0.18314788  0.06853341 -0.04755036] 
Episode: 3871: [ 0.15375546 -0.0716364  -0.18298589  0.06917161 -0.04819109] 
Episode: 3881: [ 0.15497853 -0.07229802 -0.18293393  0.06980728 -0.04884561] 
Episode: 3891: [ 0.15446125 -0.07206825 -0.1832373   0.06939123 -0.04838355] 
Episode: 3901: [ 0.15392329 -0.07174702 -0.1833925   0.0689141  -0.04792989] 
Episode: 3911: [ 0.15319657 -0.07137598 -0.18330504  0.06863074 -0.04762945] 
Episode: 3921: [ 0.15272018 -0.07107951 -0.1831741   0.06847262 -0.04748397] 
Episode: 3931: [ 0.1538869  -0.07156666 -0.18327099  0.06859559 -0.04776685] 
Episode: 3941: [ 0.15606265 -0.0729693  -0.18469614  0.06758695 -0.04697551] 
Episode: 3951: [ 0.1566702  -0.07347538 -0.18510403  0.06742474 -0.04680735] 
Episode: 3961: [ 0.15589349 -0.0732818  -0.18530977  0.06690367 -0.04619661] 
Episode: 3971: [ 0.15624177 -0.07369358 -0.18570577  0.06659452 -0.04587149] 
Episode: 3981: [ 0.15639    -0.07389469 -0.18551962  0.0668369  -0.04607967] 
Episode: 3991: [ 0.15619136 -0.07365619 -0.18513316  0.06725448 -0.0464782 ] 
Episode: 4001: [ 0.15529613 -0.07330406 -0.1844019   0.06782371 -0.04688197] 
Episode: 4011: [ 0.15518042 -0.07347519 -0.18418251  0.068132   -0.04707273] 
Episode: 4021: [ 0.15503208 -0.07370387 -0.18437415  0.06815443 -0.04693469] 
Episode: 4031: [ 0.15403701 -0.07331326 -0.1843414   0.06800468 -0.04663216] 
Episode: 4041: [ 0.1536424  -0.07327497 -0.18448201  0.06777516 -0.04631982] 
Episode: 4051: [ 0.15379348 -0.07342695 -0.1844739   0.06784369 -0.04637605] 
Episode: 4061: [ 0.15410917 -0.07330548 -0.1843343   0.06777765 -0.04649277] 
Episode: 4071: [ 0.15531267 -0.07354572 -0.1846843   0.06736578 -0.04642344] 
Episode: 4081: [ 0.15700671 -0.07418163 -0.18497334  0.06742535 -0.04675624] 
Episode: 4091: [ 0.15738867 -0.07417917 -0.18519913  0.06733133 -0.04675814] 
Episode: 4101: [ 0.15712617 -0.07413507 -0.18534759  0.06714354 -0.04651641] 
Episode: 4111: [ 0.15740725 -0.07421128 -0.18530563  0.06719171 -0.04662899] 
Episode: 4121: [ 0.15907127 -0.07500724 -0.18535319  0.06674085 -0.04659531] 
Episode: 4131: [ 0.16087426 -0.07588253 -0.18535297  0.06660982 -0.04683461] 
Episode: 4141: [ 0.16087022 -0.07588074 -0.18539579  0.0660099  -0.04638598] 
Episode: 4151: [ 0.16093206 -0.07601504 -0.18542272  0.06566954 -0.04611326] 
Episode: 4161: [ 0.16142684 -0.07613167 -0.18526497  0.06606002 -0.04656176] 
Episode: 4171: [ 0.16162458 -0.07640237 -0.18540236  0.06614809 -0.04658228] 
Episode: 4181: [ 0.1618419  -0.07663733 -0.18566942  0.06606727 -0.04646681] 
Episode: 4191: [ 0.16157122 -0.07674423 -0.18579239  0.0660798  -0.04632944] 
Episode: 4201: [ 0.15971577 -0.0760172  -0.18565734  0.06544136 -0.04549462] 
Episode: 4211: [ 0.15933684 -0.07594698 -0.18562286  0.06543268 -0.04539216] 
Episode: 4221: [ 0.15896922 -0.07595183 -0.185771    0.06525934 -0.04511059] 
Episode: 4231: [ 0.15935662 -0.07612941 -0.1857816   0.0655113  -0.04536843] 
Episode: 4241: [ 0.15956026 -0.0763019  -0.18548363  0.065819   -0.04567771] 
Episode: 4251: [ 0.15835318 -0.07552008 -0.18521252  0.06571024 -0.04548511] 
Episode: 4261: [ 0.15809001 -0.07509153 -0.18506853  0.06598426 -0.04575265] 
Episode: 4271: [ 0.15754823 -0.07478698 -0.18532921  0.06555764 -0.0452911 ] 
Episode: 4281: [ 0.15660238 -0.07415723 -0.18549134  0.06498709 -0.04470596] 
Episode: 4291: [ 0.1563083  -0.07372887 -0.18563935  0.06444634 -0.04430312] 
Episode: 4301: [ 0.15575944 -0.07292794 -0.18558073  0.0641994  -0.04418261] 
Episode: 4311: [ 0.15608427 -0.07300207 -0.18595344  0.06326466 -0.04350352] 
Episode: 4321: [ 0.15665193 -0.07308332 -0.18591519  0.06299521 -0.04348002] 
Episode: 4331: [ 0.15818481 -0.07395715 -0.18560936  0.06388476 -0.04445631] 
Episode: 4341: [ 0.16048947 -0.07537705 -0.18554038  0.06501901 -0.04566003] 
Episode: 4351: [ 0.16093177 -0.07571736 -0.18516743  0.06566068 -0.04626171] 
Episode: 4361: [ 0.16041715 -0.0753509  -0.18482462  0.06562453 -0.0462447 ] 
Episode: 4371: [ 0.16052179 -0.07543506 -0.184565    0.06574318 -0.04640029] 
Episode: 4381: [ 0.1608016  -0.07547882 -0.18441233  0.06593166 -0.04665298] 
Episode: 4391: [ 0.16146801 -0.07567609 -0.18422307  0.066241   -0.04708778] 
Episode: 4401: [ 0.16201344 -0.0758789  -0.18433033  0.06640299 -0.04730704] 
Episode: 4411: [ 0.16223383 -0.07597821 -0.18468954  0.06627134 -0.04717647] 
Episode: 4421: [ 0.16070236 -0.07527331 -0.18487236  0.06566522 -0.04637594] 
Episode: 4431: [ 0.15956508 -0.0749895  -0.18492666  0.06513371 -0.04567174] 
Episode: 4441: [ 0.15926924 -0.07497775 -0.18508592  0.06467897 -0.04520837] 
Episode: 4451: [ 0.15787287 -0.07542447 -0.18662217  0.06285919 -0.04294895] 
Episode: 4461: [ 0.15716931 -0.07632949 -0.18769132  0.06205119 -0.04163298] 
Episode: 4471: [ 0.15714602 -0.07686415 -0.18805833  0.06187329 -0.04126192] 
Episode: 4481: [ 0.15644963 -0.07628986 -0.18807569  0.06173256 -0.0410874 ] 
Episode: 4491: [ 0.1556561  -0.07572231 -0.18799898  0.0617156  -0.04098854] 
Episode: 4501: [ 0.15645365 -0.07626181 -0.1881966   0.06191417 -0.04120234] 
Episode: 4511: [ 0.1570363  -0.07686858 -0.18839619  0.06197597 -0.04122494] 
Episode: 4521: [ 0.15643789 -0.07691123 -0.18853255  0.06174315 -0.04081125] 
Episode: 4531: [ 0.15666604 -0.07732558 -0.18877755  0.06185596 -0.04079697] 
Episode: 4541: [ 0.15692724 -0.07881743 -0.18793252  0.06259231 -0.0411763 ] 
Episode: 4551: [ 0.15710934 -0.0802865  -0.18766803  0.06242443 -0.04074815] 
Episode: 4561: [ 0.156962   -0.08089408 -0.18806346  0.06193527 -0.04007766] 
Episode: 4571: [ 0.15759365 -0.08194799 -0.1889306   0.061611   -0.03955685] 
Episode: 4581: [ 0.15815303 -0.0826802  -0.18916991  0.0616824  -0.03953258] 
Episode: 4591: [ 0.15770744 -0.08272769 -0.1892344   0.0616898  -0.03935716] 
Episode: 4601: [ 0.15592746 -0.08168704 -0.18880358  0.06156285 -0.03905348] 
Episode: 4611: [ 0.15434662 -0.08062296 -0.18845426  0.06142074 -0.03879438] 
Episode: 4621: [ 0.15326652 -0.08040752 -0.18877248  0.06103282 -0.03813073] 
Episode: 4631: [ 0.15340796 -0.08075623 -0.18897806  0.06123453 -0.03817771] 
Episode: 4641: [ 0.15326029 -0.08093315 -0.18898563  0.06158803 -0.03832924] 
Episode: 4651: [ 0.15401872 -0.08160228 -0.18918458  0.06201788 -0.03866334] 
Episode: 4661: [ 0.15391743 -0.08166356 -0.18944022  0.06178138 -0.03838135] 
Episode: 4671: [ 0.15351722 -0.08167928 -0.18989992  0.06145654 -0.03789927] 
Episode: 4681: [ 0.15400273 -0.0824567  -0.19029348  0.06145212 -0.03774868] 
Episode: 4691: [ 0.15435316 -0.08206533 -0.18995419  0.06124014 -0.03790864] 
Episode: 4701: [ 0.15436256 -0.08116787 -0.18962084  0.06110512 -0.03815315] 
Episode: 4711: [ 0.15459196 -0.08096031 -0.18960144  0.0610918  -0.03828949] 
Episode: 4721: [ 0.15395847 -0.08027611 -0.18910731  0.0615802  -0.03873361] 
Episode: 4731: [ 0.15401198 -0.08032972 -0.18907547  0.06187935 -0.0389608 ] 
Episode: 4741: [ 0.15397486 -0.08050601 -0.18904373  0.06201391 -0.03900007] 
Episode: 4751: [ 0.1530381  -0.08017321 -0.18774706  0.06294543 -0.03973154] 
Episode: 4761: [ 0.15195528 -0.07969408 -0.18714212  0.06338523 -0.03994201] 
Episode: 4771: [ 0.1512553  -0.07929133 -0.18714437  0.06338263 -0.03980875] 
Episode: 4781: [ 0.15105349 -0.07916885 -0.18735258  0.06347007 -0.0397895 ] 
Episode: 4791: [ 0.1521212  -0.07991455 -0.18815309  0.06352663 -0.03981194] 
Episode: 4801: [ 0.15208948 -0.07985172 -0.18791766  0.06363743 -0.0399527 ] 
Episode: 4811: [ 0.1518839  -0.07988381 -0.1878693   0.06345627 -0.03974868] 
Episode: 4821: [ 0.15147604 -0.07953615 -0.18774518  0.0632021  -0.03954889] 
Episode: 4831: [ 0.15228583 -0.07984484 -0.18790662  0.06344173 -0.0398864 ] 
Episode: 4841: [ 0.15277867 -0.08021339 -0.18852518  0.06342303 -0.03980146] 
Episode: 4851: [ 0.15217946 -0.07971619 -0.18863712  0.06336939 -0.03966887] 
Episode: 4861: [ 0.15210733 -0.07942457 -0.18868254  0.06350719 -0.03981926] 
Episode: 4871: [ 0.15126398 -0.07869242 -0.1883326   0.06336045 -0.03970493] 
Episode: 4881: [ 0.1514292  -0.07851918 -0.18816184  0.06347708 -0.03993959] 
Episode: 4891: [ 0.15180865 -0.07872499 -0.18810825  0.06357244 -0.0400972 ] 
Episode: 4901: [ 0.15212382 -0.07879401 -0.1881203   0.06362474 -0.04022627] 
Episode: 4911: [ 0.15193722 -0.07846699 -0.18845241  0.06329627 -0.03994281] 
Episode: 4921: [ 0.1508464  -0.07755041 -0.18844591  0.06286823 -0.03950914] 
Episode: 4931: [ 0.14989267 -0.07641109 -0.18793166  0.06241836 -0.03929096] 
Episode: 4941: [ 0.1489424  -0.07562361 -0.18740988  0.06194703 -0.03895363] 
Episode: 4951: [ 0.14907338 -0.07568053 -0.18625546  0.0625394  -0.03967687] 
Episode: 4961: [ 0.14966318 -0.07605485 -0.18566926  0.06313253 -0.04034638] 
Episode: 4971: [ 0.14924155 -0.07594834 -0.18499567  0.06332409 -0.0405126 ] 
Episode: 4981: [ 0.14999005 -0.07633033 -0.18480611  0.06394217 -0.04116828] 
Episode: 4991: [ 0.1500546  -0.07611077 -0.18462956  0.06401906 -0.04135444] 
