Episode: 1: [[ 0.6910421   0.17769651  0.08561417  0.05722659  0.4435118 ]
 [ 0.14163172  0.19674355  0.1755688   0.2537261   0.25771132]
 [-0.1369451   0.20210592  0.24617392  0.34990564  0.033165  ]
 [ 0.04488945  0.1541505   0.14692509  0.19035284 -0.1478187 ]
 [-0.44070077 -0.16819975 -0.14308093 -0.1313849  -0.4883075 ]] 
Episode: 2: [[ 0.68973184  0.1763163   0.08437122  0.05585174  0.4447455 ]
 [ 0.14141124  0.1975103   0.17645042  0.2545869   0.25652966]
 [-0.13657673  0.20317487  0.24727207  0.35115606  0.03186737]
 [ 0.04583974  0.15572862  0.14837989  0.19193919 -0.14946117]
 [-0.44066256 -0.16769113 -0.14240934 -0.13059542 -0.48994607]] 
Episode: 3: [[ 0.6889132   0.17532332  0.08342737  0.05481267  0.44577143]
 [ 0.14098051  0.19861297  0.177858    0.25593674  0.25454855]
 [-0.13677515  0.20406349  0.248471    0.35253388  0.03010321]
 [ 0.04628984  0.15703212  0.14970489  0.19341272 -0.1510645 ]
 [-0.4404204  -0.16711563 -0.1416954  -0.12976693 -0.49158567]] 
Episode: 4: [[ 0.6881105   0.1744234   0.08258975  0.05389221  0.44665718]
 [ 0.1405847   0.19984952  0.17942819  0.25748563  0.25233194]
 [-0.1369489   0.20495972  0.24969092  0.3539373   0.02827884]
 [ 0.04667012  0.15818532  0.1508926   0.19475329 -0.15254003]
 [-0.44015864 -0.16654775 -0.14099865 -0.12896073 -0.4931574 ]] 
Episode: 5: [[ 0.6875298   0.17372528  0.08192855  0.05317499  0.4473785 ]
 [ 0.14028306  0.2014494   0.18140796  0.25945467  0.24958837]
 [-0.13721642  0.20590505  0.25104788  0.35549644  0.02617794]
 [ 0.04711494  0.15924022  0.15195952  0.19598442 -0.1538706 ]
 [-0.4397333  -0.16592197 -0.14026494 -0.12811963 -0.49473232]] 
Episode: 6: [[ 0.6871817   0.17325145  0.0814477   0.05265212  0.44797137]
 [ 0.13977721  0.20294483  0.18335174  0.2613943   0.24685544]
 [-0.13783216  0.20659919  0.25227335  0.35690904  0.0241181 ]
 [ 0.04714666  0.16006452  0.15290593  0.19708872 -0.15511535]
 [-0.43929306 -0.16532716 -0.13957715 -0.12733482 -0.4961872 ]] 
Episode: 7: [[ 0.687006    0.17298445  0.0811436   0.05231939  0.44842336]
 [ 0.13923752  0.2045368   0.18542172  0.26349488  0.24396126]
 [-0.1386327   0.20714371  0.25342414  0.35825306  0.02208609]
 [ 0.04683113  0.16061611  0.15368305  0.19803648 -0.15622239]
 [-0.43877342 -0.1647263  -0.13890463 -0.12657088 -0.49757087]] 
Episode: 8: [[ 0.6871542   0.17292261  0.08095901  0.05211867  0.44883975]
 [ 0.13875341  0.20600644  0.18733045  0.2654362   0.24130385]
 [-0.13954574  0.20751423  0.2544122   0.35942703  0.02022423]
 [ 0.04645532  0.16101131  0.15430643  0.19883253 -0.1571594 ]
 [-0.4382663  -0.16417536 -0.1382942  -0.12588237 -0.49881065]] 
Episode: 9: [[ 0.68726474  0.1728468   0.08079035  0.0519481   0.44919017]
 [ 0.13831039  0.2074152   0.18915315  0.26729456  0.23877949]
 [-0.14038815  0.20786433  0.25533286  0.3605207   0.01850968]
 [ 0.0460823   0.16133079  0.15484475  0.19953726 -0.15798022]
 [-0.4377772  -0.16365334 -0.1377199  -0.1252379  -0.4999648 ]] 
Episode: 10: [[ 0.68656874  0.17229964  0.0804328   0.05160192  0.44938266]
 [ 0.13767613  0.20842156  0.19060104  0.26877016  0.23663227]
 [-0.14092973  0.20824724  0.25614032  0.36146724  0.01708006]
 [ 0.04575625  0.16161968  0.15533377  0.20017344 -0.15876146]
 [-0.43741643 -0.16323076 -0.13724484 -0.1246982  -0.5009485 ]] 
Episode: 11: [[ 0.6860525   0.17186062  0.08012135  0.05128071  0.44961762]
 [ 0.13677798  0.20869389  0.19131483  0.26952094  0.23535976]
 [-0.14168188  0.2082373   0.25655136  0.36198962  0.01611563]
 [ 0.04519233  0.16170959  0.15566652  0.20063011 -0.15938716]
 [-0.43713012 -0.16296193 -0.13694257 -0.12434656 -0.5016053 ]] 
Episode: 12: [[ 0.6863834   0.1720532   0.08006245  0.05118369  0.45004296]
 [ 0.13555735  0.20834284  0.19144845  0.26967394  0.23475307]
 [-0.14318924  0.2074977   0.25644264  0.36200017  0.01549201]
 [ 0.0440964   0.1614415   0.15577747  0.20087953 -0.15985803]
 [-0.4368309  -0.16278395 -0.13675433 -0.12412763 -0.5020201 ]] 
Episode: 13: [[ 0.6862771   0.17187822  0.07979333  0.0508692   0.450477  ]
 [ 0.13415813  0.20812097  0.1918223   0.27006134  0.23372984]
 [-0.14452147  0.20701961  0.25657672  0.3622414   0.01460494]
 [ 0.04355308  0.16152708  0.15607455  0.20130573 -0.16037136]
 [-0.43648538 -0.16250576 -0.13646364 -0.12379364 -0.5025996 ]] 
Episode: 14: [[ 0.68625957  0.17171067  0.07949978  0.0505334   0.4509593 ]
 [ 0.13278812  0.20739913  0.19161004  0.269848    0.2334784 ]
 [-0.14595634  0.20623216  0.25636414  0.36211085  0.01415976]
 [ 0.04274504  0.16142443  0.15624437  0.20159115 -0.16079675]
 [-0.43607894 -0.16231474 -0.13628966 -0.12358552 -0.50293326]] 
Episode: 15: [[ 0.6866721   0.17184275  0.07940245  0.05040674  0.45135576]
 [ 0.13111955  0.20607246  0.19083743  0.26907906  0.23381108]
 [-0.14796828  0.20486021  0.25571734  0.3615366   0.01398184]
 [ 0.04132871  0.16090532  0.15616412  0.2016372  -0.16112086]
 [-0.4355011  -0.1622061  -0.13624631 -0.12352261 -0.5029629 ]] 
Episode: 16: [[ 0.6874954   0.1722476   0.07946288  0.05046244  0.4517093 ]
 [ 0.1293361   0.20443203  0.18974756  0.26797774  0.23452549]
 [-0.1505132   0.20302075  0.2547453   0.36060974  0.01399653]
 [ 0.03928987  0.1601219   0.15598364  0.2015832  -0.16148095]
 [-0.43469003 -0.16210072 -0.13624996 -0.12351528 -0.5028338 ]] 
Episode: 17: [[ 0.68744105  0.17212024  0.07929594  0.05031335  0.45189524]
 [ 0.1273851   0.20259336  0.18850237  0.26673457  0.23530635]
 [-0.15273218  0.2012365   0.25368437  0.35958862  0.01421719]
 [ 0.03754456  0.15938783  0.15577987  0.20150386 -0.16179247]
 [-0.43364558 -0.16194125 -0.13624436 -0.12349772 -0.50262636]] 
Episode: 18: [[ 0.6873894   0.1720334   0.07921331  0.05023115  0.45194057]
 [ 0.1250187   0.20052525  0.18717405  0.2653766   0.2360372 ]
 [-0.15572183  0.19899541  0.25247443  0.35840872  0.01422281]
 [ 0.03574112  0.15865484  0.1555872   0.20146532 -0.16208993]
 [-0.43189895 -0.16160524 -0.13616498 -0.12338789 -0.5023613 ]] 
Episode: 19: [[ 0.6877897   0.17220166  0.07923098  0.05024476  0.45208085]
 [ 0.12317243  0.19865692  0.18583862  0.26399598  0.23703752]
 [-0.15855254  0.1968169   0.2512324   0.35717395  0.01444351]
 [ 0.03376518  0.15784957  0.15534714  0.20135263 -0.16230468]
 [-0.4302026  -0.16130763 -0.13612117 -0.12332185 -0.5020425 ]] 
Episode: 20: [[ 0.68794     0.17223306  0.07920725  0.05024642  0.45212862]
 [ 0.12128989  0.1968138   0.18454842  0.262658    0.23796189]
 [-0.16120116  0.19474936  0.25003177  0.35597673  0.01469585]
 [ 0.0319279   0.15703402  0.15505688  0.20120187 -0.16246289]
 [-0.42866445 -0.16104414 -0.13608897 -0.1232747  -0.50173306]] 
Episode: 21: [[ 0.6877725   0.17208746  0.07911726  0.05018388  0.45211574]
 [ 0.1197435   0.19525748  0.18345022  0.261524    0.23875098]
 [-0.16338925  0.193008    0.24900478  0.35495695  0.01493455]
 [ 0.03037427  0.15628912  0.15476102  0.20103998 -0.16256608]
 [-0.42723    -0.16078933 -0.13604909 -0.12321836 -0.5014636 ]] 
Episode: 22: [[ 0.68791765  0.17198893  0.0789059   0.04997301  0.45240304]
 [ 0.11850287  0.19369978  0.1822097   0.26023445  0.23984437]
 [-0.16532268  0.19132021  0.24789597  0.3538487   0.01543902]
 [ 0.02926783  0.1557822   0.1545712   0.20096217 -0.16264386]
 [-0.4259954  -0.16056868 -0.1360115  -0.12316599 -0.5012497 ]] 
Episode: 23: [[ 0.68763655  0.17167407  0.07863446  0.04971802  0.4525616 ]
 [ 0.11714762  0.19203785  0.1808982   0.25885588  0.24098279]
 [-0.16707683  0.18972673  0.24681154  0.3527444   0.01599851]
 [ 0.02818627  0.15527333  0.15437861  0.20087455 -0.16273785]
 [-0.42488655 -0.16039103 -0.13600282 -0.1231465  -0.50100696]] 
Episode: 24: [[ 0.68716544  0.17123453  0.07829511  0.04938906  0.4527141 ]
 [ 0.11621781  0.1905262   0.17957485  0.25748327  0.2422599 ]
 [-0.16823168  0.1884579   0.24581365  0.35175815  0.01670459]
 [ 0.02775946  0.15485997  0.15407012  0.20068094 -0.16257694]
 [-0.42391196 -0.16026752 -0.13603586 -0.12317657 -0.50070804]] 
Episode: 25: [[ 0.68685865  0.17094944  0.07806204  0.04914074  0.45285368]
 [ 0.11506674  0.18885666  0.17814933  0.2559852   0.2436038 ]
 [-0.16944753  0.18714043  0.24478668  0.3507302   0.01742341]
 [ 0.02726016  0.15443467  0.15376547  0.20047215 -0.16241974]
 [-0.42308947 -0.16019867 -0.13610722 -0.12324937 -0.5003769 ]] 
Episode: 26: [[ 0.68666893  0.1707472   0.07788225  0.04893821  0.45298982]
 [ 0.11393683  0.18715541  0.17667261  0.25441608  0.2450336 ]
 [-0.170643    0.18582109  0.24374214  0.3496737   0.01817956]
 [ 0.02670765  0.15399332  0.15346059  0.20025311 -0.16227348]
 [-0.42236766 -0.16016166 -0.13619894 -0.12334743 -0.50002915]] 
Episode: 27: [[ 0.68679214  0.1707818   0.07780232  0.04876982  0.45322633]
 [ 0.11278495  0.18530181  0.17501621  0.2526399   0.24670343]
 [-0.1717861   0.18447593  0.24264984  0.34856573  0.01903783]
 [ 0.02616844  0.15360658  0.15320429  0.20005482 -0.16213077]
 [-0.4218478  -0.160194   -0.13633837 -0.12349664 -0.4996512 ]] 
Episode: 28: [[ 0.68683404  0.17080146  0.07774049  0.04864929  0.4533855 ]
 [ 0.11164641  0.18359843  0.17353117  0.25105548  0.24814588]
 [-0.1728771   0.18322104  0.24165523  0.34755704  0.01977735]
 [ 0.02564559  0.15319733  0.15292862  0.19984047 -0.16198514]
 [-0.4213181  -0.16021445 -0.13646501 -0.12363319 -0.49929166]] 
Episode: 29: [[ 0.6869337   0.17086194  0.07772391  0.04858562  0.45350134]
 [ 0.11052839  0.18203507  0.17220043  0.24963512  0.24939866]
 [-0.17394124  0.18203768  0.24073505  0.3466276   0.02042466]
 [ 0.02513112  0.15275916  0.1526227   0.19959883 -0.1618165 ]
 [-0.42083147 -0.16023354 -0.13658288 -0.12376335 -0.4989543 ]] 
Episode: 30: [[ 0.68693376  0.17075783  0.07753764  0.04833402  0.45377   ]
 [ 0.10945123  0.18083401  0.17128718  0.24865894  0.25014913]
 [-0.17482667  0.18109368  0.24003954  0.345936    0.02086405]
 [ 0.02489077  0.15249063  0.1524196   0.19947912 -0.16169593]
 [-0.4204856  -0.1602054  -0.13661507 -0.1237956  -0.49881068]] 
Episode: 31: [[ 0.68728137  0.17088585  0.0775015   0.04825478  0.45400295]
 [ 0.10840981  0.17964499  0.17036359  0.2476728   0.25094575]
 [-0.17588842  0.18006547  0.23931526  0.3452096   0.02128505]
 [ 0.02441338  0.15213045  0.1521912   0.1993215  -0.16158028]
 [-0.42013803 -0.16019419 -0.13666826 -0.12385651 -0.49863145]] 
Episode: 32: [[ 0.68766475  0.17105195  0.07750726  0.04823399  0.45418757]
 [ 0.1074566   0.17853884  0.16950154  0.2467495   0.2516873 ]
 [-0.17695281  0.17906316  0.23862366  0.34450898  0.02165161]
 [ 0.02387194  0.1517402   0.15195432  0.19914919 -0.16148427]
 [-0.41974786 -0.16017613 -0.13672131 -0.12391814 -0.4984389 ]] 
Episode: 33: [[ 0.6881305   0.17126402  0.07754103  0.04826639  0.4543499 ]
 [ 0.10649993  0.17758745  0.16881955  0.24602517  0.2522078 ]
 [-0.17803907  0.17812234  0.23801252  0.34389725  0.02191106]
 [ 0.02339084  0.15134898  0.151686    0.19895479 -0.1613383 ]
 [-0.41935456 -0.16014738 -0.13675968 -0.12396675 -0.49827087]] 
Episode: 34: [[ 0.68869597  0.17149048  0.07758047  0.04841701  0.4544267 ]
 [ 0.10591395  0.17693178  0.16833757  0.24556008  0.25254774]
 [-0.17921337  0.17718858  0.23743227  0.34330577  0.02206008]
 [ 0.02281467  0.15089825  0.15137574  0.19873849 -0.16123569]
 [-0.41863486 -0.16002944 -0.13674329 -0.12395694 -0.4981123 ]] 
Episode: 35: [[ 0.6892746   0.1715668   0.07741475  0.0483273   0.45476404]
 [ 0.10566787  0.17637132  0.1678093   0.24505718  0.25308126]
 [-0.17993586  0.1764464   0.23683675  0.3427198   0.02247491]
 [ 0.02257891  0.15068196  0.15121903  0.19868967 -0.16121474]
 [-0.4181569  -0.15991199 -0.13668025 -0.12389509 -0.4981038 ]] 
Episode: 36: [[ 0.68980086  0.17160955  0.07722774  0.04819332  0.45512313]
 [ 0.10552599  0.17612083  0.1676191   0.24493651  0.25321326]
 [-0.18048248  0.17590104  0.23642336  0.34235397  0.02270592]
 [ 0.02251671  0.15046851  0.15101983  0.19860463 -0.16111767]
 [-0.41778266 -0.1597945  -0.13660018 -0.12381402 -0.4981497 ]] 
Episode: 37: [[ 0.68995017  0.1714113   0.07693102  0.0479679   0.4554176 ]
 [ 0.10564382  0.17611483  0.16760585  0.245016    0.25321257]
 [-0.18071187  0.17560863  0.23615637  0.3421437   0.02291392]
 [ 0.02280907  0.15033923  0.15078636  0.19849238 -0.16090381]
 [-0.41742775 -0.1596745  -0.13651313 -0.12372401 -0.49821314]] 
Episode: 38: [[ 0.68999803  0.17118171  0.07663665  0.04774663  0.45566714]
 [ 0.10560134  0.17625956  0.16784555  0.2453627   0.25283182]
 [-0.18107186  0.17532915  0.23599371  0.34203628  0.02289324]
 [ 0.02292734  0.15013221  0.15053518  0.19836056 -0.16073844]
 [-0.417023   -0.15953256 -0.13640939 -0.12361239 -0.49829292]] 
Episode: 39: [[ 0.69039005  0.1711591   0.07646658  0.04768657  0.45588577]
 [ 0.10554714  0.17658651  0.16831297  0.24597327  0.2521276 ]
 [-0.18171762  0.17495526  0.23586574  0.3419688   0.02263393]
 [ 0.02280203  0.14977716  0.15020938  0.19815871 -0.16059849]
 [-0.41642338 -0.1593438  -0.13628483 -0.12347949 -0.49835253]] 
Episode: 40: [[ 0.6908035   0.17116682  0.07633484  0.0476689   0.45606768]
 [ 0.10545851  0.17699458  0.16889755  0.24670818  0.25126138]
 [-0.18239391  0.17459802  0.2357778   0.3419447   0.02229583]
 [ 0.02261229  0.14937201  0.14985394  0.19792886 -0.16045283]
 [-0.41584814 -0.15915872 -0.13616116 -0.1233497  -0.49841216]] 
Episode: 41: [[ 0.69072443  0.1707605   0.07588489  0.04718535  0.45644754]
 [ 0.10457133  0.17745872  0.16992289  0.24786408  0.2495254 ]
 [-0.18323575  0.17436442  0.23597632  0.34221     0.02150599]
 [ 0.02326359  0.14932945  0.14959587  0.1978663  -0.16011767]
 [-0.41528365 -0.15889551 -0.13593823 -0.12306897 -0.4986888 ]] 
Episode: 42: [[ 0.6907668   0.1704725   0.07553253  0.04680528  0.45677513]
 [ 0.10361265  0.17778637  0.17080882  0.24885504  0.2479555 ]
 [-0.18414934  0.17405064  0.23610526  0.3423917   0.02078052]
 [ 0.02374982  0.14922701  0.14932895  0.19777766 -0.15980887]
 [-0.41475385 -0.15866032 -0.13574462 -0.12282562 -0.4989176 ]] 
Episode: 43: [[ 0.69085425  0.17026891  0.07526312  0.04651056  0.45704103]
 [ 0.10264241  0.17779496  0.17131291  0.24940376  0.24687976]
 [-0.18502499  0.17364535  0.23608588  0.34239686  0.02028609]
 [ 0.02416482  0.14913318  0.14908995  0.19769838 -0.15953799]
 [-0.4143003  -0.15847376 -0.13559668 -0.12263855 -0.49907875]] 
Episode: 44: [[ 0.69101727  0.17005587  0.07498407  0.04628754  0.45727095]
 [ 0.10179668  0.17797823  0.17196617  0.2501418   0.24564256]
 [-0.18615921  0.17312975  0.2360414   0.3423582   0.019693  ]
 [ 0.02433402  0.1489488   0.14882459  0.19760758 -0.15932484]
 [-0.41354764 -0.15820153 -0.13539761 -0.12239611 -0.49925092]] 
Episode: 45: [[ 0.691123    0.16988909  0.07478379  0.04617345  0.45737812]
 [ 0.10086223  0.17805526  0.17253082  0.25077155  0.24449146]
 [-0.18734981  0.17256644  0.2359702   0.34226716  0.01912051]
 [ 0.02432969  0.14866453  0.14850971  0.19744958 -0.15910345]
 [-0.4127241  -0.15794459 -0.13523033 -0.12219195 -0.4993468 ]] 
Episode: 46: [[ 0.69129336  0.16981274  0.07468811  0.04622688  0.45734903]
 [ 0.09956274  0.17766981  0.1726976   0.250913    0.24373189]
 [-0.18879232  0.17176588  0.23570468  0.34189677  0.01872465]
 [ 0.02393487  0.14834204  0.14826734  0.19734095 -0.15905298]
 [-0.411832   -0.15770341 -0.13509277 -0.12202424 -0.4993698 ]] 
Episode: 47: [[ 0.691838    0.17001413  0.07475127  0.04642766  0.45732823]
 [ 0.09828802  0.17712346  0.17265855  0.2508311   0.2432508 ]
 [-0.1903686   0.17078936  0.23528858  0.34138447  0.01845584]
 [ 0.02346265  0.14792833  0.14795262  0.197162   -0.15893367]
 [-0.4109584  -0.15748645 -0.13498205 -0.12189311 -0.49934897]] 
Episode: 48: [[ 0.6924521   0.1702578   0.07484408  0.04665387  0.45730925]
 [ 0.09716935  0.17660242  0.17257614  0.2507083   0.24288617]
 [-0.19187967  0.16983992  0.23486555  0.34087402  0.01823126]
 [ 0.02296464  0.14752299  0.14765674  0.19699252 -0.15883183]
 [-0.41013506 -0.15728623 -0.13488308 -0.12177791 -0.49931827]] 
Episode: 49: [[ 0.693103    0.17056082  0.07501329  0.04699813  0.45719332]
 [ 0.09596068  0.17606924  0.17251654  0.25058022  0.2424723 ]
 [-0.19358455  0.16879915  0.23441482  0.34029815  0.01794848]
 [ 0.02220865  0.14699331  0.14730567  0.19675857 -0.15875952]
 [-0.40918937 -0.15708017 -0.13479844 -0.12168033 -0.49922523]] 
Episode: 50: [[ 0.69391185  0.17095236  0.07520953  0.04735281  0.457136  ]
 [ 0.09495382  0.17580353  0.17268261  0.25072908  0.24183701]
 [-0.19524895  0.16781792  0.23403318  0.33983383  0.01756061]
 [ 0.02144912  0.14635873  0.14685717  0.19643007 -0.15859629]
 [-0.40828463 -0.1568828  -0.13471955 -0.12159354 -0.49912748]] 
Episode: 51: [[ 0.69505465  0.17153226  0.07551879  0.04782268  0.4570818 ]
 [ 0.09389184  0.17544132  0.17275554  0.25075892  0.24131878]
 [-0.19711551  0.166714    0.23358126  0.33928806  0.01717674]
 [ 0.0204764   0.14565274  0.14639299  0.19607566 -0.1584598 ]
 [-0.4073704  -0.15669759 -0.13465746 -0.12152902 -0.4989937 ]] 
Episode: 52: [[ 0.69527704  0.1716897   0.07568261  0.04815198  0.4568195 ]
 [ 0.09283313  0.17505406  0.17278537  0.2507426   0.24087277]
 [-0.19860643  0.16582128  0.23321037  0.33879003  0.01694094]
 [ 0.01945637  0.1449822   0.14597762  0.19573994 -0.15834484]
 [-0.40641725 -0.15651678 -0.13460551 -0.12146304 -0.49885562]] 
Episode: 53: [[ 0.69526505  0.17171244  0.07578793  0.04838385  0.45655534]
 [ 0.09208123  0.17488106  0.1729298   0.25088352  0.24040112]
 [-0.19967422  0.16524315  0.23302445  0.33855078  0.01667019]
 [ 0.01901103  0.14445324  0.14552689  0.19537166 -0.15802285]
 [-0.40562072 -0.15637214 -0.13457382 -0.12142509 -0.49872229]] 
Episode: 54: [[ 0.6953431   0.17174384  0.07583174  0.04854066  0.456428  ]
 [ 0.09137834  0.1743085   0.17256655  0.25045326  0.24061185]
 [-0.20056719  0.16456786  0.23260143  0.33804712  0.01682772]
 [ 0.01854345  0.14425755  0.14542581  0.19535291 -0.1580467 ]
 [-0.40500715 -0.15621738 -0.13449013 -0.12132368 -0.49874303]] 
Episode: 55: [[ 0.6960713   0.17209013  0.07601104  0.04887906  0.4563701 ]
 [ 0.09116907  0.17347462  0.17167357  0.24947703  0.2416826 ]
 [-0.20155703  0.16367166  0.23188813  0.3372318   0.01736798]
 [ 0.01767563  0.14419821  0.14557762  0.19557634 -0.15838784]
 [-0.4044043  -0.15605424 -0.1343869  -0.12120702 -0.49880424]] 
Episode: 56: [[ 0.6966489   0.17238958  0.07619979  0.04920419  0.45625684]
 [ 0.09085897  0.17277245  0.1709786   0.24870789  0.24248022]
 [-0.20258094  0.16285379  0.231308    0.33654937  0.01772486]
 [ 0.01702953  0.14407375  0.14559323  0.19567144 -0.15853654]
 [-0.40372595 -0.15589839 -0.13430892 -0.12111224 -0.49880862]] 
Episode: 57: [[ 0.69712454  0.17262006  0.07633955  0.0494535   0.45618063]
 [ 0.09045991  0.17229274  0.17058374  0.24827206  0.24286407]
 [-0.20367408  0.16209005  0.23084825  0.3359915   0.01787785]
 [ 0.0163653   0.1438796   0.14555012  0.19569558 -0.15863062]
 [-0.40297192 -0.15572912 -0.13423032 -0.12101024 -0.49879995]] 
Episode: 58: [[ 0.6971739   0.17253228  0.07627068  0.04939983  0.4561893 ]
 [ 0.09001903  0.17223209  0.1707085   0.24843115  0.24254975]
 [-0.2046617   0.16157402  0.23069414  0.335792    0.01761635]
 [ 0.01643875  0.14375113  0.14533874  0.19560362 -0.15838967]
 [-0.40214482 -0.15552126 -0.13412942 -0.12086697 -0.4988064 ]] 
Episode: 59: [[ 0.69742405  0.17257057  0.0762633   0.04941463  0.45621252]
 [ 0.08957966  0.17208728  0.17073876  0.24847619  0.24234658]
 [-0.20564964  0.16102675  0.23050429  0.3355588   0.0173808 ]
 [ 0.01652556  0.14359745  0.14510581  0.19548357 -0.15814157]
 [-0.40140143 -0.1553421  -0.13404872 -0.12075386 -0.49878418]] 
Episode: 60: [[ 0.6984599   0.17305139  0.07645469  0.04972941  0.45629278]
 [ 0.08926935  0.17205782  0.17085558  0.24862255  0.24207205]
 [-0.20720355  0.16018668  0.23019774  0.33519137  0.01702329]
 [ 0.01612277  0.14320116  0.14476225  0.19526118 -0.15791422]
 [-0.40044937 -0.15512908 -0.13396235 -0.12065198 -0.4987011 ]] 
Episode: 61: [[ 0.6995472   0.17357054  0.07666052  0.05002687  0.4564113 ]
 [ 0.08872417  0.17209482  0.1711485   0.24895655  0.24148917]
 [-0.2087955   0.15938328  0.22997358  0.33491862  0.01652707]
 [ 0.01571591  0.14274704  0.14436595  0.19497588 -0.1576298 ]
 [-0.39951867 -0.15493134 -0.13389309 -0.12056696 -0.49859712]] 
Episode: 62: [[ 0.7012976   0.17449968  0.07711569  0.05058702  0.4565052 ]
 [ 0.08785592  0.17161642  0.17097303  0.24870262  0.24143118]
 [-0.2107826   0.15822564  0.22947545  0.33432725  0.0162111 ]
 [ 0.01509879  0.14231837  0.14405255  0.19478261 -0.15749612]
 [-0.39858416 -0.15472949 -0.13381803 -0.12047931 -0.49849686]] 
Episode: 63: [[ 0.70297295  0.17540216  0.07756224  0.05113226  0.45658562]
 [ 0.08691134  0.17094018  0.17059557  0.24820459  0.24161197]
 [-0.21264105  0.15708344  0.22893     0.3336724   0.01602631]
 [ 0.01448768  0.1419994   0.1438542   0.19468983 -0.15748061]
 [-0.3977684  -0.15454789 -0.13374549 -0.12039388 -0.4984187 ]] 
Episode: 64: [[ 0.70480955  0.17648907  0.07811271  0.05169241  0.4567338 ]
 [ 0.08573868  0.1700815   0.17010118  0.2475595   0.24186149]
 [-0.21446675  0.1558854   0.22834341  0.33299658  0.0158477 ]
 [ 0.01392319  0.14170821  0.14370026  0.19462967 -0.15751767]
 [-0.3971213  -0.15440105 -0.13369107 -0.12032475 -0.4983471 ]] 
Episode: 65: [[ 0.706876    0.17764875  0.07865328  0.0522606   0.45696777]
 [ 0.08479083  0.16954273  0.16989112  0.2472714   0.24182013]
 [-0.21637054  0.15472844  0.2278475   0.3324332   0.01554102]
 [ 0.01318532  0.14129658  0.14346558  0.19447418 -0.15745781]
 [-0.39643    -0.15425734 -0.13364634 -0.12027209 -0.4982556 ]] 
Episode: 66: [[ 0.7081202   0.178359    0.07896149  0.05258866  0.45713806]
 [ 0.08439552  0.16887392  0.16929083  0.2465869   0.2424708 ]
 [-0.21739325  0.15392862  0.22733368  0.33186242  0.01575138]
 [ 0.01286272  0.14130856  0.14353107  0.19462265 -0.15756996]
 [-0.39611906 -0.1541446  -0.13356134 -0.1201727  -0.4983505 ]] 
Episode: 67: [[ 0.70909125  0.17896837  0.07926136  0.05288072  0.45723823]
 [ 0.08387057  0.16816041  0.16869844  0.24589108  0.2430535 ]
 [-0.2182722   0.15321429  0.22687246  0.33134812  0.01591217]
 [ 0.01271432  0.14133212  0.14356901  0.1947369  -0.15765725]
 [-0.39582613 -0.15404537 -0.13349354 -0.12008759 -0.4984086 ]] 
Episode: 68: [[ 0.70997006  0.17951377  0.07951555  0.05316056  0.45732164]
 [ 0.08318033  0.16753437  0.16826676  0.24538337  0.24337885]
 [-0.21922842  0.15251447  0.22647186  0.3308857   0.0159807 ]
 [ 0.01242628  0.14126122  0.14355129  0.19478002 -0.15770222]
 [-0.39540476 -0.15393445 -0.13343312 -0.12000841 -0.49843207]] 
Episode: 69: [[ 0.71023595  0.179676    0.0795256   0.05321298  0.45741516]
 [ 0.08224718  0.16733488  0.16843668  0.24551897  0.24284951]
 [-0.22003056  0.15207404  0.22634816  0.33071265  0.01578555]
 [ 0.01224119  0.14101228  0.14331254  0.19457702 -0.15746087]
 [-0.39488488 -0.15384308 -0.13341345 -0.11997381 -0.49836764]] 
Episode: 70: [[ 0.7105511   0.1798844   0.07958355  0.05331106  0.45747373]
 [ 0.08144683  0.16712229  0.1685345   0.24557236  0.24246599]
 [-0.22076333  0.15165628  0.22621459  0.33053806  0.01563376]
 [ 0.01208658  0.14074464  0.14304504  0.19434227 -0.15718272]
 [-0.39444017 -0.15377162 -0.13340549 -0.11995745 -0.49829304]] 
Episode: 71: [[ 0.71101105  0.18003097  0.07949918  0.05323276  0.45777273]
 [ 0.08092645  0.16698353  0.16859984  0.24560721  0.24221985]
 [-0.22124234  0.15135236  0.22607966  0.33040163  0.01559092]
 [ 0.01237369  0.14078861  0.14297552  0.19435024 -0.15703303]
 [-0.3942491  -0.15369618 -0.13334394 -0.11988527 -0.49837855]] 
Episode: 72: [[ 0.71185637  0.1804105   0.07955034  0.05325991  0.45810768]
 [ 0.08046496  0.1667458   0.16853495  0.24549158  0.24213251]
 [-0.22180395  0.15093327  0.22584851  0.33018583  0.01555922]
 [ 0.0126832   0.140809    0.1428941   0.19435714 -0.15692109]
 [-0.39415914 -0.15362999 -0.13328122 -0.11981846 -0.49846444]] 
Episode: 73: [[ 0.712704    0.18082994  0.07966176  0.05336719  0.4583556 ]
 [ 0.07995248  0.16644175  0.1684101   0.24529679  0.24211808]
 [-0.2224226   0.15048446  0.22560172  0.3299345   0.01553941]
 [ 0.01289232  0.14079931  0.14280738  0.19434796 -0.1568224 ]
 [-0.39398062 -0.15355887 -0.13322684 -0.11975835 -0.49851796]] 
Episode: 74: [[ 0.7133548   0.18106349  0.07963637  0.0533851   0.45861435]
 [ 0.07953071  0.1663268   0.16847308  0.2453348   0.24187702]
 [-0.22295801  0.1501292   0.22541907  0.32973105  0.01551296]
 [ 0.01308538  0.14077045  0.14269286  0.19430873 -0.15669432]
 [-0.39374465 -0.15347601 -0.13316432 -0.11968865 -0.4985772 ]] 
Episode: 75: [[ 0.7140328   0.18136527  0.07967354  0.05357965  0.4587635 ]
 [ 0.07893161  0.16598983  0.1683431   0.2451295   0.2418166 ]
 [-0.2238589   0.14952786  0.22510277  0.3292817   0.01551504]
 [ 0.01287088  0.14072543  0.1427004   0.19436713 -0.15683219]
 [-0.39315453 -0.15330338 -0.13304944 -0.11953943 -0.49866933]] 
Episode: 76: [[ 0.71497136  0.18183556  0.07981192  0.05391695  0.45886558]
 [ 0.07820708  0.16562897  0.16823393  0.24494314  0.24168254]
 [-0.22504893  0.14878683  0.22475731  0.32877234  0.01542416]
 [ 0.01237374  0.14056036  0.14266905  0.19437312 -0.15700153]
 [-0.39233997 -0.15310243 -0.13293904 -0.11938933 -0.49870482]] 
Episode: 77: [[ 0.71607125  0.18236582  0.0799696   0.05430597  0.45897233]
 [ 0.07764801  0.1652357   0.16802827  0.2446614   0.2416973 ]
 [-0.22615823  0.14804432  0.22436684  0.32823265  0.01538391]
 [ 0.01199983  0.14044441  0.14266044  0.1944246  -0.15721887]
 [-0.39158997 -0.15289481 -0.13280979 -0.11922701 -0.4987651 ]] 
Episode: 78: [[ 0.7173744   0.18298632  0.0801549   0.05469383  0.4591509 ]
 [ 0.07718683  0.16488022  0.1678394   0.244411    0.24169548]
 [-0.22715001  0.14734834  0.22399643  0.32775825  0.01530547]
 [ 0.01186542  0.14030789  0.14257634  0.19441716 -0.1573386 ]
 [-0.3910014  -0.15272062 -0.13269937 -0.11909888 -0.49879956]] 
Episode: 79: [[ 0.7193301   0.1827741   0.07976788  0.05456384  0.46043682]
 [ 0.07797679  0.16349635  0.1670022   0.24359001  0.24318339]
 [-0.22646427  0.14762722  0.22397257  0.32770202  0.0151901 ]
 [ 0.010106    0.14141192  0.14323342  0.19503479 -0.1588387 ]
 [-0.3920103  -0.15198866 -0.13222289 -0.11863    -0.50009495]] 
Episode: 80: [[ 0.7212248   0.18238318  0.07911692  0.05405659  0.46207914]
 [ 0.07857769  0.1622608   0.16632044  0.24291663  0.24444136]
 [-0.2261185   0.14773746  0.22388393  0.32755193  0.01513837]
 [ 0.00945681  0.14287765  0.14403887  0.19597876 -0.16031124]
 [-0.39275816 -0.1512296  -0.1316888  -0.11806279 -0.5015449 ]] 
Episode: 81: [[ 0.7226809   0.18206123  0.07865818  0.05377388  0.4632945 ]
 [ 0.07887337  0.16114049  0.16581835  0.24244766  0.24526182]
 [-0.22604713  0.14776157  0.22387023  0.3274447   0.01481498]
 [ 0.00898146  0.14399321  0.14449807  0.19656406 -0.16139747]
 [-0.39307877 -0.15053417 -0.13126177 -0.11760681 -0.50263226]] 
Episode: 82: [[ 0.7239826   0.18178916  0.07832401  0.05374014  0.46415114]
 [ 0.07894111  0.1601279   0.16543816  0.24210055  0.2458318 ]
 [-0.2266308   0.1474976   0.22379178  0.32717037  0.01437998]
 [ 0.0076666   0.14467497  0.14483467  0.196972   -0.16250435]
 [-0.39268994 -0.14980152 -0.13086432 -0.11715701 -0.5035024 ]] 
Episode: 83: [[ 0.7251457   0.18077362  0.07746864  0.05322998  0.46604365]
 [ 0.07976426  0.15887512  0.1644279   0.24119152  0.24754898]
 [-0.22645287  0.14738525  0.22348377  0.32667744  0.01461992]
 [ 0.0060674   0.14611155  0.14587077  0.19796395 -0.16470498]
 [-0.39297467 -0.14893813 -0.13012856 -0.11639769 -0.5051333 ]] 
Episode: 84: [[ 0.72621596  0.1798005   0.07662061  0.05262543  0.46789837]
 [ 0.08045098  0.1579386   0.16377635  0.24069518  0.2487224 ]
 [-0.22628263  0.14733654  0.22328533  0.3263593   0.01468182]
 [ 0.00470778  0.14726269  0.14663897  0.19868241 -0.16651309]
 [-0.39329928 -0.14820054 -0.12951043 -0.11577381 -0.50651747]] 
Episode: 85: [[ 0.7263608   0.17815481  0.07542092  0.05160117  0.46926332]
 [ 0.08092042  0.15721557  0.16337052  0.24047327  0.24953343]
 [-0.22516862  0.14796002  0.22349915  0.32650632  0.01477011]
 [ 0.00426989  0.14852108  0.14728658  0.19925946 -0.1678237 ]
 [-0.39380014 -0.14763995 -0.1290419  -0.11528243 -0.50770754]] 
Episode: 86: [[ 0.7261982   0.1765288   0.07427065  0.050649    0.47041544]
 [ 0.08131662  0.15655312  0.162995    0.24026416  0.25027332]
 [-0.22405723  0.14858682  0.22372073  0.32665578  0.01489164]
 [ 0.00409066  0.14968668  0.1478264   0.19975746 -0.168922  ]
 [-0.39419296 -0.14712626 -0.12861586 -0.11482961 -0.50878674]] 
Episode: 87: [[ 0.72523534  0.17448302  0.07297167  0.0497471   0.47106495]
 [ 0.08156122  0.15590404  0.1626237   0.24003944  0.2509643 ]
 [-0.22285303  0.14932974  0.22401525  0.3267742   0.01515565]
 [ 0.00380304  0.15077151  0.14834934  0.20022334 -0.16993466]
 [-0.39405903 -0.1465908  -0.12820931 -0.11437348 -0.50974023]] 
Episode: 88: [[ 0.7244687   0.17264186  0.07175297  0.04884891  0.47177154]
 [ 0.08184841  0.15543576  0.16240864  0.2399975   0.2514392 ]
 [-0.22171229  0.15001452  0.22428703  0.32693294  0.01535452]
 [ 0.00376962  0.1516814   0.14868894  0.20053238 -0.1707007 ]
 [-0.39404514 -0.14613788 -0.12786533 -0.11400047 -0.51056343]] 
Episode: 89: [[ 0.7245958   0.1717572   0.07099731  0.04852163  0.47246233]
 [ 0.08226843  0.15497085  0.16213718  0.23989749  0.25191924]
 [-0.22156759  0.15008928  0.2242626   0.32674283  0.01543331]
 [ 0.00320391  0.15217789  0.14882414  0.20066395 -0.17142008]
 [-0.39354643 -0.14561987 -0.12750585 -0.11363249 -0.5112276 ]] 
Episode: 90: [[ 0.7248707   0.1710008   0.07028005  0.04825947  0.47311038]
 [ 0.0826172   0.15472151  0.16211581  0.24009386  0.25205702]
 [-0.22173084  0.15004216  0.22425099  0.32655424  0.01539421]
 [ 0.00229853  0.1523801   0.14880057  0.20061065 -0.17199314]
 [-0.39282206 -0.1451339  -0.12720448 -0.11333025 -0.51172984]] 
Episode: 91: [[ 0.72430193  0.16971186  0.06927755  0.04760996  0.47369707]
 [ 0.08294376  0.15476593  0.1623976   0.24064846  0.25184363]
 [-0.22141741  0.15033752  0.22444344  0.32661715  0.01538057]
 [ 0.00175387  0.15254562  0.14866441  0.20042111 -0.17228357]
 [-0.39227903 -0.14476368 -0.12699343 -0.11312851 -0.51212424]] 
Episode: 92: [[ 0.72297573  0.16778256  0.06790798  0.04654377  0.47411183]
 [ 0.08301768  0.15506183  0.16301249  0.24157143  0.2512296 ]
 [-0.22027093  0.15122396  0.22501585  0.3271127   0.01538437]
 [ 0.00197746  0.15283193  0.148451    0.20012628 -0.1722019 ]
 [-0.39195195 -0.14453717 -0.12690394 -0.11303385 -0.5124252 ]] 
Episode: 93: [[ 0.72154766  0.16587524  0.06654521  0.0454209   0.47454983]
 [ 0.08311944  0.15542375  0.16367069  0.24253958  0.25054923]
 [-0.21894133  0.1521843   0.22560544  0.32768616  0.01538879]
 [ 0.00274855  0.15310355  0.1481036   0.19974074 -0.17189986]
 [-0.39183635 -0.14438294 -0.12685636 -0.11299726 -0.5126646 ]] 
Episode: 94: [[ 0.7194494   0.16348185  0.06500944  0.04392836  0.47491997]
 [ 0.08310943  0.15596548  0.16454916  0.24369435  0.24965844]
 [-0.21704318  0.15351492  0.2263971   0.32849947  0.01544317]
 [ 0.00389354  0.15343677  0.14774743  0.19930744 -0.17142944]
 [-0.39203176 -0.14434348 -0.12688854 -0.1130323  -0.5128569 ]] 
Episode: 95: [[ 0.71766996  0.16139312  0.06366698  0.0426208   0.47526145]
 [ 0.08304878  0.15642053  0.16532712  0.2447143   0.24885234]
 [-0.21538271  0.15465604  0.22706965  0.32919866  0.01549301]
 [ 0.00494866  0.15367618  0.14736469  0.19886649 -0.17096552]
 [-0.3922029  -0.14430527 -0.12691838 -0.11306716 -0.51302046]] 
Episode: 96: [[ 0.7159426   0.1594103   0.06241951  0.04147818  0.47547957]
 [ 0.08310007  0.1569378   0.16610605  0.2457274   0.24809735]
 [-0.21394125  0.15570034  0.22769792  0.3298221   0.0155638 ]
 [ 0.00593294  0.15380089  0.14689408  0.1983523  -0.17040147]
 [-0.39216337 -0.144256   -0.12695652 -0.11311097 -0.5131239 ]] 
Episode: 97: [[ 0.71473074  0.15780887  0.06144776  0.0406894   0.47557357]
 [ 0.08326279  0.15737331  0.16674107  0.24656844  0.24749963]
 [-0.21293965  0.15646212  0.22816147  0.3302486   0.0156042 ]
 [ 0.00661388  0.15379933  0.14641124  0.19784664 -0.16992533]
 [-0.39192128 -0.14415687 -0.12696226 -0.1131233  -0.51319766]] 
Episode: 98: [[ 0.71380806  0.15660875  0.06076473  0.04016457  0.4755871 ]
 [ 0.08323387  0.1574455   0.16701457  0.24696784  0.24721561]
 [-0.21219538  0.15696444  0.22844565  0.33047074  0.0156817 ]
 [ 0.00709061  0.15389186  0.14612201  0.19754757 -0.16968347]
 [-0.39166862 -0.14402378 -0.12692285 -0.11307006 -0.513329  ]] 
Episode: 99: [[ 0.71320915  0.15582934  0.06045306  0.03997695  0.47544655]
 [ 0.08319972  0.15766668  0.16743906  0.2475271   0.24672112]
 [-0.21184768  0.15737343  0.2288249   0.3308258   0.01535301]
 [ 0.0078895   0.15369439  0.14544497  0.1968865  -0.16909687]
 [-0.39120445 -0.14395279 -0.12699403 -0.11314245 -0.5132    ]] 
Episode: 100: [[ 0.711855    0.15435667  0.05976093  0.03949571  0.47489432]
 [ 0.08312941  0.15791298  0.16786556  0.24809115  0.24625002]
 [-0.21106583  0.158108    0.2293652   0.3312268   0.01526297]
 [ 0.00831294  0.15364777  0.14502639  0.19641572 -0.16869569]
 [-0.39044216 -0.14382854 -0.12702811 -0.1131418  -0.51311845]] 
Episode: 101: [[ 0.71041274  0.15286477  0.05904074  0.03897411  0.47438172]
 [ 0.08312801  0.15826571  0.16837633  0.24874602  0.2457223 ]
 [-0.21024431  0.1588625   0.22990784  0.33164433  0.01520279]
 [ 0.00875896  0.1535544   0.1445781   0.19592263 -0.16824733]
 [-0.38975382 -0.14372936 -0.12707484 -0.1131598  -0.51302594]] 
Episode: 102: [[ 0.7099315   0.15224275  0.05887722  0.03898853  0.47386155]
 [ 0.08300317  0.15797046  0.16817397  0.24873275  0.24590358]
 [-0.20999976  0.15905075  0.23000379  0.33161646  0.01528828]
 [ 0.0089945   0.15358219  0.1443301   0.19568254 -0.16806017]
 [-0.389101   -0.14356321 -0.12702939 -0.11308206 -0.5130533 ]] 
Episode: 103: [[ 0.710297    0.15226409  0.05916168  0.03948542  0.4732313 ]
 [ 0.08267387  0.15726313  0.1675719   0.24821249  0.24644674]
 [-0.21051033  0.15871312  0.2297775   0.331208    0.01536934]
 [ 0.00875456  0.1535201   0.14413302  0.19551879 -0.16804864]
 [-0.38810003 -0.14329648 -0.1269175  -0.11292689 -0.5130901 ]] 
Episode: 104: [[ 0.7101317   0.15205948  0.05934129  0.03990683  0.47250473]
 [ 0.08261255  0.15643531  0.16671811  0.24741736  0.24732853]
 [-0.21059397  0.15851355  0.22950272  0.33076414  0.01572585]
 [ 0.0088956   0.1536481   0.14402375  0.19548158 -0.16802584]
 [-0.38732725 -0.14304024 -0.12676905 -0.11273922 -0.5132254 ]] 
Episode: 105: [[ 0.7096492   0.15179835  0.05954181  0.04035041  0.47167146]
 [ 0.08301613  0.15561014  0.16567378  0.24644172  0.24855678]
 [-0.21009654  0.15863758  0.22933999  0.3305044   0.01625369]
 [ 0.00962304  0.15399821  0.1439749   0.1955396  -0.16790092]
 [-0.3870233  -0.14286307 -0.12662528 -0.11257355 -0.51345974]] 
Episode: 106: [[ 0.7094543   0.15177384  0.05987466  0.0408903   0.47090122]
 [ 0.08328754  0.15466388  0.16453175  0.24532807  0.24982934]
 [-0.20979601  0.1586003   0.2290886   0.33015808  0.01672798]
 [ 0.01024927  0.15436229  0.1440035   0.19565964 -0.1678845 ]
 [-0.38672417 -0.1426824  -0.12647599 -0.11239906 -0.5136864 ]] 
Episode: 107: [[ 0.70907027  0.15189126  0.0604652   0.04170986  0.46986666]
 [ 0.08310834  0.1535781   0.16340898  0.24416485  0.25094882]
 [-0.20989177  0.1584017   0.22884946  0.32976416  0.01700168]
 [ 0.01097447  0.15455033  0.14382434  0.19557981 -0.16770113]
 [-0.38599846 -0.14251004 -0.12641034 -0.11230209 -0.5137035 ]] 
Episode: 108: [[ 0.7095398   0.15269756  0.06141291  0.04292853  0.46895266]
 [ 0.08295697  0.152355    0.16211914  0.24282734  0.25221652]
 [-0.21064967  0.15772842  0.22833742  0.32908458  0.01721944]
 [ 0.01117607  0.15460111  0.14367135  0.19553751 -0.1676686 ]
 [-0.38511962 -0.14228079 -0.12629884 -0.1121631  -0.5137339 ]] 
Episode: 109: [[ 0.70978284  0.15330191  0.06218334  0.04393516  0.4681406 ]
 [ 0.08281083  0.15134811  0.16107276  0.24175991  0.25323084]
 [-0.2112125   0.1572001   0.22792137  0.32853737  0.01741583]
 [ 0.01151855  0.15458614  0.14341655  0.19539247 -0.16750471]
 [-0.38434714 -0.14209417 -0.12621994 -0.11206523 -0.5137309 ]] 
Episode: 110: [[ 0.70963055  0.1536998   0.06283861  0.04476983  0.46732906]
 [ 0.0827433   0.1502913   0.15992396  0.2405558   0.25439423]
 [-0.21139666  0.1568504   0.2275459   0.3280494   0.01774738]
 [ 0.01207109  0.15478359  0.14334     0.1954263  -0.16744263]
 [-0.38382885 -0.1419278  -0.12611869 -0.11193632 -0.5138212 ]] 
Episode: 111: [[ 0.70973074  0.15441787  0.06381949  0.04589832  0.4663397 ]
 [ 0.08226292  0.14949997  0.1592808   0.2399095   0.25484645]
 [-0.21194847  0.15650783  0.22741473  0.32786787  0.01756213]
 [ 0.01300893  0.15457992  0.14268665  0.1948827  -0.16677569]
 [-0.38303763 -0.14186268 -0.12620711 -0.11203001 -0.51352596]] 
Episode: 112: [[ 0.7095896   0.15508975  0.06492113  0.0471338   0.46506786]
 [ 0.08212928  0.14929296  0.1591739   0.23991185  0.25481996]
 [-0.21214595  0.15648146  0.22750862  0.32799983  0.01726689]
 [ 0.0143407   0.15420753  0.14168438  0.19394717 -0.16563512]
 [-0.38251603 -0.1419423  -0.1264423  -0.11231489 -0.5129983 ]] 
Episode: 113: [[ 0.70893615  0.15544204  0.06579582  0.0481194   0.4638398 ]
 [ 0.08188068  0.1491354   0.15916727  0.24001774  0.25463894]
 [-0.21219283  0.15655255  0.2276662   0.32817587  0.01697888]
 [ 0.01555001  0.15384439  0.14075263  0.19305792 -0.16458753]
 [-0.3819503  -0.14201175 -0.12666899 -0.11257938 -0.51247954]] 
Episode: 114: [[ 0.7086344   0.1559518   0.0667107   0.04927143  0.4626363 ]
 [ 0.08160915  0.14889959  0.15904623  0.23998591  0.25462765]
 [-0.21262452  0.15639493  0.22767699  0.32812533  0.01678553]
 [ 0.01631604  0.15350668  0.13996884  0.19232255 -0.16372368]
 [-0.38109627 -0.14199871 -0.12682742 -0.11275832 -0.5120382 ]] 
Episode: 115: [[ 0.7086698   0.15650953  0.06752447  0.05023773  0.46173403]
 [ 0.08139991  0.14875694  0.15901493  0.2400611   0.2545161 ]
 [-0.21298973  0.15622953  0.22765851  0.32810462  0.01658177]
 [ 0.0172725   0.15318893  0.13918021  0.1916091  -0.1628507 ]
 [-0.38050476 -0.14201714 -0.12698261 -0.11294585 -0.5116379 ]] 
Episode: 116: [[ 0.7090363   0.15736869  0.06856871  0.05149392  0.46071947]
 [ 0.08121446  0.14837757  0.1586663   0.23974867  0.25478843]
 [-0.21352713  0.15589991  0.22750309  0.3279141   0.01645584]
 [ 0.01792188  0.15291922  0.13854472  0.1910561  -0.16219619]
 [-0.37990436 -0.1419995  -0.12708598 -0.11307079 -0.51132226]] 
Episode: 117: [[ 0.7096223   0.15831733  0.06961317  0.05271653  0.45983315]
 [ 0.0807821   0.14794876  0.15834746  0.23944992  0.25495702]
 [-0.21423759  0.15546457  0.22730744  0.32767615  0.01629046]
 [ 0.01838412  0.15260984  0.13793942  0.19052203 -0.16159861]
 [-0.3792366  -0.14196666 -0.12718248 -0.11317948 -0.5110115 ]] 
Episode: 118: [[ 0.7104301   0.15920164  0.07051437  0.05381396  0.4591645 ]
 [ 0.08064213  0.14804046  0.15857577  0.23978734  0.25448266]
 [-0.21517089  0.15502399  0.22723304  0.3275695   0.01576834]
 [ 0.01860124  0.15188359  0.1369638   0.18957399 -0.16075508]
 [-0.37840152 -0.14197926 -0.12737791 -0.11342258 -0.5104244 ]] 
Episode: 119: [[ 0.71129817  0.1598372   0.07096798  0.05442226  0.4590589 ]
 [ 0.08079991  0.14786628  0.15832141  0.23959194  0.25469223]
 [-0.215499    0.15480499  0.22712924  0.32747868  0.01555122]
 [ 0.01899248  0.15174899  0.13667019  0.18935013 -0.16060993]
 [-0.37823856 -0.14194313 -0.1273629  -0.11344078 -0.5103836 ]] 
Episode: 120: [[ 0.7122972   0.16059905  0.07155672  0.0551404   0.4588796 ]
 [ 0.08059875  0.14749989  0.15797059  0.23921923  0.2549515 ]
 [-0.21609634  0.15442857  0.2269461   0.32726264  0.01533461]
 [ 0.01908756  0.15158899  0.13644587  0.18917416 -0.16057251]
 [-0.37788486 -0.14186567 -0.12733158 -0.11341847 -0.51034576]] 
Episode: 121: [[ 0.7132184   0.16139115  0.07218677  0.05596242  0.45858   ]
 [ 0.0800215   0.14688078  0.15746552  0.23860759  0.25530595]
 [-0.21681176  0.15395309  0.22670479  0.32692906  0.01516822]
 [ 0.01927963  0.15145683  0.13621417  0.18900411 -0.1605071 ]
 [-0.37723675 -0.14173508 -0.12728305 -0.11335564 -0.5102852 ]] 
Episode: 122: [[ 0.7137397   0.16199577  0.07275192  0.05666929  0.45820183]
 [ 0.07968899  0.14654183  0.15720797  0.2383141   0.25543603]
 [-0.2170686   0.15380202  0.22667079  0.32689118  0.01494527]
 [ 0.01990934  0.15127927  0.13577239  0.18861735 -0.16009986]
 [-0.3769015  -0.14171691 -0.12732658 -0.11341732 -0.51011676]] 
Episode: 123: [[ 0.713758    0.16207397  0.07277699  0.0568572   0.4581695 ]
 [ 0.07956417  0.14612715  0.15674703  0.23780768  0.25590158]
 [-0.21684982  0.15384433  0.2266252   0.32682583  0.01504084]
 [ 0.02038423  0.15148197  0.1358544   0.18874213 -0.16022366]
 [-0.37685454 -0.14163733 -0.12721877 -0.11330898 -0.5103022 ]] 
Episode: 124: [[ 0.71342546  0.1619498   0.07264095  0.05671345  0.4582859 ]
 [ 0.07987125  0.14605187  0.1565366   0.23763528  0.25617358]
 [-0.21620122  0.15413494  0.2267343   0.32700512  0.0150747 ]
 [ 0.02117048  0.15170439  0.13587664  0.18879925 -0.1602081 ]
 [-0.37730053 -0.14167054 -0.12717757 -0.11328349 -0.510459  ]] 
Episode: 125: [[ 0.71294904  0.16171378  0.07242832  0.05648499  0.4584137 ]
 [ 0.08015788  0.14607085  0.15645787  0.23761588  0.25628364]
 [-0.21551931  0.15446022  0.22687475  0.32722667  0.01509561]
 [ 0.02202102  0.15183124  0.13576838  0.18872753 -0.16003758]
 [-0.37770927 -0.14172211 -0.12716953 -0.11329822 -0.5105472 ]] 
Episode: 126: [[ 0.71271235  0.16158487  0.07226527  0.0563356   0.458554  ]
 [ 0.08055045  0.14612031  0.15637596  0.23761167  0.25642362]
 [-0.21496326  0.15471897  0.22698395  0.32741717  0.01510737]
 [ 0.02269678  0.15189976  0.13564907  0.1886456  -0.15987892]
 [-0.37810278 -0.14177236 -0.12716235 -0.11332203 -0.51062375]] 
Episode: 127: [[ 0.71216613  0.16127774  0.07199573  0.05607053  0.4586797 ]
 [ 0.08089064  0.1462671   0.1564365   0.2377694   0.25638142]
 [-0.21434408  0.15503894  0.22714867  0.32766348  0.01509488]
 [ 0.02342589  0.15190266  0.1354326   0.18846245 -0.15960151]
 [-0.37841904 -0.14183268 -0.12718302 -0.11337235 -0.5106412 ]] 
Episode: 128: [[ 0.71151596  0.16094612  0.07176957  0.05595527  0.45862696]
 [ 0.08113059  0.14637421  0.15648054  0.23789918  0.25632417]
 [-0.21400166  0.15522549  0.22725949  0.32777894  0.01506046]
 [ 0.02378141  0.15181546  0.13522878  0.18826987 -0.15942146]
 [-0.37832972 -0.14181978 -0.12717913 -0.11337995 -0.51061577]] 
Episode: 129: [[ 0.710518    0.16058937  0.07170799  0.0560028   0.45822972]
 [ 0.08159118  0.14687821  0.15693589  0.23858038  0.25579265]
 [-0.21327859  0.15560779  0.22742118  0.32803908  0.01512578]
 [ 0.02461281  0.15145662  0.13452096  0.18754901 -0.15860112]
 [-0.37825033 -0.14196338 -0.1273822  -0.11364856 -0.5101832 ]] 
Episode: 130: [[ 0.71001846  0.16060206  0.0718936   0.05640739  0.4577409 ]
 [ 0.08211224  0.1470706   0.15699112  0.23880666  0.2556898 ]
 [-0.21286505  0.15566462  0.22732463  0.3280007   0.01526487]
 [ 0.02539797  0.15113461  0.13389742  0.18696935 -0.15798289]
 [-0.37803438 -0.14201717 -0.12749562 -0.11381761 -0.50984067]] 
Episode: 131: [[ 0.70915747  0.16041248  0.07200175  0.0566798   0.45721963]
 [ 0.08251929  0.14742008  0.15727963  0.23928963  0.25527397]
 [-0.21262231  0.15572675  0.22731873  0.32801732  0.0152267 ]
 [ 0.02574945  0.15067771  0.1332569   0.18631707 -0.15742373]
 [-0.3776244  -0.14206697 -0.12764189 -0.11400134 -0.509415  ]] 
Episode: 132: [[ 0.7075617   0.15979123  0.07186558  0.05671091  0.45661688]
 [ 0.08301888  0.14753196  0.15723094  0.23937468  0.2552909 ]
 [-0.21191037  0.1559497   0.22726618  0.32795712  0.0155047 ]
 [ 0.02649326  0.1505544   0.13287282  0.18595839 -0.15705891]
 [-0.37734875 -0.14207724 -0.12770633 -0.11408252 -0.50916505]] 
Episode: 133: [[ 0.70642936  0.15935864  0.07178701  0.05684951  0.45609578]
 [ 0.08357266  0.14757425  0.15707375  0.23932303  0.25548005]
 [-0.21141534  0.15606925  0.22716488  0.3278216   0.01577753]
 [ 0.02703458  0.15046456  0.13257977  0.18568845 -0.1568075 ]
 [-0.3770457  -0.14206539 -0.12774207 -0.11413689 -0.5089625 ]] 
Episode: 134: [[ 0.70533687  0.15889752  0.07164765  0.05689446  0.45567605]
 [ 0.08411657  0.14773764  0.15707903  0.23946209  0.25547245]
 [-0.21092206  0.15621608  0.22711748  0.32776418  0.01597491]
 [ 0.0275566   0.15027985  0.13219744  0.18532713 -0.15646054]
 [-0.37679753 -0.1420751  -0.12779984 -0.11422142 -0.508733  ]] 
Episode: 135: [[ 0.7040878   0.1584627   0.07157966  0.05701163  0.4551342 ]
 [ 0.08441171  0.1476536   0.15688503  0.23933904  0.25562873]
 [-0.21043783  0.15630947  0.22703063  0.3276326   0.01621268]
 [ 0.02804808  0.15013409  0.13188598  0.18502948 -0.15620683]
 [-0.3764672  -0.14205967 -0.12784255 -0.11427271 -0.50852084]] 
Episode: 136: [[ 0.7033276   0.1581692   0.07154813  0.05725272  0.45468727]
 [ 0.08502147  0.1479081   0.15697445  0.23958477  0.25553593]
 [-0.21041523  0.15621358  0.22688878  0.32744238  0.01628753]
 [ 0.02798875  0.14967176  0.13137205  0.18453576 -0.15587856]
 [-0.3759256  -0.14202169 -0.12789382 -0.11435083 -0.5082278 ]] 
Episode: 137: [[ 0.7025352   0.15786456  0.071519    0.05749505  0.4542229 ]
 [ 0.08538887  0.14805342  0.15702702  0.23975427  0.25542822]
 [-0.21045245  0.15608995  0.22674108  0.32722524  0.01635844]
 [ 0.02793973  0.14922446  0.13087101  0.18405427 -0.15555385]
 [-0.37531617 -0.14196603 -0.12793534 -0.11440953 -0.50794524]] 
Episode: 138: [[ 0.70208675  0.15767081  0.07149018  0.05772876  0.4538967 ]
 [ 0.08582416  0.14828514  0.1571618   0.24001668  0.25526172]
 [-0.21053304  0.15597396  0.22662045  0.32706094  0.01638798]
 [ 0.0279569   0.14878006  0.1303484   0.18356037 -0.15516469]
 [-0.3748093  -0.14193162 -0.12798527 -0.11448787 -0.5076729 ]] 
Episode: 139: [[ 0.70205617  0.157867    0.07179437  0.05843253  0.45322233]
 [ 0.08597478  0.14805275  0.1568233   0.2397001   0.25557905]
 [-0.21140172  0.15535626  0.22621755  0.32644302  0.01644088]
 [ 0.02700422  0.14823705  0.13002557  0.18323874 -0.15523516]
 [-0.37361556 -0.14173743 -0.12794486 -0.11444224 -0.5074047 ]] 
Episode: 140: [[ 0.70189327  0.15793586  0.07198448  0.05901309  0.452616  ]
 [ 0.0861325   0.14760861  0.15620992  0.23905209  0.2562462 ]
 [-0.21201028  0.15477881  0.22570895  0.3257073   0.01677976]
 [ 0.02605733  0.14788683  0.12993082  0.18315749 -0.15554115]
 [-0.37267202 -0.14153333 -0.12784104 -0.1143223  -0.50731045]] 
Episode: 141: [[ 0.7022509   0.15811439  0.07205965  0.05950005  0.45243487]
 [ 0.08625866  0.14718759  0.15560889  0.2384451   0.25701958]
 [-0.2129687   0.15406024  0.22512037  0.32488042  0.01722842]
 [ 0.02508052  0.14780453  0.13012995  0.18339254 -0.1560448 ]
 [-0.37131196 -0.14122191 -0.12763721 -0.11407923 -0.507441  ]] 
Episode: 142: [[ 0.7027015   0.1583456   0.07216606  0.05998871  0.45227987]
 [ 0.08635426  0.14675376  0.15501387  0.23782322  0.25777575]
 [-0.21387972  0.15335661  0.22454506  0.32408565  0.01764961]
 [ 0.02424524  0.14771463  0.13028507  0.1835942  -0.15648514]
 [-0.37006912 -0.14093137 -0.12744658 -0.11385269 -0.5075607 ]] 
Episode: 143: [[ 0.7026518   0.15829745  0.07213202  0.06033118  0.4520544 ]
 [ 0.08654862  0.14633201  0.15438177  0.23714575  0.25863975]
 [-0.21441635  0.15289147  0.22408219  0.3233962   0.01816147]
 [ 0.02359014  0.14777356  0.130537    0.18388286 -0.15695223]
 [-0.36899793 -0.14066988 -0.12725982 -0.11362346 -0.50772196]] 
Episode: 144: [[ 0.7026537   0.15823822  0.07205836  0.06059164  0.45191613]
 [ 0.08676668  0.14603744  0.15390812  0.23665467  0.25930375]
 [-0.21488144  0.15249269  0.22369333  0.32282543  0.01857576]
 [ 0.02312276  0.14775485  0.13064803  0.18403754 -0.1572369 ]
 [-0.36806345 -0.14045085 -0.12711096 -0.11344495 -0.5078308 ]] 
Episode: 145: [[ 0.7020967   0.15789823  0.07185069  0.06064719  0.4517264 ]
 [ 0.08712397  0.14573559  0.15337099  0.23608926  0.260083  ]
 [-0.21486026  0.15232392  0.22337869  0.3223712   0.01911587]
 [ 0.02309737  0.1478902   0.13080473  0.18425249 -0.1574728 ]
 [-0.36741683 -0.14027056 -0.12696405 -0.11326902 -0.5079947 ]] 
Episode: 146: [[ 0.7009123   0.15727298  0.07150337  0.06053885  0.45142823]
 [ 0.08746509  0.14557958  0.15304016  0.23579481  0.26052496]
 [-0.2145504   0.15239553  0.22328727  0.32217622  0.01943487]
 [ 0.02349672  0.14799634  0.13079882  0.18428832 -0.15750104]
 [-0.36678085 -0.1401315  -0.12687479 -0.11315838 -0.5080233 ]] 
Episode: 147: [[ 0.6996606   0.15666965  0.07124668  0.060524    0.45098203]
 [ 0.08780944  0.14543937  0.1527262   0.2355121   0.26095763]
 [-0.21409371  0.15262702  0.22333299  0.3221579   0.01965909]
 [ 0.02433237  0.1480736   0.13058758  0.1841194  -0.15717666]
 [-0.36625758 -0.14006662 -0.12686446 -0.11314942 -0.5079243 ]] 
Episode: 148: [[ 0.6985053   0.15613373  0.07103234  0.06047487  0.45058602]
 [ 0.08799067  0.14528231  0.15246081  0.23525125  0.2613101 ]
 [-0.21367137  0.15285085  0.22339974  0.3221761   0.01985359]
 [ 0.02522988  0.1481453   0.1303491   0.18391548 -0.15676913]
 [-0.36580688 -0.1400239  -0.12687387 -0.11315674 -0.5078225 ]] 
Episode: 149: [[ 0.69750446  0.15546545  0.0705498   0.06022432  0.45053762]
 [ 0.08850136  0.14506243  0.15193395  0.23471922  0.26214114]
 [-0.2130276   0.15317693  0.22342227  0.32212412  0.02029377]
 [ 0.02518355  0.14843033  0.13072516  0.18424174 -0.15722929]
 [-0.36579862 -0.13996233 -0.12674946 -0.11302792 -0.5081025 ]] 
Episode: 150: [[ 0.69650126  0.15477313  0.07008278  0.05994794  0.45045564]
 [ 0.08929504  0.14522539  0.15177439  0.23465215  0.2626324 ]
 [-0.21226414  0.15369517  0.22364083  0.32236764  0.02054042]
 [ 0.02566839  0.14867328  0.13082403  0.18432032 -0.15722172]
 [-0.3658592  -0.13995324 -0.12668984 -0.11298826 -0.5082704 ]] 
Episode: 151: [[ 0.6955182   0.15405855  0.06956277  0.05956548  0.4504752 ]
 [ 0.08994357  0.14552474  0.15186577  0.23488489  0.26273987]
 [-0.21149439  0.15425454  0.22394109  0.32272762  0.02064334]
 [ 0.02625786  0.14881839  0.13078308  0.18425699 -0.15705395]
 [-0.36594152 -0.13996853 -0.12666617 -0.11299174 -0.50836676]] 
Episode: 152: [[ 0.69480133  0.15347211  0.06910092  0.05927019  0.45053545]
 [ 0.09052966  0.14596339  0.1521694   0.23537838  0.2625407 ]
 [-0.2110682   0.15464918  0.22421731  0.32305437  0.02056628]
 [ 0.02652444  0.14873739  0.13059714  0.18404327 -0.1568319 ]
 [-0.36583328 -0.13996294 -0.12665766 -0.11301461 -0.5083751 ]] 
Episode: 153: [[ 0.6946408   0.15321271  0.06883837  0.05920439  0.45062488]
 [ 0.09080208  0.14648181  0.15274753  0.23616429  0.26188552]
 [-0.21128017  0.15480931  0.22457026  0.32343647  0.02002609]
 [ 0.02688998  0.14837082  0.13004744  0.18347283 -0.15623628]
 [-0.36531344 -0.13994238 -0.1267228  -0.11311961 -0.50814605]] 
Episode: 154: [[ 0.6942766   0.15284647  0.06857751  0.05933004  0.45046926]
 [ 0.09104387  0.14714657  0.15351675  0.23718771  0.2609932 ]
 [-0.21199317  0.15478434  0.22491291  0.323687    0.01934765]
 [ 0.02625363  0.14764167  0.12939665  0.18273696 -0.15573266]
 [-0.36419824 -0.13983794 -0.12678802 -0.11321536 -0.5077789 ]] 
Episode: 155: [[ 0.6940669   0.15256774  0.0683689   0.05944391  0.45036957]
 [ 0.09121897  0.14796439  0.15452823  0.23847507  0.25977957]
 [-0.21275635  0.1548047   0.22537486  0.32409844  0.01845067]
 [ 0.02615158  0.14688437  0.12850943  0.18181165 -0.15485269]
 [-0.36309135 -0.13976744 -0.12690738 -0.1133722  -0.5073091 ]] 
Episode: 156: [[ 0.69403607  0.15222695  0.06797075  0.05936045  0.4505664 ]
 [ 0.09155005  0.14855117  0.15515879  0.23937443  0.2590921 ]
 [-0.2133687   0.15476999  0.22565927  0.32436764  0.01784444]
 [ 0.02601565  0.14643222  0.128017    0.18133776 -0.15440893]
 [-0.3621667  -0.13960181 -0.1268586  -0.11333776 -0.5071779 ]] 
Episode: 157: [[ 0.69394034  0.15187927  0.06760018  0.05926579  0.45072973]
 [ 0.09199821  0.14920098  0.15581594  0.2403087   0.25841847]
 [-0.21385941  0.15477553  0.22593246  0.32465047  0.01731276]
 [ 0.02588728  0.14593378  0.12747183  0.18081756 -0.15389842]
 [-0.36136192 -0.13946763 -0.12683052 -0.11333138 -0.50703824]] 
Episode: 158: [[ 0.69317985  0.15125124  0.0671553   0.05906043  0.45069626]
 [ 0.09227643  0.14973472  0.15639399  0.2411172   0.25779217]
 [-0.21410884  0.15490375  0.22624525  0.32493812  0.01688137]
 [ 0.02575941  0.145505    0.12700301  0.1803463  -0.1534574 ]
 [-0.36053035 -0.13934226 -0.12681873 -0.11332729 -0.5068711 ]] 
Episode: 159: [[ 0.6925005   0.1506622   0.06672417  0.05883472  0.45070574]
 [ 0.09246875  0.15026848  0.15701406  0.24195458  0.25707337]
 [-0.21428347  0.15507263  0.22657914  0.32526973  0.01642224]
 [ 0.02579458  0.14510342  0.12651795  0.17986694 -0.15298216]
 [-0.3598384  -0.13924737 -0.12682289 -0.11334442 -0.5066983 ]] 
Episode: 160: [[ 0.6915769   0.14999442  0.06631576  0.0586716   0.4505432 ]
 [ 0.0928164   0.15058729  0.15729427  0.24239135  0.25680056]
 [-0.21436016  0.15519501  0.22677588  0.3253981   0.01619248]
 [ 0.02550375  0.14478903  0.12624344  0.17957412 -0.152822  ]
 [-0.3591133  -0.1391209  -0.12678991 -0.11331046 -0.50656956]] 
Episode: 161: [[ 0.6905707   0.14927115  0.06586577  0.05841719  0.45041853]
 [ 0.093233    0.15106934  0.15774703  0.24303028  0.25633913]
 [-0.214298    0.1554161   0.22704318  0.32563767  0.01592006]
 [ 0.02532809  0.14444304  0.1259055   0.17922355 -0.15257767]
 [-0.358517   -0.13902353 -0.12677345 -0.11329771 -0.5064396 ]] 
Episode: 162: [[ 0.6897964   0.14838661  0.06503066  0.05771075  0.4508826 ]
 [ 0.09363492  0.15160944  0.15825342  0.24372996  0.25584176]
 [-0.21429203  0.15556078  0.22721156  0.32573423  0.01580816]
 [ 0.02468219  0.14439815  0.12607451  0.17939714 -0.15295006]
 [-0.35804716 -0.13882494 -0.12659016 -0.11307233 -0.5066892 ]] 
Episode: 163: [[ 0.6891962   0.1476029   0.06425709  0.05701112  0.45138276]
 [ 0.09400088  0.15215556  0.15878905  0.24443947  0.2552985 ]
 [-0.2142093   0.15575528  0.22741793  0.3258999   0.01565758]
 [ 0.02441571  0.14439148  0.12615816  0.17950648 -0.15315823]
 [-0.35769534 -0.1386632  -0.12643817 -0.11288317 -0.5069045 ]] 
Episode: 164: [[ 0.68948853  0.14764789  0.06379111  0.05672163  0.4522809 ]
 [ 0.09452815  0.15213667  0.15857421  0.2444583   0.25568625]
 [-0.21481706  0.15516378  0.22692294  0.32530025  0.01591646]
 [ 0.0237696   0.1446394   0.12667748  0.180151   -0.15400948]
 [-0.35737967 -0.13836975 -0.1261084  -0.11250804 -0.5074079 ]] 
Episode: 165: [[ 0.6895621   0.14756563  0.06330458  0.05641637  0.45305023]
 [ 0.0953007   0.15211214  0.1582214   0.24429448  0.25637943]
 [-0.21511242  0.15472522  0.22643122  0.32469934  0.01641348]
 [ 0.02310883  0.14493947  0.12724389  0.18082199 -0.15483736]
 [-0.3571955  -0.13811201 -0.12579332 -0.11214776 -0.5079306 ]] 
Episode: 166: [[ 0.6896712   0.14751415  0.06286918  0.05615375  0.45375767]
 [ 0.09601318  0.15235767  0.15822612  0.24453032  0.2566188 ]
 [-0.21545298  0.15437137  0.22610252  0.32429335  0.01666011]
 [ 0.02249892  0.14504409  0.12758233  0.18125236 -0.15542693]
 [-0.35694858 -0.13788548 -0.12553501 -0.11185476 -0.5083325 ]] 
Episode: 167: [[ 0.6896818   0.14741668  0.06245024  0.05585007  0.45440745]
 [ 0.09657831  0.15250802  0.15818164  0.24467623  0.25686526]
 [-0.21561418  0.15410735  0.225805    0.3239515   0.0169443 ]
 [ 0.02218403  0.14517887  0.12785836  0.18162833 -0.155883  ]
 [-0.3568541  -0.13770425 -0.12530884 -0.11160174 -0.5087116 ]] 
Episode: 168: [[ 0.68977886  0.14738245  0.06209192  0.05557078  0.45503315]
 [ 0.09711385  0.1525676   0.15804483  0.24469785  0.2571952 ]
 [-0.21569476  0.15386763  0.22550967  0.323635    0.0172339 ]
 [ 0.02203618  0.14533393  0.12810697  0.1819776  -0.1562809 ]
 [-0.35686702 -0.13755809 -0.12511012 -0.1113832  -0.5090603 ]] 
Episode: 169: [[ 0.68975794  0.1472823   0.06172566  0.05525921  0.45560315]
 [ 0.09764048  0.15262713  0.15791295  0.24470718  0.2575112 ]
 [-0.21563873  0.15371946  0.22526681  0.32337877  0.0175257 ]
 [ 0.02199799  0.14550386  0.12833476  0.18229887 -0.15663101]
 [-0.35695097 -0.1374382  -0.12493277 -0.11118763 -0.5093871 ]] 
Episode: 170: [[ 0.6892113   0.14679801  0.06109204  0.05472961  0.45613122]
 [ 0.09871137  0.1521815   0.15709609  0.24409457  0.259008  ]
 [-0.21472153  0.15366493  0.22460149  0.32266352  0.01885829]
 [ 0.0212167   0.1460524   0.12925363  0.18322353 -0.15777904]
 [-0.35752764 -0.13728997 -0.12461016 -0.11083984 -0.5100473 ]] 
Episode: 171: [[ 0.68891686  0.1465146   0.06063223  0.05437593  0.4565832 ]
 [ 0.09966405  0.15174049  0.15631789  0.24347065  0.26040977]
 [-0.21408744  0.15349633  0.22394823  0.32192123  0.02002938]
 [ 0.02019242  0.14646892  0.13009776  0.18404329 -0.1589008 ]
 [-0.3579459  -0.13714668 -0.12432695 -0.11052694 -0.5106069 ]] 
Episode: 172: [[ 0.6884746   0.14615752  0.06015833  0.05400296  0.45697013]
 [ 0.10073378  0.15128835  0.15545076  0.24272779  0.26194322]
 [-0.21330817  0.15341552  0.22332565  0.32121003  0.02125843]
 [ 0.01926586  0.14694844  0.13096392  0.18488576 -0.16000049]
 [-0.35838473 -0.1370156  -0.1240533  -0.11022122 -0.511164  ]] 
Episode: 173: [[ 0.6884514   0.14605375  0.05984043  0.05376261  0.45738903]
 [ 0.10172788  0.15094124  0.15473393  0.24213234  0.26325923]
 [-0.21277407  0.15325545  0.22275276  0.3205734   0.02226421]
 [ 0.01844491  0.14731187  0.13167179  0.18558091 -0.1609288 ]
 [-0.35877833 -0.13690573 -0.12382041 -0.10996427 -0.5116387 ]] 
Episode: 174: [[ 0.6886904   0.14614539  0.05967176  0.05369604  0.45775387]
 [ 0.10234158  0.15030691  0.15381931  0.24123564  0.2646724 ]
 [-0.21262833  0.15287742  0.22210006  0.31979716  0.02317954]
 [ 0.01745315  0.1476111   0.13234474  0.18623154 -0.16184993]
 [-0.35897854 -0.13679087 -0.12361711 -0.10973488 -0.5120226 ]] 
Episode: 175: [[ 0.689286    0.14654033  0.05978763  0.05391879  0.45800826]
 [ 0.10384205  0.15011393  0.15299636  0.24053721  0.26626855]
 [-0.21198581  0.15280889  0.22151193  0.3192383   0.02423266]
 [ 0.01668902  0.14779156  0.13277322  0.18662532 -0.16249205]
 [-0.35964578 -0.13686453 -0.12355439 -0.10970742 -0.51226974]] 
Episode: 176: [[ 0.6898646   0.14691001  0.05988741  0.0541179   0.45825985]
 [ 0.10528502  0.14987962  0.15213713  0.2397712   0.26787865]
 [-0.21127504  0.15277292  0.22092949  0.31869116  0.02531936]
 [ 0.01616934  0.14804727  0.13319816  0.18704282 -0.16307247]
 [-0.36038065 -0.13695078 -0.12349446 -0.10968538 -0.5125305 ]] 
Episode: 177: [[ 0.69035685  0.14723378  0.05997282  0.05428616  0.4584861 ]
 [ 0.10645922  0.14976515  0.15154386  0.2392962   0.26906297]
 [-0.21068771  0.1527584   0.22048071  0.31829324  0.026148  ]
 [ 0.0156714   0.1481684   0.13348374  0.18731381 -0.16352972]
 [-0.36101067 -0.13703299 -0.12345621 -0.10968434 -0.51272494]] 
Episode: 178: [[ 0.69101506  0.14764664  0.06010436  0.05450142  0.4587294 ]
 [ 0.10748323  0.14969836  0.15106718  0.23892534  0.27006978]
 [-0.2103137   0.15268718  0.22008605  0.31794676  0.02681256]
 [ 0.01512486  0.14818388  0.13366355  0.18747492 -0.16387424]
 [-0.36153868 -0.13711649 -0.12344099 -0.1097096  -0.51286185]] 
Episode: 179: [[ 0.6913575   0.14787097  0.06014358  0.05461174  0.45891654]
 [ 0.10843893  0.14978908  0.1508132   0.23880762  0.27077988]
 [-0.20985685  0.15274855  0.21984391  0.3177601   0.02733812]
 [ 0.01472788  0.1481803   0.1337785   0.18756616 -0.16411966]
 [-0.36199918 -0.13719344 -0.12343395 -0.10973779 -0.5129704 ]] 
Episode: 180: [[ 0.69136876  0.14785525  0.06004413  0.05456658  0.45908102]
 [ 0.10940658  0.15023169  0.15098561  0.23919888  0.27097985]
 [-0.20931336  0.15299094  0.21981288  0.31781867  0.02763527]
 [ 0.01449614  0.14812209  0.13378341  0.1875451  -0.16423506]
 [-0.3623989  -0.13725765 -0.12342691 -0.10976158 -0.51305926]] 
Episode: 181: [[ 0.69150895  0.14791076  0.05998806  0.05455855  0.45925304]
 [ 0.1102398   0.15064268  0.1511747   0.23958744  0.27111217]
 [-0.20890608  0.15317032  0.21978052  0.31787667  0.02785815]
 [ 0.0142843   0.1480289   0.13374488  0.18748644 -0.16429967]
 [-0.3627558  -0.13731588 -0.12342257 -0.10978806 -0.5131335 ]] 
Episode: 182: [[ 0.6916934   0.14782508  0.05970016  0.05428398  0.45968685]
 [ 0.11131847  0.15067     0.15075     0.23931256  0.27203894]
 [-0.20834132  0.15316825  0.21938656  0.31749815  0.02862837]
 [ 0.01395511  0.14816363  0.13401516  0.18777427 -0.1646834 ]
 [-0.3631372  -0.13730256 -0.1233185  -0.10968164 -0.51339114]] 
Episode: 183: [[ 0.6923352   0.14806901  0.05961745  0.05421755  0.4601298 ]
 [ 0.11216342  0.1505555   0.15025344  0.23891875  0.27297798]
 [-0.20817704  0.15294088  0.21892993  0.31704625  0.02927118]
 [ 0.01354596  0.14821433  0.13420992  0.18798685 -0.16498148]
 [-0.3633872  -0.13728835 -0.12323979 -0.10960599 -0.51358306]] 
Episode: 184: [[ 0.69342655  0.14863464  0.05971769  0.05427457  0.46065396]
 [ 0.11255603  0.1503541   0.14984973  0.23860548  0.27363852]
 [-0.20829548  0.15259993  0.2185094   0.31666553  0.02967121]
 [ 0.01318567  0.14820616  0.13432121  0.18810728 -0.16518149]
 [-0.3636445  -0.13729839 -0.12319354 -0.10956797 -0.5137224 ]] 
Episode: 185: [[ 0.69412374  0.14908327  0.05988368  0.05442557  0.46090728]
 [ 0.1131035   0.15040149  0.14967832  0.2385867   0.27405816]
 [-0.20812577  0.15253006  0.21829133  0.31653255  0.02996724]
 [ 0.01304742  0.14810254  0.13423401  0.18799765 -0.16512828]
 [-0.3638682  -0.13735686 -0.12322097 -0.10962016 -0.51371694]] 
Episode: 186: [[ 0.6947113   0.14937463  0.05989984  0.05437901  0.4612761 ]
 [ 0.1134764   0.15040906  0.14954063  0.2385742   0.27437186]
 [-0.20800279  0.15243326  0.21806805  0.3163693   0.0302481 ]
 [ 0.01311579  0.14813624  0.13423379  0.18801183 -0.16512951]
 [-0.36407906 -0.13738018 -0.12320592 -0.1096099  -0.5137899 ]] 
Episode: 187: [[ 0.6954257   0.14976382  0.05997765  0.05441097  0.46162644]
 [ 0.11362194  0.15015055  0.14918295  0.23825872  0.27486193]
 [-0.2079713   0.15222824  0.21776138  0.3160917   0.03058361]
 [ 0.01327239  0.14819756  0.13423796  0.18803822 -0.16511881]
 [-0.3642963  -0.1374102  -0.12319858 -0.109612   -0.5138473 ]] 
Episode: 188: [[ 0.69618636  0.15019272  0.06010524  0.05448097  0.4619501 ]
 [ 0.11361632  0.15007535  0.14912562  0.23829417  0.27493265]
 [-0.208091    0.15202592  0.21756567  0.31595162  0.03066472]
 [ 0.01338062  0.14812097  0.13411678  0.18794031 -0.16503492]
 [-0.36443317 -0.13743041 -0.12319965 -0.1096232  -0.5138632 ]] 
Episode: 189: [[ 0.69680333  0.15053059  0.0601951   0.05452883  0.46221974]
 [ 0.11334058  0.15015207  0.14938784  0.23868856  0.27454233]
 [-0.20836195  0.15185536  0.21751912  0.31595713  0.03049809]
 [ 0.01355437  0.14796697  0.13388614  0.18774267 -0.16484708]
 [-0.36441085 -0.13742022 -0.12319634 -0.10962404 -0.5138487 ]] 
Episode: 190: [[ 0.6981991   0.15164262  0.06068187  0.05494843  0.462777  ]
 [ 0.11320869  0.15034899  0.14974073  0.23919456  0.2740745 ]
 [-0.20928991  0.15128207  0.21730451  0.3158484   0.03009841]
 [ 0.01338226  0.1476264   0.1335829   0.18748572 -0.1646976 ]
 [-0.36443156 -0.13741034 -0.12318809 -0.10963941 -0.5138294 ]] 
Episode: 191: [[ 0.6999487   0.15282595  0.06111354  0.0552626   0.4635667 ]
 [ 0.11324533  0.15074457  0.1502564   0.23990661  0.27349305]
 [-0.21023472  0.15077148  0.21718954  0.31590602  0.02956011]
 [ 0.01411757  0.1475025   0.13318966  0.18719788 -0.1642372 ]
 [-0.36439523 -0.13738137 -0.12316786 -0.10964282 -0.51383406]] 
Episode: 192: [[ 0.7014778   0.1537699   0.06136716  0.05526865  0.46446526]
 [ 0.11296842  0.1510506   0.1508226   0.24067807  0.27267632]
 [-0.21104135  0.15033968  0.21711966  0.3160414   0.02896941]
 [ 0.01554935  0.14763904  0.13284089  0.18702188 -0.1636822 ]
 [-0.36441982 -0.13733077 -0.12311259 -0.10958894 -0.51390445]] 
Episode: 193: [[ 0.70233727  0.15439032  0.0615205   0.05514311  0.46518475]
 [ 0.11249309  0.15110351  0.15116754  0.24114405  0.27205232]
 [-0.2115714   0.15001893  0.21706279  0.3161491   0.02850776]
 [ 0.01696191  0.14781478  0.13255572  0.18688464 -0.16321054]
 [-0.36451924 -0.1373102  -0.123084   -0.10955517 -0.51395   ]] 
Episode: 194: [[ 0.7030367   0.15490831  0.06164816  0.05512931  0.46571144]
 [ 0.11202522  0.15086138  0.15114924  0.24113521  0.27189106]
 [-0.21218358  0.14957717  0.21686256  0.31599605  0.02830196]
 [ 0.01805284  0.14796017  0.13232967  0.18679087 -0.1628366 ]
 [-0.36442602 -0.13726123 -0.12304924 -0.10951465 -0.5139697 ]] 
Episode: 195: [[ 0.7038014   0.15546694  0.06182591  0.05521005  0.46615613]
 [ 0.1116448   0.15042655  0.15085188  0.24079578  0.2720763 ]
 [-0.21280672  0.14903532  0.21652138  0.31566793  0.02827313]
 [ 0.01902379  0.14809822  0.13213801  0.1867406  -0.16253826]
 [-0.36427897 -0.13719693 -0.12300394 -0.10946306 -0.5139917 ]] 
Episode: 196: [[ 0.70428157  0.15587878  0.0619964   0.05515363  0.4665739 ]
 [ 0.11120622  0.14984861  0.15038937  0.24024208  0.27244225]
 [-0.21320674  0.1485848   0.21616523  0.31535476  0.02833418]
 [ 0.02003228  0.14832288  0.13203909  0.1867679  -0.16232392]
 [-0.36433247 -0.13717827 -0.12298183 -0.10942965 -0.5140261 ]] 
Episode: 197: [[ 0.7044514   0.15609163  0.06205826  0.05500609  0.4669288 ]
 [ 0.11074075  0.14927055  0.14993589  0.23967499  0.27281216]
 [-0.21339229  0.1482862   0.21589102  0.31511584  0.02844607]
 [ 0.02113218  0.14861332  0.13197558  0.1868227  -0.16209689]
 [-0.36449414 -0.13718624 -0.12296977 -0.10941105 -0.5140724 ]] 
Episode: 198: [[ 0.7037614   0.15567146  0.06189669  0.05473625  0.46685863]
 [ 0.10980542  0.14821818  0.14910106  0.23859765  0.2734694 ]
 [-0.213344    0.14804426  0.21558997  0.31470165  0.02877047]
 [ 0.02214527  0.14902139  0.13206668  0.18701997 -0.16208132]
 [-0.36430928 -0.13713592 -0.12294621 -0.10934686 -0.5140771 ]] 
Episode: 199: [[ 0.7031942   0.15535793  0.06180491  0.05457869  0.46674502]
 [ 0.10885029  0.14721234  0.14833091  0.23759052  0.27405274]
 [-0.21346973  0.14768896  0.21523654  0.31421039  0.02908769]
 [ 0.02293666  0.14931358  0.13210657  0.18716243 -0.1620673 ]
 [-0.36400265 -0.13705656 -0.12290942 -0.10926712 -0.514076  ]] 
Episode: 200: [[ 0.7030069   0.15524986  0.06180393  0.05462952  0.46660003]
 [ 0.10788637  0.14612168  0.14745837  0.23643486  0.2747822 ]
 [-0.21390873  0.1471548   0.21479258  0.3135584   0.02944402]
 [ 0.02336541  0.14952236  0.13215923  0.18730308 -0.16210717]
 [-0.363497   -0.13694088 -0.12285753 -0.10917504 -0.51405996]] 
Episode: 201: [[ 0.7035917   0.15563689  0.06207823  0.05509515  0.46643415]
 [ 0.10729284  0.14518861  0.14661391  0.23535512  0.27558622]
 [-0.21486294  0.14629729  0.21420658  0.31269988  0.02975179]
 [ 0.02307591  0.1494653   0.13217247  0.18736768 -0.16223598]
 [-0.362635   -0.13675426 -0.12278434 -0.10905646 -0.51400244]] 
Episode: 202: [[ 0.7036449   0.1557672   0.06226464  0.05532821  0.46624058]
 [ 0.10665504  0.14404209  0.14551844  0.23393697  0.27668858]
 [-0.21528737  0.14567655  0.21363771  0.3118974   0.03028468]
 [ 0.02310481  0.1496593   0.13236496  0.18763101 -0.16246071]
 [-0.3621957  -0.13662793 -0.12270842 -0.10892991 -0.5140514 ]] 
Episode: 203: [[ 0.7039335   0.15599227  0.06246627  0.05565647  0.466057  ]
 [ 0.10606772  0.14304405  0.14458786  0.23274095  0.27758333]
 [-0.21585988  0.14503106  0.21311705  0.31114525  0.03067396]
 [ 0.02305351  0.14974432  0.1324662   0.1877883  -0.16263512]
 [-0.36160016 -0.13648038 -0.12263457 -0.10881461 -0.5140442 ]] 
Episode: 204: [[ 0.70407784  0.15613732  0.06260432  0.05576496  0.4659983 ]
 [ 0.10558824  0.14222878  0.14382553  0.23176889  0.27833793]
 [-0.21608809  0.14462566  0.21273917  0.3106532   0.03102998]
 [ 0.02345823  0.1498973   0.13248742  0.18786868 -0.16259106]
 [-0.3613683  -0.13642508 -0.12261257 -0.10877085 -0.5140398 ]] 
Episode: 205: [[ 0.70409155  0.15615301  0.06263631  0.05575523  0.46598533]
 [ 0.10517027  0.1416636   0.1433532   0.23116481  0.27875978]
 [-0.21620464  0.14436816  0.21250413  0.3103456   0.03124887]
 [ 0.02389874  0.14998268  0.13242579  0.18784678 -0.1624662 ]
 [-0.36120507 -0.13639703 -0.12261451 -0.10876333 -0.5139992 ]] 
Episode: 206: [[ 0.7040554   0.15608473  0.06256425  0.05581328  0.46592247]
 [ 0.10493038  0.14150937  0.14332026  0.23114996  0.27869862]
 [-0.21647464  0.14418243  0.2124561   0.31022024  0.03119345]
 [ 0.02432508  0.1498679   0.13212931  0.18757153 -0.16213697]
 [-0.36075345 -0.13635406 -0.12264757 -0.10880671 -0.51382816]] 
Episode: 207: [[ 0.7034708   0.15572204  0.06235824  0.05570764  0.46577698]
 [ 0.10445818  0.14145479  0.14351259  0.23139933  0.2783039 ]
 [-0.21662167  0.14414497  0.21255107  0.31024706  0.03103408]
 [ 0.02484508  0.14971179  0.13174935  0.18719377 -0.16170414]
 [-0.36025074 -0.13632327 -0.12270944 -0.10887483 -0.51360345]] 
Episode: 208: [[ 0.703789    0.15607029  0.06253942  0.0559472   0.46582794]
 [ 0.10410993  0.1410934   0.14325511  0.23104854  0.2785128 ]
 [-0.21707168  0.14376533  0.21233013  0.30995494  0.03105941]
 [ 0.02496685  0.14959906  0.1315894   0.18705696 -0.16156709]
 [-0.3600524  -0.13629194 -0.12271491 -0.10888238 -0.51353806]] 
Episode: 209: [[ 0.7043529   0.1565539   0.06279419  0.05627714  0.4658932 ]
 [ 0.10376178  0.1407947   0.14307556  0.23080413  0.27862808]
 [-0.21767858  0.14331666  0.21210426  0.3096681   0.03101187]
 [ 0.02499126  0.14939664  0.13135988  0.18684284 -0.16137262]
 [-0.35976383 -0.13625397 -0.12272924 -0.10890586 -0.5134367 ]] 
Episode: 210: [[ 0.7044009   0.15691403  0.06318136  0.05690647  0.4654356 ]
 [ 0.10351304  0.14089613  0.14337431  0.2312159   0.278084  ]
 [-0.21844539  0.14296     0.21212593  0.3096283   0.03050684]
 [ 0.02520955  0.14888452  0.1306621   0.18606113 -0.16067508]
 [-0.35880765 -0.13619362 -0.12286116 -0.10906991 -0.5129038 ]] 
Episode: 211: [[ 0.7036009   0.15653226  0.06297033  0.05698147  0.4651217 ]
 [ 0.10372315  0.14128435  0.14383397  0.2319111   0.2774094 ]
 [-0.2185384   0.14300147  0.21230981  0.30977446  0.03009808]
 [ 0.02563083  0.14852329  0.1300836   0.18542428 -0.16015708]
 [-0.35808176 -0.13613722 -0.1229414  -0.10918713 -0.51248604]] 
Episode: 212: [[ 0.7027663   0.15614395  0.0627735   0.05706402  0.46478513]
 [ 0.10381521  0.14157765  0.14421697  0.23249362  0.2768172 ]
 [-0.21866381  0.14300974  0.21245813  0.30986547  0.02975526]
 [ 0.02597489  0.14817101  0.1295389   0.18482459 -0.1596657 ]
 [-0.35734427 -0.13607125 -0.12300945 -0.10928325 -0.5121057 ]] 
Episode: 213: [[ 0.7018054   0.15568636  0.06256653  0.05709871  0.4644209 ]
 [ 0.10371836  0.14190833  0.1447341   0.23321952  0.276001  ]
 [-0.21882874  0.14303872  0.21266718  0.3100297   0.02929054]
 [ 0.02638598  0.14775525  0.12891178  0.18413386 -0.15910524]
 [-0.3565248  -0.13600847 -0.12310225 -0.10940288 -0.51166177]] 
Episode: 214: [[ 0.70064795  0.15513745  0.06233586  0.05705032  0.46404263]
 [ 0.10363431  0.14215039  0.14512527  0.23378035  0.27534914]
 [-0.21882613  0.14312525  0.21285743  0.31017905  0.02893133]
 [ 0.02676824  0.14741565  0.12838952  0.18354948 -0.15865044]
 [-0.35585198 -0.13595961 -0.12318513 -0.10950311 -0.5112789 ]] 
Episode: 215: [[ 0.69988465  0.15483488  0.06227797  0.05722193  0.46362996]
 [ 0.10341414  0.14224754  0.14539059  0.23415965  0.27480623]
 [-0.2192329   0.1429299   0.21288802  0.31010583  0.02854784]
 [ 0.0268249   0.14699471  0.12789908  0.1830125  -0.15835093]
 [-0.3549126  -0.13583796 -0.12322867 -0.10954249 -0.51090187]] 
Episode: 216: [[ 0.6983653   0.15396585  0.06176875  0.05694733  0.4633292 ]
 [ 0.10360137  0.14247034  0.14560519  0.23453802  0.27442646]
 [-0.21893963  0.1431144   0.21300511  0.3101454   0.02841674]
 [ 0.02708299  0.14687406  0.12767619  0.1827549  -0.15826577]
 [-0.35431668 -0.13572803 -0.12320139 -0.10950071 -0.51071686]] 
Episode: 217: [[ 0.6971693   0.15325572  0.06133175  0.05669655  0.46312746]
 [ 0.10382451  0.14261301  0.14570534  0.23475643  0.27421656]
 [-0.2186604   0.14326608  0.21307905  0.31016535  0.02833158]
 [ 0.02760852  0.14680621  0.12741809  0.18249899 -0.15808894]
 [-0.35387668 -0.13564473 -0.12317901 -0.10946926 -0.5105694 ]] 
Episode: 218: [[ 0.6959436   0.1525565   0.06092322  0.0564106   0.46293202]
 [ 0.10396937  0.14261062  0.14566284  0.2347742   0.27416235]
 [-0.21823868  0.14343585  0.21310577  0.310148    0.02836449]
 [ 0.02823209  0.1468176   0.12722926  0.18232863 -0.15796255]
 [-0.35361946 -0.13557772 -0.12314516 -0.10942119 -0.51048946]] 
Episode: 219: [[ 0.694407    0.15175276  0.06050891  0.05619288  0.46255624]
 [ 0.10398431  0.14244425  0.14546916  0.23460272  0.27422044]
 [-0.2178574   0.14356115  0.21310021  0.3100278   0.02843358]
 [ 0.02848351  0.14677802  0.12710555  0.18219507 -0.15799719]
 [-0.35309964 -0.13546012 -0.12309554 -0.10933609 -0.51037616]] 
Episode: 220: [[ 0.692901    0.15107246  0.06022448  0.05608987  0.4621015 ]
 [ 0.10350331  0.14216295  0.14534934  0.23449747  0.27402923]
 [-0.2178421   0.14349231  0.21306098  0.30981973  0.02836777]
 [ 0.02827922  0.14662312  0.12701167  0.18204917 -0.15814511]
 [-0.3522142  -0.13527812 -0.1230367  -0.10921545 -0.5102114 ]] 
Episode: 221: [[ 0.69149655  0.1504156   0.05992914  0.05597934  0.46169162]
 [ 0.10314526  0.14185897  0.14514928  0.23429975  0.27398142]
 [-0.21766555  0.14350012  0.21302648  0.30965316  0.02838073]
 [ 0.02839875  0.14651921  0.12685922  0.18187292 -0.1581582 ]
 [-0.35149848 -0.13513061 -0.12298804 -0.10912293 -0.5100647 ]] 
Episode: 222: [[ 0.69093436  0.14961766  0.0590629   0.055362    0.46254048]
 [ 0.10392483  0.14154996  0.14438495  0.23348632  0.2749965 ]
 [-0.2173402   0.14367436  0.21317595  0.30963728  0.02800904]
 [ 0.02710287  0.14698881  0.12751523  0.18239    -0.15965816]
 [-0.35198456 -0.13484332 -0.12252987 -0.10865135 -0.5111043 ]] 
Episode: 223: [[ 0.6905016   0.14892933  0.05827899  0.05479152  0.46335155]
 [ 0.10473902  0.14123115  0.14359577  0.23263645  0.27606556]
 [-0.21693742  0.14385012  0.21327387  0.30960602  0.02776499]
 [ 0.02629076  0.14750142  0.12808287  0.18286382 -0.16090694]
 [-0.3525319  -0.13459356 -0.1221072  -0.10821884 -0.51208156]] 
Episode: 224: [[ 0.6896549   0.14802407  0.05741942  0.0541422   0.46401462]
 [ 0.10565193  0.14105001  0.14293602  0.23195024  0.27701944]
 [-0.2163219   0.14419182  0.21346498  0.30969033  0.02755105]
 [ 0.02569596  0.14796339  0.12854706  0.18323056 -0.16196328]
 [-0.35306147 -0.13439488 -0.12175314 -0.10786676 -0.51291585]] 
Episode: 225: [[ 0.68817365  0.14684874  0.05652052  0.05346587  0.46440017]
 [ 0.10621473  0.14082868  0.14238293  0.23137793  0.27772015]
 [-0.21567053  0.14457397  0.213689    0.30977076  0.02733678]
 [ 0.02497241  0.148282    0.12892254  0.18349463 -0.16296467]
 [-0.3533166  -0.13418983 -0.12144509 -0.10755134 -0.51358676]] 
Episode: 226: [[ 0.68657595  0.14559734  0.05555189  0.05265513  0.46481773]
 [ 0.10672256  0.14065097  0.14191046  0.23089825  0.2783242 ]
 [-0.21474788  0.14510357  0.21395102  0.30991262  0.02726248]
 [ 0.02471282  0.14872617  0.12929872  0.18379328 -0.16381934]
 [-0.3537325  -0.13403964 -0.12117102 -0.1072666  -0.51424414]] 
Episode: 227: [[ 0.6851711   0.14447685  0.05467278  0.05191336  0.46521583]
 [ 0.10719801  0.14053582  0.1415359   0.23053013  0.27881506]
 [-0.21391709  0.14559339  0.21420796  0.31007364  0.02716134]
 [ 0.02451757  0.14909874  0.12959448  0.18401697 -0.16454549]
 [-0.35411844 -0.13391179 -0.12093253 -0.1070233  -0.5148215 ]] 
Episode: 228: [[ 0.6839608   0.1434869   0.05387163  0.05126119  0.46559805]
 [ 0.10765984  0.14053118  0.14130993  0.23036179  0.27912587]
 [-0.21320055  0.14603475  0.2144673   0.31026563  0.02699854]
 [ 0.02451459  0.14938255  0.12974316  0.18411143 -0.16506928]
 [-0.35440886 -0.13379619 -0.12072977 -0.10682611 -0.51529807]] 
Episode: 229: [[ 0.6837189   0.14304659  0.05326068  0.05100032  0.46620727]
 [ 0.10822624  0.13976148  0.14038692  0.22957264  0.28056708]
 [-0.21244837  0.14616896  0.21416639  0.30986723  0.02749189]
 [ 0.02387294  0.15003979  0.13058713  0.18487427 -0.1664073 ]
 [-0.3552867  -0.13365476 -0.12033875 -0.10645613 -0.5161889 ]] 
Episode: 230: [[ 0.683974    0.14289115  0.05280231  0.05091555  0.46684843]
 [ 0.10871118  0.1391448   0.13966769  0.22901256  0.28173122]
 [-0.2120895   0.14610809  0.2138299   0.30944654  0.02783888]
 [ 0.02323452  0.15047583  0.13118662  0.18541197 -0.16748488]
 [-0.35594118 -0.1335128  -0.11999557 -0.10614698 -0.5169377 ]] 
Episode: 231: [[ 0.68422884  0.14275232  0.05237688  0.05088736  0.46742004]
 [ 0.1090763   0.13855937  0.13902456  0.22851415  0.2827209 ]
 [-0.21189557  0.14598882  0.21352145  0.30902758  0.02806635]
 [ 0.02257045  0.15078121  0.13166149  0.18582182 -0.16845301]
 [-0.35637802 -0.13336647 -0.11969499 -0.10588175 -0.5175448 ]] 
Episode: 232: [[ 0.68495685  0.14284307  0.05201681  0.05090066  0.4681557 ]
 [ 0.10952985  0.13780692  0.13809451  0.22765411  0.28402707]
 [-0.21165851  0.14580719  0.21307887  0.30849895  0.0284813 ]
 [ 0.02179031  0.15116642  0.13230716  0.1864361  -0.16958967]
 [-0.35708538 -0.13324322 -0.11936195 -0.10558419 -0.5182745 ]] 
Episode: 233: [[ 0.6854035   0.14290786  0.05178181  0.05101715  0.4686279 ]
 [ 0.10986135  0.13708703  0.13724627  0.22686607  0.28514975]
 [-0.21152036  0.14563338  0.21272407  0.30805647  0.02874728]
 [ 0.02114739  0.15138428  0.13270257  0.18678549 -0.1704548 ]
 [-0.3575646  -0.13315    -0.11912227 -0.105387   -0.5187852 ]] 
Episode: 234: [[ 0.68605393  0.14311683  0.05164819  0.05127513  0.46905503]
 [ 0.11017237  0.13639773  0.13642588  0.22608787  0.28621402]
 [-0.21164328  0.14530286  0.21230505  0.3075183   0.0289627 ]
 [ 0.02046213  0.15152247  0.1330243   0.18707801 -0.17124937]
 [-0.35784537 -0.13302976 -0.11888839 -0.10519075 -0.51922786]] 
Episode: 235: [[ 0.6864037   0.14329141  0.05167353  0.05164551  0.46917996]
 [ 0.11048171  0.13593462  0.13588797  0.22562936  0.28695986]
 [-0.21167587  0.14512432  0.21206173  0.3072116   0.0290324 ]
 [ 0.02022267  0.15154766  0.13302515  0.18704155 -0.17160209]
 [-0.35804412 -0.13298042 -0.11878122 -0.1051418  -0.5194322 ]] 
Episode: 236: [[ 0.686679    0.14337528  0.05161126  0.05183908  0.46937677]
 [ 0.11096484  0.13586316  0.13575403  0.22569655  0.28731814]
 [-0.2115856   0.14511734  0.21200512  0.30719116  0.0289479 ]
 [ 0.02016328  0.15141897  0.13279875  0.18676795 -0.17167957]
 [-0.35833606 -0.1330061  -0.11875871 -0.10520686 -0.519519  ]] 
Episode: 237: [[ 0.6871481   0.14356464  0.05159502  0.0520035   0.46964478]
 [ 0.11145721  0.13589151  0.13571589  0.22586952  0.2875821 ]
 [-0.21158616  0.14510235  0.21199575  0.30725673  0.02877762]
 [ 0.02010872  0.15125005  0.13253315  0.18643844 -0.17166685]
 [-0.3586627  -0.13306467 -0.11877313 -0.10531212 -0.51956433]] 
Episode: 238: [[ 0.6873641   0.14362615  0.05153634  0.05208163  0.46985003]
 [ 0.11182077  0.13591614  0.135722    0.22606778  0.28774887]
 [-0.21151166  0.1451445   0.21203233  0.30736852  0.0286056 ]
 [ 0.02019829  0.15108426  0.13222988  0.18607402 -0.17157403]
 [-0.3589292  -0.13312347 -0.11880345 -0.10542276 -0.5195725 ]] 
Episode: 239: [[ 0.68759847  0.14363861  0.05139469  0.05207713  0.47011805]
 [ 0.11207218  0.13611671  0.13599885  0.22659962  0.28756815]
 [-0.2114889   0.14522588  0.21216634  0.30760273  0.02829383]
 [ 0.02041216  0.15080175  0.1317527   0.18552682 -0.171295  ]
 [-0.35908446 -0.13319954 -0.11888198 -0.1055972  -0.51946646]] 
Episode: 240: [[ 0.6871637   0.14387329  0.0518741   0.05259634  0.46927148]
 [ 0.11206099  0.13652419  0.13668728  0.2276275   0.28678513]
 [-0.2114417   0.14542213  0.2124674   0.3080379   0.02779813]
 [ 0.02127173  0.15002362  0.13052423  0.18435326 -0.17001525]
 [-0.35866687 -0.1334687  -0.11937063 -0.1061469  -0.51852137]] 
Episode: 241: [[ 0.6865871   0.14398126  0.05225715  0.05302079  0.46846843]
 [ 0.11209717  0.13694252  0.13735223  0.22861688  0.28604212]
 [-0.21128735  0.14566673  0.2127707   0.30846885  0.0273707 ]
 [ 0.02221911  0.14932556  0.12935661  0.18324314 -0.16877927]
 [-0.35830116 -0.1337179  -0.11981831 -0.10665248 -0.51765823]] 
Episode: 242: [[ 0.6862713   0.14394718  0.05222767  0.05298665  0.46825245]
 [ 0.11233236  0.13719054  0.13767914  0.22921485  0.28570902]
 [-0.21084502  0.14594327  0.21292588  0.30874437  0.02725236]
 [ 0.02292714  0.14896914  0.12873186  0.18271518 -0.16814657]
 [-0.35840544 -0.13391042 -0.12006587 -0.10692925 -0.517253  ]] 
Episode: 243: [[ 0.68618155  0.1441533   0.05245976  0.05325409  0.46787733]
 [ 0.11261818  0.13728148  0.13777268  0.22951384  0.2856189 ]
 [-0.2105716   0.14611618  0.21303472  0.30898044  0.02706374]
 [ 0.02391757  0.14863217  0.12800604  0.18209076 -0.16737828]
 [-0.3584173  -0.13409586 -0.12032741 -0.10723323 -0.5167783 ]] 
Episode: 244: [[ 0.6856189   0.14409651  0.05256677  0.05336958  0.46744215]
 [ 0.11284714  0.13727985  0.13776687  0.22965838  0.28562048]
 [-0.21003686  0.14643914  0.21320802  0.30926377  0.02695435]
 [ 0.02502421  0.1484005   0.12735824  0.18152931 -0.16665402]
 [-0.35848284 -0.1342803  -0.12057621 -0.10751376 -0.5163443 ]] 
Episode: 245: [[ 0.6849838   0.14398748  0.05266709  0.05349903  0.46697426]
 [ 0.11288419  0.13714716  0.13767825  0.22965012  0.28566486]
 [-0.20959854  0.14668414  0.2133199   0.30943388  0.02689683]
 [ 0.02600275  0.14817037  0.12675275  0.18099995 -0.16599509]
 [-0.358438   -0.1344257  -0.12079567 -0.10775311 -0.5159373 ]] 
Episode: 246: [[ 0.68402666  0.14374346  0.05277856  0.05366506  0.4663558 ]
 [ 0.11300816  0.13693103  0.1374188   0.22941907  0.2859642 ]
 [-0.20897977  0.14701009  0.21341564  0.30956927  0.02702121]
 [ 0.02726843  0.14812873  0.12623034  0.18059564 -0.16531526]
 [-0.35846248 -0.13455737 -0.12097778 -0.10794635 -0.5156343 ]] 
Episode: 247: [[ 0.68240666  0.14320123  0.05288345  0.05386956  0.4654262 ]
 [ 0.11302077  0.13687412  0.13745624  0.22954515  0.2856864 ]
 [-0.20791118  0.1477657   0.21390069  0.31015295  0.02664716]
 [ 0.02786714  0.14761968  0.12548788  0.17969255 -0.1647227 ]
 [-0.35850155 -0.13481858 -0.12135892 -0.10840549 -0.51483524]] 
Episode: 248: [[ 0.6808279   0.14270589  0.05303391  0.05415983  0.46446067]
 [ 0.11305207  0.1366209   0.13722116  0.22929874  0.28574187]
 [-0.20708016  0.14828087  0.21417947  0.310418    0.02644412]
 [ 0.02820245  0.14725238  0.1249992   0.179083   -0.16441575]
 [-0.35835978 -0.13496421 -0.12161817 -0.10869295 -0.5142125 ]] 
Episode: 249: [[ 0.67955476  0.14232512  0.05317057  0.05448541  0.46363032]
 [ 0.11324064  0.13648091  0.13702329  0.22910404  0.28585243]
 [-0.20638761  0.14872308  0.21439411  0.31059027  0.02632027]
 [ 0.02820772  0.146905    0.12463042  0.1785949  -0.16424994]
 [-0.35826382 -0.1351019  -0.12183835 -0.10893851 -0.5136934 ]] 
Episode: 250: [[ 0.6785695   0.14214264  0.0534344   0.05495184  0.46281326]
 [ 0.11312801  0.13613372  0.1366975   0.22871746  0.28602514]
 [-0.20604192  0.14893605  0.21450344  0.310613    0.02617011]
 [ 0.02799052  0.14647801  0.12424557  0.17808779 -0.16409867]
 [-0.35796013 -0.13519174 -0.12203949 -0.10915327 -0.51317364]] 
