87.473351 88.288651 89.394112 89.085556 45.180992 
89.396820 90.098724 90.518860 91.403870 34.464233 
87.202507 87.485588 89.202042 89.858330 37.249332 
88.959412 90.211769 91.507942 92.509651 37.266056 
85.391289 85.593086 88.655090 89.872063 40.576279 
88.641739 88.629440 89.786369 90.390175 33.319672 
90.724342 90.292717 90.668282 91.074600 33.876907 
88.042297 87.970993 88.565361 89.264198 36.387127 
89.976074 90.206879 90.752792 90.905930 35.537674 
90.544334 91.309105 92.118919 91.083214 32.644318 
89.448242 89.697266 90.386154 90.635773 37.793461 
89.300957 90.035530 90.222237 90.842743 41.083183 
88.623611 89.379303 91.357536 90.664177 36.311695 
88.266663 88.123184 91.040703 92.475380 38.440712 
89.470352 90.062141 91.144104 91.989929 36.055534 
87.738701 88.264519 89.342453 89.494141 41.022377 
89.545120 90.425713 92.643494 93.871681 35.683399 
87.469719 86.896843 87.850334 88.269531 43.992523 
89.624725 91.458427 91.103867 91.607460 34.850094 
89.263748 89.143089 88.741524 88.984718 39.665836 
