3557.964844 1258.341797 397.908936 238.963684 80.594818 
4070.471924 1291.402222 578.475464 290.406799 122.618744 
4110.095215 1645.065796 755.475464 385.128204 115.524345 
4216.501465 976.296204 486.569183 195.416260 87.553848 
4356.035156 1647.240356 664.643555 350.791809 127.119377 
3680.727783 1529.396118 652.596802 394.599335 191.604446 
4429.496094 1575.588257 669.600586 395.306824 150.587402 
4107.096191 1327.472412 971.506958 292.667480 183.175720 
3852.919189 1463.677124 468.521332 213.258133 121.130135 
5201.139648 1462.510986 691.879211 250.619492 112.469559 
3850.711426 1492.496582 648.685913 330.911316 170.969391 
4421.023438 1871.548218 838.698364 219.528122 138.060669 
2979.450439 1272.549072 959.110168 417.530670 247.830582 
4258.008789 1178.319824 794.923035 325.655334 162.453247 
3669.813232 1468.562744 797.792542 240.574158 109.712906 
3724.949951 1526.380249 541.984009 223.733917 122.266365 
4416.020996 1628.667969 675.314148 336.467468 176.360565 
4214.818359 1037.866943 470.009430 315.335846 174.687469 
3480.689453 1744.284302 749.282837 318.478851 97.185219 
3789.101562 1502.215942 652.000244 281.932770 91.743988 
