58.600174 35.596626 42.849972 36.837086 34.512772 0.019782 
50.786663 43.622871 52.792271 51.886536 45.140858 0.000000 
51.144009 38.517475 38.815701 44.537979 39.612522 0.000000 
57.148926 38.576073 36.633530 46.986431 36.463253 0.027976 
66.595016 38.030575 45.751328 47.903099 44.197754 0.000000 
64.879311 34.092442 43.870838 44.256283 47.098881 0.000000 
62.112759 38.487862 39.683086 43.033653 34.807255 0.027976 
70.261261 47.619007 50.287827 48.576138 45.315907 0.019782 
72.913635 38.059582 39.587765 42.547222 45.465672 0.000000 
61.380257 45.348660 47.219051 48.023251 52.067455 0.000000 
76.911423 44.254398 48.124023 48.327351 40.775768 0.000000 
70.816284 54.468163 58.883411 60.342422 49.031673 0.027976 
71.942917 45.840946 44.299385 48.939224 43.352627 0.000000 
68.254425 41.881031 46.820553 49.386314 51.031593 0.000000 
65.385292 36.898350 40.305416 40.143806 35.436539 0.000000 
72.686287 42.118488 49.896400 49.817211 37.354542 0.000000 
67.160767 49.268143 55.622295 53.756382 38.922146 0.019782 
76.543785 36.815582 41.182976 44.820786 42.241795 0.000000 
57.475643 42.912891 40.706951 45.687756 37.546257 0.000000 
65.895439 39.390034 42.276943 37.958431 39.544136 0.000000 
