50356.800781 1732.714966 937.385071 841.987976 23666.031250 
44712.964844 1843.340332 1241.255005 1219.053833 10228.524414 
54379.113281 7366.494629 7362.149902 3143.329102 37054.906250 
45770.710938 6771.651855 3414.893799 7198.523926 47346.082031 
38313.156250 2489.995361 1742.228638 1767.849609 25745.783203 
41863.902344 17659.861328 11015.198242 7818.940918 43871.539062 
47023.917969 3013.228516 1912.635132 1084.740723 11133.179688 
54831.863281 2493.401855 1164.258667 738.158142 13367.337891 
44045.585938 2209.444580 1016.140259 852.844910 20866.824219 
37356.449219 7184.335449 4463.810059 2852.659912 29478.992188 
49546.945312 2246.548584 875.886353 1002.983093 13644.602539 
43744.710938 3996.033936 4535.343262 2774.573486 37448.882812 
34258.714844 6008.669922 4167.732422 3436.423584 37083.535156 
41225.789062 2053.080811 1037.681396 712.970398 24449.433594 
47351.175781 6095.889648 3552.593262 4304.462891 31839.664062 
30530.123047 1246.103149 700.841736 586.381409 18846.648438 
39866.214844 2893.153564 892.989197 761.701355 18809.509766 
53953.878906 2216.605957 1032.024658 661.326660 26607.958984 
43425.203125 1846.711426 1027.543579 565.522095 16826.269531 
41607.035156 4254.051758 2503.873779 1637.345581 29423.550781 
