2439.064453 2950.645020 2639.410156 2075.574463 547473.562500 
3627.262695 3243.698486 2602.064697 2057.833252 630103.000000 
3083.518066 2577.789795 2216.168213 1807.379883 665438.812500 
2986.101074 3020.966797 2831.726318 2065.823486 606652.625000 
2628.534668 2506.894531 2299.052490 1744.348999 711110.375000 
2594.425293 3294.461182 2812.838379 2583.560059 573384.937500 
3105.673828 3556.204834 3323.516846 2954.559814 668006.312500 
2635.556641 3011.132568 2557.610840 2335.549805 560560.187500 
2591.829590 2387.682617 2035.898682 1739.265137 562858.375000 
3922.812256 4034.897949 3483.589111 2371.129883 769608.125000 
3354.421387 3540.982666 3123.660156 2922.320801 609131.750000 
3440.023926 4428.897949 3822.160889 3018.505371 665126.750000 
2450.127197 2635.642090 2313.924072 1934.626221 519604.093750 
4110.652832 4124.000977 2897.022217 2433.142090 627861.937500 
2674.053711 2568.021973 2143.970459 1821.933472 539675.437500 
3133.123047 3151.034912 2676.188232 2230.704834 593581.437500 
3311.621826 3298.272461 3197.894531 2436.270752 642274.312500 
3861.186523 3153.986328 2384.017334 1897.794800 615509.562500 
3305.800293 3568.203857 2468.951416 1937.921631 634650.375000 
3428.559326 3038.889648 2555.793457 2014.574707 565425.125000 
