85.863525 86.272018 86.350853 87.679558 65.149803 
87.339119 86.844490 86.411652 88.059235 56.329979 
87.459129 87.798271 87.036774 88.727028 65.460701 
85.646004 83.663116 82.728546 86.905762 64.167244 
87.550110 87.788582 87.077454 88.616188 70.353035 
86.353439 85.489014 85.956711 89.595535 63.652733 
87.541443 87.436005 87.719383 89.174911 64.778206 
86.209007 87.327011 88.028519 88.264694 63.937305 
87.412842 85.992737 87.325340 87.418884 67.220291 
87.875381 86.828438 87.176155 89.053787 63.783497 
86.476364 86.596230 87.252724 88.028877 66.870247 
87.009613 86.850372 86.062645 87.150833 62.144501 
85.899422 85.112450 86.221077 86.796188 66.614388 
86.798454 86.397263 86.757248 87.884430 63.985947 
86.436417 84.904015 84.617538 88.225410 63.454247 
86.668015 86.562317 85.351006 87.436630 64.080925 
86.850479 86.596825 86.679367 88.320251 66.043816 
86.536125 84.953079 85.655525 88.057297 59.137318 
84.872162 83.205910 82.318024 87.214577 69.292732 
86.978241 86.278397 86.199356 88.581642 61.323921 
