95.794662 108.905327 82.052849 121.130013 72.808319 0.000000 
80.547852 110.382408 81.635651 108.346115 79.640526 0.019782 
97.448616 66.456680 97.257317 72.593941 93.391251 0.000000 
77.379494 111.713242 76.764328 109.507904 68.371025 0.000000 
90.010071 105.473244 100.702751 104.582436 94.562660 0.027976 
97.548965 90.754570 97.034599 95.762894 83.213928 0.000000 
70.242836 101.315102 84.544792 85.968330 88.652328 0.000000 
69.037987 136.406052 80.370010 117.121941 83.195969 0.027976 
83.471642 82.018097 103.621422 74.516342 105.455269 0.000000 
76.690819 90.060333 92.988869 81.489853 94.344040 0.000000 
91.860367 74.098366 102.815544 79.493042 92.815994 0.027976 
101.134552 41.558140 73.631508 45.884907 93.990074 0.019782 
78.731544 118.955315 89.821899 121.876350 99.657410 0.000000 
89.700813 75.143913 87.940483 67.534195 78.901855 0.000000 
85.115379 104.271729 99.624718 85.436829 104.182602 0.019782 
93.128998 65.756432 101.979752 56.933926 111.527611 0.034264 
91.061638 74.445808 109.620499 68.089653 120.449532 0.019782 
73.814354 94.187531 77.959190 95.767395 89.615067 0.000000 
79.556580 101.493202 84.333328 94.223396 97.823723 0.000000 
93.288521 93.459450 92.475533 98.979553 76.331970 0.000000 
