85.492661 80.988434 64.598083 77.174240 68.119995 0.000000 
85.316093 75.686287 80.747025 72.065895 82.818573 0.000000 
88.555840 86.872818 70.338112 62.338398 63.129345 0.019782 
82.559692 80.344032 74.186073 75.419777 64.233162 0.000000 
85.366295 78.848724 77.131248 69.761017 80.122902 0.019782 
78.359985 70.356613 74.755493 81.597969 68.823036 0.000000 
92.024368 81.854851 86.325485 76.455902 82.659645 0.000000 
89.775139 90.469521 86.525040 88.426254 81.796989 0.039565 
88.408463 83.572319 87.406143 85.492027 74.491158 0.000000 
83.160126 68.909195 79.464500 78.513588 78.600319 0.019782 
84.621635 76.805145 78.793205 84.247993 77.750702 0.027976 
81.190613 70.050583 70.058960 69.934532 66.543793 0.019782 
84.349174 84.554703 66.654823 72.367226 77.501862 0.000000 
87.123177 72.553482 72.600075 62.478382 76.945335 0.000000 
87.039238 73.094315 79.316017 74.121498 87.589325 0.034264 
76.961006 61.927174 67.014725 71.324867 69.526314 0.000000 
80.839020 84.434975 90.667511 78.350121 72.824745 0.027976 
78.391685 69.686317 71.714851 65.799232 56.805561 0.000000 
80.964874 61.048527 64.481606 61.714462 62.054737 0.027976 
85.906639 73.613930 82.824509 67.718742 69.786545 0.000000 
90.623405 97.815590 96.465393 84.928429 84.533875 0.027976 
86.659157 75.199684 77.388550 75.723427 72.362587 0.019782 
78.891586 69.926964 70.963692 71.915298 69.264633 0.000000 
81.124161 57.664738 59.466175 61.744202 66.875732 0.019782 
85.133942 76.690277 69.769707 68.990929 69.436142 0.034264 
88.078911 75.904877 78.629539 73.814125 71.844963 0.000000 
81.911247 68.684669 75.513260 71.715218 81.453308 0.034264 
75.197433 60.612598 66.126968 67.035233 70.698715 0.000000 
94.700478 75.685875 79.053627 76.368752 78.239662 0.000000 
78.386917 53.447548 52.138435 62.715561 56.511597 0.019782 
79.506790 72.397354 71.887451 71.804054 78.678299 0.019782 
82.867126 56.393082 68.092033 69.731346 66.385216 0.019782 
79.320671 61.776314 64.173058 63.199532 71.976799 0.027976 
76.541824 70.055275 70.866966 73.474739 72.130226 0.000000 
84.092735 81.370003 78.538330 86.387276 77.211266 0.027976 
80.294937 76.558617 73.137260 80.116776 71.157204 0.000000 
88.855911 79.667267 73.446602 59.383492 76.201469 0.000000 
69.750259 61.561024 62.382095 71.963638 68.115814 0.000000 
82.618515 79.198021 83.782845 79.457581 69.448936 0.000000 
80.621201 51.003677 52.604961 55.474224 61.112026 0.019782 
73.953941 57.944042 60.559723 71.531235 61.844826 0.019782 
87.922592 86.449959 86.319862 90.597565 71.992676 0.019782 
87.594795 67.919228 67.675461 61.349808 79.004341 0.000000 
83.644966 68.916428 71.765015 74.330391 64.378357 0.027976 
90.360970 78.737183 87.855095 80.218987 90.674698 0.000000 
81.145699 76.100677 82.357826 80.256561 66.820610 0.000000 
86.431313 83.211273 73.864670 72.682144 72.087883 0.000000 
93.531670 77.474083 77.447800 68.035927 72.459793 0.000000 
85.686226 86.178192 76.239044 77.426529 73.686890 0.000000 
77.831421 58.011990 66.724503 66.857437 64.621750 0.027976 
79.313011 68.911171 71.761940 68.103035 84.497993 0.000000 
84.619225 75.234871 80.629631 78.419395 68.352638 0.019782 
85.039062 75.828583 75.599335 73.395081 61.295876 0.000000 
79.492622 56.488834 58.949566 71.724800 53.661777 0.000000 
95.777069 88.602585 87.218819 91.254410 86.137856 0.027976 
86.971123 72.313019 76.351830 79.874695 68.113998 0.000000 
76.563042 68.838562 60.785336 60.106182 58.889900 0.000000 
81.261391 68.870651 60.915195 67.088562 66.742828 0.000000 
87.138306 89.225555 77.313408 77.106674 83.538078 0.000000 
84.962502 78.988602 77.708000 75.096481 70.555161 0.027976 
88.947937 80.898994 82.890427 74.689400 82.194511 0.019782 
84.384293 77.198753 76.488884 84.361549 80.708817 0.027976 
66.886398 51.397846 51.556591 59.672356 56.769241 0.027976 
85.182106 71.782982 79.427757 83.898079 67.921524 0.019782 
83.531593 77.867027 83.412369 77.998062 62.730602 0.000000 
78.469612 67.565842 67.782578 65.514198 64.545631 0.034264 
79.813026 68.216072 72.752327 72.342064 74.674431 0.000000 
90.520889 86.183388 84.382629 84.656570 70.563255 0.000000 
83.234749 82.773911 82.127396 80.358971 73.368317 0.000000 
75.078087 75.020378 75.179420 70.854713 80.255432 0.000000 
85.079277 69.399429 65.474434 63.752987 76.865158 0.000000 
85.730751 79.263771 81.917809 78.629745 81.579552 0.027976 
90.633820 73.694244 79.183640 80.594032 79.397232 0.000000 
90.034561 76.569473 76.174538 76.476715 57.968285 0.000000 
89.796654 75.889091 82.408676 76.255219 70.638069 0.027976 
75.502594 67.618240 68.370216 67.080292 50.850288 0.027976 
89.356094 92.230637 89.919044 81.721527 89.098427 0.000000 
86.047729 81.383209 81.926811 67.429321 72.940514 0.019782 
83.591682 72.776871 76.940559 75.416069 65.199852 0.019782 
84.554070 78.435295 77.137192 81.531937 71.107201 0.019782 
81.220337 71.518745 71.112244 77.088173 65.756271 0.000000 
93.019997 88.138466 68.453789 82.278656 71.138672 0.000000 
89.106209 81.946587 75.169670 70.687622 66.034035 0.034264 
88.499390 61.852257 73.308434 68.576759 68.699326 0.000000 
89.373543 83.427002 75.907265 86.600090 78.503845 0.027976 
82.397125 69.326820 84.385468 67.810715 69.182076 0.019782 
83.574608 73.356163 71.299088 74.834244 68.384064 0.000000 
77.931839 61.566013 68.488174 60.574081 58.510445 0.000000 
83.432190 75.260796 80.253273 75.479492 78.208626 0.000000 
76.851418 61.183002 59.198662 62.173550 63.064835 0.000000 
93.211426 93.780930 96.303093 87.957642 65.094116 0.000000 
87.979111 75.457466 71.251427 67.871437 72.666756 0.000000 
86.403297 86.443291 95.393982 83.410378 75.462646 0.027976 
86.813667 66.470047 69.066833 61.165905 73.651878 0.000000 
94.299225 85.261368 74.864723 81.412254 83.670013 0.000000 
94.244621 85.396736 83.605507 98.594063 71.583588 0.000000 
82.538910 59.101036 55.243713 59.421234 61.882084 0.000000 
82.616798 76.919159 77.754974 83.894585 78.113388 0.019782 
85.923470 75.942490 71.331116 69.632866 73.123581 0.000000 
84.042061 73.985405 82.744606 69.037682 77.350052 0.000000 
81.945251 75.050415 82.959854 69.768265 80.889488 0.000000 
80.678581 64.853554 66.683067 70.322044 64.571320 0.000000 
72.633850 61.528801 62.133987 66.950134 57.462761 0.000000 
91.091347 74.131264 85.932083 75.425064 74.189278 0.000000 
87.146294 83.619781 84.229019 80.786011 83.005272 0.027976 
85.578667 65.939217 66.455498 68.756737 67.622078 0.000000 
91.840683 73.872612 84.609528 68.863991 73.764931 0.000000 
87.839302 83.986092 77.872910 83.593674 75.512161 0.000000 
88.712761 78.336021 74.556412 82.090233 71.213928 0.000000 
88.102402 90.143593 83.815247 82.488480 77.068275 0.000000 
85.433899 68.627029 74.078606 75.365509 81.851707 0.019782 
89.490845 84.331520 83.480255 73.000488 85.245956 0.000000 
92.090378 96.398964 84.544548 79.695229 77.870712 0.000000 
77.457977 57.070553 55.002014 60.392925 62.155933 0.000000 
86.697914 72.760231 76.829124 78.482803 63.170765 0.044235 
89.021736 82.193459 82.341446 84.030525 69.004288 0.019782 
90.966324 83.707809 77.283791 85.948891 65.468849 0.027976 
89.759285 84.723297 89.543274 79.530640 81.464050 0.000000 
85.106270 60.232548 56.493443 58.852840 73.426620 0.000000 
74.475746 59.471466 70.448441 72.710785 69.386452 0.000000 
89.857414 97.599464 85.539261 86.297188 94.199402 0.000000 
89.279579 86.549843 83.412468 77.160881 78.750099 0.000000 
89.181496 78.216049 76.234100 81.002678 73.698685 0.000000 
86.169975 88.099846 85.241653 79.537132 71.994240 0.000000 
88.424431 86.234680 75.323341 79.725777 64.017960 0.000000 
81.002930 68.830421 62.774853 68.942375 73.401543 0.000000 
82.388084 55.633068 64.393158 62.226238 58.940556 0.019782 
81.967705 68.868912 76.019875 77.750275 77.555252 0.000000 
91.023422 85.779816 85.544357 86.848969 80.732086 0.000000 
88.295845 84.998535 80.599342 86.676422 79.344910 0.000000 
85.470589 78.332176 80.857567 82.414841 78.957489 0.000000 
86.322342 86.620567 88.888496 81.878998 88.480331 0.000000 
88.605461 80.121017 88.138809 88.732857 69.811310 0.000000 
78.609764 63.755516 63.556416 69.480972 61.680500 0.000000 
87.456467 86.257942 79.729248 84.603729 85.855728 0.027976 
85.896530 87.011269 89.306389 92.853523 76.837822 0.019782 
85.813110 67.809242 66.437378 63.633129 68.804810 0.019782 
83.535980 76.179031 72.552589 78.168083 65.305161 0.000000 
91.924957 82.686096 84.150757 92.139549 69.079559 0.000000 
91.135483 85.085152 84.331581 89.410408 77.630493 0.019782 
81.945969 69.622559 75.925087 74.564079 62.923485 0.000000 
76.905151 53.036125 51.264492 66.878532 63.620758 0.000000 
85.878036 81.362526 82.266800 82.878242 93.365288 0.027976 
89.022141 77.889122 70.686180 73.905121 79.150864 0.000000 
90.330360 77.315521 83.906487 75.013443 66.440292 0.019782 
95.193527 89.967682 74.109566 93.162834 68.172569 0.019782 
90.036407 71.372993 63.228657 78.760345 89.660744 0.000000 
82.808594 65.330452 57.996380 68.378922 58.258629 0.019782 
79.801033 69.369461 73.889709 73.238274 66.579147 0.000000 
87.351921 72.340294 80.124405 73.890602 74.214996 0.000000 
83.658051 83.912399 88.297531 76.500595 78.440804 0.000000 
85.523788 90.078621 81.222099 89.888901 86.331253 0.019782 
86.983383 85.038269 78.242760 81.840347 86.570564 0.027976 
86.615700 76.425232 70.803505 66.734856 91.098801 0.000000 
85.879181 71.333710 68.216110 63.610340 75.396927 0.000000 
85.314819 82.297081 77.399231 79.831245 70.610840 0.000000 
87.613579 94.864784 90.975716 71.065689 74.302551 0.000000 
85.269028 78.467293 76.545998 79.367836 72.460999 0.019782 
82.885284 80.290947 79.517296 79.909798 77.208565 0.019782 
88.440689 76.957764 81.272141 74.458305 81.026291 0.034264 
93.496368 86.014473 90.598167 73.363007 76.964119 0.019782 
92.555344 91.696793 85.620865 88.978851 65.907616 0.000000 
82.674080 65.730690 68.644989 70.822647 60.229221 0.034264 
84.989609 81.823334 84.630829 78.945755 70.975212 0.000000 
80.926231 74.866386 72.030777 66.306870 63.840923 0.000000 
81.832901 67.389839 74.265503 71.728798 62.269634 0.019782 
77.888367 63.918205 68.281059 66.692802 53.717449 0.000000 
85.080177 67.113365 68.631592 78.445686 83.237457 0.000000 
93.930420 85.842545 76.855453 66.812912 80.749115 0.000000 
90.980049 84.762741 88.213295 83.462631 76.297173 0.027976 
81.661026 75.895897 71.053947 81.498291 69.728935 0.000000 
88.810852 81.409706 80.121643 82.308853 63.804031 0.027976 
88.788994 93.153023 95.235207 74.962128 78.254417 0.034264 
87.312553 79.766449 71.251167 77.486794 89.636230 0.019782 
92.242020 76.623550 81.714607 75.947517 81.639214 0.044235 
79.969757 67.843491 66.755745 65.781128 56.355747 0.000000 
82.672066 74.511452 87.925728 77.287041 63.426823 0.000000 
92.040657 101.079025 88.304924 85.993828 77.618774 0.027976 
83.413261 78.222321 75.487740 77.946716 63.548733 0.027976 
91.795494 92.042763 90.794922 67.086304 77.901894 0.000000 
91.970009 92.347580 82.718613 75.032669 87.991386 0.000000 
91.673378 90.259789 93.442932 90.659477 83.057564 0.000000 
81.337234 83.291710 79.740143 81.426559 67.608231 0.000000 
87.037712 65.935844 72.105446 76.504395 70.477348 0.019782 
88.639565 93.953049 90.055824 85.331726 78.661980 0.000000 
87.679413 69.510803 77.405273 76.607834 75.063293 0.034264 
83.798088 61.687973 66.142563 66.067879 64.018921 0.000000 
76.638252 69.926178 72.647942 72.872879 56.415806 0.019782 
87.839638 73.531013 68.883919 75.062119 67.466057 0.019782 
86.286827 84.235641 71.285439 72.213432 68.352631 0.019782 
84.843803 82.511948 80.224014 68.962868 70.646996 0.019782 
89.480560 80.297844 74.623695 78.248497 69.332085 0.027976 
72.403503 51.229656 60.176517 60.501472 52.773903 0.000000 
91.925789 84.474190 83.452492 81.661552 73.771980 0.027976 
83.050102 81.181854 84.518150 82.895340 64.119080 0.027976 
92.250084 84.516739 84.059464 74.550858 79.310684 0.019782 
85.772942 86.232101 85.067093 89.241028 69.046761 0.000000 
93.319962 81.820328 79.922005 75.469330 73.530418 0.000000 
80.209473 65.675179 71.788986 68.459137 65.620110 0.000000 
81.913452 88.298393 73.592758 74.270821 63.711414 0.019782 
84.754501 94.797653 88.376686 77.409866 73.322357 0.019782 
93.440590 82.712120 81.081291 73.831055 79.304550 0.000000 
80.999077 72.162605 70.696060 63.238640 71.270111 0.000000 
88.065948 73.443558 82.694237 78.618088 78.913918 0.000000 
90.326797 88.156494 82.402290 83.304741 73.898590 0.000000 
92.606171 84.374695 80.267326 80.854385 77.346306 0.000000 
91.075935 86.002419 83.710075 75.508873 67.905815 0.000000 
83.534370 72.725212 70.011597 64.206688 64.654579 0.000000 
85.343872 87.123039 78.290413 85.958344 75.063896 0.000000 
91.081810 81.494614 81.550072 82.185303 67.711685 0.000000 
84.856956 71.192154 88.745026 72.828308 77.966827 0.000000 
86.111511 78.438698 90.997795 84.688332 83.549622 0.000000 
79.091087 70.185875 66.737831 68.517288 62.253143 0.019782 
89.216881 90.800011 84.253014 94.011917 77.281235 0.027976 
82.210007 65.767487 63.645931 73.949471 57.371387 0.027976 
80.173218 71.517181 66.139366 69.782272 68.555763 0.000000 
82.881157 75.647728 77.502640 88.183266 65.852432 0.000000 
86.100784 73.552704 79.956810 82.910736 73.132614 0.000000 
85.640358 80.618439 73.336678 71.704620 77.818588 0.027976 
81.233566 63.828125 68.431915 69.825859 66.725204 0.000000 
84.685738 92.199844 88.926765 75.071701 69.998863 0.000000 
87.393669 89.980911 86.765251 91.412651 69.743446 0.000000 
86.640671 77.477478 78.708504 78.777809 63.587288 0.000000 
84.746407 76.597427 85.475670 69.378967 65.151695 0.000000 
89.073097 96.683945 87.234627 89.679520 84.667465 0.000000 
88.064911 81.815826 78.338951 76.341591 81.525612 0.000000 
79.590942 70.036400 67.464569 82.808105 66.366989 0.000000 
86.193260 79.203339 74.063248 83.052551 63.824734 0.000000 
88.512474 78.321754 72.412872 82.751938 69.559021 0.000000 
79.164658 79.740868 77.553589 81.098717 66.212807 0.000000 
83.146347 73.145584 76.714584 75.672073 70.775253 0.000000 
88.382462 80.949020 79.375046 74.670067 74.581848 0.019782 
87.166031 85.727921 84.663551 81.699928 83.519859 0.027976 
90.484314 90.921783 79.757607 87.539444 91.344032 0.000000 
87.870468 85.518921 83.425201 80.285667 86.553131 0.000000 
86.904678 70.689651 71.168419 76.965431 72.374763 0.019782 
86.063766 76.122917 72.493156 70.855705 54.998871 0.019782 
93.095154 87.421524 82.144348 82.772339 77.398071 0.000000 
76.641998 64.403358 69.090996 64.332932 64.567368 0.000000 
87.377670 82.379265 86.778076 87.538841 75.953552 0.000000 
84.202278 65.647675 73.963371 70.928329 63.910961 0.000000 
92.337166 79.763588 81.887146 79.524025 70.490143 0.000000 
89.903542 75.356316 87.666580 90.014786 81.196579 0.000000 
88.261978 79.658844 88.729080 76.614876 67.611168 0.000000 
90.621765 86.970345 88.868698 77.654716 79.356674 0.000000 
87.438995 82.354706 84.794395 83.022926 79.878860 0.000000 
88.347603 81.783943 85.566322 75.973877 80.028168 0.034264 
81.191483 76.299889 67.479790 87.010986 65.212402 0.019782 
82.137604 71.854683 69.056877 70.986336 70.558769 0.000000 
92.667259 77.809296 88.901398 75.091759 74.636604 0.019782 
89.056175 78.883850 68.407089 69.865036 64.566475 0.000000 
92.890236 80.243378 95.934692 87.343307 81.985001 0.034264 
86.411812 87.348251 83.312851 77.883316 74.390266 0.019782 
79.734039 66.713898 71.020668 74.508102 53.422562 0.019782 
86.642708 82.251518 88.859558 85.201241 64.309967 0.000000 
78.288536 59.698742 62.939659 62.571102 58.339115 0.000000 
87.242424 65.211731 75.880547 72.058235 62.981911 0.000000 
84.231339 64.533325 67.403854 69.406189 62.338329 0.000000 
85.618050 72.368706 76.612106 82.693245 62.974712 0.000000 
84.033493 60.362965 58.846390 72.977539 80.096367 0.027976 
91.358917 92.263992 89.921371 82.657372 80.555626 0.000000 
82.087212 67.188530 65.901634 63.034332 64.046989 0.000000 
70.529610 59.268570 53.089409 58.322350 63.206970 0.019782 
87.581268 75.240013 81.668358 71.037346 72.489113 0.019782 
86.592903 77.392860 84.791130 86.982399 80.325272 0.027976 
89.839867 87.435318 81.194664 77.979927 84.793015 0.019782 
86.761299 83.809341 76.856178 85.335022 69.858719 0.000000 
87.417130 78.941109 92.161804 77.962479 76.283905 0.000000 
89.600182 94.184944 92.678688 79.141891 80.408615 0.019782 
87.155937 83.526543 81.481606 78.817688 64.145653 0.000000 
84.181992 88.063972 78.633026 86.538582 69.365341 0.000000 
83.786079 67.790131 64.991821 72.949699 81.654892 0.000000 
91.044868 83.315620 81.083824 81.763771 72.596397 0.000000 
91.385078 84.912819 94.769257 77.741638 76.812439 0.019782 
83.364128 84.229935 80.594513 83.026405 77.927063 0.000000 
81.652191 72.293961 75.600616 71.700592 61.655529 0.019782 
87.103905 80.585701 75.911507 76.398331 77.211700 0.000000 
85.650490 83.097427 83.686401 72.864235 76.593513 0.000000 
90.194786 65.933952 69.206932 75.468239 65.413071 0.019782 
91.549294 87.621254 86.811127 78.662392 76.559891 0.000000 
73.656158 57.301411 61.084198 66.025871 62.115139 0.000000 
87.077301 80.305199 79.375160 81.561340 67.532112 0.000000 
91.156601 88.643028 84.940575 87.408249 62.259987 0.019782 
79.750214 61.923985 64.373360 67.564476 56.331009 0.000000 
85.437134 75.474709 65.815689 65.854538 77.947495 0.019782 
82.566917 79.514000 80.377350 83.294479 67.751648 0.034264 
85.080353 84.023506 82.973404 81.519928 72.951393 0.000000 
82.458260 67.820770 68.296364 66.331177 64.977211 0.000000 
83.871971 84.635307 76.326973 74.398033 61.727219 0.000000 
86.729233 91.130081 94.594620 79.433594 81.468384 0.027976 
85.777695 71.746040 73.834419 77.354576 73.009888 0.000000 
86.635941 85.982635 80.178818 68.734215 70.781303 0.000000 
92.489914 85.429329 85.000397 73.695549 73.586464 0.000000 
86.377365 82.048584 84.830185 76.660667 81.515724 0.034264 
90.193413 82.431404 85.978333 82.601982 70.675903 0.000000 
76.535370 60.367321 55.592129 58.603714 58.149376 0.000000 
83.353165 67.727348 72.520493 79.168335 60.668415 0.000000 
89.632332 83.165306 83.348221 65.584251 69.345963 0.000000 
82.480301 83.104134 82.914604 80.516533 72.586723 0.000000 
90.196312 92.909286 93.317154 91.150017 66.711708 0.000000 
87.748222 79.072334 89.545929 72.317902 85.266808 0.000000 
84.582886 76.705971 77.732269 75.351585 64.060951 0.000000 
74.192245 55.471371 54.983616 64.768402 57.674416 0.000000 
88.884308 87.819733 80.356766 82.235268 75.929337 0.000000 
78.616074 67.327744 70.197578 76.849533 81.166702 0.000000 
86.788742 73.371895 80.424065 74.615829 81.728912 0.000000 
83.493980 87.534821 88.733261 81.495422 71.975670 0.000000 
79.027664 75.009415 73.335007 73.413277 56.363884 0.000000 
89.275299 74.181351 79.325958 77.455223 88.250656 0.000000 
85.540779 80.831825 75.920929 74.886002 69.671242 0.000000 
83.017807 71.754730 72.374390 72.222610 71.369179 0.000000 
89.419617 82.605164 79.030312 94.118767 83.520378 0.000000 
82.212196 83.409142 84.912346 85.721344 88.543823 0.019782 
91.113899 93.639320 79.920830 84.152336 86.533493 0.000000 
81.996185 84.429886 89.483345 85.963570 79.016434 0.000000 
86.268105 79.574249 69.664383 75.931374 77.364693 0.019782 
83.423470 58.274578 72.066963 69.153900 64.271713 0.027976 
84.345261 69.218102 65.267487 65.689178 60.137657 0.000000 
82.115585 67.522766 69.057541 73.125397 62.948681 0.000000 
87.667549 77.193718 78.680397 76.697311 81.275299 0.000000 
86.909920 72.677330 74.728622 76.764793 59.160252 0.039565 
87.377518 79.862648 75.698021 79.843033 67.670822 0.027976 
88.574753 75.121872 76.779594 74.840088 78.458099 0.000000 
82.882652 80.788300 81.694046 80.273964 74.856209 0.000000 
95.343124 91.254089 75.121887 65.938332 75.255783 0.000000 
76.269432 88.725311 80.585617 80.327881 81.069221 0.000000 
84.312271 82.636658 80.417000 87.140297 80.713936 0.000000 
86.072777 76.038223 77.173889 70.578842 51.847935 0.034264 
87.531754 72.896179 73.784470 86.075722 70.947144 0.027976 
92.577095 67.957306 82.836952 74.128304 86.769478 0.000000 
88.977463 88.948723 81.526833 80.551323 81.259758 0.027976 
82.267799 68.989700 62.312702 63.632004 66.816574 0.000000 
90.614944 80.324394 91.531334 79.241562 83.992455 0.000000 
81.510139 65.626495 71.706360 69.107780 70.203094 0.027976 
85.170692 75.930710 82.592644 82.172401 69.910454 0.000000 
83.254974 73.057037 66.723213 74.969696 59.937866 0.034264 
78.581894 56.014675 61.693504 60.030052 63.093269 0.027976 
88.978577 70.172394 77.817757 73.607140 63.721489 0.019782 
94.027306 76.872704 72.979599 76.349129 78.578659 0.000000 
78.872665 58.801712 63.231110 68.914024 62.570091 0.000000 
85.165932 74.330063 77.402802 78.036896 65.588371 0.027976 
83.086716 65.179893 75.528259 61.014488 68.603783 0.027976 
89.246338 93.367027 89.328178 88.263542 69.688965 0.019782 
84.725693 75.250099 73.612442 74.820221 78.628471 0.019782 
84.566864 69.989502 76.247597 68.721039 59.128727 0.000000 
81.952736 74.349731 74.830307 81.433540 69.133919 0.000000 
88.124519 79.104851 92.123207 77.662628 86.747124 0.027976 
89.098000 70.538200 78.147583 77.930374 79.664169 0.000000 
86.417641 61.857475 62.181953 67.120407 66.977127 0.000000 
86.347244 80.734245 71.557686 76.907417 76.434593 0.019782 
80.541328 88.699486 84.182701 74.726868 65.396477 0.000000 
90.775696 95.396355 87.201225 81.637146 73.020592 0.000000 
84.590118 70.619202 72.553925 64.802315 50.726875 0.000000 
92.089241 78.234665 78.050201 76.033577 62.266914 0.000000 
94.356445 86.845459 82.763725 78.671371 72.898727 0.000000 
81.086678 61.377346 59.791584 61.420876 59.634117 0.039565 
85.613495 65.773468 70.436905 65.290047 61.298897 0.000000 
84.131493 85.473564 77.374481 80.675972 64.722733 0.000000 
87.099648 80.769691 80.332649 79.146729 81.734833 0.000000 
88.680733 72.528206 74.340500 82.672020 80.540962 0.019782 
85.222664 79.288391 77.476387 84.023163 76.701561 0.027976 
84.186203 64.533195 66.419601 68.508553 60.710545 0.019782 
82.973648 78.959473 86.347786 81.806984 77.490829 0.000000 
82.039696 68.967072 74.216309 69.944221 66.075493 0.019782 
89.024246 71.221863 79.549568 73.180115 89.070465 0.000000 
82.792732 72.874054 76.856636 75.178238 62.754436 0.000000 
88.344543 91.230461 85.331100 76.929459 66.311195 0.000000 
91.013672 91.710548 83.404396 75.170982 89.938904 0.000000 
90.127373 86.026535 86.733711 85.780235 84.789627 0.000000 
85.501625 70.859581 73.207993 69.935890 78.333664 0.000000 
86.198807 84.270721 83.063499 70.561089 76.433205 0.019782 
87.334259 78.724930 84.742973 73.317764 72.772964 0.000000 
83.616524 79.987587 74.261963 80.893326 71.825691 0.027976 
82.158714 68.253487 79.161400 73.885666 63.513577 0.000000 
86.893211 70.054390 72.769524 67.657135 60.823978 0.019782 
79.071815 73.463425 70.055748 72.441925 55.222660 0.000000 
76.415527 57.408424 66.642891 65.179016 55.156418 0.019782 
87.851112 87.144989 80.711777 89.722588 76.585228 0.000000 
84.413124 70.286285 82.228111 82.020599 72.464714 0.000000 
78.527252 63.822105 75.199585 67.022400 61.388645 0.034264 
78.576477 68.930077 70.836761 75.528160 57.919632 0.000000 
88.232918 90.316841 84.425400 92.684418 66.834618 0.000000 
85.155510 90.676262 87.994156 79.603699 59.964291 0.000000 
94.299568 88.030060 83.290665 85.470535 66.291100 0.000000 
84.464508 70.167870 71.866806 68.595604 65.078758 0.019782 
89.483505 90.406326 86.529854 82.376312 75.404655 0.000000 
83.940758 82.754204 83.088600 79.499039 64.109596 0.000000 
88.497002 87.199562 89.774818 79.957085 74.570358 0.000000 
76.626488 53.070026 59.626648 69.508385 59.208027 0.000000 
88.816422 86.091423 80.914040 84.508904 74.746948 0.019782 
84.571541 63.824604 72.226395 65.928696 71.536545 0.000000 
87.729416 84.853836 88.577560 76.862206 72.339691 0.000000 
86.315132 71.195961 71.296814 76.620758 73.174171 0.000000 
85.218445 76.776886 76.603500 75.726746 69.508705 0.000000 
84.206589 73.378738 72.280998 68.638725 61.074196 0.027976 
92.602509 90.187675 86.854103 79.605759 64.128113 0.039565 
90.485664 74.773392 80.749611 70.047607 76.015709 0.019782 
82.749535 66.312279 67.871704 69.023933 70.362602 0.000000 
87.985672 76.423470 79.614021 72.772408 69.622986 0.034264 
89.381126 84.548042 70.232048 84.432098 71.792221 0.019782 
91.111702 77.179428 74.395058 77.038040 64.192947 0.000000 
89.314583 85.921417 94.286285 81.949852 81.844559 0.000000 
86.694046 75.184181 76.050323 73.858795 69.424194 0.000000 
81.738594 78.645630 71.990601 86.013412 71.768997 0.000000 
89.274300 93.992989 79.911499 83.620728 77.337639 0.000000 
88.245979 81.974709 78.391701 81.677704 73.674133 0.019782 
82.048553 74.286491 78.524254 82.582550 76.344582 0.027976 
94.706017 93.152122 79.823959 82.369362 71.787575 0.000000 
83.782883 77.916412 82.417648 76.173431 69.447395 0.000000 
84.339432 61.228027 60.260979 59.371952 55.969578 0.000000 
89.134781 80.798439 84.059547 80.326881 81.926071 0.027976 
97.505447 82.978966 88.494690 83.697510 80.481964 0.000000 
90.317444 84.454491 85.454430 75.764862 87.370453 0.000000 
91.997650 89.667503 88.675110 91.350571 91.706459 0.000000 
84.207825 81.244934 74.315933 84.331665 68.593842 0.027976 
90.527138 87.369331 91.353600 79.091972 59.325901 0.019782 
82.490776 52.316593 61.525177 62.448856 64.799652 0.000000 
87.705414 76.863625 76.269089 80.514832 79.117584 0.027976 
84.445274 70.113083 72.118423 72.889214 78.919411 0.000000 
92.650917 90.883919 89.501053 80.239517 89.044556 0.000000 
90.061646 84.846519 76.205200 74.469505 82.916504 0.000000 
89.405876 92.634895 86.287170 83.561470 81.910812 0.019782 
78.445808 61.736069 66.629128 70.206825 53.067001 0.000000 
87.679993 80.705444 80.066109 73.677101 75.822731 0.019782 
85.366982 73.691513 72.231422 69.615051 71.539398 0.000000 
92.566772 85.628418 86.083633 88.301544 74.395897 0.000000 
91.837349 80.991692 93.059021 69.532249 75.818367 0.027976 
80.814949 79.439240 77.053902 75.237671 64.445221 0.000000 
84.721375 87.214050 96.528732 87.547768 71.130737 0.027976 
89.778770 73.257912 72.312035 75.891861 63.159046 0.019782 
89.087646 82.089813 78.185074 75.420616 64.179497 0.000000 
92.615707 83.744850 80.605927 90.427269 65.846489 0.000000 
85.512611 67.080124 68.154213 62.067333 61.643761 0.000000 
83.898254 77.569305 72.168655 81.676323 66.227661 0.000000 
84.753319 65.276894 56.794945 58.841175 73.036308 0.000000 
83.955803 82.347137 80.953621 73.415871 72.154823 0.000000 
89.645126 72.416801 88.904778 84.362679 75.707092 0.039565 
89.695007 79.159874 80.522270 80.202187 67.793861 0.019782 
86.725449 78.860497 74.278770 72.817940 67.828506 0.000000 
91.007057 83.878082 82.022331 81.880264 67.994553 0.000000 
92.074097 78.801003 90.065994 79.026733 71.155884 0.027976 
86.204689 67.685165 73.988762 71.882233 61.099316 0.019782 
94.482712 82.883812 74.178841 76.633957 64.763809 0.019782 
91.717239 87.537514 79.012077 78.952141 80.108963 0.000000 
83.130585 87.477417 89.733589 82.107475 87.071983 0.000000 
87.665367 64.899483 71.585434 73.513817 60.568657 0.000000 
88.315498 88.573563 80.256363 75.116402 69.134377 0.000000 
86.684174 73.173325 75.792389 82.780472 72.143471 0.000000 
85.202492 71.726349 81.516312 69.125969 59.914867 0.000000 
78.177734 63.480247 68.774010 67.050980 58.487740 0.000000 
89.324417 62.584137 64.935783 59.284470 77.244301 0.000000 
82.450516 65.616570 66.545593 74.922928 59.071217 0.027976 
81.353035 77.437569 66.983818 70.010315 67.996117 0.000000 
81.631584 69.258232 70.536934 70.363907 59.371792 0.034264 
91.511551 90.878159 84.974808 82.264297 90.889709 0.019782 
90.525337 77.950851 93.687561 68.898956 73.136284 0.027976 
89.388939 84.971817 96.763550 82.857475 78.552887 0.000000 
85.326546 82.332253 86.398079 83.073669 59.653122 0.000000 
89.006737 76.193214 75.869736 75.669525 80.345497 0.000000 
82.362686 66.345299 73.781563 72.033615 53.453438 0.039565 
88.708519 96.272408 85.444527 80.511024 69.338676 0.000000 
88.020004 84.315666 78.437401 78.049873 71.534294 0.000000 
89.894341 88.639885 89.141296 80.963516 85.126785 0.000000 
83.314468 58.669670 66.175087 65.097862 61.409306 0.027976 
87.456200 80.577919 83.186409 79.159966 55.734749 0.000000 
92.426292 94.320885 86.730904 88.902466 68.594177 0.019782 
89.258636 69.122581 70.204521 70.835983 63.673199 0.000000 
77.850182 64.659386 64.199806 67.973618 59.202560 0.027976 
89.562164 85.965530 91.231827 78.437820 89.902489 0.000000 
90.735100 86.209862 85.672897 69.671661 69.220840 0.000000 
91.255402 84.790955 83.358894 72.503014 73.060875 0.027976 
90.853638 89.412476 88.789314 75.876381 67.997841 0.000000 
91.837761 91.639893 91.663727 84.353989 67.743774 0.000000 
90.948044 90.559792 80.641068 85.698341 70.737106 0.000000 
92.427315 91.115204 84.029610 89.293396 70.479515 0.000000 
83.809761 81.710686 92.442940 74.309685 69.663353 0.000000 
91.497742 83.718811 90.603912 88.859329 68.020447 0.027976 
86.200668 82.035400 91.123688 84.065872 78.067909 0.000000 
89.015236 80.723198 83.935760 82.664429 87.602127 0.000000 
88.654816 82.646065 82.632011 80.675964 60.877724 0.019782 
86.606483 80.669914 87.475723 85.592850 71.972855 0.019782 
83.207802 67.935944 61.075779 71.752457 65.026192 0.019782 
84.920975 72.496544 74.726967 76.663719 75.695305 0.000000 
83.227715 65.181747 72.434669 71.032806 68.030655 0.000000 
88.154503 85.039017 82.743759 78.970757 71.633881 0.000000 
85.898399 74.363266 80.099396 77.788109 73.302216 0.000000 
86.076935 89.717537 79.195854 87.521957 75.221619 0.019782 
91.118286 74.521896 70.476753 67.229172 54.340706 0.000000 
86.714134 76.145683 67.004074 74.142044 57.688259 0.000000 
87.190506 73.338226 66.691856 65.054680 69.001152 0.000000 
86.763199 81.891724 82.930145 74.701057 72.830109 0.000000 
89.581238 76.992523 82.279488 77.864990 67.699303 0.000000 
82.495636 68.844925 68.250114 66.559929 59.475792 0.000000 
76.187302 65.229324 67.095238 72.109840 62.679398 0.019782 
88.152290 78.998184 88.167084 88.091995 85.556335 0.000000 
93.630875 91.404495 82.466675 78.078812 84.962914 0.034264 
76.875755 69.173393 67.791183 65.599899 56.736786 0.000000 
84.490341 63.638912 55.042084 65.522522 52.338570 0.027976 
87.271599 83.267967 80.210541 76.621223 69.751709 0.019782 
86.015434 77.725662 82.753166 75.717331 67.057739 0.000000 
88.614349 86.496384 79.925095 79.093437 86.234581 0.000000 
78.321381 56.591663 60.652359 64.447838 73.098770 0.000000 
90.007660 90.757629 80.989227 80.973282 74.905708 0.000000 
88.672325 79.894714 76.604729 69.698830 71.196808 0.000000 
87.500626 77.307343 72.989243 73.581467 69.406013 0.000000 
88.642532 85.246788 83.185089 71.478348 61.771130 0.019782 
85.609329 78.599564 84.282814 86.412590 68.406296 0.019782 
80.011330 72.897713 71.154640 71.920921 59.340477 0.019782 
88.907257 88.320953 85.063240 83.692184 67.020889 0.000000 
93.841270 81.381447 81.563560 77.216377 68.183716 0.000000 
90.054459 80.235283 88.248703 89.338821 89.985191 0.000000 
87.768196 85.241104 90.617897 78.980873 69.350403 0.000000 
87.211571 73.360565 68.268707 76.659622 62.695518 0.000000 
83.352219 79.249962 76.508469 88.952843 72.829918 0.019782 
90.898872 86.431839 82.996635 77.594910 75.360802 0.000000 
90.354660 82.799141 78.906715 67.948845 84.223885 0.000000 
89.343826 83.256859 83.284813 72.120461 74.350128 0.027976 
83.362549 89.897652 88.256561 78.945412 78.491188 0.019782 
87.239044 74.053024 67.992630 66.175758 54.021225 0.000000 
90.154961 92.848557 80.858963 86.533073 77.724487 0.000000 
90.724350 90.773033 89.256775 75.109398 76.402077 0.027976 
89.428467 81.400978 96.240845 86.729279 70.966087 0.019782 
88.617599 84.268059 86.544800 80.145142 83.057663 0.000000 
93.870125 80.512253 83.797623 82.222992 72.364746 0.027976 
81.366852 65.873962 72.936905 75.637238 56.111294 0.000000 
90.020508 87.340645 82.680565 82.980568 74.266624 0.019782 
76.820984 66.158920 73.724922 71.936371 76.755318 0.000000 
84.678711 66.878235 66.547256 71.591629 62.667469 0.000000 
89.448700 88.333206 78.466843 80.251068 68.536911 0.000000 
96.972656 90.565613 91.709923 81.010681 72.346169 0.027976 
92.650017 79.681023 79.583954 86.305000 81.437393 0.000000 
81.598099 75.496750 75.952873 64.838394 61.229664 0.000000 
83.618736 79.459290 78.274063 81.955750 68.546570 0.000000 
88.854851 79.746849 86.877625 76.123749 74.531609 0.000000 
83.677200 74.034203 80.234016 80.547112 56.526924 0.000000 
88.570992 83.482368 85.588219 88.787094 68.275993 0.000000 
88.576103 76.623940 72.119781 75.546150 62.957069 0.000000 
86.648918 66.723274 67.919357 56.389229 70.288345 0.019782 
79.802277 72.018707 76.210449 72.964828 65.859535 0.044235 
83.126778 78.451157 77.423370 78.336159 67.850143 0.000000 
82.997162 85.919044 78.576088 79.599625 65.710442 0.000000 
87.227737 77.378906 76.928787 71.234718 65.155769 0.000000 
89.907997 86.455948 83.601273 74.615204 80.949501 0.000000 
87.205658 79.516884 81.295303 78.916367 74.859474 0.019782 
89.898651 82.706093 85.798515 94.146461 68.655762 0.000000 
87.811592 79.676651 84.633995 85.240143 70.926880 0.000000 
93.985397 81.572060 80.778519 78.430679 69.929039 0.000000 
91.977867 97.970985 85.663826 83.268776 79.704834 0.034264 
89.435455 86.102959 81.663628 78.923447 66.962463 0.000000 
87.498833 83.437096 80.080040 78.518723 73.438667 0.000000 
92.208717 71.081696 69.755173 71.747635 84.541267 0.000000 
84.082321 77.252853 85.098785 85.782585 72.406578 0.019782 
86.493759 85.347275 84.438629 80.553703 78.479919 0.027976 
92.981903 80.417755 84.928131 81.473839 74.206924 0.019782 
82.956680 76.537804 76.392372 76.661957 67.032722 0.027976 
78.221191 68.996925 71.191551 69.315331 72.871597 0.000000 
91.205025 80.930672 83.733902 88.027283 65.545349 0.044235 
85.384659 63.991146 67.462418 76.579163 59.736572 0.039565 
88.244392 85.044075 91.822914 79.243019 79.344223 0.000000 
84.761330 67.818573 67.483620 73.019936 73.250778 0.019782 
87.464546 74.178444 78.584633 66.349083 60.791561 0.000000 
86.718643 81.031616 82.284538 80.236069 87.528503 0.000000 
90.404556 81.438118 74.658051 76.782570 53.917809 0.000000 
85.385994 75.502434 85.072357 85.403625 72.972420 0.000000 
88.413528 94.172485 80.177574 80.913689 66.347664 0.000000 
86.830551 84.946945 80.696693 89.998543 74.056076 0.000000 
92.984856 88.357254 82.928322 87.894485 74.723862 0.000000 
88.650467 80.264198 79.797951 89.093933 59.265289 0.019782 
89.052338 79.518341 75.569244 73.266731 67.503464 0.019782 
83.004616 70.448441 68.079788 69.583557 61.938721 0.019782 
82.432175 69.004654 73.737770 65.768707 62.636574 0.000000 
85.864723 78.422722 76.419861 82.712616 81.936188 0.000000 
87.184784 75.796425 85.681282 83.164780 65.940773 0.000000 
91.127655 81.205757 90.774498 81.776466 75.195358 0.000000 
89.489777 77.575867 85.064369 80.703766 60.773834 0.000000 
92.216057 79.784012 82.460678 78.370354 83.125427 0.019782 
87.810699 75.205620 81.004402 82.127800 67.950645 0.000000 
89.018532 60.076141 64.322472 67.854210 60.205482 0.000000 
92.030304 83.694473 88.374702 82.538719 75.532745 0.000000 
87.814980 82.962357 79.185905 73.732399 68.800003 0.000000 
80.714539 72.883507 69.369583 70.828545 64.975807 0.000000 
84.193367 74.778664 71.556625 74.695457 64.112801 0.000000 
90.681633 91.707611 88.843407 88.933174 84.335663 0.000000 
88.500832 84.337914 73.897507 82.211166 66.059334 0.000000 
89.888733 84.351135 79.229263 78.142998 75.650398 0.000000 
92.970985 76.644257 84.190109 87.217140 91.137222 0.000000 
80.951042 68.821869 78.693062 69.136360 59.621300 0.000000 
83.911690 82.976639 84.320038 75.017586 73.214851 0.000000 
84.328209 62.714149 71.156517 76.281029 72.649574 0.019782 
83.592758 85.296951 80.801697 80.920998 64.263321 0.000000 
82.550629 83.014000 85.002731 75.860977 59.596905 0.000000 
90.895088 84.107620 77.822556 91.343887 70.030991 0.000000 
88.113602 71.435165 74.178551 69.464439 61.828556 0.019782 
88.338722 83.911209 72.210915 74.245087 71.886398 0.000000 
91.495720 87.761086 81.817062 81.295792 74.425484 0.000000 
88.245911 74.197777 83.138062 68.020950 84.747398 0.000000 
85.338783 78.835495 76.432274 73.895905 72.690254 0.000000 
84.012016 87.522400 86.950073 82.915810 78.458282 0.000000 
85.598763 64.689384 71.443878 65.494858 60.315170 0.000000 
86.449921 80.474083 79.461937 82.741821 70.957115 0.000000 
81.698738 74.976738 68.354462 67.587128 55.902740 0.019782 
87.943420 87.558762 85.300423 83.953735 71.219643 0.000000 
89.063835 83.823723 87.379906 82.456856 63.612171 0.000000 
93.665802 82.628418 78.528404 77.510765 77.330917 0.019782 
87.641693 85.384636 82.381599 86.686020 61.280457 0.019782 
89.016006 86.916206 77.221115 83.249016 69.001434 0.019782 
89.672180 80.481476 78.765930 74.125214 67.777000 0.019782 
85.225838 81.632736 83.702736 82.972916 69.552101 0.034264 
87.781273 85.814789 79.654892 82.368492 70.314629 0.000000 
85.484810 80.912819 82.438568 86.256798 71.108429 0.000000 
83.551163 66.795311 68.822739 75.688637 81.757118 0.019782 
89.992470 88.081436 83.357536 84.541168 65.848183 0.000000 
94.986488 86.279266 89.787704 82.858047 68.484848 0.019782 
91.153610 60.726826 58.716122 60.787369 56.277206 0.000000 
86.611145 86.036705 79.485138 75.213333 78.962486 0.027976 
90.464684 96.843163 94.258347 87.991875 82.371407 0.000000 
84.300308 76.399391 76.335030 81.494827 58.330002 0.000000 
89.489067 60.151932 66.786446 57.210274 71.126823 0.000000 
88.979538 87.042580 78.619133 84.933052 64.279556 0.000000 
81.991188 87.434723 86.540894 72.432289 90.285881 0.000000 
87.237030 80.956802 84.016068 85.143150 74.259239 0.000000 
87.145020 83.865105 89.741547 77.658768 73.227943 0.000000 
91.275063 87.327202 89.415176 81.902573 60.556648 0.000000 
91.360985 81.583969 74.898613 69.864639 67.105003 0.000000 
84.363655 72.364090 71.861458 68.952774 55.899605 0.000000 
91.909317 84.356430 82.011536 81.377609 60.928783 0.000000 
93.081955 85.342010 89.105011 79.072182 76.615135 0.019782 
87.724648 84.513435 80.499413 85.320984 72.395836 0.000000 
81.256432 67.880898 72.815178 64.894356 71.163406 0.019782 
82.287315 72.919479 74.392029 79.791557 65.701683 0.000000 
94.512962 84.798592 88.178627 81.240997 71.354973 0.000000 
88.298264 79.660370 80.116692 73.137222 71.975243 0.000000 
81.546867 72.436203 75.916542 75.144608 61.420174 0.000000 
86.681305 64.199776 65.552078 63.343975 56.879498 0.000000 
92.842384 84.851013 82.733643 81.866959 68.994278 0.019782 
82.796234 74.605675 69.349426 73.056000 74.946999 0.000000 
88.346992 90.479103 89.147903 90.146866 63.046436 0.027976 
84.905251 73.978973 72.519547 71.862633 64.263832 0.000000 
87.342346 75.319893 70.827660 84.845985 78.637589 0.034264 
87.954140 85.461632 80.640503 80.594391 72.330986 0.000000 
87.478813 67.986732 66.055450 65.929222 56.714542 0.000000 
87.963898 82.316750 82.972672 79.075050 67.144279 0.000000 
90.499496 83.929932 91.617943 91.780846 69.744118 0.027976 
84.665344 79.195625 79.361702 75.893036 71.820732 0.000000 
78.029877 65.291496 68.848640 73.358345 65.253448 0.000000 
90.280685 89.756027 80.123627 84.363510 73.461494 0.019782 
82.906143 76.871376 75.383568 79.865532 81.524857 0.000000 
87.467072 78.498055 69.684532 76.663689 73.518280 0.019782 
87.688171 74.053047 78.010712 71.191879 64.454567 0.027976 
88.062691 80.639610 74.258400 91.358597 69.480469 0.000000 
91.028053 85.951012 77.301765 78.628632 81.228157 0.000000 
83.630699 69.301559 69.541595 71.146965 60.930626 0.019782 
90.231331 74.123260 79.519569 69.801712 67.479088 0.000000 
88.845032 85.766068 80.791725 85.294952 73.851433 0.039565 
86.127991 84.971893 89.697311 83.155327 69.635345 0.000000 
85.319000 75.331909 74.866348 79.017731 61.654053 0.019782 
81.688362 76.131302 71.350899 73.591446 59.984760 0.000000 
81.406273 67.470680 72.744804 71.480797 57.191906 0.000000 
85.164978 66.428741 68.817711 70.732010 51.748669 0.000000 
91.848648 76.824608 79.884743 85.354538 75.555260 0.000000 
87.205460 82.517220 82.677422 75.413589 66.059891 0.019782 
83.588387 81.410789 75.184700 76.393219 66.445572 0.019782 
88.194702 91.063240 82.793350 76.629723 72.410088 0.027976 
95.857605 87.158623 78.654488 73.310570 83.596474 0.000000 
86.013069 71.356468 74.637115 65.745728 58.951077 0.019782 
88.412041 85.842865 79.167061 90.531136 81.872742 0.000000 
87.840546 85.751183 76.898972 83.298073 67.993057 0.000000 
87.667969 80.540962 84.296379 80.154343 61.436749 0.000000 
91.425323 93.369499 76.766098 84.544212 82.145386 0.027976 
90.790359 90.685890 90.410454 91.909317 78.891670 0.000000 
88.243347 90.286217 84.896240 96.149376 65.127121 0.000000 
85.412193 81.098106 80.021370 77.363739 56.901955 0.019782 
84.303787 84.130585 82.403320 84.173447 64.479973 0.000000 
90.883469 79.603355 75.276199 84.472069 75.998695 0.000000 
87.341545 87.745193 87.877739 87.290344 71.588951 0.027976 
96.042992 81.352455 79.105499 80.993034 83.299309 0.019782 
87.032242 74.358337 81.180176 78.555542 66.706139 0.000000 
84.160683 80.969475 88.172058 84.426102 77.637604 0.000000 
84.299881 74.431023 69.539261 71.598572 56.066673 0.000000 
78.416420 70.406120 71.230759 68.158730 56.418655 0.019782 
82.437836 73.631371 79.604935 77.268349 65.262253 0.019782 
92.980850 89.202682 84.449791 91.549828 73.316116 0.027976 
90.700294 83.928848 90.518555 81.396980 77.976089 0.019782 
88.967186 79.371498 78.607002 79.546913 78.705429 0.027976 
92.892975 87.487503 79.047729 76.638802 72.049202 0.027976 
91.800758 87.761940 90.803703 89.276772 69.919266 0.000000 
83.184898 80.535179 79.573639 83.004227 69.541039 0.027976 
83.455315 69.188881 64.074013 66.073601 64.334877 0.000000 
90.458107 78.177963 91.497078 85.069557 77.716400 0.027976 
91.562157 80.230667 81.326180 82.556740 73.712204 0.019782 
83.160797 87.701782 87.194527 77.931717 67.851913 0.027976 
90.302078 81.483963 86.106636 87.787476 69.938889 0.027976 
90.527611 85.714142 85.459579 80.804535 62.462025 0.000000 
92.232689 83.899666 87.307137 85.634758 74.553459 0.019782 
82.679359 91.903038 76.078705 84.117516 79.007103 0.019782 
89.406166 85.964523 88.374870 81.136154 66.155975 0.000000 
86.162125 75.806305 80.034729 73.476845 59.819805 0.000000 
88.844368 83.938484 76.735733 81.508514 71.057030 0.019782 
90.766838 84.248924 85.844978 74.701317 56.654350 0.000000 
86.159531 84.496323 79.198891 78.382057 70.688492 0.000000 
86.686157 65.646461 72.674683 68.041901 57.936279 0.000000 
94.460365 83.930748 77.049957 86.910088 70.652977 0.027976 
86.793404 89.236977 85.449829 84.578705 74.297241 0.027976 
92.916321 78.910751 78.359825 68.835274 77.561493 0.019782 
84.301971 75.227242 74.464966 74.360825 69.076965 0.000000 
85.714554 72.149170 68.807938 69.214233 54.979279 0.000000 
85.641876 72.283546 76.029556 77.494164 68.901871 0.000000 
90.354179 84.393234 81.278595 80.839073 69.164101 0.000000 
81.007095 54.188385 60.912525 65.519600 72.807724 0.039565 
86.817238 84.747932 85.974258 81.403099 69.149483 0.019782 
84.697159 71.342873 73.811981 75.386421 57.634274 0.027976 
84.196068 73.810257 74.013771 78.710228 69.300797 0.027976 
89.560707 68.252991 71.667931 66.175949 63.038334 0.019782 
86.715584 85.050865 81.696785 81.048759 65.914291 0.000000 
95.935158 82.864952 76.341454 75.138550 73.829475 0.000000 
86.907455 77.884094 75.259369 82.557846 65.049118 0.000000 
87.149590 83.520683 84.046844 91.977135 66.236336 0.000000 
90.652908 78.490196 84.934753 87.542870 64.046738 0.000000 
93.390625 84.807335 83.710648 79.875244 68.857910 0.027976 
89.546913 79.845703 84.433403 83.801727 71.605911 0.000000 
83.348694 73.977318 77.688660 87.307404 81.839630 0.027976 
88.028107 90.783012 91.175049 75.533073 69.626549 0.027976 
87.389824 85.446190 86.731758 69.782425 78.704216 0.000000 
85.491135 85.031204 87.562561 87.868980 57.136734 0.000000 
83.724495 89.656853 81.294548 88.962875 65.689735 0.019782 
85.037590 78.029053 82.529205 81.928619 84.695427 0.000000 
87.410995 90.637344 86.129623 89.039970 71.031509 0.019782 
93.500656 84.436287 85.955505 76.488091 76.063553 0.000000 
97.597740 83.140640 80.940468 79.961517 68.824280 0.000000 
85.451210 78.183083 68.536652 80.222580 68.385300 0.019782 
88.311066 87.638351 79.048401 77.924820 63.536125 0.000000 
87.869614 82.428101 86.923347 82.424889 67.593437 0.000000 
83.899521 84.423630 84.538857 82.781754 67.152565 0.000000 
86.754372 83.916733 86.832947 88.542419 70.693504 0.000000 
94.191948 84.758774 82.167717 79.469986 78.252495 0.000000 
89.300095 76.301125 78.932281 72.940514 68.987350 0.027976 
91.958801 82.730560 81.017387 79.605217 73.748245 0.000000 
89.145622 75.379646 77.477043 79.558678 71.238205 0.027976 
87.276665 77.164635 75.599289 82.948105 65.299294 0.000000 
91.040138 84.482788 81.691406 71.928452 84.164810 0.000000 
77.176308 64.888008 68.155045 70.350945 64.239975 0.000000 
94.213959 82.703163 80.830093 74.300804 71.182777 0.000000 
89.573067 72.834633 75.811111 76.749199 89.304832 0.027976 
85.427017 77.037842 87.269180 84.275383 71.514809 0.000000 
88.157326 77.581642 78.447067 80.195045 62.106770 0.019782 
86.216232 79.014503 79.285789 75.161674 62.985737 0.027976 
84.126877 75.951233 82.415932 85.745216 78.367828 0.000000 
85.062386 82.911530 74.892326 74.958908 65.035088 0.000000 
92.270630 84.050514 92.037743 85.669991 74.972557 0.000000 
86.856827 91.471115 85.168297 84.706367 72.947266 0.000000 
90.751205 88.091522 82.683571 88.373642 76.509819 0.000000 
82.960213 73.781998 79.502998 81.035393 57.615223 0.000000 
86.125153 89.224586 92.288277 92.979851 68.705116 0.027976 
87.542061 87.788712 85.214958 85.437660 77.557968 0.027976 
88.525375 80.047897 81.022469 74.589088 65.445236 0.000000 
87.817139 90.865463 84.393486 87.730080 63.040169 0.000000 
83.544746 75.304428 76.373062 77.876625 84.574066 0.000000 
98.219666 95.762070 80.761292 76.959053 93.044426 0.000000 
93.344887 87.857811 89.381660 79.780418 74.858437 0.019782 
92.403229 69.038307 83.613480 74.274780 68.376152 0.000000 
85.830475 82.903351 86.483673 86.348175 71.741951 0.019782 
92.187363 86.530518 90.173096 80.578781 73.049835 0.000000 
88.692291 86.145996 86.490059 73.702057 67.182320 0.019782 
85.627457 67.182053 70.668289 68.374229 63.358677 0.019782 
93.075874 85.407364 87.271980 86.845589 72.971703 0.000000 
88.425468 97.018715 88.652100 76.596794 75.014137 0.000000 
85.974792 86.570045 80.082039 81.756088 80.332977 0.000000 
95.053352 90.799332 86.333473 85.245819 71.300278 0.000000 
83.335182 65.454987 72.301392 74.894493 62.800106 0.000000 
92.071121 84.381966 81.639656 90.368561 86.630394 0.000000 
86.060272 83.742287 86.476295 83.773712 77.458305 0.000000 
90.253189 86.582710 89.546478 77.592514 72.867577 0.000000 
85.190849 66.172539 68.215202 79.060875 55.364052 0.027976 
86.285942 68.665215 71.420441 68.500549 62.223450 0.000000 
89.682892 85.051956 80.297890 77.754684 75.658691 0.000000 
90.074692 71.912674 67.501152 77.872673 59.030064 0.000000 
83.322517 64.615791 68.770134 64.793571 73.179329 0.000000 
85.082741 68.722076 71.948296 68.835388 59.327034 0.019782 
84.275627 82.615097 75.520874 81.859154 76.183502 0.000000 
86.105316 71.543114 70.767494 72.590714 64.934502 0.027976 
88.926979 88.481895 83.471451 81.999115 79.456711 0.000000 
82.580711 65.234871 60.726406 60.781891 67.072205 0.000000 
87.468285 76.495682 85.451347 78.514725 75.161926 0.000000 
84.625023 73.336044 74.202728 75.923424 64.096359 0.000000 
91.766830 86.022911 87.527977 85.226219 79.928078 0.019782 
85.357140 81.916542 79.218628 82.259659 66.976730 0.019782 
86.489021 78.118042 75.684601 82.992332 65.663460 0.019782 
91.632568 83.774521 87.832886 81.099686 77.134880 0.000000 
84.188606 83.290207 81.460495 86.936501 62.078712 0.000000 
90.864372 89.324768 94.483322 92.649902 82.713562 0.000000 
87.301826 82.587723 81.147408 74.931839 58.677536 0.000000 
83.174980 73.251984 75.310867 65.558136 80.093971 0.000000 
87.986237 94.591179 86.158630 78.687744 66.597374 0.034264 
87.549263 83.411819 83.641769 78.591316 79.674103 0.000000 
87.138138 84.103340 84.767006 90.059326 70.064133 0.000000 
92.112007 85.223892 84.978371 73.759682 75.398659 0.000000 
76.884476 69.896904 66.872711 67.185280 51.443802 0.027976 
87.720825 86.860245 86.125969 88.051460 93.977005 0.000000 
80.718895 76.457291 90.160942 75.690681 66.020752 0.027976 
90.959152 77.700600 86.247330 82.885094 74.032097 0.019782 
94.369522 90.607780 79.324928 81.963654 75.789825 0.027976 
91.583252 75.345299 74.145210 74.155037 72.994347 0.000000 
86.336525 91.396988 90.036545 89.427673 71.999115 0.000000 
86.552345 68.290779 87.671394 78.695763 69.346146 0.000000 
88.730453 82.726707 80.554192 80.183243 74.804886 0.000000 
90.900230 84.928215 82.440559 88.165344 79.062805 0.000000 
85.242523 81.364601 80.540100 84.615295 74.033501 0.034264 
84.650520 80.052086 86.754509 85.333466 70.303734 0.000000 
86.582954 66.286591 63.341381 67.675713 60.768116 0.019782 
83.716019 73.328270 72.621376 74.776970 64.494576 0.027976 
77.575317 68.529411 75.671860 68.181175 64.382347 0.000000 
90.454254 83.943382 79.039391 74.713448 63.656029 0.027976 
89.305359 81.285301 78.848610 76.610825 74.357956 0.027976 
91.068512 81.271027 82.352615 80.418114 69.996552 0.019782 
86.223732 82.087143 79.052895 81.335960 65.323204 0.000000 
88.588814 94.019112 80.382683 84.233925 70.482384 0.027976 
84.713753 80.674629 75.222198 76.614540 70.511765 0.019782 
85.585342 87.581253 82.745216 69.451515 77.576172 0.027976 
92.401337 88.584053 84.377373 80.416168 74.252098 0.000000 
85.449379 85.306992 73.883492 73.779335 69.850174 0.000000 
87.685509 75.322166 82.354988 74.860916 69.743057 0.019782 
89.815514 84.770500 79.629990 86.794044 77.814072 0.000000 
87.355911 86.504654 83.538506 76.688301 67.378281 0.000000 
81.242081 70.246384 60.626694 71.845749 62.551136 0.000000 
85.897514 68.651527 71.830322 69.670372 72.366531 0.000000 
90.441513 89.742470 84.999474 84.544365 66.121346 0.019782 
87.266388 76.088402 78.026283 79.233688 61.038502 0.000000 
86.069229 89.057808 73.734093 79.174545 63.825840 0.000000 
85.730553 73.132225 83.230804 71.355507 70.239357 0.027976 
89.593506 81.967133 81.125023 79.067863 60.697117 0.027976 
87.151176 86.039223 86.554550 89.033112 74.311607 0.000000 
85.206230 64.211754 63.497097 70.799126 67.899124 0.000000 
89.424164 82.953140 83.534050 76.948021 71.279099 0.000000 
83.123505 77.435837 77.293900 80.376625 69.601265 0.000000 
83.621300 77.646164 82.289162 77.960106 59.704597 0.000000 
83.640007 76.467010 70.374672 91.401840 71.699066 0.027976 
89.494385 87.641594 88.818787 81.386230 65.986893 0.000000 
82.494362 79.863052 74.855186 75.192589 66.671288 0.000000 
87.111099 86.361153 89.697006 82.144913 78.593628 0.000000 
84.807159 70.916626 74.527191 66.354713 63.707829 0.019782 
90.491081 82.124336 84.211197 76.202393 69.815712 0.000000 
82.982933 75.445755 79.678505 79.933403 65.203697 0.000000 
88.056381 68.493866 74.389595 70.749763 58.122948 0.000000 
83.973282 89.149673 87.156021 83.474472 73.699677 0.000000 
89.917778 90.790443 91.737450 95.123398 90.080566 0.000000 
86.022011 77.731430 76.981514 79.203926 70.269753 0.000000 
78.871689 75.164024 76.419907 69.881737 64.963463 0.000000 
85.606232 70.651215 83.704819 72.195625 72.636299 0.027976 
79.948235 75.564789 71.639748 75.064117 64.622116 0.000000 
91.482887 81.450768 74.946030 74.131653 72.069801 0.027976 
86.453209 85.553513 87.549240 85.260262 64.423622 0.000000 
85.941780 82.711586 85.498215 73.469879 71.949966 0.000000 
86.597046 75.077560 79.835854 79.401932 64.980766 0.000000 
93.484184 82.571938 82.230560 78.679558 54.071907 0.000000 
87.407310 81.650414 77.998245 88.474419 67.088776 0.000000 
88.613396 79.922630 81.281746 86.159569 60.327740 0.027976 
85.562836 86.102959 85.505768 81.043091 74.759521 0.019782 
87.020515 71.473671 71.227127 78.507416 69.115997 0.000000 
87.713493 82.164665 82.946007 68.022194 71.936386 0.027976 
83.563995 92.443695 75.932541 74.794769 69.770218 0.000000 
92.672585 83.283157 81.931290 82.670326 65.955719 0.019782 
83.544853 66.633766 64.342194 65.069901 66.932953 0.019782 
87.405296 86.669304 83.857544 79.583374 60.389175 0.000000 
87.687302 82.695335 86.263969 86.812248 53.008457 0.000000 
88.598602 78.992699 80.002541 81.893585 73.923615 0.000000 
85.069275 84.063553 76.905319 73.909996 73.484024 0.000000 
85.491798 79.045853 78.049446 75.352837 79.979774 0.000000 
90.130119 77.730194 79.091171 80.461662 72.741287 0.000000 
82.990952 75.715210 79.329880 76.703629 61.326912 0.034264 
90.910645 88.454613 92.733154 89.309395 75.236206 0.000000 
91.429161 86.799477 84.224854 91.320679 72.432320 0.019782 
89.318771 92.930519 87.170563 88.037537 67.469841 0.019782 
90.177170 74.353500 81.298569 71.830269 61.641270 0.000000 
87.741959 88.015839 93.275307 86.671135 90.804901 0.019782 
81.898315 88.874352 79.183235 81.865181 77.518448 0.000000 
81.294800 69.994408 72.878151 68.073486 63.920692 0.000000 
90.216087 93.118546 81.277382 71.780884 73.726967 0.000000 
96.070412 91.901649 82.589645 81.284431 66.534912 0.000000 
85.248772 67.063210 69.506729 62.080208 55.796535 0.000000 
87.743332 73.842537 80.765129 70.699036 61.421585 0.039565 
90.390816 73.209694 70.142517 69.213699 65.916626 0.000000 
90.749725 88.348396 83.033783 80.927612 59.683765 0.019782 
94.995247 85.388939 81.550385 87.531219 72.294807 0.000000 
88.458717 69.885124 68.803841 71.822449 67.569733 0.019782 
88.519310 76.014076 72.691620 71.972458 61.909283 0.000000 
79.968346 57.131031 64.406723 69.209808 63.519901 0.000000 
86.610435 80.013290 77.635414 82.601685 71.464760 0.000000 
89.059052 85.584671 86.835205 78.195099 67.385696 0.034264 
88.277260 81.437996 92.908012 88.187225 71.495316 0.000000 
89.821999 82.672554 79.847519 82.438034 68.872940 0.000000 
84.253700 65.074982 64.387589 67.826431 58.449600 0.000000 
85.971329 85.227821 80.738182 73.765541 62.079109 0.000000 
84.212738 77.976662 70.575584 80.641830 69.750252 0.027976 
86.813934 68.347420 65.235374 70.002991 61.199501 0.000000 
83.310303 79.711258 83.204201 82.629234 81.068733 0.000000 
88.937973 82.208984 91.606888 80.019363 60.793407 0.000000 
88.878563 83.743240 74.855377 76.472069 65.486404 0.000000 
87.860344 87.114792 72.169762 82.086372 65.054451 0.000000 
80.817810 74.791672 72.146698 73.149284 58.387985 0.000000 
86.627449 76.547676 76.420891 72.000107 66.790367 0.000000 
84.486557 87.608925 74.912422 82.047073 70.999565 0.000000 
89.506943 91.024338 84.597588 90.837654 74.893723 0.000000 
88.663528 81.937592 87.671089 81.460228 70.250008 0.000000 
88.523933 78.013649 80.168030 76.745247 73.013916 0.000000 
91.700027 89.923492 81.691475 86.536736 66.109138 0.027976 
91.438332 87.182426 81.984230 78.026886 65.331665 0.000000 
95.403625 76.034401 80.184631 85.521156 81.796837 0.000000 
86.022415 67.397514 69.281708 64.841476 61.969135 0.019782 
87.453445 74.244003 82.714767 80.553810 65.744392 0.000000 
87.490227 84.600067 87.916435 84.249344 67.222908 0.027976 
79.296318 75.765144 79.694443 79.542679 69.275421 0.000000 
87.434128 82.525299 87.191208 84.467613 82.917480 0.000000 
87.029442 84.603081 90.543701 79.354385 76.023323 0.000000 
92.090607 82.392548 76.072868 82.294571 76.662445 0.019782 
82.386955 81.548256 77.279327 78.237350 62.020615 0.000000 
93.845428 90.097733 81.974678 79.848953 60.538891 0.000000 
87.313965 84.544983 90.052948 78.100250 81.257309 0.000000 
84.232063 64.449448 67.580017 72.164070 68.031860 0.000000 
87.470581 75.341415 81.323143 78.981529 79.687057 0.000000 
86.357689 72.056702 74.432159 72.724998 56.326805 0.000000 
87.731316 81.757980 86.450264 78.605194 66.485825 0.000000 
89.987770 81.316620 84.433945 75.315926 69.761330 0.000000 
89.043839 69.988312 61.717266 65.138115 66.995506 0.000000 
92.310715 89.472054 89.896660 77.961739 67.859550 0.000000 
83.196671 81.040855 72.108727 81.140251 70.263329 0.000000 
90.914909 77.736702 80.069855 77.886635 65.657707 0.000000 
87.127846 79.761139 86.975853 78.434006 73.953011 0.019782 
91.905388 79.708687 75.085999 83.295464 73.584724 0.027976 
78.379684 61.980099 61.096367 67.741669 63.065674 0.000000 
95.094460 87.043411 83.425774 76.758713 72.986847 0.000000 
91.183655 84.652122 85.870880 90.067055 77.554604 0.000000 
89.072052 71.158302 74.370476 70.769737 61.474880 0.000000 
88.378319 89.722389 94.203186 92.253334 79.448532 0.000000 
94.105522 79.063118 75.386131 76.726669 81.266502 0.019782 
95.533127 90.451889 89.805634 74.423485 72.801323 0.000000 
95.639496 83.168594 79.439911 79.389389 70.249023 0.000000 
86.579361 90.353798 91.268845 93.303925 79.397888 0.000000 
85.590775 83.702965 94.720917 87.100365 72.255646 0.000000 
87.742500 81.822960 88.778816 88.030533 69.565636 0.000000 
85.310303 83.086212 77.016708 78.153954 58.937630 0.019782 
84.376511 69.281097 76.991295 77.252602 76.214348 0.019782 
89.039650 97.285919 90.784912 91.100807 63.544575 0.000000 
79.836243 71.976501 71.228424 73.486855 67.291275 0.034264 
81.872978 70.381935 70.301804 69.491745 57.495533 0.019782 
83.913971 68.023926 63.939430 64.902237 59.622753 0.000000 
91.533302 92.273842 80.992165 84.047096 68.749557 0.019782 
89.808777 83.463089 84.916183 85.289200 67.581902 0.000000 
94.812805 89.643593 81.803986 85.323296 80.962296 0.000000 
86.324722 70.229858 68.469696 66.226601 65.623878 0.000000 
86.360016 93.734863 87.425049 72.327141 68.456642 0.019782 
88.809151 88.249695 79.071602 85.747849 73.479507 0.019782 
85.325966 81.839027 85.221687 77.146721 62.523914 0.000000 
94.293251 87.342529 90.455566 88.334625 79.010887 0.000000 
95.030586 89.486649 90.796616 83.990974 84.238159 0.000000 
82.915596 89.997307 80.413689 84.924637 77.500160 0.019782 
95.022408 92.972778 81.027313 85.227547 78.630997 0.000000 
89.720078 88.889702 91.161705 83.272850 69.610504 0.000000 
90.416512 84.643326 86.614510 87.102180 62.175503 0.000000 
88.344978 85.327568 86.784592 78.341248 74.718704 0.027976 
89.987396 84.900238 83.637985 78.607803 59.835785 0.000000 
91.855919 88.522423 86.531319 87.161011 66.971359 0.000000 
80.766891 69.340065 62.817528 69.343323 62.544167 0.000000 
88.764671 71.778580 70.224739 72.210594 65.061722 0.000000 
87.446724 69.865089 64.033859 68.754272 59.402351 0.027976 
78.912125 72.199715 77.444305 72.726776 50.356384 0.000000 
82.789375 60.427834 58.430096 53.752068 52.778896 0.027976 
87.612579 79.588036 82.526932 78.239525 73.132805 0.019782 
88.019409 80.951736 81.564156 79.876022 70.657883 0.000000 
89.344749 74.443451 69.509674 78.993584 56.736332 0.000000 
87.025375 73.962189 77.069885 70.102791 69.537910 0.019782 
93.581413 88.076874 85.051559 85.107658 67.029099 0.000000 
89.472389 79.105865 80.479553 73.786461 74.263916 0.019782 
91.150269 77.718941 96.271805 82.254860 80.969177 0.000000 
83.072800 84.346756 88.156639 88.053947 77.925758 0.000000 
90.139496 85.302574 82.521263 78.516762 89.833984 0.000000 
85.270615 90.040527 80.029869 82.603577 70.546715 0.000000 
93.304108 87.483208 88.379639 85.667877 78.332275 0.027976 
91.623184 84.594711 94.646561 85.274864 84.767334 0.000000 
88.725273 87.876907 83.451157 77.959679 77.650726 0.039565 
83.883194 85.234375 91.236168 75.881256 74.541779 0.027976 
88.019615 73.488037 76.741531 80.685974 77.285728 0.027976 
85.028099 86.205734 70.421829 86.207802 62.363247 0.000000 
94.517151 81.835701 84.562698 89.796265 77.389526 0.000000 
87.712379 87.677193 82.649216 77.433815 68.514854 0.000000 
88.879784 78.001900 82.158371 85.634048 73.041496 0.039565 
90.873703 91.131645 86.607437 83.690247 73.233368 0.000000 
88.357246 91.249565 88.652748 80.363808 67.653458 0.000000 
87.685974 72.772163 73.880203 74.371429 62.073811 0.027976 
84.775368 67.889458 72.289261 66.388870 58.782028 0.000000 
88.658539 80.382469 84.518723 87.980728 73.410683 0.019782 
84.981415 81.986549 75.908165 72.847862 67.829422 0.000000 
80.714157 78.059181 77.840141 85.361351 74.860374 0.027976 
92.589287 85.366257 89.401642 91.797409 74.099876 0.019782 
86.961433 90.656380 88.725311 82.542374 69.481323 0.027976 
90.292740 76.235435 76.099525 62.716835 54.838322 0.000000 
90.582054 83.065598 86.900307 84.396889 77.098900 0.019782 
91.073029 65.827927 73.660728 68.884735 67.358742 0.000000 
87.836548 74.981857 73.632042 69.659477 59.160393 0.000000 
89.167572 92.644501 91.883934 92.373276 80.554276 0.000000 
90.698845 84.268936 81.284019 87.446808 73.722778 0.000000 
84.470772 67.871811 70.014847 65.982185 56.158539 0.027976 
87.983955 92.077728 85.605522 91.224297 66.272156 0.034264 
89.387924 80.968964 90.048874 73.328491 65.757278 0.027976 
85.518936 89.011856 86.183640 87.975166 64.165718 0.000000 
84.129448 67.923134 68.776733 67.941505 67.062744 0.027976 
86.038582 89.441742 84.364647 76.217606 72.555244 0.000000 
88.434845 90.466522 87.563835 89.013191 75.891197 0.027976 
94.235039 83.211151 85.823532 79.477821 76.390701 0.019782 
83.494286 75.525635 69.286583 68.318550 64.951538 0.000000 
88.320938 89.139488 86.436020 83.705490 63.783791 0.034264 
84.322929 76.826859 79.159737 75.521629 59.857807 0.000000 
85.015259 85.864090 78.808563 82.318588 82.020805 0.000000 
86.088593 85.321045 87.124596 84.241684 72.378212 0.039565 
83.493248 60.420986 61.456482 58.851551 64.748154 0.000000 
87.613197 78.177986 72.401535 64.401566 54.286407 0.000000 
88.834404 81.649239 80.310158 82.827827 80.282486 0.000000 
87.234222 69.734703 61.117390 63.703178 54.563580 0.027976 
92.850121 86.965187 91.451271 84.082649 66.165123 0.000000 
90.076675 75.501030 79.711540 83.873833 74.174622 0.019782 
83.298500 78.547005 74.282776 77.332123 62.619328 0.019782 
79.232529 73.291069 77.448608 68.625214 54.044502 0.000000 
91.082039 89.658180 84.464745 80.116928 68.838470 0.000000 
85.778236 88.828224 75.164391 74.738060 69.094391 0.000000 
87.322105 69.286850 68.788734 77.152473 63.371307 0.000000 
87.988678 92.512138 88.943054 85.006569 75.319244 0.034264 
90.705208 74.569801 73.315514 66.684685 69.420021 0.019782 
83.765793 61.474964 60.206776 63.155766 56.388054 0.000000 
81.901649 72.596466 69.229156 72.054626 62.717056 0.019782 
91.522789 88.354904 85.698273 84.917648 75.881554 0.027976 
84.275566 88.785469 81.272293 82.073006 72.284477 0.000000 
88.969444 85.185768 87.005379 85.487152 80.753716 0.019782 
85.802498 69.318153 61.817806 65.250000 64.414963 0.019782 
80.608200 75.668816 79.080154 83.799301 69.419258 0.000000 
78.952736 64.349083 64.725471 62.729027 54.988983 0.000000 
90.499657 85.247810 90.628792 86.226181 71.547684 0.000000 
88.128746 69.398315 63.814087 74.267403 61.675224 0.000000 
77.651306 60.669811 70.254372 54.611923 54.419491 0.000000 
84.616852 74.873260 71.621407 77.704872 57.408272 0.000000 
80.372086 76.090675 77.205208 72.585999 50.654812 0.000000 
88.071861 89.313644 80.542412 80.875839 72.836311 0.019782 
91.036652 85.305191 81.115456 86.497742 70.882713 0.000000 
94.744698 93.138008 96.662979 79.168335 87.093498 0.000000 
89.525383 91.901375 94.335571 81.875687 71.638573 0.000000 
89.555260 69.562813 74.565407 68.814125 66.169144 0.027976 
91.646507 81.541748 84.112579 72.593674 74.956100 0.000000 
85.054344 84.420059 77.313034 72.386559 66.516556 0.000000 
83.864616 72.969872 75.613174 68.244392 62.038662 0.000000 
93.063263 80.778214 90.533562 84.563507 68.017029 0.000000 
85.660767 85.999374 78.589554 81.072769 66.287720 0.019782 
92.037216 86.111984 86.362175 86.666176 68.486794 0.000000 
81.761795 71.925537 68.591133 78.706261 74.077461 0.000000 
87.104668 85.712791 71.744637 84.078804 80.033760 0.000000 
83.471130 68.497726 66.870926 68.450302 60.667500 0.000000 
89.534241 82.369003 90.169250 80.167450 68.827499 0.000000 
87.663147 83.443855 86.275246 86.095154 67.322144 0.000000 
86.600197 84.899872 80.728813 85.615906 74.287643 0.034264 
94.142654 68.387421 65.281746 64.788628 60.496567 0.000000 
89.664215 84.107773 83.439415 85.365196 80.270462 0.027976 
92.727409 83.736298 82.584915 89.799896 83.490517 0.000000 
95.372063 84.205795 86.228600 83.015846 67.008011 0.000000 
89.269394 75.543434 70.658432 72.226181 63.295513 0.000000 
86.837311 86.337097 82.731743 84.198471 92.422798 0.000000 
81.801216 75.082291 78.365929 81.015099 64.115807 0.000000 
87.184235 82.736023 77.597427 78.341637 74.113358 0.000000 
90.373230 85.182472 82.398323 84.457611 62.027546 0.000000 
93.641060 80.935310 72.723038 76.682068 73.424667 0.000000 
92.433128 83.209793 83.065849 86.198204 69.736237 0.000000 
86.564819 83.788033 85.203331 84.891090 67.845993 0.000000 
82.696228 67.223282 75.668694 74.929794 60.795635 0.019782 
88.009613 77.496796 80.037849 82.307663 73.454651 0.019782 
86.332588 75.227119 78.453575 80.860825 70.197403 0.027976 
93.562584 80.836220 84.063423 82.147697 70.277596 0.000000 
86.091156 84.686852 87.304672 85.998444 79.245247 0.027976 
83.435410 73.977676 76.310196 76.821404 72.136055 0.000000 
89.209343 89.138840 89.221069 77.003777 74.321075 0.000000 
83.619225 80.659134 75.165367 71.899742 67.004799 0.019782 
90.741570 86.671944 94.422699 81.691498 74.511833 0.000000 
84.310280 80.825882 80.818550 76.434608 59.273071 0.000000 
88.125519 92.541466 88.173256 81.386230 67.292824 0.019782 
83.701813 79.569939 85.196381 83.068169 73.652184 0.019782 
88.282845 82.830887 88.831192 81.446114 71.152916 0.000000 
88.628494 88.867577 87.316383 86.522415 68.473000 0.000000 
87.293678 89.928619 90.362656 83.311790 76.098526 0.000000 
83.393700 77.044777 73.759033 73.757385 61.862156 0.000000 
89.506157 80.366280 82.099129 80.851212 69.370209 0.027976 
86.731079 81.283112 81.150078 73.980034 58.455738 0.019782 
91.355156 87.307457 77.773636 81.091278 66.312164 0.019782 
87.914909 75.335106 74.721741 72.259010 60.043453 0.027976 
80.005272 73.369972 71.894295 66.983376 56.956593 0.000000 
85.585197 70.193832 66.180710 67.768433 60.826004 0.019782 
89.871223 81.785500 85.937119 87.407997 86.966377 0.027976 
88.330482 83.990349 87.250038 79.234192 67.015816 0.000000 
86.229065 67.597313 77.426155 73.618408 75.457375 0.019782 
90.949974 88.688194 85.023186 82.369637 63.579735 0.000000 
87.409950 73.572525 76.484039 71.383820 53.456081 0.027976 
82.671509 72.534431 88.132927 75.357079 69.543884 0.000000 
89.670982 84.214378 81.585815 91.602791 72.715225 0.000000 
89.104202 73.573753 80.354546 76.551682 77.848145 0.000000 
87.457512 88.069252 85.752701 81.223991 59.045837 0.000000 
86.202377 90.915794 97.253151 90.924553 73.492325 0.027976 
89.268280 73.146561 82.670227 77.930161 74.019798 0.000000 
91.148727 83.818657 77.514854 83.660149 71.307274 0.000000 
90.906700 93.309616 87.622612 82.948135 68.502541 0.000000 
92.639351 87.332787 76.816750 79.993713 83.028694 0.000000 
80.755699 72.202469 70.053619 73.860123 64.062042 0.000000 
86.060509 83.159904 84.861519 86.179840 63.567532 0.000000 
88.206589 87.096863 88.846260 83.681198 67.917282 0.027976 
86.710922 83.956406 78.261726 77.988647 64.523705 0.019782 
88.511795 90.805443 82.697166 88.981125 75.352692 0.019782 
84.354340 70.009613 63.425735 65.591621 67.504379 0.034264 
91.084511 72.188103 71.712387 58.772614 70.665108 0.000000 
89.449249 89.461601 88.250366 83.031364 83.717178 0.019782 
84.085106 81.707542 84.315506 84.758377 75.232620 0.019782 
88.496964 76.732399 75.492592 84.060074 76.346832 0.000000 
91.387100 85.705421 81.840538 80.571465 73.982010 0.019782 
90.123734 85.431786 86.468910 82.791664 55.705761 0.000000 
87.085968 70.006317 70.633820 63.209450 58.963913 0.034264 
89.382019 84.259491 83.761490 82.591187 61.015617 0.000000 
89.730904 87.335350 91.189766 81.454926 73.786835 0.000000 
95.937294 93.566071 80.398666 85.896812 64.654907 0.000000 
92.062729 89.399323 80.740028 90.599922 70.598495 0.000000 
90.099838 91.535873 91.546204 95.836479 71.981339 0.000000 
85.174080 84.944489 89.072548 80.820694 63.952412 0.027976 
88.975449 87.098228 76.925766 82.095139 61.421242 0.027976 
80.773628 68.267319 66.353340 67.817230 57.753620 0.019782 
86.376671 82.007347 86.028534 94.159637 69.077278 0.000000 
93.713570 84.678307 85.706818 78.372444 58.403034 0.019782 
84.147934 77.895546 82.418594 72.108238 66.456612 0.000000 
86.788918 79.999329 74.985878 74.690575 59.405800 0.019782 
89.783829 80.038506 83.276245 82.831963 67.598526 0.000000 
85.580078 74.464127 75.066856 71.965385 72.772774 0.000000 
86.351891 80.265083 74.167938 75.474792 54.242855 0.019782 
90.853889 81.329063 82.373619 88.334267 82.372444 0.027976 
85.094398 66.800575 68.661011 68.245483 64.311935 0.000000 
86.594292 82.201187 87.571190 81.735107 72.679405 0.039565 
84.363945 70.010368 68.648788 66.024765 57.478062 0.019782 
87.118279 87.506134 85.682045 87.334824 74.718651 0.019782 
89.371407 85.342247 81.002068 85.511971 70.490990 0.000000 
92.210938 74.787888 76.434769 77.467171 64.384804 0.027976 
87.765091 87.927460 91.279381 88.437920 83.372078 0.027976 
86.920883 85.782539 87.210899 84.730888 69.696472 0.000000 
90.024437 80.429146 78.505341 75.985886 74.757301 0.027976 
85.306427 86.560478 84.900948 70.632454 63.744854 0.000000 
83.771278 72.176247 76.995911 70.621399 58.022491 0.000000 
87.299408 82.619179 83.537369 82.268005 58.971413 0.019782 
86.889389 71.626549 76.708641 74.429420 62.979996 0.000000 
90.402168 84.404465 91.811714 88.874763 71.500748 0.027976 
88.565781 92.726120 82.293877 80.097397 67.105019 0.000000 
95.012810 77.442841 75.134483 79.388687 71.922302 0.027976 
88.154472 93.482712 89.468124 91.885307 63.987762 0.034264 
83.902534 74.465164 63.786747 65.410866 56.629879 0.019782 
82.654991 85.859695 84.409912 81.988365 58.412746 0.000000 
85.647133 78.507362 88.704651 88.026665 68.307556 0.000000 
94.783951 86.408882 83.263435 81.361649 68.093742 0.000000 
93.034943 94.933968 91.662025 89.205780 71.039932 0.027976 
83.584900 67.860413 72.930489 69.097404 71.886909 0.000000 
91.785194 78.587715 77.794098 80.061676 84.391457 0.000000 
88.754471 76.935822 72.699409 81.885109 62.595203 0.000000 
81.733513 80.553925 75.903313 70.308304 62.697388 0.027976 
74.969093 68.104408 64.352470 67.927757 57.581104 0.027976 
87.325691 89.090706 80.722145 83.339203 71.455231 0.000000 
86.800781 84.761040 80.196907 80.102608 72.286469 0.019782 
87.828781 86.793060 82.917915 80.410606 69.443428 0.000000 
88.248024 81.608459 78.058418 80.903870 62.984566 0.000000 
89.044891 81.992607 76.245087 73.368385 82.791992 0.019782 
90.967422 84.546974 77.195389 74.919571 67.496239 0.000000 
83.093124 66.821625 73.839844 76.803352 63.765453 0.039565 
86.508736 69.797455 71.566025 72.850700 68.325462 0.019782 
88.366737 74.228928 65.455742 60.344284 71.550438 0.000000 
89.616257 90.150063 88.563454 82.848022 68.918480 0.000000 
86.752052 89.465309 83.463776 87.073616 72.689980 0.000000 
89.233650 81.048988 85.613281 91.803421 84.562531 0.000000 
86.049629 84.612473 88.462166 80.809105 59.753395 0.000000 
89.880882 81.516014 89.578941 84.283875 69.218941 0.027976 
89.159470 81.540398 73.910950 75.727631 61.179092 0.000000 
86.626251 85.000443 79.234657 84.985527 79.371574 0.000000 
84.725838 82.501762 81.836014 91.080399 69.117561 0.000000 
88.783577 69.147758 71.684769 70.727692 78.486961 0.000000 
93.176735 81.960564 78.690224 86.584373 80.995247 0.000000 
90.672058 82.514984 78.675728 67.717484 61.158058 0.000000 
92.078163 90.161293 90.513329 89.109467 83.950890 0.034264 
83.274544 71.954277 71.132439 64.404465 60.294777 0.000000 
84.808289 89.824387 82.858559 78.657463 59.377823 0.000000 
84.511299 76.558777 73.217690 73.751480 60.931419 0.000000 
84.957901 78.996010 78.462204 68.651810 58.374592 0.034264 
89.079254 84.761940 81.806152 77.222290 63.122864 0.000000 
83.237411 69.852943 72.582924 62.828438 54.029419 0.000000 
92.027016 81.301048 84.159576 75.416252 65.012787 0.034264 
89.754616 85.198860 83.916672 78.839836 71.123695 0.019782 
90.858528 81.350761 81.122734 84.697784 70.614197 0.019782 
89.242897 87.167770 93.724907 95.980141 70.927208 0.019782 
89.681709 79.439880 77.594330 70.561829 75.185425 0.000000 
85.278481 85.554611 86.225189 87.177742 68.654907 0.019782 
86.593895 68.292809 75.831322 78.429436 49.987862 0.027976 
94.430344 89.746841 82.215141 88.828255 84.999855 0.000000 
88.828613 78.838547 89.345757 79.845482 69.526703 0.019782 
90.640594 94.629822 95.787567 87.952522 84.220734 0.000000 
82.845757 87.090126 78.602592 82.813301 66.120583 0.000000 
86.607071 89.936043 87.185722 83.887611 61.772392 0.000000 
88.391312 82.887344 92.148422 88.701889 75.587769 0.019782 
93.551407 90.563705 88.671921 87.991913 52.735718 0.000000 
90.628952 87.372360 84.492561 86.154716 71.861992 0.027976 
90.012207 93.804863 86.500183 79.244766 79.023682 0.000000 
87.593002 92.740761 86.529465 86.586494 75.006454 0.019782 
89.087715 88.726707 97.230370 88.146385 60.946281 0.034264 
90.560226 80.374580 78.924561 76.864235 70.158142 0.027976 
88.607742 84.108963 92.793465 80.386116 82.982826 0.019782 
88.806755 86.032295 89.341293 75.439774 68.610687 0.000000 
84.862434 92.035713 85.482063 90.174355 65.612495 0.027976 
89.049194 89.277390 87.804749 88.128265 69.277435 0.000000 
93.112053 90.626213 94.312981 87.064667 65.762695 0.000000 
89.377533 83.250069 86.296150 82.260086 74.651245 0.000000 
86.707458 73.599205 69.373009 63.899567 56.344776 0.000000 
85.793114 79.339699 76.771606 74.936569 70.618210 0.027976 
92.566307 88.981300 86.693680 81.132156 67.651772 0.019782 
87.521149 73.410805 76.084824 70.542763 67.604218 0.034264 
91.453606 73.932800 74.507317 72.524834 65.053627 0.027976 
87.368454 91.227097 88.319145 77.215797 70.377945 0.027976 
88.809341 83.011055 89.695999 83.574791 70.043655 0.019782 
89.197655 80.893997 87.252495 86.835846 80.954567 0.027976 
84.057159 80.279587 77.520195 76.473015 67.059303 0.034264 
85.434891 78.152679 79.778503 73.347153 62.258415 0.000000 
83.611229 77.322792 67.983658 71.941261 57.431545 0.000000 
85.403305 81.985817 79.490051 79.008644 62.813393 0.000000 
91.962891 87.333374 79.185875 78.113190 65.295692 0.000000 
93.547249 88.082138 82.930115 83.058159 74.766968 0.000000 
87.861992 90.167343 90.997391 81.064751 67.593918 0.000000 
88.157341 85.438835 87.915504 84.913956 62.887215 0.019782 
89.236809 87.589760 84.724731 83.735138 71.956909 0.000000 
87.329590 66.632095 68.444366 69.617538 62.876110 0.000000 
85.352905 76.376221 78.091240 75.939926 56.509270 0.000000 
88.502899 86.852890 92.198975 83.477951 77.270172 0.000000 
88.806854 86.560768 79.934792 79.545601 69.213127 0.019782 
88.443314 88.214325 85.421417 85.281586 80.145912 0.039565 
94.558006 83.934593 84.832993 75.603455 68.873215 0.019782 
92.788681 75.654839 76.417175 86.272751 70.249611 0.000000 
86.575951 83.805397 84.433411 79.814217 70.365410 0.027976 
90.046471 87.181427 94.115044 83.619171 77.428818 0.027976 
83.127907 72.647919 63.756474 72.343246 53.085014 0.000000 
88.197701 85.100601 92.384750 94.805130 83.580727 0.019782 
88.489922 86.211578 87.904434 87.367027 73.249008 0.019782 
84.452385 87.111267 83.709747 83.523369 56.133453 0.000000 
85.777740 87.367920 92.111885 83.805595 78.114311 0.000000 
78.712471 68.532288 70.348564 72.072357 56.423367 0.019782 
82.973480 71.316521 73.889717 64.098961 55.001530 0.000000 
87.085922 73.238052 66.453697 61.827774 54.575642 0.000000 
87.847893 76.913307 82.058968 77.231644 73.355812 0.019782 
88.874443 75.068626 77.920639 75.847794 61.763603 0.000000 
87.291664 88.115128 88.563438 79.956787 61.577995 0.027976 
91.266830 85.985138 88.551628 84.246201 64.988098 0.027976 
90.913589 74.777786 81.081886 83.245415 62.788124 0.000000 
93.775017 78.719879 78.963074 81.776360 77.329178 0.027976 
87.217430 73.674835 78.137932 70.643654 60.981285 0.000000 
86.953926 88.894936 90.234222 81.772736 65.618858 0.000000 
90.655212 86.120842 71.764488 78.870514 74.453232 0.000000 
88.457741 89.920097 85.597984 86.705597 68.954041 0.000000 
90.442474 87.901657 82.650352 81.914146 56.553959 0.000000 
81.852821 82.731476 82.027908 83.665665 65.592506 0.019782 
95.198051 86.028580 88.162827 89.061493 65.935379 0.000000 
85.040588 87.564293 87.269806 93.650307 71.307915 0.027976 
96.391174 86.894173 89.226761 92.702049 65.555130 0.000000 
86.890434 88.963081 81.781525 84.356956 61.572960 0.000000 
87.128906 74.223831 74.021461 61.527203 67.700615 0.000000 
88.626755 71.719879 72.258774 69.412163 61.707619 0.000000 
85.673874 91.563972 85.736717 87.412399 71.749062 0.000000 
97.288002 89.691307 83.856804 75.189995 77.797371 0.000000 
85.318779 79.328766 79.691620 81.441246 63.556770 0.000000 
87.742996 98.095459 88.442642 84.236694 74.335907 0.000000 
85.011658 78.989662 79.955109 83.932022 68.825134 0.000000 
95.094521 85.034706 93.791321 81.753311 63.901157 0.019782 
87.314941 77.250130 77.173622 79.853195 64.783661 0.019782 
86.725967 88.860649 86.807083 83.493523 68.869926 0.034264 
86.719734 85.765999 87.052734 82.676117 71.421631 0.000000 
84.961861 91.629425 90.730438 83.681236 72.967339 0.034264 
88.282700 91.616264 79.083107 79.534859 76.357071 0.027976 
87.659004 61.546532 66.232521 77.835754 61.916027 0.019782 
86.860985 82.901810 81.850777 80.741570 73.498665 0.000000 
90.795616 87.594955 86.608093 80.884460 67.650497 0.034264 
88.806183 87.110336 88.919395 87.032463 69.054749 0.000000 
88.236656 70.741714 66.949532 71.419106 59.984100 0.000000 
87.059845 88.548477 88.031517 79.674904 81.324829 0.019782 
84.674538 87.986374 84.062065 78.411240 75.975853 0.000000 
85.096680 74.860771 75.423019 73.931175 50.941578 0.000000 
88.085907 64.879333 62.952351 61.866833 63.339729 0.000000 
85.357452 89.062309 93.100731 96.590805 77.796715 0.034264 
89.388374 86.977859 83.263451 82.661598 87.025002 0.000000 
91.711098 84.015045 81.140327 88.558472 69.871094 0.000000 
87.267448 85.190865 85.847382 81.867134 84.495728 0.000000 
90.068153 70.173233 79.834763 70.384850 69.692116 0.000000 
94.097023 85.079170 91.463524 80.686935 75.547668 0.000000 
85.747414 82.744675 82.024239 82.252975 65.064690 0.000000 
89.046715 86.188171 79.817749 87.670486 72.247719 0.000000 
87.626312 80.578743 81.543457 80.820427 69.247070 0.000000 
81.667656 70.013283 72.508003 66.423477 58.747128 0.027976 
83.976990 76.060989 81.231476 75.295753 59.786148 0.000000 
86.786392 74.407188 76.473717 76.596802 76.765106 0.000000 
88.484406 72.138077 78.168213 74.463921 60.806255 0.027976 
89.928650 81.671013 81.055618 85.493927 60.690411 0.019782 
91.064034 82.262596 81.978424 75.822403 55.284019 0.019782 
88.923180 88.747253 85.581528 83.252487 58.603348 0.000000 
87.709183 76.408737 74.742256 73.722343 56.322620 0.019782 
91.569290 91.327347 89.839882 81.783089 71.095642 0.000000 
92.421135 87.121750 83.028351 79.556816 72.681084 0.027976 
87.428780 80.893913 80.112289 73.779762 84.202560 0.000000 
82.960670 78.536491 80.859299 74.374741 72.402016 0.000000 
84.831764 75.710236 64.837280 69.903206 66.635994 0.027976 
90.595314 86.921501 81.903557 89.156548 74.765831 0.019782 
87.043808 89.495346 85.963028 82.771843 62.460304 0.019782 
86.552834 80.941536 84.469666 91.710732 69.298004 0.000000 
83.323639 83.388985 84.190346 75.485321 60.524818 0.027976 
79.738945 66.727310 74.500435 67.243332 58.737556 0.027976 
78.764702 74.802246 73.540779 62.334175 52.770206 0.000000 
87.030685 90.932831 77.714371 84.659584 66.908455 0.000000 
87.985161 72.287071 74.503670 74.234375 72.011444 0.000000 
84.855568 61.404480 72.845322 64.096893 56.650139 0.027976 
90.506279 90.770096 92.587761 73.365707 67.200798 0.000000 
84.110069 71.964378 70.941299 72.390800 53.405582 0.000000 
83.536186 94.161674 85.088005 78.986382 73.054543 0.027976 
88.805038 91.354614 87.514023 79.095703 64.671539 0.000000 
86.956909 72.117577 73.881874 74.950821 58.172844 0.000000 
88.862099 83.486763 85.903877 81.066483 79.679375 0.000000 
89.996529 79.647179 76.826096 73.301071 64.236473 0.000000 
93.523712 85.646454 78.936333 90.344704 80.148842 0.000000 
89.028778 66.488190 72.144600 70.205475 61.723152 0.034264 
91.702904 82.748360 84.412842 86.742188 64.389977 0.000000 
92.173973 90.584869 85.464462 79.044937 74.560715 0.019782 
84.584999 72.194931 71.233040 67.762856 51.795826 0.000000 
90.055283 87.697685 86.757034 84.795464 71.368263 0.019782 
88.313080 79.405281 75.637184 78.406212 69.665451 0.000000 
89.109085 79.927521 80.711967 76.967705 66.027168 0.000000 
85.856369 78.937820 73.691292 72.634155 62.258789 0.000000 
91.101273 69.381752 71.783371 68.642647 67.482071 0.019782 
93.960037 87.153725 96.626884 87.745735 70.093674 0.000000 
87.587730 87.681435 82.865273 83.275635 78.099434 0.000000 
88.994972 87.986687 85.736046 77.303329 70.650505 0.000000 
88.160774 92.096794 82.799736 82.613953 89.761177 0.019782 
88.581703 76.531403 75.506683 68.263512 61.713741 0.000000 
87.199738 67.690292 70.695801 64.193771 63.186485 0.000000 
87.232391 77.137878 73.187447 70.026527 70.569000 0.027976 
91.255890 88.733803 78.612236 82.717621 68.062843 0.019782 
88.509026 78.895676 87.666939 82.604561 66.987312 0.027976 
85.952446 74.443932 67.896988 69.717819 62.714481 0.027976 
91.524529 88.045486 94.501381 80.153084 66.332291 0.000000 
88.639519 78.789284 83.542778 66.658203 54.918095 0.000000 
89.478188 82.335335 77.625763 85.516785 64.797523 0.000000 
85.923134 87.746887 75.545807 83.436142 65.426544 0.027976 
84.931877 82.946472 78.855637 80.600830 66.344406 0.000000 
85.626694 83.824135 82.117088 78.086624 65.648865 0.000000 
84.117432 74.365967 79.626129 75.347687 61.862316 0.000000 
96.283989 86.329285 80.784546 78.210320 62.377064 0.027976 
84.855301 73.478386 76.595695 75.995247 63.041042 0.000000 
84.341530 69.125397 67.207848 66.556931 63.872883 0.019782 
85.940269 66.994614 68.271942 69.309006 58.630394 0.034264 
89.105385 82.492676 81.196381 78.314430 68.722816 0.000000 
78.608124 55.903576 54.420841 53.784451 49.235722 0.027976 
91.195976 88.117653 83.990929 74.950783 73.597015 0.000000 
93.854797 85.087006 80.238762 77.805244 56.039513 0.000000 
93.597443 85.170235 85.469604 86.018486 75.584755 0.000000 
89.808830 91.014427 94.446442 77.842552 70.686554 0.000000 
85.884247 85.074570 78.751480 73.798569 78.375572 0.000000 
85.537552 79.710800 68.079384 68.655167 53.520607 0.000000 
88.583160 84.343575 87.341438 74.688293 91.281387 0.019782 
83.506401 71.315002 73.587936 74.951942 60.555073 0.019782 
87.488441 81.003517 82.503242 83.345779 79.644066 0.034264 
85.083099 69.717232 70.445671 71.017990 58.426590 0.019782 
82.326080 83.928940 80.653236 80.946999 66.145416 0.000000 
93.295723 85.807861 88.861412 77.225044 56.011543 0.000000 
83.251747 82.596146 81.674744 74.691887 61.626171 0.019782 
86.509506 96.149612 94.505798 92.170639 88.842026 0.000000 
90.611534 84.792252 82.002335 75.719124 70.378754 0.000000 
82.175858 75.703796 68.598427 68.524071 56.301903 0.027976 
92.346756 90.349129 92.187553 88.481857 72.735847 0.000000 
89.952995 85.646805 86.611198 79.819702 51.798038 0.000000 
91.071068 71.145821 77.675026 72.298843 76.060966 0.027976 
88.040077 87.903961 89.668785 90.519135 70.063820 0.019782 
91.430161 86.732979 93.170807 84.493156 86.161781 0.000000 
88.296623 79.001778 89.557358 75.149963 71.151871 0.000000 
83.711357 74.179733 75.033607 70.650398 67.289925 0.000000 
84.563934 72.047218 67.249481 76.212021 70.227180 0.019782 
89.623489 78.662064 79.399864 88.503281 72.689369 0.000000 
85.099197 75.357986 88.665665 82.727211 66.345451 0.000000 
87.681023 75.505707 75.726692 72.435966 70.194611 0.027976 
94.469406 83.337357 84.938622 84.680542 76.598694 0.019782 
88.031990 85.179657 82.924171 75.671028 87.660164 0.000000 
85.638313 92.521561 83.858994 86.246124 70.113586 0.019782 
84.680702 77.560280 82.549355 72.035904 65.980278 0.000000 
89.167892 84.483925 85.075432 84.074936 75.645844 0.000000 
90.300674 91.213585 94.413803 79.239082 72.472702 0.000000 
88.590187 74.096664 80.125420 70.987335 53.196342 0.027976 
94.268990 82.752258 79.165062 88.697762 83.984428 0.000000 
94.801445 91.504333 98.441101 95.705849 73.285698 0.000000 
89.834595 83.522850 82.775917 75.805756 67.575912 0.000000 
89.524963 89.654930 87.920250 84.048180 74.783661 0.019782 
91.503235 84.397751 89.468689 73.875694 79.306580 0.000000 
79.484192 72.901390 73.346756 66.374786 62.233204 0.000000 
84.613937 70.019951 70.352913 76.871895 63.694351 0.019782 
93.458908 86.705528 87.708328 80.265717 65.952217 0.019782 
85.614159 76.568764 78.235306 77.172379 72.838379 0.019782 
90.162163 80.576187 78.785614 78.295723 61.856045 0.027976 
80.561684 69.602898 78.170219 70.514824 69.641449 0.019782 
88.409302 65.433105 71.482246 74.307396 67.431694 0.000000 
83.150200 71.755493 64.636253 70.569817 63.617260 0.019782 
88.333893 94.500877 98.248032 88.406685 75.269737 0.000000 
92.505974 80.719101 79.463692 78.995453 67.739685 0.000000 
87.350220 74.388557 71.827103 70.111801 60.898476 0.019782 
88.455620 84.697128 94.140312 83.719063 74.572479 0.027976 
91.172180 83.459045 88.335350 89.112328 66.623688 0.000000 
88.026756 92.704506 92.642967 89.076294 86.465828 0.019782 
93.921822 82.423935 86.801025 84.848030 64.132935 0.019782 
93.234467 87.566727 85.381760 86.823349 74.509750 0.000000 
91.820267 83.078941 86.286552 80.446732 71.453278 0.000000 
90.418503 88.999298 79.687050 82.003601 69.081680 0.034264 
87.924805 78.241104 78.118561 73.557167 58.409184 0.034264 
92.907562 87.929016 92.246986 84.635803 67.781044 0.000000 
89.295029 76.494698 78.546532 79.621307 70.195145 0.000000 
95.009949 81.929916 88.455574 81.329918 82.129517 0.000000 
93.856094 87.450333 87.331451 93.320786 72.473358 0.027976 
86.209679 85.989548 91.359764 83.921501 72.007004 0.000000 
94.336105 90.253479 90.195145 85.401123 57.545517 0.000000 
80.930351 72.602448 65.639771 68.551559 54.295631 0.019782 
88.095078 73.437340 70.031029 77.343430 73.126442 0.000000 
88.714333 84.683563 90.049416 88.244415 60.599758 0.000000 
88.131859 73.489670 71.019653 68.408028 64.188309 0.000000 
85.663368 82.465057 87.344200 92.081192 78.779015 0.000000 
92.190498 90.194763 92.327400 91.368973 76.033951 0.027976 
87.794472 81.678993 86.135925 89.082977 85.629639 0.000000 
83.270004 66.936958 69.236679 65.749054 62.252220 0.000000 
87.902946 89.770660 84.099335 80.736946 64.193977 0.027976 
89.555763 93.535172 91.575813 92.640572 74.457489 0.000000 
85.481514 84.316162 90.922394 83.177193 65.588188 0.019782 
83.485252 77.709244 73.089745 67.083328 55.293266 0.019782 
93.744308 69.997795 66.058624 65.665878 61.162392 0.000000 
87.954948 67.788979 65.667244 62.905220 51.274696 0.027976 
93.606148 94.017822 88.343277 86.285629 66.138092 0.019782 
81.795456 69.046387 72.083755 68.895050 53.691467 0.019782 
88.247208 72.324310 75.498932 78.349556 62.755066 0.000000 
85.067696 76.393456 69.094879 66.683006 61.760746 0.000000 
86.270653 77.871941 78.710670 73.051682 58.491264 0.034264 
81.872780 65.438919 59.372742 59.563892 49.123962 0.000000 
83.016777 78.430511 87.726837 69.854782 75.807571 0.000000 
85.196678 69.183052 67.518944 65.313637 58.121113 0.000000 
87.735016 75.190521 74.773415 69.813934 70.205750 0.039565 
90.850098 87.641869 84.648056 89.279495 80.664696 0.034264 
87.510590 87.005005 85.803757 80.698082 62.330559 0.000000 
88.321671 71.454163 75.632690 75.310013 71.180756 0.000000 
90.034729 87.527840 78.425865 89.465034 72.884445 0.034264 
93.433784 86.174454 86.297989 87.825325 66.520340 0.000000 
90.670868 84.268127 83.992004 87.450195 82.399780 0.000000 
88.531044 85.718918 77.908859 78.445389 65.326042 0.000000 
84.952812 78.163116 82.391495 73.757889 64.044960 0.000000 
88.882698 82.939934 78.098900 80.538834 59.534000 0.019782 
88.918129 82.429573 80.141617 78.344902 69.571808 0.000000 
88.460129 87.016106 77.519760 83.511887 68.074310 0.000000 
92.192932 78.614471 78.425514 89.586761 88.724136 0.027976 
88.078461 88.121704 82.761589 81.801613 69.684402 0.000000 
86.787941 88.170105 88.333458 86.316902 59.026196 0.000000 
89.360329 81.660637 85.039185 81.708694 67.673767 0.000000 
90.582588 80.672142 84.640305 78.229088 67.328819 0.000000 
89.185600 81.459496 82.210297 83.130989 64.577827 0.000000 
88.757797 87.220833 84.552261 86.754417 64.916512 0.034264 
86.573021 80.948975 71.783386 79.876175 73.885132 0.000000 
84.637032 86.252594 88.532310 84.527832 75.620705 0.000000 
92.543884 84.857590 89.945053 86.885338 70.459068 0.000000 
92.016373 85.675713 90.613770 83.582703 65.603340 0.019782 
89.295555 87.738533 85.004616 85.165009 70.241699 0.000000 
89.368637 92.743797 91.888954 91.542801 97.009590 0.000000 
95.001282 80.298691 84.499214 74.543449 66.480392 0.000000 
87.847878 88.611557 87.966469 88.634781 69.259094 0.000000 
92.861938 68.442055 71.363495 67.843369 59.767696 0.000000 
88.566299 85.052383 84.572456 74.972893 76.869171 0.000000 
91.489952 89.354675 82.902855 93.028000 82.700439 0.000000 
92.960220 88.319855 84.560394 86.132721 81.416710 0.000000 
93.198914 80.678864 83.888008 77.176620 85.207558 0.000000 
92.284180 83.766953 79.363716 77.946663 63.633675 0.000000 
92.241577 88.157471 90.520874 82.662445 81.012138 0.000000 
88.794350 71.903053 71.181396 76.560188 67.004082 0.000000 
89.206543 81.598343 87.460144 76.686188 76.741760 0.000000 
84.006577 68.789055 68.473572 73.142654 58.273537 0.019782 
87.187889 84.137909 79.251511 79.524849 74.706398 0.000000 
90.570419 94.039772 87.008881 82.714874 60.777084 0.000000 
93.394287 74.871140 72.826111 68.243591 52.727718 0.000000 
89.839836 85.742432 89.603218 83.830406 66.085342 0.000000 
87.003563 80.772873 77.195984 82.081566 81.489296 0.000000 
86.209770 65.220047 68.539452 73.516571 65.713593 0.000000 
90.678429 84.406250 83.336876 77.096512 61.251236 0.000000 
87.241043 85.853905 84.917641 85.832657 69.466133 0.000000 
83.084259 79.176216 70.120964 67.865631 62.794861 0.000000 
86.285736 68.843597 58.286907 59.874348 60.841610 0.000000 
87.657990 88.871414 88.656662 86.310410 67.943039 0.019782 
95.010216 88.944016 93.175354 95.173264 81.643021 0.019782 
82.328476 91.790016 90.992912 81.285545 92.218140 0.019782 
86.712959 73.941719 71.073334 74.316231 47.983925 0.000000 
92.443626 82.291962 85.619995 78.018929 70.786430 0.019782 
88.713760 92.381165 89.199677 86.620728 89.429024 0.019782 
89.131439 90.753975 78.431290 77.724678 70.068764 0.000000 
86.547066 91.519493 97.736855 97.187462 75.224274 0.000000 
83.809380 77.547340 83.419769 74.057922 63.351887 0.000000 
88.408409 85.041000 92.904381 82.459267 69.849266 0.039565 
93.354836 68.888451 64.336075 65.384277 63.829754 0.000000 
88.242706 86.631721 89.399010 79.558289 62.266830 0.027976 
