207602.875000 357247.281250 82733.023438 97946.476562 518732.968750 
359785.656250 528823.437500 597416.125000 291691.437500 619800.937500 
304705.875000 523129.843750 102464.695312 59427.109375 223783.531250 
559547.187500 453926.156250 514878.687500 277740.906250 462874.187500 
237097.906250 643387.062500 182215.281250 42560.898438 412925.718750 
308614.625000 450565.343750 350350.343750 126193.718750 518858.625000 
320821.281250 551998.375000 90929.156250 134471.343750 281138.968750 
556725.750000 375965.062500 159918.734375 119457.507812 822073.250000 
157079.968750 823720.625000 252502.140625 52559.460938 415090.687500 
275535.656250 1222113.750000 90408.367188 120857.867188 475350.906250 
498246.593750 362528.281250 81775.156250 136603.187500 396631.343750 
380406.906250 231815.984375 172042.125000 104648.437500 624597.250000 
460423.218750 594411.187500 711927.375000 192068.703125 688623.437500 
723903.000000 443907.031250 710881.687500 148403.734375 600328.187500 
1500953.125000 434069.531250 214199.937500 149049.031250 405444.968750 
558883.437500 314038.125000 64941.480469 50640.710938 279097.843750 
914355.562500 478743.218750 137638.843750 106364.242188 354892.906250 
263553.500000 592968.125000 146487.968750 295123.218750 843826.375000 
78373.015625 445099.000000 64036.921875 44212.132812 215853.031250 
831753.000000 570682.937500 247964.218750 264827.718750 759583.875000 
