88.526756 84.708961 98.456749 95.819275 86.108269 0.000000 
92.383232 94.296738 84.203735 88.868011 69.561638 0.000000 
92.371407 93.732613 84.955994 81.628433 72.378220 0.000000 
86.555000 89.090157 88.677666 89.946526 89.525452 0.000000 
92.378494 94.137886 91.435089 88.053696 76.424675 0.027976 
91.612976 87.311920 85.597519 97.502762 79.747299 0.019782 
96.989807 92.085472 94.935036 91.855026 83.631401 0.000000 
88.512955 89.103546 92.809418 96.258087 90.058197 0.039565 
90.580490 91.605850 93.555138 83.717903 77.386131 0.000000 
88.699997 85.489952 89.917404 86.988998 80.203735 0.000000 
89.835396 87.833611 89.803825 78.896713 81.108727 0.000000 
91.091011 90.383324 88.624519 88.025467 78.925507 0.000000 
93.807816 90.015671 90.365456 88.323761 76.016876 0.019782 
91.251846 89.672310 98.758369 93.298676 86.954834 0.000000 
93.214241 95.194740 99.689095 74.560982 93.618172 0.019782 
93.370811 90.361229 85.714500 91.603928 71.413559 0.000000 
89.384827 89.933617 92.036270 89.229767 78.237045 0.000000 
94.415512 87.395508 83.784309 96.189735 77.214798 0.000000 
93.219971 93.102959 101.742699 86.374001 78.453163 0.000000 
88.405617 90.305984 86.913467 87.128769 82.146477 0.000000 
