125453.710938 5305.076172 2118.180908 3070.254639 735.472229 
111075.476562 26835.099609 25276.060547 23757.515625 2437882.000000 
142239.328125 80848.015625 89856.445312 109415.125000 3315108.750000 
109908.984375 33858.414062 42577.511719 37564.339844 2802590.000000 
95768.359375 26818.000000 26343.683594 36838.617188 4141305.500000 
96851.867188 18401.617188 18989.214844 20049.904297 1183920.375000 
106049.687500 23292.281250 23286.626953 20903.857422 2311477.000000 
70310.414062 14974.796875 11945.256836 9849.670898 1834522.375000 
101854.710938 14483.742188 14734.262695 20568.140625 147052.921875 
61875.453125 7980.303223 7243.092773 7357.375977 550844.937500 
58843.472656 3054.192871 1946.442993 1311.838135 7549.735352 
37702.070312 1992.213623 1316.202026 908.264099 8548.354492 
19763.937500 1444.666870 829.807495 714.519714 12837.509766 
15426.823242 1202.324829 698.322937 468.612061 16201.332031 
37993.414062 3137.824951 2317.954590 1538.381470 16161.617188 
39536.535156 3209.567627 1858.366577 1745.972168 11982.941406 
56723.304688 5132.210938 3121.121338 3632.805908 8686.063477 
49551.449219 5578.403809 5100.077148 5257.444824 88271.367188 
61229.906250 6204.728027 5625.822754 5369.633789 82895.773438 
54478.640625 5071.723633 3977.498535 3656.082764 82636.914062 
66640.335938 7237.971680 5235.284180 6744.490723 482601.406250 
72042.195312 18228.259766 27896.441406 42082.148438 1313133.875000 
70203.828125 7020.908691 5685.608887 7420.975098 514376.281250 
378707.343750 76772.203125 107635.632812 147172.984375 1326967.875000 
3161283.250000 603808.562500 620891.500000 445404.125000 999813.375000 
4047381.250000 391842.000000 297001.375000 289749.531250 616662.125000 
135102.734375 16848.685547 13406.177734 15234.216797 829547.500000 
110718.523438 13938.110352 15287.655273 19744.755859 574335.187500 
61455.238281 6361.233398 5928.684082 9368.029297 109232.148438 
2018351.875000 219722.156250 85969.539062 43454.257812 163790.031250 
58559.968750 8285.338867 8220.894531 9700.637695 632555.750000 
105766.656250 13872.083008 17278.921875 18872.812500 327756.187500 
84248.835938 18887.451172 32470.361328 45322.871094 1010655.562500 
92386.593750 12726.718750 11741.238281 14970.991211 239864.328125 
82648.140625 9251.761719 11093.154297 18566.107422 257368.171875 
90140.257812 21933.796875 200272.937500 137343.437500 501017.968750 
55300.250000 10432.544922 10087.807617 16696.652344 334790.218750 
89818.359375 10759.462891 19049.837891 58055.472656 63599.757812 
82140.914062 13722.504883 26165.550781 17282.900391 138688.125000 
94410.085938 15076.424805 18139.933594 31713.253906 439288.937500 
82092.914062 9899.132812 9820.906250 7515.657715 449868.062500 
15652.607422 12749.403320 1008.936523 2050.925781 128140.406250 
60520.300781 7056.228027 6073.208496 5801.575684 218320.828125 
87516.015625 8600.026367 8910.657227 11573.816406 125375.406250 
57461.605469 6673.389648 6458.166016 7651.489746 205055.859375 
31966.542969 192575.156250 1558.302368 52600.632812 67317.335938 
13135.343750 5209.662598 1219.572021 90021.078125 57882.179688 
14008.452148 140275.250000 1248.140625 424444.781250 46547.445312 
51293.554688 5367.134277 4521.226562 4165.696289 160786.343750 
57772.542969 7702.444824 6309.895996 5490.122559 249174.140625 
34950.351562 2899.345703 2228.063721 1752.796265 149719.406250 
44071.781250 5164.947266 4272.245605 3968.415039 335275.062500 
37061.078125 3617.310059 3365.676025 3583.366699 368054.750000 
56633.714844 5752.505859 4245.498047 4851.261719 138908.203125 
40646.960938 5006.065430 4786.058105 5175.639648 609524.750000 
66671.867188 7139.458496 7477.502930 6923.746582 154001.234375 
63356.445312 4804.239746 4271.724121 3404.975586 39953.101562 
33920.132812 2598.609863 1661.705811 1054.891113 23275.833984 
24259.060547 1962.067871 907.761780 655.743652 17303.857422 
18017.466797 1408.458130 606.929443 355.192657 23928.849609 
44440.515625 3052.612305 2167.632568 1779.397705 29211.392578 
65222.632812 7223.689941 5595.728516 6003.294922 62230.378906 
100347.093750 12264.054688 12138.074219 11538.424805 53683.425781 
87850.789062 9599.345703 11570.989258 10433.088867 152296.593750 
41515.332031 4317.812012 3638.022949 3732.960449 683601.375000 
90163.898438 12928.081055 11278.554688 17242.226562 163254.687500 
43455.828125 5723.998535 5211.349121 5457.026367 775103.437500 
41497.156250 4117.479492 3862.312012 3778.702637 225746.312500 
64629.687500 6804.219727 6910.214844 6809.647949 49875.839844 
88250.734375 7142.382812 6427.644531 4757.291504 20932.371094 
16759.308594 893.278992 594.735596 394.955505 18748.927734 
27739.685547 1572.086304 821.442688 593.949951 4835.335449 
27164.884766 562.349487 87.184319 103.006485 5347.809082 
59647.636719 684.999573 255.459000 87.860085 4798.945312 
25092.820312 710.205811 558.735840 522.333069 8530.185547 
8512.247070 525.024658 171.697693 528.072510 18306.925781 
20265.666016 388.053345 377.708374 393.611145 9990.398438 
13243.328125 1330.151733 890.606018 454.547668 19354.228516 
13274.969727 982.537415 865.906006 438.160004 28884.214844 
26010.707031 2485.878418 1206.045166 963.274475 14248.862305 
55619.886719 6209.250488 5402.397949 4611.000977 175984.937500 
45894.406250 5212.208496 4691.038574 5375.697266 539804.312500 
72899.226562 27406.066406 32742.205078 44579.035156 1555998.250000 
52502.550781 9219.495117 7495.495605 8210.400391 1016044.687500 
55017.453125 7542.723633 7894.661133 7402.626953 482457.156250 
54485.855469 7261.490234 6301.104004 6412.738281 682337.687500 
88371.695312 9574.088867 12049.255859 11010.980469 50588.832031 
38314.300781 4867.816406 2922.648438 2248.961914 88076.898438 
16202.748047 1332.303223 872.886169 513.129944 21398.833984 
27849.410156 3118.792480 1896.839355 1307.754761 18277.867188 
29532.572266 3499.764648 1423.752319 863.766357 16100.642578 
38538.992188 2789.848877 1945.619751 1023.562073 11703.865234 
20699.681641 2066.593750 1166.101196 862.323242 19622.650391 
23966.763672 2508.776611 1207.057983 840.200500 18871.642578 
31247.365234 2437.147461 1418.795410 851.945679 21882.412109 
35072.093750 3926.932861 2654.129150 2307.305176 64806.875000 
58333.542969 7493.395508 5777.312988 4916.781738 98722.125000 
80518.757812 14706.488281 13534.939453 13792.418945 124757.320312 
94821.617188 22641.501953 22058.046875 33998.140625 406718.593750 
49510.093750 7750.805176 8158.195801 13411.522461 386939.718750 
74762.445312 10037.665039 11792.500000 7054.207031 113529.265625 
72965.390625 7857.509277 6090.344238 5146.035156 57012.347656 
44889.109375 5781.410156 4114.669434 3743.212402 37334.300781 
29469.199219 3624.287109 2204.215088 1152.637817 19148.130859 
54509.347656 7936.948730 7498.026855 5016.606934 52486.148438 
43213.375000 5258.617676 3561.401367 2905.666992 130809.367188 
80754.328125 11505.580078 10026.395508 8921.316406 219052.671875 
67043.031250 7234.189453 6364.737305 7528.645508 137668.906250 
69105.765625 9934.320312 8655.737305 9020.842773 256817.609375 
58096.437500 9619.372070 6438.392578 5464.409668 243993.671875 
48726.992188 7768.752441 7158.475098 5011.712402 59574.875000 
43590.281250 7416.462891 5718.825684 4624.992188 52130.542969 
40793.621094 7040.298340 4539.087402 2950.166016 28206.787109 
25043.845703 3730.534668 1982.324585 1719.710083 22656.671875 
38515.906250 4471.684082 2394.464111 1873.961792 21641.248047 
81118.859375 16507.257812 13041.082031 14350.955078 231995.390625 
89754.093750 37887.718750 21428.320312 18420.460938 839469.687500 
211871.781250 1215177.625000 7977666.500000 762383616.000000 17979944.000000 
172146.187500 276221.468750 1121261.000000 1298238.500000 1795752.750000 
450871.343750 2253908.000000 1229564416.000000 4499618304.000000 59686692.000000 
805940.500000 486103200.000000 1691809.250000 17032366.000000 81735.632812 
712025.500000 1651404800.000000 5983945.500000 336086.625000 0.355252 
403522.000000 35668.386719 72765.164062 32964.316406 6543.836426 
4611136.500000 37103226880.000000 155888912.000000 332306.437500 0.569695 
736737.750000 4122563.500000 156845520.000000 4301872.000000 2302.662354 
306579.593750 264381.625000 140587.343750 270095.281250 493062.218750 
1755084.875000 90164232192.000000 3878886309888.000000 219406978252800.000000 1566840455168.000000 
nan nan nan nan nan 
