2467.726074 1234.178101 1158.097412 1052.326050 399565.437500 
5406.720215 3086.437256 4065.323730 9885.476562 314313.250000 
2253.124756 1089.739380 1020.856445 701.532776 289365.250000 
2596.485596 1553.041016 1281.151367 1321.331787 354255.718750 
2331.899902 1038.387817 1161.962646 1305.703125 302226.406250 
2529.029297 1320.166992 1765.337158 1375.532837 307996.937500 
2430.189453 1008.377197 1247.456055 867.423645 259597.468750 
2302.285645 983.256836 875.902466 1530.806763 314357.937500 
3000.025391 1358.288452 2321.041260 1667.112061 461477.000000 
2790.518555 1072.535767 1159.667725 974.183350 323114.250000 
4954.574707 1886.342896 2408.171387 2451.889648 472220.187500 
2634.829346 1712.634399 3525.384766 1822.362061 412795.812500 
1747.045776 738.936584 658.686096 631.859497 196926.203125 
1885.386719 894.825928 716.742004 579.784485 262955.187500 
5914.173340 2050.997314 3022.742920 3656.587402 558526.875000 
2058.854980 738.587036 802.144226 1006.822998 255519.703125 
3830.052246 1663.796509 2389.362549 3005.468750 452575.906250 
2258.005371 970.858948 842.522705 677.151611 318292.187500 
2217.205566 830.480164 978.767334 1011.419617 334010.625000 
10296.337891 2331.440186 2806.517090 3434.545898 631285.750000 
