81.572044 60.427254 77.171967 73.807411 62.034939 0.019782 
69.512154 51.243656 56.802948 59.851841 54.107262 0.034264 
79.104576 57.414883 63.401093 63.266594 54.329914 0.019782 
80.751328 57.342030 49.926449 54.768730 55.685440 0.000000 
75.494225 53.930756 59.152744 58.935825 52.699043 0.027976 
79.230446 66.151321 64.322235 71.702606 66.902245 0.027976 
80.019630 64.566223 72.467796 77.031204 57.977020 0.000000 
78.090080 56.206337 65.331642 61.777733 56.178978 0.019782 
82.062912 57.015236 57.694321 57.449608 65.815178 0.000000 
81.655731 71.446617 72.754776 66.124092 71.268120 0.000000 
79.709686 62.411518 68.272171 73.511055 55.898022 0.039565 
76.761787 66.011230 71.053406 69.375366 57.792904 0.000000 
79.357239 57.013874 59.839565 60.004383 62.007591 0.000000 
76.383919 60.056717 65.133270 63.279507 59.180527 0.000000 
70.097115 50.545647 59.219986 54.348186 58.935291 0.000000 
73.153770 53.189949 53.588718 67.295280 53.322216 0.000000 
80.653694 59.154327 62.894161 63.805080 63.643456 0.000000 
80.096375 48.145130 54.812080 57.901794 54.778675 0.000000 
75.346252 75.494545 73.690018 74.138893 67.982124 0.027976 
78.627991 51.871166 55.283283 64.780754 62.188816 0.000000 
