Episode: 1: [ 0.00099999  0.00099999  0.00099999  0.00099999 -0.00099999] 
Episode: 11: [-0.00455055 -0.00477186 -0.00490838 -0.00540968  0.00490674] 
Episode: 21: [-0.00761155 -0.00715925 -0.00690012 -0.00733828  0.00723985] 
Episode: 31: [-0.01483217 -0.0131201  -0.01190933 -0.01159209  0.01292397] 
Episode: 41: [-0.0189846  -0.01649055 -0.01455066 -0.01363759  0.0160358 ] 
Episode: 51: [-0.02179352 -0.01883206 -0.01664582 -0.01558292  0.01836549] 
Episode: 61: [-0.02483223 -0.02128918 -0.01861111 -0.01730258  0.02070315] 
Episode: 71: [-0.02738331 -0.02318579 -0.01983874 -0.01822988  0.0223966 ] 
Episode: 81: [-0.02893452 -0.02425035 -0.02060962 -0.0189837   0.02345268] 
Episode: 91: [-0.02990478 -0.02497629 -0.02110866 -0.01919075  0.0240745 ] 
Episode: 101: [-0.03075697 -0.02570618 -0.0217564  -0.01956487  0.02474364] 
Episode: 111: [-0.0309189  -0.02577906 -0.02188585 -0.01938942  0.02479939] 
Episode: 121: [-0.03083338 -0.02565561 -0.02153572 -0.01840923  0.02443128] 
Episode: 131: [-0.03078285 -0.0256867  -0.02116654 -0.01616312  0.02382081] 
Episode: 141: [-0.03092111 -0.02576393 -0.02105031 -0.01222972  0.02294681] 
Episode: 151: [-0.03114754 -0.0259076  -0.02103254 -0.0097233   0.02244401] 
Episode: 161: [-0.03141648 -0.02649127 -0.02141632 -0.00745942  0.02222786] 
Episode: 171: [-0.03155655 -0.02691591 -0.02152733 -0.00541978  0.02191839] 
Episode: 181: [-0.03162483 -0.02691434 -0.02128595 -0.00505633  0.02178112] 
Episode: 191: [-0.03334737 -0.03305769 -0.02731116 -0.00230726  0.01895683] 
