123474.664062 5859.470703 1584.619629 1302.828735 429.946564 
120169.226562 5479.515625 3838.958252 2155.057129 476.757446 
141639.218750 4726.505859 2034.403564 639.049683 294.057526 
89440.218750 4232.066895 1957.659424 631.223145 243.160782 
75252.554688 3345.545898 1625.176025 690.728088 277.553680 
119636.695312 3549.279297 1492.507812 793.799927 307.612885 
50887.257812 2004.146606 1019.972595 450.068054 211.686157 
51397.054688 1932.135376 725.640503 607.655090 154.023529 
80538.398438 3618.824463 880.795227 749.365784 257.311249 
50012.535156 1626.174316 642.656921 328.767334 108.901573 
82821.546875 3895.181885 1174.402588 326.129333 220.969406 
69838.304688 2493.204834 1087.930542 541.254456 165.592590 
39318.539062 1349.891602 521.203735 284.749023 106.907814 
41275.808594 1284.007446 473.286865 321.484924 98.541580 
41588.015625 1636.286499 780.323181 388.180603 116.450241 
55183.683594 2492.354248 856.235901 589.200806 240.182602 
69234.640625 2701.719238 943.181458 404.658722 240.471313 
43905.851562 1252.766113 701.123779 417.124115 170.332031 
59961.367188 1855.112671 637.119385 496.198120 208.490067 
55847.417969 1709.871216 512.119080 303.107758 138.204666 
41043.757812 1092.243896 420.352997 173.622879 80.689369 
40473.406250 1088.773438 378.480927 196.527893 70.694351 
37401.800781 780.702332 351.327148 298.381073 58.067997 
39507.226562 1372.121338 665.947083 456.772491 163.433609 
36677.183594 924.432373 556.437012 280.680542 76.573181 
41516.902344 1664.882446 416.637238 281.659119 111.191536 
35867.890625 1083.006348 462.416351 248.029007 76.299522 
34729.570312 846.509766 375.155182 158.556061 121.220612 
35462.464844 775.607971 390.271301 245.633560 70.583679 
40335.902344 1118.982178 719.707031 521.326294 160.051666 
33250.042969 667.958191 339.684540 192.883133 62.031239 
66379.007812 2180.804443 1078.942017 466.930634 134.614304 
40582.574219 976.527466 534.850586 258.007263 127.130135 
39999.000000 686.457458 374.587067 210.157745 63.364265 
38769.789062 416.497559 189.128067 218.525055 59.234604 
44824.265625 1210.367554 563.791626 459.721710 110.024193 
35123.539062 642.795166 417.110016 382.309113 105.614212 
42473.484375 1586.293213 758.855042 805.932922 175.859802 
35870.859375 531.839294 268.451294 175.943985 75.367325 
38290.988281 1132.023560 348.549042 334.826874 61.870945 
33920.140625 1427.289062 545.504211 239.027756 149.762650 
36908.859375 692.034241 354.878204 302.268341 95.293015 
36424.445312 1036.622437 553.405579 215.975815 102.568993 
57248.062500 1911.241089 804.300354 461.471832 184.177948 
41397.562500 1041.880371 416.439789 250.972137 84.832428 
39174.464844 753.411133 303.149078 260.426331 87.890678 
43660.558594 231.244110 145.929047 191.013245 70.606384 
40572.386719 408.310699 286.169861 200.627182 56.545422 
41053.093750 881.757568 324.766815 226.932175 83.536171 
38518.867188 732.086060 323.644135 372.003174 82.061798 
44080.511719 310.557800 213.286575 105.414093 45.479279 
42703.859375 377.998016 263.435364 192.631607 67.392059 
60987.429688 268.337128 190.985886 183.485992 43.325645 
34590.796875 646.175415 254.901260 245.020233 60.172882 
39958.566406 301.769745 220.563019 329.922760 62.058224 
37929.605469 750.149780 701.686157 373.449829 148.941254 
39622.007812 941.222656 406.182617 281.534058 72.563972 
44947.078125 388.417511 297.575592 200.548035 51.958141 
47409.093750 329.605774 227.597397 195.018402 62.275108 
65713.242188 297.158417 209.214325 280.988922 38.463806 
35768.375000 898.644714 328.957947 280.102631 76.564522 
35520.414062 880.250610 447.574890 256.330353 82.236366 
38398.859375 1195.834839 532.232971 231.454987 158.284286 
38193.542969 812.348816 365.457001 205.428162 81.222557 
66591.054688 207.682373 249.322861 177.774979 52.868347 
33033.144531 718.909058 387.298126 245.697174 75.919136 
54811.722656 303.785217 163.662689 228.951706 50.852673 
50949.058594 424.209930 233.218903 143.715576 56.942791 
32999.648438 803.328186 359.542328 158.833878 90.481644 
39684.460938 1180.161621 677.000610 435.967346 74.022270 
62090.625000 225.639404 162.501266 202.920731 60.793201 
42958.218750 746.282227 403.911255 343.114990 96.946693 
60717.402344 258.489532 184.142853 142.255035 80.110725 
70864.671875 155.714996 186.300720 187.029892 47.642166 
38624.015625 445.349518 213.113144 191.768600 51.597115 
51262.527344 369.463959 285.294952 158.002518 51.576374 
36067.558594 440.492249 269.543610 292.464081 80.461349 
44010.421875 454.598267 164.289825 179.499680 74.175606 
55024.863281 313.372406 179.871292 186.053558 49.156017 
34663.945312 492.819031 264.201263 193.814560 58.074512 
42231.226562 458.501221 307.410950 245.094818 64.905540 
47683.894531 305.720520 258.102814 183.487793 38.775364 
33182.003906 636.740112 219.252106 166.018173 56.454060 
69654.914062 256.336060 137.790253 142.577682 39.557056 
42023.773438 320.915619 214.586975 154.062714 56.223267 
46952.964844 346.323608 223.811737 175.909286 71.867958 
45941.812500 1241.618164 691.882690 399.843750 136.348984 
47669.988281 391.125305 286.497040 144.407669 47.702389 
36967.019531 435.086304 263.586090 207.679489 57.233475 
34861.515625 801.817322 370.216705 194.826965 73.630470 
34150.421875 811.409363 392.110077 323.089539 99.047462 
45463.093750 1586.996704 431.531281 403.493683 138.568207 
34565.554688 858.881958 304.778381 178.055862 83.415947 
38881.855469 517.793213 312.933899 161.320343 47.795967 
37258.390625 652.138916 393.930511 187.222778 139.965851 
34602.121094 397.338745 169.851166 149.107956 51.061146 
35188.214844 798.770874 284.402618 320.194244 81.879326 
42712.746094 1326.583496 511.714844 250.272385 115.009430 
31540.824219 1124.367554 718.807373 363.584442 152.855103 
40488.421875 477.019928 215.399551 215.889374 53.438637 
37766.804688 1249.605957 459.963684 324.061584 100.637650 
45775.941406 1380.874390 454.817657 266.759216 127.412766 
35800.011719 1016.973999 554.609680 319.138245 58.853840 
35310.851562 883.075989 348.248352 235.271225 64.850143 
38942.488281 1002.025452 397.345428 218.600250 61.903877 
34474.929688 702.656860 381.687164 128.956345 68.795082 
42766.949219 1116.423340 420.567078 291.594788 97.376915 
33670.335938 1117.696045 473.399750 270.492218 80.160271 
35304.542969 646.132568 448.035675 221.467621 78.400276 
41741.812500 298.796204 247.607285 234.968399 47.855297 
37226.449219 516.768799 316.023438 169.442200 58.107361 
35641.835938 686.470642 378.210175 396.116333 125.454247 
34979.320312 601.384399 360.544891 243.100647 74.362434 
52021.328125 323.143097 219.562744 161.053741 49.169083 
31416.361328 522.805359 305.649292 242.061798 117.940605 
33236.496094 706.287415 457.237549 212.170044 79.718079 
43041.757812 803.049866 388.158356 185.363495 53.187225 
48857.351562 305.481842 228.462982 231.356461 44.926170 
41878.496094 649.767334 400.295776 272.091858 57.768219 
35098.660156 608.687561 371.600983 228.827133 68.503586 
33151.597656 584.367859 316.746399 202.443573 73.245689 
34772.917969 621.702820 370.938141 256.847321 95.298286 
34234.558594 689.208313 317.027679 240.757797 92.593964 
29297.919922 492.433716 249.441238 184.623108 51.751808 
40830.468750 715.623230 376.994019 191.499680 57.554462 
44352.601562 1560.572754 750.809448 344.404846 183.609711 
43355.976562 501.804169 265.833618 214.358322 59.217644 
56457.082031 403.368408 211.371811 197.174866 49.780701 
32501.714844 817.020691 397.442230 261.992188 73.120575 
34813.949219 492.398071 218.655029 186.845078 46.866009 
38750.929688 691.408691 324.586304 233.112885 60.169792 
39815.132812 1107.579102 298.821136 278.113678 98.649818 
47221.804688 293.271240 285.655945 186.633957 61.631649 
38023.207031 383.509949 235.980453 236.503372 62.222137 
44708.062500 363.010040 219.325073 98.346603 42.745876 
49523.097656 328.390350 209.358200 143.042511 63.392174 
36138.406250 371.289398 221.779312 133.632965 48.820755 
36168.738281 1055.392212 480.490997 243.448425 67.270996 
42170.054688 964.653076 452.677307 199.173477 91.134613 
46585.355469 302.669189 264.647736 291.634521 95.081131 
37729.800781 363.450623 260.173553 175.655869 33.313454 
78561.992188 260.353546 186.444687 196.937775 63.477177 
49388.464844 385.755737 267.234711 125.538536 62.347485 
74075.101562 269.190460 267.882843 180.455658 73.502670 
64466.781250 246.606430 309.529907 213.281357 38.233475 
30098.787109 560.008606 235.339737 182.680130 66.922752 
63286.101562 294.928314 192.211700 144.420883 54.385174 
37318.832031 617.565063 444.988281 258.058624 82.707550 
43624.812500 329.067535 324.093048 342.980682 75.977310 
47580.218750 386.572357 226.243164 168.757187 56.886719 
56884.347656 347.538757 321.601471 229.443573 51.518044 
32555.648438 926.753052 330.680664 253.081451 92.489563 
33789.906250 586.152161 476.800018 172.106171 54.460220 
52648.546875 272.942993 287.944183 124.630157 40.075001 
46388.246094 315.743500 280.052979 214.480820 93.070503 
34412.468750 611.565125 296.431702 157.356812 54.410786 
36311.867188 640.758179 391.180054 212.289780 84.197235 
57409.968750 305.262604 189.178467 140.737244 38.768097 
40399.792969 1071.121338 420.096191 334.524902 112.665100 
35278.351562 760.273499 310.660248 292.286407 96.101547 
50168.496094 338.029480 307.449860 295.979858 43.908470 
33461.566406 512.249023 321.005768 158.833389 58.414051 
54661.968750 286.558197 201.375717 156.788574 43.758720 
45606.953125 374.583954 186.129517 109.849022 68.551514 
64149.488281 356.808228 271.265900 272.786102 55.847027 
34639.589844 521.107239 244.467850 149.850754 46.702553 
44668.429688 350.278717 272.500824 193.663818 52.692062 
36083.414062 825.298462 348.955811 231.473679 62.572422 
36297.843750 420.048492 232.490479 150.522507 51.350441 
37127.937500 980.603821 509.781555 274.506622 61.555378 
34559.460938 542.094116 348.088959 246.222122 47.881622 
38990.093750 480.118805 225.959839 220.555771 47.302402 
45742.925781 454.209656 350.844604 291.438232 93.665337 
42881.003906 581.566040 311.858551 202.453339 78.738777 
49671.054688 2087.896240 773.594482 382.371246 183.250778 
36952.707031 1058.705444 505.353119 245.826645 119.284920 
38489.515625 757.169434 318.625427 197.472214 82.012154 
35269.292969 859.425537 361.205566 199.449219 114.967705 
41330.121094 881.718140 450.567108 179.968460 63.557713 
40849.871094 1194.894409 397.862122 287.661041 106.350388 
34837.718750 748.706665 465.756744 174.190781 75.260391 
37910.917969 900.021545 398.862976 266.733429 56.165096 
52305.027344 2381.029541 995.310120 538.814453 142.258499 
42964.132812 511.193237 329.229004 129.217194 58.328125 
47142.464844 451.514923 231.751129 218.188858 105.006577 
44476.484375 1488.648804 663.356262 254.686569 69.524666 
38666.906250 1194.151978 387.817749 349.820801 113.302246 
34097.722656 1040.027344 428.779572 394.714081 106.727737 
50251.421875 1847.764038 734.432434 355.356659 178.820496 
34476.375000 715.258850 335.130859 162.514236 71.531296 
42430.078125 1312.005981 437.163727 276.990845 120.384972 
36775.496094 675.313538 536.067078 299.075928 95.453133 
31823.634766 766.293274 376.074310 294.908264 93.892120 
41967.093750 999.579102 457.876556 261.611725 83.883232 
35841.523438 633.693359 444.243286 264.955780 97.008156 
35008.523438 939.184998 454.636322 231.422546 108.329880 
35537.285156 898.191467 569.753906 145.484116 87.958267 
33907.882812 405.320526 282.566589 179.875168 68.381264 
34919.988281 581.166138 293.544250 281.226898 84.095055 
44889.742188 542.009155 337.246796 250.289536 50.917267 
39488.359375 960.601135 513.008728 219.067413 113.671997 
42533.437500 1362.910522 505.084930 370.015198 84.790695 
37531.980469 729.674255 296.785339 202.771729 101.266441 
42648.320312 1444.436646 542.900879 329.527252 67.865776 
36246.964844 902.612732 615.998657 313.426300 128.014648 
36550.781250 517.679810 305.451843 113.840561 45.806664 
42072.472656 1491.172852 610.873779 472.634644 126.466583 
43713.996094 863.568115 325.913544 155.839020 58.421143 
46907.160156 1067.242310 458.644257 152.631363 41.847916 
45211.675781 1087.276855 560.764648 301.472473 84.493011 
44118.531250 990.605896 374.309204 251.108002 87.128212 
55190.480469 1926.193115 713.488464 383.531036 99.656288 
50814.101562 1131.728638 559.370850 181.707321 86.070595 
76017.765625 3729.371094 1103.878174 504.080566 230.140411 
50986.917969 1776.092407 637.678955 344.023010 168.166763 
105922.359375 2234.058105 708.679260 393.290558 106.025223 
80685.679688 2284.557373 1825.513550 534.756531 215.431458 
99638.617188 2725.584473 1026.225342 523.223022 199.120346 
534998.500000 15380.058594 6267.001953 1294.348511 455.273499 
299393.531250 13248.420898 7655.386230 2459.493164 737.074097 
1889281.500000 295204.000000 2372688384.000000 29192439808.000000 22246606.000000 
4165261.500000 4810904064.000000 21748115456.000000 24712666.000000 2141.483887 
63535210496.000000 110049689600.000000 712150941696.000000 600082612224.000000 1473260032.000000 
1183662.750000 3428997376.000000 51937329152.000000 19569207296.000000 3837491.250000 
1709979.875000 7743229952.000000 73583427584.000000 255355305984.000000 256450288.000000 
173056.562500 9522.683594 4271.787109 2038.586304 886.316162 
74858240.000000 24602662912.000000 90369531904.000000 379984412672.000000 157545664.000000 
2371220.000000 10931715072.000000 70450847744.000000 160042696704.000000 111300936.000000 
277398.375000 26773.095703 27332.505859 27434.875000 7007.823730 
65640202240.000000 196243800064.000000 2154531328.000000 44885422080.000000 293281472.000000 
nan nan nan nan nan 
