93.638802 92.811340 86.349838 81.589622 71.816345 64.550735 65.132538 82.954323 55.262840 63.317150 0.000000 
87.713593 89.676193 78.306763 77.402626 82.474319 84.096092 98.169853 96.714890 96.211060 75.770782 0.000000 
102.494019 113.595123 114.333504 125.529709 129.853989 119.694740 109.525185 96.311646 89.722908 82.807281 0.027976 
97.737350 103.914177 117.842430 99.785881 77.772682 57.832615 51.060486 49.838470 78.054878 76.872017 0.000000 
101.939537 100.465813 92.576050 92.500145 81.817497 79.738510 76.246056 83.728989 81.332138 73.177406 0.000000 
75.888756 84.858017 78.037186 82.881248 78.177994 69.901695 70.638985 77.323013 79.251442 71.552879 0.000000 
59.763004 50.308193 45.776848 49.262959 50.978809 52.213322 61.699635 66.769035 74.322968 67.961288 0.000000 
83.663460 87.922203 84.958633 89.018105 77.798042 65.728806 69.357002 64.248497 86.297707 68.350273 0.000000 
88.115379 83.729416 93.728142 91.402122 85.358032 79.672157 88.818779 79.704636 82.090889 58.475933 0.019782 
82.406898 78.968353 80.361595 80.295586 68.820816 71.903381 87.231873 77.434525 78.060104 83.959763 0.000000 
59.358131 52.375801 53.160217 44.522427 48.848221 36.327953 43.125221 43.463032 59.880703 77.318832 0.019782 
73.968506 66.625519 65.630219 70.258881 72.466293 76.245232 70.945343 82.781357 92.843987 77.693993 0.039565 
108.543686 111.421181 109.206421 99.191597 112.393829 97.678154 82.934593 68.254967 84.648880 74.172264 0.027976 
94.934959 106.922302 113.006088 92.135284 92.711487 97.852570 82.636208 82.502647 89.543236 87.856674 0.019782 
103.096863 117.303970 116.766937 116.073578 112.092178 111.060783 118.589828 114.959419 99.040703 88.769783 0.019782 
84.344032 77.766273 75.858521 77.932632 73.732094 67.027840 73.135918 65.965149 78.451515 74.112961 0.019782 
72.590050 71.763031 68.520218 72.033737 67.627701 73.766983 58.746151 64.263748 69.669327 67.214607 0.019782 
102.651535 111.220840 113.497307 108.840317 116.466888 119.386688 113.476326 111.721024 92.797180 75.799805 0.000000 
88.094261 94.299446 92.616264 88.756195 79.246803 75.402267 71.865349 76.026993 78.844040 78.933098 0.000000 
104.530418 113.022354 123.200706 118.128418 109.090691 86.584900 79.749878 85.413635 83.020348 68.172989 0.019782 
