28976.386719 3319.182129 4369.679688 4588.823242 133860.546875 
40832.980469 4307.778320 7758.398438 5285.114258 91595.984375 
42310.660156 4619.271973 8278.691406 4768.091309 67022.773438 
48641.023438 11586.269531 17959.558594 17223.779297 191831.812500 
31472.214844 5546.712891 6657.259766 6866.595215 116791.515625 
31500.097656 5436.455566 4870.976562 5719.784668 124020.625000 
39728.351562 4011.112793 9218.167969 4361.270508 51604.988281 
45412.132812 19216.873047 35572.863281 26889.613281 160957.000000 
65015.312500 13374.345703 11031.368164 14153.127930 228631.125000 
32498.457031 4183.498535 6238.607422 4198.461914 80711.718750 
45698.105469 5634.249512 12696.623047 5920.856934 102553.632812 
37520.246094 10992.165039 11682.627930 14081.510742 220106.015625 
36653.492188 7121.906250 9002.542969 9266.224609 119423.796875 
25720.978516 3255.337158 4531.906250 2681.621338 111949.343750 
55693.113281 18527.398438 19242.988281 8614.472656 119977.187500 
21494.205078 3143.935059 3855.716309 2962.594727 61375.988281 
42562.945312 15402.239258 25372.261719 37733.167969 239295.937500 
31936.367188 3954.161377 4942.275879 3643.634033 167281.875000 
35232.472656 8143.229492 9609.895508 10594.148438 115205.554688 
42787.339844 3347.948242 6318.196289 3871.644775 60393.863281 
