4.016678 
5.283787 
3.210701 
3.940051 
3.623945 
3.395403 
3.539831 
3.319476 
3.525506 
2.931171 
3.374551 
3.070820 
2.991436 
3.137386 
2.881011 
3.210577 
2.777760 
2.860222 
3.320912 
3.023393 
2.460895 
2.381990 
2.560302 
2.773028 
2.416211 
2.719685 
2.756318 
2.929536 
2.032387 
2.948159 
1.844734 
2.209395 
4.234955 
2.914134 
1.674840 
2.696668 
2.701190 
1.645381 
3.436972 
1.669428 
1.764647 
2.399596 
1.802662 
2.727340 
1.737688 
1.629798 
2.729044 
1.875088 
2.792097 
2.214697 
2.887753 
2.950370 
3.179864 
2.597433 
2.142776 
1.929119 
2.192447 
1.888366 
2.219085 
3.484801 
1.883105 
1.389012 
2.276778 
3.433870 
1.988746 
2.195970 
3.116910 
2.124357 
1.520712 
1.702174 
2.668912 
2.017008 
2.068204 
1.690486 
1.967340 
2.465827 
1.647269 
2.013664 
4.189211 
1.789316 
1.875184 
2.576785 
2.637880 
1.573717 
1.523203 
2.939927 
2.034063 
2.007386 
1.759868 
2.630498 
1.615969 
2.176214 
2.583904 
1.950110 
1.805796 
2.323516 
2.416023 
2.464954 
2.481895 
2.693389 
2.074869 
2.497327 
1.733006 
1.278364 
1.856462 
1.737638 
2.131691 
2.615565 
3.353847 
1.860691 
1.707703 
2.402161 
2.099015 
2.150166 
3.322021 
1.835238 
1.301327 
2.230603 
1.649611 
3.199745 
2.428798 
1.410051 
2.039273 
2.751941 
1.350517 
3.127200 
1.759284 
1.493910 
1.812848 
2.841454 
1.941754 
2.546840 
2.085975 
2.946254 
2.127048 
2.134069 
2.984300 
2.162220 
2.206722 
2.527707 
2.378816 
1.674854 
2.023794 
1.400967 
2.797897 
2.865108 
1.907759 
1.717560 
2.871538 
1.118138 
1.397989 
1.869717 
2.480102 
2.007192 
1.578393 
2.379477 
1.825123 
3.588122 
1.773467 
3.372139 
1.872823 
2.842203 
2.536393 
2.444937 
2.019934 
2.300917 
1.765208 
1.877395 
2.559111 
1.759478 
1.964242 
1.529437 
1.766919 
1.844775 
2.886641 
3.083883 
1.603849 
1.932296 
1.822252 
1.819336 
1.318149 
2.339565 
2.202049 
1.657636 
1.510038 
3.028905 
3.241360 
2.086687 
1.493870 
2.813931 
1.719162 
1.702043 
2.494356 
1.677924 
2.957625 
1.366164 
2.310077 
3.280542 
2.354047 
2.232009 
4.484547 
2.096948 
2.406201 
2.865343 
2.076743 
2.327039 
2.016356 
1.787019 
1.905577 
2.951522 
2.310092 
2.803796 
2.427234 
1.960507 
2.274061 
3.184933 
2.215470 
2.320058 
2.236984 
1.912957 
2.193329 
2.191655 
1.698783 
2.043748 
1.765200 
2.293972 
1.615311 
1.853456 
1.631047 
3.221519 
1.461225 
1.720443 
2.220091 
2.132177 
1.902128 
1.641899 
1.783088 
1.889450 
3.952396 
1.835957 
1.521848 
1.302223 
2.343715 
1.507616 
1.567162 
2.659633 
1.357584 
1.607773 
2.239211 
2.518229 
1.700317 
1.319658 
1.993814 
1.603407 
1.935337 
2.281485 
2.663361 
2.300225 
2.437016 
1.635487 
2.358012 
2.164388 
2.068135 
2.035014 
1.621773 
1.632794 
1.495733 
1.861167 
2.170533 
1.511219 
3.042543 
1.508627 
1.588822 
1.867176 
4.685771 
2.813205 
2.467027 
2.448798 
2.470899 
2.321400 
3.098395 
2.620038 
3.209286 
4.986151 
1.485761 
1.515779 
1.595727 
1.534873 
2.026353 
1.579542 
2.372196 
2.140260 
1.605295 
1.630991 
3.360520 
1.808064 
1.527224 
1.404522 
2.010191 
1.972230 
2.686551 
1.827339 
1.786053 
2.724817 
1.822746 
1.978348 
1.633142 
2.266939 
1.759350 
2.552490 
3.260066 
1.306336 
2.477344 
1.427374 
2.005719 
1.869225 
2.890944 
1.668497 
2.714706 
2.268193 
1.282950 
1.916908 
2.273140 
2.558502 
2.890803 
1.857421 
1.888033 
1.538165 
1.745618 
2.284394 
2.300510 
1.713469 
2.815173 
3.562241 
1.756062 
1.632179 
1.811381 
2.157649 
2.013239 
1.498446 
1.825164 
1.794559 
1.892149 
2.997548 
1.700415 
1.995130 
1.482059 
1.698198 
2.729073 
2.475544 
2.126577 
1.881479 
1.428733 
2.384710 
1.748060 
1.513478 
1.800517 
2.422493 
1.702092 
1.641576 
1.751204 
1.591091 
1.771891 
1.614283 
2.064824 
1.453613 
1.944550 
1.451005 
1.774026 
2.383048 
1.578156 
1.514429 
2.122872 
1.571469 
1.333629 
3.179052 
2.064141 
2.015568 
2.025982 
2.607395 
3.257649 
1.630466 
2.552986 
2.531011 
2.323216 
1.532711 
1.417718 
1.787421 
2.261583 
1.944200 
2.528916 
2.459023 
1.955405 
2.170415 
2.278557 
2.428965 
3.708495 
2.052647 
2.256753 
2.122044 
2.160473 
1.800982 
1.586231 
3.749917 
1.384946 
4.036888 
2.440925 
2.786439 
2.593750 
2.355630 
2.724961 
2.977758 
3.352089 
2.938599 
1.860126 
1.938671 
2.498062 
2.651771 
1.449046 
2.323785 
1.739095 
1.986773 
1.704339 
2.119896 
1.409949 
1.957906 
3.489305 
2.630275 
1.972894 
1.514954 
2.178538 
1.434253 
1.603089 
1.932769 
2.565957 
1.866686 
1.927072 
1.796477 
1.442217 
1.782404 
1.650011 
1.982661 
2.535550 
2.264562 
1.966861 
2.299029 
1.959128 
1.762330 
2.091300 
2.123990 
1.544085 
1.975930 
1.387937 
3.293833 
1.969212 
1.850984 
1.852343 
2.079035 
2.083977 
1.956636 
2.147046 
1.918374 
1.766949 
1.796208 
2.126862 
2.114370 
1.760676 
2.552038 
1.679046 
1.949792 
2.310453 
1.941749 
1.639245 
2.096708 
1.759530 
1.764907 
1.449767 
1.768022 
1.774687 
2.218560 
1.738781 
1.752200 
2.417053 
1.334290 
2.090502 
1.913202 
1.687606 
1.956987 
1.778145 
2.149031 
1.519961 
1.468604 
1.778328 
0.973312 
1.127739 
2.292786 
3.007271 
1.955107 
1.586858 
3.162019 
1.797732 
2.229841 
2.667380 
2.122790 
2.224915 
2.128313 
2.494330 
2.102646 
2.050399 
2.366520 
1.449707 
1.845782 
2.259698 
3.255282 
1.762742 
1.431983 
3.355371 
1.712372 
2.721469 
1.799244 
1.228968 
2.397543 
2.638345 
1.957657 
1.396412 
1.857680 
1.696473 
1.674743 
1.277252 
1.159788 
1.230006 
1.913973 
1.657701 
3.522416 
2.417916 
2.684229 
1.647707 
1.528669 
2.393643 
2.127984 
2.071391 
1.798420 
3.062511 
1.674490 
2.413459 
2.384344 
1.787742 
2.469337 
1.646789 
1.650009 
1.621822 
1.677018 
2.128947 
1.408361 
2.061520 
2.393677 
2.042513 
4.104409 
1.271248 
1.251912 
2.262800 
1.908856 
1.560043 
1.729460 
2.358654 
1.297426 
1.592258 
2.052907 
1.546175 
1.704875 
1.623658 
1.853445 
1.829736 
3.991336 
1.707394 
2.223263 
1.506268 
2.165305 
1.713578 
2.853063 
1.801904 
1.802796 
1.962706 
2.552409 
1.796839 
1.778450 
1.757211 
1.790247 
1.966898 
1.901650 
1.509154 
1.267129 
1.424693 
2.094189 
1.564406 
1.400323 
2.612870 
1.751902 
2.952645 
1.358531 
2.463605 
2.028004 
1.959586 
2.015152 
2.719556 
2.517370 
2.233908 
2.536724 
1.802234 
1.833770 
2.769605 
2.894995 
2.894293 
3.016188 
2.796160 
1.825135 
2.278797 
1.563025 
2.978145 
1.259486 
2.500066 
2.674513 
2.025452 
3.255769 
2.909066 
2.779785 
2.368763 
2.348217 
2.698086 
2.224906 
2.517902 
1.941683 
2.036879 
3.399409 
2.311179 
1.881837 
1.655948 
1.631942 
1.786448 
1.904179 
3.000744 
1.663013 
3.129204 
2.674728 
2.140137 
2.797989 
2.586763 
2.156248 
2.099822 
1.571362 
2.144310 
1.736735 
1.209222 
1.825147 
2.165119 
1.461304 
2.099930 
2.605888 
1.590313 
2.674695 
2.852465 
2.939882 
2.281553 
1.758330 
1.721186 
2.038036 
1.812096 
1.889168 
2.521203 
1.806241 
1.822284 
2.370369 
1.755339 
1.093736 
1.516071 
0.767352 
1.454516 
2.243894 
1.202440 
2.262898 
1.482021 
1.539747 
1.894313 
1.915869 
2.323424 
2.178689 
1.545250 
2.625496 
2.663292 
1.890779 
1.686668 
2.008342 
2.541768 
2.251380 
3.152391 
1.709162 
1.417992 
2.464674 
1.484915 
1.666146 
2.019933 
3.296488 
1.679908 
1.613634 
3.063236 
2.833515 
2.315474 
2.189999 
2.034170 
1.506118 
2.029629 
2.447181 
2.055171 
2.027080 
2.166296 
1.694439 
2.097815 
1.846347 
3.361153 
3.319605 
1.733299 
1.978024 
1.585565 
2.248175 
1.979279 
1.695348 
1.435824 
1.551733 
1.890387 
3.778327 
2.215051 
1.015738 
2.816427 
1.427132 
2.695860 
2.497260 
1.984738 
1.253519 
1.204125 
1.477911 
1.255582 
1.541601 
2.063875 
2.601529 
2.243892 
1.206121 
1.797851 
2.804518 
1.501741 
1.699928 
1.306086 
1.818792 
2.053563 
2.229469 
2.323685 
2.904002 
1.424412 
2.568066 
2.011204 
1.167288 
1.387532 
1.303799 
1.976430 
1.462242 
1.348223 
1.265176 
2.512257 
3.380397 
1.107432 
1.207310 
1.213972 
1.179687 
1.619631 
1.980272 
1.898207 
1.516053 
2.132989 
1.309335 
1.998686 
1.349785 
3.814618 
1.983109 
1.700850 
2.110605 
1.616976 
1.932544 
2.394202 
1.674052 
2.479074 
1.484485 
2.255105 
2.127294 
1.161655 
1.878948 
1.079642 
1.173491 
1.781728 
1.701022 
2.019800 
1.266671 
1.965135 
1.350122 
1.270568 
2.203766 
2.041881 
1.751022 
1.109541 
1.753657 
1.652876 
2.201877 
1.905254 
1.769341 
1.545312 
1.481138 
1.276077 
2.176446 
1.511905 
2.665722 
1.835299 
2.665703 
1.640407 
1.725509 
1.653127 
1.329193 
1.689584 
1.844487 
2.724116 
1.677232 
1.714402 
1.383450 
1.537634 
1.519934 
1.603718 
1.841469 
2.014676 
1.732940 
1.536763 
2.312268 
1.907958 
2.221049 
1.908885 
1.707613 
1.384295 
1.934503 
1.614996 
2.799709 
1.591859 
1.333645 
2.108639 
1.723979 
