62.156464 49.468616 50.025963 46.408817 32.510059 0.019782 
72.044044 58.776051 56.737541 52.850780 56.995346 0.000000 
73.267677 55.611526 54.409588 56.182037 37.305374 0.019782 
75.476082 64.820900 67.553719 61.583656 34.626312 0.000000 
76.608139 48.507000 55.365578 58.465073 40.465755 0.000000 
71.144859 57.235542 62.736225 57.679333 39.149456 0.000000 
76.299118 55.119049 51.071918 50.963463 44.942387 0.000000 
71.643158 72.185547 65.612587 71.577240 36.291397 0.000000 
75.427849 53.963139 55.336658 55.085022 53.612144 0.000000 
72.853279 47.214977 47.764706 41.254978 42.606941 0.000000 
75.632782 54.653973 55.196159 47.727455 48.683681 0.000000 
64.339439 60.542950 71.485306 63.847393 29.273279 0.019782 
70.848419 56.670288 61.568050 62.545715 40.098747 0.000000 
60.986401 54.321377 54.939171 50.288918 51.900417 0.000000 
68.883522 53.573013 55.566715 52.768185 56.591770 0.019782 
75.818474 51.014256 65.678787 51.412685 54.850464 0.000000 
71.422241 44.514816 48.546131 43.940819 33.948532 0.000000 
66.689308 55.873142 57.090229 56.354179 41.277802 0.000000 
67.787926 51.944511 56.552975 56.106579 36.657269 0.019782 
68.465057 56.399281 56.758160 47.843380 48.064884 0.000000 
