87.382416 88.525185 87.409256 85.641838 81.108284 
87.006668 87.944000 87.884979 89.043762 78.340256 
86.297707 87.903488 86.816963 85.156891 78.706772 
87.483910 90.050690 90.100754 90.002136 77.553200 
87.526817 87.345154 86.435127 86.013039 75.541519 
86.666084 86.309906 85.568665 81.339043 77.751549 
87.251884 87.393341 86.955818 86.002975 78.872604 
88.147369 87.323532 86.410202 83.935265 75.868935 
88.404709 90.908447 90.026291 90.246956 78.391853 
86.010910 86.866249 84.921478 86.437080 79.605827 
87.289734 87.546883 86.968552 87.166252 74.071999 
87.185516 87.554230 87.562836 86.747353 77.265915 
87.843597 88.479919 88.404938 85.810417 74.327423 
85.991501 84.375557 83.975761 79.635406 83.058502 
87.204475 87.420563 85.097557 85.066010 76.114464 
87.062080 86.128067 85.770615 84.579903 77.265335 
86.622734 89.815437 89.306297 89.801239 82.176575 
86.976524 87.253693 87.165176 87.333694 77.136238 
86.329376 87.126579 86.899765 87.005280 80.661011 
88.338593 90.333466 90.449280 91.551208 79.527199 
