36174.363281 4517.817871 2856.671875 1533.883911 16780.574219 
33330.882812 3435.461670 3467.726562 1710.528198 15397.750000 
35341.554688 4846.771484 2686.821289 1607.632935 16065.487305 
35589.656250 3630.915771 2474.355713 1916.713013 14094.679688 
26058.578125 2982.002686 2443.345215 1487.477417 10025.852539 
29112.765625 3279.680908 2166.334961 1573.232422 21110.166016 
36478.390625 5039.353516 3227.251465 3180.254883 18663.847656 
31902.306641 3256.409668 1935.107788 1513.997559 16749.882812 
35231.152344 3675.169922 2220.542969 1451.612549 10021.377930 
31941.695312 8984.171875 2279.653320 1829.313110 13895.092773 
34480.324219 4511.812988 2807.544434 2917.500732 17749.113281 
37264.964844 3879.760010 2729.731689 2250.665771 14815.303711 
29106.179688 3031.203125 3446.058594 1933.829956 15202.260742 
33778.191406 3813.093994 3118.261475 1989.202393 20812.328125 
34209.718750 4985.264648 2771.789795 2647.485352 19082.111328 
26116.396484 2739.751465 1820.119751 1092.929688 13675.872070 
32571.431641 2867.095947 2137.970459 1332.373657 17506.779297 
36770.093750 5295.450195 4447.750977 2634.620605 20093.201172 
41592.960938 5788.897949 5578.807129 2816.635742 19823.308594 
32901.562500 4209.437988 2611.439209 1391.224487 13149.876953 
