0.999640 
1.612552 
1.169361 
0.720131 
0.961264 
1.366666 
0.549013 
2.099455 
1.599124 
0.937084 
0.617191 
0.890924 
0.944829 
0.955630 
0.942768 
0.737147 
0.749444 
0.896117 
0.708139 
0.654511 
1.752027 
1.350267 
1.153803 
1.959331 
1.088561 
0.975161 
0.868899 
1.100872 
0.912462 
1.099206 
1.252496 
1.679246 
1.022091 
0.785566 
1.152303 
2.147986 
1.059018 
1.893661 
0.669391 
0.919183 
1.944001 
1.967388 
1.258557 
1.207780 
1.657650 
1.037887 
1.201126 
0.823955 
2.169680 
0.939230 
1.023388 
1.703098 
0.668393 
0.700465 
1.099354 
1.148608 
1.530201 
1.721996 
0.865362 
1.639687 
1.380300 
1.825096 
0.489552 
1.949335 
0.733375 
0.747390 
1.044331 
1.021038 
1.139290 
0.716915 
1.430693 
1.825966 
0.889411 
0.758727 
1.620512 
1.293314 
2.037811 
0.628673 
0.667786 
0.853360 
1.187687 
0.861263 
1.307881 
1.506039 
1.973581 
0.835315 
0.767897 
1.266811 
0.732754 
0.849435 
1.036336 
0.685665 
1.710175 
1.385803 
0.928248 
0.952025 
1.993622 
1.452211 
0.680820 
1.470868 
1.159881 
0.640840 
0.633612 
0.772862 
1.641020 
1.220628 
1.069237 
1.023345 
0.966768 
1.002320 
0.424911 
1.549139 
0.825462 
0.668127 
0.682620 
0.361303 
2.161422 
1.980741 
2.087082 
0.635392 
1.058576 
1.370768 
1.037259 
0.770253 
1.284307 
0.879469 
0.772864 
0.950753 
0.851697 
2.457334 
0.855601 
1.044959 
1.109306 
0.742964 
1.373274 
0.847561 
0.818359 
0.824873 
1.479807 
0.498876 
1.510239 
0.726389 
2.181525 
1.186319 
0.771956 
0.668441 
1.756367 
1.480880 
1.804682 
0.947873 
0.868382 
0.715740 
1.116947 
0.837331 
0.741438 
0.992947 
1.096436 
1.886627 
1.026799 
1.194383 
1.095529 
1.300301 
1.090391 
0.779642 
0.916742 
1.238387 
1.788137 
0.940744 
1.096182 
0.738400 
0.964485 
0.674943 
1.028755 
0.729491 
0.966443 
1.266030 
1.378501 
1.263060 
0.826076 
1.988611 
1.791929 
0.803144 
0.553867 
0.847394 
1.305933 
0.671960 
2.212926 
1.213273 
0.828057 
1.540887 
0.902644 
0.950803 
0.777492 
1.184526 
1.774315 
0.941890 
0.796370 
1.165140 
1.028733 
0.546574 
1.018528 
0.835832 
1.550311 
0.772324 
0.847702 
2.058558 
0.576777 
0.828144 
1.002551 
1.475706 
0.876757 
1.237215 
0.701823 
0.992044 
0.810419 
1.137441 
1.081037 
1.762187 
0.982637 
1.061122 
1.088734 
1.680748 
0.878778 
0.508517 
0.845012 
0.767190 
0.972848 
1.222203 
0.690190 
1.490462 
0.857229 
0.717207 
1.673424 
1.055218 
1.295132 
0.906028 
1.751562 
2.229173 
1.152627 
1.326931 
2.405876 
1.062217 
0.799817 
1.039519 
1.300028 
0.535459 
1.252572 
1.019788 
0.816881 
1.108115 
0.881098 
0.729898 
1.122575 
1.966824 
1.281927 
0.983558 
1.326003 
0.895797 
1.171807 
1.163727 
1.657385 
0.933414 
0.820921 
2.013785 
1.628815 
0.816878 
0.832920 
0.758952 
0.908745 
0.978456 
1.629274 
0.854847 
1.581057 
1.101289 
1.814846 
1.070777 
1.147175 
1.229933 
0.987867 
1.325364 
1.836347 
1.288344 
0.693364 
0.835741 
0.668775 
1.862051 
1.105724 
0.904352 
1.067643 
0.764997 
1.219972 
0.850136 
0.941320 
0.934642 
2.463120 
1.288553 
1.876759 
0.827755 
0.910671 
0.781858 
