89.627174 107.161018 117.134644 115.222649 126.058372 0.019782 
93.147873 72.841858 74.286583 80.934181 83.835571 0.000000 
102.225136 99.843658 98.215652 99.847603 94.550499 0.000000 
95.484650 75.685707 78.698860 92.775314 100.963768 0.000000 
91.920769 74.057556 64.882271 73.689461 80.658943 0.000000 
83.610718 48.762550 54.796726 58.974831 69.658585 0.000000 
89.442238 93.822418 93.285339 91.325142 93.553246 0.000000 
95.037872 89.013496 86.950371 84.567001 84.700859 0.000000 
86.453926 91.417435 93.935501 93.918556 91.996071 0.027976 
90.961029 65.733162 73.962379 78.776489 81.296181 0.000000 
91.892731 80.550735 85.152214 88.476273 89.509048 0.000000 
94.523911 106.061440 107.984306 110.155365 103.887299 0.000000 
89.715271 39.144016 50.757092 64.878929 72.687180 0.000000 
88.095451 121.826363 119.946724 112.951355 113.385635 0.034264 
92.102554 71.573387 72.405159 81.498772 84.824326 0.034264 
90.777863 75.570862 74.671524 80.681709 78.544533 0.000000 
94.529709 105.513687 94.667480 90.503563 86.460068 0.000000 
93.458443 95.882370 75.310570 93.854225 74.888077 0.000000 
87.255547 100.543098 98.025734 93.638000 90.492607 0.000000 
89.880936 86.689529 76.348930 75.580849 67.633148 0.034264 
