21846.365234 4488.871094 1537.284912 1880.349976 32837.707031 
27492.474609 2444.624756 1696.380005 2205.464844 75318.992188 
8712.337891 3598.258789 2707.520508 1472.018799 23063.234375 
17763.195312 2217.654297 1136.634399 4539.740234 77707.687500 
15158.384766 4258.277344 3271.795654 1748.457764 66653.945312 
58166.699219 3002.114258 1505.309082 2572.223633 58657.703125 
19254.607422 2382.285645 3632.097656 1758.594238 47012.027344 
18375.496094 2963.171387 1368.679077 1443.455566 58118.433594 
38119.253906 3104.218506 1059.657227 1899.989990 44339.843750 
22101.171875 9412.737305 6654.630859 3412.772217 34206.925781 
16844.800781 3190.159180 1480.550659 749.503296 42844.175781 
180631.218750 4031.781494 3251.361816 2569.409424 45368.253906 
20705.605469 5924.761719 1725.743774 1490.502075 40883.519531 
52404.972656 4736.850586 3462.461670 3523.788086 47907.769531 
11542.842773 3045.818848 1469.455811 801.902283 59724.175781 
26190.273438 9276.725586 2096.844727 2093.591309 25096.664062 
13094.179688 3846.588379 1668.914673 2565.433594 78675.164062 
17903.865234 3610.282715 1982.938843 3068.170410 62032.386719 
35175.917969 4731.455566 1703.626343 2279.168701 68282.976562 
11870.673828 3413.973633 1284.302124 2378.894775 44095.218750 
