21500.837891 4425.510742 2242.351562 1058.961426 57905.191406 
23903.425781 3862.825195 2475.791748 1551.707886 45668.746094 
20886.767578 3122.019775 1903.358643 1317.777222 34086.429688 
23641.507812 3949.540283 2545.952393 1601.266724 48054.406250 
17413.029297 2629.823242 2352.069824 1545.513794 55608.191406 
21983.966797 2828.449707 2096.770752 1524.895020 42618.582031 
22337.582031 3426.272949 1993.602905 1198.317749 38265.589844 
22287.638672 4022.990479 3375.378418 1947.338501 36040.210938 
20859.525391 2586.196533 1651.157837 1271.973511 37972.636719 
22448.160156 3580.349121 2869.379150 1252.709106 50299.312500 
22110.705078 3343.248047 1924.732788 1154.050903 47789.671875 
21640.794922 2586.651123 1746.655151 1252.463135 32699.306641 
20988.849609 2809.934570 1754.700195 1356.842163 40824.917969 
22032.767578 3025.626953 2151.699463 1421.074341 60252.789062 
21279.742188 3347.318848 1921.183716 1157.291138 50235.222656 
19457.048828 2600.830078 1826.560059 1519.816895 43187.945312 
21419.011719 2896.536621 1494.611206 959.085205 38264.187500 
18950.419922 3404.505127 2116.474609 2123.998291 35593.546875 
22032.966797 2773.216309 1933.205688 1535.543579 47168.316406 
22665.968750 2970.088135 2409.272461 1584.803711 38645.468750 
