124068.945312 4590.547363 2228.548828 1721.324341 509.628754 
79949.617188 3694.114014 1491.157837 1819.042480 485.626709 
90320.148438 3335.633057 1275.850098 888.445007 288.742554 
68603.257812 2789.983398 844.126099 730.906982 240.768295 
64601.781250 2113.524170 918.079346 530.270264 180.370544 
43561.996094 2303.898682 952.950378 305.130371 148.313049 
60873.339844 1961.628540 719.591919 519.394592 130.207352 
60546.453125 2425.168457 806.430420 398.366394 184.064194 
43775.781250 1335.317749 566.518982 313.260376 125.034164 
45693.062500 1871.356201 634.333374 413.511963 122.182144 
43510.519531 1411.707520 672.375122 488.117096 106.092560 
49311.921875 2207.058105 805.393921 614.098999 211.528595 
37318.089844 1067.113159 375.735931 235.176682 65.030113 
37434.242188 1208.160156 621.884399 327.873688 112.546333 
31711.546875 879.965332 437.492462 312.463379 101.023743 
44530.500000 1289.466675 600.477234 260.038879 87.795990 
44648.660156 1552.314453 381.997253 317.432007 113.513206 
35642.296875 927.798767 324.834259 352.090546 89.727440 
36056.042969 675.417114 290.531647 155.353500 93.590034 
36830.210938 567.839783 255.910721 280.108063 50.788315 
38720.230469 833.938782 361.308105 289.898163 96.490898 
39048.480469 974.902405 442.125275 149.391464 86.646278 
30177.308594 815.917419 603.500793 219.699677 77.176140 
37453.789062 891.399902 512.111450 291.350647 136.490723 
37095.234375 632.141846 350.919708 144.445541 75.952309 
32162.960938 738.347778 439.714386 217.906815 136.150070 
38026.554688 634.331482 268.473907 251.658279 54.027721 
36628.367188 937.112366 586.978760 279.707336 80.498466 
37083.195312 996.460266 460.813629 224.456711 69.081688 
35505.000000 572.346924 281.173492 314.135742 56.692524 
32719.253906 748.828918 415.649261 284.377472 78.427399 
32817.210938 745.193542 316.980682 228.739197 99.967117 
37769.890625 702.180237 287.742584 140.588318 77.775520 
36901.472656 994.323547 617.798889 232.893768 64.508041 
34409.453125 626.661072 353.930237 261.250946 77.261398 
34327.835938 956.753418 403.594696 209.941772 89.816566 
38049.636719 875.374634 536.033569 335.081360 84.853386 
34441.332031 840.806091 405.986267 184.010788 84.075752 
34814.285156 822.425110 346.897095 174.655884 83.520760 
44716.765625 1329.271484 481.152069 350.640289 83.161789 
32854.472656 639.992676 299.857605 202.314774 93.490990 
37710.851562 639.810852 313.986755 174.941040 32.853489 
41556.972656 1076.548950 548.860352 345.536407 90.062180 
32743.945312 690.276855 413.700867 216.579758 79.977196 
33659.800781 744.684998 338.116943 262.600586 63.482693 
34846.328125 449.730560 341.492493 219.121506 93.956039 
35792.644531 779.655273 421.786346 173.900116 68.174141 
36769.433594 719.718628 320.746979 201.639908 41.555332 
38052.488281 558.515930 325.139862 202.101151 75.074936 
39273.312500 392.742432 238.781647 226.544479 85.745453 
34776.691406 701.294250 297.832031 169.681549 102.532677 
34805.507812 895.015259 424.967834 440.992798 160.504272 
36619.007812 953.816345 445.453705 204.680710 106.032585 
38260.328125 859.600403 530.542786 262.087891 108.367424 
37461.792969 1006.715027 522.894287 296.492188 98.348282 
34204.375000 848.822205 387.383728 257.921631 97.882805 
37663.933594 902.510620 391.222473 277.293365 94.477333 
36438.906250 751.175720 288.703979 215.794464 59.707115 
32126.185547 1004.345581 334.123779 273.697205 83.561066 
34163.566406 1024.118896 454.587036 244.469925 95.505188 
34346.984375 583.360962 343.829468 191.124664 49.268833 
34400.871094 793.850708 520.400208 302.468018 86.868813 
36203.457031 806.205444 445.201813 449.500916 102.837746 
35734.332031 1065.595459 438.862823 314.258545 106.689690 
34189.332031 660.480713 414.675415 271.797180 94.244766 
34658.894531 778.616760 300.308472 238.632599 60.133083 
38440.492188 792.990112 340.075745 187.857666 79.298019 
35231.968750 730.130432 400.619812 152.468811 95.214775 
38920.808594 1024.832886 502.559174 282.056274 73.858688 
36763.289062 1187.998535 764.953064 363.828644 129.511398 
41147.449219 1519.020142 566.160278 423.294617 108.297623 
38666.289062 1022.592896 538.636169 266.683777 92.778732 
41324.421875 1713.590942 586.623047 297.928619 133.424774 
42917.253906 1394.501587 997.501953 510.174286 129.595642 
61074.988281 1899.114502 764.839905 314.918152 128.966293 
45661.074219 1640.504028 795.527954 296.728302 97.732841 
64229.699219 1839.039307 707.291870 488.063995 164.187729 
55969.878906 2213.270020 1025.807251 439.252869 203.441895 
91825.445312 3008.168701 1304.414307 1331.961182 319.675598 
80536.875000 2467.242188 913.394165 695.007629 189.510468 
109090.523438 3516.965088 1003.298950 750.429077 211.925797 
98046.062500 3433.456787 1472.794067 834.169678 298.439056 
60679.613281 1838.318604 1086.826294 443.046906 149.840942 
56865.562500 2737.279053 1132.043823 393.638855 239.261871 
110474.117188 3391.831543 1263.299683 622.105591 220.157700 
201197.828125 5051.819824 3328.575195 1738.654663 523.965454 
261607.062500 9160.814453 2982.137695 1125.188354 548.445129 
304565.000000 8800.540039 2766.964600 3477.592529 531.413818 
938401.000000 12593.895508 4501.317383 2183.455322 1022.299438 
417720.406250 29388.886719 15882.287109 18952.486328 2277.871826 
777807.812500 38503.578125 11839.330078 4956.012207 2253.985352 
417211.218750 122860.710938 271263.781250 69558.929688 15900.605469 
931971.500000 59229.652344 80199.742188 93976.937500 18346.601562 
1280842.375000 1050303.000000 1541514.125000 523862.125000 975375.625000 
476153.656250 139523.359375 159147.062500 176644.593750 355038.062500 
341126.500000 103813.710938 169664.375000 192742.109375 223925.421875 
481669.031250 161115.921875 91932.242188 119563.132812 316835.968750 
232877.000000 43151.023438 26769.464844 21929.906250 144617.140625 
311599.187500 107322.484375 91563.679688 123763.210938 552705.500000 
199157.140625 55506.285156 38581.914062 60426.769531 224984.093750 
193796.531250 47468.683594 63732.226562 84279.843750 334542.718750 
148685.781250 23492.652344 35827.945312 80784.843750 259517.890625 
127101.890625 16421.033203 18202.820312 23170.603516 56667.679688 
134260.312500 20535.074219 28652.779297 34773.359375 103485.851562 
164847.406250 34309.031250 35086.824219 40553.855469 253781.718750 
106125.492188 12377.219727 11418.031250 10886.479492 58454.136719 
124322.867188 28688.521484 31142.232422 37365.550781 265674.875000 
109548.695312 18600.121094 21944.654297 15072.522461 93675.078125 
113781.351562 16607.632812 17021.417969 18223.355469 100824.351562 
105391.257812 10783.404297 10136.541992 8423.398438 36513.906250 
98942.882812 10026.427734 9014.139648 7879.482422 34634.382812 
100835.148438 12752.855469 13477.791992 15375.239258 62474.605469 
88752.406250 8080.951172 9350.999023 7758.616211 33343.781250 
95947.781250 11451.298828 8600.873047 9587.205078 41150.718750 
86895.585938 9659.383789 8555.556641 8207.230469 42273.476562 
104002.507812 10833.548828 11203.689453 11151.068359 78282.601562 
91792.359375 13007.185547 9802.084961 9578.298828 54829.464844 
93939.796875 8781.752930 10303.148438 7611.839844 37488.519531 
83944.523438 10600.607422 11079.340820 9361.848633 68018.671875 
114690.226562 16571.273438 18817.734375 18167.207031 126509.492188 
104949.562500 13914.019531 10234.035156 12760.307617 77143.046875 
93481.703125 12302.544922 12634.689453 11719.400391 70528.710938 
90783.890625 13200.297852 14470.014648 20259.523438 122453.093750 
111158.914062 18221.123047 15757.110352 30727.791016 233292.562500 
136289.953125 30752.783203 48996.398438 26344.986328 180137.250000 
112039.359375 24366.226562 21281.207031 25420.583984 344556.687500 
122633.656250 29729.929688 36353.843750 32837.078125 700781.625000 
82896.476562 13307.837891 12112.690430 13238.111328 107555.390625 
127892.757812 28512.628906 28772.998047 40415.503906 691207.125000 
145716.187500 34061.273438 33356.093750 43620.117188 593236.000000 
123493.195312 25011.583984 27002.333984 27233.687500 414226.031250 
118498.984375 22117.765625 25060.939453 40096.199219 304845.656250 
119136.101562 21763.722656 21522.177734 45119.609375 409445.562500 
123992.617188 30720.650391 30989.208984 37779.886719 588057.500000 
108868.984375 23705.671875 24838.599609 26492.757812 477170.312500 
110875.890625 20281.996094 20969.673828 21709.205078 367225.875000 
100707.132812 18549.537109 19923.480469 20963.898438 297782.500000 
106774.734375 17461.742188 15376.177734 17209.474609 214886.765625 
82876.937500 11660.908203 11994.444336 15161.732422 107046.906250 
96180.710938 14416.625000 12644.335938 10986.664062 108241.882812 
98035.570312 15876.180664 17374.386719 18570.083984 272880.281250 
100784.390625 15814.969727 15215.988281 16571.816406 200828.453125 
91330.046875 13721.779297 11116.688477 11391.489258 166842.531250 
107623.640625 14175.542969 12438.370117 12020.981445 196016.125000 
99973.765625 13186.629883 13975.483398 13537.863281 185634.515625 
91309.593750 12331.257812 11086.654297 11465.791992 114373.492188 
94587.914062 13705.016602 12645.003906 14202.745117 194183.578125 
96694.882812 14115.025391 14153.621094 12469.813477 132976.093750 
98612.140625 15736.833008 14343.682617 16831.562500 249163.109375 
105988.757812 17538.617188 17593.207031 16595.605469 402431.718750 
109707.984375 20630.560547 18237.332031 19440.628906 505752.593750 
114927.414062 23631.822266 21552.552734 23763.005859 375788.906250 
130013.015625 26040.718750 25765.294922 22637.974609 1129039.375000 
133572.843750 28904.820312 30953.460938 33109.410156 587715.125000 
141092.031250 28800.285156 31368.962891 39908.121094 506762.187500 
136454.937500 34009.917969 39073.156250 53010.867188 1345604.500000 
136067.750000 27969.607422 26659.714844 31933.328125 976865.687500 
114782.992188 23037.650391 20779.044922 24491.566406 1081516.250000 
124920.289062 28587.779297 29256.412109 37419.027344 986562.312500 
114349.296875 17727.357422 17189.564453 19005.931641 841278.250000 
92956.093750 16986.982422 14535.491211 15985.379883 345163.062500 
96836.789062 19067.945312 17769.082031 17006.113281 475604.375000 
118114.656250 19710.269531 17414.107422 19359.349609 559889.187500 
116041.734375 20629.701172 24191.066406 26983.777344 470231.812500 
106260.101562 11178.804688 9512.524414 9502.825195 296520.125000 
94401.156250 16773.802734 15665.171875 17058.302734 534539.812500 
100877.867188 18076.666016 17813.818359 14965.699219 701229.937500 
103603.851562 19082.865234 17120.242188 21042.070312 643481.875000 
111677.695312 21430.666016 20474.410156 21289.591797 608758.937500 
124272.968750 24865.876953 25467.939453 27786.177734 1033536.562500 
102158.289062 21229.048828 23558.638672 28260.212891 857418.437500 
105155.898438 20203.384766 18429.205078 17760.474609 1117156.375000 
108430.640625 23900.552734 23544.400391 25481.582031 1348210.125000 
132789.062500 38445.890625 46513.457031 64379.609375 1678251.625000 
124774.093750 34941.097656 36876.703125 34365.730469 1375462.875000 
108483.570312 23715.228516 21145.707031 18616.195312 1732579.250000 
124060.046875 28584.259766 25109.994141 20799.337891 2120500.250000 
116147.023438 24530.898438 22362.037109 24203.541016 1603639.125000 
123737.015625 27569.123047 22708.599609 21629.326172 1519427.250000 
129304.632812 32761.193359 24347.279297 23091.509766 2839625.250000 
134757.187500 33488.562500 31374.244141 28415.898438 1674118.250000 
113341.562500 28226.921875 23094.482422 18639.185547 1640167.375000 
125773.304688 35548.484375 29611.978516 38059.738281 2926340.250000 
119130.875000 24467.068359 19191.910156 17398.722656 1228517.625000 
138288.843750 40481.089844 36179.863281 32056.177734 2304273.500000 
124024.601562 30624.466797 26208.173828 25715.505859 2469508.750000 
110880.015625 27668.882812 23531.505859 24272.009766 1944455.625000 
124371.273438 34853.527344 44359.593750 62742.332031 1808479.625000 
121808.585938 30151.919922 27459.007812 26433.923828 2942148.000000 
131181.781250 30257.677734 29962.501953 35559.187500 1873538.750000 
120349.343750 32144.140625 32789.039062 34202.015625 1922359.250000 
108975.179688 28756.222656 28794.277344 28920.335938 1915754.375000 
120059.179688 34177.714844 26944.980469 25670.117188 2739122.500000 
120032.898438 23932.070312 24393.015625 26783.248047 1899172.000000 
98354.226562 24971.146484 23438.074219 22445.681641 2083033.625000 
117392.164062 25802.179688 22575.031250 24797.662109 1678794.375000 
108218.929688 20879.384766 16912.681641 15361.947266 1092857.375000 
108043.695312 17106.425781 13375.254883 12213.890625 975686.500000 
88891.289062 18764.191406 16639.130859 15407.489258 968781.000000 
103419.671875 13371.207031 10510.390625 10510.702148 596757.312500 
113324.687500 28419.710938 28575.355469 31045.691406 2072794.000000 
103867.390625 18031.527344 14823.714844 12130.029297 672431.125000 
137425.171875 33930.601562 34894.109375 37534.085938 2437864.500000 
103441.007812 27229.693359 22812.246094 26801.435547 1837390.875000 
144918.343750 26840.269531 22501.931641 20802.291016 1545913.750000 
113478.390625 26968.042969 23853.042969 22713.906250 1535342.750000 
141779.968750 35406.312500 33603.597656 35598.992188 2019232.000000 
106170.906250 24137.232422 20548.345703 20986.417969 1252671.625000 
108730.476562 22903.578125 15998.490234 12243.338867 756088.000000 
116466.601562 14055.003906 10532.515625 10214.099609 543149.125000 
111733.117188 19667.181641 15724.902344 13512.450195 1138913.375000 
115717.671875 25369.117188 18719.455078 17370.388672 1033939.437500 
101595.007812 22010.576172 18414.671875 17833.035156 1436372.125000 
125255.078125 22187.632812 18915.298828 17354.849609 1502178.500000 
108151.679688 19750.533203 11415.808594 10315.273438 804379.750000 
146481.812500 35988.230469 30261.064453 29509.652344 2211697.250000 
150402.937500 42107.207031 43045.316406 48274.593750 2821291.000000 
141442.359375 35888.718750 24894.365234 24062.681641 2112833.750000 
132951.296875 26977.281250 20463.984375 17667.343750 1576886.000000 
131044.820312 37019.859375 33793.894531 52634.082031 3273995.500000 
173573.343750 44429.390625 34610.402344 43547.351562 2369883.500000 
129621.906250 29529.544922 21785.671875 23336.337891 2002883.125000 
133884.562500 33331.246094 29135.697266 27823.824219 2423263.500000 
96608.070312 13294.201172 8830.647461 10521.770508 712517.125000 
125575.132812 20956.326172 17062.216797 15004.152344 1230363.250000 
115866.320312 22313.177734 18166.437500 16485.908203 1669723.250000 
112439.421875 18467.457031 13981.088867 11366.736328 774194.812500 
145421.046875 27807.064453 22540.750000 19375.785156 1666840.500000 
108515.593750 22174.707031 16915.066406 16228.431641 1785142.625000 
132812.140625 29727.576172 31769.058594 38590.710938 2127408.250000 
131190.734375 29783.292969 34364.382812 50519.359375 2085744.500000 
127825.078125 23916.031250 18117.806641 15200.823242 1391702.000000 
108097.492188 21313.945312 16909.388672 20644.378906 1516064.000000 
113298.945312 23655.638672 17176.519531 14201.576172 1055748.250000 
102846.695312 17687.769531 15858.633789 12369.348633 959148.500000 
113076.007812 18215.257812 14412.475586 16484.261719 1005243.312500 
123245.609375 26438.220703 24554.855469 25073.748047 1508299.750000 
126609.898438 21102.185547 26664.767578 43202.460938 1423624.750000 
151789.156250 37589.414062 35189.613281 35537.011719 1860257.625000 
121832.250000 28468.972656 25233.150391 25772.349609 1520460.875000 
117280.914062 17563.148438 27859.576172 30132.453125 442270.625000 
142027.062500 28986.871094 20200.730469 23936.050781 1446261.625000 
97148.812500 16410.025391 14878.257812 15467.386719 888093.312500 
95976.148438 17107.224609 14899.423828 15439.188477 957369.437500 
105517.992188 18033.236328 19115.074219 15148.964844 717950.562500 
125583.843750 21677.515625 19427.904297 22461.724609 1046252.687500 
105708.132812 19183.306641 17877.117188 16686.615234 663964.687500 
116727.367188 20946.714844 21253.076172 19833.154297 971833.375000 
90338.953125 12009.332031 10900.212891 10868.436523 527327.125000 
102789.765625 18651.029297 16927.984375 15473.825195 800311.937500 
98368.968750 14221.572266 12064.476562 11032.220703 638968.000000 
118846.375000 23644.285156 19937.296875 21081.498047 1164069.000000 
94710.046875 17547.677734 17267.373047 15296.432617 707436.875000 
107800.500000 19530.869141 16813.066406 20761.822266 882218.875000 
121294.554688 25421.210938 21575.650391 26839.964844 785944.812500 
109905.039062 20630.958984 18242.253906 16768.246094 708060.125000 
94409.179688 13502.096680 10264.333984 12273.398438 524385.187500 
79642.148438 10190.494141 9454.394531 12768.738281 336845.062500 
100521.062500 13190.334961 11753.479492 13826.908203 427477.562500 
90095.382812 15484.621094 12384.189453 15634.347656 381805.031250 
118119.882812 18910.429688 18368.166016 17834.621094 607737.687500 
94757.328125 14042.195312 12549.016602 12308.605469 525728.312500 
87598.671875 10946.795898 8789.344727 9694.393555 294201.156250 
90055.710938 12058.537109 8776.355469 9985.346680 287982.781250 
94473.554688 14217.480469 13788.188477 11273.583008 449634.187500 
93189.820312 15494.196289 15506.200195 16160.527344 752367.437500 
115040.523438 17266.035156 14484.301758 16740.341797 954147.062500 
114123.054688 20987.660156 15700.561523 12790.160156 740147.875000 
110215.187500 21419.423828 22890.814453 26539.072266 674070.437500 
95400.187500 18726.294922 17771.212891 17011.843750 1010452.437500 
104114.164062 29356.474609 36682.582031 41458.914062 2532852.500000 
141691.390625 33863.777344 42370.707031 31476.458984 2240990.250000 
111405.437500 24822.425781 23604.537109 22384.439453 1451399.375000 
134931.796875 25549.814453 27318.798828 27884.917969 1492107.625000 
111763.335938 26376.623047 22821.150391 24137.003906 1523718.750000 
95919.656250 15504.970703 15391.199219 13520.229492 845891.312500 
113464.453125 21033.828125 19152.058594 19162.765625 1270544.750000 
137458.375000 28484.169922 26084.191406 24465.888672 1318866.875000 
109570.757812 20700.388672 20709.228516 17170.292969 1114268.875000 
144045.062500 35661.839844 42209.117188 35734.796875 1664511.000000 
132550.015625 28679.476562 20735.089844 23256.482422 1728670.250000 
117985.773438 25731.246094 20456.419922 27413.564453 1512021.500000 
134418.953125 31893.853516 20217.771484 21745.326172 1026985.312500 
152845.921875 38082.464844 24572.896484 23686.824219 1167939.250000 
114578.242188 23351.818359 18054.775391 18441.736328 1038775.250000 
125850.812500 30919.666016 33222.343750 27138.218750 1494458.750000 
135126.687500 29287.107422 44781.660156 49119.621094 1019585.312500 
98773.609375 17303.632812 19421.677734 10569.439453 434629.562500 
117487.203125 18440.931641 19043.472656 21162.031250 614391.437500 
139702.406250 28202.890625 25553.556641 31540.710938 1078196.500000 
97268.109375 24278.277344 13595.504883 28698.519531 666654.625000 
122055.703125 21672.011719 18868.000000 16943.080078 906564.125000 
104559.804688 19314.027344 16590.089844 16051.648438 851228.437500 
119686.351562 39829.687500 34934.769531 28302.892578 1375843.375000 
116750.867188 33919.019531 15498.314453 16050.900391 677843.562500 
123093.414062 53661.375000 45587.203125 33058.953125 1366200.000000 
149716.984375 53035.378906 36558.640625 26735.013672 1375270.125000 
148969.828125 55975.546875 46711.597656 135931.062500 1969078.375000 
133890.265625 27533.941406 30103.726562 32504.113281 1072493.125000 
175840.703125 51381.679688 72596.781250 85617.335938 2080741.125000 
146217.296875 45613.542969 32677.562500 26371.214844 1096237.875000 
123514.835938 34447.128906 48552.687500 48604.109375 1518675.625000 
143649.718750 39252.578125 36765.539062 42383.289062 1214055.875000 
207163.328125 312766.093750 290355.343750 260911.453125 3017873.750000 
151137.328125 40655.355469 34524.976562 36500.902344 1619801.875000 
121731.421875 31700.603516 32866.703125 33440.781250 1526844.875000 
130650.367188 53650.281250 53189.566406 102837.812500 1685401.375000 
129399.421875 47010.484375 44238.464844 130356.562500 1308973.750000 
116007.179688 29013.937500 48610.683594 26480.986328 973717.500000 
164258.609375 136015.562500 234385.765625 30423.628906 2998580.500000 
122326.601562 31391.144531 31131.031250 25179.402344 1359559.125000 
135649.312500 97390.203125 47686.847656 40869.390625 1820640.875000 
251925.140625 191727.734375 138906.281250 80494.375000 906916.750000 
153041.000000 58511.179688 84111.414062 82261.007812 2491535.000000 
200068.437500 51675.031250 41739.363281 44771.015625 653998.375000 
212478.875000 194499.109375 355603.531250 171003.015625 1865379.125000 
218758.062500 494397.031250 277594.062500 129315.414062 4663788.000000 
269090.656250 259297.890625 309180.593750 649390.375000 2468061.000000 
171685.093750 97782.828125 157376.421875 241957.343750 3075115.000000 
242256.343750 312513.281250 833286.375000 603721.625000 6323897.500000 
172094.906250 60653.003906 242577.562500 236364.312500 4149172.500000 
199980.296875 184315.484375 156274.171875 273561.250000 4127525.000000 
194920.531250 136114.781250 93863.156250 56022.910156 644640.187500 
177356.515625 71433.250000 95102.179688 80301.632812 2170581.500000 
209289.750000 140085.812500 95559.054688 324137.031250 3195174.500000 
174861.765625 74457.070312 75472.234375 229625.718750 1804570.500000 
218466.515625 175809.875000 156252.937500 254574.109375 4673772.000000 
217804.546875 214593.859375 152109.468750 117261.062500 1517232.125000 
259455.734375 428583.125000 325126.937500 571376.000000 4214937.500000 
199639.468750 810426.625000 75256.117188 177406.281250 1096688.875000 
249131.703125 221720.531250 655172.187500 192771.937500 1799262.625000 
231596.453125 296871.937500 198237.968750 1186854.125000 4324599.500000 
187657.812500 87209.203125 316777.750000 21454.087891 201242.343750 
174293.046875 95901.585938 236973.062500 529963.125000 5390954.000000 
165781.062500 79252.390625 171068.796875 234711.359375 1682356.500000 
264373.406250 346418.531250 426243.531250 622472.750000 8017985.500000 
271060.625000 360169.500000 209400.000000 995767.812500 8692778.000000 
190173.609375 36926.714844 54408.757812 543619.937500 1201585.875000 
329802.468750 688177.312500 3742619.500000 448042.875000 1473489.250000 
426028.468750 940378.000000 1099537.375000 1017845.750000 7696096.000000 
345352.437500 207690.343750 251339.734375 65661.828125 242.626938 
262576.750000 211775.703125 429583.593750 148107.062500 451273.312500 
284863.718750 135318.515625 9282671.000000 205636.484375 24797.791016 
384196.375000 345638.437500 95663.632812 94264.687500 7735.824707 
501705.562500 387552.843750 529386.375000 193301.328125 726.417297 
445407.062500 1156136.625000 1684791.375000 114238.906250 3000.832031 
1412546.125000 7877489.000000 26600924.000000 3431537.750000 13704529.000000 
nan nan nan nan nan 
