43775.632812 8113.847168 4955.124512 3163.208008 22583.105469 
41895.093750 4520.067383 3747.205322 2092.521240 17596.798828 
58143.214844 9708.040039 5241.732422 3320.709717 25514.822266 
44548.968750 7263.749023 6229.918457 4305.133789 26194.673828 
46624.746094 8688.368164 10080.666992 5013.673340 18791.716797 
53253.703125 12185.006836 18482.904297 4462.366699 18771.730469 
38711.269531 6062.580078 2930.465576 2497.533203 14491.270508 
42903.308594 9961.779297 5766.859863 2752.081055 18967.189453 
44285.269531 5857.864746 4265.210449 2195.174072 15760.017578 
49337.855469 6230.540039 3840.477295 2815.678711 17461.746094 
43385.312500 4895.832031 3621.020020 2695.580566 15534.636719 
35062.824219 4360.598633 3931.510986 2771.066650 16974.818359 
44729.843750 8681.818359 4405.807617 4174.762695 25302.578125 
35769.363281 9685.357422 3811.718018 2133.859863 14309.882812 
40251.218750 4869.829590 3428.819824 2014.463745 17294.304688 
48478.000000 6946.921875 5490.521484 2398.536621 21254.810547 
46629.558594 8005.171875 6213.186523 3774.299805 32250.703125 
40845.984375 6288.860840 3350.870117 2713.754883 25055.253906 
41139.519531 6565.901367 4897.205078 3180.265381 22191.751953 
41406.281250 7512.357910 9561.613281 5613.082520 26803.904297 
