17473.744141 1233.995605 939.739563 768.462891 43083.574219 
17088.652344 1505.983521 976.932190 733.934326 34220.078125 
21257.191406 2376.814209 1999.463013 1402.121460 58549.199219 
12127.261719 1362.169556 774.875854 825.005981 44801.550781 
14569.314453 1309.519409 1177.049194 980.876282 30464.939453 
21599.724609 1837.041748 788.687439 716.540527 16383.474609 
19356.699219 2347.787842 1567.597656 1065.350098 26069.175781 
14422.587891 2545.214600 2527.275391 1441.946411 53390.789062 
43572.671875 3616.773682 2860.925293 1542.966797 12654.113281 
15456.763672 1150.267334 485.988007 333.815857 25785.603516 
36087.593750 2590.621338 1664.874023 1222.991699 15003.456055 
29719.585938 2019.451538 1246.572388 1091.950684 12103.083984 
