32176.277344 3875.913574 2174.474854 2359.834717 28062.675781 
34008.250000 4982.713867 3670.853271 2412.876709 14684.875000 
33429.199219 4693.829590 3740.446289 2971.943359 10345.701172 
31299.406250 3387.903564 2127.482666 1533.551636 26071.126953 
31231.792969 3055.896729 2028.648071 1846.420654 18539.613281 
30882.013672 4486.764648 4348.760254 2052.276855 8604.518555 
31358.964844 3303.251465 2082.739258 1967.659424 10600.630859 
34064.539062 3895.826660 2568.600098 1941.202393 19643.851562 
27805.724609 4453.625488 3211.428955 2067.488770 7540.456055 
29628.128906 5370.867188 2807.823486 2680.912354 19216.035156 
28845.769531 3505.079590 2075.000977 1520.348999 40241.937500 
38151.605469 4287.609863 3229.495605 3765.290283 10009.079102 
28997.128906 3378.209229 2276.389893 1576.150635 26032.283203 
30770.939453 3244.699951 1981.748535 1567.158813 10648.377930 
27609.390625 3219.869385 1691.104614 1424.683472 10574.484375 
29897.552734 3933.372314 2555.057617 1934.673584 11567.231445 
38231.496094 6746.408203 4549.297363 2682.911621 21490.224609 
29656.228516 4047.761475 2399.236816 1574.098877 33309.050781 
33730.558594 4245.242676 2698.567627 1684.046509 22265.953125 
28592.019531 3762.674316 2619.906250 1689.684692 16840.281250 
