77.677986 58.122421 52.643948 51.120827 52.896957 0.000000 
80.527214 63.957077 58.979473 56.442280 64.022820 0.000000 
76.325409 42.966961 48.128185 57.517788 64.015678 0.027976 
81.380699 63.996628 46.684502 50.226807 50.308273 0.000000 
70.101219 46.069511 50.186218 54.024933 65.774826 0.019782 
69.836311 48.568008 46.923256 58.432652 63.720089 0.019782 
73.889832 63.344044 67.983292 60.107208 58.790073 0.000000 
67.737961 42.174576 50.025814 57.766033 54.915272 0.027976 
80.138947 59.006893 62.144009 60.348721 51.675167 0.000000 
68.104370 45.670437 39.629436 51.790829 59.418385 0.027976 
74.223328 49.333084 46.183807 60.340923 60.546963 0.000000 
75.913689 56.021061 56.989056 58.270817 59.803154 0.000000 
66.800041 46.734718 47.305542 55.595764 61.294895 0.000000 
72.831383 72.414658 58.516792 62.014080 58.126396 0.019782 
74.231888 56.023972 55.276264 53.208748 51.775459 0.019782 
68.880684 41.673740 52.117821 57.520088 59.108665 0.019782 
65.902855 56.712395 54.118034 60.275814 61.385197 0.000000 
71.961845 44.732502 51.649433 55.018993 61.027821 0.000000 
69.682739 53.780392 57.482277 70.243744 70.939880 0.019782 
77.767365 62.993324 65.971512 72.403297 62.844162 0.019782 
