0.775353 0.009295 0.007585 0.008054 0.008005 
187.590576 0.988457 0.192429 0.179528 0.057663 
602.348450 74.159653 0.154796 0.014661 0.017688 
270.121857 399.384552 42.967365 0.157814 0.034271 
287.055786 298.267670 9.971043 0.491627 0.346095 
104.791939 149.661316 217.930695 178.440384 1.808989 
121.390114 115.002747 130.226059 150.235046 152.610168 
153.954590 45.032562 23.885567 10.437949 753.474609 
153.141403 35.544651 30.289677 27.132540 541.374512 
180.036850 27.820892 18.344427 9.484298 3504.122070 
259.125763 36.771294 6.583557 2.305217 4208.761719 
280.872925 37.118340 83.893387 2.570528 6499.490234 
320.835114 98.502281 99.133492 22.004335 10529.980469 
322.097778 120.321449 44.750053 4.244558 10521.296875 
302.162445 104.846481 42.012646 8.710258 42692.523438 
289.151520 167.215225 133.828003 121.031387 69625.164062 
367.330658 230.874023 112.223618 130.820175 31373.800781 
