433.069824 187.031693 71.104980 60.548512 6978.808105 
483.823853 278.430084 206.570633 215.840973 6806.300293 
444.085236 351.625244 327.094940 187.865921 9279.014648 
406.154022 250.088608 132.151428 99.907555 9928.081055 
488.375549 143.621338 43.696175 25.764204 7248.563477 
471.903290 185.168442 77.804977 58.436275 11004.950195 
425.494720 248.517441 126.004570 107.664391 8819.370117 
541.308716 253.215958 205.339966 601.016968 18418.091797 
488.753784 193.293015 90.393929 59.124207 12528.024414 
494.437836 214.392776 121.842522 61.280338 8643.548828 
