42611.667969 11668.054688 6175.262695 3643.745117 88418.859375 
48456.500000 9352.341797 5190.164062 3478.134521 72015.234375 
45566.097656 8559.305664 5983.927734 3849.541016 81317.671875 
42733.667969 10734.330078 7475.452637 4561.523926 51118.496094 
41365.820312 10907.798828 8892.750000 8076.118164 70686.351562 
47809.695312 8269.699219 6755.813477 6589.543457 128789.710938 
46544.375000 11311.592773 7316.461426 5430.280762 75164.812500 
53563.515625 15931.479492 11408.256836 10350.480469 203747.828125 
43980.867188 8249.763672 5294.799316 4739.753906 82239.546875 
53225.277344 16496.425781 12853.024414 9772.889648 153896.406250 
46895.515625 8901.687500 6440.537598 5356.667969 106830.046875 
47001.988281 14653.700195 11068.003906 9038.963867 109272.976562 
42448.242188 10673.813477 8827.946289 7648.228027 79891.640625 
46238.656250 8781.940430 6077.154785 5095.856445 107452.632812 
51627.703125 14354.779297 8457.250000 6298.955566 113272.156250 
48205.152344 15778.060547 10358.685547 6540.591797 115148.195312 
65606.578125 18134.205078 11688.232422 7332.049805 161886.968750 
48172.144531 12442.225586 8581.333984 6631.689941 121002.007812 
52137.765625 9161.929688 5508.794434 4342.395020 99953.671875 
49911.593750 11309.332031 8170.925781 5244.876953 86116.367188 
