89.799583 89.670059 89.947083 90.058975 90.034462 
89.936371 89.814873 89.852257 89.921883 89.996002 
89.895622 89.774307 89.967697 89.815697 89.907402 
89.992851 89.872910 90.314423 89.985497 89.762833 
89.919182 89.755577 89.929092 90.160957 90.137390 
89.905037 90.153030 89.783791 89.889954 89.666901 
89.891350 89.754036 90.202362 89.554688 89.920631 
89.891541 89.897240 89.586334 90.108063 89.836273 
89.813553 89.753914 90.007820 90.034225 89.955437 
89.917877 89.987106 89.712334 89.720154 90.213455 
89.899033 89.927551 89.450775 90.018127 89.736221 
89.832100 89.752205 89.848183 90.213287 89.846016 
89.819939 89.600754 90.137550 89.731354 89.906471 
89.940384 90.060715 90.127991 89.856758 89.972687 
89.764847 89.736145 90.239220 89.509872 89.968903 
89.857239 89.497803 89.881012 89.653259 90.098389 
90.068016 90.182312 90.409470 90.140663 90.034904 
89.839767 90.088554 89.848114 90.505341 89.638321 
89.968201 89.847504 90.018791 89.821152 89.754494 
90.007996 90.148102 89.930519 89.798653 89.906029 
