Episode: 1: [0.499      0.7753932  0.899      0.95427865 0.981     ] 
Episode: 11: [0.4992731  0.77613616 0.90051043 0.9566948  0.9783262 ] 
Episode: 21: [0.5072867  0.7845607  0.9094013  0.9656395  0.96915156] 
Episode: 31: [0.5051236 0.7847422 0.9129463 0.9685761 0.9659996] 
Episode: 41: [0.49983266 0.7815568  0.9130184  0.96657014 0.9679977 ] 
Episode: 51: [0.49582344 0.77966857 0.91202265 0.96840316 0.9661741 ] 
Episode: 61: [0.49096662 0.77771837 0.91023093 0.9695775  0.96505344] 
Episode: 71: [0.48791006 0.7757277  0.9088908  0.9704086  0.96425587] 
Episode: 81: [0.48503146 0.77393043 0.9075886  0.9709329  0.96377987] 
Episode: 91: [0.48200977 0.77308774 0.90691525 0.9713146  0.96345663] 
Episode: 101: [0.4772472  0.7696718  0.90378594 0.9720729  0.96279424] 
Episode: 111: [0.4762106  0.7709482  0.90515107 0.9718417  0.9630288 ] 
Episode: 121: [0.47303283 0.76964104 0.9039864  0.9720801  0.9628408 ] 
Episode: 131: [0.47181267 0.7687988  0.9033207  0.97219104 0.962761  ] 
Episode: 141: [0.47023284 0.76749015 0.9021745  0.97233796 0.9626452 ] 
Episode: 151: [0.46962884 0.76720077 0.9019905  0.97212875 0.9628543 ] 
Episode: 161: [0.46981415 0.7672662  0.9021056  0.97182536 0.96314764] 
Episode: 171: [0.4701628  0.76732635 0.90216124 0.9716044  0.9633606 ] 
Episode: 181: [0.4706491  0.7674192  0.90220565 0.9714121  0.9635471 ] 
Episode: 191: [0.47106564 0.7671838  0.9019102  0.9713116  0.9636525 ] 
Episode: 201: [0.47162214 0.76693434 0.90158594 0.97122693 0.963746  ] 
Episode: 211: [0.47275937 0.76682484 0.9012665  0.9711219  0.9638582 ] 
Episode: 221: [0.4751651  0.76704156 0.90100455 0.9710287  0.9639542 ] 
Episode: 231: [0.47540662 0.76731074 0.9008657  0.9711876  0.9638032 ] 
Episode: 241: [0.47476545 0.76754034 0.9008411  0.9714302  0.9635739 ] 
Episode: 251: [0.47643733 0.7685449  0.9011984  0.9717797  0.9632342 ] 
Episode: 261: [0.47964957 0.7697457  0.901283   0.97195345 0.96306586] 
Episode: 271: [0.48518312 0.77251166 0.90235716 0.9718905  0.96308196] 
Episode: 281: [0.4840434 0.771128  0.9012137 0.9724115 0.9626163] 
Episode: 291: [0.48889402 0.77584916 0.9055591  0.97080445 0.96401185] 
Episode: 301: [0.4885215  0.77366096 0.9054901  0.97019714 0.96508926] 
Episode: 311: [0.481915   0.76682204 0.90092564 0.97199416 0.9641485 ] 
Episode: 321: [0.479536   0.76413417 0.8979751  0.9743659  0.96218425] 
Episode: 331: [0.4785373  0.76299536 0.8961988  0.9758937  0.96088815] 
Episode: 341: [0.47813642 0.76246405 0.8951207  0.9768788  0.9600402 ] 
Episode: 351: [0.4780872  0.76213604 0.89393145 0.9775754  0.95942515] 
Episode: 361: [0.47755688 0.762471   0.89534664 0.97722775 0.9597731 ] 
Episode: 371: [0.4774848  0.7624803  0.8952137  0.97729194 0.9597212 ] 
Episode: 381: [0.47762653 0.76246464 0.89493555 0.9773727  0.95963556] 
Episode: 391: [0.47778824 0.7625495  0.89509314 0.9772538  0.95972216] 
Episode: 401: [0.47785002 0.762744   0.89563096 0.9769698  0.9599608 ] 
Episode: 411: [0.47791573 0.7629713  0.8961578  0.9766794  0.9602047 ] 
Episode: 421: [0.47816387 0.76306117 0.896109   0.9766097  0.96024066] 
Episode: 431: [0.4783282  0.7632288  0.89627707 0.976444   0.9603697 ] 
Episode: 441: [0.4784171  0.7634368  0.8965575  0.97621125 0.96056765] 
Episode: 451: [0.47846577 0.7636497  0.89692235 0.9759802  0.96075493] 
Episode: 461: [0.47851455 0.7638051  0.897416   0.97573894 0.9609524 ] 
Episode: 471: [0.47875363 0.7637888  0.89715666 0.97575796 0.9609133 ] 
Episode: 481: [0.47892323 0.76386946 0.8973114  0.9755695  0.96107244] 
Episode: 491: [0.4792816  0.76394725 0.8974904  0.9753486  0.9612576 ] 
Episode: 501: [0.4796328  0.76397955 0.897155   0.9752985  0.9612914 ] 
Episode: 511: [0.47566408 0.7653656  0.89535904 0.9756721  0.9610617 ] 
Episode: 521: [0.46593648 0.7701174  0.89463186 0.9757031  0.96124184] 
Episode: 531: [0.4620303  0.77255857 0.8964075  0.97518814 0.9617574 ] 
Episode: 541: [0.46064416 0.7721961  0.89565295 0.97560245 0.96146095] 
Episode: 551: [0.4601026 0.7720677 0.8956497 0.9756023 0.9615034] 
Episode: 561: [0.45989004 0.7724142  0.89651334 0.97510606 0.9619592 ] 
Episode: 571: [0.45992312 0.7725177  0.89720905 0.97452766 0.9624719 ] 
Episode: 581: [0.46001858 0.7726431  0.8979102  0.97380644 0.96311444] 
Episode: 591: [0.46012136 0.77278423 0.89877635 0.97275823 0.9640733 ] 
Episode: 601: [0.46022868 0.77291137 0.8997136  0.9716141  0.965133  ] 
Episode: 611: [0.46040782 0.7733266  0.9009276  0.9702427  0.96641064] 
Episode: 621: [0.46053994 0.7735878  0.9013341  0.9696594  0.9669521 ] 
Episode: 631: [0.46060833 0.7733028  0.9012499  0.9697114  0.966866  ] 
Episode: 641: [0.46067876 0.77385587 0.90218383 0.9702264  0.96626097] 
Episode: 651: [0.46081024 0.77400273 0.9028756  0.9687434  0.9676863 ] 
Episode: 661: [0.46092138 0.77459264 0.90382737 0.97134674 0.9649424 ] 
Episode: 671: [0.46094552 0.7746322  0.9046151  0.9716457  0.9645562 ] 
Episode: 681: [0.4612749  0.77490705 0.9055102  0.9711569  0.9649846 ] 
Episode: 691: [0.46134037 0.77547127 0.9070286  0.97061414 0.9654676 ] 
Episode: 701: [0.46129477 0.7752133  0.90736926 0.97024304 0.96582615] 
Episode: 711: [0.4615494 0.775565  0.9076584 0.9704298 0.9656087] 
Episode: 721: [0.46166775 0.7755842  0.9083286  0.9705797  0.96538395] 
Episode: 731: [0.4617757  0.77535707 0.90757966 0.97514516 0.96075666] 
Episode: 741: [0.4618993  0.77523166 0.90825284 0.97632504 0.95949   ] 
Episode: 751: [0.46211934 0.7760645  0.91088235 0.97622335 0.959437  ] 
Episode: 761: [0.46236303 0.77662003 0.9131358  0.9759346  0.95958537] 
Episode: 771: [0.46255216 0.7770567  0.9159874  0.9754156  0.95994824] 
Episode: 781: [0.4628248  0.77765965 0.9190195  0.9747508  0.9604312 ] 
Episode: 791: [0.46314216 0.7782256  0.9224602  0.9738745  0.9610949 ] 
Episode: 801: [0.4632785  0.7785564  0.92473674 0.97334117 0.9615132 ] 
Episode: 811: [0.46347606 0.7785133  0.92668974 0.9727417  0.9620127 ] 
Episode: 821: [0.46342066 0.7776052  0.9238246  0.9727582  0.9621948 ] 
Episode: 831: [0.46340224 0.77719784 0.92422765 0.9723653  0.9625995 ] 
Episode: 841: [0.4635232  0.77729005 0.9268029  0.9714324  0.96339846] 
Episode: 851: [0.46383393 0.7775119  0.92677915 0.97066045 0.9641807 ] 
Episode: 861: [0.46393448 0.7774061  0.92809266 0.9700312  0.9647539 ] 
Episode: 871: [0.4640716  0.77754766 0.92841727 0.9702925  0.9645047 ] 
Episode: 881: [0.4641735 0.7770744 0.9282445 0.969602  0.9652224] 
Episode: 891: [0.464203   0.77670527 0.9253054  0.97016567 0.96481323] 
Episode: 901: [0.4643672  0.7766884  0.92570496 0.9687966  0.96617955] 
Episode: 911: [0.46453628 0.77631927 0.92458624 0.9680649  0.96698266] 
Episode: 921: [0.46452972 0.77526915 0.9208263  0.97127986 0.9639092 ] 
Episode: 931: [0.4645154  0.7746962  0.9209444  0.97323984 0.96190196] 
Episode: 941: [0.4647164  0.7746104  0.92358077 0.9726006  0.9623787 ] 
Episode: 951: [0.46508506 0.7751266  0.9296473  0.9709023  0.96373   ] 
Episode: 961: [0.4655165  0.77626514 0.9347486  0.970835   0.96349686] 
Episode: 971: [0.4660709 0.77727   0.9378845 0.9704083 0.9637319] 
Episode: 981: [0.46631074 0.7771325  0.9414117  0.9697138  0.9642972 ] 
Episode: 991: [0.46643388 0.77639484 0.9363914  0.97122645 0.96321917] 
Episode: 1001: [0.46676803 0.77698356 0.93740004 0.9716765  0.962651  ] 
Episode: 1011: [0.46694604 0.7771013  0.9390968  0.97136104 0.96282357] 
Episode: 1021: [0.4671885  0.77731043 0.94200283 0.9703945  0.96354043] 
Episode: 1031: [0.46748552 0.7776014  0.94339365 0.9692666  0.96453124] 
Episode: 1041: [0.46792784 0.77839637 0.94326043 0.9697374  0.9640149 ] 
Episode: 1051: [0.4681409 0.7788999 0.9388026 0.971886  0.9622302] 
Episode: 1061: [0.4684295  0.77901244 0.94031674 0.97124773 0.96269286] 
Episode: 1071: [0.46911582 0.77911854 0.9393534  0.97054803 0.96352845] 
Episode: 1081: [0.46945187 0.77921736 0.93685466 0.9713872  0.96289474] 
Episode: 1091: [0.46974587 0.77934855 0.9374264  0.97135085 0.96281374] 
Episode: 1101: [0.4703422  0.7786254  0.9365637  0.9705165  0.96390295] 
Episode: 1111: [0.47104177 0.7789882  0.9346935  0.971695   0.9628905 ] 
Episode: 1121: [0.47191352 0.78035575 0.9339529  0.973011   0.96149635] 
Episode: 1131: [0.47259736 0.78183913 0.9359155  0.9732342  0.96092033] 
Episode: 1141: [0.47298086 0.7824864  0.9390248  0.972614   0.96112156] 
Episode: 1151: [0.47250038 0.7802855  0.9387489  0.97246283 0.9614889 ] 
Episode: 1161: [0.4716617 0.7773508 0.9386587 0.9720891 0.9621084] 
Episode: 1171: [0.47155073 0.7765889  0.93965536 0.9712632  0.96285385] 
Episode: 1181: [0.4711837 0.7749607 0.9410323 0.969926  0.9641935] 
Episode: 1191: [0.47085428 0.77315235 0.9406463  0.9687001  0.9656219 ] 
