88.353127 84.356262 86.318359 70.426338 64.081001 0.000000 
95.278900 89.886421 84.192299 91.410530 78.030991 0.000000 
86.153046 92.024437 91.117805 71.301544 88.090637 0.027976 
90.760025 85.698448 74.526093 88.252823 107.805748 0.019782 
86.220642 88.392616 92.478622 92.357513 69.012596 0.000000 
94.334213 86.981453 85.058502 93.127098 79.209358 0.000000 
88.057076 80.252823 69.968483 70.847778 79.932716 0.019782 
91.460838 84.557793 87.389992 82.725159 80.741150 0.019782 
86.037315 99.446365 89.493172 95.988716 83.465904 0.000000 
90.140579 81.416405 80.493011 73.620705 65.598213 0.019782 
94.123116 75.761078 85.099060 84.973099 77.840469 0.000000 
91.189972 78.408989 66.031715 86.335693 75.350624 0.000000 
88.602798 74.888283 83.390167 80.579353 76.751122 0.000000 
92.648827 88.879211 86.964745 79.277588 92.366257 0.027976 
91.100319 80.679115 73.861961 82.010643 88.692062 0.000000 
87.480652 87.894684 90.874985 83.666367 89.525452 0.000000 
89.533569 75.179688 73.528862 72.828583 75.860947 0.000000 
94.681122 89.258194 87.622902 83.139572 77.990082 0.000000 
93.836952 76.225998 70.807915 60.274323 76.672630 0.000000 
87.982079 83.574928 71.754150 79.723549 81.006599 0.000000 
