83.821404 85.615349 86.486992 86.141159 74.945923 
85.235596 86.976837 88.371445 86.322342 72.031593 
84.213753 84.836159 86.093262 85.779694 76.011627 
85.042084 87.234871 87.987854 84.964005 72.103981 
86.012306 88.163574 88.465546 87.667236 74.441849 
86.055771 89.041992 90.378029 90.865646 73.704979 
86.719872 90.738029 91.695320 88.212799 71.782455 
84.225250 86.705017 87.456718 86.859062 77.093681 
85.957741 86.410789 86.997223 86.208275 71.678612 
85.985664 87.111618 87.624817 86.546387 68.054604 
84.560516 86.222206 88.138382 85.903358 72.994057 
85.179710 85.131668 86.662292 85.131409 72.265076 
84.779984 87.193642 89.648636 88.848106 72.586403 
84.298103 85.127731 84.033806 81.858208 68.523651 
83.406250 84.777107 86.585442 84.358749 71.267159 
85.743927 87.352982 87.817741 87.314705 70.612923 
85.782440 86.517647 87.339211 85.889122 72.790794 
86.899452 87.231506 87.210602 84.595535 66.057327 
85.797478 87.790901 88.248871 89.332741 72.403641 
85.279892 84.975578 86.535133 82.786613 69.024323 
