62779.855469 14306.106445 10596.456055 6279.479004 47687.832031 
60597.773438 10455.154297 9843.547852 9107.381836 35914.835938 
69470.515625 11104.184570 5672.756348 4151.425293 19566.837891 
64029.570312 9308.067383 8290.258789 7116.894043 43898.742188 
51565.390625 9455.345703 11580.874023 5315.154297 17136.792969 
66303.015625 10098.910156 6866.553711 3352.155273 18457.462891 
55341.714844 7137.595215 5175.193848 4250.948242 33698.234375 
62849.132812 16005.355469 10329.467773 4459.642578 31662.013672 
57718.304688 7888.535645 7586.739258 4614.712891 27381.154297 
58413.277344 8972.208008 7455.333984 5232.282715 22280.076172 
59229.230469 9224.165039 6771.713379 6701.041016 34695.515625 
53147.964844 10595.749023 12180.550781 9980.984375 32975.371094 
61208.378906 8497.360352 5356.693848 5255.934570 39122.925781 
55299.445312 14916.800781 7139.368164 4902.390625 26160.248047 
56065.828125 8953.969727 7414.547363 4876.723633 29664.996094 
65251.207031 15779.618164 9086.980469 3409.480713 19949.980469 
59298.648438 8711.989258 6609.265137 5715.210938 28875.388672 
70237.875000 13147.178711 7827.755371 4720.286133 36309.214844 
57136.535156 9050.210938 6776.974121 3168.347656 33413.722656 
61857.246094 11185.734375 10132.311523 6830.553711 29309.611328 
