25.136271 16.855808 17.811998 21.492828 25.286963 0.000000 
35.307266 28.297865 32.759579 34.998585 28.071693 0.000000 
24.387169 16.066326 17.823240 17.438070 15.005886 0.027976 
33.323818 19.868040 20.483568 25.518890 25.911741 0.000000 
44.923222 28.201431 26.156923 27.202812 21.079708 0.000000 
37.975868 16.533682 16.769442 20.202265 16.429726 0.000000 
29.922546 16.128389 16.491230 17.334101 15.834832 0.000000 
27.858025 16.226561 18.999720 21.749739 18.993689 0.000000 
34.043201 15.601377 14.545544 17.608761 25.085142 0.019782 
27.039600 13.914792 13.069637 14.980660 14.179605 0.027976 
33.695972 21.269094 23.877644 27.866678 28.073391 0.000000 
33.232815 20.277988 17.487278 18.183968 16.200287 0.000000 
27.819456 16.762621 17.843769 20.496349 23.998249 0.019782 
30.408697 18.759827 18.483425 19.250532 19.751427 0.000000 
32.758537 21.617376 23.045929 27.967840 28.387712 0.000000 
31.052452 20.967924 21.631260 23.652895 13.015248 0.019782 
31.927799 17.009159 17.240473 20.349977 18.686769 0.000000 
22.938133 12.230112 12.531094 14.824242 15.601453 0.000000 
26.481195 13.941820 13.972247 17.658014 15.511373 0.000000 
29.749821 15.804214 17.536299 19.754316 20.981699 0.000000 
