82.156052 60.381042 63.553391 70.823677 66.279411 0.000000 
80.573349 72.651016 78.903419 78.826866 75.243935 0.000000 
77.918510 63.438541 68.681602 69.119431 73.058815 0.000000 
77.440636 61.265884 78.970551 73.183189 82.557915 0.019782 
77.425774 52.218964 62.172810 58.997494 76.063087 0.000000 
78.003601 60.978828 66.554688 63.311283 75.825119 0.034264 
74.430946 65.359634 62.759975 66.492851 80.984489 0.027976 
90.438026 54.906368 59.274837 62.104649 70.669739 0.000000 
76.991501 57.980476 50.241909 66.072533 70.999336 0.019782 
80.261482 70.258339 72.330620 72.264381 81.543007 0.000000 
79.539574 59.074467 64.733772 66.960312 77.811943 0.000000 
81.036690 49.113152 61.036354 59.473972 62.390251 0.000000 
82.785027 59.013386 68.962379 63.434998 76.155487 0.000000 
81.112007 66.569878 62.959126 67.158966 75.517265 0.000000 
84.134651 78.417107 66.280167 62.493481 79.099236 0.027976 
76.223145 60.441200 65.180954 67.658600 81.604820 0.000000 
83.715561 71.247299 76.159958 73.310921 74.427643 0.000000 
87.175056 69.344757 72.262337 85.046570 73.533737 0.000000 
82.041969 65.469246 60.372948 65.151878 67.643898 0.027976 
79.152870 57.435844 53.752705 59.305542 66.750656 0.000000 
