3.829233 
3.839057 
3.795577 
3.883295 
3.877253 
3.840629 
3.845937 
3.798680 
3.853423 
3.876648 
3.838821 
3.841268 
3.824931 
3.825011 
3.860737 
3.878055 
3.860375 
3.808305 
3.850636 
3.840663 
3.870400 
3.834274 
3.822935 
3.827681 
3.805017 
3.845311 
3.817424 
3.816972 
3.845405 
3.799192 
3.764044 
3.819144 
3.809300 
3.802712 
3.753399 
3.655785 
3.677292 
3.764555 
3.650095 
3.615930 
3.584977 
3.772641 
3.330552 
3.643301 
3.580988 
3.752347 
3.536685 
3.498540 
3.471552 
3.354709 
3.710745 
3.025719 
2.271060 
2.640280 
4.516254 
1.981761 
3.794107 
3.850148 
3.850148 
3.786103 
3.796419 
3.777915 
3.864404 
3.850148 
7.216993 
3.850148 
3.807558 
2.509224 
4.584145 
3.846418 
3.829731 
3.850148 
3.808748 
3.852810 
3.852950 
3.850148 
3.853101 
3.850148 
3.704255 
3.850148 
3.850148 
3.850148 
3.777005 
3.761024 
3.872490 
3.783565 
3.842881 
3.900984 
3.856869 
3.776900 
3.824003 
3.788684 
3.765621 
3.799289 
3.815543 
3.785154 
3.850148 
3.780849 
3.713792 
3.847747 
3.762874 
3.807736 
3.829484 
3.850148 
3.812502 
3.788471 
3.850162 
3.792397 
3.846539 
3.815600 
3.871355 
3.854443 
3.846730 
3.820485 
3.851823 
3.739175 
3.750367 
3.714136 
3.850148 
3.761331 
3.868432 
3.850148 
3.850147 
3.784166 
3.901849 
3.773913 
3.751018 
3.824846 
3.686787 
3.830391 
3.733803 
3.792751 
3.846875 
3.726865 
3.836793 
3.785303 
3.757158 
3.859645 
3.780828 
3.822544 
3.802689 
3.736982 
3.737375 
3.873131 
3.840951 
3.794322 
3.738610 
3.808613 
3.786482 
3.793140 
3.826164 
3.802639 
3.850133 
3.850148 
3.817639 
3.753787 
3.674687 
3.744985 
3.843264 
3.850146 
3.830951 
3.772738 
3.747356 
3.782229 
3.880881 
3.813044 
3.733515 
3.820907 
3.850148 
3.745911 
3.731610 
3.723216 
3.823758 
3.755271 
3.756423 
3.739698 
3.792151 
3.810073 
3.850148 
3.817432 
3.799663 
3.747477 
3.732751 
3.826524 
3.764545 
3.809500 
3.850148 
3.859246 
3.745067 
3.820226 
3.740541 
3.850820 
3.850148 
3.810819 
3.872477 
3.768368 
3.699278 
3.865536 
3.774336 
3.797234 
3.702500 
3.707544 
3.817970 
3.782715 
3.702142 
3.850148 
3.865329 
3.876732 
3.844177 
3.777831 
3.670488 
3.820856 
3.801100 
3.738711 
3.820630 
3.732254 
3.727308 
3.735600 
3.879021 
3.858829 
3.802847 
3.762080 
3.755002 
3.777767 
3.836106 
3.868265 
3.733954 
