76.278809 70.044312 70.547615 67.995193 67.482742 70.058014 71.291039 73.117149 69.155052 64.334641 0.000000 
74.752792 64.327385 68.243629 71.718819 77.457603 74.837852 79.022331 79.999817 83.424736 79.448349 0.000000 
69.776627 55.612190 56.158272 53.685497 58.447887 61.042381 65.330917 67.310547 66.663994 70.122803 0.000000 
59.159081 37.373047 41.246132 54.177879 60.393879 63.318130 68.375313 68.115196 73.988609 74.353790 0.000000 
79.592285 75.284622 70.093323 69.099739 65.871803 66.972954 63.841228 67.522469 67.779968 70.182449 0.000000 
81.450890 70.178436 63.506615 68.982399 65.027199 67.594200 71.521095 77.913132 72.485886 74.752838 0.000000 
83.320114 86.390930 92.842201 92.688606 87.487556 84.918808 84.690567 84.050591 86.767845 70.369728 0.000000 
80.301987 73.435188 77.136909 72.742188 75.112068 75.084694 73.393082 68.020462 68.704842 66.873611 0.000000 
85.361328 79.721680 83.032982 84.123878 84.431992 80.433350 81.118240 80.684090 75.986702 65.086494 0.000000 
81.275215 77.828979 79.089500 79.774895 80.091896 84.009453 80.540398 74.177414 81.392395 71.067024 0.000000 
69.260468 62.940769 56.649513 59.077545 65.505417 63.394543 71.798897 74.287971 70.785057 66.717812 0.000000 
75.738106 74.126823 76.808563 74.608978 74.847893 78.154358 83.637405 72.565277 71.149986 57.538097 0.019782 
74.346077 60.332970 58.838905 58.844784 62.335190 64.482964 63.880402 74.120659 73.341026 68.914833 0.000000 
74.082657 66.267693 67.719246 70.628845 74.585243 74.995239 78.004539 69.790512 69.638199 59.212990 0.000000 
78.699074 70.056702 72.833076 76.903549 73.704849 72.295563 71.817635 78.296883 70.991478 63.979576 0.000000 
67.606514 63.909752 61.771324 65.482437 67.894630 68.363373 70.844139 74.397820 77.757446 69.472244 0.000000 
79.995049 76.790016 75.510208 75.014389 74.542679 76.000015 79.655724 74.697403 67.725136 69.834297 0.000000 
73.078537 51.891014 56.271282 61.365276 65.953163 69.841713 68.375565 72.361183 74.391045 77.129868 0.000000 
78.838326 67.134590 66.491234 75.384544 73.417793 71.583000 72.286499 75.907730 77.854347 67.831741 0.019782 
70.400681 59.203171 59.186222 60.487732 64.357918 62.558800 60.729706 72.365799 71.507744 67.200356 0.019782 
