3.870796 
3.815560 
3.780610 
3.871317 
3.729638 
3.895782 
3.771318 
1944.255493 
3.758232 
3.695443 
3.887521 
3.767636 
5.761861 
189.784546 
116.202835 
3.225335 
3.745562 
13.708876 
84.313240 
106.424049 
3.850148 
54.444191 
20.385727 
5.923390 
12.584294 
34.479828 
58.243908 
108.782303 
461.360229 
72.053551 
418.026794 
4.130618 
53.572689 
8.252124 
3.850122 
16.070522 
6.571481 
35.973293 
558.850952 
3.748698 
3.850267 
3.811608 
3.757270 
3.810790 
3.864208 
99.474144 
758.605957 
82.766037 
91.127342 
2.358481 
100.655548 
359.797455 
5.992278 
3.496214 
428.620789 
3.141127 
3.904537 
45.808060 
3.769537 
3.716127 
846.472046 
4.711541 
3.891393 
3.860704 
3.764310 
3.737828 
2.912443 
17.268810 
4.125058 
3.830478 
54.955746 
3.719158 
3.986815 
nan 
