1504071.375000 726830.750000 742689.625000 831913.812500 34153.382812 
2108662.500000 984208.562500 3525665.000000 203134.625000 2944.228516 
2054270.625000 9093041.000000 1475154.375000 675079.500000 5255.160156 
3717207.000000 15996371.000000 3166509.000000 520043.812500 25160.966797 
1607863.625000 849051.125000 1079912.750000 103606.914062 1090.616943 
821616.187500 631249.437500 373828.500000 146544.968750 19388.523438 
6717898.500000 7225465.000000 1786716.875000 420715.593750 12479.708984 
1369086.250000 241509.468750 193104.062500 50771.265625 5824.568848 
5578615.000000 5894318.500000 959045.812500 488376.687500 5194.308105 
2091652.125000 1581703.500000 280436.000000 150265.468750 16019.889648 
1461524.000000 637435.312500 1311074.500000 169241.046875 22778.296875 
1313387.625000 787555.375000 1187507.500000 795289.062500 16939.359375 
998950.250000 311134.687500 1599227.875000 93023.570312 8865.274414 
2475486.500000 619724.125000 122092.320312 259384.734375 3365.325928 
2518577.500000 1425507.125000 668477.375000 30436.517578 126.884766 
1636209.500000 513601.781250 257661.234375 328787.031250 20183.917969 
986027.937500 511537.062500 555497.937500 146947.968750 4183.077148 
2016199.250000 658734.937500 985457.812500 364933.906250 7379.778809 
2322502.250000 573260.375000 552693.937500 125184.929688 13809.100586 
1945486.625000 183084.875000 161920.703125 395892.125000 11759.083984 
